0.07188200950622559
0.0347752571105957
0.042680978775024414
0.12990927696228027
0.0874791145324707
0.10773897171020508
0.04442405700683594
0.08187389373779297
0.06664204597473145
0.09819436073303223
0.24196147918701172
0.060480356216430664
0.19031190872192383
0.28344202041625977
0.13786864280700684
0.21084380149841309
0.10377311706542969
0.2140960693359375
0.1890852451324463
0.20999383926391602
0.08678722381591797
0.180861234664917
0.21851325035095215
0.36832308769226074
0.16628670692443848
0.2180778980255127
0.31272459030151367
0.13486623764038086
0.14775371551513672
0.21453309059143066
0.29102373123168945
0.47072768211364746
0.33005738258361816
0.24331307411193848
0.2373344898223877
0.2295522689819336
0.17606711387634277
0.3388545513153076
0.22604060173034668
0.4017786979675293
0.316378116607666
0.2797718048095703
0.5459368228912354
0.2922224998474121
0.5695285797119141
0.42054319381713867
0.4013221263885498
0.551764965057373
0.26599764823913574
0.5943686962127686
0.575685977935791
0.411881685256958
0.31814050674438477
0.6101067066192627
0.3263394832611084
0.3571207523345947
0.35370349884033203
0.4939560890197754
0.5732741355895996
0.6250131130218506
0.3809168338775635
0.687255859375
0.5568246841430664
0.413898229598999
0.5637538433074951
0.7438755035400391
0.5555942058563232
0.7381331920623779
0.47739553451538086
0.4841289520263672
0.6110644340515137
0.5412158966064453
0.5454158782958984
0.3800961971282959
0.39104580879211426
0.49089789390563965
0.7689528465270996
0.4546525478363037
0.5844058990478516
0.4986717700958252
0.5989608764648438
0.4707334041595459
0.926048755645752
0.42811036109924316
0.6541266441345215
0.463623046875
0.9248840808868408
0.929786205291748
0.5207901000976562
0.7661511898040771
0.6586012840270996
0.43660998344421387
0.7208437919616699
0.9062306880950928
0.9379475116729736
0.588883638381958
0.6226921081542969
0.8497538566589355
0.6034016609191895
0.4484877586364746
0.674567699432373
0.7559425830841064
1.2029504776000977
0.687248706817627
0.4954648017883301
1.0591099262237549
0.8317904472351074
0.5803642272949219
1.016252040863037
0.6063947677612305
0.9459340572357178
0.5551836490631104
0.7964029312133789
0.7549233436584473
0.717627763748169
0.6774730682373047
0.7525041103363037
0.6659855842590332
0.6413400173187256
1.545804738998413
1.2645940780639648
0.8765795230865479
1.0826044082641602
0.7359213829040527
1.008268117904663
0.710620641708374
0.6474699974060059
0.6407761573791504
0.8246405124664307
0.9294443130493164
1.2771553993225098
0.6436653137207031
0.9696950912475586
1.0328738689422607
0.9393932819366455
0.8517484664916992
0.9104106426239014
1.0587728023529053
1.101684331893921
0.7625012397766113
0.9255318641662598
0.8982248306274414
1.03761625289917
1.515655517578125
1.2658514976501465
1.4094407558441162
0.797046422958374
0.8192839622497559
1.036588191986084
1.5490524768829346
1.8711512088775635
1.5175721645355225
0.7837162017822266
1.1322145462036133
1.6154475212097168
1.3401143550872803
1.5680370330810547
0.657489538192749
1.257662296295166
1.3236658573150635
0.931168794631958
0.9887182712554932
0.9329624176025391
0.8216936588287354
1.547532558441162
0.9808967113494873
1.2894189357757568
1.171072006225586
1.2927663326263428
0.8932430744171143
1.866241693496704
1.4569733142852783
0.9534177780151367
1.0089635848999023
0.9593634605407715
0.8508832454681396
1.195930004119873
1.6120426654815674
1.7492632865905762
1.78857421875
0.94736647605896
1.70157790184021
0.7823145389556885
1.7724800109863281
1.812140941619873
1.343679428100586
1.0565459728240967
1.214097499847412
1.5126264095306396
1.6124088764190674
1.341773271560669
1.4701063632965088
0.8671398162841797
0.9184901714324951
1.088578224182129
1.163766860961914
1.265425682067871
1.066702127456665
1.2690048217773438
0.9537303447723389
1.0593173503875732
1.3474738597869873
1.5445008277893066
1.4082789421081543
1.7286927700042725
1.6072866916656494
1.0456559658050537
0.9774777889251709
1.2096290588378906
1.0710654258728027
2.172419786453247
1.7740306854248047
1.0286509990692139
1.299330711364746
1.3591225147247314
1.4298737049102783
1.8772246837615967
1.8919627666473389
1.393273115158081
1.6139020919799805
1.547184944152832
2.4616219997406006
1.3551266193389893
2.0552282333374023
1.3738205432891846
1.9521949291229248
1.8847267627716064
1.1483759880065918
1.9917209148406982
1.7151119709014893
2.286874532699585
1.2998266220092773
2.1192970275878906
1.059777021408081
1.2746856212615967
1.3875610828399658
2.0112318992614746
1.775456428527832
2.7370471954345703
1.745739459991455
