0.04896092414855957
0.007121562957763672
0.014526844024658203
0.03348898887634277
0.05092668533325195
0.03982186317443848
0.009369611740112305
0.02104640007019043
0.018249988555908203
0.01252889633178711
0.06984066963195801
0.01643085479736328
0.07654857635498047
0.059600830078125
0.034934282302856445
0.02761054039001465
0.012778043746948242
0.04072284698486328
0.01860499382019043
0.011975526809692383
0.008829355239868164
0.010172128677368164
0.04199838638305664
0.04850625991821289
0.020721912384033203
0.01331019401550293
0.05994391441345215
0.029306650161743164
0.013372659683227539
0.04592275619506836
0.02052783966064453
0.04204559326171875
0.06175088882446289
0.05031752586364746
0.026067256927490234
0.013963699340820312
0.01320505142211914
0.047788381576538086
0.022655248641967773
0.029951810836791992
0.06507682800292969
0.023134708404541016
0.07174897193908691
0.0193939208984375
0.057604074478149414
0.11798405647277832
0.014794111251831055
0.04162168502807617
0.04273390769958496
0.09273719787597656
0.030411481857299805
0.05178117752075195
0.028942346572875977
0.06882452964782715
0.03176093101501465
0.04321098327636719
0.015004158020019531
0.1097710132598877
0.030472278594970703
0.028815031051635742
0.019312381744384766
0.029799699783325195
0.0552821159362793
0.03539609909057617
0.13880658149719238
0.045530080795288086
0.039855003356933594
0.04197859764099121
0.03456592559814453
0.023741960525512695
0.04065084457397461
0.049056291580200195
0.02892470359802246
0.04961228370666504
0.012223005294799805
0.02222418785095215
0.06553483009338379
0.02631068229675293
0.023787260055541992
0.037137508392333984
0.05610203742980957
0.03570842742919922
0.08133578300476074
0.04377341270446777
0.03318214416503906
0.045070648193359375
0.055589914321899414
0.053047895431518555
0.0410459041595459
0.051016807556152344
0.023225069046020508
0.024773836135864258
0.02230978012084961
0.01743793487548828
0.056760549545288086
0.028670072555541992
0.037648677825927734
0.1267409324645996
0.019798994064331055
0.015109062194824219
0.04131579399108887
0.021401405334472656
0.13300395011901855
0.03638935089111328
0.018793582916259766
0.055585384368896484
0.0186460018157959
0.033704280853271484
0.02004075050354004
0.018407583236694336
0.03788328170776367
0.022209644317626953
0.0825493335723877
0.04282402992248535
0.023900747299194336
0.07279396057128906
0.04658937454223633
0.026775836944580078
0.06328201293945312
0.040099382400512695
0.03769278526306152
0.024960994720458984
0.057732343673706055
0.05130457878112793
0.052490949630737305
0.1175527572631836
0.021532535552978516
0.017322301864624023
0.02698373794555664
0.026174545288085938
0.029054641723632812
0.0304412841796875
0.04487276077270508
0.07635974884033203
0.08107900619506836
0.012689590454101562
0.04951882362365723
0.055891990661621094
0.052781105041503906
0.027730226516723633
0.031071901321411133
0.04205155372619629
0.04326510429382324
0.04299783706665039
0.059767961502075195
0.05767345428466797
0.08380913734436035
0.06456971168518066
0.08487176895141602
0.20264387130737305
0.016469717025756836
0.08393669128417969
0.02781200408935547
0.034169673919677734
0.01596379280090332
0.10736393928527832
0.08239173889160156
0.02460169792175293
0.038060665130615234
0.029033184051513672
0.02652263641357422
0.020462751388549805
0.018364906311035156
0.017765283584594727
0.15944170951843262
0.023135662078857422
0.07963848114013672
0.031600236892700195
0.04430127143859863
0.030169963836669922
0.07907533645629883
0.05883002281188965
0.06498146057128906
0.023940563201904297
0.05511069297790527
0.018133878707885742
0.02037334442138672
0.04978227615356445
0.028493404388427734
0.0292208194732666
0.02644181251525879
0.12119197845458984
0.026869773864746094
0.07503437995910645
0.12576866149902344
0.04030013084411621
0.021112918853759766
0.06053781509399414
0.05079483985900879
0.02933335304260254
0.02862381935119629
0.03617453575134277
0.021375656127929688
0.0330502986907959
0.02476215362548828
0.07326459884643555
0.0249786376953125
0.02714228630065918
0.03639864921569824
0.05040287971496582
0.02954268455505371
0.041193485260009766
0.06257820129394531
0.039165496826171875
0.0773322582244873
0.06501603126525879
0.03197979927062988
0.02780437469482422
0.03590059280395508
0.06081676483154297
0.02733778953552246
0.061920166015625
0.053558349609375
0.039650917053222656
0.09021162986755371
0.05276656150817871
0.08608317375183105
0.06956934928894043
0.06911015510559082
0.04797244071960449
0.0546417236328125
0.028478622436523438
0.040749549865722656
0.045737504959106445
0.04699897766113281
0.03451037406921387
0.08439159393310547
0.025281667709350586
0.041261911392211914
0.10564637184143066
0.03751373291015625
0.024173259735107422
0.04163336753845215
0.0400540828704834
0.037894487380981445
0.05193328857421875
0.07750415802001953
0.10968875885009766
0.034801483154296875
0.04488229751586914
