0.13705825805664062
0.06869745254516602
0.056002140045166016
0.2791767120361328
0.28870606422424316
0.26595425605773926
0.17318105697631836
0.2856931686401367
0.22388291358947754
0.23386788368225098
0.2883434295654297
0.39311718940734863
0.4285895824432373
0.7187080383300781
0.3536343574523926
0.5946352481842041
0.19386768341064453
0.8007934093475342
0.4014155864715576
0.5591504573822021
0.2212810516357422
0.4221069812774658
0.657451868057251
1.2436962127685547
0.6207320690155029
0.5781433582305908
0.715181827545166
0.6989352703094482
0.3526580333709717
0.7016839981079102
0.44245195388793945
0.9475929737091064
1.014286994934082
0.725151777267456
0.6244893074035645
0.5852401256561279
0.4790959358215332
0.8892881870269775
0.3814246654510498
0.9893443584442139
0.9131364822387695
0.6933298110961914
1.569488525390625
1.1565849781036377
1.4005749225616455
1.2203948497772217
0.8658168315887451
1.4963188171386719
0.5696475505828857
1.550447940826416
1.609708547592163
1.2189435958862305
0.9946515560150146
1.366734266281128
0.832082986831665
0.9130368232727051
1.015564203262329
1.661391019821167
1.8159074783325195
1.810145378112793
0.8350026607513428
1.744964361190796
1.2779486179351807
1.0201783180236816
1.617025375366211
2.4832353591918945
1.4763972759246826
2.227170944213867
0.969261646270752
1.1025314331054688
1.3821947574615479
1.6060891151428223
1.5379433631896973
1.0761923789978027
0.8481743335723877
1.3029298782348633
1.841109275817871
1.6094787120819092
1.6337649822235107
1.2475404739379883
1.8051183223724365
1.1496188640594482
2.540496349334717
1.221198558807373
1.7739970684051514
1.7408761978149414
2.3903098106384277
1.6366817951202393
1.1895337104797363
1.52370285987854
1.944697380065918
0.9294342994689941
1.6928973197937012
2.384669780731201
2.962157964706421
1.4257333278656006
1.838442325592041
2.978914499282837
1.595733880996704
1.46343994140625
1.6986255645751953
1.8065953254699707
2.843268632888794
1.742438793182373
1.2390856742858887
2.6468756198883057
2.3693008422851562
1.2020998001098633
2.9858760833740234
1.4394760131835938
2.217790126800537
1.254364252090454
2.4089879989624023
1.9800043106079102
1.5889816284179688
2.1817760467529297
1.900273084640503
1.9173583984375
1.7069694995880127
3.9903693199157715
3.726317882537842
2.4403111934661865
2.403380870819092
1.9535479545593262
2.6229476928710938
1.65687894821167
1.9831209182739258
1.6781327724456787
1.8508119583129883
2.225931167602539
3.7063045501708984
1.6442797183990479
2.447789192199707
2.6408627033233643
2.125277519226074
2.107856035232544
2.465132713317871
3.010451316833496
3.3435683250427246
2.27514910697937
2.227665424346924
2.483388662338257
2.764421224594116
3.675987482070923
3.161917209625244
3.004953622817993
1.9691557884216309
2.1011850833892822
2.5322749614715576
3.970439910888672
4.924870491027832
5.241188287734985
2.4124045372009277
3.657365322113037
4.682014465332031
3.631657600402832
4.028746604919434
1.960688591003418
2.950725793838501
3.7757043838500977
2.199540853500366
2.4964945316314697
2.2833707332611084
2.0769009590148926
4.5592827796936035
2.2511065006256104
2.9738497734069824
3.8242814540863037
2.9480397701263428
2.487746477127075
3.729285955429077
4.0129852294921875
2.2390029430389404
2.700979232788086
2.498598337173462
2.379491090774536
3.186222791671753
3.9059712886810303
4.589189291000366
5.520297527313232
2.5611732006073
4.5759053230285645
1.974921464920044
5.24543309211731
4.526970863342285
3.6313583850860596
2.5218911170959473
2.947631359100342
4.061511993408203
3.851346969604492
3.0932013988494873
4.0762107372283936
2.5272815227508545
2.290703773498535
2.743197441101074
2.9507651329040527
2.6980085372924805
2.8891758918762207
3.1634435653686523
2.5232443809509277
3.377872943878174
3.3893282413482666
4.768383979797363
4.073715448379517
4.844775676727295
4.486698389053345
2.6057682037353516
2.7837719917297363
3.0648136138916016
3.1699750423431396
5.901594161987305
5.335082292556763
2.619941234588623
3.310340642929077
3.481095314025879
3.5756611824035645
4.918747901916504
4.721977472305298
4.031524181365967
4.984127998352051
4.13015604019165
5.868007183074951
3.1647748947143555
5.417409181594849
3.4308760166168213
4.375823974609375
4.803189754486084
3.547421932220459
5.360646963119507
4.294092178344727
6.1213109493255615
3.321239948272705
5.118238925933838
2.666539192199707
3.3547897338867188
4.8709657192230225
6.439568042755127
4.999422788619995
7.8973610401153564
4.443639278411865
