49.23725128173828
92.41628646850586
141.22319221496582
100.31652450561523
83.64653587341309
58.959007263183594
68.47453117370605
121.0176944732666
39.02411460876465
90.40451049804688
121.51002883911133
211.49706840515137
142.66133308410645
145.2467441558838
180.3569793701172
132.9193115234375
98.43158721923828
132.74836540222168
188.60268592834473
165.50827026367188
116.75667762756348
299.6857166290283
297.1198558807373
229.05349731445312
196.8088150024414
326.99108123779297
341.42351150512695
273.3268737792969
360.7492446899414
569.230318069458
292.773962020874
506.6859722137451
257.08818435668945
209.14316177368164
309.0472221374512
164.66999053955078
268.99242401123047
365.903377532959
228.3005714416504
224.06983375549316
346.2204933166504
192.07763671875
249.34101104736328
276.0138511657715
289.8826599121094
359.94458198547363
660.9320640563965
170.8838939666748
317.1873092651367
408.77795219421387
272.7968692779541
259.2771053314209
477.57411003112793
714.8444652557373
437.49380111694336
608.1955432891846
454.6535015106201
339.3886089324951
574.6669769287109
396.65937423706055
316.27726554870605
371.95849418640137
379.5332908630371
707.5519561767578
315.2923583984375
546.2102890014648
330.48367500305176
518.6412334442139
742.6033020019531
590.5826091766357
345.98231315612793
453.5040855407715
538.3946895599365
377.05302238464355
512.4084949493408
408.77580642700195
246.98686599731445
721.9793796539307
458.8780403137207
546.8792915344238
976.0808944702148
777.0969867706299
712.7685546875
674.2963790893555
671.9968318939209
787.9700660705566
453.83477210998535
708.5931301116943
635.9455585479736
689.0833377838135
962.6696109771729
459.89537239074707
535.9604358673096
550.2824783325195
771.4262008666992
668.2984828948975
972.3958969116211
624.2465972900391
1016.4713859558105
961.7953300476074
601.2728214263916
647.5002765655518
577.4781703948975
887.6404762268066
740.3626441955566
640.1824951171875
856.2610149383545
1065.446376800537
470.61896324157715
622.21360206604
960.249662399292
739.4795417785645
752.7711391448975
1321.5692043304443
1147.510051727295
844.7127342224121
698.960542678833
1099.1747379302979
946.1400508880615
898.9067077636719
866.3241863250732
664.4735336303711
677.100419998169
729.3498516082764
713.9678001403809
818.3667659759521
875.5993843078613
1027.205228805542
895.6325054168701
564.2461776733398
519.7954177856445
1328.8400173187256
1182.1470260620117
1334.798812866211
1508.605718612671
1047.9052066802979
1136.5966796875
1425.811529159546
1560.8294010162354
955.9581279754639
1180.7968616485596
940.3908252716064
1073.369026184082
1054.0270805358887
939.131498336792
1394.9856758117676
1056.9453239440918
1045.7112789154053
995.079517364502
1147.0096111297607
820.2087879180908
1318.8464641571045
1192.347764968872
881.9854259490967
992.6459789276123
1727.0896434783936
745.4507350921631
1124.9408721923828
748.0611801147461
1606.6231727600098
1138.6957168579102
977.5519371032715
1339.106559753418
1379.6892166137695
1426.6808032989502
715.8434391021729
1286.6501808166504
1038.7036800384521
930.6290149688721
1228.0547618865967
1128.3178329467773
1229.7885417938232
732.6736450195312
1489.0563488006592
1986.5143299102783
1025.517225265503
870.3069686889648
1456.690788269043
1541.614055633545
984.7133159637451
1544.332504272461
1480.3707599639893
1305.4118156433105
1667.952537536621
1223.1378555297852
1397.6991176605225
1649.3213176727295
1099.4939804077148
1385.5853080749512
739.1643524169922
1160.4628562927246
1397.141456604004
1025.019645690918
1729.29048538208
1507.9257488250732
1322.991132736206
958.4426879882812
896.2409496307373
1941.7715072631836
1194.2882537841797
1316.1873817443848
1948.4951496124268
1194.575548171997
1565.2713775634766
1818.598985671997
1531.3053131103516
1172.0497608184814
1623.5480308532715
1995.337724685669
1883.5270404815674
1665.0722026824951
1364.6042346954346
1110.5101108551025
1571.5551376342773
1972.074031829834
950.040340423584
1193.1705474853516
1177.445650100708
1234.3342304229736
2299.0355491638184
1359.442949295044
1655.1392078399658
1286.2112522125244
1473.6340045928955
1038.2091999053955
1729.5284271240234
1572.9632377624512
1752.685785293579
1964.0161991119385
1335.0837230682373
2133.49986076355
1192.3468112945557
1782.6659679412842
1633.023738861084
1575.3753185272217
1222.590684890747
1168.121099472046
1691.206455230713
1597.1300601959229
1747.5099563598633
