17.965078353881836
74.07689094543457
25.117874145507812
28.58901023864746
162.41097450256348
25.660276412963867
34.12985801696777
86.8685245513916
29.499053955078125
28.256654739379883
33.855438232421875
61.313629150390625
24.62935447692871
52.76346206665039
24.317026138305664
9.737014770507812
22.16625213623047
51.450252532958984
95.94082832336426
139.16587829589844
87.74638175964355
134.1555118560791
52.529335021972656
20.244598388671875
32.010555267333984
53.66969108581543
31.690120697021484
161.59605979919434
174.5901107788086
26.743412017822266
34.90948677062988
140.24901390075684
55.04751205444336
43.64967346191406
70.01161575317383
125.74315071105957
78.00483703613281
70.82343101501465
73.11630249023438
145.70116996765137
57.022809982299805
38.79284858703613
53.16448211669922
108.51240158081055
24.041175842285156
172.69396781921387
38.938283920288086
83.42862129211426
49.15118217468262
265.6824588775635
100.05927085876465
38.65551948547363
60.524940490722656
389.09173011779785
162.94479370117188
421.85401916503906
171.2489128112793
218.40476989746094
221.92883491516113
67.04473495483398
47.76740074157715
218.51778030395508
99.11918640136719
78.97162437438965
169.36206817626953
172.66511917114258
110.13388633728027
146.57068252563477
59.9665641784668
53.22837829589844
67.5661563873291
76.12872123718262
106.01162910461426
208.04762840270996
173.04205894470215
160.71701049804688
51.38564109802246
65.03582000732422
92.36860275268555
127.20584869384766
316.2798881530762
69.53954696655273
74.81145858764648
75.80184936523438
112.09988594055176
299.78275299072266
189.63098526000977
124.51386451721191
209.6872329711914
176.62620544433594
113.2502555847168
68.60208511352539
93.16325187683105
79.47182655334473
113.13128471374512
400.4800319671631
91.8281078338623
156.43000602722168
75.02007484436035
103.9741039276123
207.7782154083252
88.09304237365723
90.32344818115234
91.16768836975098
87.12029457092285
120.38922309875488
361.62567138671875
366.0736083984375
81.30240440368652
104.0496826171875
126.16419792175293
332.02171325683594
123.6727237701416
123.12817573547363
327.90279388427734
429.1231632232666
100.04329681396484
160.9790325164795
894.1707611083984
122.1170425415039
102.79512405395508
266.68524742126465
112.31541633605957
126.08861923217773
115.50045013427734
215.70277214050293
329.55217361450195
166.4714813232422
308.83026123046875
235.0320816040039
357.2094440460205
150.5591869354248
135.30325889587402
207.69858360290527
360.4867458343506
673.4359264373779
322.7996826171875
169.51560974121094
237.81776428222656
239.57180976867676
310.2223873138428
190.1869773864746
230.4210662841797
367.91253089904785
226.6519069671631
283.5216522216797
241.51968955993652
255.1727294921875
272.01390266418457
336.6274833679199
233.46972465515137
224.32208061218262
226.29952430725098
212.39590644836426
245.30673027038574
310.78600883483887
381.7265033721924
279.80995178222656
389.2838954925537
368.77942085266113
244.00639533996582
216.37988090515137
447.62349128723145
316.07913970947266
252.06422805786133
301.6030788421631
328.3071517944336
615.5152320861816
210.23035049438477
498.6124038696289
424.87263679504395
270.5187797546387
306.3952922821045
462.13603019714355
416.23449325561523
363.3618354797363
552.1340370178223
287.74356842041016
379.61888313293457
477.0996570587158
502.5157928466797
351.3455390930176
354.2804718017578
317.78645515441895
531.2957763671875
410.0666046142578
387.5901699066162
607.2275638580322
343.74356269836426
313.307523727417
462.8291130065918
553.4951686859131
438.0366802215576
457.90863037109375
347.50866889953613
391.51811599731445
450.453519821167
412.9369258880615
477.9026508331299
674.7524738311768
736.1750602722168
854.8781871795654
450.0293731689453
419.4760322570801
447.88312911987305
871.6945648193359
451.7173767089844
560.0993633270264
727.4086475372314
502.4676322937012
449.0804672241211
594.9788093566895
621.1211681365967
572.2463130950928
543.6334609985352
568.0394172668457
477.4515628814697
413.27762603759766
432.74450302124023
748.499870300293
410.5966091156006
661.6034507751465
837.4340534210205
637.4242305755615
578.4251689910889
548.4168529510498
615.21315574646
880.2614212036133
620.9402084350586
719.7575569152832
932.7239990234375
583.9307308197021
943.2094097137451
706.3229084014893
796.114444732666
694.9102878570557
1147.7227210998535
841.4492607116699
769.1781520843506
572.7829933166504
