164.9799346923828
380.9852600097656
499.83787536621094
456.4340114593506
373.60620498657227
190.57416915893555
312.8206729888916
535.9756946563721
133.9418888092041
337.261438369751
243.66426467895508
597.9461669921875
251.07669830322266
444.3678855895996
648.1106281280518
769.7176933288574
659.2986583709717
609.8983287811279
903.587818145752
1017.0462131500244
320.2979564666748
1014.976978302002
1434.3626499176025
1241.0142421722412
920.006513595581
1503.251552581787
1367.7456378936768
1489.0034198760986
1007.7540874481201
1718.6834812164307
1705.9617042541504
2446.34747505188
1317.7309036254883
631.615161895752
1638.026475906372
1091.6621685028076
1773.8876342773438
1809.5533847808838
730.6926250457764
925.2843856811523
1740.1447296142578
1359.6856594085693
1027.261734008789
1531.1322212219238
1360.7707023620605
1284.5680713653564
2969.8708057403564
776.8974304199219
1865.476369857788
2076.624870300293
894.0455913543701
1172.372579574585
1753.6773681640625
3269.723892211914
1499.1998672485352
3619.7452545166016
2384.733200073242
1970.5300331115723
1955.7867050170898
1718.7559604644775
1283.7018966674805
1765.0163173675537
1411.681890487671
2509.5999240875244
1870.5930709838867
2180.6631088256836
1815.4315948486328
2150.052785873413
3610.9156608581543
2793.4141159057617
1139.6496295928955
2130.1562786102295
2318.4974193573
1736.1443042755127
1896.83198928833
1490.3786182403564
1537.8823280334473
2926.3949394226074
1553.6766052246094
2728.196859359741
4742.672920227051
3194.241523742676
3574.573040008545
2678.117513656616
2885.084390640259
3249.340534210205
2125.570774078369
2505.787134170532
2803.231954574585
2363.849878311157
4502.265214920044
1728.194236755371
2369.405746459961
2279.8149585723877
4007.662534713745
3893.348455429077
3908.823013305664
3378.4141540527344
3399.8847007751465
3077.410936355591
2254.575729370117
2759.575128555298
2587.0959758758545
4764.114618301392
3191.309690475464
3470.460891723633
4611.448049545288
3986.266851425171
1745.3029155731201
2177.6626110076904
3988.663673400879
2934.999942779541
3813.9398097991943
6467.085838317871
5156.885147094727
3892.9948806762695
2766.3495540618896
5369.973182678223
5463.034629821777
4585.054159164429
3568.9754486083984
3020.113468170166
2995.518445968628
3204.9946784973145
2512.9477977752686
3660.2206230163574
3934.0715408325195
4534.766912460327
4483.402252197266
2142.686367034912
2274.1687297821045
6615.804195404053
5698.581218719482
5702.7294635772705
6262.155294418335
5334.599256515503
5283.935785293579
7134.443044662476
7158.534526824951
3558.288335800171
4666.024684906006
5418.657541275024
4598.080635070801
5609.280824661255
4173.399448394775
7075.920581817627
5164.639711380005
5797.987222671509
4111.044645309448
5301.599502563477
3458.2254886627197
5511.41619682312
5976.236820220947
3611.8788719177246
4433.471202850342
7852.039813995361
3775.228977203369
5454.836845397949
3086.670160293579
6890.950679779053
4603.93214225769
4320.338726043701
5672.277212142944
5500.524282455444
6223.508358001709
3400.2461433410645
6015.830516815186
3931.5872192382812
4317.798614501953
5712.001323699951
4317.415475845337
5732.187509536743
3373.8505840301514
7852.232456207275
9325.555086135864
4203.51243019104
3744.997024536133
6319.425344467163
7511.475086212158
4555.03511428833
8103.960275650024
6359.239816665649
5386.544227600098
9941.067218780518
6269.5512771606445
6937.823534011841
6842.041254043579
4737.898588180542
5124.852895736694
3172.8029251098633
5652.9741287231445
7308.881044387817
5510.222434997559
8108.587026596069
6656.629800796509
6045.093297958374
4061.647415161133
3565.863609313965
8994.428873062134
4543.667793273926
6682.373762130737
10688.424348831177
4149.21498298645
7440.234661102295
8941.723585128784
6445.395231246948
5171.109676361084
9454.020023345947
11057.079315185547
9250.055074691772
6717.495441436768
6780.412912368774
5037.90020942688
7041.438102722168
9698.687076568604
3575.2267837524414
5964.617490768433
5476.667881011963
5343.357086181641
9495.42236328125
5232.033252716064
6878.718614578247
6448.144435882568
8011.0650062561035
4624.593734741211
8094.15340423584
6323.522090911865
8064.58592414856
8652.112007141113
6514.187812805176
10602.250337600708
5033.446550369263
8185.601711273193
6295.163154602051
7761.932373046875
6204.740047454834
5670.588493347168
8274.734497070312
7345.3075885772705
9288.677453994751
