0 : 47 7 26 84 94 30 64 54 79 80 19 76 22 87 82 67 60 55 40 17 52 46 44 48 66 21 73 92 41 5 36 18 24 71 75 96 14 45 57 85 62 61 95 50 8 27 32 53 49 78 43 6 16 10 99 88 11 51 3 29 33 69 34 1 74 35 68 39 91 23 86 31 2 15 
1 : 19 98 78 40 15 6 79 13 31 38 96 72 92 7 66 94 16 80 0 37 89 62 46 54 93 95 81 85 24 64 84 83 63 87 10 50 48 35 99 47 2 49 82 36 74 18 77 29 33 65 71 60 58 56 86 41 90 69 91 14 44 52 88 17 23 12 34 4 67 1 55 59 
2 : 67 52 13 65 26 33 30 74 8 43 11 2 5 0 66 21 20 48 32 42 9 69 98 62 15 41 95 93 18 45 39 81 16 91 3 82 76 58 35 4 55 79 51 34 12 73 23 85 89 50 59 25 90 57 70 31 38 97 22 61 46 88 54 75 
3 : 13 14 72 48 66 77 69 83 88 4 54 32 59 95 93 21 67 68 84 94 46 2 0 50 63 11 15 17 42 56 49 40 20 64 45 28 98 33 51 29 86 1 74 43 58 87 7 78 85 23 10 52 5 75 35 18 39 73 31 22 38 82 19 12 47 99 34 89 26 60 97 30 
4 : 87 6 25 54 62 96 35 63 45 51 14 23 65 8 89 88 76 56 15 69 49 84 58 85 12 28 60 36 67 32 57 86 83 46 38 5 16 21 99 74 71 59 66 33 4 39 19 50 3 10 73 98 26 77 79 30 2 42 7 24 34 82 80 90 55 41 95 
5 : 10 96 9 46 22 41 27 44 93 1 75 24 33 6 60 98 55 94 81 84 34 39 65 79 12 77 97 78 40 37 90 86 8 13 66 82 58 49 26 32 28 35 18 92 80 72 52 17 
6 : 19 48 18 82 33 95 30 94 46 15 34 11 86 53 73 28 98 70 63 60 80 78 71 2 40 68 24 59 99 90 83 77 62 3 23 36 74 52 
7 : 70 45 99 61 96 62 64 26 90 18 77 31 3 51 52 44 6 7 28 87 2 4 78 32 23 83 80 94 42 91 76 53 85 21 
8 : 91 48 90 20 67 86 50 94 82 66 95 9 36 61 40 49 84 10 53 26 0 38 76 87 73 34 56 15 70 96 89 64 30 3 78 17 55 16 2 65 46 83 80 41 33 25 58 21 88 99 68 60 75 42 6 8 52 
9 : 58 91 27 69 83 89 92 60 18 93 52 90 72 78 55 96 19 41 95 36 33 75 22 20 28 45 40 46 7 81 16 73 79 47 37 13 76 82 35 0 80 12 
