0 : 70 211 55 244 219 121 227 196 101 98 165 157 172 57 132 208 216 190 127 182 139 69 147 239 160 188 207 100 202 192 214 115 33 158 135 240 136 149 177 184 25 65 137 159 42 97 
1 : 82 97 138 229 136 243 156 201 172 225 149 107 63 81 162 84 228 216 196 75 204 186 188 226 89 70 194 101 87 102 133 148 122 65 121 134 246 165 58 180 52 222 106 192 119 205 146 127 236 71 174 42 158 170 48 213 129 92 116 232 
2 : 28 196 143 237 138 145 222 141 109 214 167 110 122 78 105 74 52 248 144 125 148 203 113 82 233 212 151 134 90 140 146 221 33 97 198 94 172 213 131 114 66 154 163 111 107 162 207 119 121 153 104 182 175 40 216 142 240 83 120 68 
3 : 97 109 96 227 248 114 62 161 25 83 201 142 80 186 203 232 35 81 104 231 47 139 121 93 148 154 39 34 
4 : 76 146 93 141 110 79 71 225 41 183 59 113 173 90 106 227 91 235 133 75 161 82 66 150 205 248 172 158 80 244 199 201 97 143 170 52 135 178 241 25 238 128 210 125 117 236 203 127 57 98 
5 : 216 121 170 122 213 88 34 136 191 154 243 237 137 245 232 198 214 189 218 94 159 59 156 123 92 142 79 113 27 81 188 227 192 49 31 219 223 171 173 202 179 83 30 130 133 240 96 84 47 209 112 127 158 52 196 60 203 204 143 134 152 150 77 169 71 107 206 163 29 177 28 76 
6 : 28 200 72 119 177 248 133 48 70 239 157 160 73 247 99 45 169 128 236 49 25 217 100 51 39 153 124 115 168 125 243 61 148 87 58 53 103 204 150 199 52 227 75 85 245 192 118 175 92 195 201 127 141 212 198 132 165 37 238 42 63 
7 : 112 127 95 194 30 228 180 241 110 199 207 205 148 132 236 151 169 136 219 105 229 212 243 46 187 89 47 40 204 58 60 179 217 126 70 28 171 124 38 240 37 87 31 140 75 193 64 174 91 159 170 81 200 
8 : 138 157 108 55 185 139 112 243 166 53 70 177 95 191 80 184 196 67 204 156 38 128 168 189 97 35 44 61 48 107 237 181 87 45 46 129 222 132 171 201 113 143 103 71 240 236 142 209 161 239 28 212 124 114 193 213 203 167 37 42 179 200 163 136 173 
9 : 138 41 53 137 66 161 110 234 29 235 192 30 171 87 184 141 180 177 181 83 58 224 61 93 57 243 56 92 249 26 230 65 172 81 229 245 35 105 113 136 187 232 190 125 71 242 75 90 
10 : 103 146 212 38 163 125 41 154 88 59 70 137 35 189 244 246 147 64 234 225 194 166 233 49 87 71 99 74 173 95 157 58 161 133 211 152 32 140 63 57 245 207 39 45 215 132 230 104 77 228 28 62 231 117 60 169 239 107 180 196 48 112 204 237 52 164 93 238 200 126 96 110 27 136 
11 : 106 242 34 40 67 123 81 218 152 204 88 53 119 176 94 223 175 99 147 121 116 162 145 170 248 151 220 185 105 144 91 193 
12 : 123 181 90 147 72 128 171 139 216 151 153 119 164 247 209 220 176 189 49 226 132 126 208 154 121 170 70 45 210 97 172 230 
13 : 199 203 240 173 90 48 75 118 85 119 88 237 96 74 188 123 197 34 31 37 25 221 57 158 191 99 205 79 171 114 63 229 124 125 111 222 47 27 122 28 102 81 167 182 104 101 45 142 120 174 92 77 80 238 216 214 83 126 225 113 30 95 189 97 62 106 161 39 46 36 244 68 245 69 
14 : 241 127 194 249 181 44 187 248 25 73 124 243 107 128 162 232 150 205 27 183 227 55 50 110 32 235 
15 : 142 245 108 92 187 106 109 210 105 148 186 162 144 227 226 176 43 216 115 111 81 127 103 83 179 71 85 131 222 32 166 77 209 150 164 110 155 243 228 140 213 
16 : 109 41 241 248 149 29 96 142 232 73 93 137 32 182 124 160 207 225 236 161 88 156 130 40 181 229 195 44 199 
17 : 153 141 31 219 52 37 238 95 39 80 168 228 235 218 164 176 113 124 91 183 128 179 32 59 171 222 189 75 44 107 120 193 25 114 246 202 143 109 211 142 217 174 57 187 239 82 63 49 223 105 130 67 38 200 112 108 
18 : 131 126 191 37 135 224 193 248 161 30 61 197 184 186 110 202 46 152 102 116 234 244 70 87 157 194 86 97 204 228 205 142 104 82 56 168 192 178 247 45 154 54 49 206 200 173 66 249 149 180 196 146 182 233 190 35 122 
19 : 232 164 168 189 61 212 75 190 242 81 68 239 91 26 191 109 108 117 154 126 118 220 46 173 99 104 204 105 
20 : 144 91 85 214 137 36 117 118 234 75 102 28 146 105 201 39 158 142 134 235 226 133 192 246 232 119 225 60 176 129 175 84 79 156 47 26 160 153 241 227 97 207 71 51 155 249 218 157 242 101 219 100 170 229 181 161 138 108 217 145 230 188 58 247 111 103 123 124 237 112 162 215 240 167 35 187 220 69 209 
21 : 90 148 157 59 247 54 219 236 197 235 68 209 124 144 227 101 239 104 132 60 50 44 52 125 76 122 65 46 107 168 243 216 115 37 114 81 64 137 86 194 31 112 129 230 169 213 195 94 135 228 77 82 234 140 199 
22 : 131 149 173 56 177 147 249 176 54 234 161 29 51 122 151 224 247 71 170 181 108 248 70 189 245 178 31 221 190 187 152 123 76 139 120 94 75 42 34 72 199 204 140 136 225 63 32 128 171 146 
23 : 55 211 204 236 177 216 178 62 66 64 116 246 164 171 190 143 205 160 102 145 124 73 187 188 63 117 229 136 228 241 100 114 118 
24 : 123 229 167 77 160 138 40 62 169 85 131 163 231 110 55 78 143 151 128 80 61 34 144 230 210 186 103 146 185 173 100 156 39 224 226 177 206 204 33 179 243 182 152 68 237 180 113 76 47 90 191 212 220 166 195 172 104 45 199 96 48 114 222 56 158 58 116 130 30 141 202 213 25 133 171 29 36 
25 : 105 95 56 216 38 175 28 228 207 188 242 229 119 123 191 112 134 209 30 249 211 243 118 81 41 154 107 230 72 26 192 108 51 
26 : 194 55 116 201 134 171 217 197 220 209 82 160 165 240 114 236 47 84 115 237 36 85 113 83 133 117 233 218 35 38 188 66 87 182 168 246 234 193 103 62 93 65 204 30 213 169 63 177 203 214 180 137 109 46 216 221 136 189 129 100 145 230 238 228 196 244 151 205 226 141 
27 : 165 135 149 88 119 154 111 132 73 140 156 196 176 98 101 139 113 155 175 63 169 145 204 120 153 34 64 106 32 206 51 134 99 200 148 116 72 94 219 188 81 213 31 207 186 127 109 170 74 238 199 47 56 68 194 233 185 244 75 198 214 142 178 107 171 26 44 114 138 71 104 25 
28 : 35 163 56 96 146 65 118 153 159 238 233 208 89 103 99 196 30 162 188 85 90 193 198 214 84 51 220 119 111 33 138 107 48 72 38 185 249 173 25 212 80 60 
29 : 229 179 221 197 88 206 245 249 52 38 45 182 207 97 41 192 112 151 71 168 44 172 214 195 148 180 121 201 194 234 223 196 210 147 70 79 124 27 187 32 238 105 136 178 63 224 190 233 149 68 30 119 230 128 42 211 49 123 104 140 77 74 
30 : 139 66 190 181 149 137 28 92 58 60 172 36 217 85 130 115 221 142 203 220 104 184 156 131 199 214 186 161 91 89 152 50 35 213 43 106 153 87 158 166 67 147 93 42 122 175 243 231 30 25 173 218 100 79 
31 : 217 241 124 182 244 191 194 142 212 73 86 34 98 152 245 220 46 225 162 117 37 166 156 67 149 219 190 197 99 62 25 140 130 214 26 30 113 95 84 208 122 161 75 201 27 186 61 56 184 222 137 91 31 40 188 226 108 196 44 115 55 127 206 174 53 129 50 52 47 157 150 242 139 111 143 114 
32 : 223 162 195 49 130 100 138 149 113 52 163 70 104 158 176 212 201 160 205 35 157 75 101 30 144 167 137 84 79 233 168 148 71 247 221 224 69 123 45 164 234 83 
33 : 190 232 72 122 33 107 88 135 235 229 30 101 26 113 179 112 154 66 241 58 187 90 214 204 29 54 237 184 95 36 170 161 34 189 132 70 87 46 212 172 192 164 41 97 39 185 191 121 217 48 137 93 106 210 149 62 167 83 213 44 37 211 118 110 32 102 238 180 201 79 125 127 71 31 224 156 202 222 141 
34 : 151 231 229 163 74 68 172 63 97 220 188 227 226 64 88 203 167 165 200 130 114 174 175 173 153 125 110 43 59 87 33 136 127 201 169 213 28 160 
35 : 30 105 226 77 53 193 43 199 230 142 182 59 101 235 184 228 131 44 106 227 112 249 40 187 117 87 195 207 37 110 171 149 174 139 94 129 143 96 49 192 52 222 148 45 134 218 126 219 185 90 151 119 201 202 102 246 26 238 64 104 146 196 190 132 51 130 36 103 
36 : 46 183 163 129 94 154 31 211 27 75 35 220 64 240 205 113 55 141 186 53 120 110 112 49 47 191 124 170 32 99 52 232 37 155 158 
37 : 146 46 141 42 118 153 93 123 208 116 40 170 122 29 120 36 184 54 125 163 178 64 127 241 144 102 133 185 56 225 126 220 199 67 69 188 192 73 175 156 230 234 121 139 246 248 158 235 166 
38 : 99 55 195 153 166 66 86 48 77 112 39 94 181 222 82 229 84 43 118 113 89 182 97 230 208 191 31 178 105 150 217 106 140 124 205 104 42 151 87 165 149 54 218 200 135 103 29 215 170 224 235 127 
39 : 126 247 218 64 122 192 67 46 101 177 143 185 166 82 27 170 220 148 50 113 188 37 189 93 133 73 171 223 
40 : 181 68 172 116 131 130 121 118 169 129 57 56 30 212 90 95 152 178 52 73 88 229 238 197 223 220 92 
41 : 208 170 189 40 192 151 204 174 149 229 78 133 134 232 25 77 213 241 243 33 247 143 88 245 49 68 
42 : 239 153 202 73 159 75 204 157 121 136 48 211 25 122 183 234 196 85 34 84 31 180 147 154 78 201 199 158 197 130 72 55 33 41 79 27 244 54 118 26 237 66 171 210 245 30 106 152 82 242 208 163 175 132 219 150 182 101 119 174 42 131 195 185 248 179 39 135 198 236 190 113 217 126 43 88 214 148 104 233 
43 : 57 53 54 103 182 158 132 233 70 168 224 35 67 243 209 164 126 160 170 98 34 238 234 68 120 121 81 104 119 129 172 76 46 118 64 151 133 229 166 74 31 208 163 171 124 228 94 223 183 90 155 206 44 187 230 179 150 203 184 88 115 56 239 107 226 149 96 
44 : 62 67 33 192 231 169 76 31 123 113 90 191 94 118 146 199 162 242 171 166 63 248 51 176 115 83 41 48 177 137 243 203 49 79 201 69 86 102 217 121 172 249 78 27 73 117 136 167 183 111 
45 : 226 207 129 227 52 25 26 225 28 148 32 131 229 151 157 89 150 64 119 234 196 42 136 115 144 246 91 245 152 38 123 233 110 133 206 169 185 
46 : 123 133 94 90 148 66 115 130 176 188 47 199 225 219 83 75 240 169 114 145 34 146 181 139 112 59 44 233 243 76 97 157 70 40 108 173 153 196 221 236 84 209 141 28 162 85 53 190 104 60 48 38 72 168 73 69 43 
47 : 201 137 84 138 135 140 161 174 75 154 211 177 162 103 180 87 149 175 193 113 73 216 241 92 80 124 60 93 77 147 224 164 214 173 42 219 130 48 187 
48 : 144 236 88 135 237 67 142 75 243 85 63 217 196 41 121 39 195 232 34 206 97 99 95 162 59 68 62 86 208 
49 : 196 233 186 71 58 147 181 34 93 82 187 225 213 203 227 115 98 138 199 215 56 54 68 177 235 184 39 234 135 163 113 61 26 202 146 156 97 130 237 226 152 191 51 
50 : 209 198 135 112 225 173 69 114 130 76 94 54 172 29 186 141 147 30 87 73 241 127 39 192 125 
51 : 98 223 66 156 243 140 38 50 83 161 182 219 248 119 79 58 36 168 205 128 95 201 203 110 191 213 101 78 216 155 103 
52 : 108 146 183 209 61 231 194 71 185 141 225 222 238 79 246 37 170 121 86 190 171 178 240 184 158 195 167 60 73 156 
53 : 214 69 50 189 93 244 131 83 194 151 247 34 238 230 33 158 187 123 229 193 46 226 195 212 115 141 170 77 148 30 67 
54 : 202 128 166 69 235 78 109 136 162 181 227 210 156 211 152 87 177 75 233 224 65 43 40 98 129 29 163 106 209 141 245 164 158 151 102 42 67 146 48 121 63 138 221 86 206 154 243 77 110 84 
55 : 58 178 204 77 69 188 105 135 37 214 170 151 222 163 28 93 34 85 166 228 92 66 101 63 159 86 80 114 158 189 102 221 198 232 74 225 59 179 126 113 65 130 182 145 218 240 123 55 241 129 239 227 60 44 193 136 27 235 180 220 62 61 48 99 233 237 144 57 121 219 119 
56 : 165 113 215 62 157 143 103 32 33 26 57 98 196 128 223 191 171 138 72 60 27 123 150 44 240 36 225 80 50 97 74 81 34 187 109 183 238 230 178 93 71 228 116 130 188 212 217 90 233 172 135 214 193 45 189 236 
57 : 29 242 90 116 52 25 230 206 213 183 113 136 246 98 243 245 82 93 199 99 233 106 61 119 197 247 216 92 174 182 76 137 179 30 186 102 94 169 248 47 244 238 68 175 188 162 193 215 121 89 221 44 228 75 200 149 205 192 158 109 241 55 249 70 58 83 236 204 48 72 138 214 78 66 108 
58 : 29 54 194 127 84 56 94 45 85 233 155 201 150 104 218 154 66 168 107 62 113 238 115 98 87 46 131 205 86 152 
59 : 135 220 157 146 36 205 50 61 116 93 136 130 207 180 188 53 215 139 221 85 209 86 248 161 190 203 90 200 34 199 55 175 56 168 51 98 150 68 32 148 183 102 59 63 238 156 189 128 138 229 245 82 147 246 110 39 29 67 72 164 54 219 37 152 185 38 79 184 226 
60 : 101 158 41 113 59 217 215 246 139 210 110 203 159 105 133 57 179 87 149 150 175 36 188 71 206 176 124 112 85 228 84 194 166 211 186 74 205 96 83 219 147 135 79 153 116 157 172 185 143 221 229 98 165 58 56 118 141 
61 : 50 99 238 153 172 71 242 169 206 199 158 214 123 239 52 222 77 179 30 38 235 183 211 197 236 27 210 202 189 26 95 182 82 212 72 107 165 221 176 209 146 135 54 249 160 122 88 217 96 42 240 127 53 137 101 218 93 
62 : 228 167 84 121 96 176 65 165 112 50 130 88 43 68 173 48 91 185 163 29 51 114 113 138 234 119 
63 : 74 165 234 160 218 213 58 117 143 142 221 43 132 148 50 151 81 168 175 88 137 193 215 166 95 68 206 149 112 120 217 119 236 152 171 60 233 169 181 90 167 242 124 127 219 79 146 228 26 192 84 125 179 75 53 107 110 62 237 128 48 240 86 178 27 208 39 
64 : 142 248 149 116 166 226 201 160 72 233 33 101 243 240 206 172 242 132 55 47 49 60 29 51 192 245 219 26 76 83 181 171 41 32 135 
65 : 153 160 161 99 242 233 207 64 146 138 239 130 104 171 248 75 98 38 83 179 97 51 61 193 178 237 240 188 128 115 107 71 123 124 165 213 214 149 243 172 151 134 59 186 195 232 37 131 157 173 101 236 106 127 109 156 205 55 78 192 228 164 139 229 234 110 
66 : 141 84 53 222 123 232 207 97 89 152 227 203 167 93 243 30 197 54 71 194 163 124 37 233 90 221 45 248 231 63 48 190 80 66 239 131 117 187 91 121 198 96 247 34 42 36 74 201 87 105 111 95 104 160 101 118 56 191 212 182 165 114 140 127 115 72 208 157 204 151 79 122 75 25 81 145 106 125 31 168 
67 : 246 142 212 145 176 46 47 52 99 136 214 148 32 114 164 55 229 237 208 189 166 89 63 103 152 48 33 45 201 185 199 177 
68 : 107 142 115 114 223 135 71 67 167 77 39 63 161 191 217 91 207 226 28 74 129 192 189 96 164 127 66 209 225 92 40 85 201 36 34 112 208 182 90 109 44 130 94 121 138 64 221 170 27 152 174 
69 : 163 26 196 198 44 165 183 52 146 125 229 117 135 157 199 234 79 227 194 189 148 34 166 158 203 35 179 141 88 212 86 175 71 211 113 180 216 226 223 173 142 164 100 81 134 131 90 110 99 
70 : 221 173 142 169 185 132 115 53 95 240 195 117 55 186 107 175 98 45 248 31 210 35 159 136 105 208 92 140 129 81 71 135 164 42 99 70 167 90 102 76 166 212 229 176 116 110 202 
71 : 151 142 84 55 63 68 31 146 220 119 211 245 99 181 91 162 185 116 108 141 54 83 178 137 75 207 62 203 194 101 248 201 79 174 110 242 225 239 135 32 192 221 77 124 94 140 105 28 121 
72 : 151 162 180 171 101 155 50 139 240 130 133 165 227 221 66 156 208 85 148 244 188 135 36 113 179 77 198 35 220 140 37 181 234 237 96 93 203 75 86 41 215 68 117 230 138 158 110 186 197 70 109 236 232 167 74 104 92 64 39 170 61 211 125 144 132 45 102 118 95 228 97 42 
73 : 158 141 118 192 184 136 97 113 69 26 82 169 183 131 125 134 197 55 218 238 114 130 66 70 207 133 241 91 206 174 68 244 84 116 166 234 142 65 173 121 28 203 172 242 210 38 162 108 
74 : 51 222 241 184 122 181 77 60 108 226 168 55 153 240 127 89 179 68 208 141 96 180 48 34 206 197 86 58 39 170 137 160 174 132 193 56 115 62 246 164 215 145 36 188 140 
75 : 29 44 237 43 53 41 91 244 175 192 32 182 99 54 224 35 149 215 156 209 39 190 225 154 33 49 233 58 234 163 148 247 78 187 113 214 242 109 28 74 77 98 52 107 212 97 124 104 127 82 240 189 26 118 135 79 
76 : 221 196 239 173 75 230 62 145 188 47 107 155 240 200 49 90 109 132 35 203 54 158 159 41 169 237 40 95 25 124 167 163 137 26 241 227 136 138 185 209 191 101 208 184 76 193 
77 : 40 114 162 174 103 231 65 82 125 132 199 79 54 86 77 95 201 161 108 136 188 168 29 237 193 61 139 235 234 138 158 156 164 247 52 78 124 192 70 236 224 210 180 207 213 112 134 131 60 239 214 
78 : 131 201 214 91 203 141 173 61 73 139 130 221 79 247 206 168 184 52 62 205 123 215 100 27 248 55 213 66 108 
79 : 70 30 235 161 59 230 215 171 42 116 57 240 183 92 139 107 179 248 113 106 46 209 157 77 225 79 146 191 207 131 72 67 28 81 85 121 204 100 158 40 172 97 144 173 86 
80 : 128 98 141 63 218 32 207 73 149 179 71 48 232 56 156 138 244 173 145 163 200 82 238 130 169 164 170 193 175 47 183 38 184 176 220 115 81 28 160 57 45 148 237 40 75 182 86 52 134 29 95 213 35 123 233 
81 : 158 145 173 126 68 217 239 184 235 86 148 48 202 179 116 196 178 205 137 47 96 172 143 38 122 110 215 35 55 156 243 211 185 74 131 195 41 170 134 112 144 65 82 142 58 26 219 102 191 227 120 182 129 225 139 45 230 221 231 43 97 199 229 197 115 152 228 212 245 248 71 62 72 153 30 151 
82 : 149 77 115 54 28 34 136 167 56 221 105 121 38 127 209 220 70 166 177 27 198 69 82 59 150 94 31 125 151 
83 : 210 218 249 204 159 36 120 192 206 245 247 94 65 177 100 45 32 238 153 88 103 183 76 87 191 224 234 208 98 56 221 142 63 163 199 89 207 239 43 44 81 237 115 124 104 
84 : 222 229 71 225 123 177 64 190 67 233 135 228 52 212 147 65 245 240 77 73 88 57 160 29 55 132 93 104 127 241 126 114 106 159 217 182 90 195 34 35 244 237 181 172 149 37 99 49 203 109 43 107 58 
85 : 227 231 218 42 60 175 139 126 43 107 219 38 62 149 105 89 220 57 123 179 140 114 159 226 84 232 78 229 188 192 28 51 69 63 48 135 150 58 213 50 216 129 162 153 143 70 67 119 25 39 240 209 99 88 161 33 136 112 98 203 93 59 221 228 37 
86 : 158 177 248 118 124 81 212 195 205 77 219 94 220 229 198 182 135 122 111 192 171 218 57 148 128 109 75 108 131 157 64 140 221 209 231 178 144 223 168 249 155 54 130 206 104 172 187 176 170 86 189 188 196 31 97 186 38 216 90 120 137 50 91 103 165 76 129 33 69 197 214 114 
87 : 25 236 99 190 56 142 74 229 175 182 54 218 213 199 220 171 123 165 247 98 71 159 158 80 53 38 169 124 51 68 137 48 120 69 249 225 36 70 180 91 157 207 208 113 28 116 81 216 106 154 55 117 49 219 27 45 78 111 223 109 144 114 206 202 128 242 193 214 143 50 77 135 85 104 185 173 
88 : 206 185 95 127 230 44 186 113 238 161 39 227 144 28 99 132 37 174 42 74 47 217 81 163 241 27 131 148 226 92 221 187 83 171 154 208 84 158 91 49 57 
89 : 202 211 222 206 73 68 46 90 131 29 84 215 48 244 82 140 224 233 104 71 208 45 195 33 229 234 116 80 236 204 149 128 79 197 235 61 180 201 145 158 98 76 168 122 97 183 185 36 177 50 190 56 
90 : 201 197 206 166 169 82 129 153 196 224 157 244 43 245 26 240 99 236 198 186 31 63 180 229 133 217 87 110 128 144 225 
91 : 172 113 129 233 97 42 130 100 92 231 47 176 155 202 139 204 75 102 99 238 216 128 179 167 142 77 148 219 206 50 246 62 45 126 
92 : 186 39 50 175 217 184 72 102 95 143 118 82 92 60 194 167 144 221 35 152 121 26 109 107 189 232 127 245 32 28 93 114 235 228 149 230 76 148 45 52 150 73 204 74 25 53 187 244 233 80 231 48 205 120 170 180 47 106 113 203 227 159 98 181 122 40 155 137 183 
93 : 60 49 223 136 25 54 110 87 222 219 249 188 197 179 214 159 237 230 59 116 198 81 144 83 90 191 42 154 52 182 170 107 241 28 41 43 119 38 96 132 
94 : 168 103 72 226 91 79 69 220 228 247 70 177 145 73 108 165 60 120 173 123 221 63 28 239 196 206 33 238 203 
95 : 231 139 222 68 107 32 209 213 184 93 171 192 181 124 150 229 78 81 94 128 110 158 126 104 170 125 25 146 66 142 202 57 145 211 54 162 173 74 80 87 203 215 221 191 121 88 154 64 135 41 144 35 
96 : 85 242 230 141 127 221 168 140 119 148 38 32 74 83 131 207 128 239 147 238 202 105 229 142 114 118 28 218 106 84 37 197 177 174 226 108 124 179 69 134 245 112 167 99 104 39 64 120 155 190 98 35 246 117 183 235 136 156 159 79 52 45 111 
97 : 191 99 226 102 62 87 137 145 75 95 36 135 108 169 90 158 205 138 63 27 130 194 185 101 213 244 124 241 141 234 48 115 126 152 82 54 37 207 94 144 28 192 25 147 168 172 98 246 114 70 238 45 53 79 203 220 189 190 233 33 180 149 110 176 202 227 30 35 84 140 64 78 165 
98 : 148 71 127 126 174 175 44 231 78 139 190 121 112 146 123 30 75 91 56 65 182 219 136 57 158 143 39 218 109 167 240 168 247 160 205 128 164 213 48 220 171 199 184 52 32 145 195 194 125 181 88 38 201 72 
99 : 181 188 123 90 80 194 206 109 202 84 122 67 232 52 76 96 79 75 184 145 135 89 186 61 117 214 190 
100 : 49 85 207 175 132 199 69 141 180 235 116 89 67 119 127 41 169 183 25 105 50 161 156 201 242 123 63 109 30 211 234 88 182 138 33 174 192 247 184 73 232 71 209 139 191 42 38 45 124 208 170 213 103 186 216 68 43 
101 : 176 113 135 31 93 201 208 227 221 103 40 218 228 127 203 166 163 63 220 140 215 231 116 74 52 194 45 126 29 58 
102 : 188 182 186 228 119 50 134 214 219 85 52 92 40 153 35 192 152 227 158 156 66 185 70 58 57 184 232 133 149 65 150 87 159 
103 : 227 202 81 107 231 44 199 156 185 208 230 126 125 167 124 71 105 132 213 66 134 79 214 41 75 239 117 87 150 36 219 99 242 200 220 55 147 78 177 101 40 217 201 137 120 122 161 196 133 111 165 119 140 76 112 136 212 243 179 148 25 61 151 244 98 
104 : 237 143 233 86 135 149 120 151 54 212 206 122 214 216 96 179 152 154 56 200 37 182 244 126 172 171 91 193 79 75 61 47 184 60 67 224 43 
105 : 172 69 195 129 209 240 171 45 115 99 105 34 106 225 196 85 146 82 189 131 52 200 122 245 29 176 
106 : 146 125 128 202 154 157 117 111 58 102 95 217 149 89 184 185 197 88 93 201 186 49 145 203 159 76 135 94 53 228 136 43 239 109 187 153 62 124 225 144 129 222 29 176 138 167 66 108 107 96 198 51 178 
107 : 197 242 215 208 174 211 64 37 112 187 53 42 61 134 160 57 99 230 56 48 126 202 247 222 41 45 82 194 46 157 166 181 140 77 27 209 80 104 115 123 177 169 199 233 127 85 63 210 135 227 60 228 54 201 172 108 30 83 182 143 
108 : 52 26 153 179 165 126 198 220 50 38 228 241 136 180 149 148 169 117 140 249 29 132 168 37 107 96 108 187 123 236 90 244 155 158 81 100 177 137 210 102 225 73 35 86 51 160 144 110 201 25 
109 : 138 90 153 142 80 76 245 91 129 40 201 105 46 157 187 146 78 83 162 137 118 196 55 156 135 230 208 126 59 92 189 173 199 140 177 87 94 191 132 238 203 98 
