0 : 144 129 90 91 87 192 123 152 217 132 161 28 200 233 38 188 104 40 182 96 102 64 227 88 141 89 48 187 190 173 186 
1 : 209 140 184 112 170 139 79 138 118 146 28 169 147 190 179 210 167 248 180 196 110 211 104 212 33 186 101 47 134 108 165 243 86 45 220 39 40 62 233 67 215 29 200 
2 : 235 43 176 33 162 191 52 169 223 34 178 111 135 72 107 182 165 156 161 45 202 209 218 44 62 220 175 195 125 240 127 88 32 210 138 207 187 224 214 77 36 233 38 124 110 123 126 65 239 190 193 82 166 63 42 158 85 246 237 203 92 86 192 163 216 25 140 196 117 245 236 238 248 103 171 194 
3 : 249 219 243 112 231 147 226 120 111 212 234 92 224 45 148 64 61 184 199 130 235 145 206 166 229 181 233 30 57 62 47 41 31 70 134 200 96 
4 : 155 117 134 35 55 206 114 89 216 43 205 151 29 32 119 44 143 173 136 131 248 194 233 73 75 133 214 126 58 204 38 198 238 48 
5 : 82 107 214 191 187 69 189 233 118 231 162 182 153 39 228 70 225 85 25 208 143 68 240 173 87 75 212 200 244 130 
6 : 211 80 209 70 186 54 119 87 76 41 90 142 107 180 219 222 30 115 61 94 86 228 73 148 116 104 114 42 192 185 229 58 84 214 226 36 196 48 182 108 62 106 189 137 176 175 215 126 43 118 71 89 103 172 249 91 151 173 247 143 85 213 237 166 224 128 109 93 248 
7 : 204 129 217 179 132 247 160 130 124 94 54 177 46 113 133 121 50 239 27 131 170 193 79 64 206 153 228 213 244 230 227 137 147 34 84 173 39 99 191 104 78 174 180 100 74 185 90 241 183 159 171 116 128 105 187 70 126 97 215 243 151 56 237 77 144 49 30 114 28 111 233 167 
8 : 191 119 188 174 197 198 218 81 46 66 201 26 115 62 164 32 84 161 44 225 116 34 33 199 203 136 29 231 163 130 153 207 237 158 168 91 226 39 170 165 78 43 145 166 182 142 208 53 178 138 76 28 200 162 141 97 74 27 205 175 41 102 235 120 122 202 140 99 
9 : 126 72 159 231 234 225 243 119 181 48 67 236 55 222 31 123 144 157 89 203 66 33 213 69 206 120 63 87 100 102 81 28 179 171 172 71 147 162 238 108 91 32 74 29 217 229 139 224 205 25 54 107 177 122 121 248 36 79 70 246 173 101 143 50 95 114 178 188 41 
10 : 95 63 121 211 152 213 51 56 147 247 187 65 60 182 130 136 221 89 175 195 27 229 171 148 231 74 218 125 77 234 166 70 246 106 30 96 178 151 128 214 46 162 35 194 180 
11 : 234 30 208 179 70 106 94 220 218 58 78 238 57 112 173 76 29 117 204 25 83 136 186 145 243 62 225 154 174 175 237 147 110 56 116 248 140 153 120 149 188 84 235 53 162 87 231 31 224 68 105 206 247 115 49 203 128 169 113 63 86 207 93 176 197 97 138 164 122 194 183 107 48 54 230 
12 : 185 28 105 156 74 209 135 184 73 153 226 152 57 196 45 169 121 134 247 55 37 151 233 110 186 126 154 164 25 128 68 119 87 77 207 136 38 145 208 178 229 80 131 27 231 36 51 94 234 113 141 180 168 248 163 108 125 202 106 193 158 69 175 35 147 54 144 103 242 206 129 249 120 88 61 211 114 85 177 241 
13 : 111 178 78 199 60 133 57 104 245 196 125 174 228 209 165 200 217 197 158 129 53 102 212 230 127 177 119 226 97 33 204 73 161 93 194 192 67 162 91 116 220 66 224 108 101 121 122 50 29 210 52 248 172 137 44 76 71 175 79 163 189 164 59 117 249 35 113 191 168 225 237 171 75 110 176 98 222 134 99 86 
14 : 216 34 209 105 200 67 201 225 77 220 109 35 81 224 83 39 87 187 188 102 111 113 119 31 38 222 107 143 44 96 75 57 62 45 120 97 73 218 69 28 40 68 233 117 185 100 118 175 158 210 29 123 176 79 56 115 164 65 76 206 92 71 101 204 36 171 131 195 37 169 70 237 
15 : 86 53 69 162 76 214 94 121 157 57 215 244 242 238 232 202 62 35 168 134 170 97 243 127 124 177 32 147 37 248 79 148 249 172 176 118 107 80 231 30 93 169 236 151 237 45 81 141 91 218 193 
16 : 27 215 84 202 123 162 237 234 85 196 38 44 200 88 108 104 193 227 182 239 232 54 238 32 137 75 72 47 101 217 171 28 181 205 136 122 87 240 146 98 26 83 198 128 
17 : 123 240 146 124 109 189 117 235 228 244 54 106 52 58 57 120 64 246 96 28 47 101 43 74 156 112 162 108 187 166 216 113 224 59 138 221 202 26 81 51 169 44 177 210 48 197 38 121 182 141 118 144 145 130 85 208 86 29 90 225 213 104 110 147 50 89 125 92 206 45 184 180 137 33 
18 : 130 167 112 244 179 164 109 176 58 180 82 169 222 55 95 168 133 166 110 131 107 90 216 59 108 197 183 33 178 64 67 232 200 114 235 73 201 156 237 47 170 192 194 217 38 66 101 56 115 57 81 149 147 89 88 193 196 162 62 75 30 190 220 129 70 205 138 155 152 224 63 226 186 225 78 241 102 135 97 
19 : 221 99 187 242 43 108 160 121 182 82 33 53 138 226 155 201 123 126 37 200 214 168 97 117 239 167 210 106 247 148 153 
20 : 205 61 35 233 81 211 41 214 62 160 56 189 31 70 78 176 200 171 84 248 140 222 69 235 210 
21 : 220 110 227 106 225 238 74 87 197 86 67 245 29 75 229 123 99 118 80 242 83 194 57 38 44 185 149 154 200 146 228 34 170 187 127 28 40 119 128 231 248 
22 : 43 212 93 159 142 227 149 31 120 206 233 172 28 207 237 102 176 170 25 184 70 115 208 185 76 104 162 
23 : 191 243 137 184 203 226 68 224 183 155 51 81 152 201 231 79 143 104 225 174 62 106 130 194 76 216 209 168 198 31 118 28 169 55 122 85 33 40 158 180 60 71 
24 : 90 152 144 178 107 157 91 246 209 134 112 162 182 212 224 244 142 220 168 118 158 207 150 238 188 67 44 145 108 80 81 34 193 87 218 58 121 55 133 96 177 109 169 61 136 194 225 29 167 164 73 43 88 99 97 72 200 149 36 111 239 70 247 94 28 104 223 60 156 153 32 155 198 140 176 181 240 31 68 
25 : 157 58 54 73 210 234 118 159 70 214 224 42 36 212 127 62 170 241 200 175 149 72 199 133 198 156 110 231 122 150 85 82 97 112 208 223 244 184 137 34 146 64 
26 : 208 69 67 134 224 59 49 88 44 197 243 188 73 167 143 60 116 146 34 46 152 184 86 220 215 131 234 232 76 246 79 45 99 111 107 219 247 216 39 172 164 129 108 130 127 160 207 186 121 179 145 125 115 240 155 236 163 66 150 80 96 193 110 93 222 37 135 27 38 100 204 89 214 182 190 123 231 227 117 57 36 211 
27 : 197 61 196 185 96 120 108 209 136 249 176 92 148 190 66 213 146 128 164 132 168 57 195 53 147 227 105 27 74 87 191 48 225 159 137 242 217 165 166 192 63 151 101 173 
28 : 29 148 45 70 183 144 129 181 111 132 188 71 44 150 143 40 59 118 179 72 221 217 124 66 232 168 182 79 231 160 227 37 68 213 110 42 180 196 218 89 192 194 173 26 102 236 185 57 137 94 248 184 36 212 48 171 200 109 77 169 167 28 120 156 81 58 
29 : 135 60 218 236 182 163 204 166 146 129 235 198 151 94 93 232 144 103 189 184 159 142 228 219 75 176 217 58 52 50 192 136 105 41 87 169 121 222 62 66 77 203 234 212 145 152 109 139 158 80 185 127 61 73 233 25 179 190 47 220 31 200 81 209 65 208 231 35 141 211 210 86 112 196 122 
30 : 138 84 241 66 176 39 240 173 196 58 213 194 184 218 192 77 52 224 207 42 86 140 56 216 129 189 156 188 246 206 38 70 36 46 31 109 27 69 245 143 90 111 152 40 200 135 102 107 48 222 128 235 
31 : 168 47 240 50 56 124 242 98 231 157 247 194 222 171 73 191 72 126 195 185 236 219 84 122 173 113 227 138 166 233 89 110 62 224 200 108 155 53 55 90 125 149 181 37 246 57 190 42 
32 : 220 148 41 31 122 56 35 59 231 51 132 249 167 197 98 58 129 188 206 177 131 113 149 26 100 193 242 142 
33 : 164 222 153 48 225 180 208 242 96 26 179 68 219 241 159 131 35 189 61 78 89 103 133 40 70 41 29 73 138 113 75 247 86 231 31 88 218 221 60 124 205 188 139 46 245 220 171 92 243 128 110 204 154 58 102 28 184 151 182 85 191 213 118 227 42 122 248 27 146 105 161 121 115 106 216 116 185 229 199 
34 : 207 101 206 110 203 91 26 27 237 103 96 232 190 179 121 156 60 141 195 225 154 245 63 219 74 247 123 85 220 244 79 137 149 31 75 155 29 239 135 211 54 180 235 68 102 221 88 42 166 194 124 159 47 128 
35 : 172 82 132 157 27 61 113 71 48 150 239 108 159 242 56 78 209 33 121 199 231 232 155 29 153 46 191 134 190 50 248 99 189 233 249 62 105 202 175 230 238 178 226 210 151 63 
36 : 83 73 132 44 219 58 69 143 112 126 179 247 167 223 199 54 172 41 147 88 165 177 40 213 97 187 150 211 231 176 116 91 241 104 70 31 136 232 157 137 210 215 145 244 107 92 93 217 64 226 28 135 111 42 95 148 214 203 
37 : 69 29 240 83 205 106 150 233 91 27 213 100 68 202 228 128 116 152 76 224 114 125 206 140 111 101 105 162 95 98 175 119 192 138 208 90 174 104 124 81 144 234 112 246 136 235 183 172 163 170 193 164 171 211 167 165 176 219 63 159 127 41 179 26 226 50 89 173 123 31 238 67 157 184 189 60 223 102 225 222 44 
38 : 106 144 236 104 42 218 201 52 200 28 62 105 179 82 83 203 134 26 48 130 243 226 205 39 150 96 185 75 206 32 78 152 76 97 186 88 224 119 208 210 127 110 220 225 100 242 64 43 94 71 45 102 229 165 99 38 162 61 124 81 194 188 237 
39 : 229 124 185 75 196 216 238 56 85 232 92 151 214 146 155 28 242 207 78 91 222 61 132 220 221 88 29 40 225 102 99 86 235 241 234 136 44 154 223 65 148 35 43 195 53 182 237 171 244 118 202 
40 : 75 55 202 181 114 174 161 73 240 168 94 63 37 156 157 236 110 183 205 80 101 121 124 99 238 34 186 98 38 89 190 139 178 32 159 247 25 122 129 249 48 248 44 97 152 135 229 78 162 123 212 137 77 41 220 217 154 62 31 100 126 203 228 
41 : 126 149 158 163 181 62 118 152 37 138 226 225 76 176 74 242 58 232 142 161 67 145 171 84 165 88 
42 : 203 100 60 176 241 211 73 177 37 212 79 26 160 132 131 114 137 121 180 152 223 237 44 139 113 247 43 74 134 190 220 64 93 210 30 175 99 110 101 52 124 234 32 130 233 123 65 166 63 236 165 235 104 141 229 215 35 83 193 46 57 108 231 85 227 197 150 146 249 54 
43 : 195 77 175 31 186 55 63 193 38 147 177 81 232 189 51 182 46 109 180 56 218 235 211 171 78 114 248 115 221 41 225 101 150 201 44 64 45 226 192 198 191 112 118 132 210 151 27 80 168 103 25 120 219 135 
44 : 228 90 161 36 67 112 220 192 64 180 77 113 57 69 72 35 133 115 151 160 182 186 173 198 169 224 185 238 154 125 178 65 208 49 52 27 132 239 194 207 144 38 175 232 
45 : 149 28 156 218 146 238 56 186 157 67 64 204 225 95 114 107 71 213 47 63 178 244 249 183 159 102 38 205 27 193 84 96 91 168 181 130 
46 : 47 26 50 95 233 220 68 72 25 155 90 126 42 248 203 91 99 193 176 98 35 61 245 84 45 137 54 236 201 36 171 197 33 
47 : 174 186 105 47 195 145 179 223 69 147 220 58 203 86 75 95 71 157 247 175 200 29 101 83 44 136 87 155 37 202 189 226 134 143 63 40 55 72 30 60 199 240 57 201 169 210 217 84 82 92 182 181 38 124 77 227 
48 : 237 232 195 72 67 53 69 28 167 230 114 242 125 90 201 71 118 207 25 27 202 235 58 83 139 247 239 79 209 49 205 108 171 144 66 93 212 42 121 132 128 174 52 99 133 156 221 
49 : 240 235 71 40 241 167 55 236 216 138 118 61 43 117 190 199 214 226 168 203 68 212 238 225 28 191 56 189 36 89 34 126 172 196 25 35 124 116 156 208 105 64 152 193 218 106 161 162 246 53 103 
50 : 241 230 181 62 39 164 67 31 112 154 222 193 93 100 158 91 136 109 46 218 96 159 118 210 132 92 147 175 98 78 155 126 216 138 188 121 177 203 106 157 68 104 213 
51 : 91 84 52 174 59 232 60 153 85 154 148 104 64 92 200 242 176 181 82 46 140 173 226 182 249 
52 : 108 81 193 240 189 196 92 201 125 26 174 135 223 117 127 40 82 69 63 73 234 71 98 203 83 48 110 198 161 139 210 44 46 79 58 224 137 131 95 208 96 31 59 230 231 33 53 52 105 246 157 29 141 50 163 106 238 133 182 148 218 152 158 172 199 103 209 32 56 93 202 
53 : 157 75 30 215 115 158 174 211 170 147 60 88 131 225 97 84 41 80 126 65 196 229 63 154 119 209 227 151 132 76 221 161 108 
54 : 131 76 234 57 46 146 103 247 179 172 201 197 33 79 108 27 165 121 52 110 196 128 212 232 28 43 39 127 136 161 123 29 48 151 235 113 132 86 96 90 44 114 244 207 34 195 31 124 77 248 104 118 176 182 75 65 239 69 71 170 95 26 167 190 198 174 214 117 68 99 144 72 
55 : 90 169 162 79 81 215 51 46 206 45 58 103 246 212 102 243 122 66 184 113 107 229 174 235 60 149 25 173 67 83 197 244 189 112 110 164 54 99 39 118 48 121 167 232 137 153 85 120 225 133 
56 : 26 52 238 172 141 168 81 59 118 119 95 151 198 183 222 217 167 146 226 153 98 78 66 201 236 190 241 165 113 130 91 29 57 101 224 174 129 191 89 199 93 240 25 114 202 133 206 54 237 117 158 147 185 194 73 77 218 143 124 162 92 176 225 
57 : 124 175 59 101 194 148 74 97 47 129 98 168 46 238 65 43 239 214 136 198 241 222 223 68 172 132 200 149 139 72 156 76 120 217 213 137 209 62 73 125 167 51 231 67 206 34 32 158 49 220 164 143 70 
58 : 66 167 46 111 245 94 104 234 205 85 187 197 154 200 50 113 226 133 38 194 36 170 244 204 166 137 79 106 184 109 119 142 61 196 65 40 29 177 171 64 163 76 201 114 232 160 73 228 80 30 233 93 52 241 198 223 145 159 
59 : 188 77 166 167 48 190 164 101 68 210 245 192 80 242 100 85 230 131 205 199 111 238 110 78 235 57 224 40 122 62 221 240 200 173 36 87 217 159 31 218 207 83 201 84 182 137 88 112 179 
60 : 212 150 205 117 168 69 216 44 185 160 233 177 75 126 223 200 204 244 169 127 224 237 91 210 37 84 211 207 28 107 154 87 147 63 174 246 98 229 245 41 92 249 138 165 27 172 132 148 97 171 218 83 65 201 36 71 151 52 59 189 215 137 240 247 139 
61 : 38 31 168 207 140 70 123 243 203 111 238 175 224 115 231 180 161 229 135 98 69 136 164 249 74 121 248 
62 : 45 100 148 120 242 170 232 182 102 124 25 206 241 114 208 207 214 181 34 244 176 175 32 42 28 31 140 101 130 53 236 151 121 144 57 249 158 64 36 155 33 48 238 40 202 248 218 237 183 
63 : 84 96 164 160 26 158 186 201 188 159 156 128 167 50 125 121 230 27 207 59 133 134 220 169 116 226 213 249 90 32 41 199 66 77 205 248 155 195 31 174 194 130 88 242 184 43 33 70 146 35 46 165 36 247 
64 : 240 151 39 160 198 217 71 169 84 189 194 173 163 184 185 142 92 70 180 133 53 212 76 222 132 75 106 186 62 207 36 241 206 145 234 83 58 59 177 135 56 239 134 116 197 204 81 124 125 209 123 215 200 156 66 42 29 74 99 220 232 77 246 54 213 127 117 94 172 100 219 37 
65 : 215 234 74 172 173 185 35 64 100 30 225 111 224 159 243 99 107 46 209 37 106 95 193 58 91 162 97 139 89 160 154 145 228 122 40 246 128 195 57 82 140 115 198 
66 : 241 114 249 62 232 228 192 187 233 79 195 120 76 180 41 94 118 122 245 89 129 64 139 179 84 157 60 154 165 25 26 174 156 190 215 126 35 164 93 141 133 158 91 184 37 61 127 57 152 42 225 50 68 181 217 
67 : 74 180 207 109 172 161 160 52 242 93 202 168 169 99 228 125 216 94 164 96 83 137 43 165 67 59 210 199 246 159 148 26 
68 : 243 186 56 134 196 123 49 41 86 163 66 221 240 171 57 82 129 70 60 127 219 75 158 216 188 40 138 99 193 246 124 197 31 64 224 125 43 95 147 53 222 79 33 93 118 190 215 88 52 98 
69 : 192 150 202 137 169 98 156 179 231 229 116 68 201 81 72 178 56 89 197 220 127 47 82 87 225 34 230 108 114 101 37 69 58 207 131 148 32 92 235 78 26 110 185 221 136 188 117 123 177 100 57 195 160 239 203 175 50 198 109 31 121 139 155 196 36 85 
70 : 51 43 61 179 95 110 86 219 108 126 191 85 29 228 112 144 31 111 225 65 75 138 133 187 26 198 55 71 143 202 45 109 39 93 183 137 147 106 54 224 99 229 56 74 131 196 237 188 30 69 158 193 232 46 234 170 
71 : 65 42 172 224 69 130 157 51 116 35 140 246 232 214 38 247 55 78 162 205 243 195 228 242 138 33 81 178 36 88 207 149 129 182 117 240 74 84 26 190 249 141 146 126 98 83 31 236 186 216 121 106 171 50 101 76 63 238 244 154 234 237 
72 : 54 53 78 127 132 41 193 129 167 130 179 166 61 115 218 48 37 99 186 159 114 210 88 154 121 208 38 39 225 65 68 173 26 223 34 89 203 
73 : 158 58 103 115 168 68 152 35 242 112 167 106 135 126 47 43 70 180 177 73 146 144 151 142 243 141 29 214 190 143 248 99 232 61 230 102 241 222 34 66 57 194 26 88 55 245 71 54 120 60 129 227 46 116 182 31 130 105 247 
74 : 69 54 120 221 229 72 162 85 48 222 212 88 136 184 82 45 165 141 194 111 146 107 121 150 244 46 190 91 63 79 249 167 174 28 149 192 38 172 215 241 166 84 109 230 92 101 26 62 138 228 37 210 157 175 202 242 147 196 191 94 238 161 200 99 164 50 124 206 
75 : 182 56 199 156 146 32 43 160 231 28 109 66 103 85 86 36 206 193 69 174 159 140 71 192 176 138 126 230 197 98 194 247 112 186 91 223 38 101 107 149 234 134 90 61 221 243 72 89 127 44 120 235 
76 : 166 135 28 212 242 196 191 61 116 180 110 206 169 153 222 68 101 207 111 237 217 194 114 45 234 232 245 161 134 137 193 201 38 31 102 81 121 69 210 75 97 47 141 183 95 30 223 181 173 105 129 71 211 213 89 123 185 39 238 170 27 113 
77 : 109 223 196 38 134 77 82 62 211 132 39 151 208 216 156 148 164 129 120 32 137 214 179 123 58 171 28 46 219 90 180 114 72 218 221 203 50 106 75 87 226 217 158 159 83 206 98 150 155 133 242 93 247 240 142 141 243 34 110 186 56 197 125 54 45 207 27 188 182 233 66 154 118 84 135 101 167 40 227 237 
78 : 52 204 78 168 196 143 135 50 92 90 107 208 221 201 198 55 247 72 207 66 60 68 62 192 114 141 163 175 161 51 41 28 123 146 190 70 117 36 217 67 180 176 248 164 149 140 95 29 225 131 
79 : 227 94 127 233 238 161 199 36 131 42 160 164 158 40 220 100 204 239 29 44 27 45 159 33 222 117 70 
80 : 101 66 184 241 219 33 67 84 63 94 139 92 164 229 231 147 96 43 249 25 111 50 135 138 212 81 200 89 151 114 203 190 181 233 68 128 136 165 125 160 57 65 64 206 62 232 28 129 172 99 98 149 56 148 42 218 216 29 49 32 132 116 104 169 158 131 
81 : 194 87 100 229 249 204 236 247 170 73 191 155 176 75 143 162 167 182 201 246 128 187 151 156 152 105 239 113 141 110 145 
82 : 134 61 218 191 124 235 213 139 174 209 227 28 170 67 108 217 125 234 40 237 211 224 210 115 107 166 95 187 99 119 
83 : 235 172 32 242 50 249 83 226 203 198 129 31 189 199 240 221 98 121 234 60 33 225 54 145 163 55 80 56 68 71 178 151 
84 : 133 119 219 248 181 132 35 164 53 85 174 39 55 191 131 96 169 63 171 158 245 86 179 118 215 117 228 162 182 46 139 65 229 225 156 183 240 149 235 238 192 212 218 236 209 246 176 81 30 160 40 157 244 144 142 159 97 197 180 224 44 163 130 226 31 239 223 101 216 136 217 94 200 120 123 140 74 210 147 76 56 78 
85 : 144 89 48 124 103 37 233 64 235 174 243 219 190 90 214 125 49 61 247 180 229 181 71 25 182 59 127 30 66 51 42 83 248 38 137 149 236 169 87 118 205 112 207 
86 : 67 176 237 230 183 122 92 119 174 74 85 53 112 170 215 166 154 103 30 49 124 61 155 188 48 120 86 47 238 127 27 66 219 156 190 93 28 153 138 243 244 108 224 178 68 137 229 34 158 88 106 143 151 29 83 152 249 233 240 128 228 245 
87 : 117 204 74 147 41 239 32 56 211 45 105 177 232 136 163 162 35 79 77 84 97 78 104 173 39 152 243 149 193 93 179 108 43 34 231 224 154 
88 : 98 102 193 92 69 129 143 77 134 73 80 138 107 152 75 109 46 27 71 236 166 188 158 211 60 199 64 237 141 135 190 112 156 121 93 128 36 184 157 248 227 140 149 212 61 164 196 209 148 179 150 230 113 163 186 153 170 200 239 103 214 42 81 34 139 228 226 232 63 249 39 159 
89 : 27 129 94 158 236 100 69 196 90 174 211 213 128 37 184 249 29 47 79 108 156 61 91 138 99 193 204 208 86 40 97 167 157 53 83 185 70 
90 : 125 198 153 184 32 243 131 92 57 39 119 55 42 192 67 71 72 118 68 165 246 249 229 109 162 84 242 220 225 203 25 196 193 154 62 81 31 106 33 137 205 127 34 91 27 54 180 122 88 135 126 101 143 121 53 164 169 60 217 167 134 209 59 105 227 96 238 189 73 
91 : 200 82 224 215 68 156 174 195 106 70 25 56 112 130 36 32 141 34 170 61 245 86 149 123 148 30 60 98 240 153 192 53 158 159 117 162 73 197 64 113 47 157 63 191 95 225 133 151 217 26 91 216 198 49 87 55 163 116 125 135 155 54 171 230 57 188 33 164 233 150 93 
92 : 175 183 142 197 154 149 189 202 57 209 220 237 143 86 246 131 138 105 158 173 155 72 176 130 185 27 236 29 109 44 229 100 45 85 90 198 140 49 218 51 119 223 195 69 34 
93 : 190 46 53 140 161 80 179 143 173 135 184 72 193 164 58 39 87 247 50 26 217 29 166 185 122 132 226 142 218 138 81 220 211 172 31 76 210 215 63 136 233 152 64 
94 : 139 70 147 143 106 116 192 178 27 102 161 228 76 244 108 221 43 142 210 173 32 107 151 123 177 119 153 144 198 54 35 25 137 91 207 140 80 157 79 202 235 62 152 56 141 199 217 225 170 71 145 218 110 53 114 92 95 215 164 98 100 182 66 150 227 103 132 169 233 159 87 129 55 42 
95 : 123 167 43 51 48 81 232 39 174 143 32 59 157 185 57 117 127 190 155 245 176 45 184 77 215 124 212 35 231 249 226 203 67 34 161 80 76 91 84 92 87 29 166 169 62 173 247 60 142 110 131 202 108 151 235 119 27 182 63 104 37 122 140 112 53 192 205 61 41 197 172 211 233 89 95 201 133 183 49 141 139 99 
96 : 186 233 164 65 69 203 198 45 66 178 40 101 166 163 106 247 237 126 76 138 193 201 36 74 53 235 83 72 111 57 132 86 144 27 147 41 180 87 109 135 116 
97 : 200 37 210 196 26 144 244 151 73 63 28 247 107 154 103 91 81 188 158 161 209 241 65 238 105 137 72 121 205 212 168 112 86 
98 : 44 122 174 175 130 195 136 146 113 86 68 176 29 72 212 115 205 42 228 236 137 97 129 200 233 138 120 67 132 183 26 225 202 147 186 32 107 203 173 214 154 39 230 172 58 232 153 241 99 71 37 248 50 66 242 156 184 249 219 62 207 167 247 90 148 105 213 
99 : 82 68 121 212 177 245 67 175 98 147 206 143 57 139 231 156 172 45 52 162 37 240 247 204 135 34 163 128 41 148 
100 : 190 172 223 32 210 37 207 221 110 216 162 97 194 81 173 247 236 40 209 86 233 56 238 246 141 153 35 61 164 112 111 229 113 228 192 143 232 214 184 79 60 182 90 39 108 41 66 202 136 227 42 65 156 142 215 57 102 199 36 248 31 25 76 26 59 117 92 43 197 201 241 133 175 
101 : 121 137 97 116 143 141 76 138 192 176 33 59 165 130 103 163 92 32 169 84 45 63 204 114 50 67 99 115 126 90 194 87 38 89 58 55 200 88 112 104 242 26 210 236 46 247 81 235 229 233 153 224 158 95 101 108 49 25 156 181 93 83 215 234 226 
102 : 51 63 126 139 99 83 116 34 58 93 190 144 40 97 149 234 27 166 76 37 241 138 196 84 214 38 163 156 167 110 54 96 75 154 222 113 47 223 245 213 
103 : 171 144 207 168 122 238 129 151 149 214 178 58 43 185 106 69 66 179 174 204 128 211 210 166 59 182 141 130 33 36 62 220 226 145 137 155 240 75 94 156 120 242 237 195 57 216 140 
104 : 113 216 246 107 215 120 204 106 202 74 93 167 95 80 82 239 177 42 59 223 75 51 161 138 224 247 203 118 135 225 186 238 41 96 91 190 81 244 124 26 94 221 97 193 163 83 212 241 100 191 187 156 111 84 140 31 189 130 169 219 201 112 62 158 78 126 174 164 144 88 61 249 68 213 49 35 139 134 44 43 53 
105 : 204 229 231 193 130 177 247 78 80 224 239 36 60 245 99 67 38 151 71 85 68 133 109 169 194 
106 : 31 241 28 107 139 143 179 33 150 32 184 247 95 105 215 144 62 208 149 81 163 63 103 164 118 155 242 26 93 64 246 197 38 77 50 134 226 131 169 36 87 243 219 162 88 201 111 137 204 69 214 183 86 106 128 248 181 66 121 113 159 70 146 58 
107 : 26 109 85 38 193 129 219 148 46 49 244 213 91 140 124 126 122 69 186 206 115 56 87 242 144 158 231 147 234 112 89 145 224 143 40 106 100 177 246 217 
108 : 193 95 99 77 63 138 76 157 140 47 203 86 74 119 231 179 205 242 88 226 136 186 39 101 45 115 212 162 85 108 161 238 228 64 111 234 58 66 148 31 168 46 236 51 27 68 183 70 173 38 188 191 92 178 223 102 128 181 72 141 235 160 57 131 158 215 81 163 60 83 206 249 120 244 189 32 37 224 79 40 93 
109 : 95 200 78 193 63 52 162 203 102 53 157 31 119 188 104 96 161 71 227 128 213 50 182 218 208 110 154 65 
110 : 34 136 54 243 229 222 140 212 182 45 56 92 141 155 124 216 238 170 29 227 191 91 160 139 205 164 62 237 128 220 192 36 
111 : 69 145 138 36 223 174 102 195 54 209 107 197 248 158 98 37 122 221 213 142 93 38 46 202 224 120 190 243 210 130 65 125 115 121 241 228 83 154 39 26 100 186 168 70 199 214 45 156 97 35 60 27 109 86 127 236 
112 : 51 201 58 171 183 222 102 87 45 186 59 91 197 95 142 78 193 50 123 194 110 126 86 104 71 179 172 220 168 92 131 209 240 157 65 74 134 233 185 248 61 188 
113 : 187 75 163 230 101 49 223 156 58 174 245 52 198 238 109 144 61 119 40 63 229 129 27 146 127 152 98 80 192 50 240 38 207 169 118 186 87 185 234 153 166 131 107 128 214 123 215 25 179 148 242 120 108 197 66 173 219 130 36 133 42 175 138 155 105 158 67 89 141 
114 : 244 181 47 249 43 26 161 237 172 147 236 198 232 77 127 123 179 169 176 62 38 36 160 228 133 182 171 203 209 166 189 245 
115 : 54 92 179 237 125 67 211 91 243 131 74 71 90 57 160 149 46 170 233 52 166 152 133 212 50 154 238 119 56 104 75 168 107 178 129 122 209 27 121 66 127 187 171 146 221 47 96 137 120 247 162 108 106 95 70 138 206 143 228 197 63 88 165 
116 : 52 80 54 223 192 128 110 214 137 237 29 171 249 60 208 61 144 62 104 148 99 27 26 34 118 115 89 67 42 58 107 44 172 39 199 
117 : 33 244 176 150 109 220 42 173 69 79 230 39 239 110 95 217 112 26 224 156 44 213 91 172 177 53 101 151 83 234 170 134 121 85 76 63 65 72 103 37 193 221 139 92 142 184 125 235 48 59 55 105 199 30 233 
