0 : 95 41 83 43 68 93 26 47 64 10 76 57 32 9 77 16 97 55 2 50 5 85 23 
1 : 84 43 45 31 95 74 90 52 47 60 96 70 58 15 10 9 62 76 75 65 32 22 6 23 20 81 83 11 69 7 48 36 63 13 21 19 39 93 29 80 53 50 99 97 88 78 2 42 94 12 77 46 24 
2 : 17 25 74 9 10 15 82 38 79 49 65 52 66 32 96 1 72 93 
3 : 6 84 32 87 37 53 46 10 61 67 86 25 54 74 42 18 40 65 72 19 16 80 9 70 82 14 22 12 26 20 21 3 4 91 77 89 78 75 36 23 79 
4 : 53 12 31 74 5 37 32 21 66 8 20 82 89 95 85 99 69 86 90 15 41 72 62 88 13 42 29 78 6 96 23 63 19 79 39 1 70 17 14 87 30 50 54 93 34 76 22 94 4 81 16 
5 : 4 53 31 55 82 75 15 48 32 3 54 21 13 63 94 60 6 58 1 50 28 24 8 43 97 17 59 87 99 49 52 26 7 2 89 41 57 81 39 18 76 71 
6 : 12 34 8 67 4 63 31 53 54 76 73 25 27 88 57 70 60 35 61 33 78 91 14 
7 : 4 1 68 70 10 74 8 49 69 51 50 14 58 83 52 30 18 66 79 
8 : 48 63 
9 : 21 83 
10 : 40 81 85 49 11 14 70 54 97 37 68 20 31 99 26 
11 : 87 82 58 74 14 24 27 46 54 29 80 99 70 78 55 3 77 96 25 12 22 93 89 56 38 28 17 39 20 65 16 10 35 91 9 45 42 51 36 61 73 92 66 15 23 52 
12 : 56 26 4 32 96 69 68 13 2 38 33 77 55 25 27 16 3 80 58 19 18 86 99 28 71 65 92 79 34 14 60 31 91 51 74 90 89 50 45 98 44 59 70 72 83 75 24 12 84 20 94 22 97 63 57 10 95 85 5 49 15 41 36 54 
13 : 40 12 10 16 11 6 46 39 80 26 97 27 53 84 90 96 29 81 77 64 44 43 20 51 69 15 19 73 63 87 35 82 24 95 88 25 37 65 23 50 66 22 49 36 41 18 42 48 72 68 76 70 
14 : 3 
15 : 65 85 64 69 15 90 17 61 52 45 93 7 28 87 39 89 71 99 79 67 34 13 56 31 10 3 84 36 58 75 60 18 1 66 83 81 77 11 78 95 57 29 41 9 35 22 42 32 21 54 86 55 12 51 23 68 82 74 
16 : 89 10 40 33 43 44 83 13 92 79 39 53 24 91 32 93 31 58 4 29 37 35 74 70 21 8 28 95 34 26 60 48 38 69 49 56 22 23 7 61 76 98 6 57 90 2 46 71 86 97 54 12 18 14 94 59 63 87 45 77 17 1 15 78 20 80 16 11 
17 : 12 48 66 69 54 49 7 85 93 20 90 58 63 17 47 15 82 40 70 80 38 35 36 37 2 97 56 33 21 86 3 96 29 84 52 73 64 75 76 88 50 27 59 53 14 57 24 55 43 8 79 13 92 25 34 81 19 16 89 
18 : 95 56 97 77 3 40 18 44 16 38 92 15 73 69 43 94 91 60 5 80 45 89 59 
19 : 48 26 31 44 20 99 5 54 16 92 11 87 30 18 35 37 77 47 58 
20 : 90 12 88 65 52 31 72 34 79 25 55 66 44 47 39 9 48 69 93 89 1 49 50 35 15 85 68 71 54 6 97 73 74 37 94 4 92 10 61 21 
21 : 52 48 3 41 45 91 62 17 70 81 67 39 24 0 19 53 16 29 54 79 44 30 65 37 14 11 20 36 8 22 47 26 57 86 77 61 7 10 18 66 93 96 94 56 49 46 59 72 97 87 1 82 
22 : 84 19 41 65 24 53 1 18 87 96 50 13 
23 : 37 63 35 61 34 30 4 73 9 14 40 88 54 80 96 89 71 
24 : 
25 : 38 84 56 60 75 44 14 19 48 36 94 76 24 91 8 51 70 67 69 3 25 33 82 5 58 13 43 18 55 45 71 57 72 26 66 49 87 85 73 20 2 1 15 81 40 53 92 9 34 78 21 27 7 41 80 63 54 37 61 52 42 95 29 77 31 32 16 
26 : 71 12 42 34 9 17 22 25 97 11 93 21 19 81 51 95 66 5 
27 : 79 48 0 27 98 1 11 93 85 10 21 29 69 71 8 55 90 49 39 47 44 13 89 84 77 38 97 94 74 68 59 86 42 57 62 37 96 15 12 92 81 82 35 75 14 28 23 53 61 45 64 16 26 58 65 54 88 91 9 
28 : 43 5 68 18 22 63 9 33 15 
29 : 20 3 48 8 69 98 36 40 34 73 44 83 99 41 72 30 92 87 26 90 65 27 59 42 50 
30 : 3 48 13 95 53 96 8 34 49 20 91 88 90 55 89 45 25 
31 : 53 24 80 89 21 10 54 41 71 58 45 65 23 27 7 29 43 55 28 91 93 90 42 33 81 92 87 17 30 48 12 56 66 18 60 1 77 86 95 79 39 78 59 19 84 14 96 0 74 76 3 20 25 13 26 88 85 15 37 98 49 69 4 83 44 75 
32 : 98 12 40 85 97 52 92 80 53 91 89 69 35 65 54 73 20 33 76 48 90 4 60 13 21 78 61 34 72 95 96 0 22 64 81 66 87 51 7 5 59 15 62 16 79 74 1 84 47 30 10 9 36 42 11 25 3 57 46 49 75 38 82 58 2 70 18 94 
33 : 73 80 23 41 71 79 49 75 19 58 57 
34 : 2 1 38 34 67 54 51 22 62 60 61 70 79 75 88 19 5 94 27 31 33 76 74 64 89 66 10 8 82 15 47 81 
35 : 61 40 23 71 3 25 46 90 19 67 
36 : 43 39 96 88 71 64 45 97 85 58 35 32 10 53 51 40 78 90 41 11 23 38 69 7 62 24 2 27 95 18 36 47 87 37 66 74 82 34 13 16 52 9 15 61 19 81 55 22 73 54 44 42 91 94 60 28 56 17 72 83 31 50 89 14 
37 : 6 22 
38 : 38 35 10 71 85 66 30 48 51 84 58 87 
39 : 2 70 89 20 84 98 93 7 27 
40 : 31 65 84 72 49 37 32 67 16 19 74 1 80 93 34 78 77 97 95 56 29 87 13 58 53 62 52 66 
41 : 89 48 21 72 1 52 6 20 36 78 63 93 13 79 53 68 49 74 39 29 94 4 45 51 17 9 85 3 90 28 66 7 88 71 60 
42 : 61 79 22 80 13 63 57 8 82 75 73 58 29 50 42 72 5 74 14 17 71 59 84 68 70 55 3 81 26 87 25 52 4 92 95 2 18 23 89 93 43 97 33 16 32 64 60 49 44 88 78 47 98 56 90 35 
43 : 50 80 71 30 46 49 93 86 61 48 62 31 89 36 27 43 73 15 21 94 25 14 
44 : 96 23 46 26 4 72 21 90 84 78 31 47 30 35 50 97 68 99 36 71 41 19 52 27 38 83 12 14 62 25 11 49 43 28 2 5 37 63 88 24 48 3 86 77 89 34 53 81 1 59 91 6 10 39 56 60 65 80 17 74 
45 : 62 58 53 16 25 31 15 99 2 24 98 40 14 65 21 17 88 66 34 54 10 75 38 52 23 91 47 90 44 92 97 96 
46 : 13 77 22 44 10 71 78 45 59 81 92 60 75 97 63 33 39 42 96 29 70 52 18 6 3 17 23 69 89 
47 : 37 54 
48 : 17 71 23 79 14 86 42 99 37 22 28 92 68 46 81 74 82 63 8 26 89 64 48 33 31 84 77 80 69 43 44 76 90 13 49 9 60 35 91 87 3 4 24 36 30 67 75 38 93 19 73 66 15 70 51 57 83 1 41 59 
49 : 7 48 66 57 99 93 13 85 43 50 39 5 84 94 54 37 59 92 32 61 72 21 24 55 10 98 89 22 
50 : 42 98 5 2 64 49 20 79 22 11 92 43 17 88 87 32 21 50 33 15 51 76 68 4 69 54 30 90 86 70 62 66 45 39 12 53 65 57 3 14 96 83 23 95 67 6 7 94 
51 : 76 17 78 2 93 22 38 51 91 71 40 41 59 
52 : 93 10 53 79 16 51 49 47 85 98 0 46 41 87 21 37 13 30 6 82 92 86 76 5 88 34 40 81 3 22 43 89 67 31 96 38 65 36 54 72 7 45 60 25 29 9 2 52 39 99 4 15 23 24 50 70 48 71 
53 : 90 29 91 9 77 48 30 67 51 59 50 41 6 40 64 66 60 78 35 47 45 27 73 70 
54 : 59 67 31 19 20 74 15 86 84 70 46 43 35 91 88 23 48 29 82 79 21 98 27 45 81 89 9 39 24 13 28 65 99 
55 : 38 72 51 34 42 17 99 67 26 9 62 12 63 50 96 22 20 13 16 18 19 41 55 93 70 14 30 23 24 58 83 27 85 8 71 80 11 59 79 81 0 94 32 36 5 84 68 28 45 43 10 49 88 77 66 78 89 1 90 87 91 98 76 40 
56 : 19 94 56 49 75 8 89 48 26 27 53 63 32 7 22 69 88 28 29 23 57 87 21 85 24 20 80 2 65 66 45 
57 : 26 9 73 55 12 39 49 4 80 20 52 61 18 53 0 27 68 54 87 29 35 43 60 81 13 44 47 2 91 67 85 58 75 98 1 96 74 94 99 77 89 15 28 31 33 64 40 21 70 6 48 92 93 36 17 65 84 82 7 23 90 
58 : 39 72 37 19 40 52 13 80 79 99 8 86 64 85 94 78 68 50 77 22 24 56 65 17 74 43 5 75 61 10 69 32 93 42 67 53 59 76 84 34 98 90 38 12 23 7 28 57 20 54 45 83 36 47 58 88 62 55 6 29 35 15 91 3 
59 : 20 71 9 53 68 28 46 91 85 47 87 39 89 44 16 26 13 36 38 32 66 57 4 27 18 51 3 30 62 48 7 77 70 90 43 98 14 76 0 42 63 25 96 49 81 82 12 8 56 11 41 29 80 23 5 79 58 34 10 
60 : 87 81 71 43 61 89 70 45 18 2 5 78 41 95 17 77 92 37 67 36 31 54 40 57 98 83 25 47 84 96 35 64 46 68 63 16 8 13 21 76 80 79 23 72 15 93 20 19 0 44 88 
61 : 74 
62 : 83 25 18 99 72 81 17 5 57 85 87 46 69 15 55 16 82 35 37 91 8 27 68 93 86 29 50 76 48 97 52 84 61 43 31 92 28 77 79 98 90 40 9 36 65 56 62 88 34 64 51 60 26 0 42 73 38 7 2 71 23 75 45 
63 : 76 88 52 4 74 94 73 82 84 43 26 12 68 39 89 65 80 59 31 66 61 35 30 81 46 53 83 55 54 47 40 56 63 9 37 91 98 77 23 18 51 95 32 69 13 93 16 85 62 24 
64 : 29 31 21 79 47 24 37 98 58 0 94 38 96 45 70 43 87 30 23 9 
65 : 36 5 28 23 33 48 11 53 41 50 35 49 89 71 10 46 74 38 97 37 94 0 77 26 12 31 72 64 83 47 
66 : 89 68 88 55 70 13 51 78 46 85 
67 : 48 77 22 52 9 21 2 
68 : 22 55 26 23 76 19 44 68 89 33 9 0 20 60 37 77 5 85 72 12 28 78 62 21 59 94 82 64 47 83 66 58 79 8 56 49 99 18 34 39 42 97 38 87 73 25 31 71 91 17 96 1 43 50 35 90 46 69 88 3 74 27 98 4 
69 : 33 38 85 7 45 97 14 18 65 53 55 63 44 61 84 39 22 73 41 43 2 88 25 6 83 21 62 
70 : 13 59 14 50 95 65 37 70 78 87 0 10 18 68 63 85 58 16 64 44 89 33 69 62 52 51 99 12 3 97 35 76 79 41 6 20 36 71 26 45 80 66 47 67 43 40 93 34 21 4 91 60 94 
71 : 63 95 85 4 7 90 35 49 30 83 3 6 48 80 88 78 15 50 94 46 96 98 23 37 32 17 34 21 25 26 13 1 64 44 16 93 59 71 89 22 42 84 40 36 60 67 52 56 75 20 41 29 33 55 24 62 39 54 61 87 68 11 76 8 
72 : 31 97 34 27 70 49 18 98 67 42 86 21 58 72 38 78 50 48 57 10 89 61 82 2 81 75 62 11 12 6 91 25 17 47 43 99 32 74 76 22 40 39 15 60 90 68 8 63 56 94 30 59 55 53 69 80 
73 : 50 89 84 79 64 61 90 40 97 49 98 12 85 56 1 92 46 52 68 5 26 45 38 54 18 94 82 57 2 93 16 11 76 88 51 74 22 78 23 44 35 71 13 59 33 41 8 55 95 39 30 75 67 4 37 
74 : 42 57 78 90 13 15 74 29 86 53 73 41 59 56 75 70 33 87 98 66 10 94 44 24 18 19 46 63 
75 : 91 63 12 97 39 80 76 23 9 87 47 20 56 7 15 67 62 43 69 61 16 6 64 30 14 89 86 13 27 40 17 99 75 65 31 48 72 50 52 77 
76 : 43 
77 : 56 69 12 99 93 15 87 29 39 85 50 71 3 88 2 66 57 97 17 80 53 40 44 1 91 36 82 67 43 95 92 11 7 63 83 65 14 72 5 18 98 26 33 84 42 9 
78 : 11 49 28 96 50 40 92 76 53 15 80 25 1 69 58 72 60 29 71 10 32 9 20 79 55 5 75 
79 : 38 82 40 44 50 81 90 85 60 31 28 75 74 30 96 1 
80 : 94 79 47 44 
81 : 31 55 3 28 30 36 13 91 
82 : 86 49 34 2 13 50 80 96 88 33 38 37 84 69 73 64 55 43 93 94 39 45 59 60 31 70 11 97 91 52 89 67 44 79 40 25 66 68 19 99 6 54 56 61 47 46 9 51 90 24 21 27 58 77 98 78 76 15 92 82 0 35 30 18 32 57 28 
83 : 75 16 80 57 82 8 28 90 71 37 72 43 79 89 65 94 98 1 42 0 18 9 13 23 24 5 62 35 77 48 2 81 33 67 64 36 73 66 39 97 25 51 4 46 47 22 70 26 7 92 95 29 76 49 91 60 32 6 87 99 
84 : 74 69 24 15 81 96 62 36 3 
85 : 67 63 71 3 55 41 66 25 26 65 24 
86 : 32 48 21 70 92 41 85 95 87 4 65 90 61 86 1 28 27 98 33 68 66 56 82 0 62 64 18 99 8 16 63 45 7 37 42 71 2 30 19 20 72 80 47 77 60 91 55 75 67 73 53 78 34 36 39 57 79 88 
87 : 46 19 87 22 57 84 42 99 95 12 13 89 17 
88 : 
89 : 94 72 1 74 60 58 34 10 97 20 62 47 90 
90 : 42 83 2 71 56 76 0 6 65 74 62 72 52 47 63 41 31 79 5 48 15 49 12 3 59 37 95 36 88 97 92 27 38 32 14 35 60 78 91 18 10 25 21 24 16 69 11 70 85 93 50 96 44 86 66 51 1 39 9 54 64 19 99 20 53 
91 : 6 59 0 22 54 12 81 34 32 44 65 63 38 21 82 43 26 49 
92 : 95 4 
93 : 72 56 31 82 96 27 10 52 46 95 38 48 13 79 90 
94 : 61 68 67 54 57 88 62 44 90 69 28 94 50 9 36 27 13 92 63 8 40 20 6 10 58 80 16 18 59 60 38 51 14 91 24 98 86 48 89 71 33 77 41 26 45 1 79 34 4 93 35 99 64 65 96 53 30 97 84 95 78 76 83 11 19 15 46 73 31 
95 : 20 89 34 85 16 22 38 88 39 33 55 2 43 40 68 23 36 17 56 1 79 99 73 42 45 74 51 93 44 26 48 46 53 41 86 70 21 58 14 3 7 90 78 92 67 50 13 49 72 97 95 19 35 27 12 52 32 24 91 29 15 57 66 59 11 65 82 75 10 
96 : 78 23 66 39 45 
97 : 49 52 24 7 30 37 79 59 72 0 61 29 80 38 76 50 8 41 47 73 
98 : 62 70 96 31 58 
99 : 27 69 81 32 97 39 35 77 45 25 8 96 79 41 6 29 26 7 10 4 56 62 1 18 64 36 75 91 31 15 13 14 95 3 19 34 0 55 23 94 51 99 53 73 2 43 50 86 68 33 48 37 47 76 92 20 93 66 82 74 30 90 70 84 9 42 72 58 5 28 22 
100 : 38 1 70 67 84 89 37 5 53 63 75 72 43 64 56 55 45 57 50 76 83 78 18 97 40 15 80 48 13 
101 : 40 61 8 68 91 7 94 38 5 62 73 52 16 13 74 89 81 31 96 22 11 82 48 27 86 47 76 30 29 56 43 23 
102 : 20 13 77 38 76 84 31 14 79 85 54 65 58 9 17 88 92 33 87 22 91 11 90 99 56 21 39 45 10 
103 : 31 25 18 92 35 17 6 85 32 72 44 42 61 87 56 5 2 90 38 54 0 94 3 52 12 89 34 27 30 49 96 
104 : 41 23 30 55 94 78 3 79 84 19 15 75 31 83 12 92 97 26 33 50 90 68 52 65 16 39 66 72 61 35 93 10 6 4 74 98 86 17 88 24 36 
105 : 36 20 0 33 72 71 63 34 5 28 54 78 65 22 74 85 8 93 10 80 15 96 25 1 18 64 99 68 23 53 94 98 9 73 12 59 39 46 11 69 48 16 41 83 21 56 86 60 81 87 3 79 14 95 30 27 55 67 91 61 43 58 84 13 92 42 
106 : 39 21 94 92 64 60 18 52 26 34 41 47 24 15 82 23 63 
107 : 24 98 
108 : 41 82 6 56 87 99 27 93 37 4 60 1 29 8 94 39 2 63 17 67 3 12 28 15 43 92 25 49 19 88 91 50 66 81 16 65 59 62 69 33 22 7 21 86 48 70 64 14 53 18 9 95 0 97 78 74 24 79 
109 : 67 58 43 95 65 31 72 78 5 28 
110 : 87 50 4 61 6 20 97 26 15 95 31 47 93 72 59 8 99 18 29 80 40 46 36 19 67 10 78 64 5 54 
111 : 79 80 5 55 65 2 
112 : 18 36 44 1 11 65 75 5 41 97 93 83 71 27 66 31 22 32 53 62 37 70 17 0 54 4 21 96 56 99 67 15 91 23 59 48 85 63 12 16 95 14 10 25 3 20 73 35 57 46 2 80 26 38 76 6 42 58 79 43 34 13 45 30 81 77 
113 : 87 24 96 35 20 39 48 73 99 81 95 63 37 38 2 8 11 93 82 30 
114 : 75 30 60 76 42 36 18 31 74 16 21 22 51 32 58 55 33 96 70 71 34 41 79 77 5 46 43 91 20 59 52 99 8 94 23 35 90 25 0 44 86 13 1 97 66 69 78 40 98 87 28 27 26 92 19 88 89 29 83 
115 : 74 14 87 89 56 86 57 15 34 35 
116 : 56 13 88 57 44 22 27 36 5 40 18 66 63 69 83 9 78 71 28 26 8 64 50 20 86 23 11 53 47 96 79 90 93 75 39 76 92 62 31 17 3 49 80 67 30 48 24 10 77 73 60 51 99 14 97 34 74 98 61 89 85 41 29 65 
117 : 72 77 69 16 97 25 55 93 81 62 85 30 84 54 44 17 20 1 34 74 33 31 29 73 40 26 92 
118 : 78 46 63 37 73 20 39 30 76 49 85 77 9 61 47 58 86 44 45 68 54 23 35 5 8 80 93 42 50 66 22 89 52 10 97 19 60 53 51 70 
