0 : 109 37 89 101 229 149 134 30 175 144 240 71 73 153 166 92 48 29 185 179 47 204 139 212 176 53 97 116 145 77 123 163 94 64 158 120 203 211 215 63 127 235 233 68 141 131 172 227 160 84 164 151 202 159 236 105 162 129 223 50 181 195 156 242 121 57 150 171 44 42 188 232 108 72 135 148 65 113 
1 : 51 107 232 59 178 220 114 151 92 90 233 161 68 58 108 198 127 223 117 194 181 69 196 166 229 54 66 116 42 61 105 81 242 190 199 201 209 88 96 213 125 87 168 77 165 248 135 33 211 155 164 212 245 192 73 146 144 147 115 56 65 206 80 47 210 170 171 218 193 74 89 101 118 109 123 26 94 82 222 230 160 93 204 130 44 95 35 179 202 91 104 70 177 49 138 228 152 57 28 142 112 
2 : 102 245 88 51 151 105 95 170 210 101 143 194 198 142 212 46 201 188 79 130 146 177 61 223 50 65 123 
3 : 117 239 154 142 122 130 244 138 121 223 45 235 156 111 219 233 201 182 224 211 229 225 97 222 55 173 25 67 58 132 140 104 152 63 207 177 27 32 153 86 88 106 39 108 162 188 197 85 238 56 47 236 59 196 145 237 172 
4 : 104 32 127 50 136 232 210 219 115 165 31 39 171 64 95 58 103 40 47 49 242 180 244 151 163 169 205 191 75 208 172 146 231 134 149 233 175 67 198 52 44 189 131 124 178 82 177 46 91 77 246 62 150 152 194 130 211 132 87 45 60 162 234 26 140 173 187 199 38 100 
5 : 160 241 191 28 101 206 38 139 75 26 116 97 25 199 154 215 234 56 224 109 57 96 93 205 89 189 95 58 239 158 41 103 51 55 79 63 39 163 188 187 231 64 131 34 245 169 207 195 236 92 156 30 176 238 232 46 208 98 119 192 99 184 235 104 105 50 155 203 227 102 175 217 213 146 
6 : 226 94 178 53 148 118 216 232 144 248 52 93 38 113 224 101 76 220 89 245 249 106 243 114 165 54 100 90 112 117 49 138 200 46 83 186 221 
7 : 243 209 156 185 232 35 61 84 159 71 94 195 96 194 43 171 144 63 225 95 62 227 192 199 221 76 207 166 136 149 65 173 42 224 33 32 197 52 123 187 97 167 223 58 106 137 208 120 36 31 239 178 40 202 242 77 
8 : 52 161 111 229 156 110 56 36 168 208 231 123 192 48 203 167 182 232 53 175 223 77 152 143 169 101 73 33 40 213 54 201 112 197 146 113 148 204 220 249 177 27 108 43 104 103 98 99 119 199 225 81 155 117 
9 : 232 203 139 119 29 37 142 159 244 69 195 182 155 58 39 135 74 227 192 66 95 194 117 41 176 198 59 210 183 45 136 110 82 188 190 51 170 222 107 106 242 215 234 75 149 169 225 73 52 161 202 167 219 87 48 158 240 184 88 144 91 97 133 129 46 104 153 179 127 85 54 207 38 64 206 212 55 175 243 224 138 44 146 132 128 126 47 99 71 112 248 172 
10 : 126 219 40 224 101 33 179 95 190 221 113 229 180 117 106 78 69 223 200 118 91 81 211 129 216 191 85 161 92 242 80 228 138 249 29 132 226 73 60 68 144 42 178 210 143 149 236 100 202 141 116 231 217 245 98 52 169 140 58 75 
11 : 190 174 62 99 145 43 90 240 101 74 37 201 171 173 244 68 159 32 111 89 130 88 55 141 230 79 137 147 47 189 143 54 81 200 36 209 31 87 191 154 187 50 122 126 86 39 28 243 70 26 228 198 42 238 110 94 214 120 149 194 91 170 212 227 144 236 98 208 177 53 192 76 61 139 136 58 138 202 157 133 176 80 48 216 112 142 161 165 67 125 180 30 151 77 132 179 150 57 178 224 195 33 69 207 44 
12 : 119 131 176 73 53 59 34 147 52 246 55 173 140 239 221 169 39 219 65 95 98 75 143 74 54 110 121 231 36 222 113 161 86 133 187 63 111 37 214 199 93 104 132 181 85 211 217 165 145 25 105 233 31 237 116 224 188 101 46 163 204 194 197 112 91 201 100 28 64 203 207 50 185 47 102 190 109 227 142 58 230 175 
13 : 186 160 218 242 71 228 125 227 111 32 90 69 124 114 172 229 48 50 129 157 51 138 88 192 66 93 240 213 202 194 237 83 41 105 164 212 116 96 249 45 58 219 147 77 40 166 155 173 183 36 181 31 170 210 44 139 61 62 141 86 65 100 175 101 215 225 
14 : 47 89 173 79 227 157 33 124 51 171 116 99 36 75 74 193 243 146 54 178 229 59 27 80 187 46 132 140 240 163 29 119 41 117 135 231 204 92 149 85 153 230 170 158 72 104 35 223 215 88 102 182 86 175 185 188 202 130 38 50 65 165 197 159 120 45 106 210 129 226 247 121 201 209 180 113 221 
15 : 82 55 199 179 167 103 215 83 109 177 196 46 209 146 202 48 91 63 236 185 187 138 94 33 165 106 50 80 148 242 235 100 49 147 84 
16 : 224 193 37 113 202 160 216 242 245 122 214 103 244 95 81 206 26 184 97 171 57 163 31 71 61 129 
17 : 156 64 190 179 54 142 59 39 147 49 106 38 85 161 127 162 146 201 82 129 26 237 194 222 58 171 27 187 229 169 246 173 185 197 192 136 137 95 196 84 53 181 211 139 134 43 33 56 241 96 240 175 118 148 130 236 227 249 141 108 121 138 174 209 215 206 164 51 50 232 243 30 67 189 32 153 34 160 104 205 63 177 202 150 107 221 198 163 
18 : 167 148 83 39 88 218 120 89 157 184 33 249 228 158 34 126 79 180 52 188 44 139 160 202 36 220 63 50 31 72 54 145 108 75 86 129 125 178 152 234 115 166 65 64 175 81 127 151 133 162 239 172 242 173 214 57 27 107 230 101 208 84 
19 : 200 134 147 97 211 111 173 98 78 217 169 127 86 94 242 181 171 109 116 36 145 201 150 241 123 161 224 210 88 202 118 192 159 104 49 125 177 129 62 190 163 213 155 195 193 167 165 39 93 152 185 38 95 148 117 74 
20 : 199 243 96 29 234 110 93 162 220 80 159 161 169 28 103 87 36 133 219 135 61 238 51 181 176 38 77 233 99 143 116 98 63 179 123 34 25 91 44 83 65 141 165 
