0 : 37 84 64 90 97 1 56 19 40 22 0 79 54 83 75 27 3 62 32 35 46 16 17 98 67 80 59 68 63 73 52 11 74 
1 : 15 82 41 84 35 48 8 62 26 31 10 50 56 63 83 90 36 58 40 79 80 37 81 30 93 46 70 91 96 65 20 75 21 42 95 39 64 24 66 0 51 6 2 88 92 14 72 32 18 4 38 27 29 74 34 49 60 
2 : 74 
3 : 37 72 20 61 62 5 86 76 93 92 4 80 64 49 9 78 10 18 36 41 13 97 71 16 55 52 63 8 11 65 50 98 75 33 73 6 
4 : 16 68 47 13 19 1 2 74 57 86 43 61 83 73 53 78 41 75 3 67 29 71 69 33 91 32 22 0 14 6 39 99 30 81 56 79 21 
5 : 17 11 48 12 71 82 40 9 55 37 27 72 31 24 56 75 3 87 69 35 50 43 51 8 
6 : 24 16 36 7 59 14 83 81 
7 : 51 32 81 42 94 76 17 82 44 88 28 55 56 23 65 90 75 
8 : 1 43 
9 : 74 71 95 2 54 59 72 43 87 8 36 62 84 48 4 65 83 0 78 94 69 3 68 34 16 7 67 85 13 64 24 27 82 70 22 46 88 99 53 81 44 76 91 32 60 26 50 80 28 61 18 6 40 57 9 86 37 47 55 45 98 25 15 42 58 
10 : 80 31 60 22 57 23 36 76 44 11 91 50 16 32 90 97 96 92 64 73 83 33 82 39 51 61 12 65 48 21 87 47 41 27 84 85 1 19 56 28 81 24 63 74 86 18 69 20 4 77 13 70 
11 : 27 0 57 14 40 6 37 78 7 2 97 31 3 39 94 20 71 61 88 50 60 99 66 25 41 42 45 90 84 10 79 46 77 96 22 28 72 29 36 1 
12 : 41 34 94 54 98 4 16 42 73 46 19 57 52 49 71 31 5 55 76 20 7 86 6 44 78 56 26 18 63 99 81 30 38 64 22 27 92 39 60 14 59 32 37 10 
13 : 9 95 26 40 1 52 23 19 29 13 46 76 7 82 48 43 54 44 99 22 88 87 4 37 3 69 24 6 49 64 47 91 57 74 62 8 11 31 63 67 39 96 78 51 75 89 81 34 92 94 16 58 97 12 60 80 66 21 45 
14 : 76 81 52 73 66 94 8 19 59 13 63 20 30 0 3 80 53 14 74 72 7 54 96 85 71 28 86 39 43 34 65 33 25 10 9 88 4 51 21 
15 : 83 55 23 24 89 14 47 58 49 92 37 46 71 11 12 17 3 98 82 29 84 72 93 79 99 60 69 78 0 54 34 
16 : 90 46 15 13 81 5 92 56 86 30 43 
17 : 92 61 35 50 5 23 40 83 42 28 29 52 12 73 36 62 63 71 17 1 75 74 98 95 89 53 41 39 82 9 68 27 77 14 43 70 64 2 55 59 15 13 67 81 54 57 21 60 49 31 76 4 10 47 37 88 
18 : 88 33 80 62 39 16 44 74 84 86 83 15 
19 : 99 2 58 44 4 59 37 95 83 41 52 36 32 24 78 80 16 31 0 48 43 7 23 42 84 72 64 90 26 13 82 53 92 57 38 74 34 69 81 21 27 46 14 18 65 30 87 1 25 54 71 68 50 94 93 73 56 70 17 97 66 55 88 11 62 51 
20 : 21 46 55 3 99 30 60 73 23 61 50 67 97 17 82 29 43 
21 : 55 91 30 16 4 26 52 14 89 83 
22 : 82 42 1 45 94 11 23 86 54 40 24 10 34 62 18 46 57 
23 : 24 93 75 97 7 34 67 55 85 23 4 57 52 69 21 99 56 26 96 40 46 18 81 91 78 15 30 73 27 48 8 89 12 13 33 45 22 74 53 31 64 86 95 0 77 60 36 25 9 
24 : 3 43 7 74 55 17 83 33 2 10 76 63 52 59 46 91 8 49 27 69 67 6 72 22 25 14 4 71 70 21 41 96 13 81 16 30 93 64 61 87 11 12 15 54 5 32 40 98 84 
25 : 14 91 89 77 64 88 85 84 50 39 7 58 33 29 48 73 74 11 26 53 71 75 86 47 90 4 57 32 20 18 17 6 97 0 62 78 42 15 10 68 12 51 5 87 45 40 13 80 98 81 37 99 54 59 63 27 72 30 34 35 46 44 52 2 96 95 21 22 93 
26 : 82 19 81 35 84 66 48 25 13 40 41 53 30 44 96 27 9 72 88 68 55 36 60 22 94 5 38 7 67 69 
27 : 70 72 7 86 18 74 13 67 99 11 44 48 21 41 26 85 87 12 33 
28 : 21 29 18 39 41 16 32 56 
29 : 47 59 45 73 25 34 61 76 52 2 77 38 16 70 71 39 19 64 75 95 96 22 51 8 65 69 78 79 3 90 27 54 30 85 21 87 4 91 26 32 63 23 86 
30 : 45 67 41 46 25 17 75 93 63 20 19 71 
31 : 96 13 73 24 28 90 40 35 22 58 17 66 63 59 21 85 70 1 15 88 60 
32 : 17 74 20 71 98 58 79 83 7 77 11 96 26 21 59 16 12 49 50 73 14 5 2 
33 : 40 96 44 11 17 45 24 31 78 95 74 8 90 1 80 87 27 23 88 66 53 62 65 35 10 81 51 50 72 4 52 68 3 64 77 93 61 28 54 76 89 18 85 7 26 13 14 86 57 59 79 82 71 92 22 32 46 20 48 97 33 25 2 63 69 15 36 34 16 67 
34 : 55 2 98 86 34 40 24 77 92 91 12 27 35 18 81 85 41 26 62 25 43 89 70 30 20 71 90 32 60 39 96 52 22 59 7 
35 : 65 54 
36 : 65 99 88 20 42 5 77 12 44 10 63 64 
37 : 58 51 2 3 29 5 83 17 59 10 84 26 0 75 49 
38 : 54 16 74 14 42 91 62 92 86 11 6 83 18 60 38 9 2 53 90 79 93 27 29 68 59 12 44 32 87 72 99 34 80 98 94 10 40 7 51 20 
39 : 47 60 87 53 4 62 85 59 31 17 44 25 86 32 24 12 83 30 90 19 49 98 77 80 78 1 92 11 6 57 2 58 48 91 75 96 13 54 95 18 45 22 51 65 46 
40 : 88 93 22 87 66 48 36 2 19 7 53 96 14 95 38 78 45 55 30 35 52 13 6 3 31 67 10 43 59 58 60 28 64 84 49 40 50 73 34 81 23 47 9 92 86 20 25 85 62 76 15 82 
41 : 61 4 3 73 36 55 72 65 40 88 12 82 64 43 74 92 87 81 31 53 37 50 52 22 20 62 6 0 8 16 25 33 48 21 45 60 46 89 85 79 70 49 86 58 44 76 35 39 23 98 1 57 41 27 56 95 30 90 63 18 19 59 47 42 
42 : 12 3 79 18 0 49 94 53 42 23 98 47 10 77 64 4 19 69 88 39 68 87 78 22 95 40 26 6 63 43 58 72 96 14 71 55 60 54 59 45 62 21 74 97 66 8 46 76 34 89 82 33 93 70 11 30 81 75 85 83 65 73 37 52 27 9 
43 : 69 56 10 50 62 34 15 47 67 21 61 14 75 24 32 48 84 91 80 86 70 97 43 51 6 63 58 44 60 64 1 22 28 20 54 33 59 11 79 13 37 2 3 99 36 46 49 5 39 87 89 68 41 31 23 12 35 
44 : 41 72 93 31 65 34 68 51 35 89 17 9 62 16 79 74 3 7 26 22 29 20 59 8 77 39 44 81 36 5 86 73 88 53 49 33 52 42 96 30 92 70 55 48 10 76 28 64 14 67 1 61 71 78 0 99 69 60 21 97 
45 : 58 32 85 68 56 46 16 45 49 43 35 55 2 29 66 57 76 25 21 22 73 60 74 51 48 64 23 94 54 13 97 87 30 77 47 91 20 36 90 19 
46 : 36 31 20 8 70 13 4 39 5 65 93 82 78 79 57 32 37 56 73 41 74 34 15 6 55 97 87 99 25 54 22 62 9 14 52 69 75 11 35 63 29 18 21 16 66 42 72 43 47 28 
47 : 83 40 19 33 95 64 0 62 15 98 17 34 42 36 80 45 75 35 69 44 30 54 47 20 92 7 25 86 78 31 94 38 27 53 18 9 65 82 60 99 76 10 63 90 56 81 3 66 79 4 77 97 6 49 41 24 59 87 51 52 91 29 21 23 50 48 71 89 88 85 
48 : 67 33 15 22 18 94 74 89 1 0 34 78 71 43 9 79 29 52 38 64 23 98 30 4 10 24 55 73 8 20 32 40 48 51 31 16 53 88 26 39 47 57 44 99 49 90 61 14 81 96 63 70 25 21 54 11 95 83 50 58 35 76 37 72 
49 : 41 17 69 33 78 72 84 68 29 62 25 64 88 32 85 97 14 60 38 30 42 91 93 53 46 51 94 18 12 0 48 80 56 35 39 52 9 99 96 44 45 34 40 11 16 50 20 2 1 31 75 95 10 74 61 54 98 49 77 22 27 7 55 66 19 21 90 13 4 15 70 83 
50 : 68 91 72 33 12 3 30 9 54 79 51 34 87 77 31 62 95 46 7 47 64 22 42 23 97 82 28 71 10 29 11 25 45 36 26 94 1 61 60 32 39 88 15 21 6 58 50 40 89 18 66 55 48 35 37 8 53 41 17 13 69 27 81 67 75 20 49 84 96 78 
51 : 11 31 77 84 61 94 28 62 54 30 51 87 45 50 4 69 3 25 7 29 43 68 59 5 17 72 65 74 56 
52 : 32 56 15 55 76 57 64 72 91 87 5 36 6 65 37 7 17 
53 : 64 43 17 81 23 58 18 94 75 1 39 24 83 56 4 74 99 78 98 88 42 15 90 38 61 96 85 11 36 19 47 79 91 77 50 70 84 44 13 54 
54 : 41 78 99 86 75 32 9 83 64 6 76 18 62 96 38 48 52 21 1 60 34 92 67 33 5 12 58 95 59 25 55 84 82 24 3 
55 : 80 49 38 67 84 23 8 79 32 0 20 31 9 47 26 72 55 28 10 70 46 92 62 
56 : 86 89 77 52 92 22 28 91 31 62 73 46 32 57 63 83 70 11 71 14 20 80 35 61 79 53 49 96 24 25 10 7 85 51 0 8 94 99 58 26 65 50 30 81 38 37 1 87 17 29 21 54 67 9 64 40 23 84 
57 : 25 72 33 
58 : 6 38 78 66 87 83 67 3 54 23 5 10 36 7 63 18 26 45 31 37 44 12 84 59 92 57 73 68 74 14 89 47 40 11 61 79 50 
59 : 30 48 47 79 21 40 38 71 69 49 88 60 33 9 1 4 87 73 81 98 44 12 65 66 84 53 36 6 29 17 5 0 63 22 85 61 93 35 13 51 92 41 18 43 31 26 83 
60 : 88 12 16 65 67 3 8 86 97 48 52 72 0 28 63 19 58 29 44 91 42 37 54 11 82 35 79 49 94 10 6 81 2 24 64 50 7 23 74 95 45 26 22 14 17 98 32 75 53 68 18 89 84 33 41 92 36 99 38 55 15 77 43 71 25 73 69 62 
61 : 18 86 21 41 26 89 97 76 14 31 3 70 11 16 6 80 44 65 49 39 12 52 77 85 33 43 1 62 83 5 78 46 
62 : 27 71 53 13 67 99 61 2 29 51 47 75 25 43 84 98 4 97 68 7 31 64 12 38 76 15 90 65 23 34 42 5 81 32 37 55 95 6 50 9 0 10 89 60 49 20 8 24 39 52 21 83 44 79 70 40 63 85 14 92 16 59 80 82 58 54 57 
63 : 79 91 22 19 51 15 49 59 1 10 46 87 31 0 24 2 54 30 45 55 26 77 84 73 38 90 33 9 14 82 69 35 71 42 72 58 97 44 63 40 4 43 94 56 18 75 20 
64 : 85 74 64 12 67 69 7 17 15 13 75 34 95 62 58 35 71 32 49 93 81 39 94 26 77 80 38 4 1 19 88 56 91 96 76 25 78 40 5 86 
65 : 62 99 6 61 24 10 63 25 51 12 3 14 15 9 58 67 1 27 13 59 50 66 4 93 88 35 0 89 74 39 20 92 97 76 65 26 98 
66 : 84 49 35 91 68 31 66 90 80 40 33 77 16 6 36 76 25 21 12 26 94 73 9 19 58 99 52 42 93 15 43 46 3 88 97 27 83 75 54 65 14 32 63 85 2 28 62 0 53 8 39 47 38 67 56 95 78 17 70 98 69 4 48 74 24 86 29 45 11 44 59 
67 : 25 12 94 82 84 17 54 53 7 46 64 75 85 99 19 73 49 89 10 79 92 13 27 45 57 70 65 3 60 20 74 83 32 9 11 68 78 18 76 2 30 50 44 48 98 97 41 95 
68 : 42 6 37 27 11 41 28 80 52 61 84 62 60 16 25 49 67 65 82 34 5 98 71 90 1 83 4 85 72 
69 : 88 89 58 61 64 60 65 69 85 66 25 74 34 40 48 20 57 75 5 1 47 2 73 81 96 30 44 9 26 10 43 54 63 42 55 52 70 17 51 76 72 71 33 18 4 35 93 78 90 28 87 82 99 39 29 56 14 38 37 84 94 32 3 92 98 27 8 59 
70 : 55 41 98 68 42 17 91 19 67 39 90 1 65 78 83 89 60 33 0 9 50 16 
71 : 20 38 6 92 58 46 55 97 9 34 88 83 69 29 13 40 85 57 87 43 44 60 19 31 
72 : 99 22 96 3 31 13 50 0 74 52 93 2 56 18 46 75 79 68 84 92 70 59 15 78 7 55 34 53 1 38 12 6 27 89 72 41 77 67 63 58 9 91 48 95 60 66 20 42 37 82 51 35 61 32 29 17 8 33 97 47 76 11 90 
73 : 19 96 92 86 10 50 48 68 87 71 78 29 13 61 44 40 39 2 11 79 74 17 80 3 75 5 69 58 51 56 94 73 76 12 0 67 95 84 22 81 28 85 46 60 55 16 26 8 25 43 1 21 62 18 30 37 77 31 99 52 27 54 64 20 6 24 93 42 41 66 7 72 57 
74 : 83 65 0 18 10 76 42 31 50 21 72 67 58 73 11 63 88 33 77 78 98 82 97 51 13 7 68 26 
75 : 6 63 40 44 83 58 45 61 13 52 38 57 29 60 95 33 53 17 65 41 43 39 18 97 93 94 37 10 72 92 87 77 24 55 8 90 62 21 86 81 67 27 42 
76 : 71 11 47 
77 : 73 0 86 70 68 16 3 21 7 19 89 31 4 82 
78 : 8 94 91 17 71 39 80 0 87 65 11 26 34 1 15 36 56 25 40 82 88 9 22 47 99 38 60 76 95 51 52 45 59 32 78 5 50 53 69 24 54 67 75 16 27 30 70 61 13 10 37 98 73 4 93 90 21 77 89 49 33 2 14 29 44 85 92 86 20 48 
79 : 89 50 22 57 64 26 14 63 1 35 24 53 13 33 17 0 25 12 81 85 60 74 71 83 9 31 34 59 70 8 69 66 76 5 78 98 80 10 
80 : 15 50 84 35 93 29 32 11 14 10 48 33 61 67 77 86 7 9 51 43 30 34 75 28 49 37 60 17 12 66 47 65 98 94 24 69 81 44 
81 : 43 34 45 49 36 95 41 4 17 67 30 57 74 52 54 92 37 28 22 27 81 25 29 5 56 53 39 26 51 18 32 8 85 59 65 48 10 35 0 72 38 20 80 24 88 62 33 60 9 86 1 70 
82 : 1 64 60 58 85 13 50 83 70 89 29 23 38 24 72 69 84 65 25 66 33 88 82 59 14 47 99 51 22 98 8 42 36 73 4 31 67 21 68 44 17 52 35 81 95 10 75 97 55 16 61 43 30 19 45 11 48 78 41 62 20 74 46 
83 : 0 52 17 1 32 8 47 69 59 88 35 33 28 61 34 36 30 62 97 15 81 86 82 68 92 13 48 11 43 70 49 67 84 26 21 12 4 74 96 54 18 44 24 65 3 95 78 27 55 75 41 
84 : 58 31 67 19 60 13 57 52 
85 : 37 74 3 50 32 5 85 82 2 33 89 62 38 95 40 94 16 18 66 19 70 25 10 52 61 34 67 42 83 44 60 65 11 80 84 20 36 92 86 28 39 48 46 69 12 17 98 72 41 87 4 81 13 23 
86 : 54 92 94 55 76 28 99 46 57 97 73 98 58 89 67 78 18 39 74 56 41 84 62 43 7 0 8 96 64 40 5 27 10 17 47 59 70 36 
87 : 58 0 67 12 97 81 55 99 42 62 56 85 64 22 37 54 46 
88 : 11 
89 : 98 86 52 93 83 58 27 35 75 56 77 12 25 63 82 61 90 97 59 70 22 36 14 15 49 19 51 79 80 95 30 85 73 6 62 16 74 76 17 81 3 50 67 28 18 78 21 10 
90 : 49 34 0 88 44 37 65 8 56 2 97 51 28 43 85 5 22 87 98 19 13 33 79 16 64 23 96 90 91 89 93 71 14 54 10 31 17 9 46 
91 : 70 46 75 58 71 13 61 94 40 45 55 77 96 67 33 74 50 21 83 4 68 72 25 59 30 14 66 35 63 
92 : 30 96 95 13 1 83 99 68 24 40 74 38 76 62 6 63 58 94 84 5 72 86 20 
93 : 39 19 74 77 71 54 76 43 17 13 64 82 72 11 20 81 62 45 4 29 1 14 37 98 
94 : 96 99 88 55 28 36 27 77 44 52 90 23 61 17 81 64 56 51 30 47 22 59 54 92 
95 : 14 63 18 57 73 22 19 6 2 79 36 13 90 74 85 94 39 40 56 64 29 88 20 80 51 35 34 1 65 48 82 12 24 87 33 76 77 84 3 5 
96 : 14 46 84 47 75 69 74 10 20 87 39 73 23 37 29 65 77 99 22 56 45 21 13 2 59 62 83 30 35 76 36 52 1 61 90 92 63 54 27 18 6 40 70 51 64 43 15 81 7 66 26 55 91 88 17 
97 : 29 30 19 4 28 87 6 11 
98 : 22 65 67 61 59 66 99 38 60 5 95 28 
99 : 32 72 
100 : 59 98 18 58 33 37 9 63 67 96 61 13 22 80 34 11 44 40 92 72 89 
101 : 98 97 23 8 47 12 56 7 3 50 27 33 85 29 82 62 10 2 31 13 94 34 71 15 92 68 67 53 60 57 55 79 43 76 19 24 32 72 6 65 58 4 35 40 28 14 48 91 63 46 1 
102 : 68 26 90 11 91 12 85 49 53 14 42 96 32 17 20 92 52 43 70 5 8 39 16 94 80 51 2 95 21 7 44 50 62 1 78 23 48 
103 : 
104 : 62 85 64 42 23 69 78 22 66 16 3 39 7 87 30 81 43 63 50 99 47 68 77 12 65 19 15 36 92 11 74 13 98 58 82 55 49 17 89 46 72 20 5 34 73 28 80 94 75 31 56 24 88 0 79 44 95 41 70 14 27 6 9 53 90 
105 : 56 13 94 80 10 62 66 60 71 6 95 2 87 30 83 
106 : 23 63 95 47 79 48 96 68 15 80 10 30 52 40 5 51 93 17 41 56 45 26 6 37 55 92 85 35 14 19 71 43 18 83 69 67 66 25 99 42 81 27 7 78 
107 : 4 44 67 73 22 97 45 61 65 57 26 90 98 80 43 85 33 81 29 35 30 11 50 75 7 19 54 
108 : 48 6 75 95 63 90 24 56 82 73 53 
109 : 59 20 53 56 78 49 9 51 52 45 0 48 88 64 24 50 39 54 34 84 5 28 95 62 29 58 26 71 86 42 66 57 37 8 87 41 63 36 17 1 72 90 80 33 65 75 73 98 22 23 32 2 99 76 46 43 6 4 47 60 44 89 70 10 18 82 
110 : 67 66 22 39 58 0 94 55 59 19 75 35 88 92 10 76 8 33 91 60 62 25 26 20 79 78 64 54 31 30 82 48 73 95 46 99 51 57 38 49 87 37 16 15 84 74 40 68 80 24 32 4 21 29 11 9 53 86 81 14 97 70 69 23 
111 : 83 19 42 12 6 15 77 25 3 87 85 58 39 1 51 10 38 81 26 
112 : 79 58 84 46 10 70 61 0 22 5 7 93 36 42 25 67 14 99 32 44 28 23 52 92 20 60 19 98 95 62 72 35 80 38 49 31 21 54 41 94 26 13 91 87 16 88 73 69 3 11 66 90 27 97 37 45 75 29 
113 : 39 98 84 46 4 5 24 82 77 64 56 15 66 2 62 58 94 28 7 96 76 
114 : 4 80 86 25 68 19 28 62 2 47 51 45 79 71 50 15 40 57 94 31 73 24 98 87 90 10 46 14 76 92 41 42 91 49 99 93 22 82 78 3 89 67 54 34 52 8 7 60 69 48 20 12 23 33 26 44 95 74 0 38 18 63 32 81 85 61 21 84 72 
115 : 87 51 82 36 28 29 40 69 20 2 99 66 98 16 7 88 41 44 54 23 84 32 65 21 59 56 77 64 92 52 30 63 27 3 75 91 6 31 8 18 62 68 47 34 94 11 37 17 50 39 14 13 97 33 90 24 15 1 57 26 48 76 67 58 25 38 95 72 81 10 70 
116 : 74 9 13 92 34 55 39 62 17 82 71 24 11 59 91 3 89 45 90 79 49 18 94 7 46 72 76 80 53 87 
117 : 24 29 26 38 58 56 19 65 37 73 83 31 76 41 60 43 89 59 22 20 36 13 32 88 92 46 34 68 9 75 5 97 99 55 1 42 12 63 87 28 98 16 
118 : 46 33 29 25 45 84 0 61 2 42 30 44 31 37 64 24 39 12 51 50 88 82 1 58 41 94 14 85 16 70 74 8 13 
119 : 97 42 43 30 19 48 60 72 24 38 39 58 1 64 77 92 0 20 51 91 83 37 44 10 50 22 
120 : 36 33 11 57 18 46 60 19 44 84 72 58 87 95 63 9 62 4 93 88 14 3 89 85 92 76 96 28 1 25 97 68 99 2 34 91 8 
