0 : 35 47 66 5 54 2 79 24 23 73 64 59 41 
1 : 78 44 96 4 37 95 7 32 41 99 
2 : 33 54 32 69 88 48 11 84 89 5 60 12 40 87 63 57 46 91 28 21 9 35 75 81 94 93 80 42 30 17 59 77 0 66 47 34 65 13 53 36 55 49 10 38 51 71 50 98 97 15 95 18 3 7 99 62 92 24 1 78 26 83 72 25 29 52 70 43 
3 : 77 2 41 32 72 24 62 64 4 93 42 44 99 55 14 86 33 19 92 35 15 90 79 56 63 52 16 34 9 51 87 48 83 61 10 46 74 84 68 31 1 40 58 6 12 50 20 73 26 22 49 82 94 80 23 0 25 75 78 11 7 85 13 
4 : 63 54 33 53 60 50 62 59 40 48 22 25 6 35 4 23 10 7 89 37 38 24 21 49 34 51 77 61 90 0 11 94 58 42 56 75 5 76 87 15 91 29 84 68 19 88 43 80 45 32 31 67 46 97 18 39 55 52 93 74 26 41 44 28 82 70 9 78 1 71 98 85 8 72 
5 : 44 22 73 71 25 84 58 9 39 80 82 89 35 59 91 87 23 30 55 57 24 86 54 79 47 45 68 48 41 27 13 96 63 31 29 11 56 53 40 4 74 8 37 18 95 66 67 90 97 36 38 99 19 52 60 62 26 43 17 64 46 12 70 77 75 49 16 
6 : 85 28 9 34 19 25 73 14 32 27 45 64 95 46 78 82 69 58 6 94 40 12 80 56 63 79 21 97 5 65 42 66 13 4 96 51 30 77 38 31 49 89 62 10 22 33 
7 : 82 84 2 53 62 98 80 45 27 94 89 36 74 85 13 42 38 19 26 49 78 90 57 66 60 20 7 
8 : 10 43 57 73 29 89 41 66 88 80 23 14 19 96 83 60 68 27 94 0 81 34 74 93 7 64 79 76 
9 : 76 27 33 44 24 50 68 19 81 87 35 
10 : 52 38 33 99 71 85 15 21 31 41 69 97 10 20 32 1 44 5 34 68 50 62 56 93 74 42 27 47 35 2 51 84 95 91 82 81 75 8 26 18 70 78 98 36 73 94 9 54 14 53 65 66 24 80 49 96 
11 : 89 70 99 97 33 11 28 68 34 61 8 45 41 71 18 24 75 46 93 3 14 0 37 96 88 43 9 44 67 57 55 30 13 27 36 64 40 2 5 19 91 72 4 56 66 6 53 90 49 83 17 29 69 54 82 10 42 92 47 1 86 26 21 
12 : 19 0 1 5 83 99 88 16 71 12 2 31 63 62 47 50 67 87 73 85 13 61 6 21 58 32 78 18 15 27 93 54 59 60 57 69 65 48 9 98 38 44 68 11 28 7 33 91 96 20 92 24 70 40 23 26 22 75 56 97 46 52 89 90 10 14 8 25 17 94 
13 : 64 67 43 39 90 78 98 12 38 80 86 28 94 55 31 70 95 
14 : 28 2 88 84 37 70 75 25 46 77 13 87 99 5 1 59 0 72 40 20 83 76 67 54 53 26 94 19 96 51 3 24 8 22 34 17 6 14 47 12 30 69 38 78 16 44 35 52 32 18 36 45 29 
15 : 47 1 90 56 60 19 50 20 88 41 12 34 61 13 33 8 78 49 93 24 27 51 44 95 23 14 2 40 48 74 35 25 31 99 87 92 65 98 28 62 11 10 85 45 96 73 55 4 29 97 71 
16 : 71 85 62 38 18 97 28 83 43 56 0 58 59 89 19 39 64 
17 : 4 60 46 68 89 79 17 42 37 57 26 16 10 22 44 0 92 32 45 81 41 75 72 99 24 12 69 35 29 78 62 9 18 23 25 50 13 
18 : 92 5 47 59 7 27 68 57 55 1 78 21 69 64 23 22 20 84 82 49 60 37 79 9 76 14 54 91 29 51 52 10 94 8 46 18 72 58 61 12 2 66 50 70 17 19 99 11 38 86 39 53 73 13 36 33 63 89 67 25 88 3 24 31 
19 : 18 20 51 80 25 58 73 43 
20 : 57 99 58 31 69 17 43 8 81 9 29 55 86 
21 : 73 86 46 7 20 34 72 4 77 47 53 40 18 64 99 25 58 14 1 3 57 69 0 91 78 71 60 22 87 15 31 63 26 92 2 79 67 
22 : 83 47 16 11 50 44 61 84 37 4 40 25 19 80 67 90 18 64 29 53 0 91 62 75 2 71 20 95 30 79 72 86 57 3 27 58 39 66 33 78 12 52 6 31 9 60 85 41 14 
23 : 87 11 
24 : 16 48 55 82 26 
25 : 52 75 37 20 86 82 34 16 90 1 23 13 45 80 58 56 48 62 30 98 96 5 14 12 69 17 70 61 59 41 39 22 8 87 
26 : 82 68 26 30 66 99 32 64 39 55 71 92 16 19 34 2 52 29 93 94 79 95 49 61 1 18 73 70 41 98 74 75 85 3 44 27 57 58 24 25 91 11 87 21 84 14 6 37 17 43 78 46 12 63 22 54 67 40 36 35 47 65 
27 : 72 11 32 86 84 62 18 60 46 73 12 51 98 63 91 80 24 20 64 30 56 96 36 28 41 87 4 55 49 37 95 45 52 7 1 70 94 13 85 27 42 77 57 59 38 3 89 5 15 79 66 19 88 40 17 71 26 74 65 97 29 61 93 8 23 67 0 22 10 92 50 81 
28 : 67 97 87 88 26 60 40 10 32 58 
29 : 23 34 9 6 
30 : 
31 : 3 46 82 38 45 31 47 85 92 68 54 62 27 86 24 30 2 58 0 17 28 87 14 22 55 97 36 65 1 90 10 61 66 59 96 79 48 41 26 76 56 9 7 39 40 25 77 99 81 52 44 5 18 8 32 
32 : 38 0 63 66 48 2 18 22 44 91 32 5 90 49 77 31 69 42 74 50 
33 : 49 63 11 93 36 52 62 32 26 8 0 22 77 18 6 35 53 14 58 1 80 85 64 79 99 87 81 94 43 67 71 
34 : 88 82 39 5 14 78 20 
35 : 7 73 45 13 5 
36 : 26 
37 : 14 13 70 36 79 77 53 64 47 93 27 48 74 12 55 66 18 16 21 30 98 51 88 97 37 46 5 81 31 75 83 84 6 67 7 73 59 68 69 95 45 49 17 82 10 2 54 33 65 
38 : 22 40 81 6 80 26 69 68 19 76 42 82 59 17 83 58 87 75 39 38 96 15 10 97 57 43 0 56 28 52 86 85 63 29 34 41 
39 : 52 47 64 45 2 81 7 33 73 88 89 59 67 92 63 86 93 83 51 8 48 43 50 77 98 35 30 82 79 34 46 13 54 80 6 53 25 36 90 96 85 12 49 24 5 37 10 9 62 39 31 95 72 56 58 
40 : 82 75 77 16 68 30 15 19 90 1 47 85 72 41 32 48 95 92 46 84 
41 : 49 17 51 44 7 28 76 55 16 81 14 99 25 40 6 18 30 80 
42 : 7 29 3 1 16 26 76 79 5 82 78 63 19 14 17 53 27 90 81 38 57 41 75 58 74 20 59 18 87 96 23 91 21 83 94 43 61 99 34 25 50 10 9 31 35 88 28 39 42 0 97 8 66 60 11 86 70 45 68 44 22 48 32 69 93 71 
43 : 95 24 42 57 55 98 80 68 38 36 26 29 90 62 94 34 73 37 17 91 30 20 40 6 14 48 70 71 5 72 60 9 4 52 81 58 19 61 16 47 50 25 0 
44 : 89 27 85 34 5 65 41 38 76 2 69 88 8 63 52 53 77 4 39 79 20 67 25 24 57 93 56 94 40 60 47 44 71 18 91 66 48 87 23 92 7 50 42 75 74 72 26 30 83 11 16 32 45 97 28 0 
45 : 44 31 71 75 83 0 67 89 10 77 62 40 27 66 14 98 57 23 41 86 88 19 72 11 68 96 54 5 16 3 55 25 39 81 6 
46 : 9 96 57 20 18 79 17 66 85 41 86 26 95 69 93 8 64 59 78 53 36 51 60 22 30 98 91 58 35 37 42 54 83 40 81 48 10 56 38 4 65 75 25 97 52 29 12 73 16 47 31 0 80 76 
47 : 16 66 4 74 61 43 90 63 42 70 17 41 46 98 87 82 0 86 54 68 89 71 83 13 79 29 
48 : 77 54 88 13 67 40 87 69 75 70 91 23 95 41 17 14 35 10 81 26 62 74 89 61 51 47 24 1 73 98 83 5 11 7 68 38 93 63 56 27 80 4 0 8 55 72 92 65 97 42 43 45 15 50 30 28 31 76 48 71 64 9 33 96 99 36 78 2 12 49 85 
49 : 9 16 11 34 26 61 44 6 90 98 77 84 87 46 59 47 19 62 2 80 49 40 4 29 56 0 8 81 45 70 1 36 39 15 32 20 95 18 73 82 21 31 91 14 53 58 79 41 24 22 76 28 60 38 33 30 51 13 23 78 
50 : 71 44 14 26 79 8 15 25 41 3 74 93 23 66 33 2 29 94 20 27 73 47 
51 : 27 94 91 22 84 6 92 53 65 35 81 77 93 13 40 9 10 63 89 67 4 72 55 31 30 80 7 51 59 73 5 38 8 44 99 86 2 69 39 75 83 52 45 42 82 16 57 87 61 34 25 49 29 64 79 15 66 43 17 
52 : 45 38 44 6 54 9 64 22 55 47 14 41 82 3 95 99 90 
53 : 73 22 37 93 56 46 66 39 4 74 3 19 42 8 43 14 50 55 67 47 21 32 48 83 24 60 29 82 86 65 40 34 98 35 71 88 7 33 28 78 52 57 64 77 30 17 38 87 1 97 36 5 10 11 44 81 
54 : 94 51 45 43 18 73 1 85 93 49 61 33 38 70 71 86 60 80 41 72 87 26 77 99 76 23 
55 : 19 69 49 98 75 16 26 7 48 62 91 45 38 18 63 89 20 11 78 5 50 58 81 3 86 22 51 46 70 95 40 74 73 13 59 57 9 96 66 72 84 52 53 37 31 77 33 41 
56 : 82 90 35 42 47 77 66 14 34 64 33 84 49 46 1 41 70 19 39 16 32 
57 : 61 68 9 46 75 11 50 41 96 91 95 2 49 67 56 53 44 38 58 59 
58 : 64 97 43 91 21 90 96 44 13 23 4 38 29 0 67 2 83 12 46 27 9 18 34 52 88 63 31 11 87 59 48 35 40 28 1 5 95 72 75 93 56 39 26 16 74 77 58 30 19 57 60 86 70 36 68 37 41 
59 : 53 38 30 45 89 95 84 32 83 46 47 19 29 93 66 44 17 34 59 55 23 81 60 31 12 42 49 56 57 21 68 20 48 4 25 90 26 54 71 5 18 87 11 69 52 96 2 88 79 58 61 77 
60 : 74 94 70 18 68 40 87 97 3 27 34 75 59 78 48 44 39 17 61 98 36 88 29 82 4 56 45 95 47 72 54 62 41 
61 : 54 76 19 91 40 56 80 46 70 94 14 43 60 89 7 11 52 64 82 12 71 63 2 17 65 72 28 55 50 58 37 20 74 0 66 95 8 77 42 6 49 41 13 62 75 45 93 34 44 4 26 25 78 84 35 36 31 
62 : 80 96 45 9 16 10 69 47 88 62 35 78 79 91 48 57 8 12 68 54 99 29 98 13 94 42 18 50 2 77 19 37 67 73 51 70 40 36 87 83 63 24 56 0 85 32 25 
63 : 81 31 42 41 19 2 64 79 38 63 96 55 58 
64 : 52 66 1 35 97 89 95 6 69 24 60 73 64 88 25 49 87 36 47 70 78 55 39 77 71 27 68 45 79 85 0 48 23 17 13 15 61 4 
65 : 22 24 45 1 18 13 48 66 43 26 98 9 78 73 86 96 28 81 90 15 69 38 30 25 11 92 61 3 47 7 35 50 0 60 31 97 42 33 36 20 63 34 70 75 40 54 39 74 83 16 21 51 56 44 79 76 14 58 10 89 4 12 
66 : 18 51 27 29 2 19 40 53 84 30 86 33 16 11 45 5 4 79 24 66 87 68 61 42 38 78 60 91 35 22 85 44 7 28 20 97 57 77 99 39 0 64 89 71 13 55 21 88 31 62 72 73 46 8 92 17 94 36 58 65 93 3 75 98 34 74 26 1 67 
67 : 26 52 3 33 23 68 93 18 30 45 51 75 0 66 59 
68 : 54 21 13 82 56 96 51 39 47 57 31 90 4 32 37 53 77 1 27 8 18 5 24 74 45 81 91 48 70 61 69 12 71 50 92 16 65 2 62 26 52 87 75 11 36 33 19 43 66 60 78 10 93 99 72 
69 : 2 49 37 60 68 90 76 72 69 0 33 7 47 54 18 79 23 64 94 80 83 42 55 11 45 3 38 77 12 25 41 99 95 48 10 81 6 19 40 88 82 70 28 5 52 16 66 73 26 57 15 71 27 43 98 35 87 63 85 29 22 93 9 32 56 84 91 92 65 96 61 46 78 
70 : 54 34 90 84 67 9 49 22 15 40 21 35 94 3 5 19 68 83 27 91 95 63 2 11 43 26 47 59 56 7 6 65 53 93 97 73 4 85 72 70 42 30 39 61 79 0 99 16 60 38 66 57 
71 : 99 36 39 28 91 34 11 73 12 89 59 29 50 2 10 15 67 80 27 70 81 58 5 51 92 62 75 47 0 26 82 18 42 83 76 94 69 33 19 32 79 23 24 31 74 97 77 7 63 93 6 41 53 22 84 1 25 60 48 20 87 52 49 43 64 
72 : 97 68 44 11 85 52 25 18 76 71 57 20 8 77 23 43 99 6 67 61 42 79 4 7 28 9 39 80 27 48 93 45 87 0 29 54 22 34 94 56 62 96 90 81 51 75 1 69 15 58 2 78 66 32 59 3 98 24 
73 : 22 1 42 14 63 68 80 7 31 70 28 91 98 41 4 12 49 30 74 77 88 64 58 76 71 38 45 81 5 19 20 3 0 61 40 9 73 69 92 59 99 39 96 16 84 44 6 95 62 10 51 11 15 53 2 85 89 55 25 43 13 87 27 52 36 33 66 29 26 97 83 
74 : 2 5 13 18 74 99 43 3 91 58 79 33 62 61 6 27 38 47 19 50 78 83 4 53 39 51 52 17 72 73 75 77 66 54 41 21 81 35 80 69 95 82 45 1 94 90 14 23 92 22 7 37 98 29 28 8 49 70 34 12 86 44 
75 : 1 10 62 54 82 14 31 6 52 44 33 60 27 79 19 28 69 18 92 37 81 42 13 59 85 5 29 34 11 47 70 39 75 83 49 17 2 98 90 53 0 72 61 84 43 3 23 24 16 87 66 68 36 45 38 63 58 80 41 93 71 88 22 65 15 32 96 91 50 51 46 97 9 
76 : 63 38 15 54 26 18 87 37 49 53 82 51 21 62 30 61 19 34 50 58 0 14 69 59 10 78 95 65 81 23 74 83 75 55 41 42 44 94 36 52 72 70 24 89 28 97 98 9 31 27 80 40 73 92 79 67 46 
77 : 48 78 72 15 82 36 60 42 6 8 14 83 23 63 79 51 55 26 49 20 85 57 66 89 94 17 1 71 59 74 61 24 44 56 67 80 97 73 58 43 98 2 16 29 81 19 4 
78 : 26 44 96 61 16 82 11 37 0 
79 : 90 1 85 0 82 23 16 56 67 69 28 4 89 91 61 41 35 25 
80 : 19 97 43 33 91 87 95 29 75 46 49 32 93 98 79 63 72 84 44 5 
81 : 69 46 56 94 44 88 37 70 30 14 89 39 42 86 91 40 85 1 18 51 98 74 36 19 95 87 27 66 49 73 84 4 10 80 8 35 6 59 41 52 96 34 29 32 68 55 63 81 61 5 11 45 3 24 50 38 
82 : 64 97 57 93 79 60 90 5 33 36 23 69 98 3 71 10 84 12 8 59 81 61 89 22 41 47 70 82 20 
83 : 89 18 84 90 69 72 65 97 50 30 68 60 98 40 75 21 25 88 79 59 14 8 74 1 87 34 17 92 56 
84 : 51 50 93 85 99 96 22 90 18 67 7 40 44 45 35 
85 : 28 10 47 81 24 8 
86 : 85 9 44 80 27 50 1 89 7 63 8 15 18 19 24 95 84 86 48 43 52 56 87 60 42 61 51 88 54 26 74 68 
87 : 16 67 33 72 0 7 63 38 4 46 69 89 76 42 37 74 64 22 14 13 18 35 19 95 80 77 92 43 97 50 73 5 6 71 36 30 78 62 65 68 96 32 
88 : 92 36 1 0 64 74 14 55 19 6 67 76 58 24 71 85 60 26 10 40 73 29 62 63 15 2 23 28 89 79 59 78 90 39 44 43 17 91 48 41 68 57 20 21 72 12 77 49 83 9 25 87 50 27 30 4 94 33 18 22 32 81 84 47 42 16 99 
89 : 60 85 95 47 61 3 42 98 0 49 87 25 37 45 18 93 35 12 24 17 48 27 15 23 16 78 30 69 96 51 44 92 76 77 19 59 73 
90 : 33 73 71 41 93 61 64 3 58 67 83 17 60 86 56 28 30 82 70 
91 : 23 40 93 94 15 33 86 19 70 43 5 39 72 11 20 28 44 8 60 13 62 42 25 47 74 21 16 52 10 3 37 2 30 17 59 24 4 84 57 51 50 83 89 35 
92 : 62 97 52 80 78 90 84 31 53 18 61 19 4 55 98 33 7 99 93 21 
93 : 55 57 56 33 16 59 1 78 7 49 97 88 91 81 5 44 40 80 17 72 6 2 21 62 63 54 70 18 
94 : 12 51 84 58 18 23 93 29 60 17 79 72 47 41 45 34 
95 : 44 63 79 18 25 80 20 49 50 65 13 16 46 21 55 7 60 78 41 33 40 73 32 53 22 62 24 58 1 69 30 66 27 14 84 11 64 68 86 23 45 76 2 37 38 75 31 17 47 74 8 88 77 
96 : 87 7 27 95 82 64 33 10 54 42 19 65 72 8 17 46 49 81 57 53 59 91 74 90 62 73 86 28 51 71 85 40 21 5 61 32 16 29 13 38 99 94 78 36 35 37 76 14 34 50 97 84 24 12 56 89 92 44 58 77 39 52 22 88 3 80 75 63 93 1 26 70 23 
97 : 32 93 90 48 56 75 59 2 5 52 3 50 79 37 25 8 28 27 80 16 69 83 64 76 1 23 10 60 81 30 55 26 66 51 92 39 98 88 47 22 18 49 46 24 21 62 63 45 38 54 72 36 57 44 33 9 68 65 35 82 14 40 96 41 31 6 61 94 
98 : 75 83 30 74 20 8 95 27 51 67 2 21 18 7 66 78 44 81 22 59 42 33 68 84 13 79 45 46 70 34 
99 : 18 14 76 25 85 32 23 21 8 47 31 6 13 81 72 59 91 50 42 94 44 28 41 58 56 10 78 7 35 75 68 
100 : 47 17 30 10 27 26 83 80 84 44 23 39 42 54 4 90 12 71 55 3 52 72 2 40 99 75 61 78 32 41 14 94 91 9 24 11 37 53 66 93 43 85 73 95 5 36 70 15 20 
101 : 60 87 50 27 86 21 97 80 47 19 77 96 1 
102 : 46 38 96 92 18 56 5 0 27 64 47 33 55 12 8 69 31 6 81 51 42 43 78 54 67 30 24 79 10 44 86 15 25 40 23 49 28 14 45 61 70 50 3 72 68 
103 : 47 65 66 13 24 54 61 18 51 84 62 71 49 27 78 19 39 25 87 79 97 45 37 46 68 15 36 30 20 22 93 77 12 55 67 14 6 60 75 81 56 38 89 33 28 16 74 53 70 95 2 69 26 8 35 86 50 85 80 64 11 72 10 32 
104 : 44 8 18 49 94 55 3 6 46 87 54 9 2 30 86 72 36 64 91 
105 : 25 54 4 18 8 38 23 88 81 5 75 59 51 86 30 35 72 57 71 46 62 87 49 65 32 66 85 50 1 29 3 93 48 
106 : 60 13 6 12 46 24 55 44 80 29 23 93 31 67 10 38 18 89 95 47 4 32 70 8 59 96 82 17 16 28 71 58 62 14 9 76 20 87 73 99 27 7 0 97 33 34 68 19 21 72 92 86 43 56 49 
107 : 41 73 92 52 0 25 55 68 93 54 22 20 29 91 50 6 86 95 16 70 36 65 38 74 75 17 80 43 69 15 56 72 49 18 67 27 26 44 99 21 
108 : 41 62 57 99 51 5 
109 : 99 51 30 80 19 20 28 85 6 62 75 16 81 89 8 60 59 11 45 27 87 42 93 5 86 39 32 2 55 78 17 49 12 29 98 92 64 53 82 66 79 10 96 68 77 56 37 65 73 76 94 41 31 61 63 48 0 84 97 74 91 40 
110 : 11 16 63 55 61 28 18 53 98 60 48 80 92 59 0 67 32 75 21 66 44 78 73 96 85 71 12 22 56 45 77 20 19 33 76 83 51 23 37 84 64 52 41 39 14 79 38 34 6 2 91 58 25 17 97 88 70 74 72 
111 : 14 4 35 28 2 34 26 76 8 86 66 74 5 24 87 70 20 48 83 90 39 1 38 23 94 80 60 19 71 31 69 79 25 33 54 77 40 65 51 30 10 46 37 61 41 88 93 64 42 82 97 27 68 50 7 63 13 
112 : 49 99 46 60 58 2 62 5 66 71 72 1 8 95 28 94 10 87 85 41 88 30 73 69 44 74 9 45 0 54 82 35 50 86 11 
113 : 27 94 7 23 3 8 85 15 44 41 74 82 6 95 4 13 69 64 58 17 66 73 43 62 26 35 77 59 42 90 16 80 33 32 68 84 98 60 40 
114 : 6 25 78 17 41 73 80 54 91 57 36 98 14 85 0 69 35 37 39 88 31 81 46 8 53 90 29 72 24 30 52 59 58 12 89 23 93 95 
115 : 97 52 82 65 58 57 93 0 55 27 53 60 13 41 18 75 3 92 39 71 42 45 22 47 25 36 48 84 98 38 81 67 6 73 5 69 21 20 14 50 2 99 
116 : 84 32 
117 : 83 59 61 1 73 25 48 3 75 38 41 16 22 54 89 13 
118 : 28 63 87 83 
119 : 54 96 41 52 60 44 35 67 19 0 27 93 17 
120 : 47 49 69 57 33 74 52 51 75 68 14 45 13 7 39 6 22 59 0 26 20 19 
121 : 59 99 86 50 56 89 53 49 57 34 36 84 93 67 76 71 14 95 77 30 61 28 8 24 44 3 54 32 11 0 5 73 70 17 39 75 97 13 96 42 18 20 38 
