0 : 54 30 80 8 63 27 73 13 45 10 49 87 92 20 35 76 82 60 88 67 62 96 90 93 56 85 39 83 86 46 22 41 29 11 81 34 71 40 78 7 74 18 97 98 9 95 25 26 64 2 33 91 32 31 16 12 52 48 14 0 53 38 68 50 4 21 47 57 77 17 58 
1 : 33 17 74 62 65 64 57 77 15 14 19 40 26 68 83 53 29 8 31 95 91 44 35 7 
2 : 35 36 56 72 81 97 27 0 16 38 5 1 59 75 65 
3 : 8 31 13 3 10 58 71 44 40 
4 : 50 78 89 41 37 61 42 15 86 23 72 65 6 68 74 18 54 35 27 97 36 67 93 52 46 48 87 31 0 85 70 47 3 45 1 49 84 57 44 81 79 88 96 
5 : 22 47 24 71 33 78 43 96 90 41 46 11 36 50 15 60 32 82 70 14 16 72 67 94 4 64 17 2 91 7 89 3 6 97 77 74 65 31 81 62 57 23 45 5 93 35 86 26 13 54 10 
6 : 92 31 25 29 75 48 80 49 81 11 40 87 72 93 66 86 38 85 14 76 96 34 9 57 7 53 47 26 73 21 70 98 91 23 43 50 27 51 37 68 16 97 83 17 18 13 10 28 65 61 
7 : 92 22 72 31 74 56 21 
8 : 58 86 46 81 91 27 61 24 54 11 14 45 39 35 6 51 38 34 
9 : 71 78 29 13 91 
10 : 84 28 63 25 32 12 78 96 94 56 82 54 35 75 10 48 41 46 50 73 26 36 37 22 24 51 11 23 67 93 20 92 86 
11 : 42 86 9 36 8 39 34 52 66 48 69 33 83 0 11 43 20 
12 : 25 59 67 85 72 
13 : 94 81 25 57 71 65 3 37 1 10 6 40 70 99 59 58 34 63 29 48 46 39 28 11 74 55 68 12 23 7 83 30 77 62 84 14 97 52 96 69 49 75 20 22 17 82 24 50 0 87 44 36 89 88 2 13 67 31 90 56 53 79 26 27 60 91 80 38 61 19 18 43 
14 : 11 30 69 45 16 77 33 70 96 92 37 41 7 26 68 47 38 80 65 19 90 23 82 12 56 39 74 91 10 62 4 93 8 67 44 99 32 18 21 20 6 14 36 15 3 43 57 79 49 85 51 89 17 48 94 98 1 71 29 64 52 58 13 86 55 84 97 34 95 
15 : 69 31 2 7 32 
16 : 32 67 51 48 53 
17 : 84 26 29 53 91 22 89 78 25 38 72 9 43 3 35 96 94 55 51 82 76 13 14 34 33 52 68 88 41 6 42 44 93 46 75 28 50 48 23 92 63 45 10 16 85 54 56 7 49 5 39 80 58 71 30 1 
18 : 1 38 29 2 7 37 89 17 55 99 0 8 77 73 59 10 9 21 22 61 4 85 92 71 69 34 56 67 40 72 20 27 81 41 43 24 18 26 44 60 83 25 33 78 
19 : 41 28 75 65 76 4 36 42 52 70 23 35 64 44 97 3 9 6 47 84 14 18 96 67 77 93 38 2 53 86 60 56 5 69 54 25 8 90 74 98 85 11 37 7 46 20 19 94 87 88 72 91 34 59 15 68 1 31 40 12 50 27 82 58 78 95 0 48 66 10 
20 : 77 68 55 21 7 35 83 14 47 31 39 51 38 10 94 93 4 67 74 71 72 98 64 82 3 13 63 15 
21 : 93 63 41 27 62 96 87 94 74 64 80 22 15 60 71 42 37 
22 : 69 71 44 98 67 65 
23 : 51 89 35 97 88 82 38 65 75 13 90 83 47 6 8 99 79 77 31 84 42 19 87 37 
24 : 78 88 87 6 97 63 18 92 19 49 72 66 38 99 56 9 91 17 
25 : 75 95 19 47 93 83 43 33 96 50 68 99 62 42 97 7 26 46 51 40 61 76 0 
26 : 50 89 73 38 15 75 67 77 62 55 12 86 61 49 83 8 79 96 81 7 85 82 72 71 65 66 45 1 20 36 68 18 41 47 53 63 48 27 95 
27 : 21 1 14 58 5 55 11 0 19 18 33 40 20 56 81 26 2 49 86 77 62 39 51 84 12 85 43 10 27 73 17 76 6 48 94 41 38 35 61 7 65 45 79 82 97 29 52 60 8 37 22 98 50 23 66 46 16 63 34 30 28 92 95 87 31 99 13 93 75 9 47 
28 : 57 47 0 15 39 20 93 51 60 33 52 89 66 56 23 18 44 75 49 73 64 55 65 7 96 79 92 13 71 34 72 62 
29 : 67 4 98 35 69 60 11 93 25 61 86 41 42 58 64 43 34 94 22 53 9 7 83 77 63 97 89 75 8 79 
30 : 49 79 96 65 8 18 28 99 7 6 21 68 4 70 55 13 33 34 51 15 1 86 94 37 63 77 56 48 5 53 35 11 9 69 27 22 85 45 74 25 84 41 47 95 62 91 23 93 88 90 12 24 67 92 87 72 17 81 16 38 14 78 40 64 29 57 59 31 32 0 83 75 
31 : 15 38 48 85 72 9 49 11 90 73 87 
32 : 2 42 78 98 19 83 11 10 94 56 91 18 4 21 29 72 50 31 76 95 99 16 37 12 87 0 7 52 71 79 33 35 23 90 8 25 77 74 92 1 73 43 57 54 46 86 97 9 48 32 88 30 20 70 85 34 3 84 
33 : 71 19 98 14 92 89 37 74 
34 : 
35 : 62 26 94 84 87 81 73 70 19 34 45 7 74 50 98 29 3 31 92 71 9 36 21 97 88 53 91 16 42 56 0 35 13 
36 : 90 
37 : 13 34 63 73 87 71 8 0 21 59 56 42 76 31 86 77 55 84 64 67 29 75 91 52 27 93 20 33 68 43 6 83 11 88 14 79 60 90 15 50 74 23 49 30 96 98 57 24 4 70 32 95 28 38 94 22 58 69 80 
38 : 69 68 6 29 52 19 12 59 75 64 26 55 17 15 70 53 39 98 89 92 28 30 21 73 8 61 94 79 76 93 42 48 41 65 0 13 5 85 43 36 37 56 51 18 80 54 14 49 91 58 72 24 77 45 83 62 1 11 66 96 16 31 46 33 50 27 3 90 35 
39 : 60 16 85 40 17 87 79 22 71 64 75 97 29 46 1 39 67 83 63 57 30 48 84 70 66 20 53 37 5 12 25 11 43 0 54 74 6 14 68 94 33 10 24 86 69 44 55 90 35 77 4 45 92 21 99 19 78 56 13 91 82 15 36 27 72 81 61 65 2 51 8 59 
40 : 48 65 30 26 44 67 86 35 25 15 66 70 54 41 21 3 33 56 4 46 0 36 34 8 24 13 85 23 31 92 17 14 98 74 61 77 49 62 45 12 84 32 90 60 22 79 87 89 83 80 19 88 47 6 73 72 81 16 18 7 68 2 63 64 11 38 75 69 
41 : 46 19 2 61 85 71 1 52 68 38 67 34 27 3 41 79 74 99 28 47 12 54 49 69 84 81 40 86 91 90 72 11 65 57 39 73 75 87 62 88 64 77 60 29 66 95 18 4 56 24 82 42 17 70 53 37 45 83 8 5 96 51 20 25 94 48 
42 : 25 18 95 3 31 8 54 90 58 85 88 38 96 5 46 15 4 6 32 71 74 56 1 11 75 53 2 57 62 21 
43 : 17 7 40 68 86 13 56 59 49 1 45 73 70 84 69 34 18 11 50 35 25 33 89 67 92 28 87 3 41 12 39 21 2 36 51 42 9 96 93 38 98 4 99 90 16 5 94 66 97 83 52 82 53 43 
44 : 70 74 89 24 87 36 92 7 67 96 23 45 27 41 78 86 88 30 18 16 25 8 65 44 95 62 46 42 12 66 5 55 19 57 6 56 93 52 28 39 40 69 33 97 10 71 82 58 38 72 60 20 15 37 32 77 73 22 75 68 76 26 98 31 63 81 34 90 4 17 79 2 53 21 
45 : 12 81 
46 : 68 5 7 98 41 22 65 94 89 99 78 17 13 34 92 56 
47 : 29 83 91 66 38 33 88 32 79 35 58 
48 : 83 1 91 80 44 5 24 95 65 3 14 43 25 68 55 13 16 41 67 74 34 40 59 33 37 52 84 56 
49 : 46 19 15 17 86 49 11 91 79 97 23 60 64 36 55 70 53 43 39 93 5 14 77 65 40 0 8 94 88 56 
50 : 58 1 32 59 30 97 98 74 71 5 41 60 91 0 51 83 78 47 63 84 31 17 10 3 88 65 42 2 70 33 28 14 67 54 93 80 40 72 52 37 82 36 75 68 55 16 90 50 15 73 94 86 79 13 89 12 77 11 21 53 34 48 49 38 26 23 43 24 81 19 44 45 8 27 
51 : 64 27 92 55 17 77 59 44 15 69 62 58 41 25 95 10 60 34 20 3 74 54 19 22 16 63 50 48 12 71 75 42 80 35 30 70 66 78 4 99 83 11 97 13 
52 : 42 97 32 56 16 59 49 3 12 83 88 14 70 50 30 
53 : 16 76 19 55 51 75 82 64 2 70 5 24 40 79 98 12 96 67 99 22 65 78 
54 : 35 93 3 96 89 9 15 14 17 40 51 77 
55 : 50 16 4 59 63 80 28 68 81 43 84 47 20 48 57 6 40 96 39 87 61 35 25 93 62 94 44 88 18 67 45 77 66 29 0 60 11 41 
56 : 10 21 95 87 83 7 76 72 18 86 45 17 79 57 52 51 71 68 26 59 91 62 33 12 74 29 24 85 41 89 32 84 92 23 11 73 2 65 60 15 9 35 88 31 97 55 47 22 5 42 64 80 28 6 48 36 30 8 99 25 93 16 75 19 43 27 96 77 40 
57 : 40 9 22 82 12 88 16 81 50 58 4 69 98 57 62 97 41 96 83 55 65 56 13 38 30 23 15 42 20 85 59 74 61 24 70 7 79 35 14 3 46 32 8 93 71 43 89 86 80 78 28 91 2 99 10 0 
58 : 31 36 20 10 32 18 62 3 93 54 71 7 1 65 77 37 15 94 87 26 95 53 69 96 17 28 82 79 83 6 47 16 59 48 61 8 52 22 75 86 68 0 67 90 34 72 25 45 11 24 97 19 21 80 44 74 63 30 58 56 66 57 73 99 60 85 35 50 14 46 64 
59 : 3 39 83 19 29 14 32 79 40 9 97 51 64 15 77 20 88 81 87 24 10 92 84 70 99 23 90 55 17 21 26 94 76 62 67 35 11 91 63 82 50 74 46 13 65 43 75 1 27 47 42 56 95 28 86 33 8 22 37 57 16 18 59 85 4 
60 : 82 51 31 72 12 19 68 14 40 96 48 77 53 13 33 89 62 97 2 16 6 35 74 73 60 25 15 75 85 58 24 1 86 22 83 95 46 0 7 47 52 57 10 78 37 43 32 66 65 27 42 11 20 
61 : 5 57 75 8 22 71 74 98 15 12 47 3 29 56 26 43 93 32 9 42 90 97 60 73 65 62 94 11 28 16 1 55 4 87 21 35 69 10 72 61 2 99 53 50 27 84 63 36 89 85 95 37 78 52 79 
62 : 54 61 74 58 19 34 94 81 80 47 36 46 78 29 13 51 12 96 27 89 76 66 82 
63 : 81 48 4 9 78 40 91 70 57 18 80 38 28 39 45 94 64 86 66 42 8 20 83 41 43 90 29 73 3 82 44 68 79 59 24 6 87 16 10 54 14 23 50 95 15 5 75 55 74 25 63 92 
64 : 47 42 63 82 45 30 59 38 85 12 75 41 25 76 94 68 71 65 11 66 55 70 2 78 14 0 26 8 72 46 6 96 
65 : 89 51 63 20 59 23 56 95 0 64 11 13 37 83 74 54 33 69 90 62 72 41 49 2 29 35 52 18 7 88 
66 : 68 27 36 67 38 89 93 87 28 
67 : 51 66 82 6 42 74 41 70 94 90 97 64 23 58 31 33 5 62 93 67 43 21 52 53 77 39 32 30 87 34 28 69 95 19 20 16 88 26 46 36 60 38 0 91 13 92 
68 : 98 7 92 36 34 76 62 89 21 80 74 64 96 28 70 51 4 84 10 97 83 85 53 48 50 91 44 22 30 55 26 67 43 23 40 59 69 6 68 81 25 93 
69 : 57 77 37 60 23 35 73 87 78 12 22 56 95 25 65 7 81 36 21 32 29 10 91 44 49 82 2 11 43 24 79 90 30 
70 : 8 2 30 93 63 88 46 
71 : 66 57 12 71 30 27 60 98 56 62 89 22 72 68 59 92 2 75 41 0 55 83 70 49 69 17 26 16 43 88 65 1 45 36 67 95 14 23 28 46 50 20 78 21 18 94 84 7 58 33 29 
72 : 6 51 55 0 74 44 68 34 80 9 93 64 84 50 88 19 27 62 61 63 91 14 40 28 67 4 20 99 60 85 21 73 56 18 95 32 43 46 1 15 97 38 70 12 58 31 3 7 82 5 72 71 77 42 39 48 52 49 66 45 69 35 16 10 
73 : 39 7 46 40 67 35 11 9 21 97 62 90 58 60 74 53 71 49 86 26 56 0 5 78 72 82 8 17 32 33 10 24 6 91 27 87 31 73 59 81 95 12 69 38 1 55 18 42 47 50 34 70 20 54 
74 : 
75 : 46 27 96 33 90 9 73 42 18 91 32 1 56 4 65 92 38 93 24 22 40 75 11 82 12 99 30 
76 : 52 90 70 48 14 10 11 60 38 59 69 5 49 3 13 77 85 47 19 4 94 84 97 9 82 76 64 68 40 1 6 80 75 51 12 36 21 92 22 25 83 23 54 20 74 98 16 42 58 30 33 65 62 79 67 8 81 41 39 32 56 91 
77 : 90 59 47 61 80 51 64 15 6 14 88 36 49 52 65 89 93 9 1 8 81 66 39 86 31 42 41 63 27 21 12 
78 : 19 36 68 0 12 49 94 1 51 50 60 5 42 54 40 67 71 63 38 52 15 55 45 47 91 95 7 24 39 64 76 73 84 21 72 
79 : 39 41 49 89 28 65 46 18 26 16 84 50 7 87 13 61 63 53 86 74 82 19 40 21 6 10 75 45 32 44 58 43 94 11 38 68 88 83 64 42 8 12 
80 : 26 27 68 61 83 78 91 8 57 73 15 45 35 54 63 51 
81 : 43 72 34 15 52 28 45 1 92 13 41 38 89 33 94 77 87 29 26 18 54 11 90 4 70 
82 : 83 92 62 47 95 85 46 14 78 11 21 33 17 48 25 43 31 24 56 7 67 99 87 16 
83 : 65 88 8 9 1 97 54 7 78 80 21 10 75 29 86 81 44 89 22 53 33 51 79 67 24 50 92 70 19 20 62 61 83 74 23 72 69 11 71 31 63 66 77 14 37 2 26 90 68 13 59 93 60 30 43 55 28 49 34 99 95 16 76 0 3 84 39 52 
84 : 44 74 18 62 87 33 38 2 91 89 76 83 72 73 63 11 26 48 93 31 28 86 34 15 40 42 21 53 85 1 52 5 4 58 97 50 92 46 3 41 8 9 65 45 88 96 70 24 80 27 57 69 82 59 14 95 81 90 64 68 84 0 67 7 29 51 20 
85 : 88 69 18 22 6 58 21 61 73 87 82 24 68 93 89 70 33 48 49 17 46 12 27 55 72 14 75 71 36 4 
86 : 84 36 21 13 53 70 73 51 64 82 88 78 34 29 80 6 54 22 11 66 58 99 1 48 90 62 32 75 20 52 81 45 2 3 74 56 61 76 46 7 23 91 25 19 33 10 37 5 65 24 26 89 83 60 68 97 28 59 44 95 71 31 92 18 49 9 87 27 
87 : 17 56 50 53 29 15 20 13 98 37 35 52 7 79 97 95 6 44 94 23 76 61 14 49 19 66 89 47 38 41 72 78 65 28 30 62 87 18 3 59 57 63 80 73 82 70 34 92 54 99 40 1 67 33 11 10 77 88 93 81 25 58 27 86 45 
88 : 46 13 47 3 38 20 64 66 41 85 22 2 18 91 95 27 83 39 62 0 82 23 8 7 40 75 72 60 9 52 29 73 90 15 70 94 45 87 14 57 48 37 43 34 30 96 71 68 80 65 54 1 55 86 33 51 5 61 35 16 88 6 10 74 93 28 49 79 67 26 
89 : 62 1 48 23 12 
90 : 89 52 58 7 19 55 81 86 40 28 32 71 56 
91 : 36 43 58 0 2 97 75 12 16 67 62 15 28 26 98 64 7 61 78 33 44 3 65 95 18 94 74 93 29 49 19 8 14 5 82 84 34 48 79 70 52 86 80 17 22 56 59 92 83 81 55 23 41 99 66 77 4 21 39 89 63 90 35 50 72 31 51 87 10 24 30 
92 : 80 42 81 79 14 90 17 19 6 20 43 5 77 29 53 58 26 16 75 31 56 46 96 62 63 55 93 0 51 32 82 52 73 35 86 61 92 98 13 10 95 85 72 22 28 44 87 64 40 3 83 37 18 60 12 39 74 65 4 
93 : 22 50 39 94 16 20 19 75 82 4 54 91 37 51 96 23 8 77 60 57 65 79 24 36 62 69 41 29 63 48 9 10 45 26 97 3 1 61 27 40 74 81 7 47 38 13 67 93 52 68 42 58 11 35 25 73 49 71 56 28 78 83 99 87 43 86 53 6 88 5 84 90 
94 : 10 4 75 14 78 84 71 44 63 60 92 85 53 57 94 45 40 79 80 88 8 93 61 23 74 1 70 
95 : 17 92 66 9 45 18 83 49 54 94 68 8 87 42 69 13 52 77 60 7 96 12 32 33 55 86 88 25 28 89 70 78 2 30 19 27 67 44 50 29 95 53 43 57 58 37 15 63 35 5 16 40 98 99 81 48 3 51 62 4 6 10 80 75 14 79 26 11 59 20 
96 : 69 59 48 36 23 41 38 0 93 6 14 35 1 7 77 26 99 92 71 83 32 94 33 12 17 98 45 89 96 87 44 31 20 68 25 43 53 84 42 66 97 63 30 90 74 
97 : 34 92 55 30 97 79 68 36 51 0 78 72 99 42 54 39 26 65 70 44 64 18 4 22 63 76 98 37 48 56 24 50 38 40 25 
98 : 50 60 63 2 10 
99 : 97 67 77 69 57 54 11 24 66 64 73 72 84 68 71 25 10 98 33 95 50 20 30 86 90 75 15 26 80 55 74 8 13 79 40 51 56 9 27 28 83 46 49 31 58 52 23 89 12 81 91 42 
100 : 76 72 37 3 69 53 81 91 19 27 24 
101 : 20 90 65 96 5 11 74 55 33 78 45 39 51 56 36 23 25 6 7 28 
102 : 82 13 52 95 42 21 27 34 73 32 36 63 14 58 12 7 77 98 75 43 57 79 45 56 89 31 28 35 26 23 10 3 1 55 16 61 80 41 22 68 46 51 
103 : 83 89 98 48 49 62 25 34 79 97 54 23 12 65 26 99 72 33 81 76 9 38 59 13 66 73 69 91 35 74 96 44 18 41 51 64 68 56 55 92 84 21 1 2 6 11 8 32 17 7 85 0 95 75 82 4 57 14 94 
104 : 20 12 81 71 86 24 57 52 27 45 32 98 36 34 5 66 90 70 40 0 33 67 42 25 15 88 63 49 7 48 75 46 61 11 65 31 79 96 1 97 64 16 82 22 50 29 56 17 38 13 4 89 85 39 51 91 41 43 99 2 94 92 80 26 30 28 35 37 54 18 
105 : 52 95 4 39 86 36 71 8 54 93 58 30 19 98 65 10 67 28 68 66 90 2 75 63 25 41 27 24 59 79 51 46 14 44 74 9 69 42 47 23 92 3 89 73 6 76 85 99 55 15 22 20 
106 : 93 33 4 78 27 35 40 80 73 69 24 60 67 84 56 86 
107 : 60 83 65 79 8 52 62 45 72 75 81 84 10 35 3 97 27 56 39 91 86 77 61 23 22 47 24 2 0 80 63 89 73 68 48 28 94 19 74 46 95 55 34 20 36 67 1 43 30 16 17 88 44 66 40 92 32 18 51 76 38 37 9 93 49 70 5 99 96 6 78 59 53 
108 : 81 96 92 4 89 51 3 57 52 53 61 83 69 35 77 7 47 72 97 36 86 70 91 84 33 99 43 17 98 6 40 85 60 16 62 82 74 21 
109 : 67 72 94 24 9 52 25 93 4 99 13 7 36 8 77 27 11 63 3 46 89 60 12 23 75 80 55 78 15 10 90 81 95 19 49 51 66 84 43 22 69 6 0 98 76 39 20 71 82 91 70 41 18 59 73 40 47 50 2 26 68 65 17 37 62 34 
110 : 79 54 22 16 24 99 62 72 53 88 85 83 71 84 36 33 56 0 95 65 11 59 4 80 5 82 21 48 96 78 44 52 97 
111 : 75 50 3 41 39 8 72 18 90 31 34 43 66 
112 : 36 96 50 27 35 5 48 95 17 74 40 93 90 84 24 9 30 15 81 7 41 56 92 33 72 37 10 62 71 11 78 16 0 87 79 91 18 14 20 63 46 67 6 19 68 34 13 28 32 29 69 54 3 38 39 88 52 80 31 25 77 55 85 58 89 47 53 21 59 
113 : 4 75 91 33 54 57 27 92 22 72 
114 : 13 32 16 53 26 38 79 2 18 43 73 94 4 30 27 28 80 89 88 10 23 54 37 74 7 11 95 25 8 24 77 60 70 83 47 75 68 92 14 61 72 90 69 45 34 52 6 78 63 41 86 56 84 96 62 29 82 66 20 97 15 3 21 44 59 65 46 1 33 91 31 
115 : 78 9 22 19 38 71 1 87 12 89 34 39 92 56 29 37 24 62 54 79 80 98 83 32 53 5 73 51 40 35 93 49 4 0 11 43 17 41 52 23 65 21 3 16 7 61 70 55 33 94 96 
116 : 90 27 58 21 80 93 83 31 19 12 87 89 14 73 
117 : 54 12 69 60 26 2 42 90 79 84 50 35 89 36 16 34 0 47 91 43 10 21 27 19 70 59 30 52 73 23 58 97 92 74 95 87 37 83 86 33 99 82 51 77 72 57 18 9 
118 : 16 7 97 47 43 44 67 0 46 11 6 26 54 20 38 12 60 83 33 27 52 39 32 72 42 37 
119 : 64 
120 : 32 53 41 92 44 69 62 48 6 87 64 37 23 16 42 12 5 77 
121 : 70 48 78 33 10 4 3 40 99 30 50 52 55 17 47 0 23 2 32 64 21 71 22 65 96 36 20 31 51 29 43 82 7 6 58 85 
122 : 91 13 25 76 99 10 37 65 9 87 4 21 11 71 57 77 97 54 64 20 82 5 79 24 75 80 92 88 94 85 81 96 43 63 93 61 3 53 32 
