0 : 14 28 5 67 92 69 0 94 3 23 43 1 66 36 46 75 51 82 56 
1 : 86 89 59 70 22 56 21 73 12 19 34 10 38 96 74 47 69 55 14 64 49 72 58 9 88 2 3 29 17 
2 : 64 41 46 52 78 12 74 19 53 21 7 15 65 75 62 24 71 25 4 26 0 99 66 9 33 67 37 30 97 87 42 56 80 47 28 40 38 2 95 69 96 84 55 72 22 51 85 59 92 91 29 44 20 89 57 49 
3 : 37 16 41 74 45 2 5 43 11 30 25 92 8 6 95 87 71 26 9 97 28 7 79 91 82 65 60 77 83 63 10 23 80 89 46 59 55 81 68 49 85 84 62 13 31 93 61 1 3 51 44 29 
4 : 70 27 11 85 15 38 26 58 21 86 88 71 61 50 25 99 52 24 55 74 5 79 56 67 1 17 32 22 59 46 60 6 18 23 40 75 49 64 78 51 83 7 2 29 87 10 19 
5 : 82 54 1 90 16 66 67 48 24 79 2 93 81 9 35 29 34 45 0 96 85 15 30 78 74 57 64 89 69 6 27 58 53 5 87 43 91 71 33 42 77 
6 : 11 58 29 46 31 60 92 45 24 67 95 4 82 41 88 61 97 36 57 8 74 68 63 22 17 98 75 59 50 2 47 83 49 48 23 10 43 16 56 87 7 86 91 62 21 12 15 94 73 30 38 77 34 72 78 32 64 52 93 
7 : 5 27 30 36 62 53 41 95 28 13 71 42 25 21 34 26 6 66 0 14 22 47 
8 : 66 45 63 17 87 5 81 10 65 73 19 93 25 38 31 47 41 75 97 76 9 67 13 34 4 3 21 83 40 7 18 86 55 99 59 91 85 20 96 88 22 79 
9 : 22 33 55 26 28 5 88 65 96 25 85 39 57 94 91 99 12 1 52 43 86 37 29 41 15 93 3 59 90 48 82 62 54 27 70 83 97 19 89 69 44 60 80 77 30 79 74 92 35 66 36 6 45 42 67 64 20 16 23 
10 : 42 51 70 19 61 83 47 94 89 87 44 96 91 97 20 40 76 37 26 95 6 80 72 59 93 92 35 8 
11 : 10 68 89 88 8 53 94 56 9 40 34 98 79 59 4 49 25 20 14 62 33 38 37 81 51 87 6 64 90 82 0 66 47 42 65 77 63 99 35 80 28 15 21 31 12 93 41 58 17 61 27 
12 : 5 29 57 88 26 4 49 11 56 44 83 12 18 87 1 71 75 16 79 45 41 95 14 65 7 55 97 20 10 67 77 85 21 22 60 59 24 91 34 96 3 54 32 47 13 72 0 92 30 2 62 89 52 73 80 64 17 35 51 
13 : 27 89 39 70 90 73 18 99 53 86 69 34 40 21 4 9 0 52 84 55 80 24 51 32 93 44 46 3 65 7 63 76 78 79 42 57 60 14 47 29 2 74 22 12 67 30 16 15 37 54 97 50 56 43 28 6 20 77 68 61 81 31 91 59 64 10 35 36 85 82 1 71 25 
14 : 77 0 62 66 45 41 42 33 61 59 49 14 22 11 79 63 87 38 94 51 50 8 5 64 65 97 20 83 9 67 78 1 82 81 90 16 92 23 91 17 74 88 18 80 72 56 13 47 73 32 70 53 40 24 43 84 54 55 52 35 99 57 3 37 27 46 68 34 10 96 93 71 39 
15 : 96 92 65 67 49 23 84 54 88 79 40 25 78 55 20 43 57 62 76 59 
16 : 35 28 18 68 20 27 30 91 6 57 93 48 37 97 67 17 94 69 84 10 92 49 87 44 99 53 76 45 33 9 36 65 52 56 51 74 63 61 73 79 59 7 13 3 96 46 23 21 64 78 80 77 55 25 89 83 16 11 
17 : 30 68 31 49 12 78 1 45 43 70 41 36 88 76 19 57 80 95 63 62 56 28 97 18 77 7 59 54 66 0 27 8 58 87 2 85 82 22 13 47 53 
18 : 44 24 92 48 
19 : 51 30 42 40 32 
20 : 39 4 57 68 58 69 27 78 38 64 37 47 46 49 86 8 21 23 11 51 18 31 0 87 14 29 75 66 25 34 81 30 80 84 35 26 96 10 22 54 60 74 59 65 77 15 36 82 17 45 3 76 24 52 91 85 73 88 56 40 97 70 90 5 95 7 93 
21 : 7 39 80 81 36 4 79 73 37 53 96 67 35 38 45 43 26 46 3 47 87 58 27 17 76 90 70 64 55 15 83 42 12 19 56 
22 : 32 97 76 0 99 88 80 56 33 26 85 72 44 9 7 18 47 59 74 84 8 62 90 65 50 14 67 64 37 95 68 57 40 53 69 73 54 79 23 24 71 31 11 15 66 30 83 21 58 13 2 25 75 87 36 52 12 55 94 38 78 34 28 35 60 81 27 77 29 
23 : 49 87 31 6 65 1 26 23 97 85 15 21 66 99 39 27 36 5 76 63 96 86 41 91 51 93 83 8 75 55 94 34 70 11 46 84 80 22 98 88 
24 : 43 30 47 8 96 12 73 82 69 67 18 41 81 85 89 
25 : 58 31 1 15 73 69 29 30 42 
26 : 37 24 63 68 16 
27 : 51 5 26 1 79 17 47 69 68 71 48 56 84 85 99 22 55 83 59 23 49 92 45 78 57 4 27 39 95 96 6 81 76 50 40 52 16 12 30 63 3 66 70 74 80 97 31 8 32 60 38 88 0 20 42 93 34 37 65 14 90 19 94 82 2 53 
28 : 53 86 67 77 41 
29 : 63 92 3 34 53 17 8 75 4 22 99 51 55 72 32 73 69 19 7 24 71 30 6 46 39 15 84 35 20 81 96 50 40 31 54 61 93 66 88 23 56 85 13 67 87 48 80 25 86 11 2 64 91 90 16 94 0 77 36 37 68 41 14 28 1 76 78 57 5 
30 : 33 70 47 40 26 81 35 5 6 21 82 16 45 7 38 88 91 30 52 12 65 22 15 76 0 95 8 98 34 19 3 23 37 67 51 72 
31 : 15 28 66 37 60 18 
32 : 89 
33 : 37 10 6 73 49 95 13 55 
34 : 7 16 99 26 6 17 45 19 93 86 67 59 90 18 72 21 80 40 0 95 69 75 10 74 47 11 5 36 97 64 14 61 35 57 37 
35 : 66 84 83 5 12 63 88 0 80 81 43 30 53 41 62 4 34 94 57 82 48 69 74 92 28 14 60 50 6 39 55 29 89 59 78 54 67 72 26 19 56 3 38 49 27 8 97 46 93 65 70 77 79 7 44 33 47 32 31 76 9 17 35 
36 : 34 64 99 20 6 2 61 21 38 24 36 
37 : 65 7 93 33 37 34 55 24 54 53 97 30 80 83 98 96 25 58 51 50 29 56 63 18 21 91 64 90 57 40 
38 : 34 12 15 63 4 9 8 60 89 16 51 95 23 98 11 13 37 48 5 91 68 65 84 58 99 21 3 85 76 49 83 
39 : 30 85 78 72 43 75 90 91 59 84 95 23 1 45 29 37 16 15 36 8 73 54 87 7 44 5 13 51 39 57 41 46 3 64 97 18 71 0 81 50 66 99 68 62 2 48 24 65 35 10 96 4 49 33 58 47 56 12 69 28 52 25 76 80 20 63 
40 : 36 38 5 50 39 75 76 46 0 83 61 94 34 13 65 19 98 31 81 10 48 55 56 42 79 97 92 
41 : 75 32 61 49 27 30 76 88 39 23 93 22 73 64 16 34 70 84 40 0 68 15 95 51 29 6 11 63 9 42 31 25 58 13 47 44 17 18 98 5 74 54 38 92 60 69 35 99 45 28 33 2 
42 : 99 57 63 26 97 49 62 52 80 16 5 53 68 3 14 17 41 67 60 19 21 96 73 38 59 90 40 98 54 72 95 71 91 1 94 46 7 70 93 36 83 0 9 64 2 77 10 12 42 85 8 74 35 
43 : 90 69 40 24 30 42 77 1 22 9 89 48 27 57 93 39 47 4 8 74 56 14 6 38 88 99 71 0 11 46 25 64 31 96 32 26 62 58 63 94 97 35 51 41 66 72 98 91 3 82 80 13 
44 : 60 2 55 81 14 42 99 22 70 44 48 97 6 32 59 90 17 95 11 56 96 27 74 51 37 85 87 93 3 34 47 94 52 21 83 91 77 29 65 43 15 36 78 84 40 5 
45 : 60 72 48 75 64 4 80 11 79 29 67 53 74 82 3 32 49 43 70 56 61 7 85 24 91 47 78 55 96 38 68 98 50 66 83 
46 : 85 83 94 76 96 37 24 43 58 
47 : 94 41 77 26 11 43 56 28 12 21 51 5 75 63 87 33 83 2 15 58 68 96 23 31 54 72 4 16 62 89 19 69 80 27 29 66 85 49 
48 : 97 1 17 40 74 38 16 72 78 98 45 67 58 50 99 32 54 83 34 14 
49 : 98 17 24 89 54 51 81 50 78 68 45 35 99 7 67 36 79 66 55 20 48 63 97 49 71 57 15 3 44 53 85 87 72 18 1 52 10 26 12 83 61 32 31 38 95 91 73 92 8 34 76 82 13 46 28 37 27 5 93 65 69 94 22 42 
50 : 27 78 13 6 21 37 66 85 98 32 39 18 22 97 43 10 29 41 93 
51 : 61 26 62 88 97 99 94 
52 : 55 97 10 0 4 33 58 6 69 54 90 67 78 63 46 89 81 27 56 73 84 28 31 37 16 88 8 45 79 87 7 51 30 43 59 23 99 44 64 11 98 47 70 95 96 13 40 86 3 18 38 24 75 68 91 49 19 52 35 15 50 53 94 
53 : 22 34 75 84 35 98 29 25 74 42 20 99 3 50 4 39 76 46 
54 : 74 99 14 77 80 75 21 56 51 61 3 55 27 34 38 23 87 90 95 1 30 78 68 89 85 6 39 47 82 48 42 35 60 53 70 64 12 83 93 71 88 43 5 96 9 86 37 10 57 19 45 41 40 59 2 18 28 15 17 73 52 67 26 91 46 4 8 94 33 31 
55 : 20 35 17 79 81 96 32 14 83 93 59 38 86 92 64 23 94 34 13 77 15 89 65 51 63 54 28 70 55 22 3 8 67 56 78 68 25 80 4 47 97 30 39 36 26 48 61 45 72 21 91 46 18 71 40 37 57 31 9 
56 : 31 73 68 50 25 35 13 81 83 92 66 
57 : 79 80 62 47 46 61 95 7 70 17 55 44 24 15 78 1 41 35 28 91 
58 : 99 49 91 71 77 54 29 85 19 22 66 52 81 61 1 68 76 25 12 21 41 73 33 46 94 89 55 83 75 74 79 86 60 98 48 44 88 31 43 64 53 34 95 47 38 45 56 30 67 65 78 15 20 32 72 28 50 93 57 0 
59 : 37 24 59 2 41 76 44 71 85 13 10 28 27 57 77 62 3 22 89 73 79 88 15 30 40 63 93 90 32 34 53 91 38 60 1 17 50 6 94 69 82 68 18 78 95 8 92 72 52 26 98 47 42 33 80 11 36 49 96 25 4 66 75 56 21 46 54 43 
60 : 13 7 28 22 48 47 30 
61 : 86 98 43 69 19 62 79 72 16 14 89 7 90 21 82 50 39 17 31 40 67 28 1 64 47 88 54 59 83 18 13 80 44 73 84 38 74 36 12 23 35 27 97 49 53 8 56 68 46 0 4 34 
62 : 74 46 33 57 20 23 87 49 67 29 69 41 18 91 61 4 9 
63 : 66 97 38 14 3 19 91 59 13 26 4 36 63 16 82 94 84 47 28 73 17 96 65 15 33 6 37 90 2 88 5 41 1 8 50 69 21 99 86 
64 : 26 96 84 5 39 77 60 37 29 81 20 82 33 74 32 87 9 51 56 86 70 54 49 71 59 7 3 36 92 48 25 67 38 98 16 13 42 55 30 17 93 80 46 19 95 23 61 6 52 88 28 0 4 79 68 97 44 53 31 89 12 99 73 62 58 
65 : 47 12 19 0 13 20 2 31 64 92 37 71 17 34 26 36 8 93 32 44 56 63 25 81 76 61 79 60 98 86 35 3 14 27 11 18 97 74 78 39 83 87 82 23 24 85 45 91 
66 : 5 25 17 42 65 97 70 24 1 78 69 0 75 13 99 20 61 64 23 35 53 91 77 14 40 58 38 11 6 27 8 83 72 34 94 71 73 16 51 90 81 85 59 80 48 52 9 92 68 29 86 67 45 12 
67 : 62 72 86 84 68 70 7 92 43 80 67 54 81 41 58 33 2 91 97 36 47 17 45 88 32 27 18 50 21 95 89 14 79 40 74 12 75 94 52 44 38 1 8 51 37 56 77 76 34 29 26 35 30 4 55 53 96 5 64 
68 : 98 74 68 22 19 24 27 52 85 75 63 76 53 64 4 70 54 55 71 83 8 99 58 21 1 81 46 92 40 59 26 93 43 79 35 
69 : 99 95 10 48 34 77 36 2 44 47 45 52 70 1 30 31 78 62 66 5 40 90 57 24 61 33 22 14 21 16 23 72 19 75 54 39 85 65 18 56 86 35 91 71 80 26 
70 : 98 73 40 17 76 58 78 88 87 55 39 3 43 53 2 51 28 36 93 
71 : 
72 : 8 24 80 78 44 3 60 5 50 32 0 19 12 59 52 21 47 6 95 25 36 82 76 46 1 27 
73 : 42 18 70 95 65 74 31 41 44 40 56 9 32 82 28 90 16 72 50 10 36 47 12 77 39 67 21 15 51 87 92 8 66 55 91 13 1 89 81 62 84 25 
74 : 98 7 18 0 48 27 8 30 93 36 73 63 39 60 26 
75 : 85 34 49 12 55 92 36 57 99 29 42 95 80 43 
76 : 85 21 12 95 2 99 52 6 75 89 67 16 71 44 8 10 36 
77 : 61 79 62 57 0 80 
78 : 65 40 53 94 9 96 37 71 90 24 50 84 73 27 20 21 41 77 6 16 14 44 75 67 68 78 28 11 63 5 19 29 92 7 87 38 57 62 64 85 61 93 33 15 82 88 83 95 86 0 76 97 55 26 89 31 98 23 59 13 18 58 10 74 51 17 36 32 54 8 80 
79 : 15 8 1 11 84 30 83 32 10 78 18 44 65 54 91 41 27 93 81 74 5 96 49 98 40 7 51 23 46 35 0 66 95 72 97 77 50 16 59 58 13 29 6 99 
80 : 14 39 23 36 88 66 63 87 50 90 28 18 69 
81 : 9 25 49 5 58 0 67 47 39 84 35 10 6 75 12 68 32 59 38 36 97 64 45 16 99 22 96 23 73 76 43 50 24 17 40 15 1 63 14 86 95 83 18 11 52 42 34 7 91 77 87 78 70 69 4 46 98 29 56 44 74 51 
82 : 93 14 90 86 74 61 15 48 56 6 51 
83 : 44 79 76 87 23 69 73 54 85 7 94 3 55 5 33 62 93 70 61 75 45 99 46 31 18 0 13 14 43 86 
84 : 22 10 89 35 55 34 71 59 54 37 82 25 29 93 20 5 13 41 76 98 4 53 50 68 1 3 7 79 17 72 11 0 
85 : 
86 : 85 27 10 43 88 60 30 20 55 97 79 47 45 87 96 99 4 8 14 41 73 72 95 28 74 86 48 3 78 26 65 46 18 37 38 49 71 42 68 25 39 7 67 5 50 70 12 24 51 32 54 58 64 75 23 90 17 89 21 
87 : 11 41 12 66 6 1 74 93 47 4 88 
88 : 48 79 84 32 4 9 38 17 34 25 60 86 49 65 66 98 72 78 69 29 47 93 14 37 22 28 59 2 15 8 46 13 35 81 26 74 31 53 40 0 63 87 42 1 76 30 58 97 39 64 11 99 3 89 10 20 92 52 24 85 41 50 36 54 71 
89 : 52 70 72 20 17 24 86 46 56 58 45 77 5 54 27 
90 : 20 13 34 29 64 59 28 77 
91 : 94 73 64 96 97 52 60 5 89 49 76 34 77 66 88 83 40 4 87 41 50 31 74 24 70 51 25 84 22 19 43 57 44 62 61 16 95 13 6 10 48 71 2 12 3 38 69 78 32 26 53 79 17 80 63 81 99 98 0 65 
92 : 91 95 8 44 27 2 97 80 45 86 
93 : 33 45 88 74 50 30 95 77 86 89 60 53 15 9 80 28 3 52 54 37 65 23 19 66 59 11 67 29 76 6 36 42 90 31 21 17 47 92 87 84 22 55 12 
94 : 52 86 59 57 92 38 40 77 95 64 14 29 50 35 62 63 22 66 1 27 23 32 18 49 98 6 16 46 53 87 82 56 11 65 94 91 30 58 5 69 70 80 79 72 0 73 84 75 36 89 31 93 21 33 37 19 20 8 48 88 81 13 83 28 68 61 
95 : 60 61 38 66 92 70 3 4 45 67 20 86 29 55 33 24 17 53 85 52 40 21 31 78 62 77 50 
96 : 5 53 31 63 64 14 58 96 17 66 76 35 40 45 86 42 33 12 91 52 61 89 23 28 56 50 51 99 27 71 55 81 79 4 39 41 32 65 87 16 9 36 24 59 90 69 60 93 38 6 72 37 84 54 0 3 29 10 20 82 88 11 67 68 
97 : 12 33 27 91 99 61 87 52 7 44 17 43 5 73 20 40 0 6 88 11 15 80 75 93 19 70 64 42 29 58 86 36 68 83 92 89 41 53 8 38 13 
98 : 88 80 91 33 96 98 7 9 56 29 59 85 55 78 87 24 37 31 79 13 5 67 99 20 21 75 11 82 72 49 48 74 44 34 0 2 76 6 53 4 54 51 93 89 15 23 66 52 70 18 27 
99 : 75 47 78 77 53 67 23 26 56 17 28 43 9 94 66 79 33 19 45 41 49 63 82 40 38 68 99 76 81 15 0 
100 : 78 30 16 27 19 97 40 13 22 75 18 52 89 43 33 57 86 2 95 82 92 45 3 59 69 36 11 72 83 34 88 50 61 5 46 51 67 71 81 94 99 80 63 6 73 70 4 17 8 
101 : 41 92 79 14 47 50 40 54 34 73 1 56 90 43 68 0 25 3 48 85 94 21 63 28 74 29 69 45 58 95 83 37 71 42 99 77 52 18 51 87 6 
102 : 18 30 53 1 84 82 88 78 97 70 63 19 99 68 28 4 47 9 35 21 20 22 81 79 10 38 92 24 46 86 37 2 25 85 98 69 58 56 59 8 95 14 3 96 11 90 64 65 54 80 75 60 23 61 87 94 15 76 62 67 52 40 32 93 55 44 51 5 0 41 43 
103 : 10 15 66 43 11 95 28 8 23 
104 : 75 32 65 76 58 46 83 51 43 23 89 56 44 73 0 31 54 57 92 33 12 28 84 79 85 
105 : 31 62 49 94 95 57 53 5 26 56 92 59 67 7 79 48 3 23 58 1 60 80 85 9 73 51 71 87 28 0 46 91 6 32 40 
106 : 2 35 52 83 27 31 49 81 4 12 16 75 73 82 95 55 57 62 26 19 47 20 79 98 92 15 18 85 17 53 9 
107 : 64 24 33 47 
108 : 19 11 0 61 63 59 43 5 87 2 88 45 30 76 77 93 29 33 85 81 16 97 49 73 46 50 55 54 57 4 96 14 95 53 65 3 90 99 35 79 39 23 22 80 84 10 47 51 26 41 32 72 15 78 82 9 56 86 27 89 31 58 21 71 28 24 40 20 
109 : 21 7 51 30 49 3 28 22 77 92 2 18 43 44 75 56 14 31 54 90 52 61 79 19 57 83 12 32 70 76 89 41 45 27 17 36 11 59 68 95 99 6 62 4 87 66 5 93 71 
110 : 33 19 55 59 50 63 98 7 89 56 62 24 78 76 74 95 91 99 44 5 38 70 54 9 80 66 47 12 84 72 48 34 64 14 49 52 92 46 88 83 13 45 21 94 18 36 8 60 67 20 97 82 58 4 16 6 86 79 2 93 11 10 1 
111 : 19 64 3 40 63 68 37 39 0 9 34 4 28 7 42 12 30 16 36 77 27 
112 : 0 7 50 80 71 52 94 5 60 40 20 15 61 70 43 77 73 69 83 96 88 9 72 19 42 68 26 24 39 82 11 84 87 85 32 25 12 45 31 14 41 91 90 21 46 51 13 48 66 16 18 
113 : 34 83 0 61 68 95 32 24 89 13 96 7 66 59 8 35 2 37 70 55 90 39 63 36 78 27 69 6 14 23 18 67 9 44 20 31 92 19 72 74 82 46 21 64 3 30 79 
114 : 
115 : 32 82 16 88 63 50 74 69 58 89 37 23 64 30 96 97 95 36 12 52 90 46 94 1 44 43 9 60 55 0 84 5 76 34 33 35 65 86 81 27 6 20 87 72 62 98 
116 : 0 85 32 75 57 39 74 47 37 68 5 25 43 15 12 80 91 2 29 4 14 97 56 72 71 69 66 42 81 51 78 65 41 30 11 55 84 50 70 82 83 23 26 16 35 8 48 54 
117 : 42 50 12 13 16 85 81 82 88 38 91 71 83 76 66 48 75 11 19 59 26 90 39 55 78 46 
118 : 52 72 84 64 89 85 32 36 97 59 15 51 42 23 49 3 11 55 22 92 83 71 10 70 96 58 69 5 18 77 34 98 
119 : 55 15 93 45 89 32 24 31 64 42 0 98 36 62 50 11 59 92 14 84 39 70 54 37 80 85 82 63 81 56 8 76 67 6 49 1 23 57 51 83 90 58 46 65 47 7 29 13 52 21 72 3 34 61 73 
120 : 
121 : 98 8 76 23 15 59 92 54 78 61 34 83 32 57 42 79 24 12 22 26 9 33 53 29 38 40 60 82 46 62 64 94 52 18 67 68 75 3 6 30 31 25 66 63 71 44 93 55 17 87 74 14 16 36 58 97 
122 : 13 49 72 80 52 38 75 37 77 57 98 30 53 18 78 56 74 39 85 35 54 73 28 31 66 36 62 68 82 15 25 95 90 55 87 8 67 23 2 17 92 3 34 21 88 43 59 45 99 89 12 33 47 41 0 83 7 61 96 6 91 70 65 86 14 26 48 79 64 42 84 97 93 44 
123 : 43 3 37 35 59 16 10 18 28 74 55 90 75 12 84 0 44 65 80 79 1 69 64 11 95 48 8 50 42 62 93 49 45 6 87 63 40 47 81 89 14 25 4 33 70 58 91 71 7 
