0 : 190 143 99 219 32 98 27 144 121 60 243 165 142 193 137 160 116 212 180 25 117 187 248 76 108 88 246 52 59 186 110 132 228 189 41 56 
1 : 152 162 194 26 54 172 245 47 137 246 48 43 223 247 154 214 91 76 133 42 178 135 25 233 110 234 204 37 155 212 105 94 136 86 180 173 50 170 115 70 216 138 222 158 84 116 28 36 73 98 248 82 232 127 225 249 33 56 130 101 112 188 230 210 164 190 231 139 81 191 149 235 58 183 100 197 69 242 166 227 118 93 29 34 220 79 51 85 153 123 215 239 46 90 45 102 199 
2 : 143 189 138 103 76 248 200 106 33 48 152 77 56 176 34 221 162 247 99 114 227 212 151 94 172 113 225 61 245 133 211 192 194 223 216 97 181 74 93 85 237 205 142 51 96 31 36 164 98 198 157 153 161 147 169 249 230 70 63 81 232 171 42 187 238 228 60 71 213 80 130 110 72 201 155 175 183 53 82 209 119 195 101 168 35 231 244 66 167 123 177 
3 : 38 227 193 230 183 96 27 136 140 197 151 45 85 222 242 219 32 144 68 206 86 215 130 71 208 123 204 110 56 195 169 41 61 172 157 127 146 218 111 175 209 65 26 44 120 247 97 42 100 196 231 184 28 186 34 171 211 221 43 168 239 238 187 54 72 94 29 84 234 210 142 228 200 112 82 87 162 62 128 66 167 95 143 113 73 121 246 35 189 139 31 133 158 145 202 57 
4 : 207 242 31 96 77 74 217 72 182 113 192 199 227 93 221 39 209 32 28 144 230 177 94 186 89 79 228 124 51 146 231 157 220 35 42 121 84 85 159 37 117 143 99 176 26 152 135 103 147 114 48 53 149 95 189 181 198 122 47 179 123 184 205 44 155 90 119 139 38 136 58 226 246 97 101 204 126 87 43 65 106 108 80 98 229 45 164 161 236 27 130 187 34 62 
5 : 71 235 195 49 59 209 143 201 120 124 138 182 37 110 192 178 78 130 140 211 153 129 200 139 164 74 75 80 189 193 149 107 135 132 76 113 77 242 70 92 84 185 64 197 101 85 44 157 60 180 36 232 112 53 126 218 109 225 145 102 95 217 73 134 42 40 
6 : 80 246 131 191 211 243 101 140 115 248 228 207 193 85 25 158 130 190 70 235 180 169 143 31 26 227 62 63 41 218 124 98 242 236 160 171 87 108 112 109 185 67 231 95 198 222 214 73 90 47 122 121 213 27 168 86 57 81 210 194 
7 : 243 223 35 207 158 146 40 215 221 194 152 179 219 191 218 68 199 241 125 30 114 41 93 175 56 85 203 133 249 172 217 238 138 240 135 178 137 116 51 151 81 225 185 159 213 66 144 96 154 27 164 102 174 235 214 247 31 177 173 153 112 113 63 242 155 190 58 186 127 94 71 198 224 107 184 111 97 166 211 124 32 227 
8 : 81 50 110 200 49 170 43 167 183 106 36 68 150 216 159 221 140 60 191 48 212 131 157 133 85 54 246 124 169 227 46 244 185 78 166 184 145 228 93 115 35 70 152 173 230 104 178 94 151 96 204 198 120 134 40 62 213 98 179 63 240 91 189 158 243 123 232 111 58 118 77 71 223 103 99 66 164 248 129 135 149 42 174 249 95 162 100 86 190 26 209 234 219 155 171 175 107 202 127 82 92 31 76 125 231 114 44 206 242 102 
9 : 187 219 146 172 164 192 68 195 215 46 178 25 57 99 217 133 209 71 36 182 234 105 183 166 120 85 239 114 150 156 73 102 
10 : 122 48 112 103 34 84 189 81 141 184 169 158 231 54 198 190 120 95 55 149 127 67 178 96 172 195 215 203 187 45 222 160 217 63 68 71 105 180 233 209 58 223 219 92 106 121 238 65 74 
11 : 161 52 74 44 239 217 225 128 127 152 54 233 201 95 188 59 242 46 68 165 66 198 141 133 90 64 247 75 101 137 86 216 41 56 235 132 179 175 114 53 113 155 131 73 196 58 34 80 112 238 200 151 162 147 174 36 212 143 146 55 67 245 219 42 48 214 31 229 103 35 221 184 142 149 135 83 189 197 110 248 32 94 158 76 70 63 156 180 234 166 57 190 136 125 187 116 33 111 50 43 176 130 246 134 193 47 209 160 182 51 
12 : 89 196 93 238 242 203 69 29 223 144 34 180 33 249 147 54 118 125 161 40 194 213 30 82 131 182 53 225 113 122 134 168 95 199 186 205 60 175 105 248 65 62 212 108 241 187 235 120 142 55 124 136 99 164 56 67 226 157 178 72 77 115 227 81 148 49 91 32 183 70 179 239 191 106 214 50 42 232 218 181 28 206 233 167 240 102 31 139 104 188 172 149 216 224 94 97 236 246 119 160 176 59 35 158 220 
13 : 242 115 98 46 42 39 215 207 177 227 99 182 52 84 72 64 218 244 83 124 102 146 25 209 144 65 31 183 172 241 63 225 213 133 73 179 189 132 57 121 176 247 108 32 140 77 43 56 105 191 93 33 173 114 30 89 139 128 195 26 145 197 118 94 235 180 148 160 238 200 181 87 40 143 243 81 229 141 232 210 117 44 74 185 123 116 113 155 111 149 137 104 130 201 214 76 
14 : 177 81 159 31 184 219 209 165 33 28 227 41 123 36 132 188 199 231 183 191 143 229 161 202 221 142 97 110 44 156 208 151 113 64 32 232 239 125 95 136 203 181 246 173 196 52 131 182 236 116 77 242 86 25 154 37 207 100 128 94 240 138 62 129 90 193 176 220 186 174 179 66 73 99 249 40 205 178 96 107 85 245 109 204 218 223 235 51 170 106 30 70 103 192 63 102 166 88 134 130 114 112 126 
15 : 99 32 74 89 120 223 58 38 80 44 67 28 190 101 37 158 239 42 238 84 102 63 103 148 241 155 249 55 165 143 46 196 123 227 248 146 53 129 205 151 86 132 73 90 162 60 68 161 234 181 156 118 96 94 51 62 242 82 126 
16 : 208 224 101 187 143 218 32 103 131 210 71 169 68 161 165 130 33 174 162 182 78 140 136 84 151 177 207 31 160 52 56 242 241 212 171 223 97 120 30 170 246 145 88 86 98 150 191 155 238 82 79 122 114 193 199 51 129 205 70 119 53 232 249 90 95 133 176 77 202 144 146 29 60 132 247 108 152 147 58 36 106 35 39 63 49 234 43 92 179 
17 : 93 114 173 85 34 142 146 234 249 97 169 113 160 70 110 201 94 111 181 105 125 223 192 225 69 212 112 219 39 35 174 197 186 139 203 81 54 156 138 62 104 237 101 222 28 141 228 27 108 143 83 33 227 120 106 48 25 59 178 78 189 137 77 30 185 79 159 224 210 207 184 90 164 232 43 226 46 87 49 40 202 75 67 246 92 221 229 188 231 193 161 233 117 98 36 238 66 129 200 147 107 56 244 65 145 99 
18 : 95 128 80 234 232 41 139 156 174 207 190 45 233 76 131 31 130 173 220 126 97 231 115 123 25 132 158 43 141 44 223 202 136 58 192 152 162 26 188 222 199 81 212 236 69 157 211 187 204 168 
19 : 157 159 241 133 78 88 180 43 101 223 172 183 194 188 142 191 67 109 53 95 175 170 48 63 200 132 217 41 221 114 154 192 113 97 160 152 215 212 218 92 32 249 40 61 150 31 205 117 55 69 81 171 153 51 177 36 80 82 76 108 64 237 243 84 73 144 187 248 156 198 58 182 139 234 45 115 
20 : 72 189 82 128 202 86 153 121 237 56 155 156 150 165 117 148 40 145 187 221 243 229 101 171 194 137 240 102 111 107 58 67 85 33 188 163 90 218 235 77 215 233 139 224 141 219 129 50 170 44 246 99 31 
21 : 206 243 181 125 95 49 185 67 234 86 69 229 80 38 176 238 189 119 150 198 202 32 140 210 56 247 187 133 100 65 78 28 94 61 233 97 212 60 139 164 62 208 52 191 26 231 57 63 115 102 77 138 118 213 25 43 121 88 41 219 126 90 73 111 163 98 230 92 123 200 141 46 199 142 149 76 180 75 228 188 103 227 207 196 225 197 99 44 172 37 165 156 134 101 245 54 96 193 244 159 84 158 214 203 85 27 194 171 89 91 237 74 108 
22 : 212 223 58 240 149 114 99 83 138 41 46 56 91 120 128 214 232 38 112 187 151 196 33 73 80 177 74 107 137 40 201 231 140 178 191 55 146 117 235 239 116 207 139 211 89 247 85 42 82 200 49 243 225 115 90 143 60 210 184 215 136 75 125 181 158 164 121 65 133 95 76 67 52 156 168 97 157 195 217 134 208 204 68 237 192 108 44 26 229 66 39 71 175 227 129 126 98 59 242 190 54 25 238 92 
23 : 99 207 86 115 101 44 164 201 180 88 231 105 92 230 45 168 186 103 73 110 161 60 64 232 89 75 224 183 108 195 100 68 218 241 107 54 71 162 203 167 39 196 96 160 176 147 215 155 220 62 170 152 113 61 104 242 144 40 185 46 209 114 129 57 70 233 72 32 69 166 138 135 199 142 47 197 31 118 213 188 136 102 122 127 190 193 63 106 30 55 169 194 237 227 91 223 53 145 87 83 181 37 58 222 76 123 27 248 79 247 208 153 
24 : 89 151 157 122 42 196 155 193 217 56 228 77 127 110 97 78 55 140 167 116 170 230 74 132 201 234 108 246 208 31 139 123 26 162 28 223 168 156 115 59 40 82 186 35 211 220 133 65 221 93 195 66 39 243 179 150 84 147 64 232 81 44 145 203 119 134 41 76 106 29 177 181 146 135 61 27 58 189 185 94 216 25 235 149 70 182 165 190 173 207 136 36 202 244 215 161 153 60 239 141 198 
25 : 203 214 213 56 110 152 53 49 154 124 206 94 185 155 228 188 69 74 243 184 181 92 79 162 68 182 98 134 103 50 125 75 225 167 232 33 138 179 198 119 177 210 195 171 109 38 84 189 73 164 146 183 163 81 93 132 121 58 44 41 57 111 156 64 246 142 190 149 178 186 85 47 219 130 66 212 82 227 114 153 174 122 120 191 217 144 51 31 76 157 89 220 172 96 102 218 226 97 192 168 104 158 42 187 237 139 160 
26 : 231 110 177 190 191 79 189 175 193 102 26 181 149 112 25 139 167 111 235 185 121 143 65 100 239 245 210 28 212 246 147 50 148 248 145 119 108 117 56 41 226 152 64 198 86 44 58 206 137 151 85 35 233 
27 : 134 207 25 182 54 158 132 144 109 101 92 145 172 82 66 46 32 104 95 208 173 114 218 226 105 56 174 225 126 195 35 117 59 239 143 69 194 129 115 37 242 27 52 84 217 179 224 202 58 43 60 93 44 123 205 166 71 236 142 240 222 248 64 120 39 203 167 97 199 178 112 68 86 230 141 
28 : 42 92 202 237 173 98 151 29 153 138 135 164 148 60 231 146 239 65 63 217 51 236 226 230 216 50 127 220 30 175 126 227 107 242 
29 : 42 147 134 28 127 25 119 190 215 59 117 122 192 137 247 110 126 52 102 65 81 227 220 233 97 184 105 150 175 109 140 171 111 75 159 104 125 46 151 93 136 69 237 114 155 44 86 67 80 205 216 170 161 62 112 48 138 210 163 179 130 204 160 206 149 152 141 168 199 132 83 223 208 101 39 30 185 103 196 51 120 164 128 36 66 55 157 198 70 180 124 45 32 118 35 96 
30 : 70 25 157 205 110 225 181 171 230 142 229 28 68 101 207 232 150 143 41 45 86 172 210 100 58 30 63 146 153 129 148 201 192 227 48 139 233 169 75 95 64 241 235 84 187 66 121 237 245 224 197 46 206 126 29 59 173 27 72 115 119 238 54 191 93 243 88 43 203 158 76 107 120 36 
31 : 148 52 56 54 66 132 69 144 229 153 39 35 98 170 243 210 161 230 175 228 57 203 169 177 34 158 219 120 163 126 226 184 160 247 196 146 40 164 107 191 134 140 72 157 240 27 75 172 224 198 216 36 119 221 78 241 142 199 67 106 135 182 88 156 232 91 194 128 201 58 77 125 47 174 238 192 193 26 42 37 223 218 236 124 99 65 215 68 197 136 222 166 60 162 113 95 33 181 76 83 92 
32 : 75 156 153 62 66 118 160 92 142 169 131 80 167 35 91 69 44 229 111 147 236 46 185 88 104 241 
33 : 233 71 183 161 54 222 117 55 166 79 75 110 99 51 242 100 91 86 195 238 175 108 185 174 129 47 132 85 152 137 74 70 188 115 106 121 217 77 164 59 193 221 112 66 118 190 241 245 244 224 215 
34 : 180 42 148 225 210 90 209 227 186 104 31 60 213 216 41 66 73 131 103 187 153 228 223 217 55 83 190 114 160 212 99 127 88 67 63 81 151 65 112 43 80 133 109 53 96 188 195 194 82 232 175 168 105 97 239 192 116 202 230 98 245 50 196 30 101 170 70 144 197 142 215 234 94 152 182 226 108 141 242 59 124 64 36 34 51 231 62 58 236 123 27 72 86 166 145 61 229 107 224 111 218 183 57 91 241 169 32 249 106 75 113 164 237 78 
35 : 124 148 218 164 75 175 233 179 60 230 74 50 150 76 41 146 58 47 64 214 35 83 115 72 224 166 81 33 154 200 167 206 55 141 111 196 99 149 144 197 110 204 244 77 180 125 89 210 51 44 158 130 46 192 69 45 211 183 147 215 119 163 238 104 52 
36 : 143 41 190 130 138 75 185 189 193 175 164 142 245 91 58 235 199 150 136 162 227 168 238 127 59 212 105 232 248 60 131 170 42 129 249 182 210 71 183 115 225 48 216 80 195 39 234 86 87 157 180 177 166 146 67 178 161 55 139 228 159 98 229 79 188 112 76 148 176 
37 : 160 71 59 238 249 151 140 208 91 111 168 218 69 245 205 63 104 212 179 211 96 121 215 109 190 43 242 27 64 231 150 155 93 124 62 26 87 92 206 185 159 56 240 127 70 40 196 94 47 239 60 50 176 143 68 194 199 126 138 164 157 213 131 106 29 113 170 246 156 35 146 162 186 145 46 130 177 191 45 133 98 183 229 36 175 67 184 122 117 153 223 99 84 200 234 116 217 61 95 105 189 210 214 85 75 112 247 72 76 
38 : 176 36 58 203 150 199 188 93 32 191 128 200 84 37 181 90 224 158 92 67 82 244 73 97 42 166 55 183 76 56 68 163 64 112 160 120 149 34 101 215 85 54 197 249 71 171 173 237 52 
39 : 197 208 42 192 195 206 138 223 137 207 75 32 234 37 182 97 82 118 216 163 244 209 194 229 81 217 99 55 34 242 156 28 101 225 184 39 248 57 98 77 132 52 128 51 193 215 
40 : 165 184 209 153 29 152 143 183 97 211 79 233 138 227 94 37 144 101 107 148 188 76 204 32 141 30 104 231 64 207 33 240 31 221 43 59 200 199 151 120 63 92 80 220 171 62 206 247 195 248 146 244 217 78 228 127 89 172 156 238 53 142 242 198 41 85 215 87 208 135 68 108 117 190 229 155 102 70 52 96 105 83 49 245 28 25 136 57 134 88 189 113 225 145 187 129 60 149 237 213 118 232 50 114 73 38 224 140 179 109 124 139 35 75 131 36 
41 : 50 220 217 117 29 245 243 134 108 239 61 49 136 192 132 53 142 158 80 151 64 237 224 139 97 135 178 171 51 99 206 96 102 222 100 190 143 127 167 118 210 170 148 197 40 213 159 177 150 174 105 74 106 76 244 116 95 104 241 62 81 41 228 208 156 138 129 45 88 149 133 46 218 70 107 130 82 26 229 58 124 230 57 68 43 48 33 103 189 211 215 209 242 198 
42 : 70 60 144 220 149 178 205 223 27 35 216 101 91 195 95 203 90 181 128 191 77 69 85 78 136 151 38 134 137 154 87 219 176 230 249 71 211 173 214 146 26 152 86 143 88 166 100 145 140 28 187 66 32 131 188 98 50 94 122 76 59 106 186 148 202 167 63 189 243 
43 : 186 214 81 55 77 162 210 109 202 211 130 42 51 114 191 212 73 226 107 27 143 93 85 98 197 95 170 159 75 155 179 196 242 227 248 96 137 161 151 126 189 177 218 79 173 119 40 172 135 167 233 47 41 150 164 136 29 148 46 65 178 140 219 220 132 236 76 45 43 92 156 59 102 158 223 141 133 35 246 165 205 87 134 207 221 68 121 176 131 240 169 144 215 37 48 53 84 
44 : 134 235 228 140 84 145 244 36 67 64 115 141 42 120 112 214 111 83 206 65 178 77 58 231 229 53 135 37 177 128 49 192 164 221 172 93 215 25 32 191 143 44 72 43 176 194 240 123 97 92 208 116 60 169 130 74 156 213 50 99 59 133 38 108 121 223 28 242 201 69 199 104 33 48 
45 : 109 225 49 167 228 237 144 210 89 79 234 200 172 88 83 164 163 31 159 233 105 153 126 191 71 138 
46 : 201 181 220 247 168 40 39 242 72 167 82 63 62 210 147 196 142 226 246 137 185 135 71 56 109 
47 : 105 48 156 169 111 220 233 64 71 230 68 109 59 80 41 155 73 165 158 244 157 188 57 127 60 242 161 42 58 144 78 209 197 125 219 94 208 76 172 211 192 43 110 200 223 100 180 33 232 245 62 118 191 40 185 53 249 26 146 181 183 237 177 212 228 203 77 236 85 104 176 206 145 98 49 113 227 45 122 63 
48 : 227 183 93 169 240 217 195 167 90 29 181 61 106 77 116 205 201 125 215 176 48 27 126 114 175 204 228 102 141 121 71 65 111 220 203 235 172 45 225 162 136 139 43 133 81 95 239 50 124 32 31 231 187 98 104 150 155 122 190 234 92 158 79 52 129 36 99 55 62 153 26 63 75 109 69 97 
49 : 97 142 158 176 242 141 42 111 244 27 172 161 243 215 197 211 47 55 235 64 232 73 126 129 162 134 151 109 132 144 219 170 81 163 227 168 234 202 239 190 156 58 68 98 83 45 178 76 128 118 212 145 89 193 122 51 32 74 93 236 192 120 220 87 67 186 140 104 77 100 
50 : 168 106 81 142 49 97 163 151 133 123 244 107 46 195 140 229 189 39 214 241 92 74 85 26 243 191 138 145 128 38 93 132 111 159 172 246 242 248 30 149 54 150 173 234 147 240 29 25 66 205 109 33 52 196 178 179 101 201 41 130 108 31 228 216 176 35 80 96 61 121 187 73 212 86 76 236 32 233 
51 : 120 114 181 145 94 167 60 169 87 187 170 115 161 125 121 80 108 33 37 230 155 248 77 69 63 240 39 78 32 50 42 177 43 38 46 150 137 68 247 29 81 214 183 51 105 64 163 160 221 180 174 61 246 96 235 189 193 44 111 119 244 112 56 
52 : 182 238 25 51 214 243 95 194 109 204 67 178 58 65 111 42 145 169 202 153 38 125 154 116 212 164 235 213 244 181 246 106 147 29 63 126 247 156 52 141 48 241 76 149 85 140 200 131 101 91 223 94 96 113 198 189 232 201 133 70 179 86 197 221 129 72 93 237 170 49 122 66 78 112 236 62 54 74 103 79 188 37 90 120 199 110 228 148 118 36 92 44 135 136 
53 : 162 205 130 44 73 220 131 51 93 74 69 203 104 140 110 177 191 198 124 136 236 147 234 246 156 159 170 141 48 103 106 76 72 154 133 211 196 164 163 184 57 47 29 150 105 117 215 145 88 63 46 79 194 179 26 114 102 176 206 152 209 42 160 241 212 28 71 41 218 172 43 66 166 216 161 223 229 92 181 224 55 134 233 53 185 230 94 193 112 61 
54 : 138 228 127 241 92 59 184 161 98 74 97 223 225 234 93 200 152 128 120 55 214 212 247 148 76 32 39 146 168 153 180 129 230 188 226 165 216 82 
55 : 232 93 75 31 102 160 154 107 74 65 138 214 96 206 135 209 136 86 174 50 71 34 235 78 188 52 76 156 115 62 79 82 89 172 169 229 129 124 70 155 243 175 39 25 101 244 204 148 183 97 114 198 245 113 80 59 99 166 66 95 211 196 134 194 187 230 43 125 140 191 106 233 236 189 29 130 122 177 81 63 241 84 100 142 207 197 193 153 246 159 144 163 
56 : 175 38 152 199 110 237 74 50 117 238 219 153 122 111 146 204 170 189 58 95 136 115 195 30 217 70 220 128 126 104 84 73 169 79 103 179 214 229 147 178 249 205 157 183 114 99 142 112 172 129 100 145 56 40 215 167 89 25 218 208 34 97 51 221 27 39 177 148 216 213 158 82 236 173 113 239 154 131 28 35 224 134 44 223 68 107 98 144 212 174 171 246 206 108 63 49 130 168 160 109 141 151 94 210 91 101 226 228 202 139 
57 : 215 99 195 80 192 161 65 138 105 59 221 115 203 199 34 226 239 109 180 147 43 187 125 155 164 182 123 126 213 75 241 68 181 76 110 124 47 70 28 248 189 144 230 137 44 31 223 209 212 33 153 141 183 174 228 52 160 150 131 204 95 231 84 87 159 211 78 224 163 168 227 117 38 93 92 89 169 171 249 175 
58 : 59 198 247 234 86 129 114 115 249 119 168 227 68 190 81 140 71 179 244 127 167 92 139 94 42 144 188 51 159 205 33 111 30 124 166 57 192 28 123 223 89 242 222 69 163 46 177 74 107 169 230 32 48 185 196 77 189 47 43 121 118 132 171 150 184 211 143 93 54 
59 : 51 67 172 241 54 238 190 45 132 59 232 203 176 151 223 46 233 47 94 207 161 211 149 58 57 77 200 101 140 216 31 186 229 185 219 87 33 93 86 42 71 70 34 
60 : 223 228 190 45 49 203 179 220 139 138 81 51 104 188 35 52 39 168 31 161 115 25 65 185 111 38 136 153 215 42 99 132 214 170 112 230 32 142 127 234 248 126 61 160 
61 : 216 213 163 37 166 31 91 116 201 83 165 247 58 65 206 67 129 57 97 238 49 56 48 38 69 235 146 98 207 61 87 195 76 242 82 95 232 123 55 221 54 187 47 36 147 136 249 157 89 231 33 72 212 210 66 140 148 243 102 229 32 186 124 142 189 217 110 219 182 118 203 92 139 183 237 225 197 208 125 178 85 191 63 174 161 160 126 70 159 173 42 130 179 192 172 198 141 
62 : 186 164 62 215 49 243 60 132 128 237 235 131 205 44 202 106 46 126 242 185 214 234 122 134 198 139 112 208 53 115 196 221 150 218 154 145 189 175 77 80 217 120 225 41 166 111 63 232 86 151 220 32 69 85 103 82 101 210 61 191 201 125 66 42 45 102 212 187 70 48 73 230 
63 : 49 159 207 234 236 98 138 134 161 164 176 226 90 92 61 72 139 232 230 54 178 135 200 143 247 214 105 190 194 99 171 30 197 210 167 70 184 25 192 181 
64 : 123 238 153 180 113 174 191 206 198 119 129 102 114 116 132 201 66 178 111 88 228 56 110 218 138 193 55 239 27 73 245 74 118 196 146 81 200 185 31 134 190 175 197 166 140 199 28 40 51 80 163 232 127 26 205 108 209 130 29 189 204 235 219 124 230 93 107 33 139 79 231 240 241 143 224 109 87 63 54 208 89 106 46 131 169 68 133 215 236 229 192 176 104 167 157 52 35 25 112 187 39 194 158 84 
65 : 145 74 154 113 140 157 226 82 44 136 88 151 118 247 205 207 49 155 60 83 248 234 98 85 115 139 173 171 
66 : 107 167 173 148 49 187 79 119 172 221 58 99 186 32 133 244 243 211 222 104 152 162 111 90 31 230 237 229 136 27 180 75 57 160 190 183 146 122 147 62 35 201 128 30 95 194 82 33 234 224 105 206 87 126 231 37 245 47 195 176 55 117 177 232 131 109 83 246 218 29 139 116 102 78 247 210 138 72 189 61 121 179 110 185 93 215 199 203 42 69 227 54 45 56 165 112 74 127 89 151 41 144 240 214 88 178 150 223 205 216 134 241 103 98 129 145 64 
67 : 30 187 213 121 49 157 92 46 136 183 28 58 73 86 149 40 39 242 36 60 134 76 196 214 118 84 32 148 219 88 128 107 170 133 195 222 137 68 33 231 65 217 234 158 193 192 93 163 
68 : 221 38 115 74 51 31 66 36 111 245 63 154 132 248 122 174 136 43 149 106 44 183 96 147 249 75 54 246 118 40 189 125 164 112 163 168 33 117 
69 : 181 103 68 196 225 109 245 240 116 120 126 147 70 42 227 85 61 55 27 190 65 183 198 205 114 179 144 242 223 174 248 53 154 71 113 64 129 243 217 170 137 184 160 239 162 49 169 88 25 38 148 60 69 212 96 112 235 104 173 128 115 80 246 
70 : 67 241 178 199 150 248 129 44 249 87 179 235 35 191 82 26 233 217 32 122 89 99 184 71 74 76 140 64 117 69 138 72 127 78 43 111 133 190 77 120 239 96 185 227 246 104 132 25 141 212 167 196 219 231 220 214 157 79 243 223 163 107 60 105 68 155 195 188 41 52 49 84 65 92 134 110 83 151 58 247 90 160 36 202 42 197 169 29 119 97 130 210 106 85 50 170 180 101 118 39 149 27 114 136 125 207 93 201 81 225 30 194 91 88 218 193 66 216 
71 : 223 35 140 53 216 243 189 78 129 134 144 52 38 39 105 248 173 142 130 147 155 164 93 152 191 137 98 218 159 157 179 70 209 224 104 76 170 89 119 124 232 96 205 118 45 235 154 222 197 146 75 151 41 229 195 202 37 207 115 168 87 94 116 174 33 83 240 34 153 242 149 32 106 156 84 58 81 210 249 178 123 114 163 66 187 193 40 226 138 74 51 103 143 131 150 180 161 120 43 244 158 204 122 234 113 125 85 73 225 133 200 72 184 
72 : 187 212 200 29 94 41 139 205 216 102 194 141 232 110 234 108 150 52 184 123 39 226 206 164 189 156 117 61 199 221 85 233 84 223 98 87 161 168 71 174 147 167 130 197 183 198 125 50 213 238 202 80 76 73 170 129 203 222 62 42 95 58 34 231 107 225 
73 : 155 85 166 129 140 142 191 48 36 187 179 132 37 249 161 101 52 30 245 137 211 59 42 95 207 83 144 78 44 184 134 239 93 63 183 50 81 208 121 160 127 181 61 96 120 141 110 56 40 196 172 57 114 138 102 75 240 164 117 227 99 247 204 35 206 32 119 223 222 139 195 98 89 156 45 228 163 113 73 168 128 165 147 46 192 214 60 213 79 38 186 72 125 47 123 203 112 224 33 221 246 118 29 67 242 202 39 198 84 66 107 197 241 152 143 
74 : 137 97 236 159 185 90 199 139 28 123 154 150 80 194 81 189 228 54 31 132 145 43 220 105 227 141 71 102 124 165 244 131 27 172 178 166 218 87 171 115 84 67 232 207 246 195 91 203 83 212 93 164 113 78 153 61 74 243 69 44 35 205 200 211 197 223 208 111 32 170 175 95 79 176 160 148 181 29 34 144 37 85 158 161 231 182 249 138 25 98 56 142 30 225 
75 : 51 113 232 194 121 186 89 198 142 144 114 229 246 58 61 220 87 188 155 56 92 213 138 221 60 91 128 216 37 137 182 157 62 116 162 86 101 199 242 100 249 227 29 192 237 150 224 195 107 141 97 212 167 76 68 159 170 117 208 79 171 203 42 66 111 124 196 35 163 245 139 32 44 27 
76 : 121 37 191 176 33 219 39 87 36 145 247 131 57 163 138 156 30 110 27 46 60 242 43 152 235 75 237 31 224 73 105 204 42 89 202 47 
77 : 146 68 152 65 218 89 111 230 38 213 206 186 97 144 231 249 240 163 136 100 221 90 154 107 39 229 193 179 35 180 134 78 175 56 59 58 187 149 43 41 203 
78 : 36 41 187 132 72 87 97 114 181 170 69 234 240 236 161 211 53 92 243 78 186 115 179 33 67 25 206 244 231 219 124 38 209 34 116 89 180 98 61 152 127 242 26 210 49 195 139 44 62 208 96 174 156 147 119 237 226 52 133 202 245 58 
79 : 113 244 130 219 155 87 240 105 124 53 238 26 88 111 154 95 70 199 152 42 181 73 55 193 157 149 102 172 96 41 32 185 27 60 40 138 143 117 58 233 140 99 47 85 248 122 228 127 77 247 159 45 112 92 56 97 52 131 118 245 
80 : 55 154 161 140 204 118 68 64 176 125 193 73 129 103 201 58 224 195 44 135 229 113 61 227 25 56 171 169 115 208 109 214 189 175 177 157 65 69 35 236 89 225 178 37 108 60 247 237 36 41 111 238 216 93 192 99 153 107 205 33 106 249 100 52 
81 : 235 78 28 192 75 163 210 147 247 81 249 117 159 74 240 102 53 58 156 115 146 187 100 193 99 122 246 195 67 120 207 239 202 94 61 30 169 49 79 203 83 148 162 41 204 215 128 188 212 177 165 191 59 85 174 98 155 152 133 36 220 52 34 51 33 136 29 189 139 231 46 145 223 73 199 135 
82 : 79 76 63 78 190 75 153 119 91 104 67 229 230 182 29 34 169 233 217 234 74 87 140 44 214 61 58 69 28 224 133 128 130 159 180 108 216 196 66 165 222 96 238 181 48 144 31 228 52 114 137 99 65 221 60 50 82 101 55 39 141 123 102 189 164 244 100 25 200 45 
83 : 209 59 26 191 169 188 68 150 147 156 85 125 62 86 200 103 205 126 44 157 136 32 120 219 168 177 235 186 243 161 27 196 194 71 187 149 160 122 96 121 108 132 152 222 229 182 124 92 90 230 217 56 113 215 112 65 133 214 159 52 35 72 64 210 95 40 244 46 82 77 91 48 207 99 93 28 73 212 237 114 
84 : 28 47 163 223 99 213 78 160 226 249 142 217 150 228 245 76 130 38 124 197 191 212 48 195 153 135 90 120 158 193 198 137 63 39 242 110 126 117 60 144 55 98 105 172 128 244 80 133 34 49 54 87 241 236 134 85 233 59 94 240 190 238 70 185 161 42 211 72 
85 : 139 239 204 87 199 39 71 52 49 124 51 189 138 207 172 117 219 118 80 197 136 77 125 59 166 234 131 128 101 48 190 100 45 179 64 85 74 153 216 156 141 202 61 168 146 206 235 148 227 214 95 164 119 44 191 55 79 173 203 32 53 133 29 47 93 194 68 236 201 233 200 181 178 143 103 110 99 91 174 186 193 115 209 185 26 116 98 240 126 230 40 212 150 25 63 82 109 245 107 165 170 62 97 56 147 151 158 123 
86 : 223 116 246 117 124 204 46 146 216 136 211 162 100 184 183 169 180 29 51 93 96 44 55 205 213 218 152 76 231 26 164 198 86 101 27 225 87 123 129 41 171 137 150 190 193 165 97 
87 : 137 55 234 237 210 231 195 167 169 127 79 39 108 144 188 139 97 99 229 126 49 227 153 186 141 140 156 37 44 146 206 194 120 193 76 159 63 205 71 223 81 200 128 171 168 29 89 131 80 143 111 116 247 249 172 145 34 201 240 248 103 226 113 88 70 59 38 123 214 53 58 114 239 177 199 130 129 135 191 32 101 190 105 91 73 162 69 62 30 176 119 112 238 102 94 50 132 219 180 86 233 110 96 66 183 243 220 224 
88 : 106 152 105 134 238 204 174 135 77 80 185 67 43 156 27 55 208 220 84 142 154 114 190 236 87 34 78 200 182 98 33 167 
89 : 49 221 40 199 204 103 166 122 121 101 84 43 132 161 202 215 91 75 177 68 52 248 234 109 124 217 38 162 104 92 93 134 227 65 139 164 129 63 30 36 50 42 34 86 149 
90 : 200 188 167 154 92 89 159 87 133 40 129 55 187 183 88 213 206 235 41 186 99 78 228 185 204 148 115 69 157 108 125 192 173 43 112 139 109 53 164 36 220 35 143 215 68 63 30 
91 : 196 160 60 85 48 205 110 49 87 182 231 167 228 39 239 117 50 214 133 113 100 212 221 139 171 35 227 154 181 233 32 96 84 168 185 223 74 198 44 90 27 132 55 51 211 40 242 28 112 200 238 99 79 222 215 141 56 80 69 197 218 203 92 210 31 217 25 230 194 248 249 145 174 170 236 57 115 232 229 38 155 202 75 58 158 186 129 111 54 29 62 41 137 119 123 
92 : 148 226 164 210 34 247 139 60 81 29 245 237 125 85 155 91 49 114 82 66 225 154 119 50 129 88 176 246 96 183 64 37 32 182 59 190 243 196 56 63 191 149 144 145 26 115 48 199 62 166 146 205 137 233 112 74 101 141 184 42 174 47 160 28 94 140 239 156 163 171 38 102 212 132 113 105 95 118 214 201 100 195 80 75 194 73 122 108 159 172 175 192 200 186 158 248 134 218 
93 : 78 37 125 123 88 168 225 127 161 160 146 58 234 217 40 103 204 120 76 122 158 72 172 140 242 214 166 66 177 176 137 118 75 147 124 247 210 185 155 201 81 38 188 57 73 169 144 51 35 41 198 44 159 62 179 196 129 227 199 29 150 77 245 208 79 173 189 84 134 151 89 107 28 106 213 240 138 42 170 235 87 139 
94 : 127 137 246 65 203 97 228 99 234 123 78 79 89 62 138 27 217 40 141 170 142 30 143 92 64 176 128 129 103 106 68 222 82 130 115 180 125 201 80 124 207 86 168 162 236 153 210 242 200 196 226 
95 : 43 179 151 64 114 51 85 249 229 175 25 26 228 95 98 121 70 177 213 195 104 209 165 192 115 216 215 244 184 86 55 67 166 169 218 180 105 221 39 113 194 160 109 235 124 28 190 137 203 245 112 136 31 212 108 89 53 131 185 157 99 222 135 77 96 52 44 97 125 163 33 140 234 79 178 126 88 139 81 227 182 116 170 129 144 149 106 223 240 219 147 205 
96 : 63 29 146 116 107 61 95 168 158 154 101 188 156 106 120 41 186 197 179 159 33 189 161 216 79 135 
97 : 26 132 210 149 215 239 198 74 236 48 233 140 125 37 144 150 220 203 41 100 249 65 111 212 169 216 30 67 127 97 120 73 131 117 183 172 80 193 51 94 230 35 25 118 153 214 81 213 243 237 87 61 161 84 123 173 246 126 189 185 108 223 76 38 96 119 235 99 184 106 219 190 54 154 31 205 174 136 242 143 181 148 56 29 175 121 218 68 206 138 171 95 166 188 245 110 201 178 103 204 112 186 83 101 79 162 89 187 52 
98 : 52 54 196 142 92 199 117 86 122 234 76 74 248 95 178 131 120 213 111 230 151 88 65 90 182 36 237 82 94 80 133 244 157 27 150 185 85 147 189 56 40 83 33 241 169 102 238 91 210 132 105 45 246 60 216 32 104 223 171 43 77 58 184 71 136 186 243 106 165 66 143 154 113 53 179 48 170 73 193 78 173 96 99 134 97 141 31 194 229 232 70 87 191 98 156 218 25 149 166 208 28 187 215 79 
99 : 44 229 113 232 153 102 43 197 225 219 57 212 60 35 107 148 154 169 76 195 166 72 70 88 248 190 172 59 90 188 106 127 159 40 104 175 91 25 144 96 54 138 152 34 99 37 231 185 244 38 180 68 137 181 247 151 94 55 131 155 31 115 186 241 211 97 187 36 112 165 75 125 95 29 79 
100 : 189 92 198 208 118 87 134 55 126 154 75 108 152 78 89 164 81 146 161 34 199 122 64 86 174 96 43 66 68 247 167 138 176 179 190 95 216 62 200 79 183 56 44 230 163 76 155 245 27 109 128 158 241 150 165 180 249 
101 : 74 246 143 222 175 104 172 142 135 82 184 86 132 46 111 107 187 69 185 52 240 91 249 88 29 127 49 26 226 114 227 168 126 237 211 55 141 33 195 110 210 218 217 61 73 41 201 48 158 163 115 140 68 214 176 134 136 194 
102 : 99 83 89 57 116 236 26 222 141 126 155 84 118 130 124 25 157 242 156 159 206 237 46 37 100 203 101 248 29 190 246 227 178 172 43 119 125 183 94 231 122 91 166 112 148 68 136 199 75 88 144 240 55 133 192 137 120 243 142 117 154 127 147 96 132 114 198 54 165 181 164 171 56 187 74 215 208 163 30 47 59 41 110 131 45 204 207 38 33 201 191 176 149 60 174 143 128 66 92 73 249 200 58 229 197 
103 : 137 226 245 83 198 153 209 32 93 116 129 223 56 150 64 141 211 34 128 87 146 192 48 118 168 200 163 206 239 244 46 222 246 151 123 86 216 62 66 158 45 217 218 96 99 169 183 107 248 95 91 177 215 50 26 63 190 97 189 30 54 161 117 242 85 197 88 75 155 212 115 148 70 98 124 
104 : 58 159 74 116 92 47 227 28 82 215 68 98 61 236 50 138 221 99 167 80 107 216 174 173 72 232 211 48 157 104 166 59 231 66 71 186 94 128 207 65 244 234 125 212 214 151 93 129 206 223 55 162 62 155 44 85 79 181 160 110 179 245 37 83 57 33 103 40 39 127 25 89 200 218 189 88 201 144 96 220 77 133 114 175 
105 : 207 96 203 236 185 129 51 128 248 205 110 147 38 178 244 183 83 164 215 229 241 167 94 44 166 116 211 117 188 163 32 246 35 30 190 63 135 66 62 49 161 170 123 221 201 182 195 42 130 57 208 41 65 243 40 192 98 52 37 234 218 222 93 224 191 156 71 141 226 184 48 157 204 228 55 75 100 200 137 132 73 152 173 193 34 29 245 31 86 70 113 162 181 76 225 
106 : 25 244 127 206 72 33 114 248 182 94 132 179 155 180 209 178 142 80 218 112 110 71 134 201 220 189 190 140 57 98 91 187 105 104 207 31 126 145 181 37 146 169 92 41 111 81 42 183 27 208 136 239 121 199 87 26 222 192 131 108 122 90 242 186 226 52 240 89 34 51 234 231 77 154 149 195 205 150 69 86 211 60 106 56 163 184 70 99 29 82 39 119 
107 : 29 127 115 156 153 169 163 219 53 31 225 25 83 235 202 181 149 160 137 138 61 248 90 234 173 91 220 203 155 128 63 241 130 133 42 117 170 205 200 79 101 208 182 27 207 67 122 249 74 62 206 226 146 185 237 92 171 119 30 98 26 59 213 196 168 65 87 107 56 143 222 212 114 105 69 216 96 199 148 246 139 183 192 195 221 81 240 64 193 48 126 134 177 
108 : 190 117 101 219 61 39 51 104 174 218 228 242 59 37 230 192 77 211 38 203 115 105 119 159 147 216 103 50 29 
109 : 121 104 116 33 146 165 38 60 215 217 191 71 138 52 179 30 133 162 185 152 124 129 177 112 107 235 216 144 42 221 205 68 160 210 83 153 43 119 47 175 163 137 
110 : 25 68 102 84 54 86 56 183 28 49 219 189 249 35 134 55 47 197 44 231 195 173 179 111 233 101 159 48 45 153 222 116 53 245 107 196 138 33 58 156 181 34 172 150 78 140 30 92 100 170 241 127 90 121 66 203 73 227 226 95 98 137 125 213 40 147 220 178 31 115 124 51 89 37 239 187 81 209 52 151 221 184 177 168 200 157 146 27 133 129 139 60 97 132 228 244 214 106 225 
111 : 166 227 183 108 154 59 246 201 79 34 176 240 40 121 226 128 206 33 184 30 95 129 233 150 187 80 70 44 209 149 156 123 75 157 173 35 84 67 182 98 195 37 82 96 111 114 57 152 28 77 63 159 143 83 127 51 180 162 212 119 81 211 103 27 87 165 186 135 167 125 169 179 46 102 146 109 106 239 64 248 234 120 55 200 141 26 56 204 126 247 219 69 205 148 249 38 145 193 31 107 213 88 181 71 177 242 160 241 161 190 99 90 
112 : 114 102 111 146 93 216 196 100 180 119 189 38 101 84 76 156 42 69 57 113 195 242 86 153 95 82 230 206 125 203 148 106 145 191 212 130 129 80 248 74 170 96 91 92 112 228 149 75 201 244 210 155 37 61 183 164 188 167 41 218 166 70 178 165 175 147 45 110 26 58 53 43 144 161 172 33 
113 : 104 168 64 203 114 96 139 156 94 115 213 211 130 127 247 100 204 234 52 161 150 237 136 189 239 162 87 221 147 166 38 184 71 186 195 183 45 33 30 43 56 70 185 69 63 85 171 68 181 102 119 212 107 90 218 174 201 170 117 131 224 76 98 193 79 77 72 233 28 205 25 66 176 158 86 134 222 97 78 34 217 99 140 192 165 108 215 138 240 153 194 59 46 
114 : 174 31 109 113 81 47 129 172 29 40 50 139 192 120 220 145 237 177 30 116 154 191 198 90 185 132 118 131 235 78 91 196 106 206 108 222 187 207 215 227 194 99 181 27 54 66 38 182 124 49 221 
115 : 240 104 88 231 148 155 99 72 62 112 210 177 207 39 34 145 68 69 217 117 108 111 244 245 178 218 114 205 143 219 233 141 121 151 146 116 203 160 168 97 223 41 198 110 208 98 89 247 140 133 147 199 225 162 131 28 197 142 32 48 26 38 191 232 182 150 
116 : 101 93 197 95 112 212 227 174 153 58 185 165 87 33 180 204 141 160 230 88 100 110 136 117 229 62 29 67 83 146 246 203 137 104 154 102 228 215 150 52 45 138 125 161 170 76 248 237 
117 : 211 160 62 81 220 133 125 171 249 151 156 167 192 180 212 42 237 28 113 147 140 88 51 203 238 120 217 82 56 176 37 79 196 32 233 155 152 143 102 247 43 239 31 134 52 118 27 74 33 189 185 50 80 146 183 168 179 199 60 132 136 178 129 216 184 29 114 115 49 138 213 95 78 85 245 235 108 225 66 63 70 174 26 46 166 232 172 209 76 230 226 158 204 194 
118 : 110 128 186 109 163 178 167 39 62 25 136 205 176 218 43 49 36 214 213 41 82 197 139 185 52 247 243 114 147 46 32 225 236 95 238 165 79 34 202 87 239 81 83 222 30 200 90 192 141 148 206 80 240 204 145 244 131 152 104 115 72 220 124 99 164 215 246 116 94 211 210 40 53 48 47 189 133 67 161 71 112 229 101 129 111 57 234 84 232 184 113 118 63 102 
119 : 125 209 39 37 229 163 211 238 223 219 31 43 155 206 172 110 85 64 74 62 170 49 160 132 60 56 159 114 107 48 99 101 25 30 77 193 200 242 
120 : 113 91 39 80 240 56 73 188 25 76 161 231 119 89 146 118 246 79 49 95 192 230 33 75 72 84 158 184 111 186 170 105 94 40 159 163 69 208 243 155 142 99 145 90 
121 : 116 241 196 28 68 42 246 231 76 211 244 157 94 91 27 124 98 75 239 119 52 140 90 169 166 129 85 171 135 225 187 222 25 182 46 114 35 249 60 102 150 203 240 67 205 236 133 199 82 88 214 198 206 136 107 97 176 51 50 103 217 156 151 43 184 192 209 108 134 139 128 118 137 79 112 190 40 161 
122 : 125 224 26 221 174 160 184 156 207 28 154 206 199 151 33 68 46 189 188 31 225 208 216 94 169 238 242 142 81 105 228 157 111 191 36 58 88 217 117 70 52 55 50 78 192 37 163 86 205 107 137 132 218 166 
123 : 105 72 70 216 64 240 185 130 106 143 230 42 194 77 232 212 220 155 40 80 29 149 116 142 35 61 176 206 75 196 145 144 45 26 211 237 127 135 100 178 219 89 225 224 38 226 242 189 233 43 52 195 32 248 120 31 121 171 174 167 175 181 177 58 223 183 138 209 207 217 246 187 136 30 96 85 49 73 82 95 113 191 208 170 132 
124 : 43 203 72 145 238 47 194 98 134 119 231 143 79 109 151 161 64 66 223 86 237 84 118 240 176 185 193 247 217 148 219 172 207 28 89 174 50 166 173 32 74 135 55 95 138 133 
125 : 172 142 235 162 238 67 171 246 99 41 85 155 193 232 248 177 204 68 44 201 180 243 111 147 33 100 131 167 61 196 101 229 74 130 186 210 223 241 158 154 
126 : 142 213 126 92 160 114 162 35 147 241 67 198 217 113 249 156 27 55 48 212 81 159 191 161 170 116 141 164 75 103 45 234 239 163 189 63 153 202 229 32 182 94 221 68 110 111 89 109 98 175 60 199 133 85 49 57 148 79 214 33 190 193 122 70 208 242 240 72 26 43 130 211 233 25 
127 : 60 127 144 224 145 237 38 113 147 48 110 80 87 166 218 164 25 200 29 34 240 177 159 228 32 219 179 192 39 225 35 186 61 83 171 181 
