0 : 97 49 93 44 9 87 57 96 60 91 99 68 32 84 14 66 47 53 22 28 71 52 11 
1 : 15 99 78 40 57 7 62 48 76 22 31 44 69 68 91 50 20 88 1 8 4 43 
2 : 99 56 64 7 55 23 83 81 8 27 62 26 33 9 0 14 43 21 46 19 45 84 30 65 1 67 94 86 47 42 58 70 51 12 50 54 60 92 59 39 97 93 49 29 24 72 40 
3 : 21 15 77 41 84 88 14 74 19 99 50 59 98 0 53 91 48 63 36 96 60 75 35 72 87 24 27 47 78 95 61 85 2 82 76 42 5 30 18 55 25 51 90 
4 : 13 80 74 77 14 76 62 86 24 87 43 18 72 7 71 33 85 30 44 41 35 99 53 65 12 26 82 1 19 37 66 98 23 21 5 27 6 96 57 73 70 56 28 61 2 
5 : 33 78 86 98 42 19 50 92 95 14 12 30 16 90 3 88 82 74 48 55 85 43 73 13 68 58 76 71 54 66 36 24 23 83 7 15 17 52 70 9 64 69 63 84 35 34 51 81 5 75 27 0 62 40 61 87 2 45 
6 : 29 74 16 
7 : 36 30 20 3 7 61 2 16 13 42 33 8 78 37 46 9 96 5 57 40 17 83 77 12 34 70 23 10 65 28 48 99 58 60 18 94 
8 : 4 15 30 99 14 17 6 83 97 77 46 93 53 94 
9 : 87 88 44 52 97 29 61 75 40 51 58 5 54 39 64 34 35 98 80 79 6 26 92 31 89 47 94 65 83 66 38 95 20 68 90 82 25 
10 : 59 90 56 64 30 74 60 44 98 43 18 67 40 55 93 76 17 89 10 
11 : 11 16 42 64 56 25 72 28 20 0 50 34 91 15 39 68 86 60 98 97 92 76 48 90 13 61 79 21 73 46 37 8 53 84 52 95 17 33 4 88 30 41 93 1 31 69 55 89 74 57 2 47 59 38 36 19 6 96 49 85 62 67 22 
12 : 33 84 49 38 4 19 32 78 23 37 50 12 17 82 65 87 54 90 77 67 24 74 43 6 92 
13 : 82 80 35 41 14 18 8 75 96 12 97 21 5 64 95 38 53 86 1 39 16 45 44 49 4 66 23 36 6 85 84 63 68 74 34 98 26 72 69 71 57 67 51 15 56 79 48 92 55 81 43 28 52 
14 : 70 95 20 87 45 72 10 39 0 88 46 36 50 16 90 66 38 7 91 89 83 82 22 51 98 42 69 18 12 84 63 97 32 17 68 33 64 8 73 6 65 1 
15 : 51 22 81 93 78 50 79 88 48 10 97 37 29 67 4 59 24 35 70 31 54 73 90 42 58 96 14 61 40 77 11 7 66 60 69 
16 : 88 89 38 44 28 29 43 78 57 2 80 98 34 71 6 7 23 51 8 12 18 87 76 56 93 62 35 37 13 74 33 99 
17 : 91 58 66 96 43 89 10 53 57 63 98 75 71 6 23 9 94 54 49 35 12 27 24 22 13 36 99 80 61 73 76 79 87 11 5 65 90 31 41 97 68 30 86 44 88 95 70 26 
18 : 66 81 28 78 50 95 
19 : 0 53 17 66 93 40 43 62 23 6 2 51 27 71 46 41 58 83 29 39 25 65 52 75 36 90 1 11 72 86 26 77 80 9 67 45 44 12 96 94 91 56 79 57 68 
20 : 20 4 73 71 84 28 19 29 85 3 79 35 5 87 37 18 91 94 89 93 50 80 61 32 92 62 17 95 70 2 75 41 9 36 52 33 81 42 88 76 86 66 46 8 58 27 69 14 53 72 57 13 56 82 
21 : 6 66 31 30 86 71 82 62 57 68 1 98 35 63 89 59 53 48 61 14 83 4 79 
22 : 47 2 40 92 93 87 58 79 3 9 76 59 96 90 14 5 37 48 19 44 32 65 21 25 27 1 36 7 43 29 54 97 88 38 83 22 53 71 99 81 60 34 64 85 18 10 55 16 74 52 30 51 57 66 33 4 
23 : 42 17 59 
24 : 72 41 57 52 19 97 50 2 51 48 18 62 28 34 
25 : 33 15 74 39 50 27 69 81 44 90 64 28 80 2 19 82 70 43 9 32 20 75 94 14 88 10 
26 : 36 34 90 54 29 56 62 2 70 69 25 95 0 66 55 20 37 27 91 9 85 58 7 93 30 65 52 57 87 86 1 82 18 41 83 43 33 47 60 97 75 38 46 68 45 11 89 49 76 24 3 98 14 23 39 74 
27 : 74 49 48 99 19 67 80 86 45 38 69 3 15 97 79 13 30 90 88 32 96 72 50 53 70 4 42 77 41 43 61 55 83 20 59 81 63 76 57 28 54 66 25 24 46 21 5 34 78 7 37 87 18 89 10 68 23 93 22 52 39 71 82 85 33 94 9 73 60 29 
28 : 76 87 30 81 49 62 6 37 33 99 82 67 40 68 18 74 15 26 70 60 8 10 36 23 9 71 88 16 14 12 95 50 79 65 0 93 31 17 84 20 19 52 51 11 56 45 22 80 5 27 54 46 41 89 77 96 
29 : 29 26 74 84 52 12 80 93 39 81 77 15 46 60 
30 : 43 61 74 80 66 
31 : 90 18 64 87 47 94 99 70 29 23 39 62 57 10 0 95 33 
32 : 37 17 61 58 43 39 74 3 79 67 48 98 47 83 59 90 31 32 0 85 35 50 15 8 73 18 69 40 38 33 25 93 66 71 30 11 56 21 81 64 53 62 20 84 12 7 2 60 23 54 6 1 
33 : 24 26 94 96 76 54 17 11 67 28 49 59 53 61 55 84 33 35 30 34 66 64 
34 : 19 59 28 41 62 27 24 56 94 22 6 93 17 30 57 96 16 50 80 97 4 66 43 51 89 0 29 1 55 70 12 83 90 74 79 42 65 71 47 36 33 25 
35 : 21 51 34 40 63 28 3 29 8 49 53 66 9 13 82 52 24 64 27 54 56 90 50 23 0 69 86 85 20 94 14 11 1 71 26 68 42 75 81 
36 : 47 87 32 12 7 3 56 81 46 28 44 20 2 76 22 13 1 85 43 63 98 40 38 83 73 77 5 6 72 99 52 95 31 15 68 19 70 79 34 29 16 91 30 45 17 71 90 50 94 39 55 74 62 93 14 27 82 26 24 61 88 65 92 84 51 67 9 96 78 80 69 64 42 58 
37 : 68 51 4 48 41 42 6 20 55 75 46 31 83 86 58 3 84 47 60 44 5 2 63 71 96 85 87 32 81 61 15 40 13 50 49 18 78 59 73 22 57 7 1 38 97 82 62 52 
38 : 23 58 21 94 35 11 76 77 79 82 12 4 17 26 41 57 47 98 99 64 36 6 42 48 93 55 87 13 78 73 31 30 28 22 24 16 97 83 90 10 1 54 53 59 2 89 50 40 62 7 61 81 3 39 65 19 80 38 49 70 91 72 0 34 71 86 27 20 37 74 25 52 32 95 
39 : 84 55 86 95 87 68 12 64 71 39 31 32 35 66 34 92 20 30 76 61 27 53 59 23 46 52 4 15 37 29 26 88 21 1 7 9 44 10 90 79 47 57 6 58 96 3 40 19 33 
40 : 39 43 48 91 92 96 53 81 6 62 66 55 58 73 2 94 31 7 63 12 98 54 50 82 99 4 56 45 77 26 57 15 42 11 30 75 74 20 27 65 64 51 71 32 35 14 90 38 28 80 16 
41 : 40 
42 : 55 58 91 40 96 29 63 71 7 26 97 4 48 82 8 86 73 11 92 27 50 93 32 35 6 23 5 77 81 87 14 84 1 88 42 72 76 36 66 85 31 22 54 30 53 95 94 59 20 74 65 39 70 90 98 49 34 24 17 43 12 2 51 38 9 28 89 
43 : 82 85 59 27 96 43 91 80 44 70 
44 : 61 4 75 46 9 27 94 70 62 89 1 23 12 31 67 95 74 51 7 71 52 5 40 84 10 56 33 83 18 42 55 24 99 21 53 87 26 81 32 0 41 92 97 63 16 48 59 37 78 98 17 35 45 29 93 
45 : 54 79 64 97 66 93 70 42 5 60 8 21 58 6 87 28 78 7 62 95 59 51 94 22 12 16 40 99 19 25 39 3 86 83 61 91 65 13 82 67 57 43 88 98 73 77 30 47 71 23 81 76 33 32 50 
46 : 50 12 73 90 48 89 68 47 93 25 94 78 95 74 49 54 4 40 10 2 22 23 37 31 75 92 88 80 86 76 
47 : 49 99 10 18 2 63 77 29 98 33 92 89 90 31 8 41 22 12 
48 : 32 51 12 52 27 73 8 75 56 53 80 91 57 62 95 77 14 39 46 1 74 19 34 96 33 44 88 5 70 55 7 20 35 97 4 92 37 23 83 9 
49 : 9 83 84 58 54 63 95 96 31 87 55 17 32 72 8 80 35 37 89 14 7 42 90 98 67 19 26 21 69 22 77 0 10 27 25 93 59 71 4 62 61 50 47 39 82 45 
50 : 30 34 89 85 29 0 17 96 19 35 25 95 81 69 88 28 65 4 83 99 23 86 77 8 7 79 64 22 2 76 58 80 14 
51 : 90 15 57 40 74 95 97 16 63 66 68 60 49 39 27 12 35 73 19 0 84 94 46 59 41 32 2 86 51 87 21 7 85 48 67 11 96 70 98 24 22 44 56 79 52 
52 : 17 91 54 44 26 32 90 35 62 60 64 67 65 48 13 21 58 81 46 50 9 39 95 69 28 19 66 79 7 41 27 43 78 99 3 63 76 29 77 57 25 61 33 52 83 59 88 34 89 30 73 24 96 51 1 85 49 71 45 56 74 93 47 14 98 42 22 70 8 2 
53 : 5 
54 : 11 49 94 89 67 39 4 65 91 7 63 23 53 88 64 1 92 69 8 83 81 97 62 12 42 34 17 29 99 21 6 9 70 84 78 86 19 0 14 46 85 18 35 41 51 15 50 48 52 76 20 22 5 98 60 58 
55 : 22 54 23 41 58 76 19 3 72 48 37 80 81 9 77 14 99 66 26 46 20 61 10 5 30 75 24 1 96 15 6 82 63 2 18 28 89 39 59 25 7 49 67 85 84 87 38 35 88 
56 : 24 95 18 77 46 86 51 31 85 3 42 8 84 15 11 10 25 61 14 17 9 48 13 56 73 64 43 94 99 96 54 81 37 34 98 89 87 7 28 20 29 22 83 76 19 59 47 32 2 67 30 52 41 55 4 92 63 45 90 70 78 74 88 49 75 62 65 91 12 26 68 53 
57 : 78 16 7 47 9 59 92 71 64 31 67 35 49 26 17 58 62 37 73 50 29 39 86 45 23 5 33 87 21 6 53 83 8 76 98 10 
58 : 55 10 38 34 42 65 53 22 16 83 57 67 76 48 89 95 41 26 33 63 9 21 66 31 
59 : 63 88 46 41 97 96 9 15 18 49 27 38 24 91 65 25 58 3 81 53 17 0 85 69 76 28 35 90 55 93 83 43 62 21 64 30 8 67 22 87 6 19 4 
60 : 62 79 87 78 99 35 75 9 63 82 23 11 93 89 76 74 32 21 19 73 27 22 90 34 43 58 53 77 84 72 6 42 64 60 55 65 13 94 17 57 28 67 97 80 10 37 29 7 47 54 44 52 8 16 91 1 3 56 85 86 66 45 68 
61 : 15 6 76 91 32 84 
62 : 36 49 58 28 2 50 62 85 53 61 91 19 40 5 38 43 96 51 94 33 22 80 97 20 17 41 13 55 79 30 92 35 27 76 90 60 14 77 29 63 89 12 31 84 7 0 54 1 64 99 37 98 8 83 
63 : 5 9 21 93 19 86 31 7 2 98 68 52 92 96 74 49 60 76 6 20 51 81 53 50 18 67 42 54 56 70 26 55 28 37 88 85 57 69 64 13 46 73 35 15 79 3 87 63 43 78 40 48 90 8 30 27 34 38 80 66 45 0 97 39 36 14 61 23 4 41 24 
64 : 11 99 45 15 28 77 49 95 
65 : 68 85 45 24 97 83 17 43 72 23 73 40 44 71 6 75 19 4 63 77 16 9 90 12 35 61 33 31 39 0 62 89 42 
66 : 95 93 14 5 63 46 42 62 28 31 73 49 81 97 38 43 58 34 57 94 18 37 36 67 75 22 13 55 25 88 1 53 82 35 32 0 76 48 7 21 9 56 24 29 52 47 98 20 59 16 78 
67 : 98 17 16 42 46 63 57 20 75 92 9 39 76 45 2 83 11 13 3 50 69 64 61 80 79 37 12 65 91 29 23 96 78 18 58 72 8 60 41 87 93 68 22 43 31 7 88 19 4 25 94 28 44 95 0 52 10 35 74 6 97 36 85 
68 : 16 32 37 78 60 88 12 97 31 44 5 22 24 50 38 83 40 58 65 30 33 99 19 62 6 49 94 71 20 0 42 46 76 53 21 64 10 28 66 56 96 7 86 95 63 35 27 
69 : 18 80 22 81 50 23 59 35 19 73 29 70 3 90 46 39 89 66 72 53 82 4 15 45 91 76 83 88 25 74 63 68 17 11 87 33 5 26 44 16 96 56 30 77 97 94 43 32 95 71 8 
70 : 24 39 88 19 43 65 79 8 73 46 14 32 35 59 70 25 97 21 3 86 87 82 60 99 61 48 94 40 26 28 41 51 85 58 36 13 92 84 17 0 12 64 83 18 52 50 72 9 23 81 30 89 34 98 71 45 
71 : 60 94 26 67 8 84 36 93 19 72 98 75 13 18 74 42 91 38 77 
72 : 67 38 97 22 92 24 76 41 7 29 5 64 69 6 35 19 61 32 16 87 14 88 28 40 74 98 37 48 66 60 72 50 20 85 49 36 15 82 0 45 84 71 91 63 55 58 33 43 99 90 79 42 8 44 11 62 17 95 10 78 83 59 57 18 31 
73 : 66 
74 : 95 97 37 45 98 59 33 15 17 36 70 4 32 49 88 54 31 41 6 92 35 13 50 85 30 73 78 74 65 7 46 42 82 75 93 80 21 14 66 79 69 23 27 52 56 76 9 28 8 10 63 
75 : 57 15 50 79 20 99 34 21 68 70 83 67 23 11 60 51 96 7 49 86 43 35 61 29 95 37 1 69 78 81 2 17 40 
76 : 70 72 36 48 15 29 19 2 74 11 27 30 75 84 16 81 96 82 90 54 65 83 20 61 86 34 53 55 52 67 73 33 60 5 87 79 4 37 1 71 43 69 57 88 78 59 14 17 49 25 8 44 97 18 51 35 68 42 77 6 13 76 26 22 40 23 
77 : 33 36 1 65 96 54 25 68 69 58 13 18 45 34 
78 : 17 28 68 88 44 5 93 12 1 66 58 82 14 77 0 76 90 13 10 97 91 4 78 32 55 64 48 98 27 53 69 9 26 35 18 54 96 70 86 11 6 45 43 39 47 73 15 42 56 63 95 74 25 79 50 94 29 34 52 19 20 8 60 3 30 59 51 
79 : 61 76 23 15 91 73 62 82 90 68 78 84 46 52 28 71 
80 : 19 52 83 3 44 63 22 86 61 48 67 73 95 18 84 25 96 75 58 4 27 9 11 16 69 89 30 
81 : 99 27 20 76 93 35 0 96 2 41 49 12 86 5 22 98 21 62 73 23 92 51 53 47 29 91 67 61 46 38 77 56 26 6 15 79 16 54 75 50 9 89 7 70 36 94 42 28 24 71 64 83 45 59 90 48 19 
82 : 36 29 38 54 63 98 44 27 8 15 71 50 6 1 23 78 83 4 18 86 60 33 96 79 47 77 93 39 67 24 66 81 75 32 97 30 55 25 94 3 99 42 57 87 22 
83 : 96 49 3 71 29 93 34 65 57 74 1 25 78 10 28 79 64 86 11 38 20 97 5 45 39 73 7 53 32 69 46 48 54 2 26 16 8 52 77 23 37 75 41 13 70 67 19 30 22 31 89 76 24 90 63 17 
84 : 26 24 46 65 51 52 16 19 21 4 61 83 49 64 94 20 39 93 62 29 37 10 72 
85 : 96 65 9 80 82 33 15 87 39 81 70 21 5 74 89 22 73 35 55 34 91 44 25 32 68 61 57 63 59 52 84 93 0 20 24 76 49 72 14 79 86 4 46 58 62 30 
86 : 25 10 31 91 51 67 15 21 0 7 63 73 82 33 27 75 5 57 88 2 47 89 37 65 74 41 19 3 72 85 39 59 8 23 45 83 90 87 93 60 50 99 24 34 78 71 26 4 17 54 69 98 43 
87 : 18 42 49 86 44 38 62 23 79 84 93 43 91 53 7 32 36 97 3 89 27 98 72 83 28 61 12 57 33 17 45 78 96 39 90 70 6 92 60 67 40 41 26 58 85 29 8 55 14 64 16 82 76 31 22 35 87 24 73 0 77 80 81 15 68 5 2 59 4 
88 : 97 75 48 41 84 6 43 49 91 77 10 81 35 82 26 92 4 46 19 38 62 66 54 96 60 53 61 80 93 52 64 42 47 98 65 1 68 
89 : 35 9 37 40 77 71 12 11 20 64 76 99 88 36 49 91 39 92 28 24 13 75 59 31 25 0 87 23 51 41 96 26 18 53 48 57 44 63 80 45 34 69 60 4 83 90 33 55 79 6 22 3 21 97 30 62 54 
90 : 22 23 68 99 1 96 90 42 77 54 3 80 75 70 92 31 48 10 67 27 13 9 59 8 33 94 34 57 65 89 52 25 
91 : 84 36 55 56 54 77 72 89 81 20 97 11 31 32 90 16 94 40 61 
92 : 35 3 19 85 76 44 92 47 58 15 6 1 82 59 62 4 23 99 46 7 45 28 63 60 16 67 11 38 89 53 72 70 86 91 79 93 29 95 73 57 83 22 33 5 66 51 2 26 84 9 96 68 71 54 30 41 21 
93 : 87 32 37 25 68 94 55 17 31 92 29 42 10 
94 : 27 86 39 37 97 96 4 51 34 75 41 35 83 67 72 22 55 87 91 9 8 94 92 0 33 81 
95 : 92 34 76 55 65 
96 : 18 64 9 58 84 59 43 52 3 30 54 50 11 78 
97 : 15 8 41 56 94 69 37 21 96 79 4 30 32 61 95 6 11 84 93 86 90 43 24 82 13 97 87 92 31 85 68 
98 : 37 26 19 13 84 65 59 81 70 29 21 89 46 55 99 36 57 35 4 61 77 20 97 
99 : 67 32 15 30 48 56 62 35 29 33 81 53 28 31 91 26 12 65 19 37 92 57 36 13 43 64 94 84 25 95 96 
100 : 25 3 27 58 61 68 99 7 13 55 24 26 29 42 45 51 89 86 15 74 31 54 10 62 35 23 37 73 2 48 78 17 49 95 30 97 47 6 64 56 72 43 67 34 46 4 21 65 0 88 92 90 98 
101 : 10 6 49 78 52 31 63 1 48 50 61 99 36 88 72 41 26 54 77 12 33 45 24 81 16 9 75 98 60 40 68 64 83 30 46 
102 : 1 79 44 8 30 38 63 39 64 88 10 96 82 7 47 74 72 87 58 37 83 24 
103 : 80 42 87 9 91 74 41 50 35 63 39 4 10 51 82 60 97 40 73 85 37 16 1 58 20 79 21 53 36 78 59 3 98 77 24 67 2 61 68 23 66 28 52 46 48 84 34 54 27 13 90 47 56 86 32 88 55 94 
104 : 61 37 84 43 20 
105 : 96 48 53 10 19 30 35 93 21 68 20 61 50 5 44 71 7 57 39 63 79 75 45 23 49 86 2 59 84 15 1 16 82 34 8 94 26 80 36 90 33 29 27 52 65 18 11 98 47 83 42 70 87 91 72 
106 : 51 31 26 40 28 39 83 23 52 30 13 57 75 34 29 11 67 3 19 94 54 7 69 74 99 98 63 16 
107 : 89 82 5 32 78 83 15 41 86 73 91 65 69 24 70 39 12 64 68 76 18 88 31 92 11 47 14 75 93 13 30 36 7 8 
108 : 60 28 31 91 45 96 26 34 33 21 1 24 67 73 3 84 56 7 18 89 62 2 61 49 57 50 43 94 72 32 38 58 17 9 30 35 27 63 8 16 99 76 14 66 46 40 36 82 86 10 11 68 5 
109 : 99 37 63 19 27 65 61 90 74 75 56 45 62 69 4 86 
110 : 85 92 45 1 94 56 82 52 4 51 50 76 53 84 17 42 71 74 43 95 28 30 61 
111 : 40 1 28 78 10 33 58 85 20 14 48 35 
112 : 13 19 37 24 65 52 99 48 12 89 88 56 11 96 58 41 35 27 85 97 92 82 94 36 90 0 2 44 47 53 49 98 40 31 39 3 75 38 60 57 55 68 25 64 28 73 16 69 77 7 66 21 71 74 6 91 95 
113 : 83 3 6 
114 : 68 32 99 47 23 27 7 57 81 92 69 
115 : 54 87 71 40 21 44 13 49 80 72 29 23 95 68 65 70 78 88 22 77 47 97 45 63 56 60 46 38 76 1 8 94 62 98 81 58 42 16 15 85 3 55 79 96 69 84 17 59 74 34 6 64 89 61 19 75 43 52 
116 : 77 78 89 40 56 47 46 75 24 9 45 91 44 36 0 33 38 25 87 72 3 64 97 73 5 99 48 
117 : 79 27 50 10 67 49 6 15 89 19 70 84 74 71 73 
118 : 71 37 93 50 70 55 6 11 23 73 86 67 77 95 
119 : 44 55 42 56 61 21 25 39 13 51 34 59 38 
120 : 79 16 3 72 91 61 82 93 53 96 71 5 58 62 56 60 54 57 87 39 2 4 81 63 1 74 67 26 92 15 50 51 47 73 8 69 83 88 35 20 10 97 33 13 84 99 94 70 48 31 38 23 55 29 24 64 19 86 18 46 34 
121 : 42 58 47 3 89 93 41 9 23 97 30 43 59 80 18 71 39 55 5 35 17 81 66 82 
122 : 61 12 10 1 46 14 80 36 56 82 40 6 67 41 11 37 83 32 71 15 96 58 21 68 73 
123 : 66 87 75 48 10 1 42 45 3 81 18 27 20 35 43 93 89 39 12 94 55 73 34 77 13 41 8 23 78 9 68 86 85 97 74 28 36 21 11 53 69 70 58 90 29 25 37 46 71 51 
124 : 90 18 1 62 43 81 35 23 51 95 79 75 21 74 69 41 92 48 85 76 71 16 49 6 29 13 19 27 57 89 3 68 47 66 30 9 42 10 67 14 
125 : 44 45 38 3 34 10 53 93 
126 : 27 73 26 67 78 47 24 41 97 74 
127 : 36 56 94 53 46 80 28 72 15 11 0 51 99 3 13 37 81 97 82 86 57 90 43 63 91 79 71 10 70 62 42 54 31 49 52 61 93 12 5 21 58 20 50 2 
128 : 78 14 52 51 90 66 68 31 13 2 24 62 18 72 61 71 67 57 21 27 77 19 86 9 33 79 64 17 81 30 95 48 55 75 60 4 8 1 37 73 16 42 58 65 20 97 
