0 : 17 42 6 84 58 97 32 90 72 82 56 86 25 26 55 62 69 53 2 83 94 1 12 93 24 91 79 54 23 15 87 57 14 3 71 73 33 98 96 78 31 18 7 37 29 4 16 40 34 39 65 46 35 66 8 22 88 30 
1 : 67 0 39 1 25 24 34 26 90 97 73 6 62 2 91 61 40 60 19 75 33 35 13 4 77 9 36 44 41 50 21 88 27 15 18 31 42 
2 : 27 61 97 46 12 93 55 82 79 15 63 80 72 47 26 33 87 86 18 28 24 54 89 51 39 81 57 8 38 7 2 30 0 85 25 65 6 96 66 
3 : 63 67 69 65 74 50 35 42 26 52 88 80 51 8 97 6 54 94 28 22 16 
4 : 36 61 13 87 83 28 21 67 78 56 1 
5 : 85 44 54 34 52 78 94 77 22 9 96 6 14 80 70 73 26 57 89 75 1 68 17 43 41 46 32 81 13 92 20 39 98 35 83 15 3 67 23 97 42 90 49 33 95 0 31 61 50 71 62 40 4 47 63 7 65 
6 : 64 56 91 68 52 41 
7 : 17 30 12 94 9 46 27 14 48 55 37 26 18 68 92 69 38 45 95 6 50 73 88 33 85 53 2 13 74 59 63 96 78 36 15 32 67 44 35 65 62 31 91 58 64 83 51 72 
8 : 81 59 62 86 96 19 78 80 37 16 39 76 33 21 43 93 64 75 50 51 41 98 34 55 8 25 15 79 67 77 7 36 56 22 88 70 72 60 66 99 23 3 12 13 84 68 61 95 27 26 
9 : 15 56 96 81 54 94 44 71 76 59 16 9 89 21 29 53 23 37 24 78 3 26 42 20 70 1 38 28 67 11 22 86 51 48 32 57 0 52 60 88 79 36 25 49 19 73 17 5 64 92 90 4 93 55 68 39 45 46 72 77 14 27 
10 : 98 13 54 82 27 92 74 
11 : 71 79 40 37 18 67 64 86 9 43 87 25 16 19 51 22 72 93 88 92 98 42 23 99 76 33 20 73 52 17 8 45 65 80 11 32 59 60 0 81 47 50 62 10 85 89 95 1 53 13 75 96 84 82 36 41 46 26 31 35 68 69 94 
12 : 23 47 25 43 82 1 17 54 80 88 14 93 16 45 6 22 32 49 63 72 48 98 60 61 18 84 94 20 
13 : 2 8 52 56 33 63 48 26 0 90 11 76 15 10 51 29 22 9 71 7 
14 : 55 83 97 52 12 49 7 28 69 91 38 50 6 88 95 99 60 1 11 81 82 75 72 98 19 64 
15 : 16 43 12 97 48 1 57 35 20 0 54 32 83 62 19 50 93 70 79 29 60 38 42 86 91 98 67 68 51 33 63 61 96 80 73 40 84 18 31 23 69 53 36 71 5 
16 : 26 37 83 1 22 38 23 12 45 16 28 39 10 2 17 21 99 20 61 62 57 18 92 89 64 97 47 48 82 66 52 11 87 72 96 98 79 41 80 15 9 53 8 19 68 78 0 
17 : 34 64 40 96 21 46 15 60 
18 : 32 29 7 67 54 24 41 72 39 61 9 55 18 27 50 23 51 5 62 96 95 66 15 36 22 91 
19 : 70 96 80 83 1 56 40 58 49 64 98 61 60 59 24 65 41 26 17 73 94 46 69 28 36 0 34 29 20 14 53 3 90 76 91 77 8 78 39 50 23 67 12 63 47 21 5 51 38 
20 : 45 51 54 82 59 47 23 61 44 34 55 8 17 87 99 7 19 72 12 3 21 46 63 10 42 56 64 78 70 9 40 4 41 24 96 33 62 71 60 66 91 6 97 53 86 90 68 76 13 16 29 39 58 95 83 49 85 1 22 
21 : 39 68 25 12 5 13 23 1 83 38 95 29 77 64 18 97 41 86 26 63 50 30 66 81 47 4 74 96 71 82 
22 : 63 33 59 12 56 65 64 25 38 70 8 11 30 84 10 98 52 97 58 92 15 85 7 31 89 20 48 45 1 55 61 13 47 43 40 37 68 87 82 90 99 
23 : 51 20 8 10 47 75 66 49 48 9 
24 : 24 56 36 43 62 96 64 41 67 9 53 28 70 22 32 79 90 39 14 92 46 86 97 4 37 73 47 80 7 75 87 49 77 85 95 35 20 30 23 38 81 16 18 54 82 
25 : 12 21 79 92 99 48 59 85 27 75 74 80 51 66 24 29 23 
26 : 11 25 40 57 84 53 97 91 31 6 82 59 80 48 44 26 63 46 17 67 68 73 39 7 75 18 12 22 72 86 28 16 13 37 15 33 60 14 58 2 52 
27 : 24 82 66 11 41 16 10 50 34 19 71 80 3 2 39 37 12 76 87 85 84 53 27 
28 : 63 18 91 13 44 93 0 32 31 19 10 24 53 74 42 64 29 52 34 90 95 16 69 27 89 81 21 43 57 86 50 37 11 62 9 47 73 68 46 41 98 38 51 6 78 36 76 97 94 79 55 20 26 17 
29 : 26 56 85 52 33 94 84 12 71 46 74 58 39 9 81 25 37 16 66 13 41 80 61 31 83 
30 : 15 74 75 18 82 30 80 50 99 83 49 96 69 20 24 78 13 72 89 81 68 51 17 33 14 56 12 40 21 28 5 79 71 64 46 53 90 84 87 2 16 76 63 39 94 54 36 4 27 9 65 37 10 58 62 60 32 70 93 29 98 3 
31 : 0 87 19 54 72 2 86 46 
32 : 24 14 91 
33 : 45 53 7 89 78 55 36 21 98 59 29 25 27 44 58 23 88 75 6 13 74 14 26 10 5 63 57 18 48 52 46 35 19 15 79 1 34 42 81 87 82 24 77 16 92 97 83 76 9 62 60 56 84 32 12 33 61 39 
34 : 86 69 64 36 88 48 57 61 56 74 2 97 93 73 54 10 47 77 65 71 3 4 94 37 39 40 6 29 13 75 60 41 
35 : 24 94 8 91 99 53 15 64 45 26 33 
36 : 97 62 87 53 91 32 0 54 65 95 26 78 38 42 88 80 79 19 
37 : 82 19 73 72 52 13 15 68 74 86 24 89 22 59 90 32 81 62 78 77 2 44 85 51 46 93 66 0 55 31 39 71 17 12 53 42 6 21 8 84 23 34 64 33 58 65 57 30 97 95 47 25 4 29 80 43 94 10 14 
38 : 30 24 7 34 19 78 53 16 59 13 26 44 57 33 63 37 95 91 88 90 8 0 71 61 94 79 36 
39 : 66 4 87 29 17 8 49 82 7 40 68 15 92 28 57 94 62 47 6 91 74 63 10 75 
40 : 42 19 41 9 34 38 
41 : 75 55 24 15 58 81 6 56 95 79 2 25 70 27 17 71 98 21 63 8 94 96 35 19 77 36 32 97 30 23 67 29 50 0 42 99 5 86 38 11 92 
42 : 37 19 55 74 67 61 72 5 93 76 27 87 2 16 22 26 85 68 70 28 35 43 89 94 9 13 49 73 0 42 14 40 10 
43 : 11 42 5 61 87 59 13 29 16 18 44 40 84 14 92 1 34 96 39 55 15 49 33 88 50 6 2 48 19 99 72 17 63 78 82 3 24 37 91 90 32 79 22 62 85 97 21 83 71 60 89 10 74 81 95 80 30 73 53 25 98 64 
44 : 32 83 6 20 79 5 69 90 41 38 23 37 34 19 59 24 17 36 15 8 21 9 81 76 3 30 61 63 58 80 55 44 75 16 27 13 51 
45 : 48 66 57 27 73 26 85 90 2 13 38 74 25 3 19 45 53 9 60 83 4 41 42 84 52 40 89 30 33 16 56 24 43 97 50 
46 : 83 36 69 82 45 15 44 30 6 73 60 70 61 1 43 7 25 84 85 42 79 5 0 31 98 96 23 97 64 78 18 67 39 29 53 91 24 92 28 88 9 87 52 54 68 55 47 56 16 90 19 93 33 57 32 20 80 12 14 49 11 37 75 72 3 17 22 
47 : 12 8 62 52 75 29 39 89 14 3 4 79 99 36 49 17 80 55 51 69 31 97 85 64 68 44 15 84 13 7 61 72 33 35 48 46 71 66 20 37 24 50 94 21 86 25 19 34 60 87 63 88 90 67 18 38 5 91 23 81 96 30 42 26 92 77 76 54 9 57 2 53 43 28 
48 : 62 26 24 40 34 13 79 27 33 59 53 39 9 70 10 83 35 57 66 51 58 21 99 28 54 31 18 56 73 72 61 74 68 25 2 95 3 0 77 69 8 90 86 52 81 97 92 94 65 78 84 46 32 1 64 38 
49 : 25 93 0 7 57 61 76 46 38 3 71 60 84 21 53 68 2 56 
50 : 71 67 87 2 79 51 33 16 69 47 72 43 11 85 80 37 41 93 14 77 1 84 75 86 39 98 55 52 12 56 25 8 28 49 54 22 82 23 3 9 91 35 61 20 13 94 64 88 70 29 74 31 50 27 40 4 7 92 30 18 57 21 46 99 10 53 65 59 
51 : 59 12 32 93 34 81 
52 : 42 85 50 80 69 40 41 44 49 60 61 76 7 2 63 
53 : 35 9 76 57 41 56 37 62 18 40 74 46 34 8 85 11 90 75 10 26 2 54 80 13 36 55 21 96 29 78 73 32 12 
54 : 86 13 40 55 47 29 87 25 93 90 89 37 60 15 14 8 4 46 88 61 74 45 97 58 54 6 75 62 64 26 24 72 49 78 27 22 94 81 44 50 38 68 57 12 10 28 36 31 
55 : 97 61 7 95 68 28 52 81 24 23 64 9 21 43 40 93 84 
56 : 20 46 51 99 23 47 33 30 44 53 86 
57 : 87 66 17 26 88 83 21 42 77 47 13 67 76 18 90 19 39 58 70 97 81 95 98 33 68 96 62 56 74 85 45 86 54 44 6 32 55 60 22 23 92 24 8 36 38 20 82 79 94 27 50 14 63 
58 : 65 40 67 15 88 4 78 44 28 58 0 18 39 72 54 34 64 98 3 80 75 61 30 1 17 7 94 55 62 85 32 91 43 90 66 14 73 57 56 22 84 81 25 9 63 31 93 24 20 59 41 5 87 16 97 60 21 48 74 23 10 33 70 76 2 
59 : 4 95 21 85 60 64 74 66 71 87 24 39 52 17 98 63 62 70 46 10 6 80 77 9 25 96 57 14 32 45 78 93 3 73 1 15 56 11 75 20 33 31 68 40 90 76 94 48 30 13 44 61 99 28 0 83 
60 : 34 90 52 72 53 12 14 30 43 6 22 13 92 17 36 56 95 27 48 15 60 87 65 83 73 68 76 46 57 18 50 69 0 63 3 59 61 38 45 86 25 5 51 66 21 8 82 42 32 58 7 24 37 26 
61 : 6 71 57 45 26 92 
62 : 88 3 4 41 20 46 39 17 19 86 43 95 94 32 11 29 47 54 82 52 60 78 98 7 22 16 91 58 9 79 37 0 65 38 2 28 18 36 24 25 59 90 1 
63 : 32 90 15 69 4 30 1 39 77 72 9 7 41 66 52 83 89 28 91 67 24 68 33 8 62 43 5 16 79 61 40 49 76 48 34 86 6 45 97 38 44 95 29 42 92 99 53 54 13 88 85 94 74 27 10 65 36 25 2 63 87 70 14 23 
64 : 
65 : 73 6 57 51 7 40 63 93 54 43 62 61 69 56 30 1 26 83 92 0 90 74 32 25 28 19 66 97 20 55 38 27 76 77 36 48 99 34 11 75 59 64 41 12 68 
66 : 99 52 38 95 79 74 16 55 94 36 76 63 66 9 59 85 86 48 58 18 90 71 28 33 
67 : 4 34 52 59 2 40 5 75 41 90 63 79 9 33 45 16 18 81 31 78 15 39 92 82 29 58 86 24 84 10 35 60 96 93 73 97 28 83 94 36 20 61 74 62 68 77 26 6 53 30 22 71 21 
68 : 56 25 4 66 63 75 84 27 59 6 48 49 11 42 
69 : 9 37 63 45 
70 : 42 76 31 72 2 87 34 9 73 67 93 75 29 35 30 97 85 64 1 47 21 40 58 86 63 27 61 43 10 12 22 98 39 28 79 49 38 8 3 94 99 0 95 18 17 82 52 25 83 57 56 23 55 80 46 65 
71 : 18 37 28 38 14 87 83 75 44 52 79 55 47 6 49 82 73 25 56 60 24 27 17 85 3 19 48 97 22 35 64 90 39 31 42 26 98 63 9 2 53 80 84 89 66 29 11 51 20 4 8 95 93 23 34 70 15 65 99 91 32 
72 : 52 3 28 4 39 96 18 88 7 64 86 87 75 21 30 58 53 65 79 56 51 72 71 74 55 44 98 32 76 22 14 36 12 16 60 54 50 94 9 11 57 63 90 19 92 34 80 8 40 68 24 97 67 69 33 6 49 43 70 78 45 20 81 
73 : 69 88 35 80 18 78 67 98 36 66 12 3 54 63 96 30 17 94 25 87 5 61 90 13 41 82 71 39 79 22 85 55 59 27 44 33 15 7 89 48 76 32 42 40 64 24 1 28 60 50 53 29 10 86 45 43 70 20 6 83 62 37 73 58 
74 : 80 56 24 60 67 77 82 40 83 52 64 50 97 43 22 10 42 63 96 39 15 27 68 32 6 7 85 90 18 62 94 19 4 49 98 70 69 48 20 36 31 30 91 5 79 33 34 73 89 
75 : 27 5 42 37 50 91 88 70 9 61 69 60 67 84 23 64 45 40 48 32 54 58 1 96 97 3 71 0 33 63 99 74 62 86 2 76 72 79 17 66 65 87 18 73 39 57 83 35 43 95 44 78 98 56 92 28 47 93 22 
76 : 26 27 77 24 
77 : 6 34 75 99 39 11 7 54 33 72 47 26 90 93 19 24 22 88 50 92 41 60 77 79 74 27 3 71 21 56 35 40 68 37 4 51 85 16 58 2 78 62 98 86 64 29 32 28 66 14 57 91 94 87 73 
78 : 1 82 81 55 39 85 7 98 97 53 25 87 21 63 75 12 61 78 23 45 76 42 96 31 3 77 64 6 95 46 40 30 80 27 
79 : 61 98 21 49 72 1 88 58 26 97 20 28 24 44 77 27 2 89 94 10 3 55 16 5 25 
80 : 90 88 71 93 75 86 52 69 57 79 14 23 98 16 10 12 22 84 19 11 70 15 76 38 54 48 29 35 4 73 
81 : 74 18 44 47 34 64 35 99 21 91 17 88 75 58 62 66 4 71 38 36 82 28 40 59 80 25 29 24 96 95 83 85 90 39 72 54 93 13 30 19 98 16 45 76 20 67 92 22 9 42 1 23 60 15 7 89 69 0 56 6 48 57 63 3 31 
82 : 97 52 67 75 90 95 43 14 30 51 46 92 58 91 5 2 41 8 76 35 44 63 16 32 82 84 47 62 29 50 12 89 60 53 25 79 45 96 59 61 
83 : 31 27 52 73 10 34 61 59 84 37 93 54 18 65 28 4 49 22 0 56 9 50 63 58 76 69 89 80 45 32 43 92 99 2 19 70 14 78 68 64 36 25 47 30 71 35 3 91 66 62 48 42 83 12 6 8 44 15 79 
84 : 91 19 31 88 81 89 61 48 11 94 38 41 59 16 68 79 24 54 87 33 44 97 45 57 0 73 72 66 92 4 95 70 67 6 82 78 35 12 29 17 27 14 3 2 42 13 28 80 10 93 75 30 64 74 43 21 47 98 32 58 86 65 63 40 
85 : 57 68 77 25 72 1 53 2 15 55 89 85 50 20 73 66 
86 : 62 13 89 31 55 45 76 99 21 97 12 49 50 44 58 75 42 1 19 73 0 25 57 20 52 83 54 27 77 46 34 36 96 79 17 88 74 59 43 26 93 65 68 92 51 94 16 10 53 60 41 63 8 98 
87 : 64 13 28 51 88 98 52 16 41 32 8 
88 : 86 91 81 35 25 19 
89 : 3 14 23 73 43 88 76 31 29 77 74 79 67 33 94 89 60 75 44 55 62 46 50 48 5 
90 : 
91 : 43 33 31 86 34 99 4 12 6 40 57 51 91 89 81 54 26 23 41 96 47 79 59 84 85 53 52 92 
92 : 41 66 55 7 76 64 98 26 51 18 21 1 50 88 9 68 3 58 60 20 69 
93 : 72 37 5 47 22 96 68 60 65 6 91 53 81 14 45 41 24 1 54 93 4 63 10 69 32 3 30 74 94 18 52 78 87 42 8 46 48 88 2 77 89 43 17 50 97 13 40 95 39 12 92 71 25 83 20 76 75 11 36 19 59 
94 : 2 70 56 34 19 5 50 77 38 25 94 33 1 96 88 12 60 65 85 8 0 15 39 32 24 22 36 14 28 10 18 23 61 95 51 4 54 92 21 74 55 73 86 57 80 99 66 93 42 67 47 6 41 82 91 63 44 3 71 53 90 76 68 7 69 31 20 29 27 83 84 97 78 
95 : 7 90 93 2 80 51 26 50 6 
96 : 46 75 23 89 6 80 39 50 33 61 38 82 30 91 24 58 25 4 9 53 22 1 47 76 71 42 26 54 17 
97 : 19 24 22 76 62 33 77 38 64 3 23 0 53 26 1 5 82 32 34 70 59 56 92 44 17 84 72 42 96 28 37 14 97 43 58 65 9 94 55 86 
98 : 81 72 77 96 57 17 60 63 19 16 97 47 5 93 38 6 37 94 78 61 34 0 65 13 69 29 26 14 22 83 62 53 74 85 46 71 50 43 86 48 58 12 2 54 68 35 56 27 3 70 82 15 8 87 
99 : 36 87 50 61 31 67 2 99 88 64 66 85 43 78 80 13 49 77 39 11 28 3 6 54 44 65 83 29 81 96 9 57 10 52 93 62 56 73 20 74 23 95 46 30 7 42 14 5 63 55 24 37 59 89 27 15 76 12 0 21 8 53 82 75 
100 : 96 73 61 3 72 26 88 2 53 59 12 58 87 32 49 19 31 48 40 20 90 24 15 62 81 25 65 99 33 95 60 41 13 52 28 5 83 70 67 63 36 16 9 89 85 11 21 7 76 22 1 14 27 82 43 74 46 44 35 56 18 39 34 77 51 42 45 64 4 
101 : 42 61 9 59 71 32 26 1 43 76 79 15 52 19 54 36 8 55 35 63 
102 : 10 88 51 66 
103 : 1 43 93 60 30 39 61 53 18 27 65 48 25 46 64 13 77 5 67 99 96 80 78 74 51 91 0 97 84 28 36 23 2 44 38 98 83 19 50 15 12 73 22 76 35 79 92 68 70 75 4 89 29 3 45 14 87 57 90 11 42 9 
104 : 42 85 18 0 82 23 7 26 32 81 73 96 66 91 51 49 30 57 74 59 62 55 53 37 86 39 5 28 35 11 71 76 72 79 27 78 38 46 48 70 15 14 34 52 10 50 36 68 21 41 80 6 22 54 8 17 88 77 24 64 83 45 90 16 31 40 63 
105 : 72 70 27 11 6 22 93 34 57 85 23 13 94 1 76 39 37 66 78 89 46 32 29 2 18 47 69 38 
106 : 82 79 94 6 89 1 57 32 42 96 86 40 43 71 45 99 8 18 23 76 2 49 81 90 34 41 98 87 84 53 95 93 0 24 47 29 11 3 
107 : 94 83 85 44 87 72 65 56 36 18 30 51 1 43 38 22 7 55 90 47 39 69 57 58 93 11 68 76 81 77 86 23 31 0 54 74 32 27 16 46 14 2 97 61 6 48 3 45 26 70 41 96 35 82 10 67 21 89 33 20 42 8 99 91 62 53 64 34 15 63 59 
108 : 79 29 15 70 38 42 77 96 37 30 32 17 27 8 93 
109 : 44 35 65 98 93 52 20 8 38 2 25 18 47 50 59 30 34 36 94 71 48 23 60 22 88 27 40 92 67 80 66 39 54 14 70 17 56 91 58 16 83 79 29 74 75 61 5 12 85 9 57 46 53 
110 : 79 88 55 57 72 96 6 68 21 78 42 65 51 16 37 85 50 40 34 64 5 9 76 13 99 54 30 3 
111 : 48 98 44 28 73 29 50 62 84 46 9 93 8 21 97 39 31 74 14 79 23 76 68 41 25 95 65 42 17 4 81 38 2 64 85 37 6 
112 : 21 99 43 76 8 38 70 44 47 5 16 83 34 24 41 17 65 48 
113 : 2 39 95 79 4 69 9 71 81 51 15 1 72 84 96 87 33 62 41 48 20 46 65 8 68 63 78 36 53 58 98 43 94 16 83 18 67 57 60 93 56 22 28 24 42 77 89 35 44 6 34 25 38 5 26 90 17 91 82 10 61 
114 : 80 47 19 98 52 2 91 13 33 44 16 88 39 18 9 6 41 46 7 0 82 34 14 21 1 62 26 79 90 38 22 70 87 8 93 97 60 49 43 50 99 71 25 64 11 23 81 35 54 84 30 29 45 24 48 36 37 73 
115 : 70 58 83 28 97 39 0 98 1 95 38 40 20 9 11 94 18 29 3 84 54 5 34 64 79 82 63 87 73 
116 : 70 73 26 50 2 49 35 63 19 16 45 69 34 94 39 80 21 88 57 55 9 62 30 92 54 81 1 7 27 90 
117 : 95 53 29 75 20 2 69 30 4 17 19 41 62 71 94 15 83 85 68 11 64 27 45 23 89 9 36 66 43 35 55 28 65 92 87 39 16 
118 : 59 78 27 32 85 19 80 30 49 92 76 93 36 97 14 16 88 44 68 35 29 
119 : 81 30 16 39 22 96 57 31 52 79 97 71 49 92 29 7 63 73 51 2 36 76 56 77 17 43 72 65 62 93 75 95 67 70 35 46 89 44 68 61 37 87 88 99 66 18 24 27 23 80 34 13 58 28 38 83 3 
120 : 16 4 48 36 50 24 1 21 51 87 43 99 59 40 46 41 82 66 75 9 90 6 49 98 13 2 38 96 67 53 74 30 3 86 0 72 89 8 19 63 
121 : 13 49 60 69 7 95 11 53 0 9 19 
122 : 65 8 24 92 81 54 75 6 70 77 90 66 51 59 29 20 74 52 76 40 87 88 17 12 62 60 36 89 28 27 11 48 42 93 34 71 58 46 86 69 
123 : 6 62 63 80 41 58 54 90 65 68 56 38 7 57 81 27 40 93 76 72 42 55 66 25 36 2 10 94 14 88 12 61 84 70 31 19 98 43 13 23 91 75 47 46 29 4 95 78 73 71 83 92 87 18 3 20 37 22 99 86 34 0 79 44 
124 : 78 32 20 42 77 13 31 65 30 62 56 43 12 87 27 81 69 82 57 48 19 92 38 70 60 3 83 64 66 84 45 18 41 61 24 37 51 59 99 36 16 40 52 97 94 85 1 93 5 58 96 29 68 17 21 2 75 7 25 39 
125 : 82 54 38 74 87 30 10 26 8 77 83 42 
126 : 73 29 85 33 51 72 44 92 55 79 71 59 26 30 89 74 17 34 
127 : 42 3 46 94 49 48 65 73 67 9 14 27 69 90 51 89 98 66 8 17 93 56 11 52 10 57 45 21 23 64 1 91 22 7 88 4 72 86 79 28 33 15 24 50 58 62 6 68 77 26 80 35 2 25 32 31 74 20 84 85 
128 : 72 0 78 30 71 32 18 36 54 26 88 49 6 20 84 96 99 83 98 47 79 52 87 64 55 12 89 81 86 3 37 82 93 1 77 10 92 23 29 57 19 33 51 56 67 53 50 11 4 80 31 21 14 45 43 59 28 60 63 39 46 70 
129 : 42 99 49 77 1 90 32 41 60 45 2 21 33 0 68 8 88 9 87 19 89 81 58 46 80 3 84 85 91 17 52 4 29 75 62 27 24 70 25 26 56 59 57 66 63 93 67 35 86 44 69 55 50 72 10 13 79 73 61 74 
