0 : 46 32 136 203 97 60 106 143 192 177 201 109 212 199 140 149 138 103 77 69 223 145 218 173 55 153 113 247 233 237 101 195 54 57 128 225 141 39 142 64 41 200 111 230 170 71 27 248 167 96 81 157 63 152 146 118 124 114 137 107 236 168 66 105 53 215 232 102 25 79 148 186 129 56 240 68 72 
1 : 86 228 57 60 42 130 144 71 131 133 77 213 248 149 62 240 107 150 182 112 85 49 239 94 123 232 90 167 32 92 70 67 35 199 64 201 50 174 56 176 227 242 192 78 194 41 204 52 134 124 151 26 126 
2 : 78 189 90 160 181 186 109 138 87 60 84 129 126 184 106 114 112 61 46 230 117 83 57 73 139 28 239 25 203 211 190 237 52 91 180 169 115 30 75 179 77 206 173 65 194 193 
3 : 230 102 71 182 138 133 245 140 51 80 179 109 204 175 25 198 30 228 229 58 154 83 183 151 218 105 88 67 66 49 94 36 89 241 167 206 171 174 147 248 
4 : 76 229 135 43 210 174 241 234 100 221 68 138 132 53 209 38 69 42 152 108 26 52 127 166 98 179 214 223 235 216 46 90 33 96 86 204 104 95 143 231 49 198 151 188 168 237 153 236 48 107 238 219 180 212 192 60 161 158 73 112 154 36 126 194 181 218 125 186 187 105 47 25 220 67 145 63 
5 : 72 54 112 97 101 134 79 29 55 87 181 107 59 247 50 28 231 195 41 187 95 218 205 168 128 237 203 45 119 69 186 32 174 217 211 197 117 221 179 239 193 240 212 215 88 131 85 64 122 244 160 65 137 125 
6 : 193 98 50 147 79 68 45 42 192 244 81 233 41 73 218 55 151 211 239 150 91 243 122 80 26 245 154 228 212 56 128 237 197 162 183 186 77 76 29 166 59 240 144 34 93 36 153 140 107 102 221 61 83 208 227 51 72 181 210 135 180 101 125 
7 : 139 182 55 38 115 229 191 110 98 192 28 125 27 169 93 174 90 138 136 89 87 117 49 156 35 76 168 128 199 108 131 154 43 212 244 236 
8 : 97 101 42 153 172 91 246 175 77 191 213 104 27 147 240 186 72 245 25 148 90 26 61 57 128 236 189 110 39 174 139 233 235 230 99 127 105 112 144 59 171 94 234 192 98 232 162 53 103 238 229 125 114 58 87 84 123 185 226 217 52 129 133 80 197 78 182 95 117 218 237 204 44 136 51 202 29 194 41 248 71 109 83 43 161 164 242 228 
9 : 232 56 73 239 192 64 173 112 121 53 65 98 219 161 141 134 202 86 29 77 186 111 57 221 82 96 157 25 248 52 237 223 104 51 162 41 151 60 101 235 209 124 166 92 170 158 234 108 155 228 44 176 127 222 48 226 28 136 203 133 147 220 116 180 46 196 132 214 30 54 62 32 
10 : 132 184 90 98 183 59 240 192 193 241 225 49 63 227 187 177 167 56 200 126 55 218 66 230 26 88 246 136 104 145 96 32 54 105 182 214 117 29 34 174 249 147 50 151 142 123 69 153 86 58 185 173 112 232 216 236 235 215 122 67 188 102 125 81 82 46 121 163 179 175 47 219 205 118 171 186 133 137 247 160 
11 : 73 31 203 235 102 213 129 230 78 120 135 209 108 25 154 139 111 232 79 123 26 181 41 211 118 51 105 56 158 144 204 186 233 37 197 226 136 96 231 214 236 237 75 140 228 65 
12 : 187 194 46 105 154 115 61 106 55 188 129 104 122 39 142 57 183 210 26 71 203 240 165 64 204 149 48 217 178 170 171 157 58 47 218 128 248 84 158 28 56 215 180 135 121 99 131 222 162 147 166 83 136 60 54 31 77 230 206 73 156 81 227 138 184 
13 : 221 231 43 144 177 234 150 84 133 225 91 162 190 223 126 245 187 58 75 128 198 204 77 105 102 219 104 37 36 103 216 142 218 115 27 242 137 203 129 121 86 79 209 243 149 174 167 235 237 156 109 96 197 132 
14 : 66 207 140 202 120 189 239 28 61 36 51 133 217 108 65 157 104 112 71 181 118 172 226 125 56 149 204 147 241 
15 : 46 166 55 133 77 127 139 203 29 97 243 140 128 112 49 50 56 84 208 204 245 58 216 35 71 233 172 117 100 153 129 86 137 159 222 164 69 68 91 110 187 65 210 76 123 121 158 149 48 138 54 27 201 242 193 179 224 44 104 230 136 244 126 225 184 219 213 199 
16 : 92 147 127 206 69 122 163 120 124 109 134 103 72 202 100 102 108 142 192 41 70 183 243 177 207 168 68 179 227 178 31 113 44 231 238 233 190 240 97 193 205 67 214 228 203 180 208 161 194 182 230 131 248 57 223 139 49 58 53 94 29 34 229 137 189 121 114 170 247 153 25 241 186 38 91 65 86 166 123 132 75 26 104 107 244 128 135 191 154 169 217 212 
17 : 175 31 236 86 121 87 164 129 44 60 180 114 104 30 100 139 64 216 155 117 197 217 26 143 90 125 232 150 228 102 210 51 123 116 141 113 243 206 204 177 55 103 195 112 185 215 149 48 184 178 147 192 191 154 172 170 182 213 201 193 109 127 211 238 45 176 146 72 41 221 84 78 189 118 106 
18 : 59 134 232 41 235 129 96 86 169 220 113 79 215 198 61 26 146 76 138 132 195 105 205 157 109 182 25 221 38 
19 : 67 198 85 109 54 100 25 87 150 83 58 225 197 32 164 134 146 236 216 66 242 192 95 177 97 39 218 187 184 139 133 143 62 161 238 98 99 212 223 144 159 55 224 214 138 50 213 188 228 80 202 131 208 227 78 114 26 160 69 46 190 77 183 249 45 145 117 36 165 174 243 64 96 201 30 154 168 52 44 112 221 88 189 92 157 194 79 115 196 178 
20 : 179 191 36 55 210 58 67 35 205 82 145 214 189 28 244 212 182 248 247 198 62 204 238 165 119 100 110 73 60 89 154 115 143 222 173 224 114 245 41 66 208 47 144 94 140 213 96 49 234 80 93 237 54 155 243 236 142 137 30 141 211 162 241 43 139 78 206 150 111 
21 : 146 84 137 163 107 35 225 236 94 239 220 164 61 46 176 45 67 27 192 115 221 147 188 154 117 153 63 127 186 157 66 172 196 100 30 227 234 206 148 26 
22 : 58 177 204 229 43 141 168 142 128 80 210 125 91 200 53 31 155 122 239 153 175 202 73 85 230 120 68 152 183 40 99 89 173 235 163 242 137 30 154 246 51 147 93 151 129 148 198 248 249 82 162 227 84 94 196 111 179 127 218 184 165 104 45 233 71 213 247 116 100 171 132 37 119 42 74 66 59 34 36 60 144 107 
23 : 156 157 136 171 96 197 43 28 212 193 145 135 67 129 132 101 45 240 121 170 74 246 85 54 49 242 55 150 29 62 100 47 81 116 80 102 53 182 234 40 97 93 88 46 233 35 214 119 105 216 123 120 185 
24 : 209 190 81 172 60 162 196 80 68 230 41 85 106 220 211 118 142 62 215 124 195 107 66 183 99 95 
25 : 74 35 116 178 169 150 145 84 129 186 159 111 65 112 58 230 70 54 187 218 101 138 43 247 156 165 79 190 197 92 68 144 234 201 64 86 44 206 188 107 89 113 81 153 222 88 212 61 59 
26 : 107 228 242 192 26 139 244 34 97 30 128 204 190 116 155 44 120 90 213 63 43 57 93 183 219 88 246 164 41 203 220 37 149 71 129 227 200 151 177 181 152 214 218 236 189 52 179 229 89 172 148 33 150 131 156 114 202 178 225 168 80 123 223 40 161 60 175 144 207 
27 : 126 39 132 225 161 84 179 29 236 188 212 106 228 204 51 56 48 216 195 111 139 35 218 125 176 118 89 180 211 171 244 143 199 28 173 105 164 82 210 36 229 47 223 116 93 131 159 31 158 119 175 124 52 50 101 68 146 91 78 189 178 73 150 220 147 123 67 177 45 122 194 185 81 46 181 95 74 201 130 197 239 129 37 75 61 141 60 224 200 153 54 221 160 
28 : 215 98 44 108 175 237 71 40 195 126 109 39 240 162 190 128 223 216 36 68 228 154 231 208 170 226 213 191 153 117 180 34 243 105 220 60 224 248 123 145 236 188 35 239 198 165 189 88 43 86 99 166 87 207 
29 : 117 151 209 231 128 99 35 218 162 197 247 102 152 133 34 246 136 60 234 204 172 90 161 86 181 39 54 227 182 49 223 137 103 62 67 156 129 88 78 26 32 132 105 113 245 55 118 100 42 236 98 46 111 212 123 249 167 147 69 101 82 237 141 224 202 41 30 64 189 210 108 168 238 158 95 243 85 191 68 229 127 31 48 
30 : 175 96 197 57 139 177 68 43 226 111 164 144 64 245 180 121 39 174 120 62 91 55 138 131 167 233 178 81 143 173 83 70 53 77 237 221 188 54 169 129 87 46 97 85 74 200 80 27 90 227 137 230 168 42 209 66 211 224 95 157 159 61 30 75 158 38 40 182 79 
31 : 199 181 77 150 156 192 30 82 220 177 87 131 25 139 229 28 163 206 135 66 201 47 166 92 161 72 51 73 133 216 40 84 88 214 193 120 80 39 44 102 172 210 183 191 112 165 93 68 126 71 128 217 233 238 100 57 162 231 159 114 149 239 60 240 34 121 246 64 70 56 208 243 124 54 218 152 145 62 106 108 91 49 235 209 123 186 31 
32 : 209 248 91 87 208 185 196 90 154 160 186 220 232 85 174 247 170 55 145 203 189 166 243 240 73 171 42 181 124 56 92 230 86 89 65 61 100 233 163 164 121 217 155 127 41 79 30 126 241 46 112 58 167 158 207 169 150 49 116 177 224 149 88 119 95 213 26 206 93 83 104 156 245 60 70 69 52 98 136 129 194 107 47 211 147 178 25 53 249 57 94 179 123 28 
33 : 77 225 247 32 232 39 231 65 87 197 103 220 56 143 182 177 149 240 145 105 78 178 43 51 74 61 31 201 46 185 174 157 34 210 76 207 99 228 49 115 52 151 235 165 33 132 171 136 83 249 68 161 119 206 167 26 126 155 218 98 127 193 203 81 
34 : 242 75 224 129 202 82 108 61 203 126 46 229 136 45 234 181 152 117 80 222 239 66 111 72 157 102 93 176 123 92 
35 : 120 224 246 53 203 60 151 185 79 92 216 105 240 194 100 124 136 153 208 170 220 183 61 84 72 161 202 73 178 239 51 121 215 175 184 223 156 162 165 76 102 126 116 
36 : 60 33 98 94 115 214 216 125 185 212 44 220 28 133 191 128 224 209 138 106 186 160 113 59 47 159 181 64 236 46 182 225 85 155 157 111 40 132 213 172 221 123 247 49 93 38 80 237 29 232 229 90 215 67 105 210 54 198 114 72 104 76 179 35 117 124 116 166 53 120 173 241 103 245 63 242 149 146 62 25 205 184 238 89 137 187 188 108 70 82 174 
37 : 243 68 155 156 167 175 141 166 213 95 45 192 134 203 188 219 27 182 198 117 69 132 220 194 174 215 149 105 61 59 244 236 40 53 52 241 201 130 100 56 138 140 62 78 89 232 206 208 197 234 118 
38 : 63 170 242 128 125 50 51 135 179 159 54 175 225 98 227 117 106 121 168 69 74 57 96 92 111 223 245 84 113 79 226 66 215 145 187 169 133 91 149 25 33 182 241 97 45 101 176 31 107 206 161 44 150 218 191 204 
39 : 133 130 81 132 64 55 184 190 99 107 78 240 157 38 163 32 241 76 70 90 42 34 192 89 220 152 40 121 97 37 94 158 185 77 188 
40 : 219 36 133 67 165 114 244 129 96 132 195 31 106 90 175 32 209 52 76 155 160 78 79 112 179 182 248 207 154 236 33 113 86 102 130 170 27 156 89 205 198 119 141 
41 : 32 220 82 77 239 200 131 203 41 139 186 215 79 74 198 91 217 214 210 233 28 128 162 241 115 36 172 196 143 204 222 184 53 121 70 232 89 50 61 103 152 98 146 148 126 155 29 107 216 195 218 168 63 25 
42 : 93 94 195 245 130 49 234 243 73 105 171 75 197 127 221 148 78 35 213 107 120 190 131 172 191 164 86 138 55 223 124 167 170 232 175 95 114 103 226 99 44 59 185 125 242 57 229 155 188 160 123 240 61 111 60 230 126 205 
43 : 121 127 242 48 118 197 53 112 177 62 79 222 47 166 221 87 176 142 171 26 129 199 78 169 64 83 202 223 61 70 244 107 136 31 154 89 120 237 104 147 175 191 233 181 56 178 49 111 114 141 198 173 232 206 119 50 236 130 144 159 
44 : 151 94 161 233 73 237 215 65 145 157 214 132 185 242 238 97 27 81 191 63 172 241 169 180 30 192 137 67 48 183 123 75 171 199 235 234 34 244 53 204 230 114 162 98 164 231 247 144 50 153 194 80 173 129 187 58 150 127 197 
45 : 34 171 63 158 136 69 92 227 187 103 48 109 184 195 177 86 120 42 51 218 215 190 66 249 130 181 40 199 94 96 202 232 160 229 99 185 83 73 149 27 228 110 33 213 118 248 62 37 148 95 26 108 64 178 165 98 236 126 
46 : 248 33 231 175 249 43 92 158 115 170 32 59 130 194 184 216 133 215 67 103 47 238 151 237 50 34 71 65 159 37 163 145 90 213 
47 : 165 180 73 222 48 63 223 91 62 171 143 221 81 247 224 137 26 157 149 158 107 64 231 87 99 116 181 43 117 200 
48 : 75 154 190 109 66 64 103 88 46 176 86 188 227 91 39 245 195 238 114 27 191 172 201 98 224 62 160 115 200 104 205 192 189 106 137 158 198 135 48 150 232 36 175 70 223 219 28 33 151 170 222 89 129 212 93 50 242 218 248 142 215 132 105 81 181 243 144 228 100 90 
49 : 42 157 135 115 41 193 86 158 215 132 64 204 85 173 136 95 99 59 49 183 101 197 137 151 194 92 120 226 240 55 218 140 223 221 124 89 236 71 35 174 167 58 30 116 207 44 201 134 192 145 170 
50 : 230 246 78 143 104 72 100 79 30 138 33 34 205 66 171 135 114 214 234 224 92 54 50 108 71 
51 : 108 172 82 138 31 67 92 65 112 182 173 218 199 121 207 227 239 181 210 25 101 209 79 44 132 237 99 147 133 69 34 105 56 46 225 
52 : 63 150 159 50 139 227 217 34 226 103 239 230 115 91 85 61 207 211 87 208 44 68 188 120 205 220 112 244 232 104 46 118 76 105 109 240 81 167 156 48 245 143 
53 : 199 111 97 72 218 211 102 237 112 55 247 54 33 197 207 240 166 38 82 92 241 75 248 223 139 127 152 171 165 132 219 198 150 101 43 168 100 126 108 74 120 52 95 134 76 174 123 87 179 28 94 51 203 88 160 131 49 200 115 133 66 189 202 208 145 85 35 162 118 
54 : 155 162 31 125 200 73 86 90 54 39 58 116 220 225 189 117 202 182 214 238 232 40 247 63 100 26 169 48 25 102 192 98 161 84 244 231 122 243 193 140 197 35 44 217 129 133 62 246 227 177 137 136 76 50 113 33 103 121 104 248 94 191 149 36 60 
55 : 197 88 157 118 203 92 244 69 33 101 112 221 42 114 113 47 40 110 236 64 173 241 240 57 148 146 231 111 150 25 233 39 234 166 43 211 201 215 141 131 71 91 85 129 56 120 181 78 151 228 237 89 124 29 171 232 191 126 61 95 41 
56 : 214 177 96 150 114 164 155 76 125 208 190 48 225 226 246 213 26 64 25 181 206 88 54 108 101 235 56 218 143 203 118 112 32 78 43 175 51 160 192 199 93 141 37 85 238 57 81 198 191 119 53 146 228 180 139 231 138 65 124 163 159 184 79 102 75 107 130 173 77 216 212 
57 : 98 107 117 87 36 80 217 159 149 201 125 126 118 153 42 210 180 246 62 208 239 247 140 40 216 34 37 170 69 226 152 221 200 179 41 113 83 186 101 112 181 150 91 187 74 71 172 30 47 146 50 94 77 130 78 171 234 133 103 229 
58 : 196 128 75 26 43 225 161 119 208 89 108 77 157 36 102 73 72 52 235 31 181 190 195 176 168 188 54 240 145 56 227 42 95 165 185 
59 : 158 186 38 231 195 157 122 154 219 73 165 40 174 197 144 238 70 116 108 190 212 168 188 32 126 107 92 175 224 115 155 67 61 140 162 236 27 66 171 90 48 166 151 246 191 182 110 170 28 103 114 209 37 223 41 120 132 72 136 119 133 194 244 25 85 248 34 42 203 91 187 205 64 109 100 
60 : 234 115 207 90 27 114 170 107 92 181 113 63 84 223 44 171 121 203 230 31 213 167 74 126 136 28 47 195 51 119 201 25 188 103 158 122 144 132 128 131 236 117 141 94 145 246 
61 : 130 41 57 249 101 230 229 103 231 186 91 144 203 33 217 183 178 201 177 27 209 246 215 117 106 98 141 205 92 151 49 199 155 128 35 46 200 226 73 100 221 129 240 112 237 115 109 111 88 51 50 99 71 77 79 198 121 227 173 213 134 241 196 
62 : 248 160 175 193 214 49 147 247 85 136 179 180 72 227 215 196 228 235 240 131 205 186 189 132 112 236 156 244 120 65 137 125 246 183 77 135 144 171 126 232 109 52 42 138 222 216 
63 : 246 170 73 110 195 56 231 35 169 123 244 45 191 142 83 91 236 150 215 34 172 203 98 113 135 119 228 166 204 158 200 176 51 48 90 67 86 143 241 31 
64 : 191 68 100 188 131 224 108 127 150 184 133 239 81 237 171 163 46 123 227 70 205 83 72 172 209 59 47 187 98 91 51 156 61 92 194 97 29 146 64 122 25 130 179 217 95 142 65 110 210 75 134 69 245 161 129 230 193 242 
65 : 36 167 55 66 128 152 102 40 150 146 233 212 238 110 123 101 176 80 199 136 100 192 32 125 230 223 94 81 97 91 69 228 185 194 145 129 160 162 187 42 78 28 108 153 45 51 95 169 60 85 157 64 206 67 182 208 237 211 98 225 140 173 63 190 135 249 115 65 243 177 144 219 155 114 92 198 90 181 96 99 87 50 202 227 
66 : 212 70 26 104 86 211 83 175 54 159 128 218 35 249 183 120 197 200 108 139 238 186 111 74 127 89 155 46 65 176 81 114 98 188 80 113 192 125 167 121 187 131 87 62 73 151 239 126 235 49 189 123 103 149 48 78 57 230 140 226 68 224 63 47 213 107 
67 : 38 223 93 246 236 228 27 35 203 234 70 155 129 66 25 101 117 145 106 237 206 160 173 90 99 33 50 164 40 130 82 199 178 109 68 81 78 196 220 169 216 202 115 92 240 28 60 62 230 170 207 193 30 49 42 51 222 186 76 197 88 195 244 132 73 45 188 166 71 158 29 174 53 114 184 85 185 57 139 128 65 46 205 159 126 98 175 231 103 181 152 
68 : 72 95 97 140 231 244 80 156 69 141 153 151 75 78 98 226 216 208 161 34 224 189 120 249 190 207 181 37 142 175 146 149 117 213 48 133 222 28 56 205 232 219 243 92 209 200 162 169 236 196 185 
69 : 156 79 64 173 214 96 143 172 192 74 117 137 187 148 44 240 155 190 77 85 75 110 87 184 150 28 68 222 90 239 189 56 112 225 27 236 105 233 118 130 235 34 158 228 194 152 95 63 113 42 
70 : 108 77 154 211 105 58 142 205 109 75 206 212 41 221 225 197 182 76 55 223 122 33 80 184 129 82 183 230 233 185 29 96 56 145 30 203 52 228 34 81 178 
71 : 82 187 154 58 108 177 127 118 90 95 158 146 36 115 249 216 57 68 206 120 47 94 221 77 42 71 189 235 165 197 135 209 29 229 102 83 153 233 195 240 43 188 101 181 164 157 85 220 92 238 41 37 107 32 125 248 226 56 237 65 103 147 61 111 213 149 150 223 139 30 204 140 124 201 239 185 212 72 215 46 198 217 64 152 194 50 117 106 156 160 116 182 
72 : 30 229 54 59 189 192 133 97 39 37 234 147 177 203 38 141 78 49 81 186 25 172 45 40 104 119 201 76 120 236 240 145 92 158 146 70 171 143 134 47 244 249 200 122 221 129 207 88 157 128 63 107 116 198 73 113 232 51 126 26 214 50 106 191 61 195 91 114 188 136 152 187 176 112 118 163 56 173 71 224 34 242 75 68 115 142 80 117 167 
73 : 203 103 223 126 92 247 37 188 56 232 157 143 245 189 134 172 75 50 209 187 125 175 139 164 100 132 249 29 142 211 74 182 106 174 194 94 84 147 146 228 214 39 207 195 191 216 145 241 153 227 206 63 42 208 170 184 152 115 31 239 58 53 186 148 169 231 69 55 76 244 89 105 117 40 107 130 95 71 104 124 44 162 237 177 197 219 141 176 
74 : 190 176 107 199 36 177 81 50 108 191 87 128 47 83 182 60 80 110 185 56 68 149 236 222 131 135 48 62 76 132 180 138 86 240 238 173 92 213 162 39 136 84 155 55 112 174 
75 : 126 37 41 84 191 60 76 71 64 32 75 99 88 143 228 118 78 236 182 145 63 174 31 96 124 140 51 39 86 225 40 136 46 132 55 139 65 238 196 53 26 217 206 173 127 59 108 66 235 156 91 159 38 190 67 146 195 50 249 106 162 48 233 89 69 134 216 185 135 223 74 244 27 149 102 197 110 177 224 
76 : 38 46 224 202 78 145 75 189 95 47 72 90 91 238 150 42 158 186 94 180 48 82 100 118 56 174 133 146 242 173 192 249 
77 : 219 176 178 225 86 242 238 147 93 157 56 215 246 203 211 248 130 201 155 245 207 123 190 101 143 126 26 174 63 189 183 148 104 244 117 115 83 241 85 229 72 74 214 39 197 127 57 42 205 55 58 73 166 161 79 231 232 100 226 159 158 109 32 64 61 48 71 95 184 50 125 31 75 204 162 193 67 106 43 118 139 119 152 224 
78 : 207 195 199 218 144 190 134 89 69 239 243 71 59 198 150 107 157 111 200 73 61 106 72 81 90 85 53 65 202 216 155 236 109 156 27 158 130 210 204 166 129 103 208 26 232 193 248 176 182 52 148 86 25 48 80 116 206 145 114 175 220 173 201 110 92 132 42 211 219 131 247 233 104 163 77 84 188 159 138 177 
79 : 168 89 41 161 190 147 80 74 206 152 51 75 128 49 26 83 143 242 235 127 30 77 192 124 185 63 222 105 57 95 141 106 228 66 229 183 119 91 232 94 197 110 59 225 44 145 76 187 244 146 142 236 25 186 56 169 198 210 64 111 218 153 65 35 68 122 223 118 126 115 34 227 179 148 92 137 
80 : 40 109 153 169 231 242 99 205 84 203 45 216 152 151 75 238 25 120 206 116 47 115 29 183 31 175 182 201 200 68 219 237 114 127 111 181 168 128 55 194 80 249 43 93 90 227 211 37 121 155 133 30 150 235 212 33 154 
81 : 100 118 214 59 82 108 38 97 119 114 128 212 195 61 223 150 185 56 165 70 148 182 49 83 94 159 37 102 179 
82 : 201 237 60 111 121 55 85 25 108 138 61 137 98 38 174 146 51 228 183 206 161 94 249 170 109 42 76 132 165 106 81 159 87 246 
83 : 227 190 65 66 135 147 164 64 248 208 129 123 37 217 51 200 80 97 82 125 126 151 60 180 140 25 31 191 132 189 46 109 127 112 241 113 215 118 223 115 154 74 91 142 231 106 71 178 27 228 86 202 172 187 38 33 117 52 78 105 75 49 67 186 247 28 98 195 244 73 44 225 48 153 47 95 233 213 210 220 205 
84 : 103 241 100 33 87 27 189 128 150 170 43 198 61 112 200 218 40 31 44 117 97 197 59 185 91 165 113 195 202 41 89 36 63 37 132 77 239 101 143 249 52 175 145 248 29 204 148 178 64 205 188 
85 : 247 190 164 199 187 181 65 234 137 43 221 158 40 184 186 139 32 123 193 219 231 25 156 117 94 138 183 34 208 189 115 179 192 198 211 233 99 30 87 102 162 191 114 237 166 85 93 106 246 27 84 109 245 144 38 130 44 238 206 209 195 159 180 133 79 132 111 74 217 41 171 105 82 50 212 39 108 173 225 63 168 29 145 178 97 218 
86 : 175 116 110 143 165 160 213 128 151 40 212 137 162 185 184 112 101 32 193 39 225 56 197 238 198 219 187 242 72 215 157 69 172 129 37 170 180 25 144 210 47 200 196 113 120 132 201 29 138 59 150 156 246 42 75 218 235 76 176 182 147 189 152 223 49 43 247 48 122 248 173 87 135 159 239 38 211 142 74 205 33 78 230 131 204 195 127 79 91 154 202 206 90 145 
87 : 74 121 46 158 209 184 54 215 129 90 89 147 182 226 235 217 93 246 96 163 91 239 179 34 195 60 173 86 50 39 230 240 214 103 165 47 69 202 99 204 119 249 85 224 145 116 38 228 233 88 176 149 98 222 70 67 55 63 123 31 87 151 108 211 153 188 133 185 232 80 161 82 68 229 164 28 35 132 94 
88 : 134 191 206 108 50 32 120 161 210 73 107 180 153 227 103 144 170 181 72 198 135 87 110 185 70 207 149 66 80 128 160 55 92 216 102 188 228 193 47 187 58 242 158 53 186 89 97 145 40 178 104 214 148 116 146 114 105 240 190 88 189 28 182 63 199 35 208 159 115 60 56 57 44 126 93 79 61 59 235 81 34 174 74 118 
89 : 117 190 37 174 208 140 153 88 170 97 41 218 106 244 145 74 215 120 51 34 141 55 96 207 58 245 100 181 28 49 164 98 121 221 68 83 146 247 206 231 50 166 46 77 178 241 65 94 71 238 128 248 80 162 204 211 159 209 151 227 45 182 202 152 40 132 192 138 66 119 86 111 222 171 154 133 84 105 25 30 114 52 200 156 73 60 48 
90 : 224 198 122 33 50 247 93 199 234 178 146 155 46 132 64 113 235 142 106 138 111 127 148 187 170 227 77 97 79 223 164 59 70 123 27 205 194 189 58 145 68 87 243 116 147 126 124 193 63 140 211 49 201 75 213 84 216 47 35 57 175 105 81 89 204 230 67 40 228 181 38 78 48 167 112 45 103 90 41 
91 : 130 138 142 72 171 197 36 139 249 65 66 156 92 68 183 226 89 208 28 210 233 123 118 137 70 59 106 181 148 155 188 217 176 98 
92 : 196 104 231 66 106 179 52 47 116 229 139 201 174 142 80 161 119 30 130 186 202 36 93 243 143 233 91 105 26 132 212 235 34 133 204 76 248 71 113 237 238 128 151 166 32 31 145 170 65 103 49 222 69 57 135 117 39 102 89 95 62 228 46 25 244 199 74 84 56 38 98 172 242 70 168 121 82 213 53 150 216 120 249 134 209 149 78 92 96 
93 : 234 58 226 31 80 34 26 135 245 182 166 211 140 225 207 243 155 127 59 176 247 46 248 196 67 69 194 53 48 197 92 131 
94 : 181 51 32 170 191 240 245 247 100 173 140 28 74 68 132 96 106 40 65 88 84 108 244 99 53 136 160 59 246 177 145 231 123 112 116 213 110 208 31 85 29 91 90 71 82 211 218 232 174 175 184 128 155 162 163 185 193 217 94 180 138 148 233 182 225 203 36 204 146 188 81 186 113 165 235 189 83 142 42 214 198 164 
95 : 172 150 219 113 57 38 141 54 109 36 235 211 33 105 186 240 74 76 124 63 115 60 223 96 29 237 130 151 99 126 117 95 102 218 181 34 107 221 84 236 90 179 127 198 153 92 146 142 30 111 220 56 246 137 243 157 163 188 50 239 
96 : 214 52 135 234 81 137 160 74 177 39 145 174 157 217 90 202 129 167 182 139 83 242 162 34 78 117 26 51 65 195 77 86 127 172 146 176 184 171 56 152 108 123 223 43 218 102 104 221 107 130 231 156 235 178 41 133 132 100 40 153 199 206 222 181 
97 : 48 44 218 236 225 55 156 184 244 92 221 196 141 57 241 171 132 72 162 215 210 219 74 235 67 154 35 120 59 82 220 66 133 53 180 239 58 155 75 206 190 109 26 181 130 232 47 200 163 145 87 111 79 209 211 177 237 99 27 73 227 32 205 166 149 118 96 40 229 
98 : 68 176 205 102 247 201 189 40 225 217 148 149 62 142 211 87 43 88 158 58 108 190 83 109 134 162 241 230 75 52 186 183 245 117 143 197 235 191 124 82 168 171 234 73 224 120 89 145 39 180 227 56 116 92 195 127 216 175 239 226 233 213 28 178 114 207 228 113 246 153 94 74 70 91 204 93 85 84 99 29 32 248 
99 : 31 237 152 80 173 108 28 33 191 64 91 172 229 47 183 221 142 124 148 59 38 205 72 194 184 63 55 179 51 207 90 78 61 104 240 187 153 50 238 26 133 57 195 222 
100 : 82 97 60 214 193 162 172 70 174 189 107 215 85 39 221 110 226 142 153 185 197 230 182 134 80 77 88 111 150 99 136 200 76 29 208 119 71 86 229 239 191 68 113 100 192 246 124 96 220 37 216 147 58 207 199 62 167 137 236 248 128 171 139 151 56 154 184 51 115 
101 : 244 133 239 219 85 208 56 125 218 154 235 131 179 248 114 187 145 69 127 217 227 64 77 112 71 54 223 189 169 97 109 120 
102 : 128 46 139 95 41 115 157 201 28 151 89 33 118 64 209 193 130 98 113 133 239 190 194 80 189 74 143 78 47 110 60 206 172 150 208 240 177 242 73 125 231 44 134 158 71 27 163 84 186 77 40 56 121 184 122 248 108 180 149 223 227 69 58 102 
103 : 216 178 149 202 226 67 70 153 44 199 186 218 242 238 221 200 39 204 168 66 59 51 42 116 31 145 73 147 148 219 194 72 49 105 188 172 177 
104 : 142 195 94 102 98 177 206 249 213 241 60 97 247 188 34 75 218 103 72 187 74 81 137 135 138 149 203 231 115 41 228 212 90 36 124 118 230 232 180 83 162 238 176 201 89 107 25 121 131 114 100 233 242 128 96 69 167 204 219 47 197 86 215 161 156 33 73 49 
105 : 56 67 136 186 211 114 140 216 116 218 225 147 226 76 117 102 48 153 73 37 197 245 104 203 182 209 106 
106 : 43 126 136 35 100 25 127 61 167 98 233 69 42 72 141 149 97 223 131 240 176 101 78 45 213 108 75 214 237 118 133 227 73 29 52 74 192 84 180 181 219 128 187 198 170 215 135 201 243 67 137 194 212 53 205 26 106 86 191 
107 : 214 67 43 218 41 25 79 39 210 32 231 91 110 172 186 125 59 69 155 178 150 148 168 44 237 122 78 208 
108 : 80 237 72 191 178 35 129 83 189 238 40 196 34 111 100 193 53 93 64 206 54 104 166 230 133 154 47 187 149 197 119 59 170 115 
109 : 28 207 161 61 69 230 248 150 102 235 109 173 218 221 206 94 210 87 60 165 47 203 211 231 236 172 198 63 74 128 113 103 122 232 164 155 185 187 92 148 245 104 66 76 227 64 178 44 40 70 247 37 59 200 65 214 204 79 176 195 53 46 234 249 217 168 226 181 108 58 118 121 42 238 57 36 127 129 219 
110 : 199 100 119 116 42 144 63 167 111 56 205 165 48 123 66 106 222 242 196 183 51 171 229 182 178 147 198 
111 : 117 183 115 71 197 164 137 102 236 70 192 121 66 123 82 156 159 107 30 88 195 221 140 142 60 247 134 210 133 104 212 224 187 125 81 124 45 162 145 129 249 238 166 96 89 65 216 119 175 233 116 234 132 173 206 211 92 188 239 50 127 113 202 198 248 42 182 63 232 170 59 150 75 111 108 244 227 40 143 91 37 120 199 
112 : 160 64 115 149 247 175 214 238 180 128 240 177 58 135 72 52 155 226 113 179 54 91 33 68 131 50 34 96 63 57 245 204 161 66 99 43 173 171 116 61 231 198 223 205 98 93 83 100 196 182 172 123 104 243 230 195 26 166 126 51 81 134 169 234 181 87 28 138 108 156 30 122 142 136 154 31 73 60 158 65 62 46 76 167 53 
113 : 67 245 39 226 43 29 200 247 217 50 240 205 135 137 84 181 102 179 117 85 148 157 150 63 235 230 238 116 246 168 77 124 62 140 207 80 142 123 90 89 206 131 198 162 99 138 125 91 114 113 45 185 55 212 208 228 31 79 197 177 110 136 189 164 186 34 70 93 156 143 65 133 227 75 73 54 159 44 83 
114 : 220 105 233 222 32 65 69 49 210 138 53 186 149 37 230 160 187 228 117 82 162 238 62 43 119 184 182 124 205 121 91 151 58 204 245 173 93 185 
115 : 186 109 99 177 43 201 170 73 157 60 116 172 146 86 204 163 112 191 136 238 243 123 104 58 81 121 235 31 169 125 234 200 218 174 131 215 212 122 202 190 88 32 119 147 208 47 196 185 248 156 165 245 134 56 180 85 83 222 230 176 101 132 70 246 140 193 96 133 94 52 
116 : 130 147 92 140 168 107 184 207 115 246 41 29 87 217 222 211 179 51 188 44 102 193 134 149 64 52 150 58 136 160 223 61 69 121 169 73 155 210 43 126 30 57 205 111 236 230 109 180 76 242 221 88 74 209 237 95 101 248 124 128 148 105 162 182 161 37 133 224 235 213 185 231 112 186 144 40 63 233 225 131 66 157 
117 : 55 245 33 116 81 247 78 147 35 150 129 165 166 120 202 225 207 222 192 86 142 236 80 92 137 74 107 103 89 145 248 211 196 229 179 72 157 183 34 110 109 210 160 90 161 219 63 172 241 126 70 69 206 75 27 159 194 212 133 213 73 184 29 41 95 171 193 111 230 191 170 39 113 240 31 76 117 
118 : 199 115 164 114 194 26 62 145 243 171 67 91 99 247 182 139 98 160 172 68 200 224 60 93 157 198 59 162 
119 : 175 237 164 209 32 110 45 79 152 82 210 129 243 107 51 62 158 219 47 128 142 111 50 215 230 64 173 224 204 58 200 122 137 123 114 103 221 236 56 147 192 223 233 127 151 208 57 145 80 77 166 90 228 160 93 143 157 202 247 187 196 245 119 94 92 177 135 68 28 71 41 116 98 213 161 165 
120 : 173 152 79 88 48 130 198 215 208 92 33 216 89 188 175 47 30 76 81 247 35 187 113 132 26 232 55 214 117 150 238 230 158 241 194 164 61 140 78 86 168 129 226 155 186 96 100 224 171 202 179 101 220 136 114 219 102 211 228 207 116 133 104 231 183 105 234 68 57 50 153 62 74 52 82 115 196 225 166 221 56 206 185 246 84 73 244 126 144 
121 : 110 44 60 51 41 83 156 68 30 59 85 212 245 186 37 46 53 133 130 153 202 209 149 31 42 135 73 97 48 50 148 241 159 168 76 86 121 223 29 234 88 155 127 113 94 175 129 164 98 91 190 221 222 134 173 188 43 151 52 79 192 106 146 157 32 61 27 115 145 176 62 143 128 194 244 213 116 
122 : 168 191 175 206 75 234 81 143 45 217 92 131 179 117 68 44 54 192 136 90 85 73 130 111 94 194 78 200 178 207 56 193 102 241 166 88 99 225 151 
123 : 194 55 169 188 43 101 235 74 145 126 125 181 131 243 130 41 79 68 112 90 161 162 84 128 159 76 39 175 109 167 82 93 108 221 139 134 148 95 75 28 47 213 137 152 211 233 158 219 71 34 172 73 244 247 151 177 138 77 186 87 26 115 
124 : 204 112 74 236 65 192 44 53 229 77 52 125 59 106 144 150 71 50 102 171 97 60 103 174 249 173 70 167 157 185 62 58 164 186 132 223 43 109 88 61 237 67 104 225 170 131 55 195 228 155 113 120 248 129 220 246 105 117 153 201 166 108 191 78 190 27 89 219 111 90 175 209 240 217 91 94 232 115 45 107 
125 : 119 26 47 194 181 169 241 151 33 223 58 30 70 184 56 92 129 83 99 106 52 182 81 242 139 
126 : 146 66 46 149 112 45 81 161 38 54 131 145 247 49 239 124 214 202 200 217 125 140 184 182 130 153 31 36 179 234 138 74 210 114 115 196 207 126 199 151 119 206 183 67 110 
127 : 243 138 197 120 46 32 48 186 65 54 87 134 168 160 213 245 36 62 38 170 58 64 172 42 136 239 111 
128 : 215 157 107 246 222 64 242 118 177 127 126 237 61 146 39 92 180 27 63 238 105 209 206 160 82 113 203 214 123 204 86 202 150 188 154 98 134 131 210 55 240 53 45 249 148 41 184 186 85 68 221 245 30 51 90 224 103 213 133 93 117 31 241 172 
129 : 246 47 85 116 30 239 114 136 213 55 135 175 214 80 224 82 117 46 71 65 138 70 160 153 204 108 168 40 164 179 38 226 174 145 118 181 173 169 185 190 78 225 219 199 83 146 99 57 132 177 42 142 110 216 112 147 245 234 39 94 124 182 163 149 121 79 111 84 220 236 157 222 197 139 77 191 188 198 69 120 140 34 90 203 64 156 144 137 158 49 235 109 
130 : 187 48 228 191 164 131 188 92 115 128 39 175 83 235 204 189 158 220 213 206 51 112 229 25 249 140 77 136 159 211 241 37 40 117 133 150 146 53 114 106 180 139 111 195 84 67 81 193 110 138 222 246 209 143 42 125 190 100 69 199 79 137 122 104 90 30 72 66 57 33 46 63 162 181 231 45 29 35 41 226 197 148 120 101 172 
131 : 163 115 160 172 166 177 174 105 50 138 145 56 205 78 83 132 72 125 58 67 42 148 107 192 157 99 87 90 128 188 111 211 101 70 85 102 130 229 151 220 116 201 92 144 150 37 66 213 194 71 39 240 104 134 100 155 219 135 182 209 129 153 185 235 175 186 183 86 43 161 224 30 123 180 140 165 68 26 88 118 108 187 93 170 176 84 40 114 159 
