0 : 94 197 182 161 132 105 47 234 152 71 175 115 246 91 192 138 236 112 106 78 28 166 231 25 225 117 224 133 151 122 26 156 230 128 220 131 237 65 247 167 184 207 111 162 160 140 147 41 44 64 27 226 223 109 193 228 35 98 79 74 33 46 45 55 34 191 178 194 119 242 189 232 145 30 174 80 40 77 42 52 95 148 68 146 150 92 58 66 96 215 171 144 63 153 134 164 51 100 
1 : 50 68 70 28 101 248 33 242 124 132 218 32 172 129 148 59 115 239 127 112 141 48 84 227 44 100 158 34 208 40 126 116 179 217 197 221 99 90 89 98 145 223 175 87 190 234 55 36 35 222 30 213 128 26 27 153 93 236 219 107 225 76 71 140 25 188 67 63 29 96 192 118 194 102 159 154 199 185 149 200 220 240 216 109 211 189 111 
2 : 142 177 87 47 106 108 97 244 215 60 120 198 33 201 183 235 179 160 114 62 222 116 193 124 175 182 164 122 72 152 163 92 247 40 112 29 165 52 86 217 109 78 101 136 65 213 70 219 246 110 98 226 74 149 171 159 91 151 102 81 93 239 223 76 206 153 216 178 200 44 71 240 130 174 128 248 221 73 121 169 80 38 99 107 205 48 144 25 203 195 237 230 189 211 214 37 55 
3 : 179 223 214 80 149 209 51 128 172 238 139 235 132 84 175 82 36 144 129 77 63 194 207 192 200 100 205 229 236 177 90 
4 : 56 192 199 73 209 148 126 127 85 152 51 166 34 82 111 236 158 103 151 207 245 227 226 46 225 38 183 171 144 231 162 27 96 50 64 115 
5 : 190 180 167 113 37 107 193 43 129 142 248 144 90 215 79 182 199 160 174 235 101 143 224 103 223 82 163 187 218 184 59 102 29 118 241 225 210 137 158 189 72 153 192 96 176 203 56 36 74 164 209 
6 : 155 37 47 113 105 151 246 209 157 132 161 190 247 57 131 240 163 159 26 124 214 56 243 181 168 27 122 91 148 249 99 120 235 189 34 60 169 213 125 78 59 136 202 69 171 55 205 145 167 195 73 237 49 76 239 176 28 211 208 44 154 198 51 194 207 229 25 140 192 220 212 
7 : 209 77 76 85 156 95 34 201 208 117 168 58 223 113 63 59 219 88 29 125 123 240 238 94 111 27 120 207 177 191 214 195 244 228 112 51 193 62 40 204 48 54 200 108 43 198 246 138 25 149 241 225 161 
8 : 189 93 96 183 49 76 176 50 175 119 90 241 159 67 101 81 43 65 97 40 128 127 244 89 75 185 73 59 216 38 155 112 225 82 199 122 85 71 74 134 188 200 243 52 232 164 248 108 149 178 209 135 218 86 141 231 124 194 111 233 26 103 152 195 87 165 56 249 202 
9 : 31 55 25 62 151 235 194 207 226 107 172 222 238 201 141 196 51 106 197 114 227 42 167 71 248 150 112 63 173 137 241 122 48 249 78 214 233 43 146 187 140 160 98 36 163 206 158 166 124 91 179 102 138 208 121 47 162 100 129 212 116 92 46 119 152 86 170 188 225 
10 : 195 111 193 104 84 62 68 56 133 123 58 243 198 222 29 143 41 64 189 172 92 131 163 179 72 122 121 235 145 203 239 144 43 74 160 217 240 242 142 71 209 95 206 81 47 192 106 119 50 124 178 
11 : 221 100 62 76 247 38 203 215 140 75 205 105 86 68 87 63 243 158 28 199 101 162 211 27 70 56 37 110 104 246 35 230 133 187 232 107 166 85 134 33 79 143 149 121 138 114 82 118 32 80 193 228 191 54 108 74 129 40 179 222 97 188 210 
12 : 58 71 54 27 146 195 176 25 99 34 156 239 91 186 159 124 248 94 105 177 229 110 50 161 225 131 166 194 36 169 196 180 210 119 142 223 64 107 228 37 183 88 233 235 243 227 141 121 73 219 82 122 81 167 89 160 182 168 115 100 240 61 203 191 211 33 152 127 170 213 66 117 116 26 49 230 201 155 69 143 39 41 67 153 163 198 44 150 140 133 221 120 185 249 97 28 164 
13 : 29 228 28 38 43 25 237 213 157 149 197 209 109 103 181 113 121 233 71 58 31 193 171 75 127 
14 : 220 153 51 32 210 175 54 246 138 131 65 189 152 106 171 139 183 179 243 178 168 117 34 203 52 137 248 231 35 204 98 116 43 217 125 126 229 176 215 127 44 33 121 102 
15 : 131 71 76 57 69 157 26 35 98 93 85 60 163 114 137 218 206 113 212 196 205 231 182 190 166 36 195 185 210 134 174 127 162 139 119 211 68 101 188 104 228 30 220 116 133 78 170 161 108 158 124 82 63 207 183 239 241 246 164 100 87 217 58 99 178 173 208 111 128 39 177 223 159 49 149 224 34 97 233 229 102 243 
16 : 141 249 200 209 105 76 97 75 182 122 243 83 166 151 68 177 145 125 196 114 214 36 61 158 27 88 95 
17 : 61 153 106 143 60 98 242 41 207 116 128 137 235 168 238 180 77 162 178 187 109 28 165 248 42 152 163 197 196 44 94 72 46 53 
18 : 163 57 59 192 26 116 230 188 123 180 109 178 215 102 39 223 85 150 167 55 200 142 203 99 198 144 90 176 157 65 87 115 158 216 244 168 122 161 207 128 189 113 76 107 145 79 240 169 69 138 36 89 246 234 77 111 66 164 56 243 204 
19 : 30 207 232 166 79 189 164 152 156 61 167 137 196 86 36 229 115 179 245 81 203 44 95 113 149 56 183 155 214 168 90 148 120 106 60 187 213 242 200 33 85 180 102 163 111 244 147 51 220 188 184 140 134 29 233 126 70 131 72 39 99 223 75 192 67 172 219 87 186 91 199 211 127 230 123 97 34 84 53 221 129 150 69 231 237 195 52 125 104 158 64 101 161 43 190 144 136 249 178 174 73 118 218 
20 : 65 222 43 58 146 27 248 191 126 164 31 134 249 93 117 73 214 186 153 98 161 195 74 78 138 246 157 215 235 192 64 189 66 187 175 140 218 150 46 149 108 148 166 208 95 244 176 239 75 167 30 111 227 69 102 172 82 38 96 182 36 114 128 55 178 100 125 230 163 53 94 217 32 120 219 118 86 40 57 105 212 188 37 238 133 77 26 35 72 233 54 154 231 112 34 79 81 109 107 199 221 229 
21 : 151 231 207 145 98 152 126 43 120 102 91 219 130 242 186 46 216 189 70 33 247 139 104 176 243 59 133 81 211 136 174 195 124 212 165 80 116 61 
22 : 196 184 92 51 186 130 232 222 44 163 68 109 139 203 50 85 108 238 95 227 40 30 103 166 110 129 119 241 211 90 52 248 112 59 191 122 88 213 149 35 226 71 28 155 208 67 158 202 160 37 123 215 
23 : 230 184 241 244 171 192 188 109 128 134 97 135 123 208 126 207 98 26 84 93 120 245 29 131 249 89 30 159 185 34 195 203 227 170 38 113 181 25 114 73 55 141 52 122 144 153 88 125 164 105 146 156 217 201 58 175 186 194 193 223 33 167 79 151 190 211 168 40 127 46 118 68 119 43 226 247 154 142 64 216 138 198 179 74 85 87 162 220 70 121 63 
24 : 181 100 208 212 160 245 206 225 202 117 72 222 129 221 248 233 180 207 174 77 236 52 242 47 73 227 111 62 33 34 54 195 169 48 57 114 154 25 138 130 64 137 74 45 44 76 59 43 183 35 171 176 95 123 80 240 163 81 132 201 230 128 216 29 70 37 244 69 51 
25 : 139 185 45 192 46 131 196 174 228 32 107 111 152 178 26 212 164 25 109 58 70 65 104 60 187 98 40 163 133 141 223 117 149 119 44 171 105 175 154 93 246 146 200 162 88 247 84 165 221 203 153 156 158 169 229 123 100 137 241 206 83 33 197 220 64 86 115 
26 : 62 192 114 69 133 79 218 100 176 80 110 71 238 208 141 121 158 232 184 37 89 159 28 93 167 228 243 44 132 48 190 97 198 52 235 146 119 67 236 242 217 171 168 175 237 120 144 94 104 107 148 172 42 223 239 115 220 36 113 76 125 127 191 
27 : 238 183 192 223 134 49 122 231 162 173 115 128 43 126 189 246 177 161 71 208 56 29 70 130 33 26 39 180 230 38 199 102 163 227 145 83 105 61 36 228 215 156 174 79 205 137 232 30 142 101 80 117 64 45 107 242 191 175 35 
28 : 206 194 158 185 210 170 180 154 207 177 129 140 135 244 122 179 229 227 42 161 47 134 216 169 68 221 234 201 94 57 243 83 76 110 51 111 150 132 81 184 95 138 145 205 178 73 157 156 142 108 79 121 116 30 166 46 65 55 86 245 38 96 162 225 187 246 82 
29 : 59 99 42 29 169 111 149 69 104 79 211 94 97 164 186 73 200 44 156 167 106 191 158 224 36 96 40 185 218 162 25 210 233 51 33 85 155 151 153 115 53 203 35 112 230 221 235 66 220 116 193 139 177 188 101 248 163 140 219 159 122 55 232 187 150 77 231 165 180 182 212 109 103 110 190 49 100 246 135 146 213 171 47 216 143 160 91 113 50 166 217 105 126 241 43 60 56 87 81 179 
30 : 145 247 37 65 31 28 133 70 111 76 143 46 80 96 43 95 104 87 108 240 181 168 102 101 235 88 63 146 99 138 74 187 90 198 147 134 100 115 158 214 229 202 232 98 66 151 217 167 191 160 234 42 81 79 78 210 185 222 40 121 
31 : 216 173 146 112 186 143 72 126 246 65 189 159 137 101 135 42 85 59 102 67 151 221 160 240 97 52 95 136 114 30 84 227 47 185 184 68 234 203 172 164 49 40 33 192 147 29 104 122 157 78 70 145 242 165 198 197 194 244 226 187 183 142 55 107 63 152 149 98 39 81 181 200 83 82 233 188 212 206 158 25 79 123 219 237 129 193 177 167 249 75 90 92 169 45 116 238 
32 : 98 93 206 28 190 42 75 72 25 198 142 128 106 26 101 78 178 218 70 107 237 179 145 58 109 138 131 71 124 229 212 189 233 55 132 224 37 201 223 143 79 157 44 87 90 154 169 77 225 59 180 126 166 
33 : 186 128 31 249 193 100 242 159 48 28 95 183 138 67 126 43 152 94 49 112 103 247 121 189 175 216 148 115 238 215 71 66 79 161 245 208 123 136 40 202 220 93 57 68 227 92 47 101 187 162 209 98 153 237 133 61 217 69 178 166 147 224 62 142 240 244 82 110 129 120 44 169 127 221 181 90 222 41 73 96 158 200 84 182 113 107 88 
34 : 184 74 53 96 223 56 99 31 134 122 36 241 133 147 203 173 177 135 162 246 230 90 164 171 157 209 109 75 214 198 239 42 192 28 35 61 48 196 161 51 
35 : 181 42 56 98 174 168 32 246 160 92 112 132 114 107 39 93 215 176 96 65 173 64 77 75 213 149 131 133 164 152 69 224 238 129 159 183 26 154 177 143 57 
36 : 187 104 58 202 125 83 67 174 147 236 102 168 218 93 38 183 70 160 233 182 196 107 31 69 186 126 92 97 162 234 28 210 166 99 39 150 109 142 
37 : 146 118 55 162 246 96 76 227 121 98 116 69 184 84 165 228 243 119 38 136 198 220 43 222 148 192 195 225 77 158 57 151 167 210 132 82 31 138 236 29 27 135 74 59 109 173 71 188 92 49 
38 : 247 32 113 81 104 153 232 114 77 205 192 135 36 225 40 111 222 63 125 74 80 85 83 97 62 228 198 51 87 70 209 27 242 34 53 107 235 210 98 95 204 61 226 52 196 171 90 31 46 219 65 75 88 146 124 178 142 149 227 231 91 
39 : 66 163 134 218 56 125 41 234 214 84 148 82 228 189 61 219 213 246 153 39 122 172 118 119 105 231 139 100 162 171 155 96 127 115 202 89 101 224 238 108 201 52 215 72 223 137 243 136 34 149 51 86 157 120 103 170 212 121 221 242 205 43 226 161 85 77 44 147 144 
40 : 55 181 63 220 88 129 230 156 130 227 31 248 162 171 214 189 235 178 47 221 167 182 184 140 232 223 60 48 193 216 143 40 165 173 70 166 91 245 72 153 205 52 42 198 102 103 132 247 137 68 238 79 242 219 160 139 126 82 86 46 127 201 206 100 194 115 134 237 136 241 111 239 44 94 145 168 113 45 161 141 191 51 54 199 176 164 109 121 172 120 211 246 36 119 76 186 180 138 77 37 147 
41 : 213 25 99 241 126 240 132 193 47 220 246 142 156 210 135 68 54 222 78 223 103 65 244 46 176 161 84 180 211 184 197 198 40 127 172 
42 : 76 178 160 39 174 62 127 64 33 116 147 216 215 85 122 31 43 46 65 249 168 69 124 229 180 144 192 248 106 208 245 200 175 81 113 
43 : 233 153 51 227 209 75 249 172 167 229 132 144 101 225 236 72 231 112 28 208 170 246 186 152 94 79 155 85 68 215 46 201 238 45 39 168 219 176 76 182 224 109 106 165 150 222 36 185 31 242 244 58 56 102 192 146 163 139 61 180 37 237 213 221 111 157 166 25 175 141 188 248 131 247 203 135 218 207 156 161 137 183 171 200 47 103 63 99 198 42 71 35 158 202 126 124 
44 : 174 186 35 94 214 54 157 153 227 209 247 55 184 65 188 249 92 124 225 202 96 116 74 119 201 226 85 61 128 60 176 109 122 223 127 164 141 229 232 95 138 231 27 125 146 63 59 46 108 190 81 77 187 25 144 68 221 
45 : 57 163 145 168 90 245 98 243 199 232 28 226 174 169 110 215 64 183 30 49 160 54 172 138 125 44 71 133 152 100 103 101 230 156 112 72 181 207 177 157 187 166 139 109 89 225 210 122 178 167 212 131 58 62 119 140 144 106 218 120 123 185 124 195 82 247 76 246 37 
46 : 221 141 170 45 166 26 103 51 168 99 132 223 30 218 143 133 153 77 145 60 101 217 224 216 134 181 85 65 150 207 117 147 66 47 48 244 115 249 108 248 32 44 88 89 121 209 31 127 206 139 149 215 34 62 94 100 25 28 185 212 35 55 243 197 236 245 175 98 39 112 63 86 189 210 105 52 184 116 137 118 222 90 80 214 124 83 162 102 37 136 159 64 179 50 203 
47 : 178 206 228 219 102 31 33 233 165 46 148 37 110 101 80 61 62 176 142 180 186 83 161 189 184 224 146 50 147 112 152 196 59 108 204 239 237 163 76 47 56 244 40 58 52 190 68 57 238 210 203 199 201 117 42 53 230 60 128 198 158 229 241 174 232 133 115 222 111 94 78 208 
48 : 181 204 45 32 59 75 140 173 247 111 103 25 73 149 88 220 231 156 126 60 65 112 145 28 189 80 33 106 210 58 146 131 137 69 
49 : 158 188 74 39 219 142 98 164 234 117 130 214 218 134 68 195 173 180 82 60 237 100 157 54 118 111 107 233 199 206 159 65 223 120 221 191 126 43 41 81 197 76 184 127 48 227 31 78 47 222 80 91 238 33 85 52 61 215 55 25 155 220 53 146 244 152 228 231 177 226 29 129 169 192 241 153 216 99 112 243 239 232 63 185 141 178 72 45 163 96 171 187 
50 : 198 139 108 191 237 249 193 229 174 28 109 166 105 25 94 57 111 66 54 195 85 136 60 246 117 38 145 113 158 126 46 50 187 247 95 219 77 248 112 162 213 123 192 74 125 88 241 220 148 33 67 172 43 61 205 177 29 78 48 233 134 69 32 186 171 68 91 238 159 44 124 79 203 240 234 106 144 96 202 75 84 228 120 71 218 72 211 87 40 150 37 245 200 83 26 51 223 127 242 102 59 92 164 
51 : 248 92 64 98 219 194 62 153 85 241 204 77 230 72 119 211 75 173 90 128 136 27 28 236 126 190 233 26 61 181 188 203 199 139 84 143 150 220 45 41 35 116 25 33 177 86 158 88 216 201 50 245 225 112 55 82 232 239 129 217 146 134 83 183 187 37 249 117 135 
52 : 86 54 128 211 210 224 201 57 94 223 143 51 135 164 101 95 161 129 92 77 215 82 26 126 31 35 147 72 243 79 230 76 121 178 144 150 65 120 218 127 179 154 180 118 39 25 145 212 190 96 139 133 202 61 83 156 74 247 58 109 204 191 60 38 62 56 114 172 108 159 232 103 142 234 42 222 78 169 196 189 40 33 91 
53 : 217 41 25 154 92 33 36 64 65 162 35 139 77 62 125 52 28 84 214 38 54 76 243 87 230 135 227 167 232 143 193 102 145 90 74 103 182 189 106 247 29 199 206 198 210 89 244 70 99 144 79 109 241 160 236 116 239 147 246 96 173 126 47 188 131 146 127 163 94 187 59 53 118 226 83 46 91 195 81 155 215 39 242 150 26 177 142 115 43 
54 : 215 243 27 83 130 121 35 108 144 181 239 241 50 98 100 36 145 148 238 112 128 67 102 58 198 84 160 216 206 53 86 141 109 246 248 162 54 75 89 188 202 150 184 146 57 147 197 73 212 249 49 242 126 42 165 29 207 
55 : 40 88 204 53 27 138 37 194 149 234 94 239 241 225 237 133 98 57 231 136 125 71 135 33 110 111 122 69 174 54 119 191 82 230 43 100 62 189 232 163 233 187 68 106 89 113 63 211 175 42 59 238 50 70 214 41 101 102 103 201 156 240 216 170 198 118 137 117 202 127 141 178 107 105 165 
56 : 117 111 142 64 179 183 49 202 46 144 235 121 216 66 166 63 200 43 146 215 53 74 152 62 83 214 137 175 236 98 217 150 87 168 33 155 44 54 232 213 41 48 124 28 93 56 135 61 153 35 218 40 119 211 94 190 97 227 107 57 
57 : 83 248 60 182 184 220 217 89 202 125 41 141 52 168 201 61 113 236 30 49 178 208 96 42 134 225 73 204 98 69 56 84 240 99 53 183 239 
58 : 55 169 158 145 166 234 118 111 99 141 112 33 75 173 134 30 29 107 71 213 209 64 79 248 133 200 245 165 179 227 175 154 32 244 52 39 152 82 115 126 230 54 108 164 41 149 237 214 249 89 66 198 59 216 119 205 
59 : 39 238 131 145 74 51 157 207 30 83 57 25 219 41 52 194 118 146 167 37 159 114 89 226 44 134 214 237 199 75 205 160 81 136 243 177 128 198 165 170 43 123 49 225 104 65 120 55 176 117 66 103 34 94 173 236 190 59 229 62 217 56 63 109 224 162 171 210 180 247 206 119 202 78 42 149 110 
60 : 76 89 183 139 185 96 140 98 211 166 196 92 38 63 197 132 137 131 101 56 195 133 148 209 134 61 232 151 160 225 43 39 186 42 113 203 40 213 78 115 157 118 57 72 184 164 123 
61 : 234 229 194 171 137 162 82 31 97 65 85 96 206 179 239 244 186 240 29 235 141 119 168 40 211 216 242 225 66 88 134 130 57 38 45 144 78 192 27 102 138 
62 : 67 41 171 88 191 101 150 113 216 202 96 120 233 179 34 93 185 103 138 33 167 145 35 100 155 200 136 241 108 48 214 244 36 158 224 69 126 52 61 240 228 45 47 105 201 183 141 115 143 39 210 54 157 43 180 117 123 84 236 102 220 42 206 99 211 94 238 135 182 151 173 125 208 91 87 25 181 114 207 247 76 146 166 177 79 111 147 
63 : 36 201 144 224 119 161 48 91 111 236 33 35 74 238 170 117 247 131 124 88 183 54 106 155 78 207 56 153 60 228 108 232 27 53 114 103 89 105 112 97 34 136 175 84 231 147 242 227 162 182 245 85 55 233 188 
64 : 118 189 81 113 142 79 64 46 134 117 139 207 91 231 84 62 173 213 110 159 75 70 85 153 205 242 186 50 152 202 211 128 41 103 154 147 151 47 114 215 35 102 177 237 197 156 
65 : 67 200 119 249 175 145 34 118 247 140 236 82 226 125 166 85 46 179 192 184 144 185 27 239 89 106 64 172 93 99 235 48 227 213 74 248 87 32 33 128 245 134 95 210 131 182 42 170 127 73 78 84 164 30 52 37 228 237 157 137 116 
66 : 131 141 129 172 62 134 136 210 248 37 114 113 52 222 223 56 244 139 211 177 119 41 209 202 174 135 75 146 245 157 60 158 115 28 237 133 219 239 206 195 
67 : 143 151 60 174 135 130 237 102 126 92 182 101 183 249 150 173 80 186 189 91 30 144 166 172 123 55 118 68 176 41 231 104 161 77 27 160 213 201 109 223 163 32 59 125 238 82 245 86 100 190 217 129 117 179 222 25 40 37 188 61 122 90 88 110 170 48 26 43 200 195 95 184 227 50 139 75 210 207 47 
68 : 95 237 213 243 109 66 197 50 147 208 231 172 138 210 120 233 207 47 179 189 135 175 90 167 166 129 151 27 140 73 159 141 145 98 142 224 104 30 229 221 193 82 108 249 240 155 70 94 186 96 107 154 194 149 214 184 200 130 158 225 72 79 56 
69 : 41 35 83 84 80 244 187 70 131 27 228 214 49 116 175 120 188 61 224 78 234 152 142 87 31 73 161 185 245 103 109 169 143 44 173 32 242 196 171 202 198 98 43 111 57 193 26 156 157 124 248 216 189 104 63 168 177 67 138 220 59 126 81 163 119 154 69 186 72 181 203 151 201 112 148 229 88 180 222 197 135 
70 : 210 102 201 85 239 32 198 146 83 163 174 217 41 110 93 42 29 59 246 100 133 149 183 214 173 248 28 47 103 197 212 144 165 223 227 161 77 220 164 205 178 142 159 171 221 117 147 95 140 
71 : 240 142 44 227 114 91 113 74 109 180 146 107 182 145 133 104 187 51 131 38 194 41 95 80 97 36 203 246 238 236 241 245 115 110 186 135 29 231 37 242 233 46 167 171 140 81 163 86 71 88 64 157 
72 : 200 109 249 56 29 153 95 217 75 231 116 66 85 126 138 35 177 114 156 97 142 149 224 147 132 90 121 222 215 189 104 235 50 144 88 181 221 175 129 196 242 146 77 49 82 223 122 103 171 31 141 143 119 105 32 74 37 195 157 108 241 115 165 180 70 130 45 176 225 139 83 244 182 227 240 51 131 
73 : 63 118 34 51 66 199 209 138 182 127 219 170 121 113 143 32 65 233 161 164 150 71 179 31 222 189 123 183 237 176 100 47 194 154 160 129 197 166 95 25 56 192 84 171 125 122 82 33 35 69 184 200 244 41 242 180 156 202 40 165 218 77 74 224 108 70 234 43 137 131 88 54 221 151 27 93 110 115 155 248 119 132 168 99 37 112 158 190 87 60 114 
74 : 165 229 81 50 217 28 150 58 159 56 69 128 133 153 42 246 199 161 170 164 64 52 67 209 85 89 240 232 76 110 189 127 
75 : 45 46 178 225 136 100 171 113 144 77 175 248 164 127 71 103 70 119 52 203 128 142 216 111 132 205 213 163 69 47 183 170 215 108 137 156 85 207 121 105 187 235 185 129 91 76 86 155 75 97 217 240 162 54 237 48 221 126 174 167 51 61 94 232 152 206 189 227 146 159 236 147 35 209 150 116 192 114 53 36 28 39 117 109 102 42 37 177 79 101 226 157 230 125 133 115 182 145 31 63 112 169 244 
76 : 228 233 82 140 102 171 196 69 179 215 61 213 186 53 132 157 141 38 97 230 59 75 134 142 117 137 227 46 130 145 83 36 203 107 191 180 144 175 39 105 79 249 93 225 35 143 47 122 25 170 248 168 183 209 221 211 33 120 29 229 205 99 64 216 90 242 149 239 246 44 232 152 197 195 41 238 178 173 177 68 
77 : 27 78 124 220 39 104 222 100 168 235 202 197 76 61 30 32 62 167 43 181 41 108 47 210 114 81 213 131 91 176 98 186 90 192 189 89 96 148 103 110 70 172 128 105 152 243 75 194 85 80 184 132 50 137 31 72 84 248 146 55 64 195 245 193 79 97 65 187 233 169 33 183 215 191 67 120 56 199 101 74 38 143 206 
78 : 203 42 131 44 215 53 159 141 34 103 139 115 58 240 171 230 174 97 102 116 239 46 231 249 196 176 28 140 87 113 106 90 63 37 172 241 33 228 43 85 72 143 88 166 26 235 51 124 142 147 59 178 109 100 213 179 86 210 168 70 211 47 181 154 199 162 119 207 244 137 65 91 114 61 68 135 193 92 195 236 99 180 149 83 238 110 
79 : 49 133 92 201 167 197 98 64 115 42 36 159 46 51 158 86 144 244 41 173 175 67 214 209 44 195 117 149 168 78 136 123 183 232 170 33 162 228 94 77 161 178 185 219 125 127 70 39 193 131 230 119 138 48 57 212 160 135 82 245 104 120 213 241 180 218 139 221 176 37 249 146 163 121 43 62 69 210 84 225 190 216 32 
80 : 81 37 41 97 118 114 171 40 111 100 174 46 48 146 195 248 205 110 223 120 98 138 180 156 229 105 184 82 68 140 96 127 85 52 173 59 92 107 137 94 72 87 182 207 238 50 42 236 225 233 106 147 125 66 126 79 211 43 185 189 249 237 39 153 176 164 150 239 83 63 116 73 179 159 217 155 104 196 202 243 93 230 246 135 221 67 234 36 219 32 190 34 181 
81 : 105 232 227 59 62 70 106 212 157 176 60 99 100 156 242 228 145 165 50 213 166 153 238 43 80 46 98 90 162 144 151 239 203 52 104 63 55 121 163 65 177 173 44 137 31 41 234 150 45 146 204 170 224 127 207 134 115 209 
82 : 61 233 48 114 243 33 108 216 171 102 176 193 90 52 69 155 249 248 235 138 78 109 170 66 182 132 130 145 77 153 68 178 204 185 120 44 84 82 218 144 142 141 217 175 188 81 203 213 124 181 99 238 119 70 53 43 26 86 147 134 54 192 229 62 231 60 221 
83 : 108 187 168 33 213 192 93 202 169 97 239 174 45 142 84 150 78 102 125 167 237 51 152 44 180 
84 : 141 157 179 165 220 248 68 209 204 109 51 237 154 137 98 84 130 194 206 168 107 62 177 226 186 216 46 139 54 36 249 48 213 104 63 199 55 39 25 74 140 102 239 223 181 195 56 230 
85 : 155 100 114 41 146 76 173 89 201 105 82 130 140 94 67 225 34 74 246 121 99 154 189 49 91 174 
86 : 59 249 127 243 236 84 62 242 193 60 44 156 176 89 78 199 123 95 161 200 238 154 177 172 205 35 244 248 222 28 117 225 185 197 107 237 130 
87 : 61 239 56 156 205 115 119 88 207 172 100 179 104 187 51 162 154 55 177 36 183 230 161 29 63 173 164 27 46 112 147 79 50 94 85 191 165 208 98 198 237 82 160 75 99 102 117 41 197 142 243 163 80 47 137 223 155 42 83 178 
88 : 95 103 228 29 47 80 117 76 50 116 233 230 176 165 86 160 32 131 53 106 120 177 121 64 208 94 175 221 41 99 88 77 58 136 200 224 180 243 159 210 78 110 169 248 142 197 164 126 61 124 49 60 119 216 240 211 36 42 141 244 249 113 87 178 219 242 102 232 48 225 239 123 92 201 46 155 168 236 212 241 149 
89 : 220 213 199 172 196 53 238 54 167 203 127 241 55 67 141 135 63 205 48 198 107 100 47 119 56 106 131 76 184 39 243 111 175 79 246 73 88 234 235 202 190 147 222 62 40 159 104 80 170 177 242 38 124 129 249 162 81 187 233 148 86 211 91 26 25 155 194 219 50 154 42 139 123 132 239 143 60 27 41 145 161 
90 : 188 138 128 155 214 130 147 193 176 26 62 45 30 196 236 206 113 25 58 115 61 144 219 29 103 247 94 99 222 198 168 66 149 135 51 151 249 52 110 182 162 231 136 98 35 78 226 125 47 114 91 63 121 124 207 34 42 240 139 174 28 220 50 127 157 101 54 166 190 72 116 79 102 107 83 210 
91 : 225 158 179 100 47 193 45 33 86 223 171 221 231 44 76 75 169 146 108 85 129 131 220 210 228 94 122 97 35 196 163 142 190 243 125 73 150 120 195 172 239 208 66 203 247 99 81 206 80 153 46 173 177 170 40 151 162 232 143 135 180 160 62 59 72 74 215 106 29 87 191 118 48 102 83 130 65 219 26 202 165 184 95 248 242 114 136 110 192 
92 : 222 224 104 166 120 232 234 34 138 241 210 249 100 64 48 237 105 228 60 127 75 63 207 110 68 231 78 195 196 156 50 66 77 230 159 67 233 149 129 235 146 178 126 188 85 164 95 179 91 217 136 169 29 223 27 108 134 94 122 158 118 186 73 181 215 182 70 199 25 204 72 52 200 74 
93 : 187 173 231 210 102 39 99 82 126 93 48 185 179 129 188 33 178 119 170 105 221 160 241 191 225 192 26 206 106 204 128 75 81 196 124 158 243 58 86 167 70 51 150 234 171 63 92 65 112 52 125 38 34 239 134 88 209 40 140 28 68 193 208 103 123 109 72 220 56 87 47 201 107 166 213 151 49 154 42 
94 : 240 47 37 79 224 76 243 215 229 137 238 53 143 138 218 190 161 101 61 34 60 187 72 244 147 193 200 185 207 223 93 179 32 43 159 233 110 133 92 84 74 107 177 142 144 160 191 230 211 44 80 216 97 192 245 135 123 198 151 39 109 248 26 40 122 94 146 48 169 208 154 85 196 82 90 153 86 162 234 203 64 
95 : 60 83 162 166 98 186 30 33 200 73 114 180 204 139 167 103 119 118 207 148 128 42 235 244 145 44 149 194 153 95 135 225 123 221 141 
96 : 37 80 237 193 76 42 67 168 35 96 236 153 218 204 136 248 226 115 59 176 158 199 53 103 214 77 84 208 172 55 
97 : 80 33 202 165 244 160 185 245 239 181 218 59 26 138 204 159 234 141 179 108 182 67 27 89 238 175 148 220 178 192 100 196 211 131 81 164 170 167 132 40 79 69 162 222 186 134 150 110 35 201 97 92 102 183 25 84 48 166 206 125 149 227 127 198 66 174 151 230 98 157 70 37 88 153 77 140 30 126 49 
98 : 113 30 207 80 122 197 218 86 152 53 63 138 224 147 249 130 125 208 118 221 153 36 84 212 144 181 186 134 213 37 140 226 81 142 136 41 27 146 233 62 40 34 78 106 28 231 108 45 110 57 99 76 165 214 145 192 60 104 191 116 202 232 182 123 49 137 168 33 196 77 117 59 87 58 69 179 217 47 100 210 73 184 112 92 177 43 230 25 183 82 234 149 46 42 205 238 211 
99 : 155 62 168 249 95 66 221 29 120 189 216 61 170 149 184 187 41 131 38 68 147 185 224 145 191 179 153 86 174 232 245 60 159 220 134 81 116 181 231 91 80 57 154 160 241 228 121 27 69 136 223 
100 : 101 142 223 85 164 228 163 36 30 95 175 208 206 153 114 67 211 90 86 129 213 179 74 192 244 229 238 200 123 54 190 201 88 135 100 37 33 46 87 93 144 94 180 77 149 
101 : 223 178 189 76 233 107 50 140 191 106 149 75 183 209 36 121 73 199 57 98 108 219 146 193 138 194 84 31 102 148 177 65 92 68 39 58 56 59 230 166 33 215 53 61 246 203 242 174 29 247 229 144 248 32 44 180 188 208 129 235 83 187 195 55 141 26 163 170 119 27 216 69 48 
102 : 168 55 191 43 141 220 215 229 199 65 249 217 193 227 108 211 84 85 99 88 218 71 54 142 36 203 119 46 150 109 213 39 233 186 126 27 73 151 59 37 34 166 237 45 64 57 222 190 169 148 75 118 183 165 41 83 155 44 60 232 241 206 95 172 216 40 153 208 164 207 160 185 174 125 50 35 
103 : 118 62 142 146 202 101 167 28 141 150 201 175 29 99 35 245 39 206 137 103 27 246 55 139 197 80 164 226 124 96 228 63 60 127 41 84 216 81 237 203 163 25 220 86 128 189 56 134 158 184 34 188 217 61 145 26 234 119 121 38 107 108 74 211 77 227 236 232 241 215 196 89 136 235 185 233 171 210 92 30 166 219 52 
104 : 119 72 134 189 181 180 249 80 64 165 228 69 210 26 39 46 223 48 152 91 178 192 176 164 77 207 54 71 106 127 154 175 173 151 245 63 149 225 102 131 115 213 196 221 126 237 216 158 145 150 31 73 138 83 81 166 219 190 78 248 95 139 123 230 142 206 40 179 38 62 208 182 34 162 243 99 35 32 167 53 36 160 240 140 155 174 201 107 187 
105 : 68 139 150 181 135 174 199 121 239 208 64 171 247 224 127 156 192 110 94 193 114 165 89 217 120 147 85 166 108 203 124 187 195 62 95 59 190 186 81 222 97 
106 : 79 45 217 89 145 95 123 143 94 51 93 153 191 239 188 218 154 139 165 187 138 127 112 115 160 53 158 190 152 99 221 223 243 29 122 98 169 129 30 181 109 141 114 132 133 164 248 140 97 34 150 88 179 155 176 62 124 213 120 168 92 209 110 206 241 83 48 225 192 102 226 182 80 170 159 229 131 73 25 235 249 134 136 197 61 135 63 185 205 228 66 175 35 227 44 245 121 174 107 77 
107 : 97 235 202 152 218 86 66 220 170 215 27 79 78 198 96 197 92 226 85 88 189 124 210 60 117 110 132 31 35 183 131 135 199 247 89 212 159 180 154 62 147 136 41 140 36 120 192 26 165 224 95 63 69 104 169 42 177 33 242 130 25 232 59 222 43 73 123 28 153 56 211 168 149 245 145 128 175 80 178 167 137 133 82 181 94 157 186 
108 : 45 134 29 87 182 143 122 205 84 144 74 229 215 139 214 68 60 149 42 72 135 171 101 36 53 231 159 221 227 188 246 180 210 216 59 217 95 75 172 148 69 38 82 203 181 228 117 150 
109 : 60 55 109 124 145 244 211 32 226 136 90 57 164 27 209 71 133 151 240 166 80 246 105 93 189 181 237 106 114 187 153 122 203 138 77 234 236 101 180 163 63 111 46 230 82 89 31 65 199 245 116 241 220 28 221 94 216 169 215 144 42 41 64 72 74 70 160 
110 : 224 146 106 209 197 52 126 109 205 87 135 131 103 240 145 92 220 95 218 215 98 55 86 162 54 57 120 40 91 59 150 138 193 51 117 130 223 143 134 56 63 163 128 80 32 99 160 124 111 212 114 
111 : 184 53 212 170 246 206 239 74 110 196 69 148 221 219 98 226 161 80 92 120 145 188 203 172 224 63 100 176 195 26 244 139 46 155 25 131 201 121 43 123 153 107 151 95 39 207 127 165 126 233 193 61 50 105 209 208 97 28 232 68 90 65 174 141 62 192 109 94 77 144 146 37 103 199 
112 : 131 179 207 205 82 155 219 47 64 141 233 65 99 161 154 33 144 178 122 170 157 29 221 191 153 238 54 120 81 105 100 168 171 90 198 174 110 102 97 32 246 108 209 193 
113 : 61 247 28 99 103 53 94 205 192 33 56 57 233 177 76 166 243 79 106 202 42 112 158 108 224 125 238 213 212 246 189 215 169 36 74 34 183 236 184 153 222 52 226 242 54 165 92 29 140 216 237 201 162 134 199 241 41 249 100 139 221 168 
114 : 193 97 49 236 173 215 221 130 142 222 30 80 79 235 182 160 146 133 67 99 241 167 115 165 249 100 214 231 58 124 238 131 169 183 156 171 211 205 144 151 206 90 78 81 240 43 179 232 39 65 128 139 155 233 104 70 92 113 216 199 126 64 184 213 190 91 102 239 89 157 84 57 177 189 207 137 163 198 118 148 107 32 51 28 95 114 170 188 161 52 176 178 105 
115 : 201 64 165 214 98 213 121 135 29 204 80 177 86 168 89 192 239 52 58 26 126 164 56 143 215 68 194 35 92 75 93 25 97 175 127 96 243 207 150 189 74 57 37 180 154 158 38 46 44 145 138 241 216 102 33 198 139 30 197 206 167 67 59 111 81 188 183 187 84 65 106 231 248 210 100 
116 : 105 137 204 221 138 38 99 75 168 156 36 53 248 100 153 134 146 246 150 41 163 25 147 205 129 181 58 135 224 72 187 63 124 131 34 47 64 139 78 117 149 56 85 203 102 29 136 177 128 141 109 92 76 192 162 79 89 114 84 97 234 126 140 219 30 167 49 67 107 118 35 226 160 179 59 178 125 159 133 101 218 
117 : 74 176 92 122 197 91 144 182 171 225 163 38 87 76 51 43 222 213 247 158 221 128 244 113 134 83 40 237 146 192 57 137 150 242 172 129 109 218 65 203 143 204 164 248 60 209 159 36 112 206 63 70 97 160 239 111 55 61 186 64 27 191 207 200 118 214 42 211 212 34 114 139 73 30 101 50 119 123 151 187 80 130 
118 : 109 142 209 117 130 155 192 49 225 103 81 151 229 226 239 77 68 205 111 101 75 228 59 197 67 200 154 193 43 27 138 95 182 63 39 246 201 126 54 249 123 34 29 31 32 210 118 216 244 131 152 196 112 217 98 233 69 231 240 58 128 105 
119 : 230 116 173 45 176 54 203 182 32 39 218 212 216 31 199 112 220 137 74 78 153 147 99 215 233 125 111 214 198 82 186 105 56 146 201 170 59 29 41 235 65 139 239 179 76 47 26 231 242 217 187 104 238 106 128 241 141 155 185 117 64 246 57 43 28 55 140 143 38 42 
120 : 39 149 51 199 210 195 214 145 152 62 91 123 48 134 246 50 213 192 138 206 179 146 198 158 139 78 28 95 79 207 85 143 189 209 54 113 131 82 141 212 87 99 65 177 41 244 162 102 226 111 88 242 155 140 204 132 119 130 125 124 108 153 245 217 227 81 121 224 197 61 159 233 218 44 137 156 231 66 168 114 106 43 30 101 46 187 229 126 97 127 69 42 247 58 163 32 29 185 67 26 219 174 
121 : 168 57 185 132 235 34 93 179 152 147 138 89 105 83 63 25 99 218 92 205 247 227 176 189 175 127 62 172 170 69 154 39 51 37 187 66 236 
122 : 63 202 235 96 125 68 213 46 245 151 114 237 203 147 229 247 116 28 94 51 197 124 35 33 34 135 217 158 232 45 192 110 70 52 40 193 98 95 159 126 171 48 167 53 216 176 136 179 57 83 82 38 168 191 175 162 143 195 30 185 223 92 220 188 59 89 
123 : 63 130 56 189 58 32 70 53 223 160 120 66 170 44 227 198 145 208 216 64 234 111 178 41 204 226 99 150 173 139 47 221 114 169 46 207 40 110 187 237 212 73 146 54 90 133 39 98 50 57 243 191 76 247 71 127 222 196 197 61 96 
124 : 242 168 112 132 176 85 144 92 114 183 186 212 165 174 47 224 91 178 231 153 139 105 29 170 140 233 101 128 236 74 60 163 187 103 171 61 243 109 189 202 48 26 
125 : 38 50 72 184 66 91 147 158 31 205 153 101 40 238 236 182 54 223 215 200 116 149 160 112 80 37 175 87 58 185 242 81 132 186 146 155 42 212 167 130 170 187 53 57 90 111 197 131 163 29 166 208 233 41 88 189 232 65 43 28 218 243 245 148 44 244 121 138 67 
126 : 172 215 71 122 96 40 248 106 194 115 88 73 188 154 27 51 28 224 211 196 94 166 205 204 203 163 209 57 41 107 102 92 72 98 119 137 131 218 100 136 69 182 139 169 37 111 112 156 116 217 99 141 108 234 129 247 144 45 187 38 230 
127 : 94 238 195 102 59 107 104 125 69 122 28 138 196 87 183 209 74 106 44 152 39 82 49 140 31 64 200 172 210 34 177 217 203 206 133 143 176 75 141 72 92 173 58 157 208 161 244 156 186 63 171 225 36 112 110 37 148 100 187 191 178 96 234 236 118 237 249 43 169 113 35 245 193 153 26 27 163 123 50 40 181 180 
128 : 239 161 96 136 224 225 133 244 129 84 112 153 77 228 159 35 143 120 162 160 44 52 217 242 132 106 211 154 55 171 145 49 240 80 108 61 88 146 109 243 33 173 188 73 81 149 119 93 212 32 141 38 75 28 218 100 183 25 58 231 245 167 246 53 226 191 67 118 
129 : 237 231 224 114 92 49 226 29 214 93 107 238 72 87 47 75 192 43 194 191 200 241 53 31 198 121 189 195 35 136 83 104 161 220 58 228 234 110 51 40 217 162 120 144 124 130 42 148 37 174 26 36 91 113 222 98 183 168 115 94 131 127 204 244 112 175 103 82 129 141 178 
130 : 89 153 242 164 152 199 93 208 60 62 237 147 100 53 77 43 133 202 114 50 101 189 154 173 203 92 157 107 106 139 227 200 176 150 42 64 95 193 121 26 47 198 99 213 171 179 
131 : 33 89 116 219 198 203 243 239 43 241 74 80 183 118 44 176 229 209 235 73 114 204 102 173 37 133 70 127 139 31 71 117 69 169 151 177 83 55 105 61 100 62 194 77 97 217 213 218 81 201 152 182 161 32 56 86 188 146 134 210 48 234 124 131 215 170 163 93 153 115 192 72 158 233 90 180 181 138 49 246 186 64 109 214 119 144 207 208 196 164 193 149 121 92 167 91 111 202 205 
132 : 116 123 168 51 70 53 29 203 114 243 68 82 62 165 32 113 46 42 186 112 93 234 77 96 80 227 67 52 235 214 31 167 105 129 39 131 231 40 122 64 41 211 245 193 172 225 
133 : 56 31 114 229 189 81 247 157 134 120 205 61 109 32 209 147 72 168 65 203 55 132 161 196 74 193 163 222 105 233 146 175 166 169 223 75 25 89 37 183 50 131 115 158 219 84 142 164 156 69 149 225 54 186 221 91 28 207 100 228 248 153 181 35 113 64 152 94 
134 : 113 235 246 168 242 41 230 178 109 100 74 198 50 150 94 32 190 151 129 73 30 110 70 112 201 76 223 200 171 158 
135 : 219 121 93 171 166 205 29 114 197 95 183 48 63 232 36 50 185 162 150 82 92 105 64 153 211 210 198 97 71 157 231 42 39 186 216 123 
