0 : 40 222 72 26 46 185 173 100 131 145 152 101 244 176 124 135 175 84 66 108 180 58 246 28 163 94 183 93 54 143 25 63 98 69 241 147 70 114 200 206 238 117 205 112 96 115 137 199 74 
1 : 69 86 78 184 128 109 191 205 227 138 143 123 202 249 42 98 242 37 240 54 157 121 140 185 147 235 181 211 68 45 57 201 142 120 198 239 135 132 232 167 59 146 189 119 41 97 234 237 221 204 203 82 81 28 131 67 64 106 248 99 169 176 241 172 76 207 32 177 195 214 84 188 122 104 165 74 126 48 88 111 163 60 150 213 
2 : 93 130 192 141 59 54 106 182 101 239 229 216 65 108 191 145 113 51 126 131 62 178 171 163 48 129 109 162 209 161 94 197 236 243 64 66 47 195 27 53 25 179 98 118 96 44 119 102 202 57 112 63 143 153 43 238 226 205 90 241 78 136 42 88 82 117 157 33 123 176 166 220 158 34 249 196 169 200 29 144 32 110 61 60 105 
3 : 139 98 236 76 38 117 124 109 39 167 53 120 61 145 158 190 249 112 205 136 97 119 79 170 151 114 84 196 238 100 104 72 65 221 222 40 49 89 148 41 199 36 80 198 156 58 47 214 162 101 32 150 207 29 74 122 67 121 164 77 25 71 154 115 93 42 173 54 110 163 127 126 175 174 188 215 43 30 182 90 177 
4 : 84 56 189 219 60 177 224 139 101 212 42 59 52 106 33 204 80 49 156 48 235 90 232 222 107 238 145 142 41 94 206 108 182 32 38 126 138 180 27 216 133 36 87 196 46 195 89 144 99 178 75 74 120 124 88 118 130 153 43 119 185 187 218 167 192 78 237 174 77 26 240 197 190 57 205 91 160 
5 : 191 225 218 170 69 66 178 227 234 49 186 56 84 130 71 91 25 201 98 45 198 55 28 101 136 36 199 148 34 137 174 80 159 82 131 83 50 219 57 65 147 171 217 214 183 94 103 200 160 96 193 209 35 41 188 64 104 222 164 244 161 221 48 121 192 120 248 180 105 134 233 37 133 139 155 60 113 51 203 143 88 76 127 68 152 114 
6 : 231 163 77 52 199 70 149 236 148 246 228 26 34 157 56 190 122 181 110 80 244 61 49 111 50 104 234 83 98 173 136 229 160 94 35 191 169 41 103 101 126 79 155 197 147 106 189 95 60 178 112 223 117 76 85 187 118 47 143 167 225 42 168 68 180 206 27 97 57 36 208 184 115 233 
7 : 126 91 119 59 130 240 244 135 216 87 83 123 85 161 183 176 213 74 196 37 26 124 157 206 162 81 70 197 68 223 146 139 192 90 210 33 190 218 52 238 239 234 191 174 172 53 212 49 143 245 236 147 50 86 101 204 209 56 142 180 156 113 237 66 111 38 44 36 211 40 47 43 138 
8 : 165 127 107 190 173 119 166 245 35 187 217 132 143 152 154 71 47 50 236 38 230 188 160 161 231 31 148 30 213 139 43 206 156 133 95 55 233 28 131 
9 : 125 39 240 41 100 127 190 216 196 86 142 163 152 136 155 213 117 222 207 186 241 89 137 62 63 146 238 57 182 109 25 175 60 157 219 237 111 92 228 66 56 43 52 149 184 97 115 242 118 71 72 197 76 134 124 40 233 205 99 215 45 185 68 176 121 108 44 144 98 151 224 220 202 208 225 214 179 198 178 183 203 158 74 160 105 218 145 28 102 104 30 211 61 135 67 
10 : 189 183 34 60 94 161 239 206 56 83 174 157 132 49 91 218 175 232 109 76 107 114 55 104 36 225 224 119 102 158 141 108 142 147 80 159 99 25 221 51 66 42 126 139 170 165 70 140 78 220 37 123 27 33 197 65 166 201 247 168 230 205 244 67 30 98 48 85 
11 : 68 26 56 224 62 153 69 207 139 174 105 206 175 244 222 123 176 152 166 100 186 86 165 80 45 84 155 135 180 170 49 126 33 54 101 240 239 223 94 202 72 183 184 97 220 63 211 181 65 25 200 231 96 128 203 212 245 235 142 192 208 73 248 173 188 32 55 162 119 179 172 102 144 226 214 88 38 149 81 167 156 125 137 130 218 112 77 238 151 85 110 28 60 117 147 127 98 42 37 
12 : 40 111 227 197 176 178 146 229 102 136 60 68 198 77 26 124 187 169 158 164 134 110 105 201 84 101 125 95 203 81 239 127 99 63 25 165 219 45 74 32 64 116 142 133 117 214 233 57 78 56 65 221 232 67 62 93 192 242 212 50 200 231 205 223 208 237 135 53 54 96 190 41 224 184 108 73 246 234 144 218 126 162 107 98 47 180 
13 : 111 233 148 209 189 173 128 145 93 34 163 104 238 138 150 183 223 89 79 113 122 125 42 44 207 249 213 99 192 193 56 55 43 129 68 40 108 131 48 64 112 130 115 106 82 65 156 172 152 137 31 77 117 78 110 170 147 211 85 166 36 41 
14 : 128 45 56 213 121 129 111 177 240 84 192 171 154 197 174 216 159 61 234 198 167 97 239 226 39 224 203 169 76 186 199 126 188 230 78 211 82 223 60 62 238 136 209 67 228 73 201 122 222 143 249 196 114 190 193 172 191 51 110 31 182 233 149 81 156 92 142 
15 : 107 175 93 111 228 185 180 248 243 138 56 173 92 182 27 34 52 31 192 174 165 181 245 112 193 97 43 130 183 101 72 44 126 191 80 36 125 231 64 136 229 98 207 41 194 79 96 74 206 172 142 
16 : 222 236 196 219 161 159 128 135 189 75 139 235 190 28 197 142 231 157 36 65 138 92 201 91 31 116 240 158 170 233 212 119 207 179 247 154 232 205 123 39 180 187 185 230 214 225 148 42 186 50 84 55 198 30 109 192 68 79 59 193 174 126 229 44 
17 : 33 178 99 182 227 189 95 156 118 248 144 214 43 135 65 186 75 164 162 238 50 129 225 47 212 111 84 205 110 59 68 245 107 173 247 134 187 155 139 226 241 30 100 69 244 
18 : 152 55 130 234 132 169 242 178 49 41 196 92 82 59 150 168 126 131 80 220 56 76 70 240 88 218 162 86 121 125 116 197 215 26 247 232 167 90 225 210 191 171 138 201 151 158 71 179 117 192 39 57 108 128 161 61 160 154 45 170 73 46 124 66 246 94 207 104 32 183 109 140 174 87 147 180 206 52 214 119 38 69 60 222 190 25 93 239 172 166 148 176 204 139 102 226 29 97 34 63 181 
19 : 85 177 77 142 89 113 128 90 115 183 228 49 131 239 29 138 156 27 25 84 141 200 240 154 91 165 162 54 36 151 117 42 123 186 232 212 208 86 153 140 70 71 172 110 219 176 173 192 247 34 130 109 164 26 213 122 135 163 179 237 248 39 57 209 149 44 116 121 74 204 134 31 93 210 107 51 87 81 171 37 78 118 150 106 67 95 75 30 181 129 241 226 185 102 69 126 
20 : 246 85 125 200 108 88 119 68 214 41 175 118 46 192 124 151 229 140 89 128 48 131 233 117 148 215 203 47 146 159 188 60 112 96 209 31 179 211 75 57 122 149 102 228 231 121 81 55 176 138 28 204 54 216 114 198 182 169 242 63 33 86 92 164 163 65 155 101 132 71 156 53 139 44 116 217 177 187 247 180 98 223 49 226 
21 : 245 164 235 177 167 39 208 176 209 226 156 186 96 64 118 236 81 147 65 34 155 197 78 110 154 178 86 238 68 111 175 242 103 131 52 207 162 150 107 130 35 246 27 95 225 84 91 136 70 29 75 48 120 74 125 233 92 193 137 138 26 
22 : 121 158 109 73 132 75 230 101 148 165 42 115 124 122 236 120 143 249 175 241 113 160 79 39 72 213 98 146 215 118 208 127 159 176 183 203 69 
