0 : 210 200 81 230 179 57 62 185 206 201 60 233 45 76 120 172 224 181 89 220 208 137 228 173 147 247 241 
1 : 38 30 85 94 53 187 179 50 159 44 194 176 216 237 134 74 105 137 95 58 211 165 90 111 93 247 32 173 181 219 177 142 183 75 61 158 238 116 249 204 107 139 31 
2 : 26 61 58 135 91 136 82 36 75 108 63 209 133 97 76 174 67 86 165 191 69 236 33 218 192 206 201 39 139 241 116 40 220 145 90 138 73 41 143 72 207 193 30 195 
3 : 117 159 170 92 51 193 108 60 112 37 150 163 132 213 168 205 40 189 204 184 176 113 138 173 230 69 61 89 47 84 209 199 50 191 241 54 95 45 234 103 
4 : 162 239 43 148 140 176 106 84 164 197 204 38 27 110 123 209 163 48 36 201 32 233 227 104 83 210 226 112 189 125 191 99 130 47 126 168 169 114 91 185 236 59 160 135 246 205 89 132 179 131 34 
5 : 214 193 241 65 122 156 127 54 189 211 169 102 203 109 222 238 201 235 155 132 191 80 226 104 199 55 123 42 73 106 164 92 190 159 32 184 27 243 75 233 198 234 154 176 129 119 153 185 180 112 162 81 236 84 35 
6 : 202 182 111 156 214 95 199 211 184 238 204 146 159 166 192 177 32 249 151 53 226 25 46 70 145 129 
7 : 207 174 41 244 64 33 182 205 216 90 126 185 61 203 232 99 112 163 95 149 111 199 230 171 222 70 87 109 58 50 67 107 160 51 76 27 170 144 115 183 85 218 97 153 73 
8 : 194 163 100 62 177 105 224 237 239 222 151 45 135 35 126 68 181 145 119 201 42 113 41 210 220 205 246 29 79 197 46 71 214 57 168 101 219 144 33 206 92 161 104 172 123 233 187 82 31 111 191 87 122 
9 : 49 162 160 170 209 195 84 43 31 189 151 115 176 104 60 225 167 245 138 223 206 135 232 148 230 173 171 216 44 187 27 198 182 82 248 38 229 111 119 67 243 41 183 192 77 99 86 128 240 188 239 63 222 114 236 55 81 144 102 107 94 207 155 
10 : 199 161 170 91 183 178 25 43 122 235 146 71 150 188 159 135 213 112 233 137 30 95 128 61 151 149 139 47 88 243 48 244 99 247 105 
11 : 159 147 110 145 197 122 84 150 148 65 229 217 222 195 125 97 246 235 116 96 240 111 37 88 57 233 42 68 249 108 223 100 106 126 85 115 69 168 80 
12 : 122 242 176 76 49 211 67 225 189 222 95 142 77 89 188 181 166 174 198 74 125 172 126 121 40 90 117 154 30 96 54 218 66 248 162 147 34 119 79 129 190 203 238 86 155 25 39 165 209 235 46 195 145 61 114 81 137 201 141 233 206 57 168 
13 : 115 249 150 170 99 85 48 202 73 223 172 224 198 210 129 29 245 204 207 179 239 126 93 63 182 135 164 184 46 213 25 140 228 186 145 56 136 208 45 64 117 195 57 103 104 215 159 70 78 162 168 76 155 113 174 75 49 38 203 151 55 27 247 197 225 217 156 139 163 26 146 
14 : 209 115 87 129 192 223 67 193 216 197 127 62 187 201 249 51 173 152 160 39 128 158 77 204 41 123 217 208 163 140 206 225 101 133 83 118 84 110 122 169 181 
15 : 232 43 133 97 161 89 155 216 124 208 145 114 141 202 167 61 220 41 112 70 38 25 215 96 53 197 111 219 247 46 131 84 30 63 196 55 195 135 205 151 227 110 223 82 74 62 172 79 
16 : 47 182 68 35 204 221 55 247 70 193 65 102 42 34 101 126 186 50 208 31 209 233 29 66 78 123 170 132 67 32 148 222 72 189 105 119 151 215 83 111 94 116 93 99 82 187 241 62 
17 : 185 226 205 151 182 109 158 73 195 67 70 92 120 133 56 89 213 238 64 139 45 223 98 186 42 54 103 51 188 104 34 35 105 72 163 77 159 93 59 90 146 53 162 87 204 245 131 144 234 31 235 79 170 122 202 220 160 229 68 
18 : 40 150 37 209 118 239 72 59 34 58 129 160 92 212 230 246 220 76 145 216 120 95 152 36 206 74 167 208 96 231 176 247 65 178 80 51 249 43 133 189 175 236 155 
19 : 29 207 49 149 76 78 217 191 31 127 55 107 65 82 204 52 81 148 128 83 172 195 233 188 62 222 198 100 108 206 38 41 32 205 214 169 132 242 199 140 115 184 64 245 26 43 239 136 146 190 72 174 121 170 215 116 92 249 105 180 248 33 113 223 185 139 74 
20 : 117 249 51 80 235 141 238 159 229 118 66 79 219 206 104 214 140 38 44 120 125 242 36 225 32 230 64 171 29 224 112 76 57 200 28 190 204 178 131 152 63 205 221 232 233 162 26 175 183 82 53 192 108 58 134 110 195 227 123 222 56 27 88 61 157 199 107 164 69 95 188 216 
21 : 49 227 166 77 91 119 95 107 103 130 153 228 88 93 178 248 174 115 223 118 43 65 222 217 83 112 51 239 238 72 152 157 104 193 109 116 106 240 141 212 128 249 209 37 225 108 47 
22 : 52 149 64 54 169 233 126 132 235 150 116 222 217 248 61 134 226 109 208 94 80 197 49 121 39 53 123 185 213 186 78 128 246 38 175 115 237 234 224 198 70 141 45 211 97 72 249 160 215 144 218 
23 : 186 152 67 132 143 109 127 175 201 51 75 192 131 229 78 187 42 139 193 57 38 29 218 90 160 87 33 155 179 182 144 169 99 71 70 79 189 91 217 167 35 27 53 110 210 
24 : 85 160 27 245 125 26 91 138 131 62 71 99 48 136 106 82 46 239 70 122 173 94 225 215 249 235 149 150 147 204 219 176 226 93 28 38 197 192 194 105 53 41 175 72 244 141 144 153 69 126 110 89 
25 : 238 205 215 156 235 140 174 128 178 80 73 231 132 216 153 46 96 60 77 160 220 240 184 162 199 166 119 98 38 27 196 212 114 126 67 
26 : 62 41 206 46 224 152 87 229 242 144 86 130 82 247 45 124 104 213 112 225 102 29 155 194 63 54 105 71 244 73 214 118 217 49 51 203 249 120 179 195 141 72 109 235 168 143 187 237 135 153 154 134 241 33 122 198 44 110 222 106 47 173 107 99 210 80 216 96 184 77 115 
27 : 85 107 213 114 125 220 186 47 150 94 53 51 243 31 175 152 218 248 82 185 166 158 115 74 194 171 127 118 92 29 203 141 187 162 131 170 106 129 147 64 50 36 161 45 108 37 49 201 
28 : 185 166 146 59 154 40 237 35 49 102 224 114 39 218 196 101 235 27 175 204 122 76 194 221 176 119 215 98 63 73 110 125 140 162 33 65 31 38 133 230 75 171 
29 : 86 207 96 42 153 115 193 186 53 75 240 208 46 246 108 30 124 37 126 61 83 112 141 178 106 184 236 190 47 97 149 44 98 68 143 175 238 32 74 133 215 145 204 150 217 136 
30 : 101 211 194 29 234 174 241 32 153 26 166 240 200 89 163 150 148 36 247 88 227 179 203 100 172 212 122 244 
31 : 221 109 197 36 161 105 206 183 240 129 25 61 56 75 38 189 201 117 112 235 166 246 51 39 50 173 146 68 135 100 131 185 204 84 37 87 200 216 241 179 244 71 89 248 192 155 96 136 187 152 77 162 125 90 41 106 190 217 143 28 118 147 199 
32 : 193 118 96 120 126 202 100 231 197 89 106 115 143 240 181 220 183 73 204 80 167 128 134 127 50 61 27 241 92 54 189 97 98 25 37 35 65 203 103 113 205 55 192 142 121 47 215 217 48 117 148 164 130 186 214 236 151 152 208 59 77 81 191 174 94 232 226 238 141 69 194 123 78 
33 : 166 87 151 225 161 62 109 178 174 73 99 97 186 191 56 104 117 106 198 39 37 247 95 92 47 110 27 94 82 206 30 149 223 195 91 71 173 103 90 67 40 238 124 113 126 154 249 50 145 241 190 79 64 230 170 168 77 66 33 152 220 111 146 125 
34 : 93 80 208 72 81 146 232 154 197 209 92 144 106 130 163 214 98 26 167 94 69 75 32 36 156 56 82 28 29 100 196 234 203 172 63 44 237 166 176 101 107 55 65 164 199 49 37 105 102 240 97 41 184 243 30 60 217 221 99 247 115 96 51 225 84 241 222 181 190 245 
35 : 188 132 103 36 114 243 129 195 84 63 182 123 218 73 111 54 156 130 155 213 217 83 69 142 119 125 165 35 138 174 127 172 192 113 186 99 185 116 158 48 194 45 235 98 51 55 56 42 135 91 196 58 169 85 141 115 106 160 212 41 
36 : 219 72 57 74 80 25 172 101 73 185 209 217 239 248 32 139 95 76 138 218 36 61 33 200 227 51 91 70 94 159 79 
37 : 228 59 244 120 84 224 136 113 183 70 155 109 119 135 26 225 107 223 166 215 37 115 209 133 200 162 
38 : 145 42 27 165 216 121 36 49 156 73 209 175 244 206 183 119 90 236 98 53 132 126 205 172 152 157 
39 : 37 140 202 213 156 139 134 179 105 152 154 88 32 145 181 206 131 71 190 200 108 72 51 184 186 79 205 228 68 128 66 194 165 133 65 52 185 193 220 159 26 142 166 150 67 136 242 
40 : 196 60 233 212 249 34 44 247 93 55 164 29 206 221 125 213 100 137 49 194 243 178 33 242 156 89 101 69 59 204 162 144 223 240 185 102 205 145 82 81 39 92 103 182 244 105 41 220 87 94 237 170 245 43 25 73 219 64 215 121 45 140 36 209 225 184 56 74 
41 : 241 76 179 95 116 215 151 244 212 170 190 104 219 188 124 224 148 132 200 239 191 165 117 75 60 247 96 185 35 171 186 202 86 107 142 163 118 181 69 49 62 138 209 77 227 78 164 89 222 123 68 214 230 232 218 207 203 105 43 197 178 110 216 228 173 240 51 79 39 174 221 
42 : 234 141 182 147 151 73 84 51 181 110 130 223 242 28 26 238 176 185 211 90 115 97 232 88 213 71 103 195 219 172 221 227 61 225 205 196 179 42 139 93 55 203 166 86 178 78 35 171 241 189 149 
43 : 244 142 143 73 37 201 42 111 25 106 81 79 54 202 230 47 240 93 100 30 144 35 232 149 170 134 148 92 43 116 167 191 159 140 239 64 228 203 200 225 115 195 214 97 29 219 229 150 71 118 186 176 160 217 246 164 44 207 222 113 145 26 58 55 236 135 
44 : 235 112 27 198 149 208 115 178 106 111 114 100 226 45 210 194 200 221 86 153 92 179 244 139 117 62 59 177 68 231 157 238 107 77 137 151 187 209 195 134 55 28 236 207 48 87 154 
45 : 173 172 151 67 61 47 44 119 194 219 68 169 98 102 38 196 161 31 63 120 182 113 86 195 162 228 106 245 235 74 116 143 188 170 103 105 73 93 156 66 234 237 82 223 94 186 197 54 107 163 125 
46 : 187 69 49 107 111 99 203 168 105 144 209 224 160 76 205 54 100 219 215 43 90 197 178 189 229 225 46 179 226 180 230 241 134 143 75 142 198 201 67 173 98 63 191 
47 : 153 220 231 239 217 245 36 212 84 224 111 66 91 110 210 227 123 48 65 241 128 209 133 215 92 201 95 240 149 37 214 235 127 25 202 61 104 237 115 59 150 57 207 198 93 112 216 106 172 205 167 160 
48 : 51 71 50 153 92 248 64 49 40 121 80 137 88 120 26 124 30 226 168 166 114 90 208 37 193 191 148 167 105 113 198 177 199 170 81 109 115 117 160 104 163 222 196 134 44 56 185 212 224 186 96 235 94 150 133 28 232 101 151 
49 : 56 27 205 50 132 33 31 238 37 81 160 175 67 156 177 211 219 142 68 206 239 61 216 63 100 218 135 188 95 249 103 140 190 173 225 245 164 40 101 52 60 106 209 244 162 64 98 210 41 
50 : 192 206 191 25 218 197 190 67 147 234 129 203 142 166 217 33 153 35 110 126 97 216 144 239 51 122 135 161 65 69 158 94 59 182 198 137 96 54 225 169 235 194 224 211 185 37 76 167 188 49 127 29 119 90 93 117 120 229 176 242 55 230 228 236 106 
51 : 123 87 56 50 182 108 172 107 161 180 26 229 148 55 64 215 147 94 249 49 76 168 79 137 125 48 60 
52 : 141 96 43 205 219 246 202 115 60 25 206 234 112 199 102 58 241 114 183 87 200 110 226 249 204 118 203 231 62 103 93 239 111 40 116 129 26 177 215 68 221 229 61 164 71 212 190 122 210 113 105 88 227 213 121 158 89 172 166 192 85 123 80 30 49 144 160 175 91 45 
53 : 30 51 82 94 244 240 98 164 127 69 178 188 118 37 193 61 34 29 229 50 197 114 166 57 196 195 181 95 103 100 209 234 36 183 175 79 40 180 138 170 134 241 67 132 25 159 
54 : 182 99 93 245 204 175 160 138 131 206 35 116 237 119 115 68 211 42 38 25 70 44 246 233 60 144 149 54 136 173 75 155 164 
55 : 179 88 27 81 42 171 219 160 70 164 103 197 134 53 76 39 36 26 149 133 189 125 152 126 48 192 150 116 193 105 158 143 217 129 161 248 216 235 181 61 187 78 92 90 206 110 95 186 246 132 172 200 237 145 166 218 183 135 230 223 49 
56 : 89 236 68 73 156 71 176 232 135 106 139 141 249 213 172 85 113 220 123 34 109 88 67 84 101 33 31 193 168 65 107 223 77 35 228 27 142 217 45 36 
57 : 85 203 172 25 117 100 121 215 143 50 178 189 31 42 28 144 216 163 197 190 79 125 112 243 138 
58 : 202 191 134 226 41 52 109 187 214 54 80 155 65 233 73 47 55 100 194 140 94 106 59 172 97 62 149 162 103 129 205 234 139 122 120 127 220 44 90 135 58 126 
59 : 199 162 124 129 59 217 246 174 233 159 108 48 135 187 81 209 188 220 219 107 117 166 181 46 144 226 
60 : 83 169 82 56 130 174 116 104 158 40 64 149 248 61 43 246 147 183 218 145 131 70 182 229 163 201 203 48 142 156 221 97 214 141 157 202 96 118 80 42 186 212 232 176 187 108 227 120 
61 : 56 206 243 41 178 198 199 166 142 159 148 70 249 157 172 192 211 173 105 149 90 244 200 46 131 96 59 88 151 203 174 134 197 165 187 57 39 47 194 111 104 100 53 141 27 228 217 86 201 120 60 51 126 103 48 230 
62 : 53 27 106 67 48 162 52 221 46 208 133 211 80 148 233 58 204 57 246 124 175 241 135 129 214 142 138 212 234 130 170 59 194 144 198 114 210 209 40 102 183 77 249 153 168 140 121 238 50 79 190 34 205 29 213 
63 : 30 157 132 193 223 41 231 40 207 74 190 149 175 140 198 36 71 195 79 45 93 221 214 124 51 62 217 135 151 173 25 155 87 158 191 241 171 117 31 33 199 113 224 103 63 202 67 52 220 206 238 243 115 192 72 230 108 65 54 49 218 
64 : 96 25 169 125 235 211 37 210 230 216 105 62 144 55 103 122 226 173 49 60 232 44 81 141 107 102 34 41 58 127 247 61 190 86 115 
65 : 195 78 129 181 240 142 128 223 194 46 153 212 231 47 58 66 213 187 116 42 45 158 70 221 191 123 74 188 133 61 107 184 98 94 124 59 52 88 182 138 232 166 71 218 206 145 34 
66 : 223 198 80 64 33 130 75 228 189 131 172 70 210 160 115 141 246 181 58 30 152 137 204 147 74 237 208 100 169 203 145 187 71 89 192 84 150 126 226 162 164 156 
67 : 31 166 47 246 72 63 146 117 248 177 85 53 44 145 209 217 143 129 232 187 65 150 215 167 94 25 176 185 190 241 116 213 179 108 243 218 186 81 152 223 
68 : 30 157 41 88 31 203 242 96 55 46 235 115 27 195 227 182 108 64 76 109 52 139 209 99 184 181 128 36 205 214 86 197 219 92 29 137 220 57 132 211 222 84 237 43 71 
69 : 122 237 220 113 77 51 46 68 226 206 246 179 196 109 168 247 45 171 198 80 154 105 27 161 131 231 104 213 50 134 74 84 155 133 144 30 128 164 248 110 100 89 130 230 153 55 233 125 214 160 188 203 195 174 201 114 72 121 162 167 202 142 223 169 187 31 59 186 107 225 48 
70 : 151 177 39 178 165 41 75 170 229 136 55 81 49 226 164 188 98 79 238 57 61 51 240 132 46 195 204 106 101 84 100 115 144 45 120 58 89 160 131 248 148 80 249 34 175 119 90 157 208 176 87 245 184 234 192 162 99 56 211 111 163 227 133 228 209 124 
71 : 136 55 45 202 144 57 118 44 95 212 122 105 215 33 151 134 62 142 46 233 223 52 61 69 147 43 92 241 81 38 224 235 77 176 196 130 237 84 240 29 75 187 167 208 71 100 159 83 85 113 157 205 227 68 189 238 234 104 184 219 121 89 140 32 174 109 31 168 232 181 173 35 50 
72 : 220 172 217 147 41 187 71 95 139 93 79 121 212 125 195 230 45 25 209 108 42 74 119 236 146 197 106 231 196 113 240 201 189 136 164 159 40 58 143 43 247 123 210 141 221 115 150 152 
73 : 152 226 192 49 122 170 137 82 145 229 189 246 135 193 108 219 237 220 103 167 88 69 147 38 172 86 242 112 232 186 50 217 129 75 55 53 190 222 148 
74 : 135 203 65 43 26 213 119 39 124 68 156 189 136 195 187 52 83 184 171 106 54 209 181 242 206 190 215 204 244 129 46 93 137 114 
75 : 75 81 247 96 128 202 33 242 139 94 78 35 232 186 125 226 50 189 109 176 120 93 72 145 205 32 248 39 80 157 133 151 183 143 37 60 221 215 233 91 29 90 201 129 45 138 197 162 
76 : 179 98 122 185 87 156 178 211 168 237 42 154 246 101 26 220 59 240 96 186 150 30 114 216 124 91 53 196 225 201 153 132 80 198 89 184 69 120 32 187 62 205 139 127 182 97 
77 : 73 219 71 232 215 97 90 51 49 34 181 196 26 108 47 149 231 57 82 237 78 113 144 148 112 230 75 
78 : 204 93 231 52 48 232 104 81 32 69 50 27 212 83 143 157 35 156 191 124 130 121 103 151 247 135 63 119 114 150 45 88 215 223 92 34 100 148 46 146 207 57 127 147 234 138 196 89 239 128 
79 : 200 241 95 240 243 54 153 141 76 81 128 35 164 101 214 197 49 204 48 169 142 187 211 199 171 89 37 220 209 161 100 56 194 228 47 87 41 167 218 247 58 105 27 227 77 97 159 111 74 231 189 66 96 239 86 225 223 206 121 68 25 179 244 210 229 184 176 
80 : 108 219 128 198 75 138 137 46 92 200 175 85 77 39 216 29 52 91 94 57 129 122 191 124 192 247 49 119 238 163 248 171 106 234 67 184 127 239 149 27 42 134 115 207 98 189 87 
81 : 47 140 197 82 144 170 94 130 196 61 216 189 101 38 58 169 81 102 150 34 173 190 66 179 205 186 160 72 44 185 31 64 35 87 225 243 74 137 191 51 178 62 237 108 226 75 43 194 153 
82 : 164 54 242 96 207 198 236 212 116 216 222 130 77 110 41 237 211 38 238 49 147 40 139 131 195 48 189 123 153 53 82 67 214 63 142 213 32 25 215 105 33 75 235 150 166 132 92 58 91 119 180 125 70 134 175 155 183 234 204 89 93 163 208 
83 : 39 180 112 72 232 212 58 241 134 145 125 199 47 229 83 48 137 173 101 37 62 74 106 127 87 154 105 181 205 245 186 33 110 224 28 223 142 93 
84 : 39 84 179 72 167 30 65 188 120 145 201 176 47 234 106 217 223 109 221 240 123 210 52 79 75 225 248 241 77 25 147 140 
85 : 221 44 73 90 139 187 190 231 197 97 208 152 110 101 181 132 59 191 89 96 225 47 150 163 206 204 166 239 182 79 30 246 100 119 76 102 170 210 95 218 123 
86 : 26 84 233 174 188 136 71 40 199 217 227 169 107 125 114 173 122 177 109 43 183 242 48 213 200 219 209 101 218 195 187 94 168 47 61 171 91 194 
87 : 157 171 152 191 58 137 53 93 55 116 85 122 219 35 57 224 181 188 79 202 216 199 112 230 183 159 124 84 140 67 211 69 162 126 59 149 180 41 37 194 115 91 163 90 96 127 151 161 114 105 169 
88 : 177 242 72 247 228 61 166 136 189 96 95 181 47 246 188 54 141 107 221 232 71 110 57 204 248 90 115 198 78 142 25 208 182 163 174 239 183 119 210 206 76 120 234 196 114 104 124 65 31 169 171 128 139 26 153 68 
89 : 209 148 37 71 110 149 166 185 45 208 154 163 222 29 189 119 197 62 124 169 118 87 227 63 150 159 229 25 178 145 108 225 102 146 244 191 190 213 157 26 78 198 171 243 175 130 122 239 164 221 128 55 67 161 
90 : 162 40 175 96 107 94 41 220 67 213 188 164 123 79 38 117 60 174 151 82 47 158 229 134 127 113 208 179 182 216 51 241 
91 : 149 240 50 90 225 69 221 103 66 142 176 216 189 194 151 197 106 232 83 92 78 229 231 208 235 61 246 182 245 59 172 204 45 132 190 198 
92 : 191 148 161 47 181 73 109 152 208 219 201 140 29 193 236 168 133 118 166 197 203 51 167 132 38 234 116 165 119 33 189 214 230 202 244 72 96 190 224 155 235 67 172 137 199 241 87 98 122 31 100 217 163 143 123 198 56 147 158 204 120 154 246 233 228 
93 : 146 246 236 207 206 25 60 124 219 140 232 173 74 113 199 55 197 126 160 104 213 248 109 87 43 68 128 177 59 235 65 117 171 92 118 
94 : 187 39 177 156 167 241 33 150 151 146 129 126 161 136 29 164 221 61 127 93 40 76 213 52 97 110 244 120 113 60 54 56 215 66 208 175 31 162 51 186 118 64 203 204 183 212 134 143 91 
95 : 135 136 41 151 137 95 208 26 205 129 196 232 246 28 177 138 79 182 141 85 62 212 178 186 48 202 164 133 54 
96 : 127 35 151 218 95 211 72 126 55 86 168 75 37 241 81 39 172 197 196 109 238 226 115 182 33 237 246 129 31 170 155 188 233 104 223 230 162 214 102 248 131 91 77 179 130 142 198 132 107 235 110 88 203 56 242 34 164 66 234 117 247 119 213 82 
97 : 185 208 40 105 205 142 41 225 46 226 207 241 215 52 61 182 134 56 110 232 29 239 58 124 150 62 96 36 83 145 206 73 143 88 31 242 45 54 59 57 165 183 204 82 78 180 33 247 70 174 248 100 119 139 102 147 191 173 51 130 168 244 60 67 103 214 190 193 65 228 
98 : 95 99 54 73 115 245 103 137 42 46 230 234 33 78 51 65 194 124 45 174 80 178 158 249 79 135 62 213 111 146 47 69 76 238 66 248 97 165 225 132 138 187 40 160 166 154 177 144 221 143 171 191 149 53 205 109 68 87 237 43 89 228 175 92 217 70 102 229 170 215 219 223 
99 : 168 163 124 156 32 139 70 25 50 210 245 129 52 164 211 59 142 237 121 171 116 222 172 224 150 240 40 199 134 30 122 
100 : 229 215 170 79 107 65 185 125 186 116 149 203 246 49 81 131 156 240 143 128 248 41 78 69 163 147 209 93 187 188 230 26 134 71 50 137 211 237 236 46 30 127 96 75 155 231 112 217 35 136 119 62 173 121 247 158 
101 : 116 104 152 50 78 155 102 42 111 174 52 90 95 88 207 234 109 99 94 181 178 221 91 62 141 242 55 124 86 66 60 139 187 223 85 51 195 173 211 35 123 164 61 100 245 119 32 157 219 244 146 193 57 54 83 25 167 56 125 169 77 75 177 205 
102 : 96 245 237 138 43 184 78 141 140 85 178 149 123 160 158 83 243 153 194 163 79 226 182 70 98 150 155 25 144 53 233 212 179 29 181 222 215 109 146 102 59 
103 : 148 29 115 117 135 155 32 63 246 233 59 220 81 153 27 200 170 232 156 175 85 50 201 121 71 141 54 136 189 55 204 83 164 219 66 180 110 44 84 62 31 149 69 109 61 144 187 89 226 244 41 182 104 79 186 191 214 168 238 76 60 87 97 46 215 227 229 99 
104 : 184 83 62 149 45 245 88 73 134 179 130 28 224 168 136 246 40 87 199 60 63 217 172 106 58 44 33 89 80 66 207 96 211 36 221 234 110 223 101 178 82 152 239 238 131 177 203 210 112 
105 : 80 175 170 211 139 236 77 32 132 36 52 184 111 26 82 94 108 128 84 53 35 176 45 39 48 226 103 44 147 121 242 177 156 149 143 54 142 210 105 221 202 230 155 165 50 104 113 160 112 43 27 171 166 190 62 46 208 174 102 
106 : 126 168 194 117 213 100 138 67 221 118 180 46 41 80 72 127 172 232 188 175 204 65 32 199 249 54 55 136 216 73 
107 : 76 92 208 109 65 83 225 137 176 39 150 141 140 123 245 207 160 131 44 149 89 98 163 165 153 145 132 58 177 243 110 70 147 74 68 120 95 96 143 230 237 204 36 188 205 224 61 156 48 200 161 63 155 67 229 223 31 213 52 60 192 144 249 172 100 164 206 27 28 138 211 178 91 
108 : 113 114 164 141 45 214 106 26 58 165 247 213 128 158 105 238 146 54 78 102 27 151 172 138 89 205 191 187 
109 : 175 233 126 119 209 47 173 226 242 109 94 167 180 199 169 38 160 35 147 182 40 234 136 73 50 183 157 192 
110 : 213 242 90 142 152 188 197 244 225 88 39 108 156 98 176 204 95 170 207 67 221 102 70 177 168 209 89 217 46 113 31 117 93 86 224 186 71 73 174 234 235 122 210 50 247 240 43 216 79 55 27 96 51 134 169 220 172 120 198 66 149 
111 : 157 232 214 65 206 52 55 88 62 38 53 189 128 51 172 98 237 147 121 215 86 46 102 247 165 216 94 58 179 37 171 
112 : 64 48 234 144 187 128 102 242 111 66 233 202 35 112 220 127 164 229 194 248 27 221 178 136 88 226 207 40 224 167 63 192 131 67 68 249 62 51 152 235 47 96 115 26 71 52 49 25 56 101 118 137 133 151 38 81 109 94 231 
113 : 229 122 167 67 174 210 192 71 106 160 61 79 53 219 213 41 55 170 197 140 237 208 75 171 113 94 108 109 119 207 49 142 165 149 194 133 220 95 227 198 121 60 66 43 233 246 191 110 88 130 225 37 141 182 64 214 243 126 89 98 100 145 123 151 186 147 127 211 132 222 125 176 236 188 
114 : 137 186 27 179 78 111 83 185 90 84 39 127 103 210 191 207 222 215 107 119 182 76 121 235 223 93 106 195 230 219 112 233 238 176 144 105 228 150 237 193 248 57 81 125 197 148 189 70 212 101 35 
115 : 208 70 199 218 192 48 179 58 101 59 32 132 124 56 221 79 203 139 68 175 51 233 110 150 230 235 223 90 158 238 219 
116 : 29 214 191 183 182 91 106 243 202 107 28 35 181 75 52 153 40 64 134 71 36 217 112 39 130 177 51 166 136 249 54 63 58 78 62 115 74 172 70 114 147 68 227 83 96 170 157 193 186 178 168 72 165 87 204 192 175 49 138 27 31 142 211 209 228 226 234 127 176 45 105 206 
117 : 78 106 28 126 174 148 204 181 116 219 224 143 68 69 177 70 243 108 76 72 33 223 211 98 71 209 248 119 192 157 213 244 136 142 115 107 221 161 156 230 93 95 46 152 185 236 129 109 96 25 247 105 200 180 183 220 149 160 49 134 222 153 82 131 178 31 199 32 229 239 226 52 168 
118 : 234 229 240 228 223 208 164 73 88 221 218 145 44 38 158 50 197 76 48 54 77 26 196 41 167 222 114 31 57 188 142 203 207 115 81 83 35 136 122 150 59 92 185 64 28 90 40 205 51 235 238 68 135 33 139 140 116 157 225 47 98 182 161 195 202 231 217 106 
119 : 210 146 181 65 32 240 160 139 168 123 28 141 209 228 81 145 202 174 96 175 196 85 74 148 34 49 200 118 78 104 218 195 157 71 38 37 29 30 158 245 126 185 105 36 68 190 115 90 50 191 150 26 242 
120 : 113 130 213 189 71 183 55 169 36 187 212 104 230 181 202 155 174 44 215 117 126 120 232 131 58 209 99 247 157 150 61 124 108 135 72 83 170 118 245 146 35 79 64 
121 : 235 32 168 60 114 84 221 124 110 56 188 187 128 151 118 139 64 175 27 173 36 90 133 104 80 58 59 
122 : 249 112 99 203 91 43 232 50 80 156 160 158 177 26 101 154 162 69 157 92 169 44 95 213 100 41 70 234 113 90 132 105 94 145 240 67 52 174 231 109 217 147 221 193 220 218 223 38 236 185 238 124 121 128 119 208 114 126 173 146 48 29 116 35 125 148 
123 : 230 127 33 204 86 245 152 77 192 211 121 51 109 160 155 63 191 187 39 223 26 217 81 45 170 98 102 34 243 44 35 225 105 246 118 78 135 65 133 84 198 216 231 42 139 70 227 174 108 54 122 
124 : 193 121 64 135 70 239 63 88 174 220 227 95 47 140 191 102 249 155 247 246 81 120 190 237 213 40 208 156 215 105 87 150 112 180 149 49 68 84 46 51 163 103 207 151 157 61 124 72 138 225 176 187 228 45 35 
125 : 153 143 51 128 135 224 46 146 39 193 127 31 219 78 109 36 47 137 130 34 172 171 186 191 213 129 61 56 233 220 140 141 79 69 234 106 64 82 226 216 115 241 158 161 139 144 120 
126 : 248 147 80 243 211 138 234 154 170 240 108 205 51 73 64 221 49 212 96 188 197 229 176 195 144 26 218 115 48 181 56 98 203 119 46 146 201 239 216 222 87 127 161 29 97 
127 : 149 25 66 165 155 134 203 114 42 26 194 186 148 170 46 233 31 189 166 47 240 111 187 239 206 236 93 169 201 243 175 231 82 
128 : 65 192 106 248 174 128 110 54 149 178 57 91 151 28 249 130 76 83 183 40 38 27 193 118 176 85 208 200 222 226 47 186 29 129 
129 : 224 126 131 64 238 124 155 207 30 132 205 39 240 228 142 161 133 195 31 73 65 41 106 149 177 239 194 
130 : 52 82 86 125 216 181 63 32 202 115 163 179 31 80 178 34 150 151 222 92 90 196 155 173 128 192 111 118 88 221 46 243 107 208 145 53 108 212 104 180 110 134 78 249 85 157 200 136 54 95 215 38 143 84 109 182 209 58 230 210 89 193 81 121 122 68 29 159 149 119 225 
131 : 152 62 205 32 80 39 150 210 200 26 42 78 142 199 203 149 25 213 242 108 56 185 67 209 107 238 180 229 217 244 79 141 163 145 245 129 186 191 181 182 27 64 228 83 115 131 175 224 162 88 119 125 92 239 136 61 144 
132 : 184 185 131 78 70 32 169 153 120 55 135 198 112 143 129 132 125 146 195 81 121 192 47 149 52 212 75 193 199 37 56 166 231 117 221 197 196 74 87 204 144 115 90 79 151 217 209 218 148 248 126 77 213 177 45 89 71 104 49 122 57 170 127 72 107 227 
133 : 168 45 41 179 28 58 192 151 241 121 34 171 99 44 106 237 249 248 86 79 159 70 163 80 167 212 133 194 185 130 87 156 102 172 112 115 114 97 138 33 195 188 119 67 89 101 46 213 153 176 42 107 90 240 182 116 48 91 85 120 214 235 
134 : 82 53 111 187 121 225 132 226 33 101 152 58 88 61 249 119 97 78 194 149 184 236 208 191 69 185 65 247 99 48 142 68 195 220 209 30 75 211 86 72 126 144 102 115 193 40 64 35 157 186 238 148 70 206 183 113 54 47 117 81 239 133 177 50 137 57 136 
135 : 162 232 88 63 199 234 183 233 70 114 228 226 192 96 120 136 181 102 218 206 47 110 113 166 145 67 177 122 184 116 144 195 173 51 84 74 87 190 25 34 214 164 182 125 217 62 241 108 98 
136 : 209 220 127 72 119 129 25 123 134 69 71 146 190 172 158 234 241 174 173 219 95 186 228 162 138 182 135 205 230 139 227 99 50 197 165 47 26 77 98 36 167 133 231 198 38 223 84 103 
137 : 44 102 46 93 234 66 30 97 89 210 72 183 248 100 74 75 246 71 176 87 43 32 168 90 82 228 64 147 236 230 217 181 50 154 73 108 122 99 208 160 110 173 111 167 157 148 27 223 247 222 135 245 211 213 52 219 57 190 119 121 78 48 112 96 151 140 209 155 
138 : 220 245 192 114 39 81 149 238 138 37 137 36 199 48 59 25 177 113 215 227 186 77 53 208 128 54 56 224 26 218 170 181 118 152 45 27 88 159 89 60 
139 : 103 218 88 120 236 200 193 27 118 68 213 79 33 188 139 73 43 238 211 203 179 229 60 39 164 173 93 231 182 78 36 112 85 168 107 172 
