0 : 50 64 158 184 235 129 131 99 115 141 105 174 103 63 228 162 58 71 244 192 234 54 49 70 76 133 212 59 42 201 239 95 29 46 89 87 127 206 148 182 197 84 32 171 181 152 94 229 111 243 241 143 52 136 108 47 168 82 196 219 107 43 161 134 186 144 193 214 211 66 222 73 205 135 57 101 
1 : 235 131 41 237 212 105 84 123 39 140 198 59 120 240 166 55 149 214 175 202 179 114 104 248 154 82 229 72 203 245 233 138 134 190 44 113 132 161 45 100 89 201 205 46 87 112 81 93 79 148 110 117 116 143 130 206 239 69 101 181 118 
2 : 65 45 208 81 203 83 124 181 229 152 130 63 99 231 76 184 54 56 49 182 66 67 147 220 211 195 34 128 177 94 163 225 37 126 187 214 197 207 111 166 77 62 165 243 58 108 64 245 73 191 48 51 31 129 97 103 162 35 57 200 210 28 138 133 205 204 46 249 27 218 61 120 171 98 228 136 115 38 95 30 183 190 159 237 68 123 230 43 39 79 80 125 168 192 142 60 105 161 153 85 223 176 219 
3 : 143 164 126 135 123 134 207 34 87 210 163 147 54 211 156 73 132 179 29 101 88 48 146 215 91 145 68 71 180 184 133 139 155 226 43 176 117 189 97 47 214 
4 : 175 94 125 84 138 28 141 176 112 42 87 165 126 88 154 60 115 198 199 149 205 236 128 192 171 89 184 220 183 85 57 197 180 231 
5 : 233 231 37 111 221 127 115 57 44 74 26 243 136 225 87 80 178 101 240 169 86 120 246 64 50 199 114 206 137 165 174 229 227 213 124 141 
6 : 116 215 53 222 234 83 205 150 64 180 237 112 170 49 241 79 98 120 68 203 63 189 217 248 157 71 85 65 176 99 167 153 127 245 224 230 101 211 56 73 93 43 165 119 181 190 105 29 97 144 52 212 25 109 90 216 193 136 184 115 126 123 242 161 168 195 42 196 106 87 236 187 138 174 186 
7 : 41 232 127 160 66 212 218 43 99 38 88 234 205 209 56 147 162 143 82 92 122 30 220 31 222 230 42 158 78 238 36 170 113 237 48 156 57 248 187 75 119 245 131 32 
8 : 146 35 181 38 141 143 74 191 49 64 225 39 231 233 171 232 119 105 69 186 205 173 112 126 31 230 200 99 220 108 33 178 235 93 152 168 77 155 26 94 145 111 125 127 44 115 148 134 37 197 132 98 30 179 195 198 224 92 208 25 32 46 169 116 88 
9 : 217 123 124 196 32 220 153 195 77 30 160 174 141 166 242 184 62 143 170 219 245 162 44 183 70 82 51 209 34 224 215 233 52 26 126 33 201 163 79 168 74 25 197 110 102 103 58 106 128 96 249 232 179 218 175 181 208 185 246 45 80 31 155 112 142 41 56 100 132 98 212 29 97 84 228 111 187 211 214 37 95 248 169 114 194 91 202 157 129 40 238 192 59 182 39 229 230 150 115 61 27 190 144 47 94 99 243 107 225 127 193 200 178 199 65 54 113 165 
10 : 246 152 232 104 137 223 41 213 39 70 120 56 178 117 154 54 161 177 210 43 134 142 132 116 236 127 164 83 144 185 218 234 208 220 207 82 170 243 205 175 80 191 67 160 93 172 184 109 249 87 122 181 216 166 88 65 183 140 190 233 45 44 57 248 36 73 68 215 171 107 202 115 150 29 25 121 226 130 149 240 238 168 59 176 30 102 128 138 97 135 231 239 58 197 114 46 28 111 
11 : 59 113 144 74 196 72 40 176 121 79 180 58 63 69 44 185 223 88 242 238 53 177 207 133 31 110 173 90 35 179 25 43 128 52 73 228 236 189 234 91 148 150 37 151 61 130 46 247 29 48 77 201 36 
12 : 192 156 138 107 75 209 52 224 94 170 211 91 59 124 238 63 125 207 167 95 206 37 133 55 71 150 199 120 69 247 106 27 127 164 159 113 118 210 225 246 121 29 84 135 194 126 142 128 89 160 137 112 45 222 185 195 163 196 157 32 203 105 182 123 72 144 97 85 61 65 178 131 228 33 35 66 146 217 43 122 149 214 186 244 219 119 78 148 102 111 49 198 184 173 153 46 80 28 
13 : 122 114 171 130 194 192 52 81 140 125 51 231 210 246 143 75 162 174 169 39 234 181 226 69 238 240 176 25 147 45 29 58 221 141 217 154 73 201 57 203 235 145 
14 : 98 245 52 137 164 47 85 236 243 140 60 139 108 234 73 53 229 222 155 141 237 171 138 144 179 63 32 135 207 244 87 233 231 201 152 235 71 223 199 120 143 62 78 42 150 34 175 146 151 57 84 
15 : 99 247 95 48 43 72 93 61 244 139 118 76 189 105 162 185 175 180 125 182 71 128 157 195 25 221 117 174 145 199 50 89 173 87 115 109 204 97 62 136 27 70 74 188 113 191 196 165 232 64 30 90 190 241 39 242 198 225 212 131 201 37 161 98 114 235 56 150 207 177 66 78 91 215 102 226 210 68 108 178 60 86 248 151 142 84 154 31 36 184 220 197 141 110 94 240 35 69 77 245 63 96 209 243 51 172 148 54 67 223 83 193 106 120 73 213 202 
16 : 191 121 152 31 120 114 205 156 139 239 248 164 126 56 40 89 94 194 183 108 53 100 170 200 245 201 28 26 51 87 202 232 223 142 98 241 127 32 165 146 80 30 69 107 166 177 160 44 79 182 217 109 246 27 195 169 52 243 25 39 188 186 178 104 184 151 60 244 230 78 36 123 222 234 215 
17 : 72 79 134 228 158 104 210 78 39 124 240 173 219 133 176 237 55 75 211 218 94 66 216 165 95 209 43 170 183 169 222 194 229 136 121 34 101 65 38 191 231 201 242 28 167 
18 : 70 206 124 50 86 231 239 201 56 48 175 119 77 123 105 63 132 127 161 212 166 229 204 246 137 208 195 73 170 113 128 88 60 138 167 133 143 51 186 189 181 190 100 29 248 57 215 104 67 65 194 192 93 
19 : 68 87 170 235 31 247 85 91 64 124 65 159 151 130 59 219 187 192 133 32 89 34 144 103 80 38 213 36 90 249 248 94 107 239 240 132 140 121 210 122 169 47 245 136 200 242 199 156 120 228 66 29 227 95 241 193 77 172 100 105 204 149 
20 : 66 91 82 242 183 154 236 178 232 131 75 26 216 93 88 123 224 164 34 92 99 230 31 27 200 33 146 25 77 190 45 42 79 237 73 202 28 184 62 212 36 70 197 195 160 226 214 168 69 104 149 143 48 191 137 186 199 204 241 
21 : 191 188 32 236 193 73 50 39 78 205 94 54 246 176 180 58 82 137 184 28 147 209 46 170 204 
22 : 108 189 244 245 186 88 128 181 209 110 199 70 228 90 185 115 48 167 57 93 67 241 230 109 213 68 28 101 174 106 45 219 44 79 136 214 125 201 164 66 159 222 92 62 216 126 75 91 58 84 202 139 123 211 81 148 
23 : 244 71 208 227 169 180 188 96 84 181 106 51 45 230 221 226 176 37 158 167 241 242 149 154 35 212 137 132 28 131 49 118 197 237 194 99 238 232 81 
24 : 150 181 94 169 103 239 33 121 142 120 246 29 53 47 131 112 194 211 218 99 49 69 196 168 154 195 164 134 216 162 107 55 113 28 233 85 201 228 244 219 166 132 125 139 179 227 245 238 92 59 124 98 78 52 72 172 64 175 232 
25 : 90 101 67 147 88 161 180 230 39 50 171 136 118 89 93 53 218 237 189 192 203 25 79 194 202 78 177 115 46 174 191 205 100 99 170 219 114 184 113 243 120 225 103 204 223 240 241 220 142 98 75 185 76 234 157 41 123 109 196 210 117 199 87 92 231 249 74 
26 : 102 233 157 179 53 70 94 46 134 235 207 138 40 72 132 55 125 111 122 141 135 63 249 64 191 115 52 50 174 165 136 221 177 26 35 78 180 220 247 155 217 187 108 83 238 212 79 69 129 240 173 119 131 184 154 164 62 143 82 160 182 170 77 80 74 86 75 152 128 215 188 147 126 113 123 171 54 93 159 121 57 206 242 117 201 101 89 31 61 167 51 41 172 219 148 
27 : 94 55 97 229 61 165 249 103 232 244 90 163 34 62 155 212 124 181 214 198 29 131 164 176 123 63 177 183 116 45 245 85 141 38 121 73 233 75 153 136 145 243 65 133 173 118 205 238 30 239 156 247 167 242 67 208 195 139 216 224 114 149 170 213 132 76 172 96 215 220 104 211 190 105 79 200 193 42 160 179 31 226 180 129 120 88 246 50 175 140 209 115 
28 : 159 55 136 200 242 109 188 127 240 144 231 214 140 56 186 121 248 247 125 49 171 83 235 208 146 100 69 72 118 84 229 202 236 141 206 116 129 78 112 147 174 82 90 76 153 123 170 131 223 25 205 128 86 241 168 211 220 133 85 61 137 54 197 26 53 94 34 74 96 115 89 151 213 80 75 160 216 122 154 92 102 98 207 243 195 179 111 143 204 228 221 45 103 28 239 149 93 246 148 30 164 219 199 142 212 182 42 44 81 
29 : 79 219 101 33 72 186 169 108 176 134 99 237 191 151 103 70 207 164 90 74 245 92 39 241 240 96 107 136 83 27 236 147 41 43 120 195 158 190 213 229 78 168 233 179 73 146 198 91 69 86 181 223 51 211 160 113 36 32 46 50 185 25 47 242 154 178 57 60 222 144 56 52 49 31 194 199 208 115 125 159 64 197 155 48 138 66 231 81 104 187 145 232 116 34 
30 : 39 140 63 68 243 87 109 161 47 221 178 189 80 52 229 50 239 45 236 122 142 192 220 159 65 249 57 166 27 129 29 83 106 98 146 150 44 125 48 238 198 71 144 231 
31 : 237 156 195 122 92 173 202 121 25 96 31 227 136 206 49 73 135 249 45 167 207 223 144 162 127 93 108 139 51 97 42 215 56 140 224 75 196 94 159 150 235 230 175 
32 : 247 148 108 168 109 222 26 170 235 183 133 118 243 86 162 180 131 88 136 227 68 210 130 106 139 35 93 142 58 33 230 143 121 114 115 67 31 123 105 56 47 192 38 158 66 188 234 196 149 219 51 39 119 32 64 83 125 124 153 100 221 45 165 30 135 185 69 97 25 239 57 
33 : 242 143 243 158 193 175 199 202 73 28 244 240 145 113 110 131 245 136 35 216 126 248 85 41 191 52 118 106 172 146 181 151 87 170 163 69 64 128 119 135 79 168 217 56 201 65 180 86 197 162 57 32 223 107 142 208 70 211 239 212 121 116 215 29 228 176 179 177 186 27 81 226 241 82 51 218 236 84 192 54 206 190 44 114 66 235 
34 : 101 155 100 150 53 68 75 198 63 188 30 25 233 97 161 174 27 194 208 61 79 109 112 216 225 132 
35 : 219 147 102 220 238 100 71 236 38 200 240 163 134 58 43 39 229 160 90 103 49 54 248 101 62 197 135 199 77 233 52 96 75 67 114 86 154 132 80 178 84 36 122 186 68 27 232 205 139 153 157 184 127 31 198 76 247 185 130 141 138 175 121 115 55 170 196 129 46 51 45 133 173 87 142 44 206 156 164 225 204 104 195 145 60 165 33 203 123 85 217 214 32 
36 : 188 104 98 165 67 56 153 45 133 35 178 191 202 222 141 241 156 50 206 103 25 204 95 238 177 127 167 84 131 180 68 149 109 160 227 182 110 212 248 233 244 201 135 200 232 170 80 137 
37 : 51 183 70 243 241 220 32 177 69 28 74 135 52 180 89 118 132 249 199 53 185 228 139 121 145 168 95 244 112 223 107 217 152 225 129 50 190 119 178 242 206 209 72 196 237 81 79 204 173 27 101 156 94 131 128 172 175 137 182 62 213 116 84 197 154 44 164 171 88 40 146 141 140 57 64 207 192 34 201 198 222 96 186 234 133 68 109 45 86 47 83 205 238 162 221 78 55 
38 : 128 199 182 169 88 184 69 34 146 164 232 136 175 109 200 161 190 46 239 176 43 244 142 52 172 100 243 47 86 44 82 249 143 198 59 245 27 137 30 222 115 138 60 162 209 221 148 97 94 156 68 158 91 180 133 210 157 195 118 235 236 167 40 196 120 125 229 55 57 179 203 127 80 231 84 41 181 204 241 187 206 177 216 102 160 189 163 234 139 33 248 56 171 212 119 194 224 26 226 211 185 246 220 237 104 132 29 48 240 225 202 145 67 207 213 151 191 170 
39 : 67 127 243 64 190 91 33 111 47 62 40 207 98 214 86 233 115 69 234 168 56 108 128 96 25 238 194 156 92 180 179 147 99 59 89 110 55 88 239 31 79 200 130 45 34 181 247 158 66 150 189 37 60 226 
40 : 50 151 217 88 63 177 212 169 249 154 173 112 104 121 33 36 110 70 142 219 85 167 136 103 225 200 48 126 133 164 123 87 77 152 160 143 237 32 83 53 129 221 146 228 34 96 222 71 75 107 72 
41 : 173 47 86 42 177 75 113 136 196 25 234 96 222 189 163 209 114 238 59 48 156 237 212 78 180 226 46 224 112 151 146 200 190 50 118 167 73 57 137 91 172 140 134 199 124 79 130 76 182 40 144 104 139 27 241 145 201 233 208 161 154 166 244 165 155 221 67 195 170 176 131 240 142 215 232 242 147 69 89 29 228 206 217 231 62 187 117 169 87 159 34 37 111 84 105 194 191 141 186 184 31 148 63 55 128 
42 : 233 131 195 61 230 82 182 43 92 48 30 193 26 33 85 216 144 88 56 183 134 208 161 247 123 63 86 166 186 128 54 110 192 139 96 90 184 190 151 240 239 
43 : 84 32 29 165 219 72 184 103 28 76 143 101 166 38 56 62 125 80 188 189 73 153 41 218 90 160 210 88 229 91 207 34 157 242 194 168 
44 : 189 237 169 49 202 83 35 175 110 163 219 38 42 173 32 180 215 143 160 246 142 232 98 112 230 226 75 30 220 132 159 122 130 211 138 155 135 203 40 184 47 88 177 94 139 97 92 41 78 34 68 63 176 62 25 242 165 29 185 33 150 127 64 239 225 145 156 187 144 213 55 221 79 241 93 31 233 
45 : 153 205 121 67 186 28 148 103 51 199 29 56 150 198 170 52 194 101 215 140 96 247 200 104 110 134 49 122 136 132 119 207 163 212 162 109 203 168 183 218 64 33 117 193 159 60 108 37 113 135 72 102 151 210 146 89 137 133 158 192 98 222 62 61 91 223 204 187 95 79 180 224 195 144 126 166 40 
46 : 134 220 221 54 102 85 219 206 174 142 87 32 96 248 92 179 165 106 145 79 59 114 89 152 224 162 29 203 49 129 214 200 70 246 107 117 75 211 160 197 148 147 35 180 108 73 178 68 90 116 104 76 146 166 201 189 171 66 156 164 150 94 
47 : 45 25 87 234 167 91 203 54 244 114 47 212 29 209 49 66 196 138 120 86 117 74 155 184 204 241 141 135 113 38 159 108 192 139 185 119 58 126 188 187 62 240 180 210 173 221 147 70 205 121 35 122 158 191 102 43 215 72 140 146 239 236 228 175 81 33 79 201 227 177 213 149 225 73 169 124 172 194 132 193 166 85 53 242 189 183 28 219 186 104 197 154 164 190 181 99 95 63 51 46 94 48 237 42 
48 : 220 42 59 128 72 160 227 95 71 204 54 91 117 182 85 110 166 142 180 40 189 30 219 34 120 51 41 139 123 61 44 159 64 191 137 163 90 36 113 245 122 149 
49 : 57 199 93 173 188 221 75 106 202 186 123 59 86 140 121 34 71 64 120 177 40 161 65 137 180 84 185 113 238 224 195 112 223 163 149 241 41 30 124 48 68 175 79 227 138 78 29 194 27 215 
50 : 126 199 59 26 209 94 232 172 142 90 72 227 146 201 154 77 136 123 212 190 73 100 130 175 102 81 234 114 218 80 151 155 30 107 217 33 145 105 242 83 28 202 226 34 60 99 92 220 143 118 110 139 133 214 32 194 117 243 171 237 161 236 167 219 147 180 31 223 158 67 113 58 233 157 88 215 85 62 206 197 108 27 98 89 86 235 140 231 116 25 
51 : 75 106 54 65 98 29 156 80 189 184 28 161 47 158 101 110 180 163 167 38 188 202 154 150 173 155 144 64 45 160 37 114 116 151 93 35 66 224 43 107 215 36 166 96 214 222 152 243 105 174 186 192 147 30 238 169 239 132 40 148 181 157 134 94 118 34 249 204 97 100 246 74 83 126 138 77 58 218 199 31 49 79 205 164 72 231 111 117 109 209 171 115 212 211 216 139 51 146 191 
52 : 37 192 159 54 190 67 62 205 208 124 207 139 57 178 238 160 48 191 213 236 147 186 104 98 106 204 183 184 156 78 179 100 222 111 126 148 212 198 29 84 162 83 175 155 66 234 202 132 51 240 144 107 185 43 46 153 221 135 218 52 220 239 166 76 138 49 81 158 85 30 229 163 180 27 72 225 172 235 109 58 149 45 75 
53 : 60 79 151 25 240 95 140 221 207 167 55 104 160 150 45 168 178 101 131 181 157 80 107 28 204 169 161 125 61 174 147 113 249 37 138 182 89 191 228 31 103 237 85 143 49 63 224 65 136 81 66 236 162 120 27 190 163 32 88 39 132 57 83 139 211 212 38 67 68 244 90 42 184 145 227 217 242 209 226 62 141 142 97 29 98 148 241 117 99 179 225 235 200 154 102 114 247 121 172 123 36 186 164 100 40 41 71 246 222 223 218 
54 : 102 56 197 218 185 132 206 30 130 94 217 184 245 29 114 141 236 111 205 150 178 207 147 99 59 173 153 32 134 93 67 172 26 227 154 224 82 47 208 144 241 110 203 127 156 166 113 68 89 65 164 39 118 180 53 108 91 80 40 187 226 37 71 75 
55 : 215 239 192 49 77 74 59 149 199 249 164 136 222 216 125 244 91 185 167 128 69 142 90 184 45 89 242 108 31 104 193 205 194 213 245 238 190 75 42 152 173 221 144 25 35 240 80 72 113 170 143 57 200 210 208 62 40 76 231 212 233 37 54 219 95 179 154 174 99 232 127 141 117 135 182 115 228 246 50 78 114 124 39 27 159 224 96 133 156 33 121 209 120 48 151 82 166 226 218 88 175 235 126 
56 : 211 28 188 231 29 90 193 108 26 204 236 161 100 66 40 91 74 222 106 122 174 94 169 172 53 178 162 44 104 62 54 196 150 210 88 245 128 115 153 126 52 30 145 163 151 76 139 107 123 249 60 105 86 186 184 51 36 140 144 238 214 124 220 229 138 68 112 205 102 113 33 136 195 87 173 65 212 79 175 69 217 96 131 233 219 164 132 200 206 57 35 71 170 158 48 56 49 58 42 221 225 95 98 121 207 133 101 130 134 201 97 
57 : 102 89 129 201 185 114 39 56 110 181 153 154 136 65 221 161 44 125 98 34 28 67 218 134 205 146 137 150 176 202 192 249 25 142 88 227 240 222 53 95 126 166 184 148 87 37 118 191 220 97 237 172 120 75 130 159 178 199 175 115 195 147 85 106 96 163 143 60 90 244 35 203 92 228 226 40 99 151 174 70 162 83 194 
58 : 65 163 193 147 145 38 34 110 208 49 143 70 63 74 246 85 215 130 234 59 79 96 159 134 62 181 192 82 29 61 105 58 146 148 190 106 35 175 56 73 83 228 109 77 31 160 211 120 162 52 94 226 
59 : 248 238 46 210 35 166 206 180 59 56 202 92 209 142 57 36 132 240 172 66 176 49 219 73 84 125 103 212 155 119 199 38 104 26 188 163 90 168 169 134 145 65 165 139 197 195 193 27 232 220 86 77 106 42 95 173 114 94 69 143 153 47 140 239 135 170 152 244 98 53 225 52 111 189 185 186 201 107 100 191 198 124 70 237 45 87 207 192 194 41 96 30 110 187 214 227 34 137 33 113 79 157 128 127 174 147 40 48 159 
60 : 160 54 72 56 91 119 194 169 30 31 27 211 62 68 122 187 184 70 61 209 189 71 181 162 36 142 125 47 214 66 182 105 241 203 57 90 172 201 43 88 133 229 86 238 155 44 63 143 60 94 226 204 81 219 191 144 179 145 161 87 123 232 127 245 246 69 210 134 
61 : 68 163 27 45 112 72 164 127 46 116 244 110 111 104 41 123 175 221 171 55 26 107 79 168 62 86 132 103 196 220 69 240 39 95 40 42 234 206 236 60 67 230 137 190 210 96 229 243 82 241 114 205 70 231 131 173 93 208 193 85 102 31 199 146 105 152 188 228 227 167 157 184 78 53 118 58 224 235 49 197 36 238 180 218 54 232 30 150 200 43 73 182 142 141 185 32 134 125 57 195 148 222 217 192 215 87 
62 : 130 62 119 227 48 92 220 167 99 70 209 151 184 164 248 222 35 176 41 244 32 165 160 71 52 210 74 94 200 188 34 101 65 147 249 181 37 166 138 78 246 39 91 225 100 158 217 215 233 86 43 169 64 45 140 234 218 240 61 161 84 232 36 168 197 229 180 201 153 111 143 31 162 90 221 212 104 224 171 107 152 103 219 175 120 125 208 236 247 205 114 80 159 239 156 133 139 38 136 146 53 196 231 242 131 122 179 121 126 157 124 
63 : 58 60 46 67 109 101 141 212 247 53 181 110 179 55 102 148 73 64 195 79 245 186 96 207 140 36 172 193 185 91 57 187 120 42 38 122 188 27 190 236 238 162 164 76 69 177 93 203 54 32 244 83 34 50 68 78 168 65 239 166 248 104 160 77 63 143 103 87 167 59 28 196 97 85 112 39 180 44 159 92 126 95 40 165 116 232 169 25 51 176 201 192 218 119 178 219 66 117 139 202 86 99 136 123 80 48 173 144 189 129 100 142 184 235 208 47 74 246 191 
64 : 82 221 25 211 54 27 190 31 139 230 97 194 118 165 43 61 159 109 63 150 142 153 163 241 108 208 55 105 38 243 89 198 186 134 121 117 174 195 152 92 114 106 107 131 160 212 112 57 206 41 187 217 65 220 115 168 247 88 170 248 210 44 72 147 46 53 52 47 81 182 126 29 189 83 116 91 137 219 34 93 75 103 209 68 236 176 60 40 86 226 197 140 64 98 120 169 
65 : 76 113 141 241 128 151 40 140 185 105 173 28 139 155 169 82 101 110 200 197 239 154 246 153 115 191 42 37 81 174 224 131 132 222 189 187 73 
66 : 56 224 46 155 139 104 125 132 160 182 102 208 236 50 79 161 37 107 221 186 40 239 126 80 223 153 145 175 185 31 101 163 35 156 164 142 106 216 135 188 177 158 32 249 72 122 70 97 134 91 183 141 243 131 219 203 207 140 152 113 184 172 196 43 150 38 36 66 49 108 90 63 180 198 143 71 229 110 105 151 191 111 28 68 83 231 237 86 114 100 242 
67 : 70 56 235 149 128 115 92 125 62 27 160 65 140 32 170 68 48 127 204 226 30 91 37 102 231 72 96 139 98 89 243 75 103 167 173 99 50 181 191 26 136 33 55 93 197 175 237 90 141 105 
68 : 95 212 122 214 102 107 39 73 113 85 67 210 169 35 230 158 220 42 127 43 241 62 71 38 123 147 33 207 30 96 74 128 164 101 40 142 218 120 114 222 141 83 178 64 176 45 149 
69 : 31 223 149 209 54 103 175 79 135 29 34 176 108 219 150 220 183 134 69 125 226 43 33 174 191 
70 : 230 118 236 192 204 116 87 190 38 43 131 113 202 221 157 93 214 135 127 215 234 249 57 77 132 54 104 242 105 141 222 108 64 225 122 208 36 220 32 114 80 100 196 170 111 136 86 126 206 142 128 138 158 110 191 189 159 48 165 115 180 211 237 102 130 68 88 231 42 96 67 168 238 173 137 185 171 59 76 143 45 175 181 83 31 25 218 183 53 79 52 240 140 65 203 186 50 33 
71 : 225 166 58 165 216 202 119 134 190 55 159 170 95 47 243 59 97 124 102 135 222 171 96 132 244 33 204 82 94 183 164 68 240 246 249 29 69 89 174 233 108 57 157 88 141 229 182 146 247 195 161 178 25 40 110 38 74 145 128 107 186 147 106 227 66 49 127 72 125 211 91 92 64 100 143 168 70 99 201 238 44 189 220 205 129 181 120 56 138 126 156 53 122 31 63 213 50 208 151 223 45 228 237 43 173 149 
72 : 111 238 50 102 194 231 154 156 43 198 86 209 122 109 243 55 133 78 39 241 249 206 123 115 117 197 37 202 105 81 218 242 59 227 75 208 245 176 150 51 229 42 61 160 125 217 178 174 127 
73 : 176 95 121 232 94 215 211 168 207 80 178 93 87 140 60 149 247 106 48 148 171 158 138 152 116 151 58 44 154 73 113 86 240 164 130 108 228 107 71 146 183 221 64 204 111 246 99 217 82 184 42 169 142 46 242 33 36 229 29 165 182 195 172 159 145 248 218 56 227 117 141 143 216 180 209 30 131 63 191 75 57 123 233 201 67 104 120 214 132 41 81 89 134 245 135 136 139 
74 : 132 90 57 31 163 130 171 105 28 139 55 233 127 190 62 156 247 72 147 111 224 26 48 206 241 248 76 191 185 53 202 243 157 175 59 144 41 83 143 237 178 227 109 193 169 86 200 131 246 180 118 38 121 226 134 27 65 198 34 146 218 215 170 240 58 115 189 177 114 194 32 36 125 135 107 212 98 176 49 117 91 150 225 61 93 
75 : 105 137 50 104 125 101 78 245 72 163 130 158 176 120 108 221 26 215 153 150 49 160 107 89 118 28 181 94 220 200 93 156 111 36 82 61 37 175 216 185 232 81 57 140 59 134 119 161 117 38 121 247 210 70 58 42 242 83 95 194 212 162 67 229 114 170 126 222 199 226 191 189 34 85 47 159 224 240 51 144 35 133 214 25 187 46 124 
76 : 196 44 125 29 122 121 248 50 208 58 77 67 103 120 135 166 137 217 247 52 199 51 78 164 136 84 212 176 33 173 102 186 249 141 224 163 243 79 88 92 245 227 57 107 235 129 36 82 68 
77 : 26 94 45 184 141 144 199 40 228 159 214 218 179 208 168 176 238 49 183 157 112 233 118 197 140 37 46 39 162 133 92 33 212 57 103 79 36 177 181 61 182 113 119 130 82 135 249 217 28 152 107 52 131 80 93 207 156 198 
78 : 213 60 225 148 34 190 191 136 43 63 149 103 70 98 64 184 192 153 159 134 212 185 206 152 74 86 147 53 128 230 109 194 62 77 114 246 111 235 186 66 143 220 105 49 87 58 156 197 204 107 122 99 132 183 127 199 141 196 
79 : 27 37 191 136 231 177 142 155 207 75 115 79 147 201 181 223 78 59 61 203 216 151 90 65 138 54 26 124 53 220 35 66 60 209 213 144 57 108 192 171 175 184 156 198 84 183 132 116 205 121 206 187 246 131 30 176 76 239 111 161 99 122 89 56 199 229 117 190 85 107 46 162 148 158 141 160 179 106 43 172 166 241 32 228 221 145 67 98 140 188 91 41 72 39 48 104 63 83 135 165 154 163 45 93 157 55 248 244 123 164 215 247 211 96 127 42 73 195 74 47 29 82 208 
80 : 123 200 227 229 232 76 164 149 184 161 234 219 211 150 34 190 106 192 147 105 197 89 67 248 37 109 146 203 139 160 80 32 174 138 116 222 236 157 132 134 169 154 247 66 142 119 198 90 65 166 186 242 68 73 61 193 64 140 199 74 71 180 170 99 235 177 178 122 62 113 226 127 148 53 202 57 216 102 78 
81 : 225 133 206 146 93 120 60 190 134 223 217 236 171 211 46 142 207 75 129 239 126 163 87 167 53 66 166 152 197 27 135 222 98 123 187 208 170 241 96 180 110 47 30 50 199 248 226 63 102 109 221 59 118 140 147 214 247 173 231 100 
82 : 222 193 135 186 221 231 199 59 180 93 51 158 131 248 57 188 55 84 207 107 96 218 116 69 42 208 177 65 156 224 61 43 182 119 83 134 166 173 168 146 117 210 26 70 47 240 201 97 48 136 154 35 152 25 63 140 90 216 75 223 238 232 204 50 41 62 53 120 198 74 217 52 105 32 122 71 176 114 121 202 128 82 163 143 141 144 123 175 189 194 228 44 178 27 220 174 196 148 179 112 28 192 73 142 109 129 111 245 40 243 66 67 184 170 206 76 103 87 36 190 
83 : 236 161 99 215 240 75 167 29 186 132 214 189 105 237 133 223 218 203 149 135 98 164 139 122 224 47 162 131 91 90 150 38 43 123 209 46 52 165 67 141 35 200 221 76 130 192 30 160 112 66 121 235 96 93 31 152 178 210 231 199 146 191 183 65 184 53 54 246 180 87 128 179 39 95 140 32 74 142 188 92 72 103 83 45 60 239 238 226 244 25 61 216 232 208 166 155 94 44 56 114 173 50 206 84 
84 : 143 46 238 62 145 59 89 66 25 76 247 44 100 133 210 118 79 183 49 108 60 99 90 124 130 182 243 106 36 185 138 107 93 113 193 177 231 204 198 141 117 161 227 27 149 30 219 230 102 80 223 187 
85 : 69 63 244 236 49 216 206 196 42 205 40 189 228 210 106 70 142 200 27 117 52 191 66 108 104 67 129 113 77 80 246 183 151 181 208 234 222 209 92 176 
86 : 191 173 195 53 61 43 143 226 47 99 149 57 41 25 187 205 215 121 40 222 63 139 44 97 142 192 122 241 248 249 114 68 244 79 199 96 180 49 81 135 230 45 103 209 29 26 224 140 31 70 109 136 152 193 208 170 35 36 101 116 28 158 207 229 240 147 157 112 83 92 86 113 71 62 
87 : 79 118 213 143 63 119 165 242 107 217 33 125 132 200 145 166 196 154 221 201 83 81 96 30 42 241 95 160 126 
88 : 31 179 140 56 194 238 146 192 188 96 167 121 229 36 47 126 171 49 150 46 125 185 187 39 149 42 155 53 193 240 101 203 162 112 181 128 106 246 84 110 218 223 41 143 105 32 69 204 172 52 27 225 72 30 54 169 35 45 227 103 98 76 242 117 75 235 60 55 104 28 191 173 73 247 87 81 29 118 163 215 67 133 160 88 177 234 190 176 189 211 26 124 196 94 202 109 232 237 186 
89 : 171 244 27 211 146 160 46 192 67 45 191 59 229 102 33 65 154 50 198 239 132 78 213 145 242 34 104 247 62 25 176 188 51 218 138 237 71 187 136 221 28 223 94 153 70 137 156 111 30 83 208 212 203 42 40 121 107 196 99 180 88 63 178 82 119 53 248 201 172 227 75 177 133 224 183 158 190 157 61 47 207 130 232 219 148 101 189 226 135 129 217 233 169 97 174 113 151 80 143 58 35 120 26 29 60 73 32 194 109 116 200 140 209 240 144 167 98 168 
90 : 56 103 192 243 158 104 210 115 138 74 52 150 67 239 37 241 39 211 223 228 204 169 245 94 208 230 240 233 128 68 162 147 46 187 82 247 98 213 90 92 196 246 146 184 32 188 231 75 179 149 96 93 112 79 43 76 119 248 71 235 109 26 160 102 207 151 242 100 27 141 136 86 163 153 154 31 215 34 202 174 110 145 171 38 249 127 106 35 64 33 
91 : 233 143 43 34 75 208 61 63 39 41 203 177 216 239 193 129 199 94 160 241 236 201 37 138 214 231 175 226 82 178 101 242 167 186 209 195 125 197 207 228 93 154 150 84 76 48 97 103 68 28 47 180 191 74 190 113 32 
92 : 130 124 76 120 189 154 98 239 29 111 224 53 59 133 207 163 228 57 86 35 39 99 119 167 135 56 42 38 204 92 26 96 58 157 214 236 177 196 113 121 231 229 170 220 69 141 43 123 195 152 217 72 247 79 221 249 122 103 159 97 51 78 166 200 237 
93 : 68 53 215 219 164 94 150 228 54 30 195 26 85 52 82 147 105 199 208 185 55 76 36 240 88 106 110 27 89 49 186 113 225 222 44 51 206 96 178 128 137 237 241 180 65 56 158 224 194 81 62 140 159 223 72 188 
94 : 77 63 173 26 126 137 161 169 25 219 87 248 46 190 53 61 32 246 73 49 218 117 147 125 238 200 100 212 230 142 182 185 164 136 235 141 36 82 167 245 195 174 127 143 162 233 194 52 149 170 93 163 110 226 55 90 176 101 33 196 83 130 178 234 74 249 34 96 215 38 37 122 223 80 57 92 140 155 231 88 114 177 128 91 154 42 39 78 47 205 214 129 75 97 54 151 66 134 220 89 
95 : 90 124 31 147 212 128 146 46 103 222 197 98 132 121 141 94 58 60 64 120 223 65 166 236 247 206 119 176 113 115 84 215 96 157 51 243 181 72 125 87 248 39 233 44 180 237 242 172 27 117 114 100 224 66 219 25 80 161 177 165 49 95 118 187 151 174 239 69 139 246 36 70 40 168 202 171 67 
96 : 242 207 148 34 108 66 84 165 233 76 104 39 70 40 198 121 204 47 82 116 159 123 79 222 93 220 230 33 119 54 161 170 94 150 166 68 191 63 181 238 49 218 115 133 64 135 92 144 102 214 
97 : 143 240 174 73 117 161 90 92 38 190 248 227 157 106 70 249 247 220 225 135 229 142 170 224 197 91 163 236 
98 : 174 137 113 191 89 57 100 64 96 35 216 186 183 206 154 180 162 59 58 76 91 147 75 189 188 
99 : 100 180 159 165 164 213 25 105 240 185 201 205 199 249 45 136 124 157 173 62 76 158 83 69 198 178 189 52 230 235 171 223 121 225 226 53 248 182 80 227 150 128 170 215 141 118 75 228 29 192 179 102 190 34 197 155 126 30 
100 : 244 59 204 236 32 98 55 136 63 138 42 192 248 162 130 127 147 190 123 144 159 51 247 91 200 27 177 217 105 191 148 126 84 31 227 65 188 240 64 246 142 66 48 78 180 103 150 119 36 173 172 49 214 47 70 38 112 58 80 161 208 56 83 74 178 102 88 181 206 207 216 40 95 219 87 52 249 223 184 140 164 185 229 117 154 29 155 39 226 183 137 245 67 235 174 69 53 233 194 96 195 
101 : 155 32 168 178 53 55 223 88 54 157 188 84 59 116 205 81 184 149 46 68 48 141 101 189 173 226 200 167 75 58 125 242 139 138 224 135 57 170 35 146 199 38 78 67 36 93 249 64 49 238 236 232 159 150 218 45 153 71 132 203 120 122 50 171 
102 : 62 203 248 231 59 220 201 235 137 98 65 198 64 152 132 158 221 214 109 146 161 83 229 192 77 143 196 58 70 81 210 48 167 118 237 115 238 35 127 95 44 182 87 63 197 105 129 216 247 53 101 212 242 145 79 75 209 227 36 164 60 131 54 51 236 
103 : 217 99 230 211 63 112 116 57 46 84 100 199 83 200 47 197 135 226 86 236 247 159 97 183 66 182 222 187 71 196 70 
104 : 230 195 125 93 198 68 97 128 226 110 129 210 185 133 140 78 215 183 59 138 131 126 98 123 179 130 184 66 144 52 145 28 29 53 87 197 37 74 213 112 208 47 219 178 217 224 49 79 34 142 83 196 31 119 150 167 209 95 50 154 153 72 180 174 200 242 69 91 248 186 206 56 189 164 172 111 190 148 203 
105 : 239 34 179 224 121 204 209 113 138 207 197 51 43 119 53 92 144 27 186 99 168 112 126 38 156 25 143 33 30 35 177 174 232 233 45 222 29 80 85 200 118 150 188 137 142 236 128 130 180 203 68 206 164 59 42 208 70 159 75 166 247 240 95 49 62 238 181 220 57 163 213 135 145 185 235 55 110 44 90 167 
106 : 143 176 124 59 229 26 61 144 55 148 177 190 166 233 169 44 224 95 103 239 140 57 50 56 244 146 212 220 93 204 71 128 
107 : 135 167 88 143 171 151 62 71 220 30 82 42 245 39 35 81 207 152 249 44 31 134 107 76 184 37 74 85 199 176 109 47 221 201 123 243 235 248 106 187 191 
108 : 138 222 161 200 152 86 207 233 170 166 149 74 48 244 139 76 80 185 163 87 111 224 221 53 84 241 239 231 58 196 97 168 160 228 242 190 41 243 150 223 201 93 73 52 141 237 249 203 122 142 61 121 162 134 136 205 64 211 156 82 98 32 38 43 65 197 26 75 25 104 155 92 90 238 191 215 212 180 79 129 116 182 44 208 173 210 188 78 169 27 113 144 153 127 172 83 132 148 37 225 125 218 204 47 114 68 175 199 247 171 167 77 248 34 117 128 81 164 179 112 105 193 
109 : 235 116 110 244 193 245 52 172 42 145 109 89 87 144 176 100 120 230 40 139 179 208 130 31 216 94 246 85 132 194 32 99 214 237 138 198 173 45 218 107 166 112 62 229 55 190 44 58 227 242 56 213 125 184 185 30 49 221 96 105 205 92 150 204 80 81 148 72 47 83 79 174 68 51 180 219 169 119 197 186 50 241 117 97 
110 : 237 241 229 129 132 187 155 35 213 101 207 190 100 63 69 230 196 61 243 247 159 52 171 42 26 212 112 186 215 216 154 157 125 45 37 224 68 206 225 70 248 185 218 182 108 180 118 110 195 74 56 86 46 47 53 163 48 28 34 135 55 244 240 
111 : 93 166 59 40 116 238 173 131 92 98 64 141 149 148 203 139 63 153 175 110 143 117 39 136 66 41 241 212 228 234 25 189 30 163 196 247 109 138 161 233 230 215 171 99 89 193 28 201 128 65 124 35 214 127 96 45 225 118 145 146 227 159 181 105 85 162 103 236 132 33 239 223 168 199 232 178 244 221 190 97 144 49 27 188 70 95 108 248 107 83 130 197 74 
112 : 246 172 25 49 169 148 52 33 90 197 195 80 114 228 238 118 27 110 56 153 37 113 50 194 55 81 175 53 177 137 87 129 97 223 85 63 216 42 47 168 109 245 158 45 104 107 241 57 203 144 218 187 198 
113 : 110 243 86 219 174 39 196 228 195 178 231 163 57 47 93 31 28 120 64 82 132 193 156 126 102 107 75 34 210 165 181 237 194 140 218 222 29 145 148 117 38 32 233 58 177 100 85 53 54 225 240 105 55 95 173 185 
114 : 145 125 149 226 58 89 30 194 118 81 212 69 237 167 171 122 218 144 64 96 103 91 131 137 215 188 180 86 236 32 155 178 121 101 99 172 102 113 216 40 53 110 184 148 59 129 77 52 177 139 175 54 88 92 240 41 142 220 38 186 98 152 208 
115 : 106 89 157 183 28 143 62 84 114 180 81 226 46 98 76 194 57 70 229 204 171 190 78 26 48 100 140 246 86 199 166 110 94 200 124 233 182 222 40 162 154 68 160 134 52 58 174 232 185 80 105 138 33 125 179 218 223 192 202 167 164 150 153 129 104 55 83 155 139 176 217 126 136 77 163 
116 : 165 30 166 204 102 104 210 83 40 222 179 170 96 57 103 43 149 32 201 121 167 71 124 134 49 237 28 173 84 94 61 230 193 242 182 93 181 95 215 130 224 106 66 29 243 154 156 47 212 197 
117 : 116 135 85 118 67 163 49 206 80 217 149 43 33 141 218 64 26 111 113 203 241 51 162 208 172 125 198 56 182 121 155 57 126 219 234 164 246 69 214 167 123 30 109 117 207 79 61 204 74 128 73 34 213 180 
118 : 127 171 168 218 51 76 133 145 31 154 226 220 42 106 141 222 40 216 166 86 110 70 147 48 163 84 159 234 103 241 134 97 144 26 121 209 30 230 61 143 72 203 152 200 186 219 41 93 157 149 151 195 81 187 73 44 206 37 128 82 34 139 189 191 190 239 32 28 49 155 135 225 39 66 196 38 52 170 50 207 123 172 193 164 201 232 130 107 205 229 98 114 162 242 236 111 
119 : 42 112 116 33 177 127 125 165 209 228 114 147 197 192 204 160 142 35 135 140 143 52 163 78 63 205 132 212 59 80 138 100 187 200 170 146 191 213 45 97 115 245 157 169 86 87 29 235 95 232 226 90 111 47 36 51 175 199 133 124 79 118 202 214 194 
120 : 62 163 212 244 28 238 116 25 141 178 107 205 160 172 121 167 52 200 113 193 93 240 82 106 117 207 180 45 37 110 148 150 86 239 76 74 143 118 95 177 211 111 217 235 149 241 222 232 30 198 227 41 165 
121 : 174 94 208 109 203 179 172 249 182 236 227 127 26 48 184 197 122 161 188 41 31 30 155 193 59 95 104 201 99 108 152 68 222 37 131 221 101 190 115 239 84 49 219 66 98 226 175 71 143 43 183 67 102 171 211 146 129 75 230 147 106 90 205 170 86 83 69 204 162 149 
122 : 109 232 112 152 160 131 71 74 73 198 90 219 63 72 166 224 60 95 50 144 79 52 206 125 230 57 64 210 171 184 97 196 145 179 93 147 37 197 99 136 209 240 183 186 88 104 82 176 154 129 205 194 217 111 216 
123 : 78 42 118 238 209 159 205 176 73 116 161 189 111 77 71 186 141 198 34 227 51 104 107 201 66 82 241 125 31 26 100 123 27 215 65 119 213 95 46 245 76 216 182 234 134 74 68 40 115 85 144 41 219 239 45 199 143 148 
124 : 200 93 56 196 216 90 53 111 87 240 165 198 135 238 234 133 129 32 41 151 37 246 44 131 63 244 64 89 178 76 155 171 94 176 242 201 42 80 84 243 85 34 168 205 172 225 148 245 214 161 204 195 102 224 179 106 210 115 248 228 182 249 140 235 75 
125 : 119 171 174 138 108 33 106 246 48 184 43 85 244 156 128 239 117 215 100 170 116 247 32 134 91 41 68 162 65 219 126 67 88 56 123 76 31 157 26 140 221 28 238 152 168 64 151 101 165 69 110 172 186 131 216 233 150 97 193 163 133 146 92 143 245 93 144 175 177 89 201 42 196 191 102 136 90 145 104 217 147 54 225 47 149 176 218 25 30 94 58 185 213 57 226 84 208 182 227 158 107 63 52 75 81 164 180 37 229 
126 : 120 80 173 160 228 125 207 171 158 208 107 122 172 75 156 176 186 225 220 101 111 58 93 142 240 170 66 239 213 118 245 60 39 200 117 99 112 42 182 230 123 30 205 233 46 92 79 86 219 162 74 151 192 61 50 83 37 159 212 94 73 242 85 109 155 29 145 104 100 185 128 127 168 67 47 180 77 248 229 195 188 236 154 131 84 149 175 110 187 27 57 197 217 238 153 95 179 140 81 132 35 119 135 181 134 191 189 241 194 102 247 183 98 38 108 147 48 
127 : 141 107 96 200 203 136 84 70 127 90 89 226 239 246 175 196 213 50 223 131 249 222 40 108 59 123 68 41 100 232 
128 : 198 56 125 69 163 171 111 77 137 135 90 107 228 57 214 203 28 166 75 36 85 156 157 113 178 102 83 234 200 109 213 76 78 229 152 126 153 147 233 54 60 66 67 247 44 35 232 221 32 98 212 237 117 121 183 99 72 128 89 225 120 208 242 142 34 108 219 162 209 154 105 249 96 130 49 31 136 164 167 82 155 138 132 127 
129 : 237 185 128 115 89 122 88 41 166 225 246 90 73 198 127 120 69 63 179 38 133 241 118 218 215 175 67 26 29 203 207 178 82 114 
130 : 123 116 103 151 76 115 60 228 139 195 172 230 200 233 243 180 222 122 108 204 112 166 176 75 249 245 185 207 184 134 187 87 231 121 46 50 153 212 213 145 63 158 100 170 94 190 85 142 70 25 214 152 107 106 59 48 117 26 150 173 37 183 237 149 234 31 104 159 97 42 225 43 238 30 177 109 120 81 129 27 133 126 240 156 236 127 83 135 242 215 78 229 
131 : 208 133 186 53 171 81 106 211 74 43 76 123 55 119 101 202 25 31 96 144 184 39 72 233 209 117 194 104 84 239 212 126 93 38 231 166 59 218 122 207 99 90 57 215 62 113 54 86 155 82 201 203 66 243 235 156 52 75 112 191 154 30 36 56 127 199 178 136 168 97 95 73 163 221 174 61 180 192 58 114 67 107 173 110 193 222 
132 : 94 137 160 153 90 49 220 175 207 194 34 162 135 36 247 41 45 130 71 169 113 232 115 190 198 165 155 97 81 201 
133 : 127 79 100 221 203 60 29 30 238 179 212 228 180 163 92 146 94 181 157 232 209 226 231 199 139 91 182 170 151 156 72 162 194 193 56 43 98 130 53 89 215 185 65 196 49 107 210 82 70 198 247 61 78 97 69 248 224 66 36 25 75 208 201 102 243 236 35 240 40 112 217 47 161 171 
134 : 29 91 60 210 108 37 219 133 245 196 82 235 134 119 151 209 225 64 86 249 173 146 162 58 41 190 71 242 158 69 130 135 95 39 116 226 76 88 78 238 70 148 247 51 45 56 98 87 223 201 35 127 122 232 118 49 214 182 104 25 231 107 156 191 149 112 110 239 44 102 67 183 50 
135 : 233 173 110 114 126 231 120 41 217 92 48 201 185 64 181 111 73 78 65 93 195 83 166 29 207 95 57 244 68 36 54 81 150 245 164 27 69 209 109 188 177 230 200 158 115 235 196 123 186 96 165 94 50 107 147 97 125 154 131 248 191 87 193 45 236 234 
136 : 105 58 135 141 188 231 96 119 248 136 27 52 139 172 106 87 92 216 130 203 28 193 113 128 212 70 126 110 74 89 101 191 230 184 202 37 115 175 206 71 218 124 171 241 183 49 205 179 109 34 39 192 68 107 30 35 76 31 102 57 224 208 169 111 97 50 227 42 62 196 234 80 138 140 164 112 177 148 185 100 36 221 54 25 174 56 120 178 44 161 81 173 65 158 132 
137 : 240 45 133 220 42 193 79 43 179 207 157 81 184 28 149 227 216 80 124 37 117 137 106 46 233 202 142 171 95 241 59 144 77 182 135 100 121 103 180 245 91 26 120 176 63 223 35 164 183 209 138 248 173 162 169 146 62 27 208 125 49 152 168 163 34 54 232 96 156 178 32 212 
138 : 226 34 125 110 88 150 30 221 43 94 132 181 245 215 143 114 62 126 194 136 145 86 58 222 129 202 216 161 118 101 36 46 109 112 28 51 78 233 142 130 171 186 166 141 68 205 29 64 152 242 184 48 224 232 140 173 60 35 39 234 74 237 50 106 108 167 214 80 89 82 154 76 116 
139 : 54 192 210 114 124 58 168 128 164 112 108 72 109 107 64 117 234 57 125 187 35 203 40 103 231 96 135 121 215 182 171 80 73 42 63 201 139 38 110 225 233 211 127 66 155 217 237 248 55 166 
140 : 206 129 149 245 70 207 223 102 95 118 211 58 97 50 61 78 178 214 236 31 77 112 220 235 80 144 165 83 71 194 64 181 240 53 239 246 93 105 195 183 65 234 151 156 128 120 86 162 190 167 67 51 224 63 174 205 40 39 29 73 163 192 59 157 152 109 92 173 241 25 44 141 49 99 159 139 154 137 47 69 217 229 125 101 158 191 68 155 98 116 119 175 35 
141 : 28 29 133 200 82 167 161 159 53 86 30 44 48 216 121 228 83 238 141 231 45 136 247 69 84 245 58 186 190 42 68 60 90 34 61 145 41 25 218 31 207 187 210 71 180 70 169 234 93 85 43 66 173 56 240 237 154 196 152 100 26 138 130 166 67 96 227 122 214 139 171 165 92 149 198 150 157 143 104 193 49 191 97 160 176 131 
142 : 153 123 143 43 93 75 178 37 61 125 76 88 211 64 161 170 175 228 71 185 102 118 154 115 176 134 89 94 79 174 65 187 147 99 109 181 136 141 33 149 189 96 214 85 112 91 42 152 113 119 199 219 190 231 106 124 111 151 52 35 95 220 145 129 242 120 62 63 40 235 223 150 160 98 225 227 101 165 49 164 54 51 
143 : 242 90 96 224 31 195 44 79 193 71 95 184 180 42 110 167 63 52 97 162 141 86 249 165 39 230 53 129 174 115 153 198 235 155 
144 : 113 150 52 67 237 172 32 218 145 195 95 70 152 244 160 189 214 59 119 26 245 74 104 222 220 179 125 183 84 50 213 171 141 229 73 97 27 180 135 240 217 190 200 236 106 225 175 158 29 77 71 25 72 230 
