0 : 72 45 75 151 189 30 67 94 236 210 41 25 229 29 63 85 104 124 83 70 134 213 26 201 56 166 183 222 121 76 52 46 175 126 
1 : 76 222 152 72 58 107 237 214 154 188 148 177 106 84 217 38 194 195 132 236 88 181 163 127 209 111 171 186 39 138 244 189 210 47 119 175 68 169 75 133 221 206 219 102 86 41 225 78 170 204 118 143 176 71 135 168 126 191 31 134 64 159 212 146 52 121 249 80 112 172 27 124 215 
2 : 71 107 128 184 129 49 153 106 74 203 242 59 133 243 160 117 31 86 91 183 95 164 103 175 169 221 65 88 189 181 235 220 58 211 94 127 195 178 122 162 112 35 225 208 28 79 83 140 173 145 176 118 188 228 182 124 167 100 156 234 114 222 37 48 132 80 199 34 165 76 25 215 119 179 57 154 134 52 174 45 39 158 213 172 219 148 42 104 157 193 192 216 47 236 159 110 218 209 151 56 197 92 238 70 73 241 108 163 141 186 207 50 120 166 111 204 84 
3 : 120 202 126 223 227 36 189 83 188 174 142 136 35 104 206 78 44 157 55 199 43 200 28 125 75 195 187 247 162 57 170 77 101 
4 : 217 42 138 139 103 96 193 85 128 102 221 100 72 249 185 97 94 118 82 162 66 173 247 114 165 54 241 233 186 203 55 182 37 157 126 174 155 195 240 232 166 
5 : 211 157 135 215 226 153 156 210 121 94 79 224 212 192 177 139 142 149 92 58 144 134 59 232 93 205 65 95 233 120 206 87 238 44 56 103 62 239 74 128 216 240 
6 : 118 230 132 193 25 228 64 32 68 150 56 73 80 128 190 145 202 220 175 180 82 133 227 122 176 130 28 154 178 67 205 53 209 90 225 62 151 75 188 186 173 182 42 189 169 110 165 168 248 137 222 244 210 85 231 91 208 98 163 74 187 71 249 121 139 125 224 216 60 81 167 245 240 235 232 117 79 221 94 246 37 104 31 65 129 124 141 156 219 233 83 115 35 109 87 26 215 43 237 126 211 96 69 127 114 131 
7 : 217 172 218 230 115 31 167 142 144 104 188 77 191 100 111 149 33 215 206 210 89 40 61 235 107 125 158 224 94 82 76 244 168 166 136 39 93 109 223 214 101 165 173 151 231 183 159 25 86 70 242 209 73 226 80 154 220 241 65 247 213 120 43 221 62 249 32 147 54 246 240 64 126 182 84 181 114 143 177 98 66 211 36 26 164 194 193 71 234 171 92 60 174 37 222 118 79 110 216 157 202 237 51 106 123 75 34 232 108 162 184 236 141 87 81 102 146 112 57 58 116 
8 : 26 201 241 113 180 61 248 156 120 62 127 93 166 87 48 98 239 144 172 150 230 176 42 128 216 209 68 39 162 66 77 167 204 195 179 193 96 206 174 28 154 202 246 146 76 189 234 210 103 161 33 170 137 212 157 116 151 75 142 74 221 125 243 35 233 200 27 121 173 192 83 85 80 86 25 160 159 171 249 185 231 198 136 91 38 104 181 55 64 226 236 49 51 191 235 177 242 147 52 131 165 108 56 36 237 232 190 114 58 229 205 50 197 115 238 153 130 
9 : 171 193 69 209 224 30 152 155 207 144 96 51 147 214 33 187 25 26 148 77 204 165 112 71 91 118 246 248 145 135 175 169 216 181 220 238 166 94 78 123 133 105 218 56 150 76 29 43 68 119 127 124 38 180 86 215 237 196 
10 : 138 228 113 239 165 44 169 186 28 187 189 85 33 31 204 115 227 80 152 41 35 244 232 223 50 60 181 207 154 95 242 199 45 89 67 37 137 185 208 174 106 61 141 76 129 145 119 133 168 103 238 114 183 26 109 111 27 247 139 126 230 198 178 243 70 93 87 235 102 135 203 86 130 117 40 118 42 176 
11 : 218 100 164 83 197 199 246 231 98 77 99 166 167 30 86 67 134 120 119 214 245 129 145 45 37 52 112 66 57 170 217 206 92 244 228 165 224 198 160 195 72 193 221 114 43 105 159 91 144 111 106 157 62 136 132 27 78 64 93 201 212 49 55 191 121 205 48 138 180 54 174 103 87 234 185 143 36 181 90 28 210 75 227 74 238 190 146 88 213 59 128 151 223 152 31 26 172 169 123 58 211 247 147 126 
12 : 53 178 197 124 185 101 215 37 223 74 45 94 70 61 33 25 116 218 165 34 157 66 84 159 245 249 176 41 154 89 119 181 209 40 75 239 230 
13 : 133 64 145 89 227 220 43 111 143 241 114 246 185 95 27 139 230 34 113 51 96 108 198 56 165 166 72 197 29 225 73 35 239 30 183 196 144 156 221 217 189 82 190 91 204 149 67 134 136 33 
14 : 157 166 43 112 111 181 218 217 231 227 67 247 241 141 51 135 151 39 131 168 202 78 61 245 138 126 187 148 53 48 249 41 226 182 167 221 246 186 102 177 69 100 160 116 198 94 114 79 225 132 118 149 234 54 228 37 34 243 25 236 105 150 
15 : 119 197 166 132 115 76 215 80 220 107 162 109 174 103 228 114 50 212 105 171 224 245 77 189 244 195 207 161 242 83 144 95 188 124 66 198 213 145 153 187 140 47 113 39 219 51 112 104 184 248 136 99 54 68 194 126 87 128 170 82 178 175 237 148 30 196 156 177 231 151 191 139 135 56 63 200 92 48 121 102 52 93 89 131 
16 : 173 131 242 211 132 116 65 225 43 38 217 161 112 174 40 187 33 143 53 27 195 249 208 115 136 98 64 233 234 154 127 245 39 168 160 189 203 111 128 79 209 32 243 167 117 247 45 101 48 138 183 49 84 171 229 76 28 236 227 155 235 46 151 50 36 135 34 106 178 216 175 80 210 157 184 124 56 180 35 248 163 147 26 119 129 66 165 47 59 96 148 237 68 78 198 72 176 232 240 221 91 134 201 118 197 25 77 31 87 238 95 29 166 62 42 133 67 41 
17 : 247 116 160 211 110 166 89 45 72 215 206 68 248 130 208 230 53 246 44 134 119 33 112 56 154 49 85 62 99 74 78 216 115 172 219 144 27 141 60 71 184 218 173 41 224 94 70 113 161 223 152 59 239 31 158 170 26 162 148 217 48 34 138 214 142 153 121 229 114 164 180 175 30 189 104 182 209 146 178 87 122 147 129 143 156 204 193 61 168 159 109 198 103 135 139 47 76 120 205 125 123 80 64 179 90 236 32 242 
18 : 95 168 153 89 145 122 112 55 200 45 141 44 237 62 192 152 155 137 127 86 185 199 88 230 146 210 194 227 111 181 46 51 191 128 134 228 113 142 71 27 171 50 42 82 163 35 170 123 30 159 156 101 231 74 249 162 36 98 
19 : 226 56 181 140 196 145 96 120 89 182 185 77 175 148 130 105 84 83 154 219 136 115 54 223 188 229 114 244 28 109 66 143 102 135 94 150 200 139 107 209 216 155 98 38 65 122 95 137 245 178 195 149 191 33 174 179 111 53 47 146 32 168 110 82 230 51 248 197 99 67 157 166 128 73 68 97 159 163 237 34 161 87 121 225 167 189 192 43 212 173 75 30 59 106 232 247 74 71 170 158 76 133 36 187 58 165 49 199 
20 : 45 100 211 73 60 42 130 74 165 102 145 78 93 146 37 144 135 111 27 139 200 201 218 58 174 241 76 177 101 149 44 49 53 244 143 231 234 103 88 33 140 236 133 159 115 48 138 84 176 77 65 108 54 68 119 
21 : 88 67 47 133 38 166 187 77 86 152 63 219 35 178 224 30 218 95 230 89 97 113 180 101 136 167 148 141 190 117 232 204 237 164 160 192 94 114 25 122 212 127 247 151 248 185 242 182 155 110 36 193 221 68 203 33 159 234 147 223 31 116 134 105 73 118 49 168 80 132 195 186 91 156 121 96 153 243 240 161 58 32 74 144 82 244 207 84 172 45 65 150 177 227 188 154 213 126 231 125 184 239 229 102 61 41 83 40 206 174 183 109 181 220 44 103 131 
22 : 101 169 240 135 123 144 66 136 206 181 67 43 183 44 180 87 100 75 209 103 56 151 150 132 247 178 157 223 162 140 125 186 65 170 26 49 235 48 71 119 194 153 117 243 227 152 231 69 238 110 219 245 99 171 193 96 229 205 
23 : 141 217 47 211 194 221 144 65 97 239 27 90 154 81 156 249 238 248 68 142 70 109 54 41 171 57 102 99 245 212 216 92 134 131 110 50 48 188 91 244 182 126 116 174 172 177 201 197 145 207 88 107 185 140 84 157 183 49 195 143 66 82 64 175 200 137 30 243 187 153 193 59 55 58 31 39 56 72 235 180 121 173 114 166 125 26 117 179 78 
24 : 246 226 172 186 181 141 236 207 36 191 67 215 28 41 204 83 240 88 56 245 86 193 59 97 79 248 66 167 99 166 85 164 228 117 102 154 70 95 119 78 183 182 222 202 115 73 108 33 213 48 107 148 43 201 123 146 189 212 120 247 63 27 243 54 126 121 144 65 229 134 145 192 40 224 131 90 127 35 96 45 184 174 68 160 34 239 110 60 133 44 74 216 223 211 214 80 135 93 29 124 173 118 143 150 142 244 188 217 230 220 227 81 77 89 130 178 72 
25 : 165 140 27 201 102 187 117 215 112 64 193 44 130 208 216 207 180 61 210 116 60 41 194 100 39 45 199 
26 : 201 186 166 170 182 191 106 76 241 222 189 69 185 112 96 92 214 247 60 27 119 183 157 226 33 79 240 146 83 168 243 206 49 32 244 196 165 132 199 91 108 207 115 104 230 44 38 72 70 159 162 213 141 40 180 220 224 110 155 99 215 193 128 138 175 77 87 75 181 248 135 105 158 163 190 53 210 204 50 64 37 59 171 41 202 234 61 195 235 205 203 120 67 151 34 164 124 126 208 89 73 39 94 229 223 130 212 237 
27 : 152 86 78 239 90 199 209 98 232 64 56 39 183 227 244 85 57 126 97 241 178 220 147 131 34 71 55 158 44 30 150 27 28 103 124 54 129 118 62 156 236 219 174 206 
28 : 188 213 167 118 55 163 228 219 170 131 187 115 128 117 249 78 245 230 125 46 173 203 223 149 109 179 168 122 227 174 61 35 206 25 224 44 162 225 169 80 164 190 160 28 56 195 234 53 144 231 68 73 127 220 108 150 40 214 239 50 237 217 43 152 154 32 76 38 135 
29 : 42 113 144 89 193 165 151 123 40 174 67 97 81 79 202 219 225 70 186 201 108 122 120 167 87 220 171 237 130 69 164 178 31 84 215 56 75 172 94 211 161 77 196 155 142 158 233 85 197 185 163 30 177 54 176 60 182 213 44 208 246 247 147 33 102 131 240 27 107 212 235 34 227 95 37 66 175 32 41 223 68 
30 : 100 184 101 27 48 65 110 104 227 54 84 74 246 123 102 96 116 204 82 224 144 60 73 210 126 169 194 242 230 205 114 70 213 149 80 148 107 37 33 196 119 34 
31 : 140 129 216 73 192 204 100 62 131 63 130 39 210 233 59 228 120 236 87 229 223 114 65 196 40 193 215 249 52 69 64 110 132 67 121 182 247 49 194 135 176 157 241 47 60 27 156 158 146 220 160 116 244 134 125 144 61 109 188 199 175 163 164 153 53 50 66 136 111 26 159 243 75 165 112 225 105 102 118 230 80 70 208 31 205 45 214 207 30 139 133 201 58 137 76 106 197 226 117 155 34 219 239 57 97 162 174 149 200 248 51 168 
32 : 231 125 112 169 165 185 140 168 70 163 82 192 155 105 130 118 208 215 63 134 79 126 88 176 150 44 114 214 93 200 162 42 131 178 221 161 152 97 149 29 225 46 216 239 194 141 175 43 87 113 236 91 28 188 38 33 206 147 232 107 202 205 68 220 164 190 132 53 56 237 31 223 136 27 69 235 186 233 204 243 157 234 30 210 128 153 240 146 148 183 51 170 211 226 100 103 102 57 195 104 101 122 
33 : 68 231 192 129 70 172 115 223 155 230 107 234 127 249 88 50 106 56 209 119 170 104 60 159 55 112 72 108 211 77 193 38 199 105 61 62 143 144 160 219 203 246 191 132 90 114 41 142 51 214 189 217 181 138 124 179 134 123 32 45 49 178 
34 : 124 56 92 201 163 116 62 119 121 57 175 37 68 169 200 52 27 138 243 190 206 77 183 218 217 
35 : 29 83 56 225 110 137 157 156 152 131 46 197 145 142 185 182 135 153 88 202 216 179 186 174 208 28 244 183 53 68 32 99 188 75 
36 : 199 31 134 44 123 148 112 236 115 70 38 180 50 58 182 99 154 204 56 37 72 238 208 128 47 214 129 241 169 120 53 159 62 184 194 193 118 151 61 163 89 137 
37 : 190 98 194 111 85 93 32 224 212 173 167 234 146 147 187 53 189 231 95 233 145 246 128 28 43 162 57 218 26 125 136 130 96 240 225 168 58 119 206 229 29 47 232 77 74 91 100 185 41 235 223 122 84 191 184 166 221 188 249 201 81 75 241 227 50 179 35 238 42 127 108 228 169 148 62 203 247 87 40 123 45 59 155 36 71 52 193 118 129 121 222 245 205 216 69 140 
38 : 89 79 153 161 75 117 112 62 80 27 244 227 146 46 223 123 248 105 203 48 241 45 91 122 172 61 33 58 84 184 95 145 65 156 205 103 195 183 73 148 92 201 174 157 124 86 74 209 134 218 141 221 190 166 110 100 136 31 34 26 142 176 53 151 59 106 93 234 173 247 197 188 101 232 29 168 233 242 119 108 85 125 35 128 152 126 199 165 162 196 208 211 139 226 63 37 194 245 215 51 77 231 83 78 210 164 225 71 179 237 189 
39 : 167 160 98 238 247 177 61 249 242 127 143 161 236 95 241 39 64 130 55 119 89 154 169 123 190 
40 : 239 54 242 127 35 131 231 156 132 83 92 57 134 171 53 236 227 194 68 174 175 73 34 246 160 149 244 58 116 85 121 150 122 39 164 234 98 138 195 64 180 247 100 235 
41 : 208 231 176 29 130 83 51 73 76 78 173 215 137 134 68 98 69 221 94 243 150 119 210 56 181 77 95 216 168 85 236 188 217 146 114 80 211 160 112 149 162 84 25 239 82 154 136 184 199 135 172 209 118 151 
42 : 30 68 149 42 242 115 72 153 26 60 111 133 175 103 199 120 53 188 43 219 165 130 94 84 215 249 93 129 146 90 107 248 204 224 73 124 201 125 154 162 140 218 245 34 189 116 161 63 119 36 214 95 99 117 232 69 87 62 190 75 170 131 169 208 234 176 193 132 217 138 61 89 164 240 174 179 32 183 31 244 44 173 47 135 195 141 207 210 82 229 110 98 186 192 142 
43 : 112 217 186 148 249 48 29 194 63 183 193 201 120 73 81 83 121 97 188 119 118 157 47 164 170 230 172 38 179 122 55 114 173 33 141 161 64 110 228 94 152 142 187 166 57 241 199 35 213 123 87 236 200 159 85 34 100 233 221 41 91 219 202 235 215 178 60 239 181 36 61 42 76 156 62 149 197 59 223 84 137 125 52 214 93 138 218 246 196 229 92 32 43 68 127 111 168 126 69 203 232 49 56 145 40 124 231 104 99 226 136 98 171 238 167 25 134 162 132 79 
44 : 45 113 219 72 54 70 193 89 181 106 138 146 121 145 131 127 220 46 71 76 229 224 101 174 93 144 158 92 187 64 242 214 225 203 227 216 198 244 161 62 167 
45 : 66 129 104 156 123 232 209 179 134 169 221 230 103 140 178 36 99 226 120 228 166 238 98 223 127 111 28 30 68 206 168 218 147 224 128 42 89 108 95 34 153 138 105 121 150 139 190 76 45 177 233 184 216 81 58 112 50 241 157 65 148 149 54 85 225 192 249 93 246 59 212 41 69 203 77 211 79 61 182 239 176 144 63 240 236 31 117 62 248 75 96 183 29 214 197 154 64 237 204 172 243 92 43 
46 : 31 39 195 110 128 221 146 175 186 78 58 235 176 120 102 182 43 97 201 198 183 164 187 170 227 231 
47 : 152 136 216 172 225 133 185 177 71 166 129 167 137 93 161 60 84 141 69 183 186 241 169 245 73 198 207 222 62 72 64 144 59 233 224 191 27 153 51 55 56 101 124 190 215 212 157 158 243 154 182 68 108 45 227 113 171 57 104 97 217 142 239 151 146 213 34 247 218 103 79 102 139 211 199 208 39 122 106 48 234 91 32 31 125 188 180 120 214 163 197 238 112 184 100 115 174 99 81 116 135 235 67 131 187 230 148 219 244 
48 : 168 197 107 179 147 229 205 165 202 158 154 142 131 232 49 155 239 138 92 162 43 193 153 127 29 93 152 124 222 41 36 185 73 94 212 133 80 111 95 100 166 85 66 182 109 79 55 47 116 175 113 27 146 140 224 121 198 236 72 
49 : 248 217 228 38 26 148 84 156 109 213 185 49 246 225 40 111 127 68 178 166 101 65 160 221 149 71 89 112 176 47 36 169 222 227 168 184 135 132 175 172 163 159 106 32 56 99 145 231 88 202 91 73 211 43 234 100 116 150 244 30 86 66 37 72 197 214 199 141 212 245 59 238 144 75 235 82 191 188 161 133 123 80 87 115 205 31 146 177 155 42 203 46 240 247 143 180 242 85 62 114 125 243 79 70 236 98 61 76 195 60 165 
50 : 244 55 86 70 116 190 236 158 80 220 184 59 243 160 155 28 45 141 106 113 183 74 52 149 82 178 163 126 143 214 208 107 249 83 171 181 26 99 228 43 41 105 193 39 229 134 195 58 168 97 68 203 248 196 246 150 98 109 173 89 238 
51 : 189 144 99 78 239 214 30 170 50 47 211 240 222 186 213 75 220 135 128 176 94 60 210 81 208 114 49 195 143 229 238 173 190 26 194 44 161 248 108 132 54 25 145 215 237 69 110 147 63 96 65 31 123 196 67 85 43 169 159 39 124 200 46 80 62 150 245 101 32 130 185 201 36 126 95 138 89 72 127 71 181 125 236 70 92 212 221 158 122 199 203 28 33 244 64 224 136 
52 : 33 46 90 245 55 173 171 152 39 201 99 199 91 197 126 74 243 88 138 82 52 242 49 204 25 238 69 179 134 95 58 196 107 26 189 114 172 247 47 217 148 130 62 200 166 195 119 136 76 157 29 94 42 116 163 40 103 108 137 38 48 44 120 240 241 213 50 183 150 154 30 70 149 139 142 53 
53 : 169 168 172 226 213 235 147 81 151 244 185 128 40 240 59 85 41 191 107 33 173 162 159 158 104 171 38 45 146 113 87 95 236 35 47 116 122 192 69 176 64 43 68 89 215 65 139 92 130 217 154 245 148 66 108 
54 : 58 173 31 91 77 96 161 194 158 72 68 226 222 59 100 84 127 37 35 32 160 206 155 119 28 115 53 144 181 105 30 249 42 171 239 57 167 174 227 169 88 179 182 122 89 54 109 48 170 130 214 207 83 247 95 165 201 56 26 138 156 183 44 143 90 121 75 153 232 213 108 196 184 234 
55 : 75 146 115 50 37 105 86 155 162 220 61 36 215 203 100 111 88 122 96 30 173 159 191 28 230 55 91 73 76 157 84 178 74 41 60 208 25 113 235 169 104 128 31 59 197 227 248 45 97 186 123 78 225 138 56 183 172 196 161 231 246 149 216 137 214 188 79 206 77 135 112 124 205 179 224 237 181 49 32 209 212 192 64 201 110 98 69 126 127 130 129 35 99 222 119 207 171 134 89 199 48 67 
56 : 231 46 201 182 116 113 146 243 76 104 248 92 29 216 126 214 155 178 118 172 215 124 232 55 132 193 91 218 72 219 205 50 133 245 206 75 41 196 78 90 207 123 136 102 109 187 81 195 160 141 87 148 177 67 199 247 122 181 158 235 226 79 
57 : 164 135 104 58 195 109 59 179 223 213 128 172 212 72 52 50 194 237 98 69 119 176 168 190 224 235 115 155 219 114 40 245 73 238 188 234 117 210 189 181 208 248 91 207 180 146 86 148 67 153 123 222 37 82 199 66 160 83 201 175 143 218 185 197 149 198 61 42 165 44 125 129 127 70 79 241 167 184 139 102 243 236 51 41 157 136 225 130 124 
58 : 182 160 157 84 39 173 111 216 188 163 40 142 166 194 119 86 118 143 144 43 244 210 73 181 223 45 28 207 78 184 147 138 46 117 107 34 31 91 71 126 172 213 115 63 69 232 221 211 38 249 36 53 238 241 222 169 74 131 215 139 98 245 233 27 164 130 146 99 246 167 102 191 199 219 150 145 85 95 106 151 110 208 202 176 140 152 124 149 116 165 206 156 70 125 88 155 247 120 174 127 205 132 154 101 114 230 190 122 66 137 171 26 113 48 35 178 80 104 189 209 
59 : 101 127 172 85 201 228 112 104 117 62 38 188 102 211 245 220 121 87 52 229 133 181 32 175 168 68 161 222 244 195 164 
60 : 98 155 74 117 183 42 171 208 121 154 198 192 38 75 125 69 84 65 106 126 197 218 165 78 123 91 90 109 34 99 174 245 227 148 25 170 212 247 55 50 243 204 70 89 87 229 
61 : 90 28 65 135 137 230 186 75 97 233 238 241 199 144 231 210 172 214 62 120 69 114 217 203 38 59 220 29 195 213 102 223 113 85 183 249 106 191 165 139 64 181 110 178 219 194 89 76 180 46 143 146 122 125 190 50 227 239 209 153 185 198 150 104 128 35 201 182 112 235 118 149 245 237 138 131 
62 : 37 136 87 94 242 38 215 210 75 187 183 216 144 155 233 127 177 157 53 184 152 52 122 26 148 156 239 213 235 86 41 40 206 102 212 181 134 71 180 63 123 89 182 171 241 120 57 83 49 33 43 249 154 105 72 115 166 175 113 200 74 194 34 203 129 161 25 198 224 108 91 59 128 79 159 98 73 195 
63 : 132 239 192 217 152 42 83 111 119 130 138 112 121 79 139 50 234 92 74 233 45 75 40 210 236 105 33 224 120 134 126 222 249 204 169 
64 : 73 238 235 132 242 79 113 236 66 129 43 162 44 167 51 212 168 49 83 233 201 172 81 231 33 37 40 246 141 77 35 245 180 190 144 203 159 28 126 199 60 108 216 247 155 25 125 138 92 154 87 175 84 118 208 114 36 202 188 176 91 240 61 110 124 160 196 148 166 133 142 56 104 197 152 29 229 65 222 244 210 112 209 26 183 226 80 109 223 220 88 194 57 105 178 50 55 200 94 63 86 72 107 48 130 
65 : 64 58 155 199 115 222 116 129 143 242 220 139 225 213 76 177 207 209 118 248 88 128 186 154 194 131 111 166 208 79 85 249 101 72 106 233 84 188 62 48 43 182 132 92 167 193 59 52 174 146 73 141 82 240 35 221 133 107 105 198 125 144 219 113 99 137 47 
66 : 143 49 137 40 187 151 81 104 199 131 192 94 185 70 56 223 90 249 39 76 74 186 177 234 92 200 232 203 46 198 101 224 133 180 183 60 108 71 158 
67 : 44 60 245 72 159 25 166 204 109 220 213 70 104 177 55 40 48 205 102 198 108 148 176 83 202 65 95 234 110 61 84 203 227 141 215 199 98 33 231 171 69 43 29 201 103 240 149 248 186 133 192 28 86 39 120 126 168 119 76 228 79 207 35 156 89 
68 : 145 144 62 230 209 50 147 203 174 242 134 173 238 60 239 159 212 52 222 180 162 163 130 132 207 191 124 185 131 219 70 63 93 117 218 221 215 42 99 158 213 105 51 38 121 64 77 164 113 172 80 94 89 66 108 102 167 190 187 122 56 129 111 28 201 192 91 119 46 170 211 27 92 216 228 146 143 30 97 202 204 245 224 148 194 32 151 68 110 47 86 54 53 40 186 90 229 125 195 235 214 67 139 74 109 166 87 198 196 41 138 
69 : 122 92 212 104 187 151 158 165 144 38 230 108 31 34 231 207 194 215 216 163 32 59 41 48 91 175 190 80 170 168 72 40 
70 : 246 26 75 142 153 138 93 106 104 62 205 195 242 94 179 200 107 28 155 162 70 117 238 165 189 140 192 78 220 126 79 154 46 114 83 100 163 42 237 129 183 80 90 207 34 150 210 91 172 123 161 240 202 201 226 160 223 216 43 119 76 
71 : 74 50 149 169 126 33 116 30 217 137 231 28 146 204 220 205 57 129 99 181 79 48 109 180 51 239 82 66 141 224 188 143 163 55 165 27 158 83 212 198 36 139 209 135 97 232 112 196 78 189 203 148 118 107 241 199 219 223 44 140 38 69 249 67 193 47 240 197 75 245 46 84 88 147 127 132 160 171 34 93 103 70 182 228 176 242 173 227 222 234 101 108 167 122 32 117 120 102 211 95 124 71 110 60 246 121 128 210 123 40 29 164 115 153 238 105 52 91 63 168 
72 : 85 141 200 83 149 218 184 118 213 70 210 197 216 164 223 33 179 158 92 190 175 160 90 247 103 124 152 98 238 159 220 48 116 150 64 132 99 172 193 73 203 131 186 148 221 235 165 49 225 50 142 120 56 227 77 207 162 97 194 31 38 30 53 114 243 173 27 246 129 81 185 157 171 192 113 168 82 135 215 42 78 245 109 244 138 41 106 55 101 60 52 248 170 26 214 198 
73 : 240 48 248 108 167 206 96 120 153 41 113 210 102 63 149 182 86 130 241 163 227 78 230 172 103 68 244 205 133 42 33 82 100 174 198 228 122 45 99 245 177 80 150 234 161 247 132 181 30 27 197 144 38 71 196 121 32 72 202 83 109 101 203 104 59 229 40 
74 : 205 164 156 181 105 120 88 240 185 41 215 36 130 96 244 149 229 64 217 175 174 188 139 133 27 129 98 167 204 33 31 191 86 34 147 227 235 138 111 106 242 107 194 37 239 110 150 56 101 214 94 61 47 207 203 162 104 48 151 29 128 237 219 177 108 143 140 196 230 246 222 155 166 
75 : 221 57 94 30 52 58 201 95 68 180 243 38 170 103 203 248 225 43 236 81 158 137 133 206 232 26 168 126 234 210 65 205 189 128 144 61 29 150 184 194 147 71 172 54 198 124 164 83 187 109 151 178 66 117 
76 : 97 175 30 28 167 242 40 50 91 70 89 158 55 129 124 228 88 201 222 99 52 194 37 60 208 130 188 114 193 121 182 113 82 178 125 245 144 195 34 46 
77 : 150 224 46 243 244 238 155 232 33 202 193 184 176 34 226 215 164 143 59 180 222 166 230 246 197 114 174 92 213 212 225 189 142 147 144 38 160 233 161 209 247 153 70 115 248 99 61 159 126 44 239 120 64 82 249 53 134 103 168 146 66 109 65 86 28 181 236 
78 : 163 27 220 61 49 132 85 31 148 95 48 159 246 111 109 210 108 211 168 147 137 161 242 107 52 40 199 166 58 244 183 
79 : 142 118 100 26 183 58 119 136 193 194 235 210 173 166 71 47 176 74 153 89 31 219 182 196 238 215 180 40 101 170 85 73 188 211 236 75 247 44 132 178 207 48 121 185 66 80 208 192 245 78 227 
80 : 165 76 172 67 185 28 139 38 54 246 126 72 190 218 108 142 97 195 56 113 207 87 166 241 133 62 141 173 64 203 143 58 209 220 39 69 243 192 57 135 168 202 74 66 212 41 137 232 163 48 45 200 138 160 112 60 79 205 184 124 131 151 86 134 211 208 216 35 210 89 223 191 37 61 102 242 204 215 187 158 98 233 47 194 239 34 176 84 115 104 189 119 152 118 95 244 193 213 94 93 128 169 43 80 59 83 238 175 177 229 234 91 77 157 231 183 88 178 106 68 186 
81 : 118 71 113 130 34 30 43 159 168 184 84 228 235 26 248 148 140 82 163 176 83 61 200 63 218 155 119 205 143 193 221 156 115 127 46 203 121 53 38 77 207 41 56 93 152 137 60 25 134 150 139 240 190 141 117 92 35 167 197 
82 : 115 186 112 29 104 159 220 26 72 153 240 195 189 64 113 131 58 238 31 197 196 65 51 120 69 148 107 150 244 232 165 97 50 124 215 180 198 191 184 43 242 46 106 216 130 185 168 85 91 111 30 96 138 152 32 249 226 144 135 234 28 248 224 74 129 86 63 218 231 54 236 175 151 230 160 146 137 101 49 132 222 188 200 245 41 37 145 227 110 205 187 116 202 170 243 47 128 25 134 207 239 142 81 36 241 61 57 211 246 
83 : 136 219 78 117 234 92 54 150 44 70 244 148 222 163 159 167 95 36 34 153 147 89 106 223 249 128 
84 : 131 88 132 101 234 116 187 188 113 104 220 249 86 129 124 92 240 50 142 32 198 193 237 94 233 76 247 99 235 246 171 204 206 150 158 207 125 73 126 30 103 40 186 
85 : 63 34 209 198 79 153 70 117 181 35 237 104 39 208 183 122 80 116 77 52 173 61 140 199 228 216 145 139 25 154 148 178 230 155 93 102 195 182 87 74 244 192 100 133 166 222 217 132 124 45 168 240 123 233 125 135 197 88 224 207 53 210 64 218 50 47 66 75 96 193 215 49 32 42 98 196 129 28 30 48 157 31 90 136 127 97 219 169 164 59 161 204 171 
86 : 210 196 166 159 156 126 137 233 195 104 103 114 87 133 82 29 75 229 177 157 113 76 63 71 128 186 60 94 141 220 230 209 154 33 
87 : 246 170 75 54 124 234 118 206 185 35 108 174 100 192 145 236 239 183 78 131 166 51 197 29 80 71 109 126 94 193 155 117 190 205 208 26 44 59 91 173 187 79 222 104 184 146 248 86 214 89 137 132 127 39 229 211 84 209 175 116 141 154 244 235 120 151 148 171 107 219 223 176 45 167 99 114 215 47 62 49 38 119 201 130 125 198 43 140 27 160 72 95 189 203 66 161 245 76 111 
88 : 142 204 180 215 161 120 238 88 49 186 119 97 92 80 160 158 174 245 130 236 228 190 172 156 116 125 55 151 31 93 175 154 169 73 78 72 105 39 234 83 205 137 59 201 48 82 
89 : 66 158 49 231 241 145 41 211 95 139 89 163 121 242 96 103 188 81 70 224 53 229 108 104 131 150 219 67 136 109 106 116 247 196 92 122 101 98 209 64 39 47 167 225 193 93 197 248 87 111 230 245 90 144 246 56 68 233 30 156 83 82 249 115 118 65 
90 : 187 246 147 179 74 124 218 70 130 111 235 196 240 30 210 88 161 120 188 89 206 162 166 107 244 249 169 66 43 63 142 140 224 104 31 90 185 35 160 53 163 40 83 69 149 219 42 193 170 102 154 71 173 139 184 221 117 199 87 217 156 201 225 80 232 177 207 85 144 172 94 91 181 67 190 37 79 33 182 103 116 113 159 72 28 197 176 101 59 97 26 77 118 133 171 
91 : 69 63 45 173 79 117 26 51 203 155 217 90 44 194 60 129 218 35 76 208 57 193 223 206 123 108 61 246 59 118 133 131 109 58 168 106 140 189 87 139 70 160 195 237 216 122 47 41 227 136 113 199 46 209 83 128 64 247 177 204 
92 : 203 206 227 151 42 171 133 124 87 104 209 156 217 73 40 32 58 99 141 143 196 239 236 67 185 103 70 247 102 138 80 52 242 224 55 95 131 36 128 197 147 
93 : 185 86 60 94 204 88 195 186 77 159 49 165 34 161 28 168 205 149 43 228 25 32 118 37 59 188 193 44 117 127 169 147 112 178 249 80 79 83 166 200 
94 : 85 94 221 192 105 173 42 95 210 60 90 198 97 129 139 80 92 137 168 37 63 239 236 100 165 35 171 55 180 39 203 46 125 229 166 130 109 158 182 164 59 89 66 225 84 216 233 147 160 86 40 246 49 79 227 101 142 110 107 62 242 26 214 183 172 127 175 235 93 169 81 44 247 131 68 232 151 202 217 50 124 
95 : 94 77 190 138 199 198 74 32 103 123 214 128 78 52 41 122 117 126 136 168 140 207 56 148 34 187 129 40 166 228 218 30 73 70 230 39 25 53 165 85 147 63 58 202 109 134 86 239 170 114 127 35 60 69 237 90 130 185 208 158 
96 : 118 30 227 163 64 120 233 52 116 84 53 187 78 218 137 66 29 198 42 121 106 185 171 222 236 37 164 60 91 110 221 243 139 149 237 112 172 134 188 25 89 204 68 194 239 202 55 40 226 182 83 125 186 224 117 244 152 39 154 44 190 177 157 102 79 56 108 160 97 74 169 210 90 220 147 235 150 119 67 219 76 174 86 72 212 228 124 
97 : 107 135 85 182 35 184 220 34 42 26 126 101 188 87 166 124 79 195 108 93 146 68 241 207 173 84 189 38 64 69 27 156 165 210 46 175 49 41 109 183 164 57 
98 : 243 121 200 237 241 248 78 106 224 209 156 130 50 167 97 226 148 38 28 218 203 44 215 170 180 179 
99 : 173 174 130 84 126 135 165 80 193 107 241 234 144 249 108 184 137 150 25 228 45 73 214 118 101 133 148 203 132 162 198 143 180 63 114 237 142 191 158 223 128 75 125 233 243 189 105 175 111 31 248 225 70 91 129 89 78 215 182 147 28 86 66 43 240 204 179 55 119 232 205 208 104 36 169 60 100 190 58 161 242 246 172 153 185 77 145 
100 : 80 114 113 70 166 199 112 206 45 38 190 221 211 193 78 220 125 120 214 209 178 124 239 62 110 74 154 121 76 64 203 27 49 235 228 102 182 153 215 241 179 234 89 198 151 52 186 59 101 77 111 202 98 165 134 144 204 55 197 183 240 35 107 46 170 97 104 130 138 158 127 223 180 41 57 96 51 36 176 
101 : 195 205 68 235 219 120 172 121 87 38 209 40 39 86 117 99 135 230 29 89 46 224 179 112 245 107 220 108 201 45 
102 : 100 76 35 175 212 221 178 36 141 117 145 218 204 27 83 142 60 103 67 86 65 227 244 31 149 233 237 136 72 226 125 50 129 139 228 208 152 108 174 172 138 
103 : 101 70 131 187 28 128 182 230 48 176 110 29 247 191 232 163 113 38 124 119 45 102 181 47 87 237 91 133 173 152 170 240 139 
104 : 136 137 56 226 242 135 42 75 161 36 186 45 203 204 211 93 172 88 112 33 156 63 95 108 173 218 174 222 180 64 231 115 229 68 246 208 133 100 62 113 44 239 84 129 216 73 217 121 145 179 171 67 144 189 37 122 219 79 241 188 29 71 114 169 107 192 49 104 109 
105 : 190 136 100 135 215 167 52 193 107 137 85 69 147 161 70 232 172 44 122 207 139 55 60 133 170 71 111 236 143 165 61 238 210 244 153 38 150 125 225 231 224 98 63 246 152 138 78 154 115 116 212 47 184 226 58 74 27 200 32 208 128 166 202 105 185 124 209 189 149 237 196 120 151 160 242 123 117 31 173 243 118 42 110 119 
106 : 206 202 65 108 219 93 69 133 57 181 216 132 178 211 224 102 116 228 157 212 106 51 167 229 215 56 76 134 204 62 112 110 238 39 82 73 144 122 186 37 58 50 91 135 72 107 209 155 127 118 199 136 168 66 48 153 180 201 32 42 147 207 47 84 143 26 43 187 139 192 205 79 117 246 223 140 
107 : 65 81 51 96 162 243 124 227 125 63 155 198 176 95 221 72 68 110 233 181 111 201 40 209 171 206 186 210 91 26 216 84 237 129 223 177 104 43 94 76 142 195 245 192 28 178 151 97 109 60 235 130 220 208 66 46 236 222 29 203 
108 : 60 119 79 66 71 172 205 103 231 195 243 188 204 129 234 94 159 226 38 152 47 73 67 107 123 65 167 236 120 99 199 182 165 244 225 198 200 174 68 54 53 215 242 
109 : 220 196 77 106 174 171 68 81 59 120 92 121 105 29 152 79 189 239 90 85 52 233 155 53 113 186 156 99 195 117 76 124 178 169 71 109 91 73 103 172 44 57 119 112 128 46 27 37 126 160 31 102 176 56 209 241 125 101 95 148 38 111 194 34 78 96 215 74 205 135 224 89 157 136 158 206 216 72 234 36 221 
110 : 34 56 45 220 107 223 47 82 242 42 237 122 224 235 244 186 180 114 35 221 238 77 151 210 183 211 222 129 212 44 187 142 25 247 218 168 209 90 64 215 102 29 104 38 189 71 145 67 117 73 219 80 
111 : 134 218 62 87 133 47 222 104 227 153 176 86 32 189 219 84 212 83 51 81 125 208 224 58 204 170 191 146 138 38 174 116 229 60 154 50 183 141 85 135 199 181 57 89 108 120 113 171 190 136 52 235 92 61 25 217 73 233 82 216 238 234 175 70 226 68 164 185 177 148 236 207 36 122 63 76 201 139 180 158 117 46 54 145 65 115 42 91 74 161 
112 : 111 118 112 202 72 64 86 238 125 61 120 234 159 133 97 142 225 195 88 235 139 70 227 27 37 178 190 41 113 204 69 115 95 160 39 127 137 180 90 30 229 75 101 82 201 108 45 171 240 187 197 76 57 177 161 67 119 146 186 59 249 164 96 215 77 138 136 124 58 29 247 174 184 246 40 141 145 114 245 130 93 100 219 216 198 63 155 192 210 243 147 87 135 134 131 103 233 237 
113 : 40 102 51 41 96 82 197 203 100 231 74 176 215 216 49 226 83 45 29 141 132 223 78 164 242 101 145 
114 : 248 40 161 58 137 85 131 123 49 160 73 48 35 57 28 233 214 232 162 183 166 71 82 68 141 
115 : 137 148 237 95 91 213 113 230 226 245 185 76 224 94 129 118 37 47 211 46 235 114 63 52 103 166 138 195 241 39 26 209 240 78 222 49 30 189 155 171 29 236 208 196 69 87 108 161 107 223 146 50 193 41 162 85 102 67 192 121 100 147 149 128 84 117 110 134 71 231 176 123 133 210 186 168 227 212 219 197 31 175 51 179 28 167 74 157 59 151 221 247 199 27 119 249 243 56 142 183 150 131 141 242 139 217 204 201 120 48 
116 : 203 172 184 180 234 242 215 70 135 160 174 238 247 165 92 104 190 214 28 243 153 208 69 240 235 83 96 194 117 159 144 35 95 188 103 132 55 54 200 98 231 213 99 249 44 51 67 239 52 80 93 66 125 176 77 128 32 84 207 205 177 50 105 29 164 157 71 221 
117 : 197 153 236 69 66 201 188 87 140 241 166 150 211 172 67 109 94 239 206 205 89 86 81 146 200 36 180 169 129 102 229 240 155 143 175 32 237 119 223 37 88 43 30 51 76 85 165 121 128 80 185 91 189 28 160 63 249 196 59 227 97 194 77 124 71 136 38 233 93 125 134 228 167 145 234 149 31 42 199 202 117 68 115 190 214 84 
118 : 40 62 195 169 109 175 121 33 105 96 144 84 191 120 248 160 95 27 92 218 153 52 203 241 123 192 78 205 163 174 102 48 42 212 142 229 170 36 182 77 206 199 217 198 111 220 125 86 88 187 202 137 167 
119 : 58 140 181 92 232 137 192 107 49 194 207 238 104 189 231 191 39 178 202 204 51 131 164 61 225 57 212 237 143 226 56 105 146 81 177 179 117 79 96 203 106 74 108 118 109 45 133 184 193 132 94 171 122 95 26 101 
120 : 164 141 77 144 69 211 184 234 235 126 187 135 218 87 55 57 123 159 100 243 92 153 109 180 238 35 111 45 237 179 46 240 203 230 80 242 174 217 244 30 161 156 233 72 120 155 168 191 42 137 81 246 181 28 97 225 70 49 222 236 162 67 172 83 117 157 39 204 171 107 96 122 130 167 110 139 
121 : 115 179 73 158 96 75 91 245 227 26 89 76 183 92 238 155 196 65 39 48 239 108 36 109 60 190 191 178 169 137 184 164 205 79 101 41 214 104 45 156 230 98 63 192 145 117 94 30 99 199 176 149 49 133 244 126 97 218 209 204 131 195 55 110 203 146 90 202 84 215 200 134 47 123 124 61 56 67 29 177 153 111 93 198 50 52 182 
122 : 199 168 140 104 180 190 130 132 119 85 161 206 160 194 241 55 115 238 97 247 217 54 215 107 181 117 87 105 175 73 76 231 134 95 35 26 79 34 90 80 126 68 225 207 192 42 58 82 94 62 48 201 187 32 189 128 218 235 121 122 71 143 208 224 184 195 223 150 84 176 166 29 245 86 141 173 240 110 113 177 146 59 188 157 69 196 220 120 200 145 133 151 211 101 149 61 246 72 114 212 38 138 179 44 49 
123 : 165 49 212 183 95 247 25 120 160 241 244 155 205 105 114 203 231 73 70 59 237 233 127 115 72 128 65 243 93 174 148 50 163 216 190 140 199 90 97 158 30 64 122 200 240 211 113 80 132 75 246 209 88 197 172 213 232 27 196 96 192 89 112 60 58 61 208 177 84 82 139 
124 : 122 200 57 61 168 197 210 209 215 148 236 219 159 74 33 201 234 133 224 131 36 237 120 139 238 134 153 239 231 230 145 147 129 167 76 165 110 142 
125 : 244 184 164 178 193 236 46 51 74 165 189 188 158 122 91 130 109 239 142 59 201 226 240 85 170 63 238 52 54 73 56 136 53 95 233 107 60 70 220 48 28 44 147 185 41 110 40 84 99 72 173 58 227 39 207 49 57 124 112 104 116 42 45 103 79 36 210 183 221 77 217 195 47 61 146 134 229 81 168 163 137 151 169 100 86 115 225 82 200 66 111 89 231 
126 : 183 104 178 234 30 98 105 138 195 243 220 249 94 114 158 93 218 72 198 108 68 71 151 79 29 96 148 123 57 122 166 204 49 228 214 211 147 227 131 191 153 230 216 130 92 100 152 
127 : 249 225 143 29 219 237 25 103 62 123 204 238 48 207 74 232 206 186 119 164 229 247 129 245 122 120 67 240 198 181 
128 : 146 75 58 68 117 134 98 232 95 223 88 26 197 97 129 191 241 61 216 47 246 137 138 32 143 159 86 155 161 69 164 25 133 141 160 52 162 84 229 178 39 65 50 195 105 28 122 149 170 231 131 177 228 127 168 71 85 115 207 49 27 236 140 36 53 120 153 110 126 167 94 118 158 166 82 145 43 
129 : 99 171 136 179 39 84 53 227 164 244 236 158 96 38 144 209 31 60 196 224 220 93 199 36 230 103 218 95 234 29 165 214 182 116 108 154 134 148 112 152 145 46 119 129 98 110 45 150 52 137 153 124 215 222 92 94 113 78 175 75 66 76 170 79 200 97 146 120 208 206 87 107 37 249 248 81 126 128 59 178 245 
130 : 141 137 53 72 44 195 87 176 49 131 64 42 184 105 199 36 198 154 129 153 202 109 169 185 149 163 39 155 62 236 71 81 145 26 96 113 102 152 47 166 101 226 116 68 120 237 158 217 31 201 117 123 194 213 150 171 128 210 240 221 57 58 200 94 118 182 
131 : 86 191 130 242 83 156 222 231 117 148 245 105 118 233 108 39 102 153 171 35 241 210 88 46 182 55 199 175 76 84 32 243 74 208 138 160 152 31 234 214 246 244 
132 : 73 213 181 139 136 173 76 68 120 123 84 194 202 204 178 38 221 175 180 186 59 195 75 232 197 228 79 126 119 141 174 108 132 152 113 237 45 101 49 143 212 239 85 137 86 110 247 78 160 32 200 80 74 130 134 199 182 28 88 83 161 191 64 157 249 71 147 193 196 209 58 111 36 211 230 129 98 165 203 104 163 159 96 39 116 124 107 169 229 117 42 225 52 176 53 167 185 206 148 92 60 241 248 65 223 106 236 231 37 140 210 62 179 146 207 154 54 198 
133 : 225 116 40 163 28 69 243 148 142 119 121 217 152 29 115 33 236 41 248 240 98 239 70 123 55 165 44 222 154 91 87 237 53 95 215 131 48 
134 : 53 247 54 130 128 198 106 84 99 51 245 157 133 137 47 175 87 29 193 93 239 235 142 187 37 111 181 26 140 81 80 200 86 122 224 52 169 156 191 145 100 155 94 108 232 71 91 195 194 177 131 58 129 225 174 178 33 201 
135 : 41 156 221 214 34 152 239 130 244 199 179 211 58 43 88 132 25 206 219 220 91 97 185 188 59 98 108 87 225 100 166 233 54 203 169 162 96 197 170 37 205 195 89 229 153 30 228 64 192 218 28 103 40 141 145 175 189 177 136 102 76 110 106 57 248 51 149 39 137 109 238 73 147 29 186 151 237 116 56 26 
136 : 50 77 226 159 57 199 173 225 185 232 59 139 28 119 211 164 216 195 88 96 205 149 134 108 229 93 51 180 179 236 78 72 
137 : 224 202 178 91 119 168 65 124 43 53 31 246 156 233 150 68 243 88 36 78 213 143 237 67 104 83 242 170 209 70 60 192 135 93 185 183 184 169 204 90 197 37 148 189 136 132 190 231 109 199 223 75 111 95 92 126 225 121 73 165 55 134 153 61 194 222 86 211 84 99 210 
138 : 188 73 199 51 159 150 40 183 130 156 47 179 45 132 121 65 244 231 97 84 149 197 90 126 28 234 104 102 172 96 
139 : 242 171 132 153 220 151 32 113 169 99 122 145 143 224 160 125 214 91 165 212 208 155 162 83 174 79 36 144 223 186 88 129 191 
140 : 124 222 137 161 201 130 191 207 102 58 103 104 28 166 129 242 180 83 150 62 71 232 39 89 169 115 118 99 57 95 141 164 97 245 81 125 142 44 216 107 190 151 33 80 79 128 109 156 135 139 111 175 75 160 148 195 173 174 38 159 178 64 126 63 228 234 96 212 132 235 249 248 155 47 241 25 55 206 88 185 198 121 45 66 84 231 90 56 138 53 149 110 32 100 116 113 105 101 230 112 43 51 77 165 239 48 106 26 98 193 
141 : 143 145 46 69 136 106 123 72 229 146 224 70 39 90 129 169 133 55 168 107 56 172 152 67 95 242 74 221 99 176 240 210 48 204 156 174 110 183 57 75 149 182 126 209 42 35 
142 : 243 153 87 78 52 31 97 55 218 64 47 222 54 112 95 248 45 92 48 72 192 125 88 134 46 200 158 115 246 165 49 217 213 197 132 139 105 61 182 100 122 35 151 117 28 109 191 245 135 202 133 44 233 168 164 146 154 231 193 37 157 167 223 51 93 25 198 42 80 161 128 140 68 203 77 141 43 94 30 183 187 188 138 107 211 113 242 130 184 41 199 175 90 169 118 114 216 212 201 206 108 244 
143 : 198 93 226 193 98 184 118 231 130 133 240 225 180 169 181 157 150 72 99 39 136 36 56 100 44 49 232 83 166 164 45 77 223 172 66 203 104 
144 : 128 117 88 182 213 129 67 84 243 225 208 30 59 219 224 148 118 107 63 93 32 66 57 234 140 52 82 123 47 56 49 162 180 126 145 155 188 113 241 142 109 43 131 95 108 105 
145 : 79 112 111 113 119 146 203 29 31 118 83 159 97 99 88 138 216 38 81 42 35 132 210 68 204 239 194 186 115 243 164 199 106 94 208 175 78 155 91 140 215 47 57 93 77 225 226 221 233 247 44 30 46 52 234 192 71 229 58 130 109 65 134 238 59 95 103 223 133 201 121 156 235 189 150 66 182 162 198 154 114 170 90 45 126 137 148 54 51 160 73 184 89 74 190 108 187 61 179 82 183 107 151 40 
