0 : 245 192 110 55 74 209 32 181 190 227 103 228 157 146 102 147 104 141 41 145 182 226 162 248 40 205 122 224 111 59 237 229 61 65 107 46 200 117 51 105 39 88 30 80 159 76 135 172 140 69 155 210 93 125 208 171 188 49 71 199 
1 : 220 73 87 54 76 66 137 44 25 101 95 70 219 42 34 202 129 99 41 139 68 230 60 102 221 210 55 248 178 209 147 235 140 32 134 67 83 26 214 89 108 84 168 188 249 171 150 138 110 244 243 92 40 81 218 197 192 131 43 200 61 
2 : 56 205 71 242 226 101 178 68 128 98 91 80 201 129 146 157 211 224 47 141 108 125 54 208 55 74 232 217 65 151 233 148 102 193 166 181 231 77 85 70 194 62 241 216 195 245 243 161 188 246 132 222 115 154 131 92 69 64 61 82 235 45 51 90 100 33 220 67 138 187 30 172 139 130 162 119 143 83 120 73 57 52 87 200 214 158 152 66 104 127 134 
3 : 188 62 102 244 164 92 204 100 196 38 162 111 151 64 149 66 195 169 207 243 172 108 114 45 227 110 58 245 184 182 112 52 48 159 213 144 186 50 
4 : 126 211 214 197 29 241 88 127 148 157 208 90 166 155 113 210 36 161 104 92 66 85 129 134 46 33 123 150 240 186 
5 : 167 171 84 211 87 65 194 239 42 220 43 61 104 51 125 67 59 130 70 49 99 142 225 205 55 246 240 38 41 231 181 230 129 165 27 158 62 168 200 128 157 54 175 218 163 156 
6 : 248 75 26 33 110 210 206 119 219 143 113 167 114 194 155 126 25 186 163 39 199 156 147 238 36 207 87 137 240 128 189 214 136 99 52 242 107 129 73 243 103 109 108 158 177 221 195 102 29 79 171 182 211 83 
7 : 224 221 57 40 200 162 69 85 25 32 102 46 222 210 212 132 117 154 71 110 233 34 229 187 83 103 197 151 94 188 180 198 86 79 139 152 27 90 84 54 190 138 105 192 82 112 156 36 111 195 241 236 104 64 185 52 37 153 118 227 28 89 225 235 144 237 226 62 170 176 99 45 244 81 216 186 129 121 141 98 211 35 60 238 58 67 207 220 134 163 87 76 191 136 33 193 231 39 56 48 77 178 245 232 68 159 125 204 209 
8 : 51 136 145 90 165 121 221 220 101 89 242 123 60 144 168 184 194 223 46 154 65 75 126 180 186 54 25 77 120 166 232 127 135 243 203 217 176 171 160 140 122 235 64 61 212 185 202 35 157 88 193 146 27 245 76 128 117 38 31 183 28 229 177 155 52 71 240 42 163 230 96 112 95 219 143 169 91 149 86 78 222 83 81 152 170 74 214 47 115 100 33 62 32 119 191 80 63 233 206 142 237 84 107 59 148 29 108 209 
9 : 174 113 115 165 226 80 186 147 88 111 95 38 200 234 46 204 201 235 32 183 164 141 178 39 57 158 44 41 58 83 73 120 36 247 153 112 67 163 70 188 182 126 210 172 101 25 45 56 202 31 48 124 40 249 236 175 229 79 97 52 30 129 135 211 166 86 29 137 161 98 152 90 121 68 209 224 203 92 130 49 128 82 72 169 138 195 89 64 180 27 81 162 116 
10 : 206 126 102 138 168 54 149 217 164 225 124 49 46 76 40 100 172 120 59 65 101 134 209 193 142 170 42 238 107 39 114 147 86 63 199 246 82 194 183 174 212 26 184 72 160 94 78 213 179 229 243 171 240 62 176 189 241 136 156 97 216 105 80 53 153 163 
11 : 154 205 167 164 52 55 177 71 239 170 34 27 143 108 88 66 94 93 169 238 234 227 212 163 186 60 50 242 209 38 191 54 203 222 115 31 179 145 229 72 152 172 211 117 25 159 104 176 62 194 82 92 245 223 141 135 166 116 196 214 213 26 36 79 193 37 198 189 217 113 175 86 146 230 41 207 83 247 134 56 98 119 68 126 47 158 129 153 67 232 81 132 149 120 190 30 122 106 240 215 136 218 181 248 208 133 180 80 
12 : 63 156 155 174 210 247 41 47 98 48 136 243 200 198 135 138 171 80 29 216 133 55 160 107 191 78 120 231 100 137 33 188 119 187 146 45 124 58 208 217 178 175 30 31 169 164 180 86 199 242 114 182 204 96 121 89 81 154 173 219 32 95 232 35 197 110 177 43 150 166 139 57 143 245 249 168 25 112 186 179 79 185 27 157 103 37 76 220 97 101 193 73 111 163 36 190 176 59 
13 : 157 61 165 88 239 51 79 101 67 213 161 54 111 128 65 49 226 136 190 122 140 248 215 29 106 35 102 81 100 27 37 41 150 174 47 195 148 210 231 187 64 56 216 66 241 211 94 131 62 96 60 113 204 89 193 228 87 222 104 119 73 105 
14 : 124 167 28 237 60 97 119 81 190 125 146 47 83 173 113 41 226 211 159 204 229 95 149 147 52 221 245 70 143 67 75 248 202 58 165 198 243 25 230 42 174 34 192 38 181 214 138 227 203 182 94 31 72 191 127 241 140 223 53 220 50 134 27 26 54 197 87 84 244 89 200 108 209 48 155 43 122 110 66 160 128 201 216 176 46 242 171 111 121 166 55 135 154 163 130 77 85 199 35 120 231 193 170 142 139 233 32 238 44 71 76 57 205 80 224 
15 : 82 206 148 95 140 91 194 34 71 27 165 139 200 118 47 249 141 178 215 205 188 149 84 166 196 183 41 221 128 184 31 103 175 201 136 161 70 124 138 157 235 97 61 229 208 42 131 106 101 220 107 168 137 162 152 73 185 122 52 191 176 29 199 49 219 93 127 244 112 225 172 104 113 181 156 203 135 75 66 62 67 89 105 195 32 197 85 239 54 123 36 50 173 26 226 
16 : 157 85 196 161 27 129 91 117 159 115 46 242 60 51 199 42 222 82 76 119 111 237 158 244 130 
17 : 167 168 61 72 231 113 221 118 160 183 101 55 241 110 244 202 199 217 146 156 194 186 208 39 249 73 157 67 158 196 71 203 184 45 163 36 123 27 219 138 224 136 220 
18 : 58 86 36 70 169 145 96 210 33 105 153 168 200 142 139 54 117 249 211 134 183 27 178 116 28 212 143 73 111 108 120 236 237 61 99 159 130 95 30 173 148 220 147 75 192 191 136 81 56 180 49 238 189 233 29 48 244 84 88 197 152 138 243 85 208 135 231 202 37 242 35 218 55 194 43 184 232 89 
19 : 174 72 156 133 199 29 231 180 140 97 50 127 148 236 232 112 193 48 238 91 82 246 80 111 240 219 116 244 247 93 191 184 41 122 203 239 84 61 89 192 77 245 186 27 139 216 39 123 88 64 213 220 59 31 106 36 128 237 65 75 130 222 206 209 178 195 151 134 185 44 166 52 221 150 176 110 224 196 99 87 153 35 200 177 113 144 181 55 165 92 85 71 226 125 235 162 131 173 
20 : 178 81 28 189 127 171 35 116 106 96 48 139 199 216 154 148 62 161 231 59 68 168 103 219 145 240 52 228 166 176 119 207 194 227 136 196 
21 : 235 174 241 135 63 33 25 176 115 81 226 106 196 165 76 126 191 136 118 58 132 153 200 239 120 51 216 206 197 211 45 96 117 124 83 102 152 133 227 248 130 183 103 48 67 155 125 231 209 47 75 112 41 145 62 140 27 105 84 119 189 243 192 82 123 28 55 43 113 198 244 61 156 144 116 97 223 86 85 150 158 78 147 79 100 70 30 122 37 114 80 92 99 177 234 90 98 154 88 142 229 
22 : 181 236 209 217 234 221 247 231 215 172 102 76 147 94 157 154 75 238 216 163 55 49 200 176 156 226 47 188 97 174 138 167 63 121 158 62 83 143 153 60 118 142 40 173 30 213 222 224 50 241 244 101 99 59 119 79 41 246 139 149 39 227 108 82 100 96 243 150 72 86 203 166 190 61 88 52 31 35 219 106 92 144 98 225 195 43 183 44 77 51 64 122 90 65 111 211 164 113 27 182 124 137 68 38 229 152 136 58 87 205 198 116 69 155 179 170 197 239 194 126 171 36 
23 : 139 161 175 230 199 89 73 40 236 121 115 125 64 242 164 223 118 34 41 45 28 202 191 38 249 63 243 169 186 141 101 210 86 244 167 68 226 42 216 213 111 91 131 166 100 39 102 51 103 92 170 197 204 55 81 25 231 48 158 156 145 137 66 238 136 180 178 245 149 234 163 182 192 240 241 
24 : 38 46 64 166 182 210 45 48 168 93 55 154 165 111 204 133 98 63 147 118 137 33 177 101 249 167 28 106 170 202 143 156 110 203 159 149 146 65 124 30 70 35 41 127 91 115 121 174 230 142 32 173 66 119 108 191 218 123 245 50 193 54 135 219 94 150 189 37 131 207 235 36 225 214 211 52 132 86 88 112 26 51 180 179 129 151 53 125 237 234 185 192 61 199 190 172 136 67 241 145 175 128 194 42 220 243 134 92 
25 : 199 184 130 89 142 178 147 74 87 223 242 76 73 181 101 148 244 212 64 99 239 234 164 232 107 216 111 129 65 180 53 158 125 55 157 106 60 191 32 77 149 217 46 112 63 193 35 201 240 169 233 208 127 85 67 119 228 138 204 81 144 140 30 86 83 188 170 58 229 94 176 160 33 40 238 114 38 98 219 177 84 213 227 39 206 88 163 80 221 131 70 68 225 
26 : 127 223 243 204 241 87 222 32 191 184 98 78 232 82 75 219 135 102 39 97 64 48 63 137 146 62 56 168 154 240 79 71 37 195 94 215 163 59 224 44 118 167 86 229 210 99 152 144 76 178 148 218 143 65 104 67 207 205 180 74 235 136 149 34 159 90 212 140 160 84 214 248 181 52 77 68 177 51 46 176 151 233 200 43 107 131 209 31 161 213 193 206 117 157 227 28 130 190 198 58 169 192 150 179 197 175 234 61 165 225 231 
27 : 109 245 102 58 113 114 147 155 138 89 140 98 248 163 204 35 25 64 63 32 239 191 186 110 104 219 173 44 91 128 214 171 131 217 143 71 161 29 83 105 85 238 196 193 78 62 212 157 37 55 120 246 162 154 184 74 160 43 27 46 226 174 125 233 192 56 133 153 88 57 68 119 223 99 208 242 183 241 228 127 172 194 122 179 79 188 229 139 116 165 169 38 51 159 121 93 100 207 197 134 166 28 187 75 152 123 26 50 70 200 36 236 
28 : 117 218 111 192 238 172 225 146 241 47 242 205 170 33 70 143 101 156 167 83 212 196 125 132 207 234 201 162 25 236 195 220 76 144 136 216 112 169 222 37 85 235 126 129 123 202 48 81 188 152 107 231 200 191 56 130 233 41 157 57 54 94 240 98 35 155 228 148 171 93 42 86 175 34 58 215 72 164 95 100 46 68 99 108 105 221 91 84 187 63 142 199 114 206 43 138 189 121 52 209 71 133 244 50 135 82 118 232 115 140 158 151 27 185 227 55 110 39 67 88 
29 : 199 175 37 80 242 129 145 229 168 167 188 170 183 36 192 186 162 184 28 33 96 31 95 60 82 
30 : 223 45 28 208 171 107 122 135 200 44 60 81 204 108 188 169 231 176 25 136 154 30 106 128 224 89 114 99 146 221 229 192 115 39 49 53 48 211 76 239 62 207 26 198 232 182 31 79 52 38 40 35 181 72 78 117 202 157 191 86 168 125 74 51 246 206 236 237 92 70 
31 : 230 119 109 205 171 54 61 53 35 63 216 206 70 94 225 107 108 151 223 83 72 45 192 180 32 231 137 226 80 92 117 164 60 173 208 55 48 249 210 245 123 33 246 228 221 105 198 27 157 86 37 244 241 81 149 96 172 148 69 138 219 152 155 111 114 56 193 36 102 132 87 106 196 112 42 51 26 190 116 201 91 47 133 139 175 128 181 236 64 136 74 31 100 178 141 189 118 73 160 57 131 90 134 237 167 76 125 29 220 88 34 232 41 165 65 68 62 214 38 85 
32 : 117 86 60 207 112 164 229 137 121 179 102 202 39 189 141 161 233 174 228 139 194 215 95 243 75 69 91 28 116 93 173 66 120 129 26 125 154 237 134 195 59 94 57 145 231 104 149 148 78 82 187 90 89 201 199 157 175 216 68 162 140 131 98 246 220 144 49 236 190 151 40 122 245 67 191 153 65 156 171 170 198 35 223 
33 : 70 232 223 248 150 152 147 53 96 94 126 197 204 27 249 225 154 38 215 141 129 192 132 59 209 124 90 224 169 135 103 97 89 93 175 44 48 
34 : 207 146 223 92 127 69 202 52 119 77 177 167 101 76 197 217 129 68 99 107 171 50 110 198 184 51 117 39 124 37 181 187 170 85 53 89 221 
35 : 91 177 138 239 120 76 159 210 235 172 25 189 51 71 167 33 53 52 246 183 109 66 115 221 61 121 57 37 228 47 103 223 96 55 209 106 191 241 70 102 56 84 142 203 69 162 208 64 245 151 157 31 240 49 131 38 124 154 242 108 132 116 139 45 236 100 74 93 62 44 140 212 50 196 40 79 193 122 175 67 176 225 36 46 58 118 180 155 
36 : 128 90 212 187 228 227 42 245 97 172 41 125 82 66 141 159 83 48 107 70 109 33 71 47 110 134 191 105 169 52 84 59 96 197 180 201 132 89 226 202 215 62 178 162 69 43 234 200 153 102 94 190 213 111 65 171 177 80 156 25 149 120 219 137 76 216 99 229 173 230 87 133 127 81 85 218 57 39 199 91 220 206 168 155 135 121 46 209 205 145 192 136 195 40 61 50 142 45 239 203 36 138 34 146 160 240 217 143 242 35 164 248 214 32 98 118 86 
37 : 235 68 173 228 225 87 176 142 154 50 28 26 158 144 117 209 215 202 98 106 127 73 219 43 109 161 59 164 44 229 52 78 133 157 61 153 207 37 247 132 135 236 226 36 105 45 238 193 145 79 197 34 100 175 218 38 107 239 196 99 186 185 103 183 166 180 148 76 233 116 119 172 182 
38 : 179 143 247 191 244 197 36 99 202 88 205 166 90 118 95 190 241 211 125 123 51 65 30 167 84 58 198 105 155 107 139 135 196 201 83 141 181 186 228 26 28 98 32 117 78 133 97 130 235 43 224 182 145 226 68 82 122 153 216 221 231 188 
39 : 82 198 167 195 145 201 210 191 164 231 72 63 90 175 133 68 102 136 122 221 135 181 123 49 239 111 234 237 206 150 124 204 84 154 236 230 141 156 196 152 33 121 173 153 184 104 83 92 114 243 106 172 179 214 143 73 116 232 55 187 59 42 197 53 93 242 146 26 216 134 241 75 107 161 182 215 192 38 207 36 51 101 200 163 183 118 30 54 113 61 170 185 66 233 
40 : 100 158 33 193 213 47 235 54 131 192 237 35 166 48 147 173 201 46 67 186 73 182 150 214 161 221 121 94 203 105 156 229 177 106 27 83 133 244 122 165 230 223 138 56 154 88 243 139 224 
41 : 122 200 29 89 162 72 107 175 104 37 27 241 26 242 101 59 60 160 239 195 206 71 187 229 96 42 
42 : 108 243 166 89 37 109 227 219 150 32 141 208 198 169 205 148 191 35 29 85 27 244 203 96 39 154 152 163 237 199 40 192 120 202 143 81 113 193 161 179 33 129 146 59 216 241 235 78 25 137 171 180 174 121 133 42 130 159 183 131 212 97 61 248 221 149 189 101 46 172 240 142 155 145 102 44 122 173 167 98 247 157 53 164 110 222 
43 : 72 104 242 170 53 218 142 245 194 211 101 42 32 188 63 145 106 160 108 31 236 49 25 186 231 107 83 92 184 172 115 79 45 65 62 47 
44 : 74 112 106 166 125 188 161 141 51 185 103 47 101 142 114 73 171 70 237 149 111 154 134 92 79 29 216 233 176 144 39 172 119 28 220 54 117 187 65 246 122 
45 : 69 86 143 159 47 65 103 38 154 67 96 114 230 112 81 182 51 176 33 29 28 201 116 74 137 42 171 50 198 76 133 186 160 136 134 173 183 40 119 241 174 244 242 113 189 157 57 110 73 106 120 54 
46 : 197 34 95 33 91 53 86 217 231 31 178 134 109 114 207 35 210 106 126 194 47 166 182 156 98 152 119 51 89 80 93 37 232 158 199 38 171 84 186 100 83 209 214 64 142 115 179 76 174 67 122 177 185 129 212 218 90 229 92 131 224 41 193 63 138 55 116 238 137 161 143 125 132 165 198 58 97 74 247 206 245 75 221 215 73 96 61 27 52 72 56 99 183 160 57 233 
47 : 46 209 237 184 66 165 148 116 111 50 238 223 139 113 156 179 135 162 168 121 240 45 227 105 174 76 97 210 228 244 74 95 112 247 164 77 49 198 171 32 189 44 225 183 89 109 72 73 88 146 144 100 53 101 185 147 30 214 172 234 65 96 26 181 167 204 91 219 51 142 104 102 78 211 212 61 129 33 82 98 138 39 38 218 136 195 149 177 103 40 151 130 236 127 81 220 41 80 27 155 86 203 
48 : 135 110 45 102 232 236 142 143 118 215 170 89 155 193 91 223 168 75 149 117 52 183 139 83 166 70 63 107 185 187 210 174 201 130 159 151 81 62 97 235 64 44 40 47 213 49 54 200 108 188 106 167 177 163 71 27 157 237 39 192 169 164 103 113 123 219 60 37 225 140 231 186 68 195 162 119 137 112 161 206 190 126 48 133 30 25 29 94 204 222 153 217 144 246 92 33 233 191 244 28 248 148 146 238 227 120 121 80 122 218 114 127 173 41 184 249 
49 : 26 158 112 131 104 44 225 154 221 58 95 241 79 172 133 105 168 143 231 71 70 106 212 82 226 37 248 147 219 206 87 161 69 109 61 211 27 218 81 56 68 51 163 85 177 40 113 242 83 108 118 162 125 141 128 240 245 195 194 73 32 179 208 55 80 140 45 39 124 103 150 246 25 239 213 144 244 183 230 233 77 46 171 134 99 148 203 187 184 34 210 204 149 122 59 160 216 222 126 178 155 228 30 97 190 157 197 227 152 135 96 110 
50 : 33 212 46 181 114 198 163 136 117 65 185 211 213 218 68 239 95 49 160 88 143 179 157 249 248 188 56 51 52 86 115 89 149 190 226 133 187 139 209 67 174 98 94 53 164 84 224 202 193 62 228 41 240 132 169 90 28 166 152 206 155 104 123 91 229 150 230 92 70 108 106 36 221 58 144 182 156 210 186 140 191 75 105 225 214 159 
51 : 237 36 201 238 109 248 198 61 173 112 133 119 42 92 147 48 56 34 180 200 85 167 73 33 100 149 153 234 187 171 164 151 82 216 243 230 214 27 247 125 65 49 242 88 97 203 29 123 30 188 93 134 213 157 117 46 132 78 246 80 215 145 169 87 57 186 206 60 106 111 89 126 37 174 240 45 68 189 209 116 95 232 129 185 241 121 168 159 90 220 120 51 194 81 69 103 224 190 113 140 138 211 31 105 54 192 163 131 204 202 161 229 77 122 
52 : 245 91 29 95 184 87 45 80 30 243 182 221 41 77 62 73 169 170 149 74 166 106 173 52 69 65 146 28 191 227 195 121 211 82 193 42 229 187 199 163 67 161 51 85 112 205 142 179 47 37 84 234 220 133 71 59 64 141 54 83 165 127 49 247 53 238 217 105 32 197 113 219 108 153 86 136 201 154 101 144 61 204 189 111 206 126 138 239 155 241 172 249 158 183 162 208 200 89 27 123 124 225 94 115 60 147 222 93 198 156 66 34 
53 : 93 37 104 180 95 128 234 123 168 42 78 241 67 79 207 122 58 43 50 99 194 211 236 195 135 171 113 30 39 154 139 53 60 48 89 143 227 38 126 141 172 167 164 166 
54 : 245 53 107 48 64 75 145 85 136 215 224 146 188 159 118 211 73 141 182 108 106 194 181 226 119 123 174 134 193 187 43 190 221 65 113 88 242 99 67 152 54 155 206 82 189 100 135 186 91 93 124 248 81 57 148 247 166 149 157 214 153 47 161 147 225 154 179 177 208 151 110 130 138 180 199 83 36 97 29 222 89 244 238 90 111 240 195 92 223 
55 : 35 171 48 177 227 80 77 59 248 88 131 113 221 47 109 116 57 201 243 106 199 127 83 132 135 26 162 144 229 143 115 202 214 149 49 179 87 73 105 69 173 63 119 61 95 212 134 67 28 151 191 174 217 101 72 76 122 196 145 140 215 66 230 206 228 150 164 226 148 110 53 236 54 111 81 170 193 244 75 157 211 114 154 139 210 146 41 155 104 74 163 247 97 128 161 153 222 152 118 198 31 100 68 159 192 141 213 120 130 195 64 51 92 245 79 107 32 197 96 175 108 
56 : 53 182 26 189 81 204 91 175 169 136 68 38 95 239 132 150 101 159 126 122 208 155 141 56 216 58 203 100 246 125 67 200 80 106 135 173 247 65 108 176 105 164 63 210 171 220 119 127 249 35 199 60 192 76 244 143 243 160 71 72 40 120 96 205 115 172 157 93 52 163 43 36 186 218 162 57 31 147 78 92 248 86 29 137 103 207 235 84 236 128 110 70 34 75 195 148 185 46 184 145 83 87 41 194 222 51 177 191 109 77 111 161 107 217 181 180 232 48 124 
57 : 240 113 170 84 96 174 25 247 205 184 95 232 66 145 90 34 175 120 167 57 69 210 71 38 67 140 111 208 165 29 108 27 31 98 102 152 193 46 74 233 157 141 236 88 237 197 242 166 225 28 80 65 33 44 37 181 191 151 114 35 188 26 243 51 195 192 149 54 126 77 68 182 73 169 93 227 207 147 221 83 144 222 62 224 185 217 200 
58 : 108 122 60 208 160 34 135 236 117 227 155 147 88 184 207 68 235 171 94 126 107 197 87 239 53 65 218 44 144 172 28 174 148 78 187 127 248 61 150 173 58 192 138 178 169 71 226 
59 : 218 148 179 206 37 105 133 129 157 36 207 213 27 93 73 77 28 216 47 161 247 58 138 90 210 72 41 243 80 76 155 240 244 228 217 88 55 102 195 188 32 127 116 178 114 50 83 121 233 141 241 182 39 126 100 236 46 177 74 224 237 168 40 35 70 99 30 75 159 49 184 63 78 86 242 245 34 232 131 229 61 183 163 147 212 234 81 111 144 150 94 112 151 
60 : 229 75 127 192 233 205 182 188 184 120 68 57 247 134 180 163 145 55 240 215 241 98 70 114 106 158 152 174 51 28 179 99 124 146 38 201 105 210 102 115 149 238 126 59 214 173 200 84 65 140 25 97 128 118 181 167 169 50 185 88 72 223 49 35 54 74 133 29 91 73 244 189 139 237 243 100 148 136 53 103 246 
61 : 154 87 171 207 223 234 137 43 92 205 84 203 184 108 35 187 116 210 134 91 246 235 194 119 174 52 93 117 199 196 249 65 57 124 146 189 232 227 238 225 153 170 161 195 67 85 133 94 80 135 115 213 219 224 39 201 34 191 88 168 220 147 36 217 31 159 29 156 144 229 70 231 78 40 62 77 114 48 75 30 82 193 248 167 72 151 176 69 180 122 98 99 157 230 182 185 239 209 37 140 131 56 204 218 51 243 
62 : 52 75 105 167 209 87 117 218 174 98 123 223 91 80 88 205 162 121 61 133 135 195 109 36 143 169 229 76 106 70 217 119 147 151 173 136 181 126 161 154 29 170 224 150 212 35 231 134 110 148 158 159 128 127 100 
63 : 208 33 151 113 181 91 48 242 59 100 73 94 90 162 227 80 143 65 148 221 222 125 138 25 107 246 202 231 200 67 49 218 166 217 27 137 197 163 247 237 209 52 198 168 62 152 149 183 164 82 79 46 36 167 186 211 81 203 98 117 131 214 50 160 118 39 87 123 232 210 31 216 212 223 190 175 220 145 245 249 229 195 136 124 196 92 230 142 103 43 57 180 201 234 34 240 238 144 158 89 111 178 184 182 47 
64 : 35 203 199 215 25 212 119 45 40 87 233 227 228 121 58 128 229 192 239 136 220 113 178 43 237 216 163 89 90 182 235 162 226 105 56 213 247 123 197 142 118 88 54 95 176 85 183 158 125 84 32 243 129 153 135 206 148 245 126 157 76 150 81 91 115 96 156 179 144 140 55 169 48 217 107 124 181 244 75 73 82 46 100 106 152 42 77 201 151 232 120 170 137 236 242 149 97 219 
65 : 180 202 101 198 173 248 145 40 166 167 161 57 168 149 163 117 249 233 30 96 38 106 210 127 206 76 107 238 108 139 178 228 230 56 169 82 137 159 222 29 80 193 41 132 114 121 170 54 88 102 181 77 105 26 164 52 213 94 171 51 182 192 197 179 63 201 116 154 153 64 123 227 68 147 187 100 138 42 205 203 128 120 216 242 240 49 200 110 239 224 237 59 134 141 74 186 60 32 223 126 189 89 78 151 208 48 58 143 214 234 174 
66 : 70 33 119 193 197 46 159 157 93 126 25 171 83 136 84 139 137 166 210 212 201 52 242 226 98 148 113 209 88 75 53 41 248 167 151 189 106 231 177 87 243 76 127 135 140 224 147 238 240 221 35 239 27 222 218 81 112 26 82 80 165 160 234 
67 : 80 125 186 182 246 65 144 33 142 100 62 97 117 159 244 126 74 177 241 25 220 168 224 38 86 193 145 163 35 248 198 91 233 63 85 30 143 158 162 238 114 231 218 26 105 101 51 225 181 212 180 179 109 178 223 70 150 183 216 199 227 226 237 123 
68 : 39 206 218 68 166 234 61 181 81 131 66 229 69 27 48 215 228 200 117 111 112 83 191 184 45 178 237 247 170 34 142 239 233 41 171 164 204 88 192 169 77 119 177 176 130 219 134 100 168 220 188 51 183 103 201 
69 : 211 153 203 112 217 200 32 194 44 138 243 223 48 237 70 177 170 126 96 114 130 198 142 82 111 227 35 204 105 29 179 140 133 147 104 230 31 197 248 75 208 98 83 205 93 178 216 154 144 46 58 167 103 43 155 102 59 238 141 92 139 67 36 66 207 
70 : 115 42 189 158 154 195 205 190 98 145 110 187 79 183 47 198 94 105 181 53 112 155 30 45 184 153 210 51 235 204 57 216 61 130 89 32 49 85 166 128 119 40 92 241 111 60 35 88 167 138 168 83 171 194 104 177 200 227 161 129 99 131 223 52 240 82 78 147 140 81 246 34 118 75 211 221 169 244 122 234 197 217 203 116 125 152 165 41 229 90 239 182 248 50 199 159 233 76 245 208 97 71 232 68 212 31 222 207 193 93 218 91 48 196 247 202 69 214 170 
71 : 68 31 41 66 67 238 138 165 83 102 192 150 149 61 45 189 115 91 234 82 181 44 84 139 29 137 52 191 57 104 42 205 212 39 63 107 118 121 179 183 243 47 230 196 40 236 195 75 90 215 163 131 152 85 127 64 229 162 226 30 126 173 94 227 49 134 242 209 58 206 222 233 166 221 161 37 74 176 216 154 172 34 97 171 207 125 120 95 65 218 88 87 217 214 145 155 237 53 147 113 59 142 130 225 81 71 55 208 211 169 119 77 153 245 158 
72 : 133 124 151 240 36 47 49 218 246 93 228 53 130 167 41 81 196 64 59 89 206 205 139 68 122 78 213 71 156 38 109 159 160 26 48 248 216 154 92 54 79 142 147 90 164 34 100 52 114 
73 : 46 155 102 49 208 50 100 57 47 161 150 32 28 244 98 148 218 157 73 216 203 223 58 178 167 136 243 177 63 170 95 
74 : 211 50 67 187 225 224 92 38 160 126 236 53 169 173 223 190 96 112 226 46 133 61 245 31 129 43 247 241 82 221 87 104 128 170 109 118 45 85 26 167 207 164 83 57 49 62 100 105 120 146 153 186 248 138 113 195 163 184 191 58 41 55 156 79 174 88 131 59 130 73 147 28 229 51 111 209 220 69 90 171 125 165 32 175 136 99 232 172 243 222 37 152 200 140 114 44 101 194 86 219 29 56 80 
75 : 30 211 203 106 185 196 202 95 139 209 210 44 246 26 54 126 117 93 75 132 143 99 201 177 124 85 160 83 56 100 116 161 190 243 163 182 42 228 87 82 233 72 166 
76 : 88 45 95 32 180 53 35 182 92 129 219 202 130 73 163 115 237 165 187 171 221 234 51 224 39 217 231 94 99 207 244 235 214 153 47 125 176 126 232 134 201 36 121 229 142 230 60 223 123 48 210 240 139 249 160 55 145 59 120 96 31 43 91 26 204 28 238 68 90 132 248 103 78 38 151 131 152 62 54 75 133 197 174 33 86 200 52 122 137 83 146 70 110 105 69 150 225 76 168 57 117 184 211 148 106 161 37 155 190 236 
77 : 153 171 123 79 191 239 47 113 62 46 224 247 115 189 64 58 246 95 243 116 61 72 92 165 90 118 159 168 50 184 200 67 41 193 144 202 97 244 182 37 71 177 236 229 77 48 194 180 82 105 205 35 158 156 30 70 52 76 124 91 129 65 88 100 220 130 154 66 29 43 160 133 107 162 36 138 68 147 134 32 212 33 45 172 203 186 195 170 54 80 146 234 181 73 38 197 214 219 151 
78 : 192 160 29 167 204 103 157 99 94 74 208 30 47 233 33 53 212 75 116 112 27 216 163 125 201 209 146 246 191 183 147 170 111 181 223 
79 : 233 135 77 176 61 74 147 57 179 160 44 90 63 221 36 202 52 91 124 168 70 114 235 218 190 193 56 225 35 80 45 247 245 142 152 241 175 30 83 207 66 39 203 169 248 201 246 178 171 243 67 222 103 100 141 68 219 134 107 209 242 97 240 164 128 101 26 76 29 41 120 220 185 79 158 
80 : 228 36 30 94 54 150 219 52 100 42 35 103 55 205 158 181 92 69 236 143 189 74 163 201 193 81 141 171 115 26 196 59 43 180 188 167 178 218 58 233 63 89 34 53 200 
81 : 163 157 104 74 102 40 84 105 70 77 129 111 225 47 231 132 46 58 116 106 121 172 193 188 118 131 50 115 76 162 142 125 113 175 178 237 128 222 120 94 103 26 247 81 168 182 72 140 71 86 
82 : 115 133 55 182 98 244 226 57 36 93 127 108 28 222 158 31 107 228 142 132 114 71 151 155 235 220 116 100 90 65 162 119 202 77 122 160 233 89 172 81 164 41 214 217 34 67 184 218 230 181 27 207 66 231 121 174 33 183 72 118 53 178 120 86 188 138 212 111 85 130 137 37 189 148 209 146 38 147 229 191 117 54 240 237 76 56 213 203 
83 : 225 136 229 195 38 174 180 233 152 191 207 216 47 173 116 25 234 172 56 144 100 137 201 99 91 28 145 249 190 90 196 81 49 161 208 139 192 67 60 193 134 115 155 179 33 176 126 189 215 138 114 222 128 185 206 96 123 151 48 198 120 84 238 248 31 147 62 162 140 
84 : 242 200 90 208 154 52 43 165 186 163 209 174 177 104 103 148 66 227 28 126 137 156 224 81 147 222 183 118 159 160 141 244 215 58 61 68 
85 : 183 62 98 91 246 65 217 117 156 54 208 181 123 184 125 185 201 99 27 58 70 66 104 88 152 71 130 215 86 36 59 89 148 145 206 224 164 69 85 182 35 34 26 197 37 198 63 227 42 243 49 64 103 81 30 57 76 141 120 209 100 28 219 114 202 218 248 109 80 142 32 115 105 232 132 40 112 177 147 230 43 178 137 107 228 110 194 122 172 242 173 159 111 78 119 75 158 39 249 41 151 67 84 229 166 221 96 102 174 155 204 51 160 157 
86 : 99 229 221 73 175 169 207 134 42 123 178 77 238 177 237 50 135 85 79 47 110 31 103 152 112 78 76 82 65 146 63 
87 : 82 222 66 44 112 90 69 108 70 200 52 243 132 215 68 136 221 55 80 106 79 220 231 208 121 142 196 189 146 185 29 120 159 39 128 219 214 53 73 81 27 203 156 40 241 140 168 145 111 30 166 118 235 225 186 38 212 122 210 148 187 72 138 50 123 28 58 211 217 36 76 
88 : 73 168 119 42 101 192 91 108 114 232 100 136 218 174 160 55 59 234 212 150 38 139 35 144 135 95 79 107 215 166 184 159 102 223 156 64 182 120 190 217 177 148 50 219 175 29 28 239 194 204 216 110 152 129 220 191 54 221 68 169 130 180 115 200 140 228 241 103 231 112 32 39 149 245 26 155 99 88 92 121 81 96 147 94 125 183 
89 : 49 215 182 241 205 216 193 69 77 42 178 142 218 82 148 174 111 109 186 84 132 38 137 217 183 43 123 135 103 185 
90 : 44 76 112 233 193 110 227 143 186 230 153 62 219 107 188 131 50 108 170 136 66 195 226 99 166 169 147 82 142 25 118 104 47 33 236 95 93 28 222 34 114 178 144 135 48 191 161 215 27 160 138 129 26 141 139 240 202 75 225 184 63 121 80 174 90 177 165 162 113 211 87 172 100 109 89 218 181 
91 : 203 171 147 87 109 145 200 136 124 43 197 53 107 218 80 104 225 210 227 205 204 233 122 148 66 220 83 222 249 175 240 246 207 37 223 155 
92 : 160 247 221 83 40 44 128 165 205 152 199 52 116 76 218 75 202 217 42 159 55 59 203 73 148 235 47 137 61 112 138 135 134 141 191 244 38 65 245 111 236 43 186 99 49 68 94 184 145 32 230 180 193 77 114 168 56 45 105 70 35 92 215 212 175 225 127 146 48 125 196 67 207 104 90 242 198 173 124 132 248 223 63 197 209 119 71 161 206 102 27 143 249 95 28 172 53 31 178 33 106 88 98 29 78 210 110 39 169 194 174 162 36 243 51 
93 : 88 243 170 96 208 192 139 234 232 165 118 89 172 41 94 201 220 104 205 247 87 144 242 211 202 27 47 182 180 241 151 226 74 133 159 122 150 31 244 106 101 162 233 138 238 143 63 29 40 107 50 225 189 116 36 237 223 90 227 235 157 191 98 35 187 70 115 183 178 59 126 124 163 215 52 213 154 100 204 210 224 44 147 200 77 117 127 164 86 58 132 61 153 230 222 37 219 236 145 167 173 26 34 175 57 161 120 113 76 206 93 239 125 109 
94 : 76 117 162 66 200 220 199 224 79 57 56 172 136 110 177 72 43 179 178 223 118 31 246 240 241 141 146 208 49 34 122 175 226 237 161 61 59 144 215 62 
95 : 100 181 51 147 178 65 185 35 31 189 116 182 46 70 138 53 186 128 224 234 133 132 177 190 99 210 131 193 136 141 90 27 157 32 173 248 110 30 148 200 176 118 44 108 33 64 111 48 167 221 196 222 180 112 
96 : 80 134 224 61 39 56 133 135 84 137 40 216 27 141 101 205 210 81 174 219 247 46 239 142 109 68 
97 : 162 90 127 71 175 197 218 134 74 158 138 149 242 234 62 177 123 136 118 193 151 205 152 178 82 58 210 99 229 67 221 125 172 133 88 141 147 170 29 191 160 76 107 180 188 98 73 137 145 165 198 203 48 124 144 49 93 109 46 236 70 222 96 77 101 237 45 32 192 248 232 154 56 43 241 206 238 227 103 44 86 219 106 52 47 78 182 239 246 66 126 184 80 213 130 190 183 113 42 55 249 195 204 217 128 235 40 75 143 159 114 150 
98 : 174 59 246 109 200 36 221 237 63 68 118 176 205 71 58 241 151 105 77 230 45 208 249 170 197 75 210 104 128 56 164 134 48 44 227 121 
99 : 238 222 110 124 240 98 73 32 47 63 115 233 183 157 191 249 39 195 86 211 216 141 132 193 75 162 188 119 112 60 185 123 88 156 122 199 192 97 166 208 168 65 90 107 223 70 81 133 84 143 202 174 172 139 231 82 30 45 99 46 228 206 226 150 52 76 28 50 151 136 94 153 54 217 138 242 27 218 205 118 83 64 25 61 200 209 147 56 177 95 230 55 59 69 43 
100 : 44 126 163 61 227 168 229 218 105 135 153 200 96 181 221 195 59 204 70 102 247 194 132 151 226 233 121 82 158 224 76 187 146 176 68 188 37 137 191 120 219 190 47 48 78 214 236 26 225 207 183 189 154 113 161 75 192 69 213 234 116 33 103 80 172 40 63 244 66 170 143 162 145 87 139 142 232 
101 : 244 104 134 98 37 138 229 211 187 234 66 84 169 93 165 55 146 208 243 60 113 112 207 230 215 125 117 64 95 47 140 222 147 170 206 105 242 249 176 42 102 198 172 191 171 193 203 87 35 241 226 80 39 111 216 148 162 59 154 30 149 166 132 25 53 214 110 228 33 54 204 130 73 202 70 188 217 192 248 29 100 128 79 65 227 96 48 137 160 155 71 150 233 75 178 179 41 139 68 184 142 177 118 63 161 115 81 236 221 56 97 168 106 143 108 40 76 36 224 50 151 182 
102 : 118 120 147 93 203 152 53 87 57 144 79 200 181 30 101 76 205 136 33 34 204 241 127 160 71 183 86 128 192 237 231 131 248 188 196 199 130 41 51 239 92 194 67 240 176 112 141 166 26 230 146 242 164 89 172 111 124 161 149 102 45 99 223 122 117 59 243 190 171 80 178 170 75 213 94 95 54 151 247 168 103 156 148 228 88 125 221 48 
103 : 239 113 207 192 161 170 104 171 107 219 213 159 126 67 144 140 233 202 112 105 220 216 109 89 121 62 30 61 212 63 172 49 131 39 35 44 37 201 232 42 138 41 82 114 189 208 240 248 241 124 59 87 164 46 106 187 116 55 45 137 168 186 183 115 120 210 150 64 52 38 47 249 72 100 32 78 86 214 
104 : 142 108 123 185 220 170 141 208 85 146 32 107 39 154 200 211 67 143 31 105 55 161 92 69 194 216 46 133 25 66 28 191 42 221 188 175 137 144 51 166 167 116 163 152 65 215 102 223 179 147 76 73 33 239 80 40 49 64 196 52 77 240 106 229 98 72 199 195 245 101 186 238 121 131 119 217 159 225 248 148 99 190 68 75 174 93 122 171 71 151 156 63 61 29 172 128 136 169 214 44 36 48 241 96 62 193 180 213 224 178 226 87 246 130 126 
105 : 216 222 181 187 68 184 89 45 219 190 42 171 104 123 185 130 87 166 200 122 56 66 233 144 48 175 240 244 38 88 242 
106 : 131 193 83 62 55 38 80 224 111 54 192 110 143 33 76 86 70 68 175 139 201 170 155 241 121 158 195 144 88 35 231 235 166 229 206 134 32 249 245 183 191 167 43 225 232 25 101 64 123 108 142 42 162 240 152 63 95 106 165 138 97 185 226 196 221 246 190 61 69 184 129 199 105 248 172 104 157 218 222 145 120 126 164 150 154 107 223 44 78 156 174 204 40 207 128 116 194 72 92 65 81 56 117 89 243 
107 : 140 161 118 169 57 93 34 92 188 155 223 114 196 109 142 229 226 74 143 171 128 86 208 46 166 242 233 190 134 126 236 69 206 245 122 53 215 210 59 
108 : 122 31 162 29 207 160 132 146 113 143 84 209 71 56 211 115 91 171 240 245 235 75 124 90 217 170 141 157 233 103 38 58 108 96 116 100 73 68 184 225 201 140 154 54 155 224 45 139 43 234 97 36 53 133 246 169 237 119 131 186 120 226 51 134 200 102 93 156 61 110 87 167 164 179 203 128 243 222 89 136 30 168 64 145 70 48 106 50 74 202 205 196 158 150 
109 : 95 152 129 29 26 156 231 79 131 245 99 197 201 52 136 78 228 130 244 188 185 91 71 150 189 200 227 101 132 114 104 42 195 213 87 55 73 49 92 236 157 182 94 237 172 103 149 169 249 177 105 116 164 115 167 180 243 166 93 233 143 58 134 60 133 165 68 40 27 210 230 223 64 246 226 142 163 160 77 30 63 45 224 120 113 57 146 215 238 75 102 140 59 80 155 53 106 98 31 36 76 117 194 122 198 44 176 86 124 159 41 90 137 179 204 50 107 83 171 144 34 108 193 
110 : 174 177 68 167 179 163 25 216 62 195 245 41 165 50 140 206 100 97 209 26 207 29 115 248 101 211 154 189 210 198 155 87 156 147 146 200 138 122 141 106 31 103 128 142 227 114 204 220 160 135 98 38 188 247 161 102 183 170 217 70 178 72 139 226 108 197 57 213 95 238 151 45 237 192 60 117 59 37 133 181 230 48 54 125 176 221 157 212 171 33 91 36 191 109 63 
111 : 95 165 43 138 33 54 206 213 32 111 146 25 224 188 234 135 166 199 74 217 67 233 167 110 26 106 105 51 242 215 84 99 131 39 109 87 140 112 193 61 170 85 75 53 78 88 186 29 48 38 66 124 230 56 62 141 69 244 202 220 107 133 98 
112 : 133 65 201 225 31 149 40 227 185 93 98 166 45 87 86 85 57 120 247 183 215 58 53 126 178 188 136 214 122 208 90 131 114 119 118 182 66 217 64 141 97 59 176 161 189 73 158 140 233 221 228 77 236 67 243 181 33 143 241 95 142 123 151 25 125 32 156 240 167 163 42 75 146 237 238 206 218 248 102 26 219 186 216 70 213 30 35 60 155 224 174 115 124 150 80 108 48 165 112 210 197 138 194 106 196 
113 : 103 124 119 228 33 197 159 186 168 96 54 36 196 43 48 230 199 25 193 175 207 85 233 92 126 27 127 154 178 86 41 235 220 117 181 184 58 163 78 141 123 145 171 183 140 164 38 44 227 136 112 194 241 109 167 212 248 172 28 225 76 113 151 216 73 37 107 87 137 210 146 51 45 120 72 122 229 90 61 46 148 81 224 30 130 157 110 238 236 
114 : 49 121 31 249 178 109 97 191 187 47 204 157 54 86 164 113 194 209 73 202 198 142 148 167 64 39 244 50 30 152 124 56 
115 : 99 178 175 243 129 51 37 125 221 150 176 196 173 162 141 226 55 212 41 36 145 70 81 117 65 158 63 60 93 96 156 113 189 182 193 235 153 45 42 77 205 240 214 204 136 100 139 200 39 171 217 101 166 155 132 31 192 224 227 79 154 140 144 149 44 165 46 116 43 133 220 142 234 78 159 105 211 195 143 222 169 201 177 194 33 134 203 26 121 61 98 85 118 187 91 86 87 75 47 229 249 40 122 151 135 131 80 57 186 119 202 127 130 64 
116 : 226 48 32 134 162 115 29 218 34 52 209 120 100 203 215 63 133 38 31 223 84 37 30 102 188 168 235 106 208 54 105 126 199 221 103 124 213 99 94 149 148 
117 : 203 201 172 212 68 248 229 227 82 88 42 178 96 50 232 80 230 72 234 71 65 126 61 139 210 194 92 211 150 225 45 235 190 147 91 106 38 157 239 105 128 241 75 73 182 117 240 34 66 131 90 226 36 125 195 51 141 124 53 44 209 26 153 31 176 89 129 189 215 181 112 197 62 144 179 158 79 130 175 202 173 107 166 52 149 168 138 87 35 236 86 81 214 
118 : 227 30 153 75 150 190 40 46 77 146 188 89 218 37 211 223 56 202 169 177 173 72 189 215 105 53 49 38 205 143 195 108 181 225 95 178 31 235 122 204 144 164 117 229 96 
119 : 25 101 164 168 71 249 181 26 70 87 126 170 122 197 68 143 194 75 97 116 124 83 152 117 210 198 140 55 72 41 138 42 79 183 217 106 141 226 169 64 162 149 58 153 187 127 208 94 48 90 
120 : 242 178 102 141 232 147 104 198 238 136 246 169 138 159 124 235 239 161 29 62 205 131 240 52 157 196 93 35 119 160 36 77 221 215 51 39 25 120 127 143 69 79 44 103 56 43 188 65 81 115 26 241 92 95 177 167 30 48 153 55 80 117 60 34 166 248 144 107 78 193 76 123 231 245 137 236 128 53 212 63 158 112 88 46 220 135 74 204 210 156 66 189 229 183 237 90 85 114 37 129 168 110 207 163 57 
121 : 249 167 139 27 130 175 73 215 89 235 26 127 223 150 124 141 224 226 148 40 205 90 47 158 208 248 201 153 221 39 80 142 46 152 125 144 93 234 246 50 174 220 34 143 189 138 199 25 192 245 200 237 85 55 54 31 147 91 62 133 190 94 114 43 
122 : 238 244 99 130 163 229 116 215 30 247 106 191 211 121 123 164 87 205 109 201 183 54 234 178 207 125 200 102 58 203 70 46 196 82 231 38 62 126 190 97 31 34 180 161 187 36 188 158 152 94 189 120 148 100 176 150 177 114 80 104 
123 : 217 34 210 247 182 146 238 134 132 197 46 145 208 32 232 79 75 189 86 137 80 82 200 66 94 143 196 220 241 231 214 190 212 179 148 201 109 67 29 166 150 90 42 202 43 121 65 223 186 33 117 235 107 27 127 
124 : 162 84 138 246 129 186 55 211 127 81 171 82 57 221 237 32 219 38 165 224 235 193 143 58 106 92 128 145 202 119 218 68 50 25 65 229 69 76 59 86 243 36 197 52 141 95 248 160 170 130 174 217 232 159 169 102 28 109 108 236 189 99 172 146 137 247 242 115 29 164 133 48 54 227 83 97 185 53 79 44 241 136 182 200 168 89 41 88 100 249 34 194 124 150 151 180 46 152 78 240 33 233 154 114 39 47 126 74 166 
125 : 71 82 161 175 58 140 208 117 150 38 231 230 126 156 111 236 98 210 215 26 62 234 49 32 48 92 158 27 110 96 192 137 57 222 33 40 99 239 181 73 91 138 205 56 28 188 85 51 248 132 199 168 200 167 145 65 116 46 87 223 79 211 131 64 207 244 198 249 178 34 95 55 68 221 247 177 113 90 162 163 100 115 185 53 72 
126 : 82 241 107 141 207 69 186 119 105 208 158 171 234 135 147 80 244 116 210 202 29 183 222 109 122 34 146 56 162 148 247 52 176 155 137 91 173 224 167 205 170 245 110 130 128 156 111 174 76 237 149 95 168 213 51 194 61 175 42 227 188 106 172 126 89 195 124 85 92 235 225 87 41 112 38 232 
127 : 102 62 114 144 210 218 174 33 135 53 197 193 99 61 27 191 235 44 83 136 91 188 64 108 130 25 77 177 189 137 176 143 236 28 34 158 195 140 166 116 39 122 111 86 247 203 244 40 121 107 55 67 87 141 36 208 214 31 238 153 209 110 142 192 160 186 169 212 165 118 204 159 65 72 92 78 80 117 231 60 131 134 173 48 248 96 167 26 183 138 241 119 146 237 89 147 47 199 95 45 226 194 104 148 105 98 74 106 69 97 196 
128 : 197 95 109 230 65 128 140 91 133 202 48 90 188 113 33 29 41 137 151 127 79 26 52 66 179 166 239 86 152 142 59 150 132 157 28 174 205 80 116 136 181 162 199 243 49 206 64 146 57 25 145 212 207 34 101 93 81 169 198 249 82 224 245 68 200 156 73 46 37 228 76 126 187 58 186 173 45 119 100 171 234 
129 : 92 84 150 247 129 220 193 51 27 222 144 95 33 172 216 194 161 225 48 128 215 65 221 171 195 176 245 147 34 232 85 28 86 62 165 207 158 188 169 218 174 99 140 25 103 52 72 54 173 154 213 46 239 229 29 226 249 100 203 187 56 200 71 214 134 66 157 152 206 234 141 117 197 153 90 139 78 190 116 124 142 211 180 131 202 
130 : 27 220 246 153 111 38 59 82 229 90 201 240 91 231 164 199 85 57 180 145 118 186 179 190 66 136 40 163 142 162 113 233 247 48 74 71 157 183 225 188 152 64 239 30 61 35 55 224 117 86 49 204 174 243 58 158 167 80 203 97 53 205 123 202 232 94 210 29 65 161 187 
131 : 25 171 132 79 41 144 96 122 141 69 104 138 172 187 216 86 182 152 213 240 200 90 127 112 247 193 156 203 76 66 229 114 82 177 204 52 184 151 153 89 
132 : 170 105 153 76 214 150 48 166 222 173 53 69 204 87 120 33 83 240 141 190 164 146 205 142 99 127 80 167 200 100 168 132 49 73 131 74 66 58 67 137 227 84 156 246 101 162 93 88 226 28 95 50 169 148 43 188 165 111 217 81 104 122 206 115 37 79 249 123 119 160 36 117 178 196 42 203 180 136 89 97 71 116 228 26 27 77 210 112 184 39 201 236 176 35 245 
133 : 138 172 121 94 166 227 104 234 88 64 110 178 49 92 142 99 181 102 76 27 129 156 124 46 84 198 177 106 58 229 160 158 98 148 126 236 199 133 226 93 149 176 115 132 168 247 50 154 34 107 205 228 78 225 238 209 37 55 70 194 63 77 75 218 188 45 189 230 52 112 186 69 68 241 214 216 192 244 237 145 221 
134 : 47 224 186 221 243 46 146 175 165 51 187 50 55 26 236 153 219 140 201 213 138 58 189 160 31 234 241 
135 : 195 157 166 68 145 190 97 38 213 202 95 194 214 100 27 174 41 155 60 207 121 102 236 116 120 124 244 170 188 53 122 208 30 161 229 178 187 148 237 88 39 87 99 126 140 231 144 82 89 91 131 184 37 239 106 110 218 132 235 49 217 150 137 241 200 70 176 93 215 177 133 196 147 192 240 199 232 225 167 45 52 94 57 180 186 32 183 114 77 40 25 222 67 125 64 247 220 212 
136 : 139 221 124 181 175 117 164 203 32 230 200 167 129 89 204 119 198 218 209 98 207 36 59 145 70 37 123 148 197 87 35 62 75 26 114 101 137 214 102 74 122 229 85 184 178 154 169 95 110 39 159 211 66 91 241 81 90 245 192 236 140 31 216 107 202 48 43 
137 : 231 77 175 222 117 208 186 96 52 244 101 236 37 213 155 59 233 212 214 85 243 120 123 102 86 70 159 116 33 160 157 50 162 110 165 124 125 167 87 198 202 149 109 129 219 93 199 238 183 245 221 45 127 60 115 97 146 74 69 179 211 79 32 197 104 248 106 
138 : 204 33 202 157 56 82 247 105 78 119 212 28 57 115 81 118 85 114 238 148 223 197 178 205 213 120 222 53 112 215 165 180 170 88 142 75 160 35 87 26 161 132 98 39 76 144 245 190 177 174 211 67 52 92 214 131 65 63 242 72 216 111 156 91 206 69 176 37 89 210 221 79 107 38 168 42 41 217 84 116 62 100 86 77 229 208 244 47 203 30 50 166 103 240 248 93 224 27 59 143 
139 : 40 140 106 192 74 120 116 224 94 112 198 70 56 161 67 189 216 63 153 154 78 103 145 205 186 123 53 233 51 169 105 178 75 121 61 131 86 157 183 232 242 129 195 208 200 191 166 190 217 187 241 199 209 167 57 88 165 38 111 163 30 25 207 230 221 119 46 54 60 196 245 82 146 143 
140 : 228 125 66 208 171 234 191 203 210 101 107 69 239 110 50 54 170 52 198 28 200 86 244 196 158 111 109 216 249 205 174 95 131 218 93 65 243 44 188 183 42 120 128 116 51 130 247 175 182 55 215 68 141 201 167 33 173 92 38 238 176 169 139 127 57 189 135 43 233 25 97 225 82 168 202 160 161 96 146 121 49 100 67 246 148 214 32 108 213 126 113 152 181 61 45 124 99 155 26 58 64 115 63 197 41 118 35 34 112 224 117 159 219 186 98 83 136 220 144 79 
141 : 75 245 80 236 47 26 212 162 219 54 129 165 119 118 48 114 148 231 123 228 195 233 108 213 183 76 60 136 111 120 91 154 39 227 247 52 113 49 141 175 249 128 137 238 159 185 126 147 217 46 33 100 206 186 115 174 53 197 36 171 202 127 45 83 55 72 167 163 248 41 29 117 190 42 122 93 66 63 105 210 181 232 244 69 25 182 205 30 153 89 31 216 143 37 172 135 62 145 209 239 65 242 74 192 
142 : 221 144 34 190 64 139 227 214 151 37 164 187 28 192 96 79 230 173 181 208 97 245 77 106 149 130 193 249 222 239 58 44 
143 : 113 190 124 196 79 34 40 56 164 220 64 204 172 167 217 146 120 84 212 224 177 205 133 35 180 194 130 209 96 50 154 36 68 179 91 78 81 119 51 38 27 166 108 32 61 41 228 101 106 77 110 215 74 181 138 188 241 126 242 236 239 72 213 42 210 229 49 148 97 107 65 92 55 88 144 57 202 223 122 67 93 247 174 71 151 45 157 62 218 26 244 39 87 111 29 208 125 31 131 53 
144 : 93 51 146 35 213 68 130 161 228 59 237 120 235 189 230 192 66 164 98 204 70 55 191 69 72 226 64 104 186 209 78 108 231 26 199 172 144 151 50 89 214 202 58 129 41 225 131 71 137 106 234 80 229 47 156 145 109 205 211 
145 : 166 48 118 156 179 49 88 93 71 173 60 40 100 144 189 123 67 228 162 188 79 105 227 109 208 229 32 213 45 72 47 183 145 232 65 52 42 216 82 73 150 81 225 110 238 54 142 198 75 160 244 202 43 203 230 95 210 55 64 231 
146 : 49 172 184 232 48 201 107 228 245 82 161 162 158 91 36 44 85 195 78 124 168 224 207 223 132 45 153 178 206 
147 : 190 104 82 58 248 205 111 53 176 208 226 41 187 151 60 75 101 33 32 125 211 54 223 199 206 182 25 44 147 59 126 68 108 112 99 237 215 26 198 98 197 242 79 230 100 127 43 29 216 123 37 178 243 124 137 57 194 207 109 116 155 195 131 35 246 113 110 115 146 45 214 249 92 69 200 228 64 38 144 234 180 171 245 177 172 158 84 139 
