0 : 84 75 54 73 32 92 47 12 15 70 51 43 18 44 85 17 94 93 40 88 5 8 23 35 38 33 91 21 55 59 95 31 28 69 89 66 10 45 99 76 48 96 58 22 14 62 67 
1 : 1 43 11 93 14 72 55 48 3 70 50 20 8 73 87 57 37 92 
2 : 46 27 18 42 95 58 88 30 44 55 35 34 69 78 90 71 99 43 16 40 72 91 24 8 98 38 28 79 93 70 5 2 32 36 63 94 76 65 47 48 56 82 12 57 25 6 39 33 92 
3 : 4 10 91 15 11 61 99 76 34 21 33 68 84 97 70 27 20 55 19 54 82 31 71 63 75 44 37 16 58 29 45 98 62 39 43 50 73 2 28 32 74 38 93 
4 : 78 47 53 27 96 49 69 45 19 79 67 33 92 55 50 2 99 25 51 97 87 
5 : 61 76 2 97 32 31 1 95 93 0 44 24 35 70 74 89 4 30 57 80 81 33 45 56 17 63 51 12 49 39 68 29 52 27 71 62 77 40 3 79 46 60 48 7 18 42 73 9 66 5 36 21 92 65 99 82 25 96 22 59 11 87 26 8 19 78 41 50 20 16 15 14 64 84 
6 : 62 32 35 67 96 95 70 58 59 21 50 69 57 73 56 29 60 16 23 4 22 54 27 14 82 66 78 83 
7 : 96 46 32 40 33 31 14 58 22 97 10 92 11 36 52 45 65 86 60 26 34 9 69 15 6 0 2 87 8 57 27 28 47 78 17 42 83 35 25 73 37 13 62 39 24 53 21 56 80 82 55 49 16 74 1 99 72 54 85 44 61 30 67 68 81 76 63 79 20 70 90 12 
8 : 27 86 40 30 14 97 43 62 49 54 90 13 53 34 84 52 6 20 71 58 46 75 80 21 
9 : 62 82 85 24 3 
10 : 92 36 32 25 14 15 46 47 86 21 82 51 87 89 60 54 4 34 53 75 20 79 43 13 37 26 31 42 23 71 19 66 22 41 17 40 44 5 16 57 0 68 33 94 59 97 80 83 85 3 90 28 24 77 96 10 99 88 
11 : 22 34 4 50 53 14 41 12 24 15 97 90 77 29 58 93 63 25 86 52 87 8 96 
12 : 83 65 60 57 22 35 11 30 13 69 28 2 20 33 93 3 29 59 79 
13 : 70 78 33 
14 : 19 75 1 51 62 94 54 74 63 85 25 78 3 35 71 83 65 90 11 12 53 7 40 81 17 66 56 6 41 87 80 61 98 76 73 91 27 14 42 44 67 48 69 2 21 64 86 33 99 60 59 88 9 50 89 4 97 84 95 
15 : 53 99 50 82 
16 : 77 63 6 26 90 22 78 4 32 97 93 85 17 23 67 88 49 73 27 9 64 19 30 66 45 59 42 96 65 56 62 5 39 76 72 50 14 55 20 81 35 10 25 36 70 12 58 3 82 31 38 40 2 34 57 54 44 
17 : 49 43 18 2 94 59 57 32 6 62 83 14 13 96 33 38 63 17 99 51 56 65 15 78 64 90 80 71 34 28 48 20 97 93 52 73 55 81 76 98 72 45 82 7 74 87 36 88 89 41 12 68 85 47 84 
18 : 0 92 59 74 69 42 8 25 70 45 7 82 27 47 10 16 80 22 5 56 28 53 98 39 52 62 90 11 99 64 66 48 35 96 76 61 2 88 71 94 1 84 6 91 87 49 51 93 13 68 44 41 9 33 24 19 78 14 81 60 85 43 75 54 29 20 
19 : 74 28 63 68 96 37 78 38 35 34 48 6 88 5 47 85 99 0 13 59 61 71 11 15 33 23 42 93 43 25 32 92 60 36 75 70 10 77 39 45 91 57 82 98 56 16 24 14 3 40 87 21 26 2 18 17 
20 : 88 63 30 
21 : 27 80 86 87 39 58 5 37 33 59 3 98 60 84 74 91 75 88 40 56 18 50 79 46 65 7 93 52 77 2 94 78 62 70 48 14 0 
22 : 36 7 37 91 92 26 
23 : 47 67 75 59 43 48 12 21 89 86 17 56 80 37 77 96 15 95 64 14 85 97 66 93 84 65 0 34 44 39 98 46 90 62 8 73 5 13 26 42 2 20 22 16 51 94 9 55 29 87 54 40 6 58 25 91 32 49 
24 : 17 15 10 57 48 3 37 96 28 33 22 47 5 11 23 71 4 64 36 70 45 43 16 8 26 95 14 19 40 18 58 86 12 78 20 92 72 87 67 97 69 46 94 51 89 21 88 84 56 38 44 83 52 99 65 60 30 66 54 24 80 31 25 27 13 93 6 62 79 74 55 91 98 
25 : 3 9 73 33 82 22 12 32 75 5 55 11 19 56 46 85 90 87 79 0 4 54 47 35 97 80 37 21 16 68 66 29 52 38 17 71 86 30 67 25 40 88 76 45 8 13 93 59 
26 : 72 32 98 27 33 67 91 37 81 6 43 55 88 4 50 89 31 84 59 22 74 99 39 28 21 92 48 8 77 69 30 80 38 79 60 52 13 87 97 75 53 57 86 23 73 90 42 58 20 41 64 24 85 5 17 35 44 56 14 54 78 47 70 68 16 71 
27 : 99 88 67 65 18 41 66 9 72 76 47 62 86 80 98 85 55 56 32 75 79 73 14 34 39 71 3 29 27 7 23 12 52 89 44 28 93 30 42 94 17 81 26 40 48 6 15 46 11 59 69 64 43 91 35 90 45 37 49 10 36 82 
28 : 5 65 50 94 39 6 37 14 85 8 62 66 97 0 92 87 54 55 24 77 89 20 13 74 32 67 23 16 70 44 49 95 91 73 17 22 52 1 7 28 38 69 98 53 
29 : 91 43 64 4 55 61 60 69 5 9 49 17 62 82 26 96 22 12 16 58 78 13 90 19 63 54 97 93 42 84 85 76 7 29 38 15 80 73 87 44 79 67 47 92 57 71 65 75 77 70 35 23 36 0 18 3 39 
30 : 65 6 79 67 27 41 57 91 48 19 76 35 25 49 56 96 44 22 68 86 60 17 14 59 29 4 40 90 38 15 36 23 92 83 87 28 12 93 84 69 63 98 43 16 97 
31 : 48 88 57 63 68 21 92 98 20 12 75 18 77 26 30 9 8 99 49 41 46 31 76 29 40 69 22 55 27 78 39 14 3 11 44 73 15 0 64 67 43 70 54 84 36 58 72 66 52 86 51 7 
32 : 28 24 58 
33 : 47 78 23 84 13 93 15 95 4 62 82 22 17 24 51 61 39 73 45 80 90 7 64 60 86 75 43 94 56 38 54 11 55 77 88 41 44 89 65 66 57 99 5 
34 : 63 72 53 11 52 22 34 85 9 39 83 58 50 59 42 92 29 70 17 30 10 
35 : 3 40 82 13 45 9 7 29 51 31 21 57 11 55 34 89 20 39 59 33 75 76 99 63 24 28 81 49 14 83 92 80 95 8 25 72 36 46 47 2 54 30 35 64 43 53 94 56 48 38 
36 : 26 10 43 65 49 61 68 81 20 27 7 30 35 95 71 24 57 64 8 97 54 58 28 55 92 50 3 80 85 14 32 74 59 0 67 60 21 6 34 86 70 4 42 33 13 51 53 12 89 75 90 39 40 44 88 29 16 15 45 19 22 73 77 93 66 17 83 37 
37 : 37 98 30 23 91 8 31 54 64 22 70 75 46 53 43 52 33 86 68 59 0 51 49 24 28 50 19 79 38 11 78 32 92 60 55 57 69 39 2 99 4 35 29 34 77 40 15 20 47 87 5 42 84 83 18 88 95 71 81 9 17 13 90 21 6 76 36 96 80 74 
38 : 55 2 26 69 7 46 77 49 15 59 31 45 1 23 4 90 25 40 60 30 87 38 70 32 63 73 75 50 39 96 33 43 83 98 5 99 88 51 12 54 24 8 86 27 97 13 93 85 84 58 68 
39 : 59 98 86 0 39 2 57 67 17 11 88 32 66 47 7 76 92 89 36 41 31 6 77 10 50 93 8 52 29 87 85 56 81 75 74 54 14 3 23 48 34 13 61 27 70 80 95 38 26 5 84 83 
40 : 46 23 77 87 34 41 63 72 18 19 80 93 32 13 88 48 44 92 3 60 29 85 
41 : 7 98 95 44 74 56 66 84 73 58 57 16 17 22 
42 : 49 85 8 80 17 35 88 19 63 72 25 77 31 83 94 22 41 95 68 42 87 56 10 14 69 39 28 1 2 53 40 71 73 98 97 62 59 24 79 93 
43 : 91 62 38 48 26 23 39 30 97 77 86 59 94 96 33 5 27 0 61 58 56 15 80 74 99 90 69 83 50 
44 : 92 10 53 28 77 14 17 21 33 83 3 38 37 71 90 91 2 74 26 69 73 39 44 50 81 85 27 34 63 56 84 16 98 29 99 58 46 62 23 75 76 12 86 42 15 55 20 95 0 47 19 79 
45 : 19 71 48 41 32 5 43 42 55 70 25 52 79 61 99 0 50 15 44 16 45 13 84 74 40 23 51 27 82 31 18 29 69 64 67 89 68 62 39 
46 : 26 40 20 46 52 11 72 3 74 55 17 99 19 44 61 16 83 49 35 4 25 38 70 31 58 59 15 89 27 10 93 92 94 0 43 53 29 8 21 7 
47 : 99 13 0 69 71 19 85 96 42 73 
48 : 8 78 80 22 44 40 62 91 58 25 18 48 31 70 76 96 19 30 49 95 67 32 34 5 35 28 27 99 74 59 50 92 12 55 36 54 69 86 
49 : 32 91 24 87 76 43 62 54 73 50 45 70 58 94 79 96 5 84 16 47 36 0 95 40 28 34 74 83 52 69 90 33 53 19 89 6 13 51 12 64 72 31 75 30 3 8 66 93 7 99 9 59 60 26 49 
50 : 11 91 43 85 21 83 93 47 99 75 88 63 15 53 12 1 57 73 69 35 5 54 28 31 25 50 62 16 45 72 68 82 32 51 67 19 34 4 40 81 95 76 96 41 70 64 90 6 3 77 71 27 94 23 14 55 44 17 87 78 89 42 38 58 60 59 2 18 61 
51 : 77 0 54 86 89 60 79 83 93 78 14 85 68 32 75 22 90 63 82 94 13 72 92 16 2 1 95 34 19 42 21 7 35 53 30 58 39 44 49 76 24 18 37 46 9 27 97 36 96 38 64 91 70 81 3 8 40 12 31 
52 : 42 26 65 71 37 76 43 30 61 55 21 93 63 12 27 58 6 44 73 9 28 22 97 54 19 50 36 88 62 23 56 41 51 91 48 89 69 75 
53 : 99 50 63 49 98 44 66 19 59 80 69 89 41 55 25 77 54 74 14 15 23 47 21 95 4 56 85 36 48 73 3 43 60 52 76 84 20 11 13 2 10 62 28 78 9 82 5 
54 : 1 81 31 50 82 73 95 86 43 56 21 91 85 22 58 30 88 45 
55 : 3 49 63 79 62 66 56 
56 : 41 13 
57 : 97 48 83 38 43 85 60 37 28 14 59 2 73 41 95 86 55 63 21 3 71 92 39 26 35 5 11 31 80 94 36 27 82 89 0 96 79 66 34 10 8 57 87 93 4 19 9 49 12 30 32 88 40 24 54 45 
58 : 17 73 70 97 94 39 5 65 69 29 40 43 30 98 9 34 13 59 58 28 78 41 24 84 46 0 35 14 45 95 71 61 1 31 18 36 10 19 85 76 50 93 86 
59 : 68 47 13 27 15 39 74 48 21 52 96 56 85 73 2 53 31 83 16 12 67 38 80 43 78 0 45 36 94 
60 : 18 69 48 3 12 28 19 58 32 16 68 82 9 83 67 45 6 53 5 25 38 74 54 77 31 51 22 7 47 14 56 8 41 13 91 44 42 94 46 59 57 
61 : 
62 : 47 50 46 29 41 75 88 21 87 73 80 6 70 43 76 33 10 3 94 58 63 25 99 42 36 8 
63 : 91 13 59 85 11 29 53 95 7 22 2 87 
64 : 37 23 30 40 45 31 26 89 78 99 41 63 27 95 2 93 85 87 56 24 39 16 81 5 8 4 38 80 98 9 44 22 49 77 54 61 94 12 82 83 6 53 65 29 60 34 42 96 25 92 7 75 64 51 11 17 
65 : 8 19 46 72 3 31 20 67 78 66 56 14 39 63 41 93 35 34 7 52 6 95 21 13 73 36 81 9 24 77 49 74 85 25 79 69 47 38 33 40 5 61 27 65 44 45 80 2 53 16 0 18 32 26 71 37 57 96 97 60 11 83 4 54 55 89 
66 : 8 82 10 97 34 90 29 98 87 13 77 0 28 37 23 67 60 47 
67 : 68 46 1 56 24 45 22 
68 : 98 99 46 92 19 75 68 31 97 13 32 45 26 72 30 22 81 79 15 9 94 39 54 23 1 36 63 84 60 0 25 76 6 55 57 80 5 48 16 44 64 2 78 27 91 89 82 41 21 51 53 35 86 58 52 17 87 67 8 10 69 43 49 38 56 83 3 61 42 96 95 11 
69 : 22 82 45 86 39 17 29 37 99 47 64 19 
70 : 47 80 32 37 34 8 67 98 71 58 86 
71 : 76 23 43 47 75 25 15 1 38 87 13 71 62 18 70 67 27 50 63 31 56 95 28 98 99 85 
72 : 87 4 15 8 
73 : 48 62 44 51 23 57 28 2 5 92 79 83 58 61 70 74 26 10 98 95 8 35 77 19 63 11 56 45 68 12 31 89 7 99 75 24 18 80 1 
74 : 1 11 63 75 86 34 76 12 97 85 28 91 56 81 30 9 10 32 62 14 78 35 49 5 80 69 51 41 46 36 44 64 42 22 89 8 15 59 66 84 68 71 55 38 58 0 16 40 45 77 82 4 2 17 72 29 96 47 57 88 33 61 6 
75 : 45 50 12 19 35 30 51 72 93 55 96 22 97 77 52 68 69 20 14 33 80 34 43 4 59 75 95 49 24 83 62 0 40 99 
76 : 8 17 84 91 46 47 32 53 33 41 31 88 76 0 40 65 99 90 59 57 24 7 93 11 94 73 78 2 21 55 28 82 18 64 83 5 85 54 39 3 80 70 
77 : 24 51 17 78 27 95 85 44 87 25 36 64 19 29 34 16 23 91 38 5 13 37 57 72 41 2 93 42 43 40 21 46 18 15 71 3 73 77 98 90 35 52 97 48 
78 : 49 29 4 20 32 23 76 80 70 16 22 33 1 75 50 82 78 42 10 30 19 98 66 81 31 92 9 93 95 59 5 48 2 34 27 73 67 18 96 36 46 7 39 25 35 57 8 89 43 85 6 41 84 40 56 24 0 37 3 
79 : 42 37 81 44 47 32 40 97 60 25 96 11 24 85 45 80 52 41 0 21 15 29 94 76 82 65 51 
80 : 18 31 0 1 56 65 47 59 17 15 90 7 24 91 14 11 27 66 88 13 32 57 78 42 19 52 48 87 54 39 49 86 12 45 4 68 62 84 37 23 22 46 64 75 72 
81 : 12 44 41 89 17 94 95 80 58 79 60 84 51 31 9 53 2 7 76 14 29 65 57 52 93 50 68 47 85 61 3 54 30 23 33 16 97 98 48 34 67 59 15 46 45 38 40 96 21 87 74 32 82 36 1 13 86 49 88 39 5 
82 : 63 18 74 3 30 68 28 6 43 79 19 42 61 23 15 17 20 31 60 54 59 55 82 34 1 84 76 
83 : 76 47 24 18 49 0 96 66 37 45 82 29 85 78 9 34 43 35 11 
84 : 80 25 22 75 62 87 67 84 44 13 28 40 52 50 78 8 81 79 10 88 34 15 21 97 71 66 58 43 93 59 56 23 51 37 7 6 69 30 2 70 12 
85 : 5 76 78 87 57 86 26 88 20 66 50 63 8 83 0 84 25 31 81 28 98 95 74 54 33 9 34 6 79 99 36 48 96 11 41 52 18 1 22 64 77 53 92 29 91 89 17 59 45 32 7 35 23 70 65 4 24 47 42 44 21 72 49 85 19 3 12 80 93 97 55 37 67 61 
86 : 22 65 80 29 15 30 34 72 81 37 6 4 16 53 91 63 49 95 73 0 89 33 48 5 46 24 61 71 47 28 87 43 57 23 58 77 27 14 79 82 52 3 93 45 38 36 56 26 21 8 20 85 75 
87 : 89 13 11 25 99 63 62 24 17 52 75 36 43 59 32 34 3 37 71 78 94 19 97 23 76 39 5 30 67 1 28 38 2 96 16 86 18 8 54 88 53 61 77 84 20 42 41 81 33 7 29 12 22 35 91 0 92 73 10 56 70 64 40 66 72 83 15 50 51 27 95 31 
88 : 8 86 63 74 59 60 34 70 48 88 5 65 
89 : 68 33 57 74 27 15 58 1 79 24 36 64 95 62 10 83 7 4 45 66 22 93 6 60 37 19 85 34 26 52 12 48 38 98 71 49 78 87 89 29 86 17 
90 : 90 74 40 88 14 29 47 18 16 51 23 42 94 85 87 5 26 93 49 0 66 28 55 33 50 46 7 41 24 32 97 58 76 43 82 30 84 60 17 80 9 69 78 39 34 53 98 20 15 21 61 99 10 56 45 63 22 13 96 91 25 54 38 
91 : 32 1 96 78 17 57 49 51 83 58 73 66 13 98 29 4 7 70 86 22 34 64 68 48 79 53 74 87 28 92 44 39 31 47 50 54 80 60 84 12 76 65 40 18 10 8 
92 : 51 96 77 90 50 34 87 18 95 94 54 8 31 59 20 5 2 79 74 25 97 7 72 32 89 33 53 64 48 49 11 41 69 60 65 56 67 39 66 80 75 99 93 81 38 63 73 91 88 62 22 16 6 57 78 15 0 52 1 
93 : 76 89 48 32 84 42 36 96 85 8 62 74 72 13 37 53 60 66 92 15 71 1 16 87 26 81 18 55 78 73 61 30 82 43 51 40 34 94 19 12 44 47 58 50 33 41 69 70 22 65 4 91 24 20 9 7 49 86 46 67 77 14 6 38 97 0 23 45 11 21 98 80 93 31 
94 : 78 81 39 31 45 
95 : 87 24 2 72 11 80 26 12 90 45 18 92 19 13 40 36 73 79 65 55 43 28 62 58 49 97 88 30 59 53 8 56 27 98 57 64 75 95 94 82 54 89 71 
96 : 59 39 63 80 61 23 16 19 27 43 58 7 87 14 3 4 57 72 9 0 81 71 5 85 42 40 33 35 38 46 53 17 67 65 60 77 36 48 49 6 78 93 44 64 51 31 98 66 90 97 32 22 13 8 30 84 52 89 55 83 50 73 
97 : 85 33 72 77 53 1 62 30 80 51 52 44 6 21 61 4 88 64 7 65 28 68 99 60 96 9 94 92 14 25 38 59 12 82 81 29 35 76 31 50 63 42 75 26 91 39 5 49 
98 : 55 87 34 60 15 72 27 24 90 66 47 49 11 14 18 96 58 37 28 69 92 6 76 10 3 93 63 64 13 70 95 39 67 85 84 97 17 20 16 0 44 73 81 45 82 42 22 43 59 35 80 4 23 2 
99 : 57 99 46 94 5 64 58 32 87 78 90 98 16 82 43 71 70 17 77 
100 : 87 21 92 59 34 80 65 53 3 25 77 90 26 70 48 45 8 85 67 66 14 30 33 2 44 82 73 97 93 0 63 17 42 
101 : 81 98 6 24 74 55 99 4 17 59 33 29 47 37 64 50 86 
102 : 34 59 19 62 36 75 48 25 47 46 82 57 54 28 2 81 52 41 94 43 51 
103 : 69 89 0 59 91 50 94 33 22 77 60 68 35 41 48 10 21 76 98 2 6 24 16 84 95 54 80 11 47 72 42 45 49 70 36 57 81 51 34 99 63 31 79 5 56 93 64 30 1 73 32 3 17 58 12 23 82 20 97 78 
104 : 34 25 6 69 32 3 12 57 60 82 92 42 23 49 33 37 5 98 
105 : 95 69 78 44 23 30 56 8 67 
106 : 16 48 61 92 18 20 47 23 9 30 1 34 25 73 6 56 69 27 14 50 57 39 58 21 84 91 90 15 35 42 4 74 49 55 66 78 64 71 3 52 32 
107 : 80 45 2 10 69 21 7 84 56 34 42 64 93 37 85 40 76 75 89 0 88 73 19 81 50 1 6 43 58 86 60 70 62 23 49 68 46 87 35 79 8 66 67 12 82 9 74 26 71 3 18 4 91 24 54 
108 : 85 47 89 4 45 7 17 36 63 9 21 81 62 5 93 38 77 71 91 70 76 15 88 11 86 55 10 84 24 19 13 49 28 35 61 12 6 2 1 73 14 54 57 92 40 43 44 41 18 39 0 20 34 27 31 97 22 50 75 79 23 37 83 26 95 
109 : 12 86 65 21 92 57 19 30 51 31 46 87 85 41 48 71 60 78 84 76 
110 : 49 33 5 75 84 78 28 61 94 23 30 51 62 38 96 83 60 63 54 87 89 42 86 58 14 4 69 3 53 88 72 99 37 31 52 41 7 73 98 26 12 47 50 64 11 
111 : 36 6 9 58 37 59 26 67 31 51 92 98 85 73 76 77 20 71 52 45 89 39 99 5 80 38 62 41 87 70 64 3 66 75 78 56 42 49 18 48 72 11 34 79 25 10 35 74 97 55 7 12 15 16 95 23 28 8 1 40 0 
112 : 42 79 6 73 97 59 36 72 90 15 57 51 1 78 45 14 39 64 32 21 10 46 22 26 16 37 94 18 69 63 48 9 52 17 55 2 68 77 99 54 34 24 98 28 82 27 0 38 83 88 13 62 61 
113 : 18 96 20 33 13 53 60 46 97 30 34 7 85 89 42 41 35 81 55 73 68 59 77 95 71 65 58 61 52 98 86 3 82 
114 : 4 21 53 64 13 18 87 31 8 44 68 49 7 98 63 91 11 41 36 77 93 3 95 76 48 34 24 6 59 60 28 81 97 22 94 88 65 32 89 37 46 57 26 19 69 14 33 
115 : 6 46 24 92 48 41 14 43 58 1 30 96 29 16 40 4 99 22 74 63 86 81 5 76 93 52 47 64 83 9 70 20 95 80 25 33 36 27 61 39 12 17 78 34 60 31 62 88 
116 : 73 7 57 97 88 41 35 64 78 49 40 48 14 44 70 53 1 36 61 42 15 25 72 67 55 28 65 26 34 33 85 29 22 58 74 17 60 79 77 84 75 20 11 51 4 12 76 59 95 80 39 38 8 86 83 
117 : 4 89 85 16 53 78 25 95 37 99 62 93 60 66 55 88 43 19 50 6 44 8 47 48 58 84 87 0 96 98 97 10 18 70 39 83 13 15 77 38 45 81 49 36 
118 : 
119 : 5 58 48 86 33 76 90 78 54 81 15 43 67 10 3 18 71 99 50 98 26 29 28 7 69 41 63 87 35 75 66 57 80 20 46 39 19 2 83 12 59 52 36 40 56 4 1 92 70 27 0 25 79 14 64 17 
120 : 53 50 59 80 13 38 87 55 48 37 35 42 84 15 56 71 12 19 69 68 78 6 65 47 16 40 7 8 0 61 10 36 2 79 20 66 98 60 28 27 33 54 32 31 86 45 72 
121 : 89 44 6 27 99 75 0 13 55 3 53 63 33 10 22 5 57 34 96 90 67 98 81 85 65 84 25 88 73 8 
122 : 35 62 53 56 96 55 86 41 84 17 43 5 34 98 28 61 2 
123 : 17 20 75 80 43 49 37 33 52 76 91 51 25 77 99 34 35 60 4 92 69 46 83 32 87 15 1 30 89 29 79 59 47 95 31 3 97 7 
124 : 17 42 75 4 79 16 30 72 51 68 1 98 0 44 94 69 49 62 27 63 90 40 81 12 48 2 33 6 74 38 10 20 77 50 3 9 84 76 36 58 91 66 45 53 
125 : 56 9 55 7 63 83 81 79 89 97 47 16 45 0 4 52 77 35 18 75 69 65 22 90 66 87 15 41 67 19 33 64 34 53 2 39 28 70 99 74 57 54 24 40 
126 : 24 62 68 66 36 20 8 88 87 13 4 14 82 70 97 48 37 61 19 0 
127 : 44 45 95 86 17 36 30 47 35 43 2 3 84 65 8 77 56 71 33 60 81 64 50 67 32 78 57 48 21 
128 : 8 79 52 68 6 58 13 47 53 84 20 59 19 98 1 73 10 28 41 69 81 23 17 27 5 35 42 92 45 50 78 77 72 37 70 48 29 3 11 2 65 75 66 54 9 93 71 43 88 56 67 40 32 25 31 74 94 87 82 63 89 62 46 16 60 99 38 
129 : 4 29 86 
130 : 18 64 81 11 19 91 52 53 34 70 78 75 73 21 80 57 28 9 62 22 42 66 29 68 96 61 76 59 67 46 37 39 74 55 56 85 99 12 41 51 6 32 69 97 8 
131 : 53 6 57 70 39 46 72 5 14 19 64 85 82 75 78 13 34 92 84 11 30 51 96 52 80 76 68 25 69 16 42 8 26 98 4 90 2 66 23 3 81 17 36 45 65 89 37 58 59 35 33 56 54 7 60 99 73 71 93 50 91 22 20 88 43 31 87 83 24 62 94 55 
132 : 42 9 83 31 75 26 35 56 5 41 21 29 36 6 76 47 23 45 1 24 11 71 79 96 94 12 55 60 34 17 37 91 54 8 49 19 0 44 85 4 38 53 22 48 52 95 3 82 20 68 16 97 39 63 32 25 93 13 81 15 46 51 59 27 77 87 89 88 73 69 50 74 99 58 
133 : 4 75 56 90 87 20 11 10 59 24 91 93 42 40 7 36 13 84 65 55 48 3 67 80 44 64 72 68 45 12 82 39 49 31 
134 : 14 10 70 22 74 96 41 52 29 35 30 82 33 92 3 32 2 85 37 54 81 28 68 42 18 71 73 6 39 56 80 43 95 55 79 45 76 64 61 58 93 50 75 47 0 62 23 15 59 20 60 34 16 69 72 
135 : 53 27 66 95 96 6 56 79 13 45 49 87 78 30 2 51 10 55 57 54 77 99 52 19 26 39 17 82 38 73 43 20 93 37 72 65 69 62 85 29 44 15 90 23 25 8 68 40 84 58 48 4 32 22 86 63 11 1 36 46 24 
136 : 77 35 55 7 16 25 12 21 2 44 80 99 93 90 1 83 66 67 98 86 95 59 17 94 53 6 18 10 14 20 39 31 74 9 63 85 69 88 91 82 34 33 58 29 81 24 
137 : 57 60 34 42 41 83 69 13 93 40 16 25 12 43 89 45 27 99 75 4 96 90 22 2 84 77 91 0 29 30 85 26 38 24 88 67 39 3 95 51 66 48 71 97 
138 : 15 4 34 78 9 49 74 97 93 94 68 20 35 22 13 32 88 24 42 76 84 43 77 41 61 50 1 92 18 51 40 69 82 67 66 8 73 62 95 85 44 55 27 86 80 23 21 53 19 17 65 52 
139 : 54 81 55 63 95 26 50 24 9 17 28 92 58 43 18 78 94 
140 : 53 52 23 31 15 4 84 65 0 96 77 57 11 35 79 
141 : 38 22 30 36 84 27 80 47 88 99 98 32 8 65 85 43 44 58 94 96 54 6 53 3 61 26 
142 : 84 41 72 6 60 91 82 64 55 40 67 25 86 69 35 10 83 44 50 85 81 33 75 54 94 66 4 7 73 20 96 42 31 92 49 99 34 76 5 3 
143 : 19 2 48 37 7 70 55 78 91 41 53 67 76 15 31 68 85 50 11 47 33 38 34 86 
144 : 83 96 53 90 48 25 85 70 98 10 93 75 31 52 54 26 86 59 66 44 92 24 95 0 61 
145 : 96 70 49 9 24 37 21 47 95 81 32 71 94 86 88 53 55 46 99 92 80 87 7 14 91 93 54 89 0 51 60 3 52 57 28 39 68 34 44 77 11 43 13 73 35 62 16 97 66 64 56 45 22 90 4 8 79 10 63 75 36 48 27 65 30 19 98 5 31 42 76 74 59 
146 : 21 62 2 46 96 68 48 27 23 67 7 59 0 72 13 64 22 61 87 33 45 95 41 74 66 12 69 90 3 47 24 43 34 84 11 81 8 25 32 57 85 77 42 16 4 1 58 60 50 14 9 86 38 6 31 94 75 76 73 92 
147 : 47 53 37 27 94 49 34 44 58 97 80 85 3 20 84 8 17 15 38 62 30 89 91 86 5 87 50 21 73 12 13 92 45 33 10 24 61 67 72 77 35 66 6 59 2 28 43 63 0 96 60 
148 : 62 85 75 90 55 34 36 37 25 74 1 98 41 48 58 42 80 72 82 13 5 28 46 93 79 70 91 69 64 32 45 50 51 27 78 83 66 18 49 84 12 14 19 87 81 99 
