0 : 248 185 120 200 211 69 64 127 104 203 110 130 192 216 137 176 140 157 175 194 99 102 103 209 33 233 46 43 84 169 160 95 29 159 207 177 188 187 31 67 92 170 148 40 145 232 81 163 27 57 161 115 199 184 172 119 124 72 214 147 98 239 59 206 183 96 155 111 71 139 34 231 213 30 78 226 167 88 55 131 41 108 121 230 28 58 144 222 26 171 80 116 208 150 129 52 35 101 75 165 229 60 
1 : 77 226 224 118 27 211 184 189 247 141 63 182 67 180 176 214 64 225 234 126 199 117 109 92 72 194 158 151 233 110 243 54 127 98 30 58 208 231 249 140 41 197 38 131 155 148 222 205 84 244 70 105 209 123 79 53 96 130 237 232 190 34 154 146 136 186 181 236 220 42 132 246 235 187 80 71 51 134 74 171 99 153 173 166 69 204 119 101 193 88 68 144 73 78 183 94 230 90 55 100 43 76 66 
2 : 46 33 86 127 190 145 201 209 216 130 163 36 109 140 90 141 174 206 170 69 96 222 48 160 64 55 31 234 122 37 92 73 107 236 111 74 88 62 186 116 240 219 171 97 49 139 
3 : 104 133 248 124 59 195 171 28 164 46 44 105 79 176 70 238 64 236 162 213 200 148 239 224 106 101 39 214 84 211 151 99 58 61 152 246 75 121 119 60 221 163 203 243 137 197 31 155 242 120 139 184 196 95 108 128 42 115 185 156 191 81 110 144 47 63 230 97 226 157 125 55 
4 : 204 52 160 96 168 45 130 222 93 225 48 109 216 174 35 209 69 55 85 240 189 111 51 124 135 98 131 173 175 166 106 208 230 198 191 172 112 159 77 73 177 243 194 210 129 176 80 31 54 226 170 66 72 89 206 56 185 88 218 195 217 233 164 42 150 53 232 127 99 137 219 32 
5 : 138 202 150 62 78 151 140 122 153 31 55 112 30 220 211 231 219 208 178 228 197 196 139 126 169 102 229 241 36 
6 : 202 136 71 86 192 114 29 138 85 57 168 82 27 164 180 113 80 41 54 101 33 84 198 187 62 204 173 144 215 49 116 184 32 
7 : 44 191 188 57 49 234 114 185 186 47 58 42 143 213 214 246 122 33 56 196 46 29 124 79 133 244 177 126 84 117 54 28 100 208 48 238 142 222 235 169 168 64 98 
8 : 174 53 209 120 128 212 175 146 178 151 158 66 141 118 122 25 213 245 208 37 217 179 231 44 92 87 108 65 202 57 119 40 154 214 94 188 156 99 190 185 163 242 244 83 67 133 157 150 127 205 187 241 164 64 137 224 111 147 138 41 210 132 191 35 110 39 201 42 81 86 225 229 52 183 233 172 63 236 198 239 71 199 173 136 192 181 59 193 149 50 102 46 75 78 219 221 243 248 55 180 43 
9 : 197 78 220 108 141 162 74 201 241 230 139 39 34 59 208 117 75 211 192 94 118 41 198 130 65 110 160 28 180 71 245 48 206 116 235 128 40 149 123 91 137 68 247 163 132 151 98 90 179 200 89 223 50 152 166 232 144 218 239 93 47 150 126 70 187 27 191 228 49 61 222 72 113 243 95 176 185 119 203 30 169 
10 : 42 29 217 154 161 74 199 119 220 67 98 46 35 155 33 159 70 209 166 171 113 125 124 111 162 146 215 
11 : 35 248 62 37 116 221 137 103 108 190 210 236 106 245 184 117 74 144 228 139 237 79 150 73 53 151 33 183 179 225 
12 : 76 111 127 110 207 168 151 54 80 40 124 212 61 125 116 144 226 189 70 67 135 177 174 242 190 230 31 154 101 246 66 29 48 227 244 213 49 92 97 183 28 90 146 161 217 42 99 165 77 182 140 208 113 37 216 141 126 63 169 171 181 78 55 196 88 173 136 83 131 75 233 98 
13 : 49 91 232 36 171 63 109 106 31 238 183 68 170 134 100 231 87 89 130 194 120 185 217 229 150 78 51 62 156 241 52 149 73 202 25 233 182 163 158 26 77 136 234 96 127 181 226 95 108 175 249 143 178 212 57 248 137 218 128 221 
14 : 199 88 99 178 96 122 162 78 110 220 140 40 81 133 125 35 103 76 52 229 195 94 169 114 241 63 62 235 244 118 243 175 91 34 85 25 143 238 151 108 198 167 100 134 61 104 42 212 193 66 137 228 176 163 247 113 36 202 30 154 180 172 92 232 170 65 210 196 150 190 29 27 230 129 130 106 164 51 219 221 45 214 32 155 236 245 223 192 124 144 249 231 44 233 131 168 171 188 55 242 160 186 225 89 216 173 237 
15 : 205 145 227 187 174 94 98 223 32 88 183 50 40 142 189 125 221 203 131 44 141 176 220 110 66 138 41 196 172 169 191 241 148 72 201 155 166 78 97 115 217 106 83 232 171 245 190 109 160 228 235 212 69 68 51 157 79 216 161 204 84 230 247 130 71 99 202 182 90 117 137 200 103 186 151 222 206 70 153 219 60 82 31 177 173 225 193 175 178 226 229 208 236 249 124 231 42 114 140 147 143 136 108 150 149 179 59 195 112 240 
16 : 235 165 160 146 195 174 141 29 71 163 236 117 187 102 201 28 170 87 155 234 147 193 104 169 78 118 
17 : 219 147 140 129 154 46 176 112 206 28 232 105 195 43 72 243 66 157 168 225 205 240 183 191 177 79 100 187 61 137 125 
18 : 116 110 232 59 219 195 125 42 44 52 227 186 49 118 162 139 50 228 47 60 167 185 138 171 76 36 35 57 64 122 201 75 179 191 196 91 190 175 128 225 
19 : 46 217 31 108 29 210 212 161 85 240 67 246 82 104 64 128 167 222 146 48 154 138 106 40 55 227 51 47 168 152 160 66 120 218 230 92 116 231 175 97 219 72 196 95 141 205 156 56 187 131 60 93 157 183 115 170 214 89 76 50 107 127 125 134 28 193 62 88 70 34 229 199 148 239 113 159 110 207 203 33 242 181 238 235 84 137 215 234 59 182 101 223 61 174 112 37 78 163 41 
20 : 237 153 120 71 235 195 127 174 182 64 180 45 198 70 69 62 201 224 58 27 72 116 139 140 126 46 223 79 145 247 193 211 29 207 91 231 73 92 132 241 197 152 
21 : 76 96 208 47 42 118 40 179 238 237 53 29 85 212 91 211 139 138 67 51 102 167 27 84 228 116 227 200 175 225 196 123 146 108 32 236 192 41 166 214 219 49 174 152 113 188 177 
22 : 110 140 143 70 113 188 214 215 27 242 45 144 199 97 125 187 93 128 29 82 241 124 76 118 245 159 123 77 163 94 59 182 236 230 112 62 247 238 69 157 211 162 195 248 36 155 227 98 55 168 99 121 84 87 133 138 172 175 223 103 218 61 146 101 120 107 68 185 28 63 149 150 130 183 
23 : 68 246 36 146 89 107 27 188 67 193 129 208 123 108 84 41 196 148 156 130 205 37 210 143 217 42 
24 : 226 121 130 242 169 80 176 227 111 143 150 84 122 147 52 47 65 129 44 182 94 41 61 165 162 179 70 36 69 209 180 58 223 26 120 89 207 57 101 167 25 247 31 63 192 107 210 193 62 152 183 60 104 140 232 186 212 230 249 214 117 88 82 
25 : 160 105 77 157 214 61 176 154 231 194 150 47 200 53 243 29 89 198 115 99 62 119 124 97 109 162 209 183 28 137 218 185 203 50 35 127 102 120 164 121 223 90 83 96 93 118 195 238 210 173 155 148 100 95 27 91 187 104 67 149 180 68 188 246 191 76 84 234 54 196 78 38 147 153 182 34 81 75 175 212 245 206 171 46 178 151 116 85 65 222 230 131 211 208 71 39 213 86 
26 : 59 36 41 66 216 35 100 75 219 151 44 26 236 28 210 157 53 167 185 186 106 86 181 175 73 110 240 82 245 94 127 31 164 231 194 27 76 244 243 173 193 154 105 214 239 246 88 52 221 57 226 99 168 
27 : 224 200 69 114 85 28 49 46 82 127 123 175 142 202 102 51 36 95 147 91 208 58 27 75 209 233 204 88 136 98 235 30 57 25 196 126 234 170 72 220 48 216 118 120 26 185 219 181 193 155 211 73 156 99 210 31 54 199 44 116 192 134 47 160 213 111 236 242 109 70 52 115 228 71 129 32 221 167 226 154 195 229 101 161 184 177 249 212 162 174 152 159 217 
28 : 32 137 236 143 224 114 148 38 132 91 226 90 63 126 29 245 173 192 45 152 231 78 179 139 180 58 117 194 175 27 216 153 165 118 109 104 99 48 103 188 119 105 87 84 209 242 25 220 115 57 68 167 199 181 154 116 81 56 176 201 147 186 
29 : 201 218 171 30 195 217 139 71 59 81 54 115 221 126 134 105 249 129 72 155 154 163 110 143 37 137 136 127 208 194 130 75 65 90 141 
30 : 237 205 38 36 229 143 206 80 58 176 221 217 238 93 81 239 102 245 166 198 59 100 225 134 230 111 199 189 192 86 44 215 227 65 68 236 112 213 247 137 124 52 195 178 118 56 71 140 191 54 197 123 40 46 156 74 181 158 92 129 127 244 220 152 203 114 209 76 154 33 233 60 128 43 105 37 196 47 70 78 97 163 131 
31 : 105 85 104 46 243 75 175 141 200 79 128 215 214 123 120 209 138 135 168 107 240 206 208 131 152 41 117 220 217 106 150 228 39 126 81 142 212 52 66 227 143 125 130 86 219 183 110 237 116 27 70 118 169 88 103 74 159 199 172 136 97 111 94 32 129 173 50 177 114 121 155 56 201 36 
32 : 188 153 180 76 227 199 90 125 162 67 121 187 56 97 120 100 55 238 63 46 249 246 231 80 84 149 141 184 
33 : 70 204 54 209 116 87 174 151 88 86 229 165 203 163 150 113 141 190 196 107 82 76 31 38 91 34 83 175 192 79 96 104 85 153 125 25 188 238 126 26 28 131 138 127 195 67 52 246 237 162 100 123 
34 : 204 46 105 88 154 217 50 57 98 185 62 228 224 195 42 122 218 138 118 95 106 222 232 90 197 94 241 149 145 156 35 53 104 219 150 38 240 120 132 180 213 200 220 70 160 61 244 212 82 100 66 142 99 108 208 45 245 235 107 54 199 158 203 165 52 79 223 193 144 39 117 
35 : 190 101 219 50 125 47 196 79 65 249 131 231 193 119 126 239 41 33 245 232 170 243 145 129 191 141 121 66 158 180 133 68 74 149 203 25 211 54 59 87 60 221 164 48 214 225 67 160 112 207 184 108 177 84 197 134 148 106 55 128 147 
36 : 188 246 149 219 227 94 177 159 61 226 174 132 150 76 145 88 113 245 225 107 243 40 154 202 133 191 228 220 128 203 38 144 158 148 163 207 136 27 49 176 44 34 67 75 215 222 178 72 151 48 
37 : 240 173 161 154 35 80 231 180 101 81 90 226 223 156 172 95 57 78 203 219 94 89 198 138 126 174 243 27 117 
38 : 234 58 231 178 181 176 187 212 215 84 190 51 70 125 90 145 208 32 109 47 98 247 236 167 117 37 244 221 60 203 211 88 237 162 131 64 239 137 34 53 43 133 124 194 143 206 126 235 201 72 245 141 129 168 
39 : 126 243 190 100 193 127 212 99 38 213 64 216 220 145 151 52 168 101 202 37 133 121 207 112 60 84 196 179 208 197 27 132 98 185 33 87 137 79 67 206 239 229 57 244 81 170 187 222 29 174 211 156 54 148 172 176 198 70 122 62 120 34 117 80 103 163 45 136 46 159 95 240 219 139 48 
40 : 191 199 241 192 65 164 86 43 169 45 175 208 54 238 37 119 79 123 201 120 52 69 101 188 53 44 
41 : 192 134 83 73 181 212 199 136 170 51 31 190 64 130 114 158 149 222 29 230 155 105 26 57 209 118 245 216 38 
42 : 223 183 64 232 174 225 243 43 160 149 71 209 91 54 35 66 123 154 121 170 184 211 207 137 58 62 165 239 240 128 177 68 30 51 25 245 202 224 210 176 206 161 105 178 102 79 101 108 248 195 141 110 63 104 106 65 89 158 193 124 179 44 42 142 26 169 229 116 61 247 188 172 153 216 217 157 249 99 185 180 74 118 27 41 93 132 126 72 47 163 50 246 46 143 230 147 198 204 199 73 94 49 190 96 56 130 107 155 241 32 
43 : 193 246 224 162 158 104 29 209 45 242 117 223 205 120 74 134 56 109 122 81 214 202 189 28 107 50 196 82 41 148 72 199 182 131 
44 : 103 80 171 249 144 159 76 206 122 203 118 163 37 142 134 246 215 112 104 235 150 34 39 117 51 141 205 231 241 28 71 91 60 65 49 236 130 111 53 218 168 194 72 124 140 146 208 228 216 221 107 147 188 110 47 195 149 85 192 201 148 113 93 164 245 242 67 183 180 38 209 227 88 106 198 239 25 83 207 108 
45 : 123 189 223 89 155 50 226 125 149 167 90 152 96 166 84 218 109 42 234 212 64 73 26 138 137 240 224 65 87 200 106 199 196 111 103 25 151 153 119 173 75 61 110 143 31 34 122 202 214 40 45 104 217 121 46 145 92 133 246 177 156 78 32 95 188 169 247 215 180 148 163 
46 : 185 64 168 216 228 137 127 139 133 145 126 103 200 40 157 160 180 69 36 203 194 186 128 86 74 38 241 221 244 229 166 60 89 124 152 193 75 212 246 123 178 59 188 93 225 67 130 248 90 26 105 
47 : 191 96 152 128 125 224 109 132 156 30 197 177 246 72 146 236 226 180 91 90 75 45 199 92 181 120 231 32 81 113 154 62 43 100 139 234 131 153 163 194 162 223 89 245 222 229 170 173 174 106 46 149 76 
48 : 175 238 131 186 184 229 178 163 152 243 73 217 33 34 241 232 94 103 161 237 82 134 141 216 247 60 85 45 55 167 89 248 133 90 88 170 27 156 225 49 191 132 149 211 190 179 155 246 198 112 74 72 80 176 108 144 70 79 165 76 158 36 169 51 202 223 208 32 123 151 69 171 185 48 212 105 75 160 111 25 61 204 162 67 183 46 180 230 219 172 
49 : 185 191 61 193 223 178 85 245 148 220 39 130 127 231 45 153 40 156 128 225 134 73 238 92 211 172 81 115 113 163 132 103 101 72 248 194 203 173 208 192 94 150 181 142 205 157 184 91 149 26 122 100 217 63 32 107 228 219 204 105 31 57 188 71 137 229 33 237 98 236 226 43 123 90 140 145 51 187 106 139 86 247 68 199 235 155 230 152 75 30 84 44 215 36 
50 : 173 248 143 125 69 27 37 155 113 124 247 114 121 60 217 86 228 223 89 225 107 122 99 28 45 77 103 116 29 202 179 91 132 246 119 219 180 110 137 93 174 249 237 36 236 220 40 188 169 47 32 148 232 239 150 115 221 140 138 224 201 100 53 235 215 242 213 144 159 189 156 26 207 196 214 127 54 
51 : 105 102 107 220 228 223 242 141 212 243 73 92 66 213 45 113 30 201 81 78 72 221 195 167 98 187 225 168 208 157 151 138 179 34 70 236 144 84 38 188 217 163 194 40 154 233 135 125 108 211 165 175 52 42 231 110 86 127 128 65 143 186 
52 : 218 35 223 199 73 100 101 123 179 55 206 59 242 155 65 182 197 62 194 26 245 171 224 122 78 177 70 175 200 240 152 80 60 135 132 105 181 205 61 187 151 54 241 134 239 97 31 93 184 158 114 
53 : 130 162 60 125 246 117 61 178 159 98 92 36 65 51 167 171 199 73 207 89 157 57 165 45 151 232 101 43 249 74 102 35 192 46 83 240 112 66 41 215 48 173 205 81 140 221 206 82 248 196 90 132 220 154 34 166 208 200 148 134 230 118 121 68 27 97 108 227 114 
54 : 64 118 234 211 149 163 189 214 227 25 220 248 245 226 138 132 58 49 96 193 142 141 198 243 44 151 188 38 68 47 130 103 215 76 55 62 74 
55 : 132 204 60 96 34 213 42 49 175 63 135 102 232 218 210 146 105 167 237 166 109 139 150 152 32 143 115 192 195 116 75 142 244 198 144 225 130 82 106 137 92 100 56 140 83 209 230 196 80 26 124 133 168 173 242 153 134 207 214 239 67 69 186 170 121 149 35 58 223 98 176 156 110 81 158 248 64 162 55 61 171 41 113 44 183 104 219 47 
56 : 103 240 54 116 145 32 245 26 172 211 226 34 60 193 102 138 152 225 200 66 233 167 241 187 64 104 
57 : 80 49 233 157 146 60 112 32 166 148 103 125 204 214 98 65 215 211 207 205 183 62 142 39 227 70 238 92 97 228 30 243 150 81 108 119 172 154 66 224 54 185 222 138 184 117 87 153 101 189 63 88 221 100 247 197 106 94 25 231 158 42 191 95 181 122 202 179 96 139 234 209 213 168 33 114 226 177 126 124 141 236 83 
58 : 233 243 207 112 201 210 178 170 57 53 246 176 239 188 217 205 54 214 200 158 83 167 108 72 81 235 58 31 230 122 244 234 193 220 187 228 148 208 173 75 86 96 226 215 229 195 110 33 49 25 35 93 36 179 48 126 89 127 196 109 149 236 38 171 124 
59 : 98 220 72 112 70 163 244 92 207 231 57 134 74 216 127 35 51 161 222 77 221 219 166 170 99 190 143 39 206 122 41 195 27 200 234 43 68 188 180 30 201 66 116 241 148 178 162 56 118 59 113 97 94 108 34 198 136 58 217 245 199 54 145 239 191 78 64 
60 : 68 110 86 196 54 102 180 74 235 95 62 199 152 129 123 71 211 150 57 228 43 141 143 236 77 191 39 145 130 168 41 83 187 101 230 26 125 208 44 93 171 193 151 87 30 28 
61 : 245 114 235 217 63 155 240 127 53 192 125 116 232 169 177 153 152 199 115 56 78 55 94 49 48 
62 : 167 205 228 229 175 98 94 190 26 93 174 140 127 227 51 44 226 150 108 244 118 58 208 145 75 158 101 95 172 180 128 46 201 88 248 105 176 30 84 160 90 57 209 189 99 85 243 231 59 169 87 171 179 27 147 249 68 143 80 78 206 32 52 42 97 41 91 139 74 109 125 225 
63 : 127 175 82 53 162 161 232 105 231 109 159 97 186 36 100 39 102 190 208 117 54 164 165 33 26 93 
64 : 178 113 185 139 53 87 181 93 215 142 224 176 213 225 150 222 133 203 198 52 219 208 246 27 159 149 39 169 156 247 71 106 175 171 110 48 95 160 60 62 121 44 201 233 29 241 89 154 216 38 91 41 147 49 65 194 40 238 
65 : 111 85 39 107 137 45 48 207 208 158 77 81 73 145 150 160 247 215 66 98 174 132 157 205 230 244 241 135 169 102 213 60 161 43 197 65 194 151 108 238 138 188 232 
66 : 50 48 38 40 115 117 91 163 138 105 162 98 212 44 210 220 68 136 157 151 35 234 27 202 246 214 175 73 61 248 37 52 179 200 224 43 86 176 74 80 208 32 93 30 199 125 164 196 33 249 192 227 198 76 109 
67 : 39 205 230 192 187 41 190 191 89 75 180 217 82 234 227 214 108 174 65 233 61 154 138 93 27 215 139 149 164 159 
68 : 140 156 124 49 28 174 100 191 182 93 145 225 42 215 80 34 30 32 70 115 232 192 94 157 76 190 172 41 
69 : 152 100 235 134 64 65 31 184 104 96 68 146 188 248 53 135 151 206 120 55 165 242 26 208 110 144 61 52 141 86 160 69 245 131 236 87 45 91 209 226 67 222 181 169 34 202 99 230 197 40 122 214 118 109 178 78 210 84 48 127 119 159 30 175 75 72 98 88 148 33 121 71 
70 : 228 88 69 58 247 239 164 169 221 97 80 148 189 68 54 141 212 198 143 65 124 91 233 125 216 210 34 177 31 155 85 117 202 194 137 74 136 56 30 244 173 227 159 127 196 154 78 134 204 96 195 158 207 138 108 81 53 232 180 126 152 209 123 236 172 48 47 76 191 219 168 223 226 52 115 178 66 185 144 142 36 242 147 153 42 156 139 145 176 149 51 37 201 49 106 70 160 40 146 231 238 182 89 150 245 32 114 229 
71 : 175 70 53 83 25 233 214 77 59 198 85 161 227 169 211 127 200 105 217 107 177 209 147 97 174 42 69 186 38 163 
72 : 194 158 151 133 190 140 48 248 175 199 65 45 178 180 243 154 102 94 53 234 209 77 184 145 33 222 120 206 183 73 103 83 95 239 179 142 223 86 114 207 137 37 75 122 136 147 233 215 138 164 131 113 106 52 55 41 196 229 96 76 135 238 121 64 98 84 218 226 130 88 200 63 176 161 36 74 249 40 42 50 162 
73 : 226 182 196 108 34 55 93 138 118 155 143 153 140 114 126 214 184 235 236 41 117 69 53 102 112 194 99 119 205 76 47 35 161 168 229 
74 : 91 147 68 159 146 63 212 97 25 34 152 86 30 192 44 123 180 65 189 48 113 165 112 76 223 243 215 39 96 139 102 122 28 209 144 237 108 137 155 161 75 142 166 164 246 220 35 81 224 70 121 53 168 228 88 120 106 59 42 183 211 130 190 231 248 173 127 134 195 
75 : 120 68 173 47 100 131 25 136 59 249 30 83 76 162 150 237 206 138 63 179 126 198 232 176 208 227 117 174 55 151 50 69 234 183 140 66 143 98 87 245 165 149 144 222 212 175 137 185 200 112 205 129 224 181 161 88 85 244 37 45 191 193 247 92 52 110 34 71 169 114 90 133 125 40 94 182 130 204 223 218 77 168 216 166 43 178 
76 : 209 44 233 188 101 26 154 80 189 248 63 92 119 32 81 94 132 241 220 124 172 162 228 41 93 159 75 46 173 194 142 53 136 137 174 115 161 28 66 149 76 237 200 143 91 229 90 130 47 96 193 184 147 216 125 135 60 49 239 181 195 59 232 199 234 113 82 198 128 212 68 
77 : 34 161 87 63 202 74 249 104 212 75 102 205 125 182 193 246 27 237 100 164 241 73 238 118 121 28 65 55 217 160 229 194 168 93 245 147 188 231 89 210 130 173 80 59 86 133 158 233 46 132 190 68 169 219 183 228 45 203 
78 : 145 150 110 185 149 157 48 246 192 173 54 132 65 128 40 104 67 102 99 198 80 247 232 120 89 66 207 88 28 178 238 53 212 77 213 147 169 131 237 139 241 177 32 56 107 
79 : 83 67 166 128 149 55 173 205 212 120 191 42 225 122 43 143 123 114 210 188 237 183 179 218 109 74 215 108 184 223 65 78 48 47 157 92 105 28 239 26 113 84 180 
80 : 219 127 61 233 245 199 160 148 135 169 213 214 105 243 183 94 82 223 89 104 198 229 75 77 151 156 222 37 210 215 29 25 145 70 138 193 72 235 27 139 31 42 234 106 242 115 217 241 98 240 153 120 116 87 190 111 83 176 91 158 46 54 224 123 53 43 128 
81 : 113 130 123 180 158 80 88 221 155 90 39 27 227 34 226 126 202 48 43 245 210 103 172 246 117 241 181 98 30 108 29 134 91 127 59 44 96 120 32 173 194 70 65 209 109 60 67 105 55 243 214 28 205 203 119 52 125 
82 : 66 100 47 219 44 82 91 177 32 92 126 169 149 102 180 244 69 187 225 194 58 140 70 97 191 215 79 171 45 155 249 235 217 162 133 115 108 25 173 30 245 172 201 138 239 168 221 116 43 129 71 114 144 247 226 87 
83 : 244 227 97 38 206 235 79 50 41 57 134 234 96 49 233 129 225 203 126 87 62 190 228 108 236 128 127 200 34 89 30 72 152 76 197 121 82 52 147 60 39 102 113 35 123 36 168 188 207 141 95 116 91 33 164 101 44 71 249 193 242 187 226 212 53 180 238 172 37 98 178 114 247 167 191 246 29 153 88 45 48 185 224 196 46 109 229 25 209 
84 : 180 193 173 62 78 121 63 129 60 48 217 192 46 102 53 144 112 56 195 119 142 34 117 236 249 73 232 150 223 65 160 186 85 118 174 159 141 82 25 92 45 190 202 213 137 110 91 157 151 248 215 107 125 49 233 208 172 120 68 61 158 143 108 84 100 71 30 124 122 239 127 95 155 86 238 198 40 
85 : 222 145 136 157 220 201 114 30 200 41 101 63 218 48 42 155 235 68 162 95 173 243 85 248 65 58 204 156 187 103 144 224 47 108 249 207 228 244 26 106 242 59 36 142 160 209 122 229 35 166 107 216 40 125 105 199 56 196 176 118 143 123 82 132 34 120 183 170 102 97 
86 : 174 128 106 27 89 148 35 64 87 48 160 143 37 138 219 99 166 127 73 72 183 199 45 135 194 119 154 163 221 78 
87 : 51 94 75 248 142 203 235 217 211 202 146 32 95 109 196 234 116 223 168 105 64 227 127 237 228 249 84 165 246 242 172 236 88 147 199 66 104 111 180 134 200 102 119 215 155 156 83 226 194 61 63 81 106 144 159 212 58 89 44 82 78 47 91 188 130 131 135 40 195 193 
88 : 39 40 153 83 64 84 58 158 112 137 229 218 173 208 212 191 88 225 168 55 189 161 244 80 175 172 124 114 236 230 210 223 228 53 194 41 184 231 118 166 44 243 35 100 68 226 31 25 188 213 235 99 97 94 217 131 232 85 180 241 50 196 37 122 119 186 148 57 26 138 123 98 102 183 56 159 77 117 242 245 126 54 91 61 129 101 247 104 133 30 45 170 167 227 185 160 82 76 234 134 165 205 237 163 92 42 
89 : 173 98 161 211 246 32 247 134 50 73 35 185 34 222 229 183 33 212 232 181 207 49 138 99 83 102 132 160 210 91 107 76 94 182 235 217 84 245 189 157 154 176 95 56 69 65 227 121 119 38 174 236 46 237 125 200 41 25 88 191 148 145 165 54 93 186 36 224 108 39 139 109 31 208 
90 : 229 194 195 158 41 176 146 38 173 123 75 95 26 149 148 25 93 28 166 218 127 245 190 214 144 179 32 188 53 181 108 119 74 150 133 172 183 167 164 104 68 170 126 165 184 230 242 237 94 80 210 128 216 60 85 131 157 234 243 215 239 154 82 136 193 103 236 191 200 105 244 171 142 83 76 51 175 107 125 110 152 203 106 247 137 231 111 197 204 147 185 221 56 35 178 
91 : 47 76 191 93 63 126 113 105 141 215 122 85 131 213 65 34 189 92 50 149 182 117 198 235 134 153 216 28 78 74 40 64 179 30 127 196 51 123 202 167 108 107 96 114 241 169 79 91 242 171 180 210 119 234 245 143 48 226 37 160 168 192 145 212 197 152 52 190 230 31 220 172 125 224 132 121 86 158 183 124 248 69 87 211 42 240 165 147 
92 : 34 49 209 196 249 208 235 170 55 114 153 113 171 156 65 193 201 233 182 51 213 164 61 223 143 221 133 57 70 168 206 74 119 232 197 228 149 98 115 69 220 194 112 53 36 44 
93 : 183 216 225 97 215 178 191 39 180 137 113 195 208 31 158 249 29 243 246 111 229 85 56 104 190 226 219 65 50 
94 : 142 152 78 183 116 203 204 197 174 202 241 140 105 128 129 240 93 95 185 172 244 226 235 182 248 131 96 135 242 188 181 233 94 160 145 186 114 92 175 126 179 65 42 63 184 37 136 229 81 198 49 167 45 113 72 97 177 90 61 51 170 150 74 228 147 54 227 138 212 168 211 118 104 190 101 
95 : 172 117 49 54 240 164 191 217 116 100 212 79 205 76 163 215 167 229 56 225 32 66 247 93 113 162 34 218 57 222 130 63 175 204 144 226 248 94 142 196 180 81 214 171 58 236 45 85 178 201 141 157 51 55 43 121 188 124 99 153 112 246 155 134 108 
96 : 97 136 165 133 184 49 199 247 59 50 103 119 148 125 38 33 223 216 51 201 155 107 249 179 243 198 210 66 36 149 
97 : 136 40 229 67 199 242 246 119 151 247 248 74 186 134 55 97 249 109 63 180 34 132 200 166 80 244 212 77 30 172 47 191 42 117 220 58 72 243 190 168 138 223 164 183 103 195 126 26 116 36 236 209 203 162 104 216 152 181 238 218 81 56 202 96 237 82 217 135 92 234 159 
98 : 248 191 146 147 131 229 222 133 204 231 31 145 176 164 115 129 224 195 86 53 45 179 36 118 159 93 29 178 30 245 193 63 52 181 209 55 137 184 75 56 163 175 60 186 114 221 239 197 121 103 79 92 95 39 150 194 81 43 46 220 237 108 119 
99 : 198 97 237 214 81 168 53 125 104 122 153 101 55 107 187 145 68 86 249 182 159 162 138 184 89 245 62 73 243 158 148 229 172 78 136 216 96 142 178 177 115 56 105 117 244 139 27 41 152 126 140 
100 : 49 124 103 127 189 192 70 53 58 242 166 51 56 42 156 230 205 30 168 148 145 44 97 162 143 247 64 57 39 198 106 27 126 185 238 246 34 140 43 83 195 65 225 54 173 193 129 67 80 138 101 164 
101 : 154 38 171 93 127 243 37 107 188 130 116 42 134 97 63 159 187 90 79 222 70 249 191 161 30 142 91 220 235 230 40 201 120 122 147 181 140 197 152 219 168 176 240 178 51 39 26 156 221 190 175 199 136 225 182 148 128 145 226 238 47 43 186 99 105 94 248 198 76 144 164 232 126 245 200 33 237 165 56 73 53 234 121 170 194 
102 : 144 46 133 41 189 49 131 228 212 66 104 74 241 211 164 118 165 79 109 203 36 71 112 81 230 97 120 213 51 57 192 61 64 186 193 92 27 179 198 26 
103 : 123 110 47 229 122 30 210 154 161 103 155 126 206 172 106 38 183 249 114 98 224 29 135 37 26 186 195 59 240 136 95 48 138 238 245 64 40 58 199 182 91 143 237 213 44 180 203 69 187 150 25 190 175 54 36 101 160 67 171 97 55 201 57 33 51 197 178 
104 : 99 247 188 202 240 127 187 226 151 52 133 145 77 109 156 161 185 246 113 134 222 225 61 124 46 215 87 244 36 201 211 165 92 217 232 216 93 206 159 122 135 84 81 76 190 235 111 28 115 171 41 85 136 86 178 142 48 34 70 58 62 107 150 130 
105 : 130 28 27 190 185 34 45 49 210 240 88 75 79 116 68 86 85 154 150 172 31 145 159 217 229 113 38 204 176 105 100 166 104 83 30 220 187 77 247 173 212 158 203 248 183 107 93 109 148 140 216 96 133 245 169 164 227 97 232 201 67 230 136 118 132 56 43 178 161 82 57 53 125 61 143 139 231 121 224 103 111 124 211 249 59 196 108 66 36 129 127 218 215 195 63 110 174 106 117 
106 : 183 159 61 139 211 152 133 246 191 73 149 170 106 194 240 237 143 67 151 59 64 127 51 75 161 148 124 99 205 168 102 164 48 128 31 111 55 90 57 56 93 41 100 243 227 157 40 70 249 208 174 112 86 42 108 156 150 69 58 27 224 116 218 196 135 178 82 54 221 167 236 132 83 184 85 25 120 176 136 206 158 195 131 192 88 
107 : 136 68 198 85 145 91 209 80 246 195 27 100 177 204 137 181 163 212 180 142 132 43 249 202 74 213 28 219 171 200 129 114 208 190 56 197 77 152 97 107 232 238 72 158 60 54 157 96 25 65 216 174 218 88 81 245 64 155 168 84 172 153 215 106 176 135 225 188 119 133 149 
108 : 237 120 29 37 50 152 236 88 84 220 100 245 243 182 156 58 126 25 189 35 187 87 72 183 56 157 123 83 111 188 96 131 110 101 234 214 139 204 226 122 166 106 
109 : 107 26 245 122 98 213 159 90 202 193 150 233 96 38 109 223 89 226 211 197 123 189 160 101 167 92 138 112 108 74 135 188 66 219 173 128 61 191 242 57 46 126 32 134 56 79 198 97 180 155 142 139 203 157 185 148 209 73 228 31 111 106 39 50 115 49 29 225 65 199 76 175 129 141 244 153 77 240 43 72 165 163 201 48 40 131 212 234 
110 : 205 148 104 29 228 51 37 25 87 221 182 150 167 216 93 189 149 123 82 152 139 92 114 143 40 236 233 85 58 70 137 76 68 53 108 170 153 79 44 36 225 243 190 72 224 124 138 214 237 28 197 230 38 39 91 160 116 210 195 198 209 145 146 49 183 55 41 95 120 217 125 141 156 185 231 52 168 154 97 220 65 223 33 212 45 191 86 30 109 81 118 199 248 60 215 90 204 63 71 211 133 84 
111 : 26 212 121 134 229 242 222 128 181 44 49 66 196 241 160 81 185 122 110 84 138 78 74 60 145 61 114 111 157 186 119 147 124 169 28 236 
112 : 77 244 211 28 85 181 167 178 210 109 68 162 166 111 183 34 204 247 203 42 97 137 92 174 108 
113 : 131 125 59 110 143 45 154 172 42 65 37 103 203 41 228 232 28 207 33 132 79 177 25 91 112 80 31 121 212 127 26 238 70 239 220 84 129 48 149 109 102 77 100 93 175 206 99 151 126 209 224 66 240 118 63 210 55 115 223 160 40 67 242 155 61 165 81 221 180 188 133 229 168 218 107 114 246 140 56 216 58 222 200 36 243 153 181 62 128 183 197 225 227 186 
114 : 197 63 93 133 135 30 164 106 67 185 66 88 203 131 38 219 204 207 31 151 136 142 236 139 170 32 130 83 156 246 237 241 138 120 147 39 46 134 86 48 247 210 53 92 244 201 98 97 217 77 108 33 182 149 212 221 42 205 47 91 202 141 34 81 122 218 84 209 107 45 159 
115 : 53 47 240 74 34 56 167 177 44 96 97 184 39 136 109 143 95 149 86 239 30 36 55 206 238 221 211 42 38 49 153 204 163 127 169 234 229 130 222 84 72 198 92 101 202 45 118 116 32 200 70 201 180 215 65 230 61 144 156 31 115 69 176 91 
116 : 132 240 219 202 160 212 156 61 96 200 194 238 30 127 115 60 81 139 62 36 241 209 164 213 175 80 119 174 173 65 77 59 215 180 91 84 228 217 152 35 204 73 66 201 181 216 69 225 153 245 162 105 242 58 159 133 76 243 108 99 45 72 107 197 98 199 120 195 236 229 248 34 88 116 95 234 168 125 122 166 33 232 143 177 205 94 25 64 230 114 221 196 149 
117 : 87 122 150 238 161 47 241 55 227 164 48 44 229 117 137 126 71 213 242 111 112 194 107 171 68 224 56 54 77 89 230 215 74 80 29 200 147 98 233 83 149 40 141 30 70 78 132 34 187 179 102 143 129 185 155 217 66 246 223 61 231 153 193 220 214 247 176 42 91 239 108 32 49 138 151 191 186 109 221 166 240 216 121 96 106 90 173 67 157 199 188 76 51 160 45 26 135 
118 : 64 229 239 173 47 210 34 104 81 134 133 175 69 77 187 199 168 122 117 55 25 46 88 248 50 161 206 76 188 203 30 132 127 48 197 84 118 225 121 196 195 139 108 186 219 212 106 158 241 33 169 236 70 224 237 147 217 130 41 112 109 60 213 80 218 65 73 165 38 172 176 53 223 61 249 93 222 183 156 202 101 145 245 102 92 85 
119 : 49 38 171 186 43 32 129 30 91 34 122 157 117 73 188 87 93 150 131 79 154 62 74 85 169 242 185 121 141 234 120 110 207 123 89 28 57 249 155 31 180 75 201 227 221 115 48 170 35 112 181 212 228 236 
120 : 243 81 49 41 215 177 138 220 228 193 213 143 75 237 246 30 32 171 106 217 222 195 115 134 69 225 192 208 77 247 200 84 219 184 36 123 212 173 235 68 161 88 211 73 132 155 174 157 147 186 83 92 170 90 85 125 31 234 145 187 179 144 118 95 182 51 
121 : 83 59 173 106 32 133 240 194 235 97 160 157 186 168 198 103 33 189 148 28 63 217 154 134 35 50 227 114 139 150 180 213 203 138 128 26 236 94 184 34 117 102 121 49 174 201 56 52 66 86 92 58 78 228 156 229 104 69 221 143 162 65 108 71 163 80 179 210 112 177 230 42 140 197 239 81 159 127 111 107 231 175 36 53 206 232 182 87 124 
122 : 176 93 96 215 127 80 220 183 221 61 238 153 126 235 95 233 224 236 103 97 51 63 234 242 117 188 58 89 243 43 81 179 38 25 203 247 123 26 114 115 86 227 212 141 174 211 158 206 193 190 124 69 194 199 100 228 94 47 84 184 197 138 132 37 229 46 189 68 76 154 112 53 135 99 88 168 42 167 30 239 157 223 50 70 177 170 39 
123 : 119 57 69 171 234 135 133 73 166 121 148 138 199 82 34 150 72 75 247 44 58 134 106 27 86 88 
124 : 81 132 168 45 234 158 43 244 224 25 193 196 146 139 164 27 54 200 131 231 227 111 100 151 85 217 246 148 56 109 34 118 207 230 165 190 75 87 82 57 154 119 69 174 49 187 101 66 83 86 26 63 30 180 208 61 67 70 92 
125 : 52 53 192 147 244 116 74 134 129 45 160 70 184 27 153 62 135 83 58 164 67 93 29 75 105 226 78 178 225 
126 : 125 236 29 99 129 83 121 73 76 227 169 37 186 234 42 147 182 34 71 237 110 35 238 164 158 156 210 166 102 181 36 95 174 177 219 98 44 139 108 133 120 199 170 88 66 216 151 201 48 165 183 50 160 208 62 46 68 132 70 63 159 49 
127 : 149 85 209 192 237 230 169 162 168 87 52 129 201 135 235 38 226 246 242 110 115 35 198 34 231 145 89 134 223 197 137 81 84 141 190 205 249 240 79 178 156 188 70 184 62 112 215 206 109 104 236 218 238 146 30 211 45 54 126 86 152 53 210 63 208 95 113 124 203 40 132 151 68 182 207 46 133 245 37 93 159 155 43 83 
128 : 173 165 34 151 81 152 209 232 208 233 234 198 113 140 68 94 135 155 204 157 240 107 192 137 177 159 138 33 74 42 45 102 82 28 48 126 75 249 41 67 78 139 91 219 79 63 88 201 44 72 169 106 30 38 105 182 226 227 189 179 224 125 111 221 101 87 244 203 119 246 61 26 231 73 52 149 127 200 51 213 59 150 43 196 
129 : 238 210 226 28 172 131 237 230 146 55 240 109 227 33 50 47 182 209 48 64 141 197 106 74 200 56 212 96 78 202 249 150 175 70 94 32 185 92 221 192 83 54 75 229 203 180 224 26 211 168 167 191 68 
130 : 68 100 164 61 131 237 77 57 55 53 190 108 33 173 50 29 54 47 225 148 31 195 116 226 82 197 174 206 120 212 95 153 177 98 156 60 52 137 219 79 168 119 67 117 103 70 
131 : 95 97 144 242 155 243 127 115 118 202 81 89 111 87 30 198 194 201 226 168 117 165 130 126 88 35 78 31 29 162 69 175 233 27 49 230 244 132 238 38 116 
132 : 34 96 136 128 78 115 238 190 235 35 226 227 49 32 221 127 150 60 193 200 95 154 129 40 213 242 88 225 37 39 174 55 120 72 194 102 159 97 33 191 92 218 173 122 105 228 107 157 71 131 132 118 30 41 207 160 243 247 186 36 25 166 125 164 236 81 99 74 38 234 93 223 52 67 195 167 170 137 90 201 197 101 73 202 206 134 121 56 148 180 29 171 124 144 44 133 
133 : 37 160 153 99 196 69 125 176 50 167 137 166 59 221 71 186 218 97 82 58 223 213 65 154 224 68 240 191 147 133 34 171 75 184 36 242 73 237 208 231 207 79 81 91 177 83 124 226 123 52 173 205 143 35 47 175 87 128 152 185 64 63 211 215 198 192 159 179 236 174 84 162 31 29 156 96 181 216 142 178 57 229 187 121 100 200 246 105 182 111 62 248 144 122 66 149 28 67 238 209 74 43 56 214 48 53 101 27 155 134 
134 : 190 110 202 220 84 180 153 89 117 37 76 149 59 87 247 187 175 140 121 111 29 188 148 68 249 53 248 246 27 25 209 226 135 69 171 137 167 170 158 67 228 38 142 44 160 57 219 83 199 51 48 233 210 168 114 213 118 108 71 224 64 120 41 185 126 45 116 208 46 207 61 101 234 73 75 239 
135 : 33 112 59 32 119 51 157 74 65 29 118 163 38 167 188 107 87 143 206 242 165 69 122 152 151 123 178 239 47 195 111 30 99 231 117 36 232 160 131 73 149 108 172 154 201 174 245 28 208 246 78 145 100 211 68 220 101 82 162 
136 : 152 111 184 211 49 192 224 88 146 95 74 168 27 101 91 165 207 147 248 198 76 63 205 157 243 220 32 37 189 150 84 79 66 127 228 242 137 143 40 222 69 70 196 193 169 203 103 206 50 145 41 219 212 55 214 36 158 71 86 106 77 132 217 173 177 151 117 155 160 172 81 82 65 80 130 162 59 202 126 204 99 237 
137 : 62 227 144 132 55 215 224 197 67 129 64 102 59 134 183 206 145 96 158 166 214 95 176 47 190 80 81 45 53 78 115 242 186 74 185 221 207 117 248 73 249 196 124 182 121 87 100 184 151 98 109 79 122 133 187 33 204 85 216 82 130 188 107 136 156 111 48 181 120 42 72 236 65 52 139 211 91 159 245 123 218 37 60 106 209 89 168 165 57 43 101 225 157 163 112 70 160 137 167 25 222 39 240 86 231 237 
138 : 64 186 106 29 76 131 200 146 171 85 204 41 127 145 84 124 137 222 219 148 150 173 249 233 141 53 237 34 240 59 25 211 143 168 187 112 96 72 158 40 231 161 174 105 129 189 163 44 144 28 56 176 
139 : 48 34 234 57 37 131 182 118 93 35 179 104 178 29 78 218 220 230 60 87 233 121 199 241 226 103 136 221 123 193 86 79 174 84 119 70 76 41 108 40 135 161 242 201 52 129 197 88 195 82 27 61 223 156 133 138 59 159 137 89 51 167 200 106 225 54 248 187 31 150 58 169 64 77 205 184 116 151 227 190 33 244 44 94 243 211 73 130 96 127 74 188 222 139 170 183 
140 : 199 178 92 151 45 218 222 167 146 134 174 128 194 136 56 69 66 108 226 38 145 67 213 125 96 49 76 152 216 202 215 42 164 55 124 142 188 203 141 220 74 93 179 204 117 236 173 30 193 186 135 217 57 225 29 72 130 190 99 40 227 32 41 195 97 113 44 122 200 246 50 232 105 207 91 70 161 189 63 37 73 77 25 123 54 133 81 116 68 247 160 181 114 35 48 126 100 85 140 87 131 182 34 112 26 129 52 168 197 88 
141 : 202 244 159 196 33 94 89 119 233 222 153 71 126 52 219 145 135 223 57 184 174 199 208 183 218 234 95 240 30 193 84 79 179 214 39 58 25 237 116 82 216 103 99 74 44 158 154 165 106 130 128 151 96 109 224 62 155 92 178 206 72 88 78 122 194 172 195 188 213 246 137 138 141 60 189 181 191 125 163 144 45 175 47 150 63 146 38 247 187 61 136 160 124 232 123 
142 : 80 162 189 248 149 120 203 230 118 39 234 135 229 77 91 143 206 58 140 72 123 146 71 73 247 112 148 43 103 197 188 179 223 82 92 170 198 219 233 187 95 160 186 75 
143 : 226 182 92 116 64 193 178 156 72 53 245 222 133 181 207 139 179 155 50 100 157 225 29 95 188 49 212 187 243 160 61 173 119 223 191 66 104 136 241 198 150 159 126 244 170 70 97 142 62 67 105 33 128 32 130 183 25 106 211 75 44 200 208 117 118 153 80 239 235 197 166 68 90 76 190 56 158 131 227 202 140 168 231 113 146 237 91 205 230 109 221 199 129 45 180 83 218 84 134 165 132 48 135 122 219 
144 : 188 64 76 151 207 170 156 166 230 103 186 99 119 203 29 39 139 127 122 189 233 67 157 97 88 94 125 90 26 
145 : 215 32 226 222 160 94 181 97 73 154 178 69 197 51 74 102 156 57 70 143 139 78 64 46 76 243 153 183 233 155 235 176 142 167 
146 : 184 103 67 159 242 197 43 133 230 108 63 191 166 204 161 149 49 76 75 119 225 198 120 202 57 185 66 34 
147 : 145 90 177 87 39 121 100 182 96 240 65 232 144 138 101 195 158 183 67 93 82 133 154 131 143 196 53 248 140 48 202 203 60 206 241 165 178 204 167 184 118 106 164 91 223 139 113 134 230 205 105 238 47 141 236 151 129 130 191 189 170 43 98 34 188 117 124 116 44 163 243 208 99 102 125 161 213 52 147 89 172 160 245 218 
148 : 109 182 244 59 85 47 213 113 86 191 180 173 233 29 166 142 94 194 242 220 222 122 74 183 129 40 152 240 62 199 154 187 229 107 135 151 43 248 65 228 185 212 211 181 
149 : 97 72 103 224 182 154 139 104 148 89 118 247 55 151 120 175 80 61 249 162 92 41 184 50 111 171 156 183 45 28 67 71 181 164 219 225 40 172 58 146 26 85 81 101 109 246 170 38 87 220 137 47 217 153 174 231 48 25 84 206 178 163 213 207 194 145 34 122 158 142 202 63 56 234 237 83 37 107 140 99 235 238 124 96 160 98 198 31 51 195 32 30 205 
150 : 211 134 74 129 118 244 201 178 187 149 80 99 102 103 219 36 198 110 147 135 75 85 161 83 189 40 56 190 67 68 148 111 117 158 32 59 237 152 232 130 192 44 51 94 64 70 143 220 188 61 92 203 35 50 31 66 141 174 136 139 29 90 26 
