0 : 77 204 164 243 48 75 54 223 83 158 99 47 241 104 216 179 135 63 71 238 61 29 245 35 149 82 248 182 86 52 150 58 31 193 126 169 136 90 249 101 237 206 235 42 145 37 128 56 176 89 226 240 73 228 68 166 188 141 160 87 144 65 105 25 34 222 209 230 247 221 155 129 59 
1 : 27 140 84 67 181 94 102 200 145 216 179 79 130 213 72 183 25 76 114 163 127 75 74 29 231 65 47 165 244 239 222 135 100 206 80 228 209 174 186 217 64 73 108 162 45 210 164 77 132 83 61 121 117 68 107 124 131 122 36 37 157 
2 : 96 233 210 154 115 90 39 100 191 222 60 121 98 190 155 182 205 32 95 176 223 37 219 125 151 44 113 89 41 28 106 
3 : 92 215 114 137 214 93 78 121 172 243 194 200 109 122 65 81 118 112 69 150 136 89 85 175 167 148 142 32 102 26 59 95 162 247 103 87 64 165 108 97 246 239 37 46 62 244 164 91 241 224 143 238 182 197 209 220 111 144 125 206 132 77 237 45 151 140 180 27 245 50 177 203 210 94 25 28 120 152 207 76 211 156 117 221 208 193 66 192 48 134 99 231 39 184 159 51 139 170 198 41 88 101 176 228 185 
4 : 237 80 139 64 198 131 215 248 183 231 138 26 70 81 83 245 27 173 100 62 232 205 216 86 130 144 97 196 104 79 88 180 
5 : 73 119 46 182 42 76 215 153 220 173 228 77 230 126 120 115 142 165 97 43 103 196 114 132 91 168 206 189 64 95 176 107 174 146 26 100 44 102 171 208 134 223 157 244 198 138 197 207 156 234 221 104 159 74 45 185 167 148 111 71 28 247 184 141 78 31 170 202 200 145 245 37 213 49 191 150 180 93 246 83 131 101 82 169 66 52 147 237 183 128 85 187 218 90 88 27 217 113 56 117 99 40 105 154 33 199 68 181 179 243 239 89 227 130 216 144 32 
6 : 36 142 132 211 150 143 52 151 115 201 135 33 161 160 83 139 190 168 94 243 117 167 89 30 175 91 85 96 105 229 152 95 114 103 38 49 228 98 72 129 146 58 234 141 196 173 25 189 79 34 39 
7 : 238 63 46 187 234 211 66 29 228 204 103 226 167 230 106 247 188 246 149 198 83 171 25 27 47 39 206 107 54 35 192 205 99 125 30 221 101 31 81 163 240 241 135 122 185 48 57 89 118 244 139 
8 : 86 77 176 202 177 174 48 124 103 133 231 234 36 238 189 117 38 224 245 112 132 143 187 155 144 151 164 95 106 54 138 215 204 88 242 100 26 175 181 125 118 179 129 85 105 167 199 213 190 248 244 145 56 169 157 178 42 107 237 159 29 35 154 41 146 81 228 
9 : 218 73 228 186 197 105 143 183 106 51 211 46 100 217 64 67 45 231 150 81 162 113 170 163 53 193 109 139 208 102 137 38 156 114 87 146 36 236 82 219 65 88 138 209 181 203 140 124 184 154 177 168 59 122 78 57 75 207 125 77 58 43 247 103 185 25 179 74 71 191 174 83 44 233 136 129 172 239 126 40 161 144 26 
10 : 25 56 167 77 169 157 148 219 131 113 161 197 215 218 43 91 166 59 221 243 130 192 52 103 132 128 140 210 88 164 26 145 49 121 172 220 232 230 165 231 217 65 95 139 176 98 191 66 144 107 129 54 119 42 53 227 203 118 45 41 236 47 245 55 93 153 249 151 75 87 102 199 206 108 187 86 125 239 36 30 136 67 181 207 74 178 60 37 127 246 38 40 155 242 222 141 238 158 51 50 57 39 208 29 175 189 58 109 237 174 196 117 70 89 244 69 62 31 73 143 190 179 
11 : 247 189 203 115 145 242 122 133 44 168 45 193 204 229 78 41 225 197 100 182 128 200 177 93 130 112 196 236 56 72 99 119 136 208 134 121 137 224 184 219 125 150 211 88 94 248 38 172 116 96 142 46 40 26 215 188 206 140 237 42 90 75 52 238 209 65 198 169 83 37 174 207 58 80 53 76 156 131 205 74 162 157 210 185 32 34 221 199 240 50 146 64 163 107 186 33 178 149 179 73 111 234 154 135 81 
12 : 89 224 115 159 149 232 237 147 112 143 146 215 161 197 69 198 244 194 81 169 73 30 188 145 233 158 85 227 142 27 113 134 234 119 130 35 249 38 213 54 246 155 45 66 168 222 65 135 52 221 110 50 228 111 230 25 43 90 109 108 132 190 59 88 164 196 79 166 63 167 205 83 173 216 124 212 181 208 99 185 154 178 150 220 91 96 118 137 209 160 62 
13 : 243 128 218 73 154 103 247 34 112 75 39 240 121 89 197 146 249 132 37 189 149 71 131 74 52 107 171 65 45 82 217 166 199 36 212 105 64 203 151 144 245 153 125 142 184 233 190 87 165 46 50 248 186 202 168 30 35 181 239 114 29 106 130 224 169 84 226 195 241 53 225 78 221 170 215 162 231 69 223 
14 : 143 137 196 194 25 113 165 215 189 96 175 210 244 73 116 41 167 216 224 181 115 47 74 161 110 207 40 64 102 122 61 129 72 170 31 203 59 135 26 221 81 60 112 37 204 239 232 154 220 80 150 240 126 166 146 95 191 39 132 75 192 176 178 52 106 89 184 163 157 67 206 30 202 142 91 109 160 77 247 198 42 100 76 241 173 205 84 218 236 111 43 98 209 242 68 245 238 123 83 92 237 214 153 70 94 199 46 
15 : 208 92 190 97 198 43 35 96 131 187 89 163 206 132 107 155 73 180 93 244 113 123 221 212 130 201 175 41 192 46 166 199 91 162 78 99 47 114 157 205 103 98 158 169 182 248 217 127 235 245 218 48 226 104 224 115 179 118 230 133 240 108 69 109 194 223 234 30 79 195 100 159 242 121 156 128 94 126 146 176 32 207 122 227 85 38 25 196 63 27 149 185 161 117 68 222 173 120 135 56 219 139 111 29 31 237 54 105 
16 : 212 206 36 223 116 236 188 102 167 240 99 93 54 135 126 66 249 190 87 32 184 168 231 235 232 109 170 186 58 75 165 177 55 245 94 118 38 161 224 56 80 242 63 178 41 30 86 183 128 112 28 175 76 229 114 228 110 95 92 172 97 211 243 119 105 127 226 98 73 59 196 68 225 234 48 149 46 115 61 215 78 237 81 107 44 157 194 200 85 248 191 129 195 64 230 182 221 154 209 193 104 70 69 131 145 106 137 141 147 51 82 62 162 74 134 60 
17 : 184 167 148 231 50 176 249 79 175 246 169 80 30 126 168 71 47 91 44 160 158 69 84 213 180 248 226 149 128 182 97 76 125 75 153 229 183 177 33 236 188 111 63 218 207 194 143 108 191 195 159 140 73 35 124 27 243 155 206 54 109 244 38 131 150 74 165 98 70 198 39 162 92 41 110 36 29 221 86 55 166 202 61 115 199 145 40 219 227 119 234 59 230 43 129 196 66 49 113 161 222 64 67 25 78 197 68 
18 : 164 61 93 217 190 216 145 218 135 107 74 208 151 230 203 154 206 192 191 227 171 248 162 173 121 181 130 222 54 123 116 223 106 209 143 204 78 28 41 35 168 124 214 26 150 155 243 76 134 235 63 148 178 247 90 245 117 75 99 113 156 194 59 132 237 92 221 65 79 85 49 62 174 46 200 114 60 226 199 44 236 56 175 118 197 125 32 224 167 108 109 176 153 240 31 105 136 146 64 
19 : 130 99 128 160 248 59 125 198 61 184 139 81 148 165 199 176 214 185 129 124 80 159 236 187 182 162 79 166 
20 : 74 37 241 25 237 35 111 194 206 45 52 233 208 243 87 102 94 199 117 231 174 155 215 70 108 132 90 192 202 42 49 200 138 160 242 154 67 73 68 238 131 101 28 55 114 204 41 
21 : 154 197 67 222 201 123 211 122 109 138 57 104 195 225 229 111 51 240 246 179 30 172 33 135 164 91 38 181 55 126 178 45 117 76 94 170 194 171 95 124 44 230 100 238 180 89 235 204 169 149 25 26 37 216 47 54 220 96 56 73 27 107 99 64 106 210 81 78 234 199 80 248 72 61 69 29 127 68 203 131 147 140 62 134 168 
22 : 181 138 173 100 142 98 160 65 144 209 105 87 71 248 145 193 147 238 80 34 40 172 151 212 148 186 157 119 92 220 146 70 170 47 154 59 228 115 
23 : 55 66 99 59 137 231 70 26 200 41 134 35 171 245 142 162 197 108 249 190 94 54 242 29 170 100 82 127 135 98 
24 : 166 67 134 213 106 232 190 88 122 220 140 70 157 78 64 119 149 195 39 147 139 199 249 162 244 235 156 91 25 227 100 191 109 
25 : 42 212 65 122 224 54 204 161 63 104 199 134 86 114 72 123 118 190 126 94 85 139 155 33 35 51 106 211 142 184 111 235 47 213 43 153 149 89 93 80 163 228 83 68 217 174 58 53 61 187 57 101 215 49 206 173 222 140 113 50 26 87 150 229 25 96 164 162 200 249 82 189 168 194 71 29 48 198 120 177 75 132 131 167 208 34 232 246 124 247 88 130 178 231 151 64 186 156 223 135 133 41 81 66 197 172 169 129 40 216 103 237 127 92 37 159 27 116 203 138 
26 : 134 188 160 30 42 244 226 61 190 197 203 138 245 241 49 178 47 235 233 231 85 109 150 114 163 185 50 200 57 236 26 208 33 133 157 229 130 91 207 121 239 218 83 40 65 80 184 76 199 165 161 180 222 249 70 67 195 168 99 202 142 107 210 36 128 96 172 183 97 145 93 230 45 116 242 154 111 201 158 43 152 225 106 155 115 38 170 59 103 94 74 78 112 63 198 159 73 41 167 196 87 216 123 69 71 92 119 246 53 162 101 219 
27 : 65 208 119 244 215 155 212 159 66 226 246 51 214 220 74 179 163 26 55 90 57 54 118 128 235 135 103 108 154 200 41 185 105 86 47 169 180 92 82 89 233 203 88 121 229 31 164 59 122 29 27 81 228 188 138 43 157 177 49 240 143 111 62 153 58 216 85 131 190 222 231 184 204 167 192 96 116 113 234 224 25 101 195 189 142 165 35 69 237 248 75 196 112 100 56 211 44 46 
28 : 37 161 144 80 214 223 27 203 164 150 70 204 166 74 57 229 189 115 36 182 198 158 41 221 68 145 62 237 26 168 169 212 177 104 86 235 71 190 32 178 243 131 110 44 193 208 157 236 239 205 52 103 200 91 172 213 83 124 156 194 45 77 122 119 206 135 73 202 159 142 88 238 228 90 201 163 211 105 49 98 113 117 78 244 139 
29 : 192 185 219 177 212 157 44 133 183 150 42 94 71 143 142 167 138 70 40 239 203 248 211 92 155 93 124 84 204 121 171 213 222 59 54 227 161 196 245 197 130 128 186 205 132 112 119 214 97 173 188 109 168 61 129 76 45 66 131 43 48 78 216 75 33 224 154 120 149 242 27 85 226 234 49 62 207 29 36 86 68 34 189 223 215 170 69 232 125 198 58 195 247 140 159 91 
30 : 25 89 63 98 128 169 223 162 240 35 100 199 168 40 71 58 159 156 66 110 26 152 190 228 225 88 101 213 38 158 
31 : 184 153 37 139 213 63 86 200 105 64 187 190 193 195 180 54 70 36 128 179 115 94 122 140 123 67 174 109 208 78 177 203 114 92 41 216 130 136 146 60 161 30 107 238 169 135 118 117 93 167 185 217 202 239 237 218 188 33 111 142 243 26 38 201 88 82 159 246 235 191 154 182 125 126 226 181 89 162 221 178 228 150 133 
32 : 86 52 188 249 40 56 143 163 123 45 91 117 110 169 173 222 41 88 206 62 151 154 213 171 210 168 179 145 63 81 71 240 103 201 160 189 246 203 55 196 135 34 61 93 120 158 85 225 238 66 150 114 51 90 152 141 50 84 202 58 68 89 194 195 200 211 127 105 248 228 223 149 96 199 77 82 212 144 207 243 26 245 239 138 100 237 87 176 218 136 76 130 190 224 59 175 30 131 129 115 
33 : 191 156 118 226 92 88 114 78 83 108 218 245 124 215 132 186 49 133 70 152 234 77 223 54 147 47 171 173 57 230 107 50 69 241 219 209 44 244 121 39 120 185 249 159 80 63 85 110 89 127 247 139 109 31 97 233 179 37 67 103 211 56 86 195 237 129 100 96 58 142 91 149 90 55 217 52 32 61 208 181 165 177 238 199 93 
34 : 163 117 132 130 222 228 81 191 141 136 138 177 68 246 166 30 145 185 94 221 144 156 226 210 178 245 160 234 31 182 121 54 83 208 110 202 104 69 93 240 131 113 98 148 150 89 181 80 143 120 40 212 179 100 159 175 57 249 29 216 193 187 
35 : 57 130 244 219 124 121 112 55 26 246 77 25 209 193 143 37 206 81 155 159 103 98 72 227 174 120 50 74 67 152 106 66 47 34 54 79 172 89 133 38 154 36 161 128 44 142 195 231 169 95 214 27 160 158 97 216 59 56 237 211 137 178 109 80 185 228 52 82 76 108 139 63 125 118 156 215 93 188 122 240 249 226 175 123 232 43 225 94 149 171 71 144 51 49 203 224 65 99 210 129 233 87 42 102 69 113 197 148 212 39 205 141 191 114 131 
36 : 198 25 173 203 29 96 168 129 163 229 154 62 45 171 182 193 101 86 214 241 133 34 60 212 170 111 247 179 162 81 211 245 42 54 216 33 105 53 107 114 205 181 119 64 192 109 32 204 137 227 175 98 41 35 78 115 40 90 28 100 246 104 221 56 39 99 232 31 159 46 140 27 226 237 206 73 87 
37 : 230 152 143 128 238 227 41 182 234 232 61 114 98 106 70 153 38 202 170 34 167 201 139 217 195 105 67 179 242 113 157 122 192 154 221 125 166 43 188 46 48 198 213 63 150 103 156 36 229 207 54 219 124 231 115 116 50 140 82 
38 : 96 217 154 105 84 25 173 170 227 80 226 248 185 76 111 193 155 206 143 137 118 124 246 42 72 106 64 171 207 243 65 58 194 169 123 103 43 215 88 130 184 216 147 140 71 134 102 52 177 82 168 159 199 63 161 28 176 160 220 195 107 242 38 191 37 179 210 
39 : 162 114 46 126 132 30 120 167 220 131 191 93 34 138 88 52 211 59 26 135 63 146 189 123 205 128 80 90 61 215 225 133 141 204 217 47 243 245 100 28 53 183 44 249 108 50 115 49 117 228 242 156 94 75 97 92 222 210 165 155 78 86 199 193 102 95 176 186 235 159 149 68 136 25 39 70 
40 : 103 80 69 54 249 232 92 241 185 246 133 53 138 142 235 89 34 199 182 211 46 101 114 238 40 194 85 94 41 202 27 141 31 220 97 90 164 186 219 161 
41 : 186 154 237 52 194 105 145 80 213 53 143 235 84 127 147 89 176 179 60 183 228 242 215 126 192 124 68 202 151 43 163 129 76 95 39 81 138 120 77 
42 : 155 171 219 134 31 28 182 73 37 118 35 243 211 112 185 249 90 108 98 110 91 188 244 226 55 170 240 113 230 157 59 57 96 109 204 74 76 148 196 129 225 234 95 220 135 123 176 205 77 195 103 51 43 150 144 216 70 139 193 206 64 101 53 
43 : 204 34 46 160 140 211 99 68 181 195 124 210 146 218 139 137 28 81 226 135 138 47 71 83 91 57 150 85 109 74 173 112 197 38 229 169 152 103 154 127 235 70 117 130 118 149 176 232 158 165 101 106 141 110 205 94 30 126 193 62 64 191 157 132 162 108 133 
44 : 110 161 131 72 44 173 211 224 195 187 94 228 34 214 31 75 146 148 221 33 139 71 178 101 218 156 241 233 176 203 96 179 217 50 30 45 112 225 226 60 38 163 152 165 83 59 88 243 234 168 36 47 97 153 35 244 216 249 82 91 68 99 37 124 231 248 119 206 227 158 149 39 42 190 157 
45 : 98 107 241 244 231 156 109 196 132 27 31 28 221 138 106 83 217 177 151 187 147 179 55 51 198 245 164 181 120 46 87 48 182 116 37 233 64 59 234 102 148 123 85 216 126 161 212 137 178 76 34 202 242 
46 : 61 196 118 222 85 82 175 32 30 127 170 194 36 132 223 143 29 221 191 130 87 241 189 165 168 71 145 214 242 63 43 138 49 219 67 112 151 90 125 55 103 117 111 110 104 212 177 28 181 78 141 220 69 182 102 77 37 92 59 129 140 56 243 192 229 122 72 40 152 246 74 162 33 134 218 197 169 188 86 190 213 184 163 57 27 215 42 244 167 153 53 106 198 160 159 200 237 50 185 207 26 136 135 201 178 
47 : 83 187 52 167 67 130 211 98 170 169 196 173 103 111 107 244 192 84 85 226 146 113 27 216 37 204 188 53 81 38 99 214 168 218 190 157 242 201 156 109 151 35 239 112 241 221 118 153 224 163 240 32 191 142 172 247 102 43 184 70 152 121 122 148 131 100 91 149 176 48 160 25 154 228 234 136 140 200 68 208 207 72 126 59 39 
48 : 145 75 32 93 204 54 245 127 211 142 122 173 232 126 172 39 81 84 159 57 246 133 161 249 228 52 218 118 27 242 
49 : 221 122 242 137 153 234 195 138 158 186 198 88 80 92 226 50 36 127 115 72 212 159 209 104 107 82 33 169 66 191 238 183 90 204 249 45 179 73 207 210 245 77 38 40 132 176 243 74 30 213 136 134 205 
50 : 184 44 38 218 28 135 157 35 230 118 175 131 65 126 139 91 239 176 111 96 158 92 243 72 220 86 244 210 79 27 195 84 216 47 179 41 236 37 161 186 132 187 117 123 108 159 209 212 188 85 73 154 199 192 198 99 170 196 143 160 77 25 185 151 134 89 115 183 32 147 80 103 219 110 152 62 90 193 36 113 112 101 120 238 94 145 242 122 241 234 109 45 207 149 
51 : 64 26 95 201 59 102 76 124 81 98 42 63 114 28 199 175 101 140 103 133 109 154 173 80 128 198 153 185 83 
52 : 182 59 246 167 248 121 152 146 166 191 102 232 46 103 150 177 48 218 151 193 33 83 236 101 198 186 64 100 209 207 45 189 173 43 229 31 154 60 156 134 92 175 220 135 91 225 201 178 132 58 188 162 113 147 47 163 211 137 228 224 144 86 138 120 65 99 190 176 25 183 34 88 57 94 
53 : 87 173 65 105 155 117 236 54 28 194 46 220 211 231 207 111 63 78 93 175 77 238 160 41 79 137 71 36 201 102 214 60 147 45 130 177 190 176 67 232 132 135 169 103 58 
54 : 198 180 209 61 196 32 116 38 234 213 153 103 227 138 201 90 163 42 147 115 30 36 81 244 243 28 197 199 102 121 157 66 229 211 217 136 113 207 51 223 107 238 67 73 185 118 125 87 71 126 127 145 99 84 130 154 203 112 246 56 37 186 105 218 55 64 52 26 190 169 62 242 65 135 79 245 161 101 230 182 25 184 191 104 188 86 204 92 27 63 192 148 224 141 76 98 194 219 133 168 41 179 53 132 128 89 
55 : 188 187 154 192 115 76 181 68 96 40 72 79 43 208 140 226 205 65 157 201 39 203 215 232 28 61 109 194 168 235 95 112 164 135 67 99 184 243 233 248 73 44 46 81 71 172 85 50 178 153 144 113 160 141 174 221 101 183 143 167 55 219 138 147 84 214 158 136 234 64 52 30 191 47 139 70 38 142 241 57 209 58 216 237 59 204 127 177 197 114 41 123 74 230 66 247 90 220 202 
56 : 44 62 114 145 146 187 224 161 132 115 165 31 55 123 104 148 129 39 222 151 163 127 58 171 48 201 73 198 130 149 228 72 77 92 185 120 236 91 168 211 51 205 141 139 230 47 216 159 142 118 109 200 215 176 113 103 237 26 61 210 117 56 182 54 28 64 212 184 169 203 238 74 206 63 38 
57 : 71 59 39 239 41 233 153 85 126 217 177 82 211 198 132 56 137 122 62 114 142 96 210 33 72 68 35 77 178 94 
58 : 230 150 202 199 50 156 173 154 114 247 187 197 225 206 125 107 122 166 221 84 57 71 130 204 49 153 181 201 66 103 62 198 128 158 179 85 164 113 94 241 78 29 32 182 
59 : 176 109 187 205 221 114 43 65 233 207 136 39 225 141 84 188 122 60 59 167 82 112 227 128 216 240 35 100 51 38 36 220 102 55 70 41 76 98 171 64 67 197 175 27 110 248 134 48 206 75 247 217 89 123 142 144 158 174 126 186 73 160 77 199 120 138 88 139 155 71 210 145 83 66 131 164 69 215 57 182 56 183 181 44 46 119 108 137 116 80 124 72 157 106 25 54 165 211 
60 : 34 52 161 109 183 120 227 119 242 91 63 32 188 243 215 49 210 57 234 205 174 48 194 98 163 175 237 190 122 74 198 219 193 83 36 141 43 75 244 214 239 145 127 160 223 196 102 79 143 27 117 94 81 169 40 147 92 112 128 192 189 232 229 47 35 113 185 220 38 99 72 226 248 87 140 56 76 111 167 162 245 191 209 82 216 150 130 50 71 64 247 58 156 108 54 144 129 155 241 152 222 97 65 208 225 204 114 138 157 85 207 73 202 213 88 46 240 67 166 171 159 164 
61 : 239 189 32 57 197 30 91 151 157 101 117 220 126 213 136 53 130 230 58 35 135 154 238 244 88 185 132 205 223 139 131 234 124 184 85 111 207 159 61 100 228 62 75 54 203 216 112 28 209 215 77 99 104 134 219 181 43 81 182 191 206 225 158 106 102 76 45 148 123 80 121 93 44 175 187 83 164 173 69 233 160 165 59 86 71 51 171 240 137 36 120 236 235 140 232 150 186 224 196 167 141 183 105 226 96 218 241 60 113 146 108 179 109 212 26 147 119 143 87 79 73 
62 : 132 243 26 121 134 81 120 209 82 165 195 75 35 54 238 55 62 114 106 186 248 78 67 107 97 103 95 118 190 104 228 72 76 208 224 158 88 176 160 31 
63 : 173 109 146 111 192 237 167 141 83 150 203 97 100 185 145 171 125 62 37 159 56 104 70 67 154 214 130 116 134 87 232 190 138 195 193 119 225 64 90 143 228 181 197 54 99 177 50 144 95 168 212 151 108 242 227 179 49 106 51 152 208 63 234 42 187 65 186 166 40 199 160 47 247 60 162 102 158 120 248 156 129 61 147 209 
64 : 202 93 211 57 123 44 79 210 162 130 153 248 219 150 216 231 95 180 92 199 61 101 26 98 193 46 69 160 143 128 169 124 39 74 59 122 207 188 127 51 52 86 232 89 182 78 224 38 148 139 228 225 53 75 66 120 140 65 168 164 243 108 129 223 159 155 185 68 30 221 40 163 230 142 154 195 238 171 167 84 214 104 249 29 200 58 141 88 27 25 179 203 190 
65 : 183 74 203 231 150 94 105 107 167 213 25 125 229 89 72 64 109 144 116 83 192 99 211 227 172 176 220 53 180 130 241 81 111 128 212 39 225 164 246 43 216 45 40 139 63 162 75 95 110 129 32 66 84 87 174 196 136 92 156 126 236 224 189 181 122 34 102 209 145 78 153 97 190 215 133 115 61 90 100 69 70 33 42 86 170 30 198 
66 : 199 192 153 180 185 224 176 99 233 77 68 164 29 198 194 104 170 193 172 213 119 222 70 152 244 52 147 60 91 191 204 116 90 151 163 234 226 28 235 239 120 107 227 141 218 238 240 202 74 101 195 38 126 220 78 36 179 124 182 162 203 85 105 47 84 30 69 209 139 129 159 122 158 57 154 92 236 183 108 196 94 248 112 
67 : 143 234 190 104 161 217 85 34 118 26 238 165 32 114 243 213 222 39 184 101 62 27 245 106 209 192 156 131 69 142 53 211 97 205 201 164 135 55 100 123 124 54 134 138 195 159 225 109 72 183 188 84 121 174 144 240 117 92 79 203 236 226 95 177 198 212 187 231 
68 : 238 127 38 232 153 160 44 113 35 99 68 225 147 63 121 165 185 61 216 40 201 76 240 101 126 198 138 239 112 151 168 157 166 
69 : 109 164 187 125 34 225 243 192 139 226 182 74 235 163 114 94 133 166 222 143 120 32 218 46 37 88 77 42 84 41 87 105 239 48 195 113 207 246 179 45 193 108 
70 : 142 139 119 60 179 239 141 110 88 101 169 73 35 132 173 221 33 40 42 109 76 30 232 118 59 69 208 153 78 183 28 97 133 120 234 244 181 54 123 114 50 67 122 144 121 155 157 65 151 53 79 160 191 
71 : 99 114 75 129 192 96 61 143 199 216 91 194 86 71 77 220 73 69 229 92 130 52 191 65 48 67 190 230 63 200 202 113 201 168 166 158 226 211 219 232 144 233 55 217 140 104 116 245 33 27 70 101 185 214 78 175 53 58 225 135 97 59 38 95 32 160 26 238 44 203 136 240 231 178 107 146 83 161 212 235 183 153 80 98 90 184 110 139 131 244 82 50 125 157 39 182 150 197 
72 : 175 30 57 184 121 149 69 94 248 120 42 112 174 154 205 217 185 230 153 29 140 114 127 35 158 188 73 85 84 216 31 157 150 117 61 106 111 119 76 51 201 137 211 198 101 
73 : 205 38 51 58 204 105 184 178 100 214 208 209 63 161 118 244 146 25 91 226 67 124 230 115 163 157 203 49 34 158 88 182 101 87 93 113 54 175 185 120 232 181 69 196 207 217 141 33 86 194 231 128 195 59 107 156 167 200 202 170 212 215 89 220 97 183 62 243 99 37 241 189 149 119 134 179 72 154 143 70 148 56 102 26 249 211 40 210 162 177 142 187 127 55 44 198 43 80 81 48 96 66 52 229 147 117 76 112 79 92 221 
74 : 204 50 70 84 53 211 208 192 80 141 58 104 37 190 244 158 45 156 131 161 57 181 179 155 99 219 232 236 28 83 152 212 195 149 214 71 102 64 237 197 177 39 168 182 185 159 245 44 146 69 38 100 147 145 215 167 107 117 136 116 41 157 92 148 47 220 207 224 60 124 76 
75 : 152 246 111 36 216 72 140 230 42 173 245 168 59 41 182 155 108 47 39 156 109 172 170 25 180 244 144 87 218 51 82 161 236 90 92 86 203 163 93 110 229 213 120 128 83 210 118 247 175 31 141 71 225 57 131 37 205 215 53 116 105 207 113 186 238 235 160 123 198 33 50 77 164 138 121 224 29 234 177 202 219 221 130 63 132 54 222 232 89 136 146 49 26 46 248 
76 : 43 40 228 145 165 169 159 203 26 243 217 188 244 176 148 124 206 216 100 84 107 223 235 175 141 46 178 177 213 226 111 237 131 208 31 36 151 179 202 112 229 137 25 214 28 181 81 91 119 195 166 122 224 57 123 104 189 113 168 186 51 149 231 143 83 242 45 63 194 73 249 39 146 218 198 115 153 92 158 106 211 132 155 97 96 171 62 187 38 163 190 58 167 42 232 193 199 239 
77 : 147 159 107 213 191 114 57 175 42 167 37 184 214 63 124 206 194 209 58 241 173 198 32 80 190 56 111 28 33 125 197 88 217 
78 : 154 106 146 232 181 237 134 136 233 43 137 129 49 87 89 200 247 236 228 142 214 242 33 101 70 174 144 165 166 109 201 78 147 186 135 46 125 35 139 99 48 77 84 170 193 126 58 122 82 128 102 239 25 111 184 211 37 227 42 85 238 95 185 245 206 160 117 31 235 205 188 183 30 130 158 246 140 91 209 207 80 118 141 40 108 47 115 195 60 152 44 133 192 114 123 131 215 100 208 169 231 179 92 148 74 210 116 249 107 225 173 73 222 132 223 218 162 26 
79 : 239 189 115 53 103 108 217 95 109 43 85 234 138 132 247 37 87 25 67 86 96 84 207 149 218 133 185 
80 : 25 112 111 173 188 104 149 203 176 120 91 147 161 146 106 59 158 88 48 45 98 39 150 135 85 190 177 225 114 99 
81 : 241 248 234 112 56 233 43 76 191 66 125 62 198 91 187 94 200 225 180 122 84 226 85 29 128 103 32 82 40 197 123 158 51 151 169 190 109 96 41 97 209 88 110 117 100 174 199 155 182 121 54 81 214 142 185 223 90 219 173 46 48 42 71 127 239 217 236 153 136 244 93 113 138 
82 : 29 156 165 232 116 37 145 92 51 64 243 210 247 208 128 219 181 228 95 70 184 108 49 43 222 161 69 80 196 136 212 203 46 204 169 245 101 174 170 150 225 193 166 111 
83 : 89 218 199 226 45 41 142 220 137 63 67 176 74 230 25 27 128 232 152 190 222 155 239 109 94 38 124 100 111 162 156 66 147 194 144 26 205 127 50 219 247 104 193 139 154 195 185 160 234 79 116 92 197 153 97 55 28 53 229 170 163 114 93 47 206 204 29 231 223 224 95 68 39 80 192 57 240 182 245 77 214 167 91 184 207 30 148 
84 : 186 88 202 141 116 143 128 208 97 34 136 35 165 217 239 37 100 156 49 93 142 119 127 31 111 45 36 207 173 121 147 169 135 243 153 166 123 94 110 240 180 245 192 71 220 43 175 199 174 159 124 171 191 129 215 47 87 249 196 102 51 46 109 228 96 198 193 139 211 154 161 247 25 160 158 32 205 27 108 246 28 29 226 107 188 221 80 213 179 67 225 89 122 222 56 218 115 151 178 69 234 223 
85 : 112 55 56 44 229 120 213 37 121 136 140 209 211 146 165 168 33 125 223 217 161 235 123 192 160 244 107 151 101 39 119 92 236 82 241 79 116 154 148 240 114 32 210 133 42 78 110 216 75 246 169 46 94 158 153 166 149 177 222 226 155 65 247 28 232 97 144 218 131 233 98 150 40 207 139 231 84 104 184 193 242 128 89 208 194 69 162 187 57 85 135 99 66 198 117 60 138 157 200 126 214 77 170 86 36 51 183 238 141 72 195 147 70 
86 : 194 182 92 132 122 81 157 51 155 90 137 102 179 151 205 28 213 109 69 246 135 144 240 188 32 224 94 202 78 210 93 222 121 99 211 86 189 38 98 68 82 114 108 31 63 245 118 183 
87 : 196 172 78 220 97 194 235 25 114 40 153 83 28 176 192 47 161 170 53 60 34 55 108 160 100 80 155 122 162 197 67 79 215 57 152 154 64 66 186 74 41 158 207 96 189 62 129 135 212 36 167 50 35 218 
88 : 95 209 84 172 177 77 55 189 124 166 127 159 129 53 130 37 228 81 118 114 59 221 100 191 181 227 33 111 241 108 215 125 247 97 162 152 234 232 66 135 137 208 34 150 168 199 145 106 233 222 112 128 72 220 79 185 193 29 91 46 82 50 146 109 242 121 45 75 138 85 123 206 173 245 148 105 58 62 83 169 71 246 90 
89 : 197 96 38 151 45 59 81 80 179 110 235 67 119 221 187 136 191 42 141 69 220 223 44 130 30 233 53 217 163 204 234 167 35 102 41 77 213 54 218 101 58 176 103 62 135 202 201 200 
90 : 143 189 104 153 98 196 119 63 110 25 219 142 122 149 101 245 78 151 167 128 166 185 174 165 117 139 127 96 89 116 109 197 71 157 77 175 76 238 74 246 183 203 39 90 105 179 195 206 243 35 209 228 112 31 57 114 61 42 94 125 56 124 160 148 242 230 220 224 191 223 107 144 53 239 234 184 226 103 137 85 81 212 
91 : 204 248 123 146 241 133 27 186 89 56 156 246 98 184 230 30 187 162 134 244 169 37 141 161 40 201 150 46 111 193 223 149 239 197 127 236 157 220 100 26 136 131 170 159 200 243 249 155 108 232 99 222 137 91 213 47 235 142 45 212 66 102 198 92 122 240 228 144 116 216 62 128 59 25 208 191 75 61 167 148 245 110 29 57 194 190 180 203 69 229 58 147 114 70 33 218 242 135 115 94 41 80 174 165 188 154 
92 : 205 121 204 163 102 105 213 37 92 184 241 188 65 203 201 27 79 148 69 147 220 125 103 233 66 82 127 164 229 136 196 110 246 40 243 122 135 112 41 73 228 87 151 57 145 83 214 36 46 236 124 70 59 222 215 237 202 93 74 76 64 115 152 52 179 166 157 114 162 108 155 80 168 230 51 197 175 53 245 144 248 239 146 154 191 180 89 116 238 167 223 97 118 85 207 208 150 186 94 107 153 140 78 231 
93 : 162 214 72 75 133 50 119 191 26 25 233 187 35 203 211 45 137 173 150 97 190 65 239 146 79 76 174 91 120 243 74 148 98 156 194 231 234 128 221 90 193 227 131 207 161 143 49 237 142 182 188 82 57 168 93 118 125 126 139 238 106 249 228 60 54 122 209 41 63 220 166 201 68 62 37 43 246 140 127 218 80 149 42 28 184 229 116 167 67 177 224 197 92 30 27 78 164 
94 : 212 141 72 143 78 50 176 65 161 52 35 31 26 211 246 248 135 162 75 165 126 175 54 32 133 150 102 113 167 142 58 185 34 146 218 154 144 38 97 44 70 242 33 192 210 115 98 92 182 244 56 174 217 127 107 164 188 199 232 62 93 158 184 118 172 152 48 123 155 124 39 243 160 223 94 25 90 106 36 28 225 46 105 140 29 86 179 104 57 216 41 79 247 200 137 69 205 170 74 132 63 114 228 156 220 111 101 53 145 68 109 51 229 148 
95 : 50 244 190 87 155 89 154 231 192 128 236 164 194 243 173 198 191 227 88 37 162 143 232 246 101 225 222 108 
96 : 39 55 208 187 29 205 81 230 52 106 141 93 200 184 27 110 235 240 123 164 41 160 131 202 90 49 88 221 75 68 113 180 51 236 84 102 89 127 69 65 234 199 59 85 62 121 249 209 48 153 224 70 154 72 156 195 87 139 
97 : 34 207 163 215 48 123 58 147 65 153 182 102 151 190 91 60 206 211 89 191 204 167 112 212 156 238 67 187 126 54 127 64 183 38 233 118 229 247 218 105 230 172 154 31 185 231 119 169 115 47 86 132 166 232 90 81 26 73 88 94 62 197 134 59 246 242 177 176 165 66 222 25 240 162 236 29 198 79 37 155 168 49 50 239 225 213 192 93 84 159 41 83 130 234 249 108 209 143 114 78 139 184 124 42 99 131 63 
98 : 190 171 47 100 224 97 25 225 197 242 30 132 43 213 45 69 187 90 75 53 38 81 108 223 34 215 169 179 204 128 105 126 232 29 31 234 57 77 60 66 203 205 71 42 196 207 177 218 84 83 246 50 74 92 181 88 236 129 114 185 168 136 72 62 91 133 188 237 59 216 148 86 186 174 32 65 39 80 98 103 140 
99 : 156 216 184 95 147 163 125 126 222 228 168 144 143 124 192 247 91 110 37 94 55 57 214 169 190 121 220 116 56 70 176 217 146 60 112 160 153 66 212 54 239 29 135 149 68 226 26 45 35 198 166 227 233 88 213 164 248 113 193 232 43 208 171 117 235 205 90 73 218 33 25 109 194 63 139 69 236 122 28 104 46 223 44 81 231 206 187 238 215 79 162 96 249 140 200 49 244 47 30 36 103 243 204 219 98 89 107 
100 : 61 133 137 172 152 83 121 220 44 49 45 217 142 165 229 162 174 33 27 52 86 84 147 109 203 195 181 168 190 68 208 210 66 36 166 77 135 136 75 31 131 88 51 243 73 224 97 47 48 199 151 140 80 157 202 91 155 40 150 70 175 115 41 189 241 108 102 201 216 129 
101 : 145 67 217 32 170 106 230 85 62 91 181 171 234 117 108 165 82 193 100 38 206 144 201 70 192 242 215 135 122 56 
102 : 212 85 77 30 135 161 31 142 184 119 181 185 208 78 47 111 151 91 57 163 74 130 42 145 87 160 247 99 72 187 116 206 93 157 105 139 128 154 188 198 113 60 29 28 209 174 232 239 53 230 131 245 179 134 168 132 207 249 59 169 41 149 50 192 39 54 235 33 38 159 186 68 197 213 76 218 89 63 44 216 172 173 191 193 224 148 227 237 156 
103 : 230 93 203 207 39 110 150 182 185 131 176 143 152 247 52 59 224 90 200 246 42 41 44 112 211 61 163 249 50 94 83 183 98 173 48 232 243 132 160 154 70 102 130 141 157 229 28 105 118 136 108 201 191 53 34 171 209 115 192 73 60 30 74 231 184 76 135 166 124 55 91 134 126 63 146 186 187 227 170 64 234 245 218 107 127 169 177 180 116 65 133 57 174 56 195 89 205 181 199 71 85 138 113 111 164 121 
104 : 239 202 101 233 32 87 81 182 234 146 248 51 110 113 171 228 131 38 112 94 90 230 246 167 150 208 135 84 106 229 49 77 213 88 39 36 79 191 165 168 120 74 96 218 159 156 67 44 148 37 173 129 118 43 52 69 187 75 125 242 249 28 128 70 243 97 161 193 27 190 33 53 108 56 142 105 100 220 241 209 138 143 162 83 226 139 211 206 61 98 189 247 149 85 174 116 95 134 172 185 183 147 245 227 235 
105 : 168 190 209 202 206 114 121 105 187 249 54 214 220 34 145 127 153 218 44 245 51 117 95 194 241 134 244 72 120 118 234 238 232 160 30 143 101 240 109 222 110 246 191 205 93 77 152 137 132 39 169 
106 : 227 41 31 220 237 212 37 132 40 108 57 45 97 71 50 85 92 91 69 196 241 192 240 219 100 59 162 169 80 107 106 63 181 246 166 207 216 191 146 81 72 157 95 90 239 67 136 64 26 185 172 130 38 99 34 93 47 134 77 211 123 202 226 152 51 228 238 233 86 176 32 215 137 113 248 128 229 35 194 89 249 188 171 68 218 230 236 53 197 175 180 204 161 36 29 79 84 112 78 143 223 174 129 75 208 135 60 33 115 111 44 87 49 155 203 182 82 156 201 221 120 
107 : 213 35 89 125 50 105 154 152 193 70 59 102 43 225 151 210 199 80 52 113 167 164 132 34 175 76 235 216 159 72 131 108 109 119 140 129 153 106 233 196 185 209 124 237 238 91 48 189 114 88 156 155 149 101 142 60 197 
108 : 143 220 191 126 186 98 31 197 83 229 30 248 152 61 224 193 124 84 45 75 140 148 155 102 213 209 202 53 109 77 94 216 42 62 96 165 214 161 139 81 50 145 55 73 70 36 115 65 34 91 110 71 67 66 239 58 93 163 117 172 171 196 33 90 44 39 29 37 105 101 54 162 242 166 25 192 175 234 204 74 237 228 128 199 173 116 86 138 56 222 118 249 194 219 174 111 206 144 200 76 168 41 218 180 129 114 85 40 208 198 52 133 46 243 49 
109 : 248 29 226 204 171 60 229 123 116 172 160 97 109 142 79 129 196 149 194 120 233 27 215 222 243 167 169 94 102 117 126 148 30 186 238 235 207 208 132 152 125 45 58 63 122 38 224 141 225 68 135 89 72 66 130 90 64 221 178 203 69 104 240 187 59 150 166 44 217 228 158 103 168 220 216 145 32 96 25 39 101 210 67 107 62 95 205 185 179 247 115 195 199 26 57 223 84 188 
110 : 26 112 97 85 205 160 199 106 28 229 77 181 226 167 240 139 150 245 151 94 249 190 174 143 216 224 91 161 73 218 194 234 101 201 232 170 30 179 79 153 219 48 191 113 210 95 180 178 141 166 213 44 212 38 156 196 88 189 136 138 198 31 244 123 93 126 100 43 92 149 111 49 33 98 154 61 122 86 115 102 233 
111 : 122 214 233 82 239 166 205 247 100 144 150 87 213 159 152 41 124 164 133 65 33 59 154 248 39 198 118 216 163 222 110 188 153 161 140 204 236 139 60 70 115 189 58 230 66 96 76 72 138 208 232 167 38 169 191 235 25 136 134 31 69 196 218 99 186 95 211 135 225 108 81 53 147 243 183 187 86 32 224 182 199 54 50 145 168 
112 : 124 107 87 113 50 32 227 188 103 217 39 155 80 88 26 82 95 160 144 72 117 234 182 30 118 226 207 171 231 230 84 109 172 104 75 180 214 166 201 102 175 225 66 106 134 152 165 246 189 108 229 228 78 153 65 136 119 199 148 92 215 232 194 163 158 211 53 25 74 164 135 62 224 71 177 145 157 146 40 100 67 123 69 205 130 55 178 138 33 243 91 68 120 49 35 114 115 139 93 90 
113 : 131 200 139 198 109 208 162 183 80 89 194 165 170 246 66 113 47 107 118 134 206 230 154 104 149 150 241 167 121 64 225 221 207 224 237 234 197 120 
114 : 27 100 210 106 200 151 124 229 132 134 145 228 121 50 205 245 54 150 240 154 217 56 161 77 45 195 140 98 131 78 
115 : 226 41 138 166 54 228 133 202 175 218 196 104 207 47 154 229 197 85 201 249 29 171 31 119 169 64 162 81 145 73 141 88 237 160 221 83 92 185 206 59 219 61 158 78 210 172 239 235 234 188 26 115 72 37 191 241 242 51 147 
116 : 136 58 244 173 88 161 53 227 123 112 97 148 205 189 135 75 248 126 90 26 85 82 138 66 50 226 190 172 84 61 70 133 177 110 33 162 236 159 195 60 109 237 219 209 231 40 74 152 184 214 212 130 122 165 200 210 185 201 129 169 191 154 127 146 106 30 43 68 107 232 115 142 28 147 132 59 182 222 240 113 223 131 37 186 125 149 31 224 213 188 174 230 
117 : 216 183 57 134 66 82 220 177 104 36 152 125 190 174 198 117 179 109 67 87 203 114 83 72 90 232 171 127 131 49 118 112 45 224 106 52 38 182 138 142 197 191 97 144 225 91 200 46 103 210 209 62 51 175 192 86 201 222 76 74 68 129 246 31 217 164 128 119 221 122 110 35 165 173 206 170 113 236 166 231 98 93 194 37 75 100 89 161 121 223 33 235 146 218 163 239 158 102 242 120 61 69 111 54 150 212 71 169 188 147 115 140 101 226 214 
118 : 128 234 227 114 34 79 183 54 123 28 122 116 121 216 104 55 208 169 233 73 94 204 95 162 207 96 71 144 42 236 137 199 61 156 110 145 175 33 81 168 77 66 99 186 133 214 32 126 203 240 106 69 248 190 155 31 91 44 30 87 172 68 100 53 194 220 215 113 174 245 158 218 
119 : 241 214 205 225 240 137 104 57 132 232 183 116 64 119 162 121 83 215 97 150 102 153 242 187 199 174 128 152 127 164 126 201 198 223 98 171 186 136 
120 : 77 89 136 239 214 27 47 121 146 99 179 95 31 175 148 195 80 232 75 200 173 125 74 197 210 54 78 225 90 39 
121 : 46 45 108 122 55 94 209 173 115 247 189 176 75 141 71 134 180 230 78 120 156 60 93 182 155 41 244 29 195 216 98 162 239 50 207 235 177 31 110 32 213 243 242 170 48 138 37 67 25 56 145 69 218 178 72 85 30 128 89 203 100 96 113 191 187 62 158 241 104 185 161 59 86 105 76 123 164 229 137 163 215 26 77 74 119 38 220 49 192 142 87 226 112 144 129 202 127 118 224 231 206 223 34 36 139 190 228 179 188 106 150 
122 : 238 185 189 225 102 160 239 249 86 151 235 152 153 146 89 197 127 171 133 142 244 200 198 73 76 61 54 229 242 49 101 90 220 66 212 115 196 123 199 85 114 236 94 168 218 124 221 37 139 74 246 116 35 29 104 147 204 26 195 70 182 177 164 172 214 243 154 163 162 138 107 42 180 208 25 209 159 215 175 176 105 46 28 110 58 231 56 227 69 211 130 222 91 188 36 187 50 202 234 62 103 52 106 
123 : 200 192 216 171 173 223 174 248 123 60 105 190 249 162 42 198 104 79 245 131 163 243 119 39 26 86 247 189 62 41 203 209 234 43 139 49 129 226 210 133 149 244 151 156 52 182 172 90 231 218 134 127 72 147 238 
124 : 89 202 90 107 198 54 75 62 157 247 178 175 163 236 79 160 114 67 113 145 112 41 109 180 173 216 165 105 80 118 162 135 53 194 126 183 37 248 31 229 238 61 32 171 66 146 49 86 223 188 
125 : 186 234 216 225 220 66 103 26 227 133 97 145 84 246 111 179 136 202 153 50 143 154 108 184 215 28 241 56 75 140 158 231 181 247 213 62 131 96 203 210 119 205 169 34 67 221 237 27 177 130 38 208 191 118 183 87 180 57 244 32 79 228 48 39 172 129 248 157 90 137 
126 : 71 123 116 220 170 70 166 158 160 152 68 145 234 35 217 69 79 172 214 154 93 147 51 185 233 91 117 197 203 212 226 67 182 236 151 89 177 95 249 162 86 73 142 241 242 121 144 218 230 102 204 50 25 188 141 174 88 84 244 179 61 176 184 191 175 80 33 105 100 124 66 248 112 199 76 59 87 44 60 125 196 186 132 219 90 189 57 45 222 82 134 63 143 94 72 245 46 156 133 37 31 26 81 115 
127 : 154 107 230 99 244 234 110 134 238 105 100 89 217 62 51 249 117 207 160 195 221 226 201 185 47 178 102 61 179 135 49 81 191 199 236 56 159 227 204 209 245 139 189 93 152 122 70 84 239 50 43 83 141 69 161 208 215 213 158 129 66 131 86 104 228 210 25 231 137 79 67 88 35 173 73 116 222 48 46 168 184 147 72 59 32 126 241 224 166 41 246 177 65 157 229 145 29 142 170 219 94 
128 : 101 181 221 195 139 199 42 194 40 227 214 144 172 173 164 231 201 112 127 156 175 176 45 155 98 243 204 187 244 25 33 27 222 117 159 41 38 65 64 216 171 39 130 67 125 
129 : 215 42 172 249 183 239 68 127 157 91 243 241 143 132 200 133 203 84 77 60 50 81 219 192 189 100 53 186 191 147 212 155 126 178 190 176 217 205 184 52 201 152 161 26 208 105 154 85 34 139 82 66 71 35 196 131 231 124 234 220 73 229 70 36 242 103 248 61 119 214 222 206 123 198 238 159 106 207 72 166 246 167 108 175 87 216 232 93 49 107 237 223 64 210 228 211 213 78 57 169 58 45 160 193 115 55 65 225 113 118 39 114 96 75 40 90 
130 : 98 131 126 212 60 121 102 205 41 27 187 85 42 114 104 152 188 171 80 65 179 230 167 162 202 111 88 213 119 243 208 123 75 71 109 141 43 189 193 68 238 94 231 106 220 127 133 90 235 129 128 144 226 37 200 191 122 56 40 223 57 31 221 155 228 153 135 44 244 55 49 169 132 190 151 174 236 222 233 157 248 30 70 35 99 218 178 207 72 232 214 61 39 234 51 89 87 52 172 46 113 91 148 28 97 184 198 154 209 79 
131 : 99 225 209 243 36 151 207 184 86 217 118 177 208 56 129 32 215 193 150 206 47 29 146 172 163 140 222 176 91 57 139 85 160 81 52 70 135 180 63 126 74 213 194 120 173 158 169 72 237 211 179 66 44 199 68 105 59 196 101 46 
132 : 159 59 109 167 249 74 231 161 217 185 119 243 247 75 65 248 186 94 38 173 187 228 79 240 93 197 169 134 206 115 120 73 98 57 204 198 39 219 143 150 203 242 56 196 84 194 37 175 41 32 195 31 69 182 110 239 86 224 48 116 50 174 101 81 52 95 96 25 117 102 49 192 222 200 225 241 193 164 232 137 216 112 105 26 181 72 153 151 51 27 212 126 61 87 223 103 122 165 104 246 
133 : 170 228 78 244 100 75 235 234 85 142 83 160 127 152 34 128 239 94 157 123 216 155 146 159 148 132 242 165 42 46 186 51 153 52 27 45 174 238 
134 : 53 212 102 229 232 180 234 197 206 124 184 77 218 55 190 224 126 146 56 114 196 60 98 161 185 213 115 110 176 187 29 36 191 204 158 156 242 165 125 162 244 120 90 96 34 247 86 189 31 78 240 178 159 245 48 182 202 49 174 219 27 65 177 143 192 80 94 198 79 39 35 186 138 26 228 46 50 200 188 74 85 130 122 237 175 33 154 112 231 108 238 42 51 248 58 129 211 152 59 172 37 153 141 216 179 111 144 201 121 88 233 75 169 40 97 194 207 107 95 210 
135 : 168 188 208 218 69 192 141 213 132 201 80 93 32 86 143 172 196 25 27 126 131 95 193 52 197 204 164 35 
136 : 152 226 112 240 202 28 248 179 38 187 151 42 114 66 217 43 222 51 195 128 168 154 60 162 232 196 100 111 107 102 221 105 125 163 93 180 236 134 90 175 44 170 50 146 59 34 81 58 167 97 141 224 132 147 172 169 69 171 143 55 25 68 234 32 64 182 
137 : 169 101 159 151 187 241 148 73 67 57 166 90 161 78 184 128 86 102 239 219 247 105 108 82 229 47 186 180 167 220 49 83 149 55 248 126 168 95 72 41 26 109 124 96 48 99 37 38 135 81 218 178 34 150 30 104 75 221 40 51 210 175 58 46 50 157 231 31 97 35 152 117 176 171 62 160 170 203 80 139 214 200 129 164 119 132 230 120 205 235 54 232 207 69 85 106 226 92 93 25 217 246 225 76 74 224 234 156 138 39 240 242 112 88 103 177 243 197 111 190 
138 : 70 83 28 248 66 49 88 40 68 103 37 94 237 42 181 117 179 159 241 64 124 95 74 163 213 93 191 100 131 41 145 142 45 79 144 165 44 193 113 51 134 33 75 26 200 227 187 143 211 98 106 226 102 185 240 101 173 166 71 186 180 235 184 221 91 97 138 87 105 234 46 110 67 203 77 85 170 225 29 63 59 48 183 122 210 189 177 238 245 52 
139 : 104 59 208 114 94 107 220 232 111 233 73 78 105 130 237 231 82 55 131 234 188 189 184 75 63 202 242 27 44 143 46 123 89 177 152 96 206 58 212 91 45 230 115 138 64 245 169 249 158 95 122 203 183 175 41 108 195 100 127 99 160 79 145 153 225 199 211 198 167 52 34 226 166 163 
140 : 193 53 150 47 206 132 211 32 126 176 218 164 168 245 116 233 34 215 41 35 114 75 216 145 142 99 217 82 148 121 220 109 58 202 62 186 185 225 42 155 77 128 124 237 209 112 192 119 163 98 161 143 213 85 111 190 166 184 159 59 103 223 158 63 56 232 247 86 30 246 90 117 46 37 131 178 174 170 127 144 165 49 115 173 197 154 169 239 80 134 67 33 79 208 36 74 91 66 38 83 129 78 187 28 135 222 89 69 139 81 
141 : 103 92 67 114 243 26 240 242 49 90 86 206 94 171 77 235 108 127 227 137 106 120 123 195 165 162 30 144 104 124 139 187 145 79 112 213 71 176 245 234 93 83 73 140 192 174 202 109 181 224 209 81 191 88 158 198 210 45 232 102 141 249 33 82 56 121 236 161 52 138 151 133 40 91 246 205 190 119 237 35 131 95 100 178 111 55 172 184 85 219 228 152 175 98 238 68 160 60 248 107 164 66 27 154 47 149 58 115 229 244 61 156 34 128 32 231 43 216 215 
142 : 26 207 174 158 231 237 155 166 123 192 171 96 218 63 105 220 217 142 71 41 234 212 95 144 136 64 201 246 129 222 137 50 213 40 43 81 131 239 176 215 138 148 242 25 229 109 154 94 75 53 245 92 198 76 29 42 108 238 77 228 62 39 67 187 58 88 118 60 181 44 240 164 54 117 165 84 107 115 
143 : 216 102 219 131 189 241 157 103 177 26 98 133 29 40 56 107 186 46 180 42 76 182 178 247 82 118 198 239 130 143 237 152 226 201 93 188 135 51 80 75 200 227 196 217 147 73 142 149 238 128 242 230 35 116 110 31 49 174 39 113 66 60 202 101 150 61 170 231 154 163 50 99 112 89 206 145 176 83 232 249 220 156 55 172 191 140 184 173 48 38 104 79 74 97 215 94 87 218 235 125 228 129 164 64 211 185 205 106 151 229 204 105 236 208 148 
144 : 246 73 178 79 81 125 120 222 188 227 126 100 249 231 123 160 209 195 185 74 210 66 58 78 207 62 83 40 84 30 201 234 103 235 171 194 118 121 145 174 152 162 95 141 186 28 98 52 45 59 96 219 56 64 161 131 135 146 42 216 113 140 48 25 215 142 72 101 228 104 208 136 159 80 31 157 154 202 46 187 248 196 44 99 39 225 71 130 226 37 70 177 144 111 137 156 199 181 247 143 27 232 189 237 107 165 233 243 29 179 90 184 238 33 193 132 91 173 115 213 
145 : 61 94 240 149 84 68 193 39 153 137 37 196 112 26 176 117 226 92 200 195 131 49 220 83 66 28 142 132 161 182 191 42 192 102 71 217 239 181 51 110 82 134 147 148 225 204 41 248 74 120 187 136 206 64 186 44 165 178 55 98 116 67 202 63 234 31 60 184 103 113 
146 : 40 188 63 135 48 178 144 43 164 60 44 112 25 71 50 37 173 198 247 121 216 120 231 85 119 192 185 148 146 171 33 172 55 75 218 45 51 210 199 191 167 184 103 138 105 86 99 118 124 91 89 84 117 224 195 215 194 140 187 47 206 54 110 82 42 76 142 79 34 143 156 58 154 126 175 220 41 236 213 235 102 27 101 74 73 80 62 245 111 129 
147 : 194 84 64 90 43 131 184 226 139 222 155 67 109 54 190 83 175 186 151 63 85 44 219 242 97 144 113 217 94 26 169 112 195 164 180 115 122 198 199 231 62 58 101 179 215 153 163 45 53 27 91 134 30 142 39 232 239 241 41 234 197 202 212 246 114 108 210 205 96 196 220 145 105 110 191 233 149 121 165 34 143 177 42 59 200 229 148 157 174 167 35 236 100 170 46 32 160 162 76 33 125 235 95 116 88 107 69 204 245 185 
148 : 86 239 173 61 192 157 100 63 111 135 219 158 144 191 149 123 78 246 96 73 131 128 189 117 87 33 153 133 25 92 204 39 180 52 146 38 230 137 248 113 228 119 182 184 241 55 140 88 121 209 142 76 207 221 196 148 114 70 240 75 198 90 141 106 54 
149 : 90 114 223 92 216 42 133 41 213 67 57 122 123 176 79 104 185 52 87 136 153 117 129 101 186 86 40 138 144 132 152 127 39 33 190 126 219 111 51 214 43 49 66 65 62 32 183 167 196 55 125 131 236 246 172 205 68 134 174 103 173 227 63 72 71 240 165 235 135 109 64 115 45 130 184 187 234 228 58 151 
150 : 109 70 63 235 120 52 165 156 76 38 67 142 210 178 194 198 51 234 184 164 233 133 219 54 220 191 87 207 89 28 45 129 132 30 57 104 221 42 27 107 167 110 134 150 242 117 229 128 41 112 58 236 171 114 245 130 192 193 72 84 203 101 215 97 149 90 116 152 188 226 246 238 62 47 158 137 48 36 135 157 211 125 172 59 176 224 26 227 161 153 79 61 88 237 160 145 111 37 64 200 182 108 168 75 35 223 118 163 213 151 209 136 143 66 243 25 
151 : 56 111 112 230 68 157 98 103 173 188 137 216 241 160 193 32 122 165 189 58 248 42 46 107 54 178 62 101 84 135 61 158 236 110 185 213 35 59 204 130 93 206 92 87 143 222 34 211 49 55 100 151 239 163 228 
