0 : 42 135 240 225 191 243 115 193 118 133 134 121 82 163 107 71 188 159 220 202 29 102 235 48 155 34 200 171 189 199 85 145 148 237 207 217 246 236 136 175 129 74 114 151 140 230 161 165 91 84 130 103 178 28 30 138 209 213 173 46 208 52 190 152 44 58 55 176 174 93 104 248 72 137 223 40 109 156 231 233 
1 : 168 28 199 249 139 51 215 56 178 95 243 143 149 82 207 98 151 89 66 125 103 155 244 50 246 111 179 105 150 242 202 68 174 
2 : 226 105 195 235 48 34 64 247 227 59 242 60 78 210 187 191 244 163 41 245 189 49 68 243 175 119 147 228 193 223 72 53 233 178 104 62 174 188 92 201 200 232 218 110 137 155 125 81 76 52 148 73 98 128 88 31 95 69 112 38 27 229 57 121 143 135 182 173 133 94 50 152 118 241 61 208 236 220 114 90 224 101 194 237 80 209 154 238 221 161 185 151 77 
3 : 69 220 97 169 186 67 129 209 217 72 27 153 210 177 190 34 193 65 208 115 83 120 71 135 100 168 90 232 57 173 56 44 133 246 245 149 29 130 121 95 204 96 142 77 205 238 231 53 38 160 150 51 128 175 184 151 200 102 116 91 148 215 221 112 89 224 113 239 197 107 122 125 178 244 147 79 80 138 33 42 93 131 61 30 32 230 63 49 88 26 226 76 59 237 70 182 68 108 106 159 
4 : 68 122 60 150 59 165 41 123 217 202 84 138 92 117 129 127 125 141 101 57 45 78 120 63 146 232 26 206 224 47 39 54 171 31 66 130 87 40 247 238 
5 : 64 172 40 194 198 243 66 129 216 215 204 213 96 212 144 239 245 187 80 130 225 30 59 41 118 105 78 67 70 191 61 133 169 249 158 139 137 76 201 93 131 207 38 27 94 157 199 189 236 214 46 174 31 159 102 49 151 210 180 150 58 
6 : 47 67 37 242 113 191 236 183 42 85 50 140 164 40 99 249 45 102 147 223 173 114 160 74 98 139 214 126 91 136 162 229 79 157 222 115 105 57 31 100 97 86 64 180 177 135 239 122 141 176 150 217 143 208 205 230 52 227 161 54 144 201 134 53 202 96 49 124 111 120 174 175 82 152 228 233 89 66 63 110 193 216 209 171 71 154 195 43 219 155 33 65 29 118 241 72 238 103 101 39 131 107 58 
7 : 150 243 180 47 238 100 247 217 199 192 125 175 185 205 165 174 183 190 230 36 37 71 187 231 35 72 131 95 132 30 194 124 195 42 81 147 134 148 169 102 246 248 196 176 235 80 116 69 191 210 62 237 177 153 157 68 104 103 128 168 129 97 221 206 99 143 78 105 241 101 249 136 28 55 123 154 82 163 83 244 216 142 234 181 59 144 56 138 133 115 51 225 204 220 127 222 219 242 61 160 214 32 88 60 
8 : 244 241 81 211 215 68 88 46 174 226 184 199 144 152 87 112 231 153 39 122 54 69 245 165 33 219 83 166 77 182 61 74 121 240 44 197 124 29 203 111 243 170 72 59 246 95 62 249 91 225 35 134 213 173 110 198 80 78 30 196 172 75 235 156 27 160 113 209 247 210 167 130 115 221 180 150 118 47 65 239 195 183 186 155 139 214 146 56 163 38 129 114 102 89 32 
9 : 60 76 69 71 35 140 194 78 244 219 151 50 167 162 40 165 215 113 150 134 62 99 39 34 42 198 178 144 177 86 28 223 94 133 222 148 129 103 149 79 82 
10 : 60 245 238 203 171 168 27 59 219 165 223 77 103 184 86 206 192 47 75 159 58 235 57 138 176 218 224 72 158 68 95 169 179 56 208 199 66 205 84 116 198 233 71 209 92 108 80 51 207 230 30 65 110 33 142 62 213 34 82 141 146 97 29 39 157 195 194 42 45 173 55 69 163 228 101 127 128 61 153 193 185 113 225 161 151 93 186 152 32 133 104 119 115 220 107 124 237 160 211 202 67 26 154 236 125 178 
11 : 131 235 60 242 59 181 145 75 185 188 203 216 108 228 136 129 80 70 223 161 233 41 52 200 227 86 126 208 45 222 173 144 
12 : 175 161 200 77 236 156 229 83 212 182 44 55 114 213 54 80 64 194 227 151 146 72 168 210 197 195 135 139 165 143 164 214 38 78 61 76 142 110 190 225 96 45 193 145 160 88 116 140 179 174 247 94 92 
13 : 72 150 186 224 122 201 192 191 196 210 36 32 141 37 172 38 244 71 167 87 82 207 46 133 249 185 129 86 182 33 158 120 79 183 168 55 43 85 93 123 181 195 124 154 219 248 27 217 223 59 29 91 115 99 173 197 65 41 97 236 118 67 116 139 78 119 162 216 176 213 40 39 131 98 25 69 161 160 109 189 240 245 221 134 50 166 112 242 130 47 127 233 208 48 104 202 218 206 
14 : 60 205 75 125 201 33 168 114 53 133 169 182 47 99 156 228 180 123 206 116 185 210 124 122 235 82 35 132 233 63 49 161 155 167 100 27 249 131 197 244 217 107 89 45 154 84 166 198 42 214 43 144 196 237 117 138 109 37 209 
15 : 176 89 213 40 226 64 60 104 164 154 201 172 125 41 141 191 153 188 48 150 107 139 138 117 101 118 210 131 189 126 232 166 31 111 222 157 36 58 212 209 228 144 240 35 218 207 219 63 61 94 51 169 161 137 96 119 
16 : 238 141 203 228 118 191 196 189 244 183 113 200 172 119 165 51 68 107 182 126 152 178 208 185 40 211 155 57 188 180 73 99 79 94 139 174 116 128 58 28 159 184 235 72 44 173 109 218 138 142 221 240 127 112 209 69 230 78 149 50 103 91 100 201 236 224 179 
17 : 175 54 41 153 52 164 222 25 171 39 174 247 233 83 116 246 155 189 128 92 229 75 86 195 182 33 93 159 99 184 30 79 142 170 114 167 131 105 224 240 190 237 34 226 214 112 206 129 125 45 140 137 50 88 177 80 165 211 160 31 130 53 127 234 133 136 44 84 106 179 96 143 67 61 58 69 198 208 37 241 145 218 156 157 82 108 181 70 57 238 236 100 
18 : 213 61 188 93 67 162 49 82 87 68 142 242 223 208 117 148 111 191 134 210 94 114 202 60 168 79 239 204 115 133 165 38 189 181 32 159 73 65 235 227 206 176 246 109 104 222 138 178 171 137 29 95 230 234 144 216 42 150 55 149 207 237 152 46 247 102 226 187 218 211 64 91 183 100 186 53 103 69 39 233 232 35 184 209 196 170 163 97 108 118 81 106 74 197 75 121 122 113 
19 : 243 102 200 94 238 114 139 147 120 30 188 164 84 183 98 167 180 163 216 241 207 100 107 225 150 169 70 103 141 95 222 237 123 62 181 28 82 202 109 178 197 224 205 185 166 73 194 79 219 52 48 68 246 53 172 90 124 153 116 55 132 
20 : 89 230 75 76 108 114 157 233 50 33 52 31 222 242 86 132 115 128 103 136 219 138 104 146 147 56 153 154 98 191 77 117 205 135 125 
21 : 222 188 52 189 175 193 204 198 62 168 109 178 203 54 154 105 133 49 197 200 238 221 234 122 121 146 120 57 177 38 114 229 163 206 34 237 148 194 28 230 143 152 144 60 224 220 169 30 104 110 172 32 
22 : 152 58 167 165 56 229 214 86 119 57 230 183 41 89 72 107 193 216 174 217 157 184 83 240 178 85 181 124 226 125 100 222 28 227 172 94 237 232 
23 : 236 132 126 199 40 120 124 153 116 216 60 202 184 41 169 75 29 154 34 82 192 147 205 98 144 180 31 151 152 96 179 193 101 170 213 115 71 225 114 28 173 167 245 68 74 217 49 206 227 182 76 239 164 248 107 127 78 137 218 85 214 95 230 94 79 181 139 105 30 129 48 163 157 224 226 183 188 168 156 32 81 43 134 135 50 39 212 186 178 91 201 128 73 42 140 69 232 47 26 165 66 138 215 185 88 235 
24 : 110 178 204 175 77 208 188 231 187 177 207 148 238 47 185 66 244 232 151 65 221 78 241 76 25 213 173 83 150 143 98 222 37 118 103 145 69 58 45 142 85 227 70 53 
25 : 101 42 105 151 159 240 227 75 49 215 95 208 54 81 242 213 219 232 93 121 30 144 172 55 65 83 28 51 179 233 40 111 43 138 
26 : 51 108 211 164 148 112 99 30 57 144 191 231 32 197 96 138 120 236 66 100 140 43 239 229 165 103 42 181 115 50 245 46 189 193 75 179 228 227 101 126 78 188 33 86 162 232 102 213 141 249 184 185 95 90 196 130 244 225 233 116 214 35 149 207 84 205 147 195 218 215 143 44 234 219 114 166 200 171 133 31 220 241 87 139 89 38 48 204 145 128 194 91 146 161 192 
27 : 223 74 143 242 171 78 40 170 144 91 28 96 108 182 113 59 103 224 198 56 154 46 45 136 88 197 215 157 97 50 249 217 229 55 37 109 83 66 106 47 76 244 161 128 225 234 199 205 185 177 61 48 43 210 222 201 41 159 243 75 63 192 71 148 183 188 203 180 236 62 187 194 
28 : 242 65 82 160 30 40 234 172 215 182 210 156 41 223 212 154 239 83 73 247 224 81 124 181 216 241 37 179 157 238 183 201 153 166 72 134 193 92 245 56 64 39 118 99 148 161 63 85 113 236 244 98 204 200 159 33 165 197 78 51 176 112 152 173 208 217 151 189 194 240 199 218 93 190 140 58 76 142 48 147 150 44 90 163 206 97 42 95 53 101 50 107 170 141 145 120 70 122 
29 : 158 100 126 49 216 140 75 70 101 188 222 157 143 27 82 78 134 47 194 245 239 161 214 102 141 196 97 217 50 186 174 149 238 107 202 61 52 230 208 60 95 116 34 86 122 201 190 104 43 106 39 108 85 151 173 164 135 191 187 177 175 153 247 210 119 224 168 71 129 223 28 58 146 182 125 109 225 48 66 81 207 218 240 242 130 192 226 93 94 144 
30 : 137 104 99 125 54 121 161 74 70 40 194 217 27 153 118 62 172 45 243 225 175 35 226 68 228 212 56 163 166 141 220 239 50 109 64 133 149 94 241 134 155 29 209 101 114 100 71 247 32 92 179 207 147 189 181 203 47 213 43 81 150 73 146 48 170 156 
31 : 173 114 67 91 232 95 181 142 130 38 55 235 228 153 93 104 203 56 233 74 122 63 61 42 109 75 212 85 121 161 80 112 214 94 27 189 192 200 227 188 32 132 82 83 222 187 174 33 57 105 89 41 199 148 125 103 147 115 225 172 76 100 78 218 54 81 90 120 102 182 230 133 215 201 164 123 146 210 219 39 195 47 242 28 29 248 131 
32 : 163 178 243 182 167 241 185 174 193 135 102 133 216 154 55 138 77 228 96 132 127 49 191 244 131 189 242 65 219 99 34 119 166 91 61 134 62 
33 : 141 197 200 98 104 71 157 147 192 123 127 238 68 246 179 67 219 78 245 124 204 27 115 87 42 28 113 47 97 139 217 33 144 159 35 210 142 63 248 129 30 213 241 137 174 214 55 80 70 184 54 85 140 76 201 69 88 162 37 125 59 239 187 161 155 186 233 39 227 166 72 128 206 148 36 108 185 202 57 
34 : 249 55 50 30 93 49 135 207 235 148 233 81 119 56 243 153 59 74 52 241 248 210 62 89 184 155 242 238 246 43 154 204 79 123 42 221 122 244 
35 : 76 206 54 101 238 95 167 73 245 155 236 48 172 32 60 72 77 127 107 176 161 98 114 211 117 203 81 191 224 88 192 74 126 198 55 79 177 25 94 247 159 209 119 221 200 149 28 212 90 137 131 246 220 80 118 162 115 122 156 38 87 181 174 61 37 227 179 225 108 109 223 75 96 208 188 146 70 226 129 233 113 71 41 170 112 193 219 142 85 216 175 135 78 30 184 204 91 140 106 210 103 148 130 248 51 
36 : 160 40 217 246 56 200 203 135 199 31 244 120 137 193 51 108 192 87 245 62 183 189 158 128 173 150 242 98 84 61 247 112 
37 : 115 213 146 197 227 84 122 137 98 154 89 235 26 113 96 165 232 192 218 47 196 35 183 44 163 143 38 176 51 30 136 169 179 73 85 72 118 173 74 56 107 177 123 219 160 245 226 210 141 69 121 155 246 229 164 130 78 178 126 221 106 
38 : 236 246 28 114 222 171 113 73 65 156 115 96 177 83 97 181 144 87 48 234 212 110 117 174 140 93 146 228 157 240 108 180 136 36 200 216 215 38 172 55 142 76 231 62 70 112 192 47 78 101 223 165 60 249 189 176 208 27 39 162 119 193 237 221 56 211 184 57 218 227 166 152 219 37 134 129 107 148 199 164 155 53 241 105 51 43 
39 : 44 227 32 25 88 81 244 195 130 135 226 246 73 40 138 203 169 140 104 76 177 42 60 107 105 204 133 196 245 224 230 80 128 191 94 118 185 47 181 106 182 91 236 28 93 43 156 175 179 173 162 126 85 64 165 221 120 92 223 157 164 202 197 233 220 52 30 57 90 84 100 
40 : 179 77 60 157 152 75 139 144 197 47 122 238 97 46 187 68 111 155 207 239 67 98 158 226 248 129 160 161 162 50 30 219 114 65 143 124 196 78 170 225 228 166 233 96 116 137 241 76 243 218 242 49 204 145 103 237 211 106 58 72 189 148 235 247 38 222 107 151 34 223 249 165 93 126 246 178 90 171 48 185 188 89 217 135 54 118 154 213 224 69 203 172 149 195 32 71 27 220 45 95 138 183 119 40 53 199 210 244 168 86 63 169 209 
41 : 159 55 101 230 140 191 77 47 116 236 120 209 105 232 48 244 183 178 160 137 57 210 112 218 220 223 27 147 177 246 211 100 109 
42 : 220 125 131 68 226 211 142 204 238 124 178 35 139 25 64 172 190 45 93 159 151 196 86 99 140 157 171 133 186 213 95 53 141 188 69 81 30 103 54 156 130 163 192 91 67 79 175 245 200 96 214 83 161 38 189 127 197 52 166 72 26 28 136 50 221 27 104 75 66 43 174 202 42 62 116 40 145 77 
43 : 49 88 166 136 172 232 226 95 72 171 68 153 221 45 183 56 115 201 103 195 228 73 230 67 94 176 111 35 238 138 39 48 84 190 216 206 208 235 162 148 79 158 137 133 108 237 191 236 62 184 122 147 181 229 106 76 33 110 248 247 223 40 179 196 71 174 189 187 53 129 43 118 180 29 193 214 173 207 126 58 30 163 142 105 64 120 168 154 178 144 188 244 83 46 249 169 
44 : 88 94 75 205 113 184 105 96 118 48 239 55 139 151 176 233 31 84 61 145 34 244 65 37 177 36 43 230 29 168 109 247 186 238 206 142 248 93 224 161 46 38 129 102 227 58 208 203 54 211 116 195 87 99 143 188 232 25 49 120 202 160 213 108 35 123 52 107 150 44 47 64 210 212 131 175 74 180 228 249 90 173 60 114 69 172 218 33 126 204 
45 : 83 142 248 66 80 232 207 112 100 199 168 196 247 137 193 31 78 75 89 163 135 28 113 104 37 114 154 176 224 132 175 87 93 
46 : 96 114 99 132 161 77 71 26 185 169 195 229 155 87 48 106 63 123 78 238 54 44 163 165 182 53 212 144 30 233 172 43 46 227 249 107 149 248 88 151 130 
47 : 204 107 128 225 220 154 65 218 55 124 149 191 140 142 215 171 113 188 94 84 93 162 213 121 78 118 179 87 31 122 133 209 178 77 185 174 186 64 92 35 139 211 156 129 203 49 47 241 180 249 143 235 39 126 33 230 58 68 223 197 131 125 96 192 245 45 59 117 40 163 193 111 123 233 207 135 181 114 90 228 61 82 130 177 182 199 115 63 136 242 43 42 189 132 232 53 98 
48 : 89 140 141 182 105 218 30 206 125 224 56 69 156 117 25 137 29 79 213 75 87 219 92 198 115 167 172 200 121 187 245 
49 : 206 149 148 135 69 47 134 232 73 153 85 44 76 188 105 111 54 158 60 94 141 176 208 215 197 166 155 88 110 211 63 79 241 130 167 207 39 121 193 96 184 226 52 175 204 200 168 143 233 151 144 139 
50 : 160 103 119 206 114 73 107 26 99 168 215 97 156 158 230 149 109 233 80 164 122 150 234 249 202 181 224 205 34 
51 : 180 46 118 92 43 205 36 127 141 81 230 117 64 108 53 243 192 143 110 40 201 217 72 93 238 249 190 68 123 216 66 231 151 136 172 227 62 113 202 42 167 184 103 222 165 83 59 149 114 181 247 106 220 234 221 97 185 107 186 99 87 47 161 236 218 157 111 57 128 240 100 35 26 244 194 183 60 90 246 209 195 69 245 154 79 85 131 86 130 122 150 121 207 187 228 148 88 75 109 189 241 176 160 223 70 145 120 134 67 147 214 213 199 140 31 73 
52 : 221 65 198 219 38 58 99 171 66 113 29 235 86 208 220 187 231 202 107 81 57 188 172 223 26 165 59 175 128 184 84 92 204 192 101 218 201 122 62 166 105 212 248 78 138 217 72 224 199 43 35 112 153 82 148 228 236 239 130 240 249 161 140 182 106 241 124 95 85 186 242 207 234 222 209 215 
53 : 99 222 223 67 238 236 89 216 221 139 61 105 228 205 174 110 133 159 147 189 169 165 231 42 182 93 118 213 40 203 38 180 177 170 141 83 229 230 85 36 102 201 166 145 97 224 172 191 225 202 26 106 218 54 86 132 108 220 161 59 124 109 94 56 111 29 114 62 150 200 245 30 235 79 233 186 98 148 127 171 234 82 66 142 237 215 58 51 32 122 116 140 113 211 217 181 69 192 154 210 103 60 49 247 144 
54 : 187 142 166 230 72 68 202 53 178 35 193 240 189 76 198 153 242 46 231 247 227 102 40 106 211 71 133 173 215 49 75 223 120 163 196 222 157 148 55 124 119 179 126 54 169 128 77 221 200 57 90 185 160 159 138 149 143 150 36 123 167 97 51 92 151 147 121 43 59 199 116 192 34 63 144 245 224 225 188 210 60 203 235 194 241 237 99 70 191 41 105 69 130 87 27 181 80 212 141 156 85 172 226 52 45 243 228 214 175 168 65 47 67 234 
55 : 168 69 76 220 186 45 182 201 207 241 42 46 93 58 87 49 85 159 68 64 187 88 53 27 244 238 72 116 206 211 198 106 146 178 101 138 221 230 213 171 95 110 29 109 140 28 115 236 154 39 96 165 225 67 210 111 169 239 228 92 209 143 192 166 202 243 57 172 113 
56 : 84 178 222 191 110 236 203 90 62 32 199 153 192 160 197 45 120 167 29 60 190 187 74 63 168 235 76 100 28 139 56 213 246 214 218 119 67 127 223 135 179 48 92 170 87 129 97 177 57 36 162 132 233 183 206 146 243 137 83 65 95 51 196 71 98 211 242 140 176 130 54 224 215 204 209 41 166 124 44 112 42 101 66 157 106 231 111 72 75 77 121 50 142 219 217 134 109 125 126 194 241 34 152 122 185 116 198 247 
57 : 196 51 198 38 94 156 239 185 90 72 114 107 201 67 172 242 80 175 64 237 150 32 75 77 33 36 144 140 165 50 235 89 241 69 245 37 224 170 161 221 148 43 238 71 
58 : 114 51 231 240 58 163 70 65 98 105 109 225 238 127 121 153 125 155 27 179 230 214 69 234 81 36 235 30 157 177 211 180 199 185 144 129 175 212 145 187 169 79 171 78 38 85 138 73 236 108 165 62 189 132 201 107 57 134 200 229 248 112 47 99 162 135 53 141 209 198 191 249 26 32 227 184 170 142 71 140 183 61 120 41 84 64 137 204 213 102 210 233 202 60 40 223 88 139 217 54 59 34 178 122 46 80 181 167 218 
59 : 63 34 48 40 55 123 145 81 172 124 140 159 151 171 161 176 65 134 142 158 180 197 220 246 165 82 130 68 119 59 121 29 75 64 133 99 74 108 174 46 239 49 241 58 149 54 162 226 117 214 38 139 232 218 110 177 92 135 242 204 144 183 36 122 97 113 66 94 116 128 233 238 104 33 164 203 88 87 249 193 109 199 215 78 138 222 152 62 132 196 243 182 198 80 50 225 237 211 170 
60 : 25 215 161 88 99 228 227 198 70 45 152 83 151 102 213 201 235 107 133 138 187 136 69 98 114 119 240 242 247 48 245 225 80 130 241 40 81 214 108 143 112 145 95 181 149 76 216 41 
61 : 40 32 130 230 211 214 37 176 117 153 249 90 208 64 78 150 114 125 235 170 72 53 159 207 89 212 79 213 172 245 154 161 152 33 
62 : 55 202 142 95 50 34 150 208 152 168 33 131 74 232 245 83 82 39 99 93 235 199 170 91 66 117 106 241 129 151 156 213 214 37 27 237 63 138 147 70 212 122 209 114 49 30 184 169 171 239 126 123 116 181 221 88 242 85 104 42 180 73 172 224 121 238 136 141 97 207 176 26 98 148 233 234 103 64 35 102 25 193 111 133 105 86 94 226 113 186 41 166 192 
63 : 231 52 70 233 230 92 137 34 212 101 30 91 220 78 117 28 79 180 25 177 205 61 142 196 159 202 26 96 81 106 179 109 122 157 115 46 104 68 87 155 204 145 124 44 206 97 84 149 210 38 189 125 45 188 207 172 178 88 175 63 72 190 47 138 225 110 215 234 229 
64 : 34 27 214 200 110 223 248 163 196 56 240 62 235 142 246 182 229 192 201 141 239 57 105 220 117 237 219 227 106 113 58 245 191 154 54 225 183 127 148 197 112 103 174 187 90 122 25 195 161 199 136 205 170 185 82 190 81 50 
65 : 163 173 158 241 197 231 125 117 29 123 244 237 91 89 200 70 249 233 102 83 180 189 90 188 166 40 127 214 80 31 28 198 204 246 95 186 164 47 183 145 97 245 176 64 119 199 210 49 103 33 76 165 113 74 26 86 71 122 221 207 196 193 175 182 236 161 92 105 82 67 36 
66 : 224 51 90 158 236 77 128 67 30 246 26 64 40 82 230 203 27 92 132 89 222 146 226 242 105 235 35 129 70 48 193 61 49 47 151 229 33 53 190 214 55 115 186 101 238 54 81 179 45 155 239 231 233 37 60 59 143 218 204 34 180 78 244 87 109 154 207 110 79 43 145 169 50 131 41 88 103 140 71 36 116 133 200 93 57 75 165 38 74 72 142 137 73 161 216 46 157 245 39 220 176 189 136 167 208 124 44 29 199 
67 : 184 29 68 149 96 183 89 78 51 190 249 36 75 42 186 167 208 53 27 54 181 200 99 52 153 161 206 85 87 146 217 45 122 119 74 132 247 98 182 163 169 120 246 151 242 231 171 49 141 130 48 212 58 193 131 223 30 46 133 248 166 162 216 154 178 138 67 174 137 97 118 136 207 195 77 191 105 
68 : 167 56 228 244 135 98 128 143 82 179 162 108 176 136 230 207 243 83 195 193 191 51 118 42 231 99 139 151 71 50 35 104 26 198 190 123 110 182 153 106 131 210 60 58 44 105 134 
69 : 237 148 95 144 189 28 247 101 147 136 152 235 120 130 84 37 227 242 80 105 163 38 112 228 118 107 165 158 233 162 159 222 138 61 116 86 202 102 46 59 249 60 176 55 245 142 36 206 161 180 72 68 94 240 225 157 133 217 58 41 164 74 187 243 103 122 117 170 173 135 69 205 98 79 201 76 39 78 232 196 91 207 218 131 123 177 90 128 231 29 92 100 113 244 191 199 246 236 
70 : 155 74 180 198 33 150 60 95 249 32 154 208 34 201 206 70 121 44 67 214 127 170 48 231 123 225 128 243 126 28 156 107 212 68 75 57 215 246 136 77 223 111 167 39 183 80 203 205 241 81 114 69 45 189 141 64 117 187 184 162 38 204 148 145 178 226 101 52 191 104 139 125 165 118 100 89 159 109 116 190 149 195 236 132 229 61 239 99 129 152 73 245 142 232 106 83 50 235 113 234 
71 : 184 150 114 93 183 55 142 132 101 105 245 129 65 49 149 52 74 195 67 88 90 196 133 70 187 
72 : 108 180 161 86 138 145 146 198 215 234 90 68 164 173 69 37 28 153 104 199 122 48 109 197 151 149 221 207 230 27 95 74 174 208 101 112 52 150 97 57 218 126 67 83 204 121 99 113 132 80 205 189 71 26 148 212 139 152 226 172 
73 : 151 231 174 33 120 37 173 158 193 154 143 228 84 26 69 213 105 101 71 61 201 220 206 29 102 89 119 57 204 116 73 51 103 224 63 30 169 182 162 239 68 108 98 216 59 149 92 219 144 131 100 184 62 138 242 107 243 222 88 245 187 234 99 200 211 170 111 164 86 97 176 155 40 96 28 148 159 74 191 64 104 244 85 196 130 95 81 195 150 203 80 237 113 91 175 167 114 32 147 168 227 34 41 93 77 232 122 249 141 235 42 54 145 136 236 109 246 188 
74 : 78 75 31 95 52 43 185 32 152 153 74 157 134 202 231 179 65 172 200 114 53 83 137 223 165 105 37 230 171 140 26 146 195 50 25 125 87 58 49 132 135 121 155 162 123 159 209 148 55 39 227 66 164 104 69 119 
75 : 157 54 73 193 166 200 226 185 36 160 95 161 71 66 207 240 241 141 231 127 76 178 118 74 79 135 122 173 137 103 100 44 111 183 97 205 172 239 92 89 110 248 42 132 28 120 139 223 116 131 204 129 41 109 155 62 154 247 179 121 150 31 202 220 187 198 212 46 140 37 149 246 87 197 35 104 49 
76 : 170 125 103 231 29 50 67 74 187 159 210 126 34 71 206 249 101 239 98 60 217 97 232 120 240 142 55 191 225 211 59 152 216 175 63 46 181 128 133 169 184 222 89 53 194 227 36 243 134 111 156 168 173 207 
77 : 204 177 140 98 184 160 145 163 73 150 99 175 198 137 76 138 123 26 187 242 230 38 210 218 62 89 111 75 247 48 214 231 167 70 176 119 130 205 125 136 
78 : 185 177 62 172 129 115 81 85 139 73 171 90 169 130 179 97 228 188 245 80 40 144 234 106 211 121 
79 : 182 108 221 85 229 48 76 92 183 127 31 101 148 216 179 237 33 84 37 198 211 66 107 224 67 88 230 69 
80 : 113 161 91 69 165 167 50 162 140 101 36 178 171 233 246 194 116 87 107 121 219 139 110 224 197 154 93 71 221 153 52 75 
81 : 89 47 102 166 173 82 159 176 222 221 156 237 196 240 45 67 55 241 79 99 88 62 179 174 48 38 96 190 228 65 52 112 180 146 63 177 178 66 199 200 134 39 185 41 28 105 121 60 94 219 195 71 93 172 157 207 152 215 162 154 80 165 56 72 27 187 136 103 74 
82 : 214 194 46 65 53 148 92 190 37 238 207 59 41 74 244 102 103 248 110 206 87 243 56 166 101 76 105 208 89 97 108 174 143 127 118 44 161 228 51 220 146 125 185 75 241 249 113 186 85 203 247 112 25 26 67 195 64 142 227 133 78 213 210 218 182 83 73 39 42 246 68 219 176 212 70 245 90 91 188 38 106 226 200 193 144 29 98 93 232 122 157 205 180 33 234 123 135 156 145 204 237 
83 : 68 109 131 118 79 194 197 50 99 82 218 121 51 78 30 209 80 102 112 243 202 83 146 85 210 191 117 108 144 94 88 139 208 67 245 203 225 158 232 220 81 66 212 35 188 97 143 224 63 55 213 176 180 115 54 64 201 71 217 233 128 231 190 25 152 200 178 110 122 96 189 195 239 59 175 162 230 211 38 44 136 147 154 86 192 104 106 183 140 33 167 113 247 219 89 69 27 57 45 186 
84 : 104 137 138 159 37 167 234 212 36 174 190 248 223 42 187 38 207 183 246 213 90 210 82 229 106 191 149 75 170 52 247 79 111 194 80 76 215 103 50 57 105 119 214 113 249 147 87 151 96 152 139 244 178 107 33 40 108 140 
85 : 71 168 177 197 170 165 64 160 90 96 147 184 80 54 235 83 66 140 162 29 95 132 192 176 239 226 125 241 105 133 101 35 167 174 175 85 110 112 158 108 131 128 102 136 190 117 57 141 115 219 216 51 45 181 183 238 157 247 220 106 248 118 156 113 234 173 169 153 138 40 146 84 88 111 198 77 152 212 201 73 119 27 200 124 243 99 59 75 159 180 246 161 116 229 79 214 189 187 143 130 41 98 25 236 150 52 58 182 61 191 231 139 114 203 
86 : 58 166 205 198 226 86 85 88 55 100 83 84 120 87 227 183 113 71 240 246 104 215 41 182 175 245 187 221 136 75 26 197 76 238 229 131 171 123 44 43 193 59 78 124 121 
87 : 203 32 92 153 214 40 69 38 47 190 146 98 83 197 152 176 145 44 133 249 185 70 131 193 159 207 42 130 169 85 211 172 205 56 231 183 109 192 86 63 60 29 68 215 227 118 89 84 206 167 160 81 239 200 34 77 127 178 71 143 
88 : 48 217 155 141 165 249 174 105 106 101 187 235 64 178 109 163 40 192 93 133 179 162 58 50 96 168 206 30 94 208 34 128 211 210 
89 : 138 216 134 136 163 178 146 100 203 26 141 241 28 29 162 193 98 58 156 93 140 247 219 181 36 114 33 110 97 231 34 246 49 205 30 107 115 35 121 242 192 129 211 123 167 65 149 174 196 170 48 188 40 144 150 42 151 86 64 165 179 249 185 85 154 83 25 54 67 126 37 230 84 186 
90 : 71 194 128 148 230 63 153 226 157 232 75 149 241 86 46 209 216 111 72 52 138 48 147 175 245 248 82 155 162 69 119 35 95 167 124 143 139 198 174 61 90 123 247 169 171 184 50 51 186 235 114 244 231 132 206 168 193 87 110 42 126 
91 : 247 34 123 37 249 191 54 85 40 129 94 159 109 59 84 76 185 189 110 128 53 235 73 132 155 126 100 234 141 190 63 220 244 75 140 137 56 156 168 240 65 28 89 125 95 226 197 83 79 115 212 179 241 61 25 183 163 153 106 236 49 120 192 138 180 41 112 243 194 111 122 233 210 
92 : 194 206 137 202 242 158 52 101 128 233 32 183 220 29 59 50 73 83 116 235 229 247 165 56 60 195 232 58 151 80 41 122 245 230 72 178 173 27 78 146 126 28 236 180 135 136 95 149 169 108 215 69 104 191 74 33 99 68 100 175 188 112 67 109 26 34 76 127 164 75 156 
93 : 57 91 63 199 71 140 146 190 106 117 232 113 101 138 237 120 163 76 191 48 59 151 55 177 119 231 78 172 184 229 194 38 144 241 183 160 74 72 88 41 143 213 34 216 103 66 149 129 225 171 29 87 247 30 99 58 164 32 211 98 150 61 215 46 73 159 218 226 221 65 244 97 42 137 198 208 121 210 53 77 128 243 83 26 157 28 50 139 186 170 239 27 154 62 75 44 197 33 104 45 122 214 135 89 60 168 204 230 81 92 167 136 133 209 233 109 
94 : 152 111 247 113 66 30 179 28 209 196 188 137 206 213 221 244 138 86 90 228 243 29 91 190 233 47 187 103 126 160 214 173 240 68 143 37 248 131 94 242 229 215 237 140 159 130 223 202 107 93 227 207 109 124 55 40 142 153 114 54 50 42 175 82 208 234 60 27 203 35 57 172 73 222 100 98 245 249 34 185 36 75 25 191 128 232 45 
95 : 163 202 96 124 100 123 176 210 51 37 150 169 48 155 56 151 42 239 63 115 204 215 141 105 118 28 213 190 229 225 186 78 128 120 84 65 187 226 149 114 93 47 211 185 119 53 238 46 43 79 195 160 75 81 247 70 248 218 180 175 221 110 172 62 
96 : 205 76 59 25 183 31 57 30 33 165 138 50 102 216 73 181 135 206 173 83 95 68 36 158 125 81 171 111 185 202 124 223 186 70 43 175 184 80 119 
97 : 83 77 236 222 165 213 218 163 243 74 136 206 233 61 242 35 68 231 192 177 241 134 46 211 109 27 151 195 69 221 121 127 62 118 179 66 96 117 225 81 215 141 172 140 230 90 152 147 102 143 142 30 89 193 99 76 145 26 169 120 174 171 32 130 34 219 53 48 55 122 184 190 135 75 101 208 104 59 87 200 150 223 197 124 229 131 37 47 210 51 93 185 44 191 
98 : 172 53 234 219 238 141 96 160 116 230 40 242 227 178 121 223 87 213 84 237 156 78 226 142 126 207 217 144 215 139 205 132 212 83 231 240 163 113 174 48 199 47 30 161 80 120 38 170 131 90 143 118 41 136 211 208 204 34 200 49 79 86 149 39 196 159 157 73 225 51 249 153 42 35 65 216 189 232 147 67 169 154 236 107 180 111 229 127 183 104 37 130 60 66 220 134 193 109 70 105 81 
99 : 239 126 174 155 212 177 48 149 194 241 229 214 216 98 88 94 52 104 208 186 162 232 226 122 40 56 243 133 139 61 207 90 248 59 170 167 164 118 227 131 180 190 68 79 121 145 67 73 185 192 187 81 55 217 169 161 45 64 142 123 205 175 58 171 195 188 47 143 220 198 51 99 32 222 141 184 150 137 33 31 39 
100 : 177 99 142 231 138 27 30 124 143 168 118 192 219 170 92 216 73 97 228 217 60 208 74 130 33 61 101 172 56 
101 : 117 146 126 107 116 30 237 196 52 169 104 191 155 218 131 109 47 123 222 192 220 58 195 77 194 62 110 37 73 44 236 166 96 75 235 217 205 68 147 187 159 158 197 66 149 27 203 136 243 167 160 53 152 206 64 26 156 154 106 242 189 150 87 201 132 46 57 41 114 50 102 168 
102 : 239 151 26 149 159 122 124 65 206 196 154 63 93 89 223 44 222 62 226 129 153 243 78 25 160 108 133 72 64 43 88 191 121 28 216 204 190 100 164 47 52 117 146 107 240 205 213 179 249 94 220 104 135 200 56 165 30 181 74 233 91 77 61 36 238 51 144 140 228 138 82 197 147 246 162 106 105 155 244 215 194 37 234 42 66 67 33 120 212 118 68 227 193 168 229 136 143 185 119 101 173 131 156 130 114 137 50 134 158 113 116 247 
103 : 184 35 33 58 186 56 240 103 163 202 141 98 170 87 235 152 47 209 241 197 126 142 38 36 239 214 62 244 85 106 187 180 63 81 108 234 145 60 44 242 107 166 
104 : 35 162 159 238 59 89 180 119 48 93 224 173 230 164 33 155 245 39 221 67 226 61 205 101 69 62 41 150 204 208 76 34 68 75 166 43 55 219 200 228 196 90 154 235 174 136 144 175 229 141 96 64 248 179 178 127 165 130 213 156 116 52 79 82 99 70 142 185 222 25 237 103 211 106 192 46 242 32 65 147 30 207 98 201 198 123 72 40 210 100 193 109 138 143 78 95 53 105 36 202 189 
105 : 34 110 218 232 30 130 101 71 166 123 147 231 178 199 201 176 70 89 207 192 210 54 236 44 184 131 107 63 174 237 113 97 152 151 153 162 157 106 73 222 75 247 120 219 214 126 62 185 141 95 173 171 242 144 132 246 86 227 215 50 47 137 205 183 65 213 74 179 159 41 182 149 52 245 100 31 69 88 180 216 36 53 225 168 138 121 148 238 187 40 224 190 59 220 115 98 133 90 79 127 240 84 202 102 248 193 169 64 198 66 143 221 80 72 61 194 140 243 155 226 
106 : 190 27 63 74 34 204 135 181 163 33 232 79 247 42 95 147 189 76 78 81 126 136 91 50 180 114 102 237 154 217 157 77 49 93 220 166 103 214 178 159 72 88 28 69 175 47 124 44 38 83 227 73 52 53 133 202 221 174 246 57 183 196 230 206 160 32 150 212 201 213 105 165 99 
107 : 162 88 179 133 231 62 170 204 102 109 73 53 140 151 246 164 81 125 45 98 33 145 192 141 134 216 152 80 112 163 226 225 143 173 205 210 116 233 35 184 229 196 72 208 59 131 180 68 142 181 249 83 209 202 189 127 117 175 243 58 107 138 40 136 236 247 211 34 166 241 119 75 155 82 157 118 74 172 230 105 104 194 248 149 95 130 200 110 54 213 161 39 84 89 55 114 206 67 201 185 113 44 147 
108 : 163 55 103 71 211 126 45 237 194 130 87 139 90 177 230 128 96 204 227 133 213 46 72 201 100 200 104 50 108 247 41 233 181 138 223 35 123 228 147 74 215 161 144 
109 : 248 43 64 28 231 171 31 164 92 96 175 158 73 120 103 173 210 166 204 207 135 94 140 86 136 233 139 194 127 118 228 145 199 186 100 129 167 117 50 170 168 163 240 66 101 32 83 39 211 115 102 206 236 243 237 230 209 54 152 190 68 142 49 200 55 178 191 244 218 249 215 
110 : 108 233 222 106 209 171 36 113 217 112 241 90 55 76 239 84 186 60 242 89 118 33 116 136 169 226 44 173 144 128 153 122 32 37 81 121 247 170 96 64 31 124 206 73 220 95 38 197 185 79 231 189 72 204 57 238 67 46 83 210 161 228 191 63 47 86 166 207 229 184 98 94 74 196 248 77 119 129 141 140 178 175 114 137 100 69 194 105 97 65 
111 : 161 239 67 221 41 151 108 200 68 127 186 62 180 164 57 115 213 73 246 244 232 243 222 55 195 245 194 241 34 196 178 95 100 125 130 141 183 142 119 215 94 233 166 235 229 114 129 190 31 76 211 29 110 120 181 147 149 124 27 188 170 160 66 69 38 226 44 
112 : 63 143 187 56 241 173 145 95 110 179 238 199 165 247 213 181 135 198 78 193 92 205 89 88 172 46 106 44 129 131 245 249 232 210 161 53 132 208 52 116 171 124 243 115 216 162 54 96 200 98 150 227 228 188 195 219 248 214 39 157 
113 : 175 38 43 67 209 61 223 184 201 229 244 177 185 138 232 44 95 218 135 248 78 51 228 99 71 225 134 200 116 188 183 164 103 156 93 111 76 234 101 115 126 243 113 182 85 216 120 106 145 110 35 219 221 140 246 87 31 124 37 90 212 83 149 96 242 65 197 28 69 199 82 73 107 89 137 97 202 151 174 240 176 75 25 195 32 181 104 165 214 139 178 62 170 222 203 29 206 98 26 187 
114 : 239 111 25 191 174 132 71 141 157 112 248 158 109 89 178 213 249 162 149 228 50 179 42 95 113 164 106 97 211 135 31 125 51 220 
115 : 75 237 169 86 33 70 189 76 52 87 235 74 200 181 225 164 110 205 138 193 116 63 154 236 149 64 212 146 142 108 183 136 126 50 158 249 179 49 118 30 234 128 204 232 34 97 26 77 122 153 96 133 101 
116 : 26 32 190 119 142 186 206 203 50 158 211 229 125 41 108 59 113 57 172 193 107 70 27 228 166 167 115 36 106 61 195 88 96 40 83 31 111 163 91 152 55 101 48 143 39 99 154 62 29 141 126 197 137 131 
117 : 156 106 222 205 102 190 28 148 188 92 176 161 98 131 30 82 145 69 64 80 154 85 155 128 147 114 136 218 226 68 86 76 38 66 233 169 77 
118 : 67 78 229 228 225 142 107 35 165 138 50 143 116 241 33 219 217 184 28 89 71 120 242 126 123 207 224 136 101 77 238 213 81 25 63 156 108 178 129 205 214 43 244 93 32 162 240 62 64 40 226 34 124 52 193 182 174 104 141 202 54 26 132 233 96 215 60 48 36 39 95 234 183 191 82 127 173 212 61 168 167 29 80 51 210 195 139 239 99 69 121 119 187 198 166 118 111 159 221 157 249 158 
119 : 38 179 97 115 101 56 231 167 230 157 69 82 75 185 111 137 210 60 124 55 220 209 42 178 141 78 149 153 136 86 127 139 243 190 85 90 138 181 170 239 119 30 53 156 135 203 246 211 224 99 92 89 159 214 234 118 59 54 132 194 88 100 216 212 33 96 80 226 45 123 197 192 168 241 65 232 112 128 83 74 79 29 131 51 175 49 219 180 165 87 169 36 44 148 70 189 61 66 245 155 247 34 140 114 154 143 39 176 104 
120 : 124 105 176 248 118 68 53 56 180 156 240 229 59 178 67 159 136 167 152 239 213 142 220 147 192 249 51 196 90 187 58 172 72 82 27 154 115 55 132 57 47 140 36 28 94 32 131 204 205 234 171 113 73 168 112 76 62 44 228 189 181 95 38 235 39 88 143 247 99 190 179 120 60 197 211 232 236 164 210 133 183 135 216 63 173 155 185 160 
121 : 244 136 234 61 58 132 148 170 28 82 86 218 161 163 118 195 205 90 211 196 137 173 119 150 123 209 190 225 238 214 240 139 140 191 111 226 165 219 63 62 233 246 145 245 202 174 35 91 38 65 180 99 26 229 29 175 60 67 120 46 166 34 168 172 81 68 157 134 182 138 147 144 95 
122 : 176 52 35 59 217 93 144 227 184 241 166 172 192 143 197 84 148 165 29 102 179 221 238 233 202 68 114 193 249 97 175 104 100 186 147 135 140 77 229 174 203 177 33 61 182 206 80 54 167 209 69 53 116 40 228 56 214 110 215 130 75 67 50 243 183 201 234 157 34 85 82 150 37 70 248 107 86 58 180 162 236 
123 : 183 172 68 226 185 44 242 179 200 128 95 45 190 168 191 112 57 135 71 89 77 103 90 39 243 139 238 213 221 106 174 164 233 121 109 116 214 181 141 222 189 240 92 207 228 158 41 196 29 155 51 203 195 151 194 150 142 117 118 101 138 98 75 212 225 64 186 
124 : 235 183 110 77 70 49 42 57 55 247 146 104 239 178 79 249 72 205 179 116 168 91 62 75 229 45 243 85 120 236 102 94 118 246 240 237 163 217 95 238 105 26 31 216 53 68 169 64 199 233 66 148 215 80 231 228 106 202 141 187 119 111 210 189 165 114 185 204 151 248 209 208 87 159 115 200 
125 : 186 210 215 247 244 63 206 240 165 114 61 121 185 94 90 109 119 101 106 235 168 55 91 160 132 228 226 141 42 167 199 37 78 120 33 147 136 245 175 195 144 234 127 87 196 138 93 71 181 140 29 74 47 180 34 152 221 57 188 137 27 162 153 149 128 222 48 111 225 69 151 30 108 67 72 243 36 122 45 73 
126 : 84 215 219 120 116 95 28 239 175 60 142 30 192 157 48 150 209 85 145 238 191 206 52 183 89 32 26 129 68 173 40 214 54 204 90 193 187 45 182 42 113 97 139 205 50 194 73 178 127 221 79 64 94 141 25 53 228 31 224 80 230 236 216 
127 : 173 233 107 68 194 165 249 184 198 116 176 78 192 60 164 97 109 133 220 114 188 101 86 41 152 210 30 225 205 128 111 229 230 120 44 26 69 36 231 196 178 103 39 238 226 92 158 79 163 110 125 32 90 191 137 166 228 82 218 64 213 200 46 232 131 139 
128 : 114 102 88 179 111 39 197 218 27 189 231 98 170 72 187 106 245 84 38 109 112 242 115 33 73 122 57 85 229 166 105 194 219 182 75 113 54 
129 : 85 42 74 165 216 110 235 81 228 240 153 208 131 193 93 201 168 72 118 218 213 170 33 220 124 89 198 123 173 26 69 186 149 225 55 237 76 242 155 111 41 203 79 53 147 232 30 189 80 158 112 197 188 245 167 82 102 152 210 141 187 128 84 215 62 231 185 57 86 211 230 100 54 91 114 105 125 129 90 127 
130 : 35 201 244 194 204 44 195 240 45 96 214 26 173 202 73 164 122 116 115 83 205 159 227 143 192 62 233 125 92 220 95 198 46 78 41 118 105 222 86 237 30 149 235 
131 : 220 117 109 249 106 201 233 142 44 204 59 147 228 157 177 174 191 189 48 98 128 126 190 176 155 95 120 213 99 245 202 144 104 170 182 37 101 31 163 51 159 130 247 96 97 169 153 94 225 50 32 36 46 64 72 222 136 123 241 148 105 161 57 158 75 49 65 129 38 137 56 100 55 111 27 78 216 196 114 179 53 219 85 133 134 102 184 185 173 67 68 79 84 221 52 168 237 165 183 198 210 93 88 140 42 63 211 139 218 45 243 
132 : 57 146 150 80 180 132 144 66 35 77 172 88 207 221 28 74 186 51 91 156 36 58 145 200 137 228 183 50 86 89 61 167 191 29 124 126 92 165 199 98 208 161 234 216 246 171 81 69 67 177 168 127 64 140 219 39 54 166 40 173 212 75 120 45 116 190 109 227 249 30 139 94 155 141 239 222 56 68 27 217 71 206 46 185 240 
133 : 132 224 123 174 111 236 36 102 58 230 97 246 163 82 101 32 61 235 91 214 212 229 195 34 33 130 178 159 103 244 198 199 170 60 169 234 129 120 247 165 202 43 143 26 197 52 96 167 29 150 153 114 87 183 133 185 63 138 125 86 249 90 168 83 192 218 95 107 54 226 135 208 173 220 166 207 
134 : 216 235 172 115 123 121 163 237 227 56 42 240 72 173 77 108 186 195 124 241 110 140 183 76 47 203 126 159 33 202 34 188 60 93 201 149 28 89 92 133 79 31 177 242 52 198 210 217 185 180 95 244 119 193 100 136 174 71 238 212 213 168 55 151 67 169 
135 : 196 55 192 60 213 124 65 33 249 78 195 140 94 169 110 205 221 218 42 191 71 57 207 228 135 114 241 161 75 243 146 172 76 141 106 163 99 70 113 186 234 77 68 198 159 82 115 36 73 91 144 44 199 49 95 38 184 229 170 131 236 54 185 219 239 166 134 152 108 117 177 150 85 109 183 232 40 225 227 29 209 50 39 46 86 
136 : 27 60 44 121 53 220 232 219 136 153 52 114 85 133 131 246 69 57 202 77 247 226 167 169 123 194 184 178 162 81 89 39 239 62 88 84 218 120 197 235 43 227 233 201 119 45 32 150 241 41 108 80 113 61 109 103 95 193 36 236 38 140 98 134 83 196 92 82 181 70 199 138 191 124 155 99 96 46 144 175 73 244 
137 : 26 154 191 219 113 63 119 205 203 183 193 58 44 226 84 228 218 234 246 34 102 133 87 182 117 28 78 57 59 221 240 194 139 124 233 168 108 180 142 107 162 40 39 209 25 181 248 98 200 247 51 
138 : 102 248 181 143 182 100 129 228 196 206 246 224 192 122 207 75 115 42 226 62 188 144 227 170 191 245 55 239 98 45 95 48 164 90 32 198 147 222 221 233 229 47 140 133 25 160 219 111 124 108 193 194 79 189 213 183 64 67 139 28 94 249 65 187 101 92 96 138 203 58 91 230 117 93 74 168 125 175 63 241 153 35 
139 : 126 95 208 145 114 205 72 201 73 218 30 80 137 187 78 245 44 135 67 117 119 97 96 155 178 193 150 76 89 219 56 210 222 111 42 180 198 164 
140 : 213 148 41 168 135 158 27 123 100 134 191 124 108 210 166 129 155 222 209 241 188 91 215 80 38 105 
141 : 200 224 31 45 187 104 107 134 246 115 100 109 240 223 132 207 239 160 120 61 133 178 75 40 30 212 60 117 29 43 232 203 177 201 155 111 186 136 238 139 99 113 211 226 28 46 204 110 163 162 171 210 26 172 241 108 63 153 82 56 159 194 167 137 42 175 114 124 198 249 74 141 197 209 148 150 126 188 156 51 152 33 242 62 248 70 105 80 94 57 93 92 228 169 131 229 129 147 39 221 235 205 168 145 121 208 231 55 218 72 52 91 102 161 35 83 27 89 213 219 
142 : 126 124 98 140 51 179 146 89 43 238 129 134 206 170 228 61 123 77 150 135 52 84 113 204 120 185 201 202 102 178 187 200 58 25 234 133 54 139 176 39 92 161 112 213 165 241 31 46 160 40 183 108 26 169 147 199 155 30 233 141 27 159 163 118 32 158 230 203 152 71 218 181 70 186 246 226 
143 : 143 108 57 249 67 62 54 188 61 189 151 218 99 92 51 148 246 98 212 156 138 146 126 172 225 66 155 224 197 39 239 136 46 159 69 141 241 139 119 147 137 31 87 170 132 150 52 165 105 162 84 25 49 145 120 78 110 195 88 41 184 35 109 28 229 214 223 182 207 76 185 240 68 248 70 192 29 169 115 236 168 118 65 204 220 154 47 73 50 32 89 42 233 129 228 163 113 37 100 244 177 190 209 191 187 
144 : 101 164 154 156 39 119 228 74 43 201 32 73 121 155 96 142 33 240 52 110 91 112 116 216 147 55 214 88 34 209 111 203 208 44 105 90 84 54 62 218 242 94 236 61 26 194 133 145 106 123 143 186 89 185 35 77 114 206 235 166 103 168 57 231 237 190 196 246 212 158 28 122 49 95 239 100 163 37 238 41 120 109 221 192 30 65 134 124 46 66 
145 : 107 72 149 199 214 210 129 248 26 235 59 94 36 135 97 161 154 134 61 184 128 32 202 139 126 50 57 74 38 113 221 222 55 133 143 
146 : 134 87 81 245 122 221 28 70 181 189 112 44 204 188 40 82 172 34 53 64 42 145 74 182 200 108 117 247 184 30 232 197 46 241 61 164 76 213 114 48 105 115 75 66 131 190 162 222 123 36 166 195 118 236 207 69 244 127 196 153 77 59 55 185 97 52 103 225 27 186 219 121 175 237 111 218 192 80 43 58 151 231 29 
147 : 86 220 55 116 39 72 178 190 203 88 80 134 123 172 232 56 195 150 30 164 215 218 156 221 79 198 213 205 222 143 36 137 239 41 175 199 228 118 89 50 144 146 28 147 170 122 230 234 233 69 194 51 43 78 174 93 240 201 173 180 98 25 184 248 90 73 
148 : 207 247 26 184 172 194 213 156 227 178 116 215 158 161 230 132 154 72 160 118 144 208 67 70 155 143 98 90 104 205 237 32 189 75 64 124 212 238 100 53 94 199 48 169 200 249 106 211 
149 : 181 34 99 62 201 249 36 146 81 220 136 219 134 189 155 183 26 227 202 65 67 230 169 46 208 222 213 48 108 144 66 115 98 123 33 158 60 157 52 70 232 218 88 61 246 238 153 191 172 212 74 167 164 44 175 143 240 210 151 116 97 49 168 242 120 187 192 39 103 43 90 141 75 132 214 130 209 129 206 41 188 195 173 197 91 154 29 50 223 225 211 106 42 63 111 
150 : 112 210 185 68 66 244 195 137 182 239 174 94 99 167 155 236 62 104 90 129 120 75 36 179 151 40 89 162 138 122 172 118 176 109 216 51 98 43 223 38 127 139 228 27 158 212 77 
151 : 192 231 161 183 67 240 29 117 239 201 157 93 32 156 103 160 113 72 222 128 38 100 112 244 68 123 137 79 138 75 84 243 47 247 249 227 44 101 150 218 228 178 130 110 88 180 34 50 153 237 181 95 39 152 76 25 193 190 89 179 232 96 209 36 133 66 115 234 80 166 114 54 51 200 198 104 246 236 163 235 65 81 124 53 
152 : 249 94 132 213 26 176 131 180 83 106 174 28 225 112 92 168 164 61 114 123 108 243 133 215 31 159 41 124 239 69 211 74 
