0 : 55 139 166 81 69 56 144 153 177 129 87 125 248 50 80 118 41 127 239 138 107 215 34 96 120 190 184 106 97 164 68 31 76 249 157 208 46 52 175 93 151 117 82 221 179 115 230 199 213 37 173 226 71 49 27 223 67 63 60 79 48 43 
1 : 198 48 102 118 91 144 182 67 152 114 209 244 203 164 111 45 39 229 49 167 38 30 66 159 190 74 77 131 149 216 162 73 120 171 242 147 217 173 231 100 72 116 126 200 180 86 145 184 220 54 150 110 113 169 
2 : 130 236 198 65 204 172 187 44 54 178 110 226 241 50 143 133 233 68 66 151 82 205 244 53 240 218 83 140 122 119 123 238 221 67 45 175 92 228 104 73 87 109 213 76 121 136 96 48 77 189 113 197 33 131 37 42 232 126 137 60 97 138 179 41 186 235 192 84 158 201 32 215 43 190 245 153 117 216 80 177 25 146 
3 : 229 152 103 234 158 189 117 141 111 235 28 120 190 223 83 225 62 164 46 57 115 149 167 87 248 130 165 97 206 207 131 91 201 110 166 69 116 114 112 148 168 239 118 93 67 147 204 151 245 150 98 64 95 210 224 108 188 68 217 242 186 32 51 160 135 213 79 77 71 
4 : 128 153 177 233 100 136 82 209 210 132 147 129 200 91 160 32 158 37 55 141 199 154 143 115 243 205 28 103 155 182 162 215 
5 : 218 222 70 136 135 67 149 189 124 128 50 86 186 229 225 36 56 197 131 119 97 57 52 111 176 231 59 
6 : 171 229 66 240 155 33 239 189 180 72 201 53 193 96 59 200 36 216 57 114 157 50 110 78 211 149 233 237 137 112 153 77 74 97 119 170 166 196 205 208 37 243 218 45 213 174 156 28 49 172 228 54 209 177 224 91 60 56 107 94 136 35 219 241 191 227 226 98 128 192 105 186 160 223 38 215 165 32 131 127 62 151 55 25 
7 : 188 66 240 213 183 34 126 182 204 137 51 145 150 148 108 169 197 31 35 214 80 88 133 220 52 98 146 208 200 116 64 70 156 238 46 243 45 202 96 104 174 81 192 175 26 43 195 194 155 152 123 191 215 170 91 140 201 79 211 97 87 218 32 65 38 172 44 139 176 226 78 233 56 166 113 154 71 184 55 
8 : 225 198 67 156 154 222 166 92 185 169 223 66 211 241 32 112 80 145 104 114 64 52 144 51 164 178 
9 : 213 204 247 230 200 150 175 243 96 134 127 222 174 148 140 210 151 137 133 182 178 109 173 65 138 67 35 120 92 234 227 88 75 185 25 235 71 40 171 41 212 239 72 73 57 195 126 77 181 55 99 141 248 121 132 37 226 223 154 27 119 241 209 184 54 112 106 183 114 32 202 163 214 
10 : 171 109 30 172 45 85 131 78 241 146 248 183 29 174 75 51 158 203 74 80 53 136 200 148 226 229 42 67 187 239 140 186 120 182 116 155 142 64 48 126 
11 : 246 211 63 187 127 196 90 241 151 92 38 70 101 67 78 222 76 214 228 171 218 182 175 136 248 164 236 242 180 169 237 84 202 132 62 215 143 120 124 126 178 154 29 225 113 131 97 31 57 179 52 73 238 77 160 210 107 94 206 79 166 86 137 44 200 167 116 59 51 72 155 141 69 114 115 230 172 130 170 147 152 75 207 40 195 110 
12 : 219 243 213 224 228 90 57 99 143 167 175 218 163 125 121 229 47 132 166 46 35 95 106 86 178 165 192 110 161 149 188 126 91 51 147 114 40 176 187 150 107 64 54 204 205 169 171 56 200 103 55 156 238 158 181 108 98 80 136 77 27 49 67 183 122 199 180 247 246 249 225 212 89 227 179 73 92 182 241 79 120 115 43 144 173 215 
13 : 25 46 76 171 108 223 246 166 134 236 53 119 43 239 77 242 213 195 31 152 92 44 61 206 235 94 144 68 118 126 127 100 155 211 169 240 74 69 160 
14 : 42 184 105 203 169 103 212 44 149 73 180 80 151 31 51 194 213 94 38 127 133 81 66 123 59 
15 : 39 128 137 108 61 96 235 232 60 204 70 221 118 92 122 198 136 234 65 30 132 174 178 71 51 230 52 156 55 176 77 175 121 79 86 
16 : 120 111 196 102 116 57 187 45 221 224 178 144 203 181 210 39 238 70 54 42 129 105 34 230 52 72 40 201 234 63 136 186 143 137 135 132 177 165 109 220 185 222 128 179 192 193 138 158 100 112 134 104 156 176 50 41 114 149 239 150 199 81 244 107 217 159 206 227 171 113 170 49 226 236 153 73 155 247 125 53 110 
17 : 168 86 246 106 159 60 132 143 221 88 207 225 140 169 147 107 194 178 156 131 42 114 179 181 94 123 37 145 79 135 249 61 127 226 220 102 91 149 89 45 113 243 174 124 186 28 55 126 27 49 54 138 72 87 
18 : 34 47 141 26 61 168 82 71 208 81 121 199 151 102 64 249 206 173 156 131 167 88 135 54 216 90 112 48 39 134 170 189 115 137 73 184 132 53 103 187 93 76 91 86 118 186 240 194 246 161 176 70 169 60 174 157 49 227 104 66 201 150 83 191 190 97 
19 : 181 41 46 98 234 111 88 39 149 232 169 174 245 91 105 238 177 151 243 242 34 240 51 246 133 65 87 36 241 185 76 194 178 26 127 50 124 60 198 156 115 38 220 200 27 144 186 77 129 146 44 100 37 203 179 108 59 189 172 162 
20 : 84 140 245 129 184 217 77 133 201 208 30 189 213 221 50 220 242 178 42 86 59 176 33 111 120 117 72 248 215 106 109 26 98 142 153 93 62 
21 : 26 142 137 196 208 33 113 206 112 118 46 61 192 178 104 203 128 220 87 146 164 81 102 48 122 28 209 233 124 43 170 25 80 35 85 231 239 111 101 66 69 117 153 245 223 62 152 160 129 34 64 201 175 195 244 242 94 197 139 217 115 53 136 57 96 189 82 228 218 63 219 49 44 157 83 193 187 162 148 58 171 41 95 167 50 
22 : 194 56 30 187 55 200 138 219 32 113 231 149 146 34 47 112 238 205 121 158 153 207 181 72 235 106 73 197 139 161 90 179 119 77 33 125 65 174 225 223 148 177 109 98 108 189 155 247 46 209 208 141 220 160 140 82 58 167 171 202 214 
23 : 187 66 63 93 26 165 49 157 42 43 147 140 150 134 29 156 207 85 76 202 87 198 149 28 30 239 51 73 188 235 72 146 111 217 225 48 145 
24 : 134 57 70 115 189 197 55 225 105 135 121 39 67 94 168 184 58 159 186 178 56 38 125 97 209 77 104 210 26 193 202 214 235 132 157 236 49 206 161 177 212 41 47 59 201 158 124 103 140 90 187 51 162 80 85 86 203 108 91 50 241 69 208 68 248 172 35 45 167 204 237 78 194 205 228 180 229 79 230 169 102 142 166 175 216 198 130 25 
25 : 72 127 34 94 114 44 209 98 86 174 55 33 245 210 147 247 118 185 97 49 223 132 129 45 27 206 28 144 79 100 219 243 235 73 166 71 224 226 90 135 121 220 119 249 120 231 66 110 137 102 193 195 56 197 230 124 148 157 232 126 229 57 215 63 196 218 182 159 154 115 175 142 87 163 51 221 134 50 177 
26 : 101 94 58 233 152 192 129 78 141 120 34 182 142 61 38 177 172 39 116 235 86 207 47 137 69 240 170 121 123 180 102 87 200 68 201 187 184 122 219 246 228 247 115 131 193 223 99 70 238 218 36 25 205 229 162 194 49 106 89 230 237 154 225 234 204 46 242 130 97 231 134 165 83 191 156 
27 : 152 36 90 240 29 83 187 212 72 57 153 237 52 49 213 45 188 231 241 68 168 95 55 65 43 62 189 59 200 220 75 129 138 234 120 198 42 134 91 125 191 176 123 86 114 222 235 233 37 171 203 160 211 107 162 167 124 35 46 48 51 225 185 214 184 243 208 94 159 54 84 195 109 223 101 
28 : 194 191 145 32 228 209 140 79 113 231 199 171 112 43 215 45 195 168 165 62 97 39 52 41 82 220 53 77 50 80 151 249 64 116 27 65 224 
29 : 82 215 59 203 60 133 109 214 236 129 247 81 66 113 29 88 90 209 67 161 83 45 191 197 238 116 121 193 157 32 96 208 210 142 180 99 70 122 165 188 132 207 187 110 141 134 28 144 30 74 93 86 124 143 84 
30 : 135 237 86 72 63 244 196 75 190 129 236 89 164 106 39 110 100 166 189 123 248 115 120 246 205 153 101 64 81 150 117 200 41 33 234 92 48 207 35 108 149 131 159 160 155 177 36 51 209 162 29 146 213 194 30 
31 : 90 72 53 233 242 248 75 91 65 39 240 64 194 175 235 224 79 144 215 247 94 135 78 241 122 113 77 27 142 48 
32 : 134 54 120 61 26 101 123 234 143 181 76 154 141 233 35 186 137 177 162 239 197 44 203 100 185 118 167 80 135 240 201 227 166 130 139 157 202 25 119 108 153 235 174 47 205 110 49 224 68 175 46 247 210 55 113 196 245 155 57 164 43 29 102 158 190 132 168 138 246 125 64 128 243 142 215 176 204 73 53 114 
33 : 164 187 68 51 213 177 201 41 182 210 38 138 63 55 127 47 202 168 66 75 129 33 125 121 217 94 238 32 62 152 134 120 34 207 43 80 245 28 240 157 186 140 147 73 133 114 199 76 171 163 135 176 115 102 72 98 203 190 215 25 97 124 64 230 214 158 179 212 36 
34 : 127 219 138 152 54 30 88 185 137 163 50 210 121 110 188 39 193 204 125 126 196 154 34 67 42 107 46 62 244 65 216 
35 : 86 140 138 203 122 243 72 236 235 201 32 113 128 162 51 60 40 75 234 144 241 178 141 101 61 96 227 207 103 246 139 110 105 83 173 50 94 97 136 208 41 102 42 171 130 114 68 192 146 155 215 175 191 156 78 221 134 
36 : 235 149 241 40 164 41 218 227 75 189 36 142 162 62 122 66 210 190 147 131 246 180 143 33 188 124 221 89 204 76 45 50 97 69 117 175 49 152 165 
37 : 221 58 126 67 210 125 147 128 191 247 129 202 164 65 152 143 241 95 96 160 153 111 140 171 228 239 28 61 232 68 105 33 35 169 36 133 50 80 134 144 131 245 89 198 216 157 200 73 76 196 115 99 175 124 60 243 220 112 108 48 92 79 230 184 59 248 93 39 213 203 138 234 117 149 174 122 179 47 
38 : 231 184 56 167 44 106 77 117 189 31 46 70 186 120 245 133 235 204 28 200 192 119 140 57 211 94 171 182 80 160 96 148 177 131 234 
39 : 206 233 216 182 166 119 46 131 32 82 144 93 185 97 224 176 141 223 69 43 29 234 243 162 226 38 167 103 225 239 150 248 152 237 247 157 124 36 132 202 232 100 183 47 230 178 108 109 71 207 192 149 51 241 89 79 240 66 129 244 101 215 35 128 221 194 
40 : 138 122 233 48 183 216 127 232 101 226 141 213 174 155 140 119 157 41 142 111 55 243 188 37 236 77 61 168 50 76 220 115 95 87 86 70 219 104 106 133 198 164 163 65 222 30 102 38 35 147 152 85 91 112 43 42 175 96 178 186 93 242 99 199 241 170 68 82 34 
41 : 230 246 110 65 145 81 76 181 178 199 177 99 69 43 28 228 133 141 106 156 217 198 109 238 128 88 93 70 74 167 196 118 52 231 175 229 36 204 219 247 116 
42 : 45 29 71 183 151 27 168 170 28 182 162 159 167 197 206 196 113 207 139 178 211 228 132 73 186 128 85 194 180 209 153 86 232 172 34 152 205 177 88 202 188 244 
43 : 234 243 219 248 205 233 150 235 174 108 184 172 37 199 66 81 58 36 229 62 210 187 109 33 244 225 122 75 237 230 114 241 101 104 72 47 112 160 207 86 
44 : 156 119 176 197 118 219 98 84 203 207 87 193 72 64 221 246 248 245 41 92 158 211 60 151 214 104 99 155 227 229 68 130 241 115 108 243 139 29 238 117 
45 : 201 217 187 70 95 140 85 189 37 142 127 72 46 240 146 232 215 163 151 195 34 158 102 175 229 120 33 185 80 43 196 207 192 31 183 156 141 114 168 88 116 129 160 91 54 53 82 64 202 171 90 222 56 247 149 211 153 69 41 244 59 155 219 121 228 48 218 74 236 138 123 52 109 
46 : 88 85 80 234 226 31 206 133 154 62 139 164 244 170 32 201 218 104 153 202 229 175 87 118 61 35 65 66 70 240 156 124 57 220 196 249 51 189 239 213 117 212 113 140 60 130 39 96 93 163 187 219 109 184 48 169 162 222 106 91 121 185 172 69 137 148 221 157 225 116 147 107 167 54 180 50 25 143 73 44 200 179 159 210 94 199 100 183 241 152 
47 : 184 201 178 248 111 154 153 240 135 69 27 29 180 155 67 173 146 220 75 42 63 129 78 171 242 226 106 54 59 249 95 243 246 112 50 47 68 93 55 25 104 38 162 214 151 196 40 145 41 228 43 164 192 207 166 233 216 53 179 120 48 183 188 232 152 187 206 133 28 97 215 52 91 
48 : 203 47 142 236 133 240 241 111 237 75 159 171 131 125 188 233 187 243 145 172 48 202 56 31 130 90 189 40 197 83 76 122 58 84 54 45 72 192 186 143 50 216 218 123 204 144 225 86 28 215 101 69 214 167 244 140 127 95 162 25 113 224 161 116 
49 : 116 244 201 175 36 227 117 75 144 183 235 28 245 81 132 191 236 187 140 142 247 231 38 54 215 198 224 180 96 34 84 30 45 202 99 61 118 95 26 212 182 163 
50 : 225 129 36 214 90 229 25 66 29 130 95 179 98 147 67 212 152 240 239 71 211 196 103 60 205 193 83 223 72 104 32 106 107 88 50 226 186 224 74 120 138 217 157 62 148 
51 : 51 179 244 196 218 44 38 150 105 160 119 231 242 87 26 153 175 62 99 208 88 152 193 232 103 58 83 116 220 97 67 249 144 31 189 133 195 63 112 
52 : 208 86 36 76 164 243 215 205 61 95 51 111 159 48 177 191 236 192 233 123 110 135 158 148 137 117 184 247 220 246 34 216 199 245 157 42 44 93 203 195 241 187 79 155 227 104 174 218 222 193 59 107 116 152 
53 : 34 33 128 115 49 200 213 86 215 187 194 218 54 75 232 177 40 156 198 191 101 249 93 107 37 219 152 214 38 118 204 90 147 208 71 53 154 242 179 131 64 44 36 103 165 209 160 176 137 51 189 108 
54 : 206 125 59 189 190 148 107 54 221 196 231 208 140 35 193 240 223 129 186 33 116 93 188 71 68 212 61 159 27 72 91 138 225 60 70 97 78 183 100 146 249 244 42 144 25 104 58 139 50 214 160 39 106 185 29 47 168 226 180 234 119 85 64 45 150 53 235 166 173 149 88 143 171 56 84 165 99 236 198 154 66 135 127 57 222 242 152 229 120 63 
55 : 80 166 243 42 179 71 132 133 216 47 117 175 113 134 221 59 63 54 70 67 97 128 79 106 178 198 46 91 224 90 233 141 105 211 85 165 228 150 120 140 200 96 43 157 226 185 122 30 183 154 208 171 57 162 180 229 26 72 103 112 83 135 25 66 193 123 247 177 239 176 56 161 
56 : 168 77 145 86 182 180 109 158 208 111 41 187 69 105 142 75 50 107 149 196 176 224 218 237 120 198 32 204 194 146 222 163 209 212 138 244 99 73 226 48 166 
57 : 139 84 94 89 184 69 121 223 40 177 85 248 124 51 28 109 114 108 39 53 25 146 147 97 62 161 156 129 179 57 
58 : 210 237 103 110 51 244 59 199 45 139 96 69 176 147 239 88 121 165 106 33 231 67 111 75 167 174 214 141 223 41 156 70 
59 : 100 235 130 96 186 74 191 195 95 182 66 50 56 161 140 45 231 226 207 163 67 181 205 247 41 47 55 59 98 180 241 218 114 103 246 60 108 110 28 42 134 81 85 173 201 78 49 105 233 135 144 213 170 46 76 57 65 202 
60 : 162 219 246 191 28 119 102 232 96 146 116 149 71 110 153 213 237 152 182 227 26 137 55 193 59 192 69 68 138 231 99 240 151 57 163 104 41 86 133 111 201 132 185 124 186 105 123 225 
61 : 59 30 120 119 125 155 53 220 69 45 166 161 36 247 158 42 66 179 39 77 141 176 41 164 101 131 57 180 165 236 207 217 223 225 93 181 117 58 189 92 98 240 67 205 46 44 94 145 49 75 137 201 183 187 130 26 153 80 249 138 132 163 90 37 
62 : 168 121 109 90 65 83 78 129 71 140 39 155 151 247 194 218 167 226 200 197 213 46 105 64 138 127 55 103 98 211 47 148 72 146 238 101 241 61 232 171 154 161 53 33 81 191 169 172 59 204 198 49 95 116 246 94 189 106 164 
63 : 36 126 51 152 148 102 32 99 196 141 142 136 238 211 149 206 58 193 28 80 108 112 39 240 65 119 222 170 33 96 167 225 
64 : 50 39 118 210 164 155 201 158 58 107 105 52 124 112 100 193 236 133 168 125 120 219 68 178 209 241 26 211 149 45 60 56 61 85 75 131 132 226 227 172 216 190 144 72 139 182 49 200 103 127 180 232 221 88 51 140 179 31 207 115 183 35 214 238 41 37 169 150 222 167 111 244 212 225 148 38 242 142 136 81 229 67 187 170 181 215 249 79 230 243 
65 : 42 94 247 225 242 222 159 197 76 100 96 89 27 116 169 245 95 110 193 85 231 52 201 154 80 241 30 109 179 92 133 99 63 216 188 90 136 218 168 
66 : 114 84 182 30 150 155 176 58 227 217 100 117 163 40 214 224 235 106 120 238 125 133 102 123 151 139 141 121 147 226 37 88 220 51 173 240 247 76 171 187 118 53 46 183 249 156 131 215 162 94 66 77 158 38 43 65 127 165 25 218 180 211 33 208 143 207 89 177 92 199 244 44 164 160 
67 : 163 122 136 125 233 231 111 239 93 87 106 216 150 74 95 75 81 83 80 170 38 92 133 126 166 124 214 129 183 176 77 217 207 152 89 173 175 155 105 146 222 134 211 158 238 123 68 82 204 91 225 71 66 65 180 196 201 73 26 118 148 84 113 85 
68 : 199 179 183 120 46 45 78 27 72 83 225 69 134 228 106 192 238 156 218 181 48 200 89 98 248 135 41 79 108 
69 : 188 96 222 149 158 69 38 186 98 167 122 202 249 134 227 146 228 216 159 181 163 92 77 116 201 44 58 169 168 45 55 103 113 152 84 107 97 123 194 198 234 126 117 51 48 184 192 153 170 76 61 82 235 71 108 49 241 225 46 109 90 132 166 99 
70 : 236 230 217 99 112 166 126 147 194 98 234 168 114 91 224 247 85 33 215 51 242 244 124 182 189 155 32 246 65 175 123 137 163 48 115 220 210 56 209 131 150 29 200 141 204 202 176 172 58 113 107 139 69 248 223 87 188 127 156 249 233 46 239 186 96 121 153 31 144 43 232 76 105 122 222 135 148 44 71 211 
71 : 45 52 105 89 130 124 179 98 142 242 80 91 92 152 158 222 144 39 202 180 35 198 122 247 199 100 
72 : 174 246 86 101 191 47 61 146 197 142 32 92 231 55 42 63 106 138 33 114 141 78 156 213 214 186 249 241 70 237 60 131 181 218 240 62 195 158 223 234 98 75 201 71 149 90 209 148 166 170 152 103 207 228 204 230 26 76 171 216 164 40 108 93 44 200 203 124 36 96 233 162 147 34 119 175 151 153 159 
73 : 167 160 245 32 138 52 43 202 203 139 146 63 120 102 230 197 83 61 93 241 79 207 248 92 115 107 105 131 184 97 29 150 141 163 145 114 235 220 244 64 99 51 76 130 247 192 109 124 57 33 224 78 177 190 30 136 223 137 34 228 53 193 170 119 171 169 233 38 
74 : 102 38 224 230 49 191 192 59 113 54 131 123 46 39 124 170 227 220 181 30 198 134 193 245 103 31 78 215 204 212 225 125 232 98 93 94 82 40 169 206 26 29 151 120 172 138 150 28 60 118 73 144 68 
75 : 128 186 187 91 159 134 122 57 218 192 158 87 140 221 63 130 135 165 177 241 223 172 127 181 171 184 222 148 185 152 198 125 126 227 194 25 180 47 139 120 150 144 70 224 111 90 203 56 65 176 67 147 104 131 116 74 51 195 149 40 155 26 248 238 30 105 85 89 42 58 76 
76 : 82 125 66 149 73 212 120 229 104 103 192 56 36 105 64 154 108 92 240 83 175 80 76 33 57 88 95 29 198 163 129 243 38 246 172 86 147 45 55 194 156 
77 : 185 180 240 161 218 71 88 241 65 89 47 103 167 85 121 73 209 29 70 127 26 93 133 248 126 77 44 84 81 55 226 111 35 159 86 43 135 174 198 62 38 196 119 153 223 118 158 246 79 235 101 45 64 222 48 34 108 163 115 58 69 197 162 190 205 92 224 120 40 33 136 145 151 237 200 178 82 137 168 206 67 143 57 160 207 68 
78 : 240 74 233 76 68 130 31 214 96 63 142 158 32 206 90 226 202 115 224 112 186 73 92 109 43 83 211 161 124 70 33 140 150 117 205 
79 : 163 164 68 72 173 96 40 118 175 25 36 170 34 49 222 69 171 136 156 172 54 143 148 115 45 160 219 53 234 35 140 94 58 209 47 60 244 192 183 169 144 161 84 109 230 98 137 
80 : 70 182 81 247 98 34 222 169 33 233 114 205 48 69 158 180 47 83 220 116 201 105 38 46 121 31 152 118 55 198 241 94 43 230 35 140 239 208 164 156 132 89 138 179 157 172 193 93 135 131 244 217 60 58 212 206 37 159 146 108 40 229 80 134 97 249 119 184 227 112 109 200 194 224 202 161 232 56 52 221 144 
81 : 169 82 143 27 122 213 49 140 127 189 62 119 77 248 115 89 73 98 188 159 70 46 173 240 83 139 33 132 30 202 74 63 184 239 29 47 136 32 125 199 244 168 39 41 228 112 183 133 156 238 135 207 171 60 
82 : 103 239 231 114 93 208 131 229 73 139 38 166 95 164 237 223 169 138 218 150 219 165 77 141 119 42 104 105 142 212 53 29 213 203 25 233 82 
83 : 165 188 223 225 130 82 240 60 25 217 62 35 92 114 42 158 65 89 104 108 71 151 133 94 127 96 238 202 170 26 166 229 199 186 120 123 97 59 218 39 220 241 45 136 176 242 99 134 177 216 93 107 211 185 142 
84 : 228 188 246 48 66 234 96 34 214 245 120 52 233 64 101 239 85 119 55 25 73 39 100 128 94 174 186 35 168 110 160 76 
85 : 180 150 108 163 97 58 43 248 249 95 125 209 168 136 57 67 138 121 34 85 167 137 74 68 246 81 139 78 186 54 59 128 184 155 231 75 199 156 177 60 179 198 234 191 161 123 197 141 56 243 83 27 36 131 219 226 215 69 30 172 208 96 210 
86 : 221 206 113 117 191 51 207 107 96 67 99 79 212 189 73 170 137 233 95 243 88 45 231 198 115 150 208 161 105 226 93 199 164 163 144 146 157 148 132 176 36 98 55 185 155 179 181 244 114 74 134 118 104 101 193 116 232 197 177 140 119 78 75 102 60 247 145 242 25 81 217 84 138 215 124 186 230 42 91 210 
87 : 235 71 229 124 177 194 143 154 226 215 224 141 113 218 240 98 166 138 159 35 80 193 100 191 221 54 45 94 246 41 228 176 29 120 32 88 233 89 241 
88 : 143 135 69 198 74 125 204 37 34 219 68 113 40 188 207 58 176 191 244 48 149 173 228 151 133 80 105 154 115 249 65 171 200 211 243 33 215 157 36 119 227 187 182 169 67 114 35 130 218 62 226 248 180 246 239 103 184 160 38 76 129 26 202 131 63 231 82 39 93 242 84 240 235 60 212 88 209 152 168 175 177 87 245 104 193 
89 : 201 100 147 28 193 39 227 59 158 215 222 38 80 37 223 169 66 126 33 133 177 127 131 44 83 210 69 197 229 248 168 99 34 183 110 35 74 50 191 138 52 237 43 89 240 101 104 219 145 225 71 150 130 216 60 195 173 88 64 105 107 162 75 123 176 149 205 118 196 214 224 202 132 32 93 170 231 220 40 161 84 62 192 
90 : 155 199 42 66 158 215 54 148 188 189 83 202 28 85 135 152 124 231 61 65 232 230 165 99 204 120 125 46 49 41 180 76 235 249 88 72 91 101 92 26 194 145 143 161 119 153 141 129 174 157 167 82 33 197 115 67 114 210 93 78 219 69 247 159 246 223 220 147 75 137 29 
91 : 175 214 41 162 221 245 70 235 37 149 55 243 74 52 94 82 81 93 53 98 229 183 189 143 195 176 61 194 34 65 181 67 238 197 153 66 232 159 141 27 100 125 196 205 44 231 184 72 35 172 233 123 142 248 204 28 190 160 219 242 179 116 154 62 191 151 165 168 215 249 119 217 102 29 226 111 127 218 113 223 96 115 30 136 51 133 
92 : 135 204 168 28 162 26 59 180 224 166 82 191 107 134 244 105 123 141 187 94 156 126 169 174 215 142 104 203 165 68 92 237 247 158 217 112 240 30 109 139 225 54 140 75 188 34 146 234 197 78 236 181 48 167 50 86 243 145 172 176 63 196 81 103 202 127 111 98 79 199 52 246 192 175 147 163 57 38 32 49 207 67 31 159 73 152 209 155 
93 : 55 165 146 247 156 37 92 132 215 222 112 137 65 212 155 81 241 86 58 147 224 47 197 101 138 237 54 124 75 244 73 158 120 103 181 209 143 182 200 166 136 248 34 188 206 172 71 118 67 140 233 91 127 169 70 44 56 107 231 246 
94 : 192 61 120 172 96 228 128 212 53 93 114 221 51 85 26 187 87 199 191 195 163 165 88 184 175 56 141 113 50 57 148 60 136 92 
95 : 100 62 197 219 200 133 196 103 125 41 214 81 36 49 121 168 154 104 110 212 39 129 206 189 120 247 144 86 70 146 135 221 213 61 128 225 108 59 150 113 158 230 56 44 
96 : 79 186 123 33 38 96 114 117 62 66 30 73 199 230 247 41 189 216 131 181 74 191 226 141 132 211 201 213 168 153 78 68 188 208 242 173 45 149 133 69 237 134 118 232 203 205 75 99 109 86 182 103 107 171 212 95 29 113 48 196 165 72 166 39 200 146 28 139 116 110 155 218 176 144 126 112 220 162 130 71 190 55 193 214 100 
97 : 194 32 160 30 101 165 213 233 42 102 158 249 204 68 152 178 228 167 65 222 122 46 31 137 175 103 78 168 193 206 248 126 123 216 166 214 49 34 79 156 189 210 207 84 150 247 232 48 43 96 180 92 188 28 135 117 143 114 201 183 218 162 64 74 37 182 115 82 57 136 171 149 108 242 33 113 71 77 
98 : 36 219 129 160 162 69 239 241 25 157 118 121 144 96 98 68 33 216 119 245 188 38 41 77 103 238 231 26 224 116 223 105 117 81 120 52 179 131 29 204 127 193 226 191 186 240 181 233 100 165 32 79 40 113 170 57 45 205 148 51 140 89 218 58 185 114 183 
99 : 90 214 123 97 44 54 177 103 73 26 80 161 171 245 146 87 183 25 48 182 149 234 79 135 53 187 137 71 91 121 82 35 65 188 129 178 111 233 92 58 118 235 212 205 34 246 84 140 57 196 202 166 144 117 83 194 242 78 85 204 95 43 200 138 66 
100 : 25 239 231 210 26 100 80 47 209 126 218 216 41 99 206 235 30 242 111 184 113 226 189 48 163 49 95 227 59 106 246 75 238 56 177 208 211 159 85 54 122 139 186 140 28 134 195 205 153 117 37 138 190 214 164 141 168 
101 : 206 164 176 236 91 157 70 208 69 166 171 34 74 95 80 112 55 97 114 181 49 83 149 32 211 152 233 68 196 227 
102 : 244 55 102 122 57 25 107 208 99 120 49 126 171 40 195 42 242 138 91 94 89 192 77 201 38 146 
103 : 65 198 191 246 151 172 93 213 206 47 207 231 205 115 155 175 142 182 75 214 85 50 161 240 197 245 194 91 56 237 180 220 36 40 141 171 225 116 72 145 131 219 66 126 158 98 63 215 162 95 242 138 154 124 45 127 107 203 241 39 79 41 125 229 235 143 146 122 168 
104 : 31 189 126 222 183 144 143 112 125 121 180 245 99 182 187 45 102 162 108 223 138 128 53 169 116 56 140 46 52 168 229 198 228 230 129 216 88 67 
105 : 115 188 56 102 146 210 145 53 119 131 150 234 153 123 40 245 74 170 142 36 183 87 71 96 77 70 242 156 216 189 132 168 25 
106 : 100 49 87 54 26 86 63 77 130 176 96 134 89 223 28 132 185 31 99 33 88 235 155 226 188 180 174 101 213 59 203 103 158 109 157 32 187 74 37 113 224 102 166 147 189 167 198 62 165 162 104 161 30 142 214 126 156 164 225 220 112 148 186 48 40 150 
107 : 56 103 31 211 32 197 125 134 59 241 100 243 147 240 55 117 228 88 163 41 148 46 87 97 74 60 58 50 154 214 215 201 39 54 79 78 64 150 
108 : 26 75 157 152 118 65 206 180 88 135 173 225 29 35 39 174 187 144 155 137 185 46 140 184 81 83 230 192 50 58 120 84 159 222 95 52 191 161 121 221 86 77 213 59 175 193 66 28 60 200 67 87 147 110 92 227 216 242 109 130 64 116 143 115 63 94 91 111 190 139 93 
109 : 31 192 70 220 213 233 169 120 35 190 102 223 106 148 224 149 237 197 173 246 128 89 79 63 217 111 157 247 78 185 201 155 45 100 176 129 81 230 137 58 41 
110 : 71 50 222 31 205 123 136 52 199 240 88 120 117 134 203 74 175 102 26 56 161 209 135 170 118 43 227 103 76 167 151 181 174 101 232 154 85 94 157 183 200 233 156 169 27 79 111 73 78 221 59 98 70 158 198 86 122 33 215 173 28 237 77 114 192 124 172 137 65 97 171 219 235 95 230 109 47 163 201 133 160 207 166 164 210 100 162 214 188 
111 : 45 196 30 50 168 134 27 222 180 70 113 96 194 149 233 147 90 74 95 116 115 108 68 204 176 121 129 92 225 159 187 65 130 235 47 138 240 245 53 236 146 161 136 249 83 78 103 62 60 224 93 123 238 36 118 112 64 29 205 120 157 153 111 59 182 98 109 247 
112 : 85 174 202 32 87 59 53 192 186 214 190 213 69 76 77 163 240 106 183 90 82 89 223 249 182 33 168 161 236 139 178 30 103 162 118 43 101 248 246 50 235 111 193 167 201 68 60 100 81 74 63 189 104 238 187 91 175 196 211 80 138 115 65 38 148 120 222 166 203 46 153 
113 : 150 112 208 116 142 46 35 28 172 77 188 96 114 44 167 103 228 175 64 165 121 48 133 76 236 93 179 202 158 147 69 58 204 135 246 209 203 241 79 220 159 104 170 
114 : 180 223 38 53 149 208 120 56 175 194 90 188 71 203 136 84 79 207 58 169 179 131 170 174 196 162 35 205 139 213 249 125 108 76 29 95 204 48 141 241 47 247 155 41 238 219 27 103 115 245 39 67 147 137 121 61 117 82 89 211 
115 : 224 158 157 123 28 46 199 68 171 56 136 209 155 143 146 172 144 190 57 169 74 67 161 197 43 154 121 132 77 229 196 187 69 79 212 61 236 86 205 195 25 96 227 52 233 141 215 189 168 71 39 203 137 159 178 72 78 147 241 163 100 249 
116 : 207 166 141 193 191 84 154 85 205 81 172 91 64 144 153 113 211 139 173 122 212 49 117 198 128 197 52 121 97 61 123 206 57 222 43 93 167 199 131 148 108 89 28 90 204 190 163 56 110 83 208 87 244 42 188 216 35 145 132 156 180 73 160 218 196 215 27 231 242 236 
117 : 239 122 99 137 87 154 230 208 238 168 221 73 244 192 242 185 190 128 179 101 144 224 53 83 166 70 127 133 75 116 94 79 96 170 217 57 31 80 148 136 106 60 72 125 203 27 40 209 
118 : 80 213 218 138 87 243 106 41 101 141 245 27 83 221 220 56 81 135 118 189 71 78 249 30 192 214 115 104 230 152 
119 : 164 100 151 140 125 93 90 40 147 81 98 246 82 154 91 118 115 75 184 120 178 58 172 76 208 32 162 227 171 213 92 231 124 229 96 54 142 52 230 177 179 47 210 129 41 224 194 244 80 123 119 69 219 238 200 199 169 188 70 161 84 29 247 226 182 26 134 107 203 156 77 163 217 78 108 206 197 117 38 31 168 97 43 
120 : 155 104 208 215 166 121 33 83 189 28 51 180 168 163 97 144 198 222 141 196 125 116 182 80 151 224 140 65 176 71 192 44 109 150 29 73 239 212 77 191 111 96 115 86 183 203 219 72 82 53 117 226 74 227 129 120 54 159 132 139 118 202 98 207 62 241 173 161 154 244 79 
121 : 66 137 128 213 72 161 41 94 223 101 121 37 105 227 60 125 194 99 204 159 31 116 35 190 80 126 151 221 119 32 68 53 149 239 55 168 50 61 70 166 165 132 139 243 62 177 95 136 29 135 106 150 192 120 172 174 188 197 246 210 33 231 211 
122 : 124 246 89 45 243 198 180 142 90 106 204 175 125 60 247 96 100 154 117 123 128 244 152 169 208 92 27 176 104 35 210 87 221 66 107 129 74 159 64 76 75 155 91 139 
123 : 204 238 62 163 203 91 249 174 160 98 229 83 107 60 68 81 140 150 207 95 52 181 29 101 242 122 85 175 37 188 105 78 55 125 142 231 230 124 102 109 141 169 43 209 243 217 70 214 66 220 223 45 241 33 49 25 69 210 146 116 36 200 64 34 191 28 180 76 27 235 
124 : 160 228 50 222 107 247 229 93 183 71 79 237 138 84 111 98 146 236 115 106 175 104 130 174 220 63 168 145 164 133 110 213 51 156 83 66 238 42 150 40 74 206 124 29 233 197 207 25 217 192 54 
125 : 47 70 61 203 98 206 154 132 127 138 196 36 243 84 180 50 165 54 71 162 37 202 133 198 119 62 229 192 139 213 155 85 124 96 80 214 194 103 126 101 108 59 75 112 211 221 220 67 33 240 28 34 128 145 207 233 164 140 169 212 161 144 163 217 177 209 137 235 225 45 130 73 56 191 113 118 68 104 83 201 87 156 193 
126 : 144 80 221 65 79 175 198 58 210 178 137 201 32 141 121 126 31 60 142 150 96 162 106 166 160 215 33 140 57 199 73 228 209 227 225 89 218 147 123 145 125 69 48 194 90 197 238 219 94 187 66 247 131 120 63 109 47 213 40 222 226 245 132 231 177 188 248 56 43 112 161 113 195 203 192 240 67 
127 : 190 200 150 85 80 75 188 169 241 60 107 38 203 205 143 131 97 139 118 103 146 170 109 141 176 154 99 49 245 53 67 214 199 62 90 105 152 32 184 133 182 54 162 138 34 179 181 57 218 160 33 206 94 51 166 70 165 114 111 128 189 147 124 76 71 
128 : 175 179 79 167 117 73 145 191 108 244 70 233 75 115 204 208 228 94 150 28 236 154 29 164 97 180 98 232 138 40 186 84 173 185 143 172 144 52 67 135 189 155 202 178 243 170 103 112 35 130 86 49 134 187 95 88 246 193 125 41 30 27 139 214 34 151 131 227 209 215 83 197 46 157 31 241 169 207 68 69 
129 : 130 70 44 58 161 217 213 248 88 189 153 166 140 142 115 66 233 205 148 60 214 101 144 199 57 136 167 206 151 183 67 158 134 194 84 64 245 231 50 32 133 215 180 90 76 179 221 157 244 203 143 107 190 152 34 240 224 83 69 108 209 
130 : 217 239 32 212 166 210 242 96 101 49 72 177 231 95 47 208 82 79 145 248 202 39 144 98 162 163 117 102 38 235 227 187 167 229 214 218 56 232 139 179 76 240 57 58 34 185 149 69 77 132 141 165 197 200 93 88 174 173 192 90 244 27 
131 : 138 149 108 160 191 127 188 61 153 122 34 32 199 129 168 103 56 121 223 115 158 154 187 91 116 51 41 90 227 136 186 62 214 211 104 215 79 112 42 161 92 183 28 207 133 29 145 35 218 164 249 30 190 185 37 111 233 194 159 169 125 220 212 98 147 74 178 140 238 
132 : 181 80 133 198 199 246 221 206 160 205 186 219 127 43 138 135 56 75 244 35 53 132 36 123 167 148 151 47 95 69 164 106 86 168 31 187 102 85 237 241 70 166 130 50 207 77 136 176 159 141 120 110 229 202 185 245 248 228 122 65 82 222 126 209 74 44 
133 : 98 136 191 76 67 239 61 204 36 232 62 162 236 89 41 80 201 172 220 91 146 43 199 126 113 120 64 203 230 225 154 150 38 190 37 72 140 70 68 
134 : 142 83 181 67 204 36 230 118 110 57 214 167 199 206 174 183 203 225 143 113 97 129 164 150 231 173 72 48 139 132 249 153 84 161 105 241 92 52 80 40 224 90 112 134 248 28 217 154 70 59 77 61 82 86 223 51 170 245 74 210 188 197 215 187 163 227 212 221 93 177 152 
135 : 238 248 83 108 45 160 34 133 81 48 209 125 94 236 129 231 241 69 148 183 56 213 207 174 169 26 117 244 92 119 77 
136 : 145 54 79 94 154 148 76 218 60 192 156 153 169 142 247 158 42 56 68 150 186 209 222 32 93 124 181 172 37 40 202 131 50 95 217 119 164 88 228 104 177 240 166 161 220 196 87 130 64 140 58 141 74 81 189 219 110 35 243 63 112 97 117 66 187 204 242 178 133 223 139 102 122 83 194 39 239 
137 : 83 228 202 176 56 87 170 52 106 36 35 160 113 220 107 239 190 155 128 72 180 66 129 77 96 178 243 156 127 191 166 123 149 165 104 105 185 226 236 161 92 245 121 59 85 221 100 
138 : 231 249 159 59 85 106 27 91 139 53 210 232 70 179 49 150 80 156 196 143 55 168 98 163 100 63 147 44 29 193 192 244 51 48 128 149 87 221 94 217 222 56 54 
139 : 32 103 183 242 27 26 150 151 184 157 88 105 189 221 230 113 45 168 84 85 213 245 78 122 233 159 215 117 119 123 194 100 238 199 180 135 144 181 79 28 40 161 165 210 106 200 96 195 188 81 249 116 167 44 187 236 48 227 130 66 69 109 55 118 126 121 158 74 140 196 201 224 128 209 203 198 147 166 204 58 42 129 97 92 67 
140 : 232 67 159 58 126 66 194 218 152 182 158 170 143 206 75 109 95 93 53 42 56 220 72 40 69 188 85 57 203 162 243 120 240 131 144 105 
141 : 231 188 44 42 67 52 247 96 80 161 187 217 171 33 203 27 57 54 132 201 229 25 65 228 93 106 244 235 123 151 101 120 43 113 38 47 107 49 198 202 195 184 179 204 28 152 222 148 164 169 104 224 134 192 62 36 216 126 249 227 97 
142 : 147 37 116 196 96 133 27 84 218 195 68 134 239 220 26 234 43 174 62 29 207 219 125 212 66 126 244 166 94 228 102 42 229 248 31 108 139 203 188 81 104 191 130 
143 : 218 221 233 155 38 197 43 75 238 180 191 203 133 241 161 48 165 129 42 90 44 63 57 231 59 52 80 53 116 192 153 144 104 114 187 76 194 140 236 212 181 162 137 45 28 93 159 30 89 227 
144 : 53 192 217 84 67 98 87 55 118 70 209 49 64 161 82 101 189 103 125 224 208 225 43 44 40 58 175 157 201 190 199 135 150 191 72 194 141 183 62 241 188 110 233 122 130 94 92 178 86 51 104 133 68 156 75 65 27 31 96 54 117 95 174 63 136 236 148 41 210 132 216 203 168 60 56 179 48 155 57 177 219 105 111 204 
145 : 100 98 189 95 218 166 92 91 137 129 243 116 177 55 81 164 216 197 66 89 106 184 219 169 212 117 124 118 
146 : 211 79 184 102 244 129 55 236 227 29 31 202 148 82 46 133 219 59 53 191 247 28 89 158 173 193 155 124 183 68 130 197 116 226 162 94 246 143 88 150 65 77 42 104 39 98 142 127 179 128 160 241 206 87 74 134 101 168 118 105 
147 : 182 104 235 36 226 238 245 243 136 69 185 164 84 29 168 184 60 110 56 139 170 76 39 249 63 239 
148 : 241 202 246 143 91 205 244 188 51 68 126 98 187 125 211 94 196 135 29 138 224 119 132 69 65 42 184 112 137 210 66 174 114 110 200 99 129 245 58 142 198 235 151 123 178 44 158 227 153 152 243 170 186 75 62 31 81 86 141 45 76 150 97 95 175 204 39 
149 : 99 179 167 141 211 108 138 164 106 52 184 90 155 120 217 100 219 195 173 177 60 129 213 89 210 168 193 118 46 169 222 178 224 183 206 51 245 216 74 244 162 196 249 
150 : 239 192 175 165 117 41 79 111 109 120 197 115 29 125 169 37 46 116 168 182 32 210 152 42 242 142 245 130 241 213 214 103 190 82 225 33 164 65 243 247 223 138 114 112 150 158 78 154 248 157 51 209 61 180 135 93 172 229 218 123 64 87 160 28 184 179 224 203 
151 : 212 177 210 172 228 236 85 201 140 77 45 50 180 35 213 83 195 107 125 37 164 75 53 90 88 168 163 155 43 102 219 166 239 61 181 105 32 73 100 226 196 154 232 200 204 139 202 128 116 36 143 99 178 81 62 25 223 42 184 138 194 214 56 244 144 120 153 209 199 66 230 67 152 151 145 123 197 98 208 238 108 51 114 193 170 86 69 
152 : 27 60 208 147 199 112 69 111 157 115 148 244 183 92 53 132 246 68 182 133 187 231 239 98 241 135 138 230 166 134 223 242 137 129 131 105 224 136 174 102 130 43 56 218 41 54 153 156 212 83 245 172 122 77 95 71 108 116 165 125 139 175 152 221 228 229 74 26 146 88 93 72 81 48 238 
153 : 227 132 241 51 25 190 155 184 65 66 30 46 56 45 212 128 236 217 96 154 232 104 169 101 53 123 43 214 81 141 187 186 84 208 136 143 33 95 191 111 59 100 248 
