0 : 41 223 79 111 192 167 212 114 81 183 225 130 26 70 199 108 95 28 240 100 118 186 124 144 101 139 159 177 198 202 189 104 243 80 137 242 50 36 56 221 152 98 229 138 61 132 37 59 128 233 57 109 90 145 239 214 228 97 195 184 161 116 89 44 126 188 215 206 78 127 40 46 103 53 125 31 67 86 35 58 140 106 208 203 107 48 163 156 43 182 244 211 55 135 216 227 38 92 224 160 180 93 87 200 247 196 209 168 34 54 149 
1 : 79 222 106 240 159 238 39 124 93 234 31 182 53 202 208 103 125 127 185 225 151 213 195 217 44 121 203 168 243 245 37 35 99 51 
2 : 157 110 66 115 99 111 38 77 172 102 164 246 85 232 130 50 189 57 169 131 147 208 231 35 46 93 25 113 213 124 185 126 73 183 217 247 118 39 101 245 174 240 80 150 63 236 116 26 128 244 228 149 45 162 129 182 144 223 138 96 41 166 122 69 34 184 188 203 79 27 224 55 207 82 75 108 248 177 61 132 163 205 120 225 42 47 51 156 220 
3 : 49 154 221 225 70 212 189 195 117 89 205 57 44 121 155 134 165 238 143 180 149 82 63 146 207 215 190 176 198 157 129 48 236 242 113 163 36 206 170 86 45 211 194 166 100 106 31 153 139 94 109 50 120 158 87 123 243 145 127 64 
4 : 216 220 172 139 76 77 122 245 112 209 207 233 132 124 57 137 229 145 37 143 48 49 25 219 50 126 230 222 225 30 96 33 248 199 65 165 247 87 64 201 63 26 151 101 
5 : 170 43 154 59 145 147 116 93 156 244 230 117 148 223 29 57 130 100 214 54 222 25 200 180 39 171 60 247 160 105 66 45 232 51 97 85 192 89 81 144 162 38 217 71 235 102 63 87 
6 : 243 86 95 150 31 36 52 128 162 37 50 142 159 202 67 206 215 221 74 238 126 138 170 182 96 40 54 236 224 217 61 190 
7 : 88 212 48 63 247 170 180 187 207 236 44 109 37 98 30 172 185 66 249 72 32 237 221 129 116 203 105 189 233 123 156 178 184 176 209 92 159 97 218 175 144 225 100 142 82 245 131 52 124 65 117 78 161 79 201 147 33 194 193 190 35 248 169 215 115 224 148 125 51 167 232 40 126 188 62 99 204 
8 : 58 106 85 159 127 31 185 40 170 52 107 228 148 67 164 205 27 248 247 225 224 147 196 210 240 220 161 48 87 65 123 212 230 43 134 80 138 38 195 126 163 88 115 188 110 162 219 193 171 128 141 241 150 183 236 76 96 243 166 131 202 182 209 198 199 98 74 121 197 190 39 97 117 125 218 223 146 149 208 112 
9 : 54 69 199 149 126 45 200 114 88 104 160 58 143 90 184 31 107 229 81 211 237 117 94 36 30 165 195 130 111 196 180 98 74 236 48 116 152 166 51 131 34 234 112 73 129 225 217 226 
10 : 225 219 101 222 202 210 71 176 136 57 105 134 151 224 86 108 183 70 125 220 53 89 84 247 181 245 141 147 193 81 171 58 192 184 140 180 169 40 69 241 54 118 45 143 191 60 
11 : 248 196 123 31 230 166 69 83 35 138 52 91 221 85 159 188 99 139 126 53 220 209 59 45 212 204 26 219 180 153 217 116 130 214 216 
12 : 88 55 162 153 60 234 36 125 143 173 97 93 199 212 96 157 202 183 82 101 232 224 41 133 249 195 95 175 110 
13 : 142 245 136 78 73 154 155 25 117 86 75 61 38 151 167 217 59 101 176 107 53 43 55 88 40 247 202 58 33 143 237 72 161 60 169 205 134 236 45 49 118 114 174 240 203 235 29 233 115 
14 : 177 127 79 198 160 203 244 102 190 55 32 193 225 107 82 90 65 172 129 209 178 164 238 188 175 138 37 144 78 168 126 99 44 39 122 53 147 76 189 148 119 43 157 
15 : 231 57 98 172 100 90 238 230 95 52 200 119 92 105 40 219 146 203 87 235 234 145 128 144 151 170 202 224 237 53 169 141 241 93 212 135 218 89 121 174 171 139 65 32 104 150 227 149 113 66 217 208 210 155 189 225 209 178 102 248 117 191 140 166 48 109 106 179 129 154 165 232 123 58 192 54 204 153 96 125 34 242 185 36 27 94 240 74 28 137 108 215 143 175 
16 : 58 211 187 64 207 130 200 84 124 120 29 117 231 156 202 219 204 153 248 198 172 34 178 67 95 161 225 140 173 108 93 42 180 54 162 28 36 245 91 78 199 31 65 110 232 142 53 55 89 46 88 154 100 52 167 235 150 197 171 243 213 217 76 193 210 129 181 149 222 99 119 163 39 203 87 229 72 175 215 112 201 71 61 238 74 49 105 135 249 40 223 139 214 66 168 144 241 166 
17 : 158 126 169 62 167 144 192 68 216 63 228 99 159 129 207 173 212 156 179 160 128 147 55 40 232 53 119 30 97 166 122 235 45 181 57 71 114 
18 : 35 102 156 220 114 73 98 64 248 219 52 197 28 217 55 176 151 195 243 77 37 33 68 246 63 158 39 25 167 236 235 155 106 128 212 175 75 96 160 185 145 41 178 209 70 43 224 152 58 90 147 218 83 91 84 85 38 132 32 190 200 216 171 237 121 211 138 203 61 82 131 154 53 143 40 191 105 230 180 241 231 107 118 69 157 31 49 210 119 30 45 144 173 129 204 207 146 116 120 133 214 188 225 67 26 198 
19 : 156 233 84 104 45 169 38 212 157 220 236 74 219 175 181 213 223 186 227 53 243 50 101 44 167 29 30 40 75 246 92 141 129 43 188 190 83 39 41 62 197 229 194 61 170 206 130 244 134 204 65 60 102 119 122 66 138 107 108 153 88 95 152 168 91 171 73 172 85 35 120 248 132 137 36 217 
20 : 45 163 129 212 149 143 34 210 138 194 146 223 74 187 108 71 125 168 72 82 234 244 135 37 191 
21 : 205 31 118 181 200 199 59 91 207 204 98 203 146 164 247 74 135 167 150 187 78 115 148 154 156 83 144 153 196 44 29 222 111 232 142 38 223 122 97 112 48 61 109 165 
22 : 150 162 114 128 77 115 57 139 145 177 81 50 166 148 192 140 118 172 122 153 96 60 110 238 132 171 62 74 207 123 242 93 217 223 240 98 69 142 146 163 230 234 39 111 52 116 216 53 202 43 97 112 38 156 152 219 165 169 71 29 185 186 143 191 195 147 55 117 
23 : 127 224 53 81 227 57 193 76 123 125 49 173 175 138 235 39 94 183 111 129 157 102 131 181 186 85 106 55 231 216 219 159 184 72 209 65 178 234 116 113 161 87 223 66 168 229 25 118 84 98 27 171 239 152 137 210 59 141 238 242 191 245 222 196 73 212 167 197 180 165 130 243 52 122 38 218 77 28 241 31 166 202 226 37 29 70 208 213 198 103 233 109 26 237 203 96 41 101 
24 : 70 62 101 130 32 105 102 190 79 146 82 240 244 181 226 128 28 237 171 129 216 220 89 161 122 147 59 125 74 33 31 174 134 119 78 235 201 142 191 85 104 247 175 162 150 243 71 29 106 25 51 68 52 205 
25 : 148 29 74 59 230 196 240 57 145 88 124 43 46 212 249 113 144 202 42 164 137 56 34 158 221 109 236 177 222 228 162 242 116 248 171 175 205 178 193 163 75 223 206 112 27 114 139 123 48 120 47 184 181 244 76 170 219 96 192 185 45 110 208 227 
26 : 125 139 175 247 126 138 45 196 157 124 51 161 151 154 172 78 212 229 237 97 217 92 88 226 77 203 116 58 132 62 114 195 225 244 242 189 234 241 248 131 75 174 192 176 53 205 36 117 182 121 197 102 207 54 66 103 221 64 86 209 216 186 148 46 30 170 187 222 166 105 146 65 108 27 215 173 72 185 167 179 135 128 113 
27 : 112 47 137 98 163 132 31 212 131 143 197 99 37 146 116 248 228 45 55 93 115 128 75 63 150 95 159 153 185 33 52 241 48 114 92 148 238 49 162 184 215 71 222 120 104 106 145 189 56 201 221 183 67 59 78 237 51 165 39 205 134 219 32 246 220 
28 : 71 97 243 121 105 52 55 131 170 159 156 28 158 127 177 141 27 102 87 193 80 191 168 94 188 77 221 216 133 199 39 81 34 145 90 165 38 169 200 183 104 76 109 114 48 211 172 136 134 103 130 205 144 83 
29 : 227 223 60 141 51 100 145 121 242 197 148 119 169 175 136 246 108 142 45 46 147 206 241 173 199 164 183 224 70 56 194 190 47 155 214 134 165 91 27 177 211 84 96 243 133 38 235 63 95 30 131 179 150 33 216 93 103 143 87 59 58 67 68 123 200 53 122 76 205 233 172 198 31 88 187 65 129 48 107 105 61 110 115 41 152 159 39 80 28 225 135 
30 : 49 190 236 234 50 182 163 171 60 31 153 100 146 140 166 76 103 66 27 121 116 184 84 199 180 87 102 104 231 204 78 210 206 135 28 223 238 46 30 79 123 178 205 222 115 63 214 89 173 33 157 99 162 168 139 132 200 192 247 177 213 58 96 94 37 218 52 193 47 93 155 150 239 221 
31 : 150 212 234 172 229 169 236 141 162 180 41 189 66 232 56 80 61 130 28 48 179 89 134 59 27 205 79 156 219 215 186 58 203 235 35 181 214 153 231 226 69 68 99 167 210 248 200 38 207 76 81 220 97 137 125 128 209 206 51 43 159 
32 : 121 79 101 239 40 37 124 69 139 95 145 45 49 157 206 219 151 48 154 166 114 108 146 234 223 156 240 25 169 122 143 212 105 170 50 248 67 138 110 93 172 210 207 55 60 142 51 72 116 104 229 164 204 42 98 205 186 188 92 106 103 144 31 220 155 198 89 117 174 214 181 82 191 209 171 81 208 100 249 195 193 
33 : 198 61 210 150 190 89 79 183 161 81 104 165 42 128 152 64 60 115 243 222 26 197 212 225 219 120 134 116 85 164 215 88 45 202 109 135 98 235 242 62 90 196 155 130 92 
34 : 190 242 239 184 160 55 246 88 85 240 194 181 91 92 82 224 77 205 168 119 90 30 140 37 81 149 170 86 56 189 84 134 52 58 36 49 186 96 243 101 212 99 187 221 125 241 179 71 248 46 180 169 87 206 93 249 103 171 220 133 44 98 226 94 106 59 78 192 238 48 230 64 117 157 156 164 152 128 222 217 69 214 207 245 110 137 25 120 74 218 76 68 236 197 200 80 204 232 
35 : 32 186 196 82 234 238 192 193 125 220 76 188 117 171 243 181 43 75 219 95 216 108 245 31 124 98 233 248 201 38 236 
36 : 223 152 177 157 179 65 51 233 228 167 173 182 218 106 202 135 236 130 39 174 181 91 206 123 155 210 53 61 41 102 186 222 71 146 55 88 217 138 127 134 229 44 32 225 136 33 75 66 178 50 248 140 97 148 76 243 121 47 85 92 212 185 238 104 194 231 
37 : 182 218 65 186 140 62 42 86 82 32 119 68 205 118 97 178 112 49 163 98 132 141 114 74 53 135 33 101 47 78 146 116 45 93 122 241 117 191 197 89 202 209 58 34 151 73 136 142 130 106 150 55 37 155 244 185 137 77 107 127 219 227 211 236 199 102 25 48 222 249 172 104 232 94 235 76 128 177 110 87 60 95 144 39 243 40 69 161 83 
38 : 115 166 98 31 227 65 39 202 224 100 249 54 149 42 142 123 172 102 139 214 211 144 219 46 33 60 208 95 62 162 140 80 113 63 104 28 199 110 135 81 99 141 226 169 237 165 128 192 148 58 
39 : 184 130 146 141 171 147 100 41 199 212 98 111 189 106 149 243 28 78 215 229 207 104 132 110 164 26 123 70 89 155 53 183 210 40 61 
40 : 105 153 119 81 130 236 132 111 199 33 43 37 214 245 47 96 190 116 180 141 110 45 247 78 223 85 193 142 196 221 106 82 59 135 166 69 248 215 84 80 91 191 79 226 133 56 86 210 203 139 31 186 227 184 194 206 249 102 131 228 174 55 122 149 29 237 185 211 176 148 74 178 77 222 36 76 65 108 118 34 177 35 138 175 233 216 90 173 73 172 98 241 134 154 
41 : 102 39 112 143 98 153 188 105 26 119 229 159 62 124 237 175 171 63 214 89 228 118 83 122 211 74 76 80 189 155 147 196 169 161 69 207 38 242 37 130 170 70 154 107 234 146 125 243 129 52 166 128 247 31 233 183 47 121 116 95 68 165 59 156 65 100 127 53 205 29 81 84 60 140 49 113 41 142 172 176 96 215 221 
42 : 43 170 133 95 235 156 72 49 205 144 94 51 137 107 106 89 76 84 127 220 73 153 39 87 116 197 134 117 243 85 
43 : 157 42 164 238 237 44 120 186 206 56 247 130 240 159 220 70 187 105 128 63 181 27 121 229 126 205 195 223 191 233 197 92 43 28 38 69 32 107 31 65 148 176 141 154 
44 : 68 66 72 91 170 176 110 96 90 189 182 156 184 31 145 67 235 113 224 148 218 205 222 133 166 98 231 143 121 174 85 34 236 76 42 185 100 247 238 139 177 56 55 92 30 130 206 178 138 59 57 117 54 151 75 109 45 183 82 230 93 152 214 234 140 118 111 179 194 
45 : 232 113 61 162 153 240 167 212 155 225 165 90 160 158 170 119 205 80 63 35 55 134 138 100 36 182 210 104 204 128 246 60 112 173 215 150 227 146 171 206 
46 : 242 158 203 81 247 28 154 140 164 183 229 231 118 243 194 209 188 94 104 176 74 124 189 156 211 48 108 146 210 213 50 179 56 77 182 39 170 137 208 148 31 155 236 54 139 52 233 44 133 144 102 222 165 87 238 34 226 237 161 105 101 55 217 60 36 43 126 98 110 162 172 85 26 80 66 177 223 219 62 90 
47 : 232 102 48 131 192 245 78 119 199 217 104 227 116 129 186 141 113 94 247 109 148 198 111 203 52 219 184 201 239 152 166 154 121 139 114 84 173 162 233 89 47 165 187 91 46 82 
48 : 224 72 191 148 128 85 205 67 168 149 247 167 204 34 202 156 32 119 132 201 188 195 194 159 84 206 241 100 104 63 200 69 169 196 54 240 178 164 143 160 77 175 65 163 103 221 27 118 52 216 182 43 60 91 146 218 190 137 94 64 140 227 233 106 245 88 30 172 215 75 228 225 49 81 76 70 122 174 158 108 127 25 124 183 120 192 123 207 111 31 126 79 212 180 113 193 166 244 26 
49 : 35 105 45 70 98 224 51 248 25 164 193 57 65 71 204 53 69 27 162 155 202 112 89 171 198 96 55 189 207 107 152 120 136 83 154 128 43 179 119 33 93 49 26 121 110 68 38 195 149 116 134 44 50 244 249 92 238 223 127 
50 : 228 130 81 27 159 179 198 126 110 28 89 106 85 57 156 36 114 187 196 122 93 88 78 67 47 50 46 218 66 152 184 150 183 41 38 44 
51 : 168 42 88 209 191 45 41 117 200 151 29 232 234 62 175 186 143 116 193 156 174 95 224 138 135 89 244 112 171 195 130 142 243 133 108 100 61 28 139 170 177 228 99 85 37 131 72 48 36 93 176 30 134 198 190 115 248 94 86 38 35 229 80 222 46 74 235 71 147 59 123 66 181 237 107 199 113 246 221 126 64 91 178 239 132 220 148 241 169 201 56 58 84 73 163 
52 : 148 141 164 86 223 109 184 34 180 237 246 72 26 222 36 88 111 186 38 162 211 71 125 126 177 176 182 119 249 120 
53 : 144 41 57 26 121 191 161 73 119 99 51 181 75 145 218 163 55 95 32 100 200 155 42 78 153 133 101 40 221 63 29 35 97 156 126 229 39 49 242 111 34 72 86 217 80 193 206 66 230 197 225 71 152 79 59 104 140 243 172 235 149 219 44 215 88 91 226 154 204 53 85 166 143 210 227 237 50 201 236 94 195 245 
54 : 83 30 201 85 98 144 100 36 204 152 140 58 27 131 150 79 91 232 237 52 207 39 74 241 40 190 181 51 208 48 158 165 171 155 64 141 174 125 126 239 247 38 97 177 115 160 238 185 92 203 148 94 130 233 122 86 60 159 118 228 145 129 242 244 189 45 220 236 56 71 194 93 235 154 179 70 66 240 143 127 137 63 151 111 161 
55 : 121 236 117 68 153 217 221 81 223 93 59 177 99 110 97 38 91 148 92 210 56 89 107 27 226 57 248 122 191 155 212 215 48 144 109 206 214 77 219 169 67 195 58 106 98 33 139 225 207 114 199 197 162 230 216 146 159 40 32 37 189 242 128 193 135 44 186 126 26 51 154 101 88 127 157 96 131 53 119 203 82 239 103 113 143 161 115 204 237 31 224 198 86 133 29 141 247 79 158 145 76 160 149 78 209 174 108 188 185 
56 : 138 149 200 32 41 188 182 158 142 183 31 185 60 162 233 105 246 30 95 191 206 59 102 97 186 61 240 119 141 235 128 167 140 234 70 76 225 166 65 71 133 194 216 145 63 165 190 242 232 78 201 42 176 109 218 156 39 107 244 228 132 100 29 79 243 152 48 80 131 126 49 153 211 144 171 96 46 44 236 34 89 67 143 103 37 163 195 28 129 215 193 192 136 122 43 53 209 35 58 217 172 57 199 82 224 50 85 197 27 
57 : 78 134 85 82 180 179 185 121 154 106 239 58 111 44 99 75 142 100 238 89 86 184 38 26 232 45 213 231 73 125 94 53 50 52 169 171 80 102 72 28 123 119 98 66 39 83 205 186 71 65 240 223 127 126 206 183 64 181 203 244 128 33 51 36 192 131 55 67 168 81 43 96 199 
58 : 164 52 124 237 95 60 158 28 236 192 116 186 75 67 61 53 239 120 247 215 89 134 162 190 51 62 197 112 84 56 224 207 160 246 82 57 40 139 68 132 151 36 140 97 148 98 80 77 33 193 104 109 200 182 27 238 29 159 125 221 191 55 184 123 72 131 163 66 143 194 202 229 83 183 81 233 235 58 48 248 64 178 154 199 212 35 79 105 30 141 102 187 93 242 243 117 167 31 114 205 245 54 171 146 177 119 73 226 195 244 108 231 
59 : 91 182 135 219 129 105 71 179 126 146 84 29 171 37 194 186 145 170 165 206 131 242 228 248 77 178 175 180 174 121 215 26 59 58 210 249 216 207 43 151 83 161 199 230 127 115 42 35 159 192 217 204 32 140 152 173 130 44 162 232 198 142 221 98 128 169 201 137 191 57 196 102 160 205 212 181 225 48 25 80 117 213 82 70 108 183 134 95 88 92 149 176 241 53 223 168 33 97 36 138 68 235 184 49 240 
60 : 158 39 239 192 99 73 131 74 68 184 194 180 231 191 93 120 30 166 204 150 197 129 48 29 77 176 182 221 243 91 76 217 159 245 67 124 136 171 26 40 241 244 181 178 236 102 69 135 139 
61 : 171 166 128 179 193 159 242 244 231 26 188 234 46 89 124 69 186 103 138 198 207 203 25 27 111 173 247 149 142 208 190 176 85 35 243 34 135 170 59 164 74 87 133 56 121 211 222 37 
62 : 248 210 140 38 136 172 122 106 193 201 204 137 229 198 200 217 187 213 33 203 231 39 167 66 219 150 181 126 113 144 116 163 148 155 176 35 78 125 239 202 194 118 129 170 133 51 196 62 100 236 138 241 30 67 85 27 105 165 86 244 221 109 185 199 83 225 37 95 208 123 166 46 88 130 75 175 188 237 73 60 93 146 92 119 61 230 156 139 45 91 169 232 191 47 34 56 209 218 246 69 41 40 82 43 205 54 26 44 142 72 
63 : 132 187 36 124 72 80 73 117 112 126 136 222 107 30 141 101 33 71 56 52 108 193 227 159 172 202 240 204 237 29 59 78 208 137 75 118 168 122 169 53 38 177 191 210 46 175 99 156 148 221 192 230 95 174 45 
64 : 189 151 104 137 178 214 46 235 173 239 204 164 134 185 57 34 149 175 98 218 159 73 110 240 220 100 200 96 44 36 120 145 29 180 128 194 79 106 188 163 142 158 74 45 54 153 187 247 31 190 91 32 60 70 63 92 94 75 30 208 109 150 242 225 199 170 231 132 123 238 141 87 168 193 52 138 72 212 113 127 157 241 210 26 179 129 112 71 182 156 56 198 174 162 81 49 209 35 80 249 
65 : 151 66 155 43 138 109 63 199 97 183 94 131 164 32 227 193 211 92 237 54 142 153 61 212 234 82 232 233 135 147 93 236 27 33 112 242 143 175 241 30 122 230 235 172 71 133 45 229 57 77 248 62 125 85 169 156 67 26 157 209 101 195 247 196 88 107 181 220 192 100 96 47 207 126 64 99 73 95 187 34 174 239 113 218 244 38 56 116 98 104 87 36 52 139 149 123 224 204 90 184 130 51 188 127 78 
66 : 39 63 145 193 133 58 68 188 235 140 226 224 176 196 104 178 209 90 121 125 109 160 129 103 172 79 139 231 213 89 249 119 70 221 61 105 98 174 232 248 233 216 45 108 153 158 41 157 81 115 62 96 
67 : 79 103 43 184 143 208 222 34 178 92 174 230 247 199 46 84 69 77 122 216 203 192 153 150 60 31 94 90 189 33 106 125 139 145 185 30 221 149 129 127 39 225 28 229 29 168 245 171 68 226 26 212 214 91 107 169 36 25 195 134 154 52 
68 : 168 91 232 49 118 249 218 59 62 46 86 241 55 196 109 195 193 244 213 85 108 128 161 104 169 229 94 50 84 142 119 180 235 95 208 66 223 28 191 140 90 72 110 177 112 204 39 174 194 211 88 182 184 212 215 133 33 158 65 238 87 170 178 93 79 75 221 136 246 220 156 74 164 222 207 115 132 214 78 245 69 58 224 114 233 35 124 29 44 206 129 47 48 219 210 145 
69 : 194 156 215 205 54 169 71 120 239 59 223 25 48 237 124 127 75 207 83 238 227 165 37 164 41 175 208 113 115 167 63 46 143 43 117 138 28 96 140 128 130 176 178 77 74 110 88 121 174 153 101 98 132 40 241 179 182 231 29 119 246 104 186 160 61 67 123 89 65 73 84 45 187 91 226 245 145 38 185 188 210 148 183 202 51 232 224 212 53 154 90 50 62 133 97 58 56 249 116 162 199 108 137 221 64 197 158 193 
70 : 89 194 144 169 207 110 50 134 86 113 132 212 227 148 166 139 205 223 32 191 206 165 218 75 233 151 175 213 115 34 122 188 128 127 45 198 129 57 82 118 105 88 220 200 67 240 47 25 94 116 146 125 141 181 178 193 202 56 81 225 80 164 184 78 138 185 108 217 98 119 84 249 195 183 60 137 232 54 46 97 209 123 74 114 112 79 69 201 99 
71 : 175 71 181 157 142 96 88 114 146 45 47 215 106 228 64 240 113 139 48 98 191 53 25 30 249 214 40 166 37 200 158 116 141 107 118 129 153 171 227 201 125 134 82 196 73 232 164 44 28 46 26 178 131 105 38 97 189 239 84 27 133 108 151 152 149 247 159 61 226 34 70 101 192 90 195 156 246 49 244 177 242 43 193 144 91 55 112 243 235 148 102 54 174 124 57 221 68 241 198 184 
72 : 147 247 95 219 130 234 118 32 29 215 70 53 126 237 131 151 74 174 43 42 241 56 168 133 239 41 116 78 57 119 236 96 169 245 159 80 134 223 79 152 166 35 54 196 199 150 112 205 163 120 191 61 117 161 171 104 50 156 222 182 207 106 90 135 92 27 186 97 160 173 30 48 208 246 141 221 93 67 124 190 244 178 
73 : 98 43 229 181 132 220 101 27 206 149 194 89 37 168 153 106 35 90 189 105 96 125 115 238 186 41 69 30 172 200 126 112 176 59 95 191 165 84 235 93 224 164 49 174 114 150 184 152 222 61 190 183 247 177 138 170 203 188 
74 : 222 158 149 40 63 61 147 25 141 57 130 128 238 67 243 180 199 82 210 214 148 132 248 87 234 38 191 125 229 249 190 75 51 94 83 122 220 217 85 117 187 96 28 58 93 182 89 144 203 41 36 159 246 45 100 152 80 198 204 121 200 112 91 196 162 213 172 240 242 65 46 129 35 221 32 168 157 113 184 103 192 106 151 120 92 55 52 175 126 209 
75 : 51 41 76 31 150 141 63 187 126 144 47 153 137 196 84 44 248 228 45 53 236 36 176 214 142 50 46 25 169 27 121 181 156 116 139 95 59 69 197 205 122 180 148 
76 : 231 53 43 54 79 103 241 122 107 80 95 123 141 45 83 203 193 179 135 236 246 78 104 167 84 156 174 154 133 249 177 151 
77 : 226 188 113 234 44 138 203 69 115 173 62 111 148 81 29 35 103 183 241 56 66 175 85 179 38 105 84 52 149 95 216 87 208 165 60 220 169 68 200 124 231 129 228 112 
78 : 42 115 163 159 234 170 213 117 34 189 139 179 150 222 104 229 233 32 122 176 165 192 74 58 63 46 175 50 203 86 91 40 102 241 198 36 183 61 196 33 93 45 245 227 72 149 232 151 173 199 29 248 146 205 171 89 43 158 81 69 174 54 141 191 27 84 79 143 48 138 
79 : 73 39 48 237 109 203 31 159 226 200 102 230 138 212 171 204 239 246 147 120 180 105 215 136 89 238 183 196 53 177 107 247 235 65 70 27 208 75 193 201 127 125 219 228 51 184 37 86 221 217 130 233 41 57 72 155 182 154 146 113 55 229 82 151 242 209 32 78 202 45 66 80 71 91 148 118 191 156 162 
80 : 107 151 155 239 246 47 63 208 147 61 121 205 149 189 26 167 227 221 128 114 119 142 120 25 54 207 215 37 236 194 56 177 93 158 43 219 176 185 137 190 144 225 201 112 98 33 58 242 229 78 206 101 172 216 79 
81 : 228 92 122 87 72 98 33 159 63 29 83 69 224 148 134 240 181 48 183 221 97 155 246 57 73 165 132 101 113 197 175 234 167 75 223 220 200 218 35 153 179 136 85 67 143 133 174 232 90 187 178 94 145 142 124 78 102 184 147 70 212 202 163 157 114 25 80 208 99 198 230 110 
82 : 243 244 86 205 149 104 62 85 231 99 97 39 115 56 191 47 125 106 133 206 57 246 168 179 241 165 59 139 167 37 75 229 209 77 154 199 155 236 147 61 161 68 239 119 221 87 185 129 235 226 201 112 162 111 118 200 245 152 238 153 214 249 173 73 158 29 95 45 107 176 124 174 247 60 96 109 164 33 34 65 49 159 79 30 120 105 163 230 183 131 72 84 132 143 157 101 42 140 207 55 204 146 210 217 52 242 203 63 212 28 31 198 94 
83 : 220 240 211 136 236 158 142 97 128 81 201 33 209 219 224 26 174 34 235 141 30 242 241 101 126 103 151 248 58 135 171 121 182 206 195 139 131 204 99 164 188 168 167 147 96 225 69 38 113 186 122 143 125 194 48 31 83 193 181 90 111 137 57 102 98 217 72 191 114 140 51 243 112 234 190 155 178 183 210 130 152 150 67 64 216 245 165 177 205 238 109 246 203 232 86 162 87 88 39 160 119 73 47 78 172 202 70 50 237 124 197 49 157 145 
84 : 54 115 87 203 221 169 39 219 191 206 135 237 185 26 61 148 45 198 65 162 122 128 123 104 208 72 52 170 194 139 146 60 247 220 67 165 105 68 129 28 230 189 244 40 196 190 186 149 177 144 226 91 243 182 50 86 188 114 222 163 204 95 108 174 127 96 197 120 41 58 200 
85 : 164 87 230 223 177 188 76 37 88 44 148 61 52 216 199 167 207 150 35 239 146 106 42 162 180 80 174 217 
86 : 52 97 235 150 90 60 148 138 226 75 113 64 222 128 54 67 141 62 220 241 172 171 65 188 25 161 223 142 156 198 145 123 116 121 144 81 71 163 249 27 139 176 35 233 107 57 180 155 181 248 175 238 215 221 183 117 122 192 
87 : 209 227 231 149 206 130 131 42 156 98 36 165 213 242 93 249 196 166 58 225 190 91 92 212 137 146 47 187 128 111 40 247 239 189 53 119 62 181 82 52 109 54 201 223 95 32 210 158 102 159 117 
88 : 158 160 105 107 100 187 144 242 142 94 45 58 248 180 198 72 244 201 196 140 228 88 197 34 194 96 151 206 186 185 152 76 214 172 87 
89 : 175 108 222 179 109 105 237 239 63 75 69 74 141 178 230 226 56 143 181 33 71 158 153 207 67 213 112 116 115 204 203 244 245 229 168 202 132 121 242 233 78 208 133 199 145 241 214 188 35 219 130 201 37 144 182 159 65 124 171 93 206 218 184 111 220 107 53 81 131 198 98 44 88 73 106 152 101 151 240 161 79 90 166 249 193 189 72 89 248 85 117 32 209 57 41 221 156 83 140 66 172 125 167 177 216 40 157 142 38 25 31 236 30 59 246 42 
90 : 127 213 37 79 74 70 119 168 236 35 47 202 144 182 145 154 196 208 217 29 166 133 164 95 141 50 189 105 130 215 63 171 136 90 49 146 104 232 51 174 233 125 246 85 173 161 190 71 41 238 58 134 230 160 69 244 157 195 216 122 34 129 176 117 114 155 212 205 65 210 60 169 231 206 132 94 112 53 184 242 68 102 235 83 86 64 80 142 187 227 61 55 222 239 110 128 28 111 126 193 30 39 162 149 73 45 
91 : 181 162 144 28 34 76 110 91 150 217 87 36 41 218 47 219 135 139 103 98 201 146 44 197 164 233 239 82 196 132 241 57 213 204 45 210 94 104 33 208 27 199 71 42 198 157 152 163 50 234 192 84 237 187 138 137 122 112 160 
92 : 128 125 112 209 218 237 84 191 189 53 96 239 193 225 236 52 60 153 203 120 61 244 76 229 206 89 35 
93 : 225 84 196 100 204 217 90 59 134 155 209 146 120 191 219 161 69 126 50 164 63 88 115 153 195 233 124 244 35 193 138 73 165 173 101 179 183 143 166 116 185 65 107 125 140 199 221 176 32 102 247 87 142 129 169 64 201 26 72 175 182 74 159 200 149 222 154 194 171 180 37 178 218 67 28 123 105 47 45 240 148 
94 : 151 245 95 216 93 185 215 192 114 40 30 113 52 63 187 105 160 126 89 208 116 141 76 189 244 86 204 
95 : 124 187 90 105 152 143 67 62 193 243 76 63 160 210 173 51 128 122 97 92 197 204 78 137 142 83 100 49 157 69 245 133 149 188 172 221 233 129 
96 : 107 247 240 214 199 92 37 217 68 163 209 149 148 154 187 103 178 59 219 161 180 108 213 113 197 81 227 165 90 139 152 69 224 62 176 215 58 183 226 159 73 171 201 236 50 65 96 64 164 160 40 179 194 78 234 188 195 124 110 162 48 36 91 34 46 170 235 70 38 115 150 35 145 76 204 141 237 246 181 202 200 238 56 63 190 244 31 122 95 104 193 80 167 218 97 127 186 230 166 243 118 133 146 198 101 210 41 142 208 100 228 174 71 157 245 203 66 
97 : 224 232 53 155 86 243 50 67 242 177 233 152 171 206 247 73 45 128 141 100 139 164 178 236 51 48 35 138 241 72 218 214 46 79 156 41 25 118 112 28 113 122 212 166 104 62 69 198 31 191 237 150 176 195 160 101 146 102 38 80 151 82 179 216 97 174 
98 : 62 235 165 49 112 118 135 242 245 228 130 114 233 31 238 177 246 34 210 134 57 95 206 47 159 123 50 239 154 156 111 193 201 222 240 86 137 113 140 227 68 180 153 
99 : 199 43 244 176 234 102 25 156 227 223 162 201 225 48 62 187 50 249 239 147 137 51 208 75 114 54 40 125 95 213 89 166 84 246 35 247 32 217 
100 : 82 105 65 182 67 247 211 110 102 214 190 72 210 203 196 66 221 249 108 170 89 109 158 230 209 95 197 154 227 75 200 165 233 177 159 134 50 183 169 193 157 245 148 201 64 122 91 195 152 139 149 142 128 176 147 129 175 98 42 162 187 83 26 31 48 155 186 234 
101 : 84 164 141 75 52 131 135 243 119 147 71 218 249 223 161 159 195 137 142 81 210 59 205 182 235 160 242 221 224 34 106 99 83 245 214 241 54 91 76 196 163 188 158 101 31 133 217 191 85 38 79 127 118 155 74 58 96 190 143 92 40 136 204 228 65 206 157 80 222 145 227 125 64 193 110 100 97 124 152 215 169 67 239 45 202 130 
102 : 226 147 28 69 163 78 75 159 236 62 57 81 105 174 177 96 217 216 185 211 249 144 39 52 219 158 235 182 168 214 210 130 63 41 244 208 107 233 231 32 171 98 189 101 153 245 213 183 202 128 25 224 54 84 116 156 79 60 102 197 241 221 129 90 155 117 194 133 45 152 215 192 109 237 112 68 35 61 85 80 166 181 186 167 160 66 223 238 234 67 200 31 87 149 93 227 178 92 108 175 91 141 36 
103 : 79 157 96 51 162 94 136 133 127 57 115 153 168 27 193 44 93 207 90 143 125 138 123 91 61 146 25 66 212 92 64 53 238 132 220 130 237 159 95 167 200 108 74 135 88 180 156 248 30 222 230 183 48 217 116 187 240 81 188 42 150 201 226 109 161 239 77 197 195 219 80 178 97 199 31 231 213 59 105 148 70 58 68 229 158 121 228 202 120 236 189 203 43 86 54 62 85 118 
104 : 151 223 225 149 208 192 85 246 90 83 52 239 92 44 180 216 217 101 153 89 173 100 224 139 193 178 70 199 196 168 82 243 143 247 161 114 158 59 204 187 188 229 176 51 135 189 108 63 80 233 238 107 198 33 47 206 125 237 78 166 81 142 116 124 210 138 93 96 183 57 197 169 28 61 111 215 170 162 154 209 127 181 134 104 30 122 32 195 71 234 190 145 220 60 150 74 174 69 66 48 160 131 182 184 49 26 106 165 55 37 200 
105 : 60 187 237 87 68 147 33 138 126 215 194 160 180 130 77 193 157 195 41 69 181 232 216 123 74 236 167 83 30 38 67 117 200 59 107 224 190 40 212 44 112 154 37 201 31 204 
106 : 121 241 114 238 75 195 77 228 72 156 174 231 162 245 94 239 153 206 199 56 65 159 69 112 217 50 236 233 219 190 172 35 103 126 146 188 237 73 203 113 235 208 101 98 147 78 210 196 243 83 194 124 205 155 61 169 95 136 104 45 142 170 184 175 230 213 216 127 171 109 152 93 85 120 207 52 148 211 193 38 110 234 248 182 151 99 41 232 82 71 249 44 96 202 140 164 119 130 165 180 131 25 
107 : 147 94 219 117 164 204 125 95 182 195 59 46 171 99 25 62 232 108 224 186 49 180 74 246 58 159 143 214 130 174 29 54 52 64 28 158 133 135 166 75 212 243 126 226 175 177 245 35 178 111 155 86 40 129 156 141 101 193 165 136 170 93 45 92 173 32 152 84 124 163 208 60 51 39 91 127 90 149 81 221 115 36 191 122 200 79 162 
108 : 174 171 128 47 234 141 209 182 226 63 201 164 237 221 91 241 159 203 160 121 66 168 242 136 103 167 61 249 173 196 133 69 194 107 30 222 210 131 106 99 151 220 35 38 29 149 212 238 95 148 64 163 207 82 
109 : 113 204 59 133 232 187 116 78 44 244 61 166 140 103 31 237 65 211 47 80 85 176 170 66 109 229 89 83 180 129 71 75 197 198 56 151 178 163 127 177 145 72 148 174 144 45 138 38 132 152 241 223 243 106 123 117 158 67 153 68 222 189 101 30 225 233 57 246 39 69 42 183 134 125 234 33 136 185 184 46 99 186 175 102 90 27 235 218 216 121 58 239 164 
110 : 244 108 200 202 163 88 110 230 48 238 97 175 221 229 128 183 138 164 75 125 117 158 203 27 176 85 145 184 213 60 91 217 33 242 84 83 41 136 58 45 139 135 149 71 118 153 87 219 105 114 55 81 64 190 197 195 131 89 142 98 199 234 74 167 206 52 154 42 214 25 34 69 78 151 223 44 231 179 112 160 243 121 29 30 67 103 26 224 181 82 123 99 205 137 32 76 77 51 38 211 109 173 115 96 46 101 90 237 
111 : 128 159 222 163 48 212 94 140 176 168 107 205 110 62 99 121 220 41 249 162 103 83 138 185 95 65 125 127 37 116 206 227 202 141 81 191 173 79 215 178 230 122 211 196 106 142 117 112 80 85 247 53 42 90 51 74 184 
112 : 209 70 90 180 136 165 246 54 28 91 142 197 232 81 156 55 193 177 99 46 101 57 205 25 157 49 41 31 172 212 56 163 82 240 135 75 107 89 238 100 68 106 141 166 76 176 84 43 159 168 178 64 123 148 111 
113 : 192 46 133 172 98 60 232 102 42 127 131 91 116 66 225 208 78 236 226 139 104 152 199 62 111 79 218 80 135 164 207 110 130 181 209 183 229 48 149 109 27 
114 : 195 225 77 155 95 244 62 238 132 116 55 144 129 224 89 196 52 242 70 30 164 102 64 190 136 247 50 176 167 206 243 236 227 205 201 222 209 106 234 193 107 135 231 197 147 42 130 141 91 49 92 51 174 127 157 74 108 241 168 199 230 29 185 56 237 83 165 47 46 137 172 213 139 57 187 122 166 249 36 159 212 
115 : 159 61 205 163 123 64 45 217 185 239 164 245 95 65 240 107 208 172 88 62 202 232 222 234 66 198 196 100 105 27 153 93 204 92 98 182 91 157 246 73 134 76 150 180 116 155 221 129 143 114 209 60 112 223 154 131 133 138 147 89 53 77 233 68 135 106 179 63 136 52 200 168 127 83 166 169 121 244 152 109 49 174 242 124 82 50 30 
116 : 148 211 126 218 149 144 213 117 76 240 104 128 50 176 137 26 40 229 131 231 147 222 192 102 55 79 238 87 155 127 120 67 183 77 97 146 207 216 169 167 63 83 114 89 143 181 49 60 158 139 122 166 86 159 80 39 239 170 64 195 113 112 36 56 110 
117 : 44 84 51 65 244 62 156 82 164 92 155 83 240 191 245 30 167 67 210 165 236 59 31 29 243 163 118 77 40 103 54 115 137 239 91 81 108 120 232 189 233 106 73 224 222 230 185 129 58 26 142 97 227 
118 : 173 41 214 51 101 248 128 28 144 207 158 33 143 245 102 77 93 42 25 31 75 34 239 180 184 242 183 112 89 229 221 68 219 30 72 249 159 205 138 63 80 29 215 135 125 169 236 74 137 206 64 97 85 192 79 166 164 58 203 162 47 43 69 110 208 170 38 81 46 134 165 194 204 156 132 83 115 37 213 100 55 96 198 193 40 32 222 243 202 176 216 146 226 71 94 231 116 199 124 178 217 179 88 
119 : 95 74 91 129 61 211 210 92 245 156 143 229 124 155 41 54 216 194 223 70 126 238 125 30 135 52 249 197 230 83 104 76 233 47 225 33 175 159 198 62 88 142 171 96 
120 : 85 201 66 55 199 144 230 155 213 50 95 118 35 72 46 173 156 41 62 40 102 169 241 57 108 180 130 51 26 229 131 162 43 61 142 112 94 103 126 222 32 154 96 206 
121 : 61 49 128 197 118 222 188 80 206 232 97 148 224 234 116 40 91 69 208 77 52 28 158 126 122 211 85 185 109 131 137 62 164 108 177 183 88 207 112 119 171 114 93 245 144 92 166 27 212 157 
122 : 61 153 233 48 107 109 169 70 164 63 159 245 213 76 119 123 90 52 37 104 161 220 88 147 148 97 98 230 40 65 139 244 
123 : 216 213 106 193 128 101 143 54 43 126 91 198 173 105 154 236 223 46 56 29 202 112 180 83 207 59 119 226 118 164 100 230 139 69 140 146 231 241 208 206 50 38 45 31 191 76 203 120 74 79 63 238 141 152 78 159 116 147 240 77 183 197 176 102 186 89 44 98 94 51 247 212 93 124 135 87 243 211 218 117 224 
124 : 195 64 29 201 108 194 173 65 45 61 145 114 69 129 57 199 118 28 171 56 68 86 158 170 211 191 154 130 160 91 53 93 227 210 127 113 119 124 74 242 123 44 73 98 206 176 174 144 198 41 202 190 126 125 181 132 151 217 60 133 67 218 140 196 225 43 148 66 
125 : 91 67 233 64 79 29 46 138 196 179 133 42 167 85 129 210 73 194 200 47 136 117 78 155 188 195 218 113 237 219 236 65 239 189 109 135 173 137 227 228 186 
126 : 93 155 154 108 131 128 170 129 167 37 135 95 121 89 204 98 31 150 195 216 96 49 54 203 168 138 163 164 231 243 187 39 244 188 123 144 97 136 82 198 104 79 38 241 213 35 234 236 215 41 118 55 143 60 106 230 77 146 84 211 228 148 229 111 91 247 103 153 116 119 40 218 63 172 58 73 42 245 222 29 100 185 147 105 192 
127 : 68 153 217 159 216 122 29 245 232 127 180 114 81 181 222 110 124 197 113 215 233 129 242 133 219 85 207 25 69 112 160 60 158 191 125 166 40 39 142 73 228 74 239 205 131 96 169 168 33 63 111 147 213 136 236 139 227 106 137 70 27 145 146 55 105 115 224 171 132 167 71 121 76 79 246 241 
128 : 89 243 83 110 51 163 61 174 133 214 58 199 201 210 84 76 179 63 234 219 145 74 147 123 128 165 217 134 178 99 86 211 218 75 208 204 46 159 105 67 161 64 184 228 244 119 60 53 149 148 232 224 42 229 195 207 115 116 127 
129 : 102 219 141 62 239 47 194 245 66 127 116 117 28 108 76 63 69 25 64 187 26 80 212 211 195 50 198 175 91 70 128 53 181 85 119 29 88 54 44 93 241 205 179 150 227 115 49 186 131 56 55 144 61 233 216 96 156 234 58 162 35 238 178 
130 : 222 204 248 72 118 218 227 185 35 191 121 96 148 241 102 173 232 242 208 36 215 79 239 214 166 40 106 87 192 186 216 28 210 74 49 80 212 225 61 138 
131 : 239 101 113 230 50 119 190 69 130 235 96 147 135 86 83 132 236 32 208 71 191 60 171 228 245 233 154 174 123 56 63 88 192 75 149 74 92 124 131 108 155 67 194 129 90 182 142 157 223 175 91 196 162 197 121 120 185 237 158 215 70 122 136 82 240 178 195 243 33 247 214 179 134 201 45 103 59 40 87 159 153 72 
132 : 154 152 125 165 55 136 157 170 139 245 164 142 181 119 127 71 215 43 113 196 218 188 158 172 120 62 33 194 223 97 70 100 105 216 135 137 98 229 133 161 114 232 99 224 243 29 160 210 211 201 189 68 247 204 42 209 41 50 202 169 207 87 74 162 66 179 59 182 156 102 81 249 144 84 195 191 57 124 219 63 199 64 106 130 225 203 96 121 180 85 134 148 187 122 101 132 116 94 88 67 77 159 79 118 
133 : 179 238 136 151 33 78 163 63 246 149 120 195 200 233 90 248 144 94 133 127 62 42 153 142 52 245 128 41 109 71 235 39 70 49 134 75 201 54 190 220 154 116 152 242 95 225 192 124 83 217 88 37 167 244 82 121 123 162 84 53 214 58 43 178 38 227 243 
134 : 96 235 223 154 152 160 165 206 205 54 43 247 49 123 151 189 80 230 121 61 104 52 53 72 67 146 113 177 246 56 94 33 185 70 245 228 133 188 81 241 215 28 69 145 220 129 161 244 168 194 231 87 238 240 208 183 115 92 119 124 57 30 38 109 137 60 218 29 214 36 
135 : 77 126 141 183 91 39 249 205 142 166 44 135 60 37 144 105 31 158 202 45 98 111 220 55 174 186 212 187 129 26 146 236 136 125 244 246 161 
136 : 121 189 125 65 168 41 33 198 114 209 236 77 30 34 158 117 141 120 62 53 71 174 243 116 199 203 165 44 108 84 103 29 124 152 235 94 145 118 28 186 131 205 196 85 133 240 221 161 110 239 100 139 132 227 50 164 78 138 38 166 47 107 
137 : 159 149 187 200 55 87 130 127 238 83 103 37 171 66 249 51 29 101 147 224 48 222 50 204 133 69 43 188 153 240 155 186 146 62 239 53 105 96 91 25 142 219 193 221 170 95 68 236 126 79 223 38 59 163 244 207 111 93 
138 : 30 111 169 181 114 85 178 144 165 45 81 222 216 86 196 104 200 218 199 93 54 136 161 107 32 64 40 120 183 105 180 48 128 131 158 124 138 150 123 115 25 243 237 194 66 113 229 76 193 121 140 26 227 201 
139 : 67 97 87 79 193 169 138 90 52 174 199 42 64 65 237 119 248 242 173 121 92 103 243 144 218 146 110 131 211 177 102 81 190 96 109 200 115 101 163 141 235 165 54 73 129 63 188 162 71 208 75 77 216 184 197 178 124 112 35 179 223 106 244 134 40 68 60 62 
140 : 191 172 96 106 146 102 80 169 90 153 193 54 133 183 151 141 76 120 222 213 103 105 236 240 67 160 60 25 196 112 49 62 230 45 214 135 241 
141 : 192 122 240 188 53 89 228 246 136 147 199 66 117 80 185 171 40 82 231 37 108 70 155 194 200 54 234 146 138 174 140 98 25 244 124 128 46 74 65 36 93 164 100 166 99 95 68 114 77 105 213 167 226 67 76 162 180 61 50 210 96 143 110 153 196 178 135 38 
142 : 149 243 242 65 118 49 153 234 136 145 102 212 100 72 84 231 82 40 134 246 198 79 29 157 112 36 26 
143 : 43 190 195 170 54 172 160 206 239 145 44 168 209 210 163 212 85 57 235 122 184 140 187 232 133 154 
144 : 175 161 115 41 249 207 214 39 107 223 212 228 60 246 230 221 103 100 185 194 143 74 206 142 51 119 94 222 225 47 162 73 190 220 77 159 187 136 132 102 166 157 164 35 75 153 36 147 83 
145 : 96 131 127 49 45 136 114 191 203 26 95 236 39 239 196 71 58 97 164 57 159 126 108 173 188 93 248 172 82 145 247 100 245 130 59 112 225 103 78 90 143 37 55 179 174 84 212 98 31 75 178 111 105 40 29 181 209 219 27 165 140 153 77 25 109 157 56 199 68 46 135 107 177 102 182 139 36 34 35 185 125 158 231 132 115 79 133 123 38 
146 : 143 231 113 169 86 233 61 63 74 222 55 64 180 114 112 199 190 153 46 194 197 150 76 129 134 239 35 45 77 100 81 32 139 115 201 210 176 215 116 191 130 34 213 84 211 228 166 54 37 196 121 75 242 214 106 59 83 157 163 167 218 238 171 33 168 122 36 144 142 133 127 234 51 158 97 109 70 
147 : 210 38 211 42 215 35 147 66 33 72 141 232 127 197 47 139 29 53 123 102 168 71 195 95 238 40 82 133 93 142 184 196 136 137 189 161 46 52 209 41 155 51 239 31 70 201 221 188 34 114 169 229 104 220 117 43 178 217 216 37 237 45 36 222 192 67 73 135 199 81 148 224 193 191 170 175 208 158 131 202 56 87 109 243 
148 : 194 119 58 86 196 135 245 214 246 64 143 124 243 213 108 88 174 183 136 236 73 132 145 206 111 202 91 166 186 41 198 244 43 155 178 38 204 94 205 
149 : 136 209 155 66 140 50 154 74 248 153 119 228 82 118 129 181 240 226 48 137 184 168 205 241 171 130 180 29 116 203 
150 : 211 33 183 234 49 249 129 112 104 225 130 200 175 152 71 60 93 118 41 231 142 80 74 107 188 187 160 116 91 63 148 208 65 229 156 179 35 153 165 90 48 82 114 243 180 139 68 34 39 177 158 221 120 108 73 133 132 101 31 115 45 241 43 186 202 103 30 224 246 26 226 220 135 203 178 51 127 212 72 27 205 204 119 149 85 248 57 70 40 181 102 236 109 228 162 78 121 124 88 213 143 184 98 223 215 32 190 58 76 
151 : 219 227 77 161 107 102 121 249 199 172 56 52 155 189 148 118 29 95 222 209 214 180 240 145 176 147 195 181 49 133 115 36 217 156 33 105 238 207 225 134 226 174 31 177 43 80 78 103 62 236 106 104 221 79 83 175 138 229 74 211 140 32 
152 : 198 172 47 50 124 84 187 134 152 109 132 185 71 248 44 192 113 220 217 60 144 117 212 83 209 233 97 55 112 49 232 110 120 116 179 235 197 190 188 228 80 27 105 180 236 189 43 246 164 147 237 249 176 82 133 108 31 238 56 
153 : 141 168 204 225 242 217 211 42 197 151 126 96 230 92 104 46 240 40 68 38 115 187 236 28 174 120 153 169 165 200 203 228 195 129 53 62 166 105 201 164 222 60 32 94 210 25 245 30 177 116 88 49 70 226 64 139 213 95 160 146 82 100 192 110 155 119 83 148 63 182 133 55 185 221 218 121 214 215 
154 : 97 81 108 220 121 124 174 91 234 92 185 210 32 219 80 189 98 207 86 228 203 114 111 192 139 199 120 130 96 45 118 148 78 181 225 190 233 231 103 43 178 239 123 230 163 122 216 75 76 59 57 110 119 65 89 40 168 35 248 166 104 33 112 237 242 31 171 68 209 161 72 125 42 109 37 172 93 
155 : 59 32 117 127 183 193 200 230 54 220 188 106 219 107 207 205 101 55 102 195 209 146 135 45 35 104 65 
156 : 104 174 53 233 106 101 120 136 63 153 182 38 170 54 205 160 105 236 68 109 245 80 175 193 157 200 95 93 206 219 31 42 124 231 148 162 73 155 237 171 121 92 57 140 41 176 84 223 56 133 216 145 116 28 111 108 67 202 184 226 37 178 230 138 232 
