0 : 198 151 221 213 206 212 216 149 219 84 64 202 228 58 89 104 105 205 133 39 178 199 72 96 176 109 154 26 44 160 183 249 42 112 113 186 
1 : 151 26 159 56 74 72 52 86 77 236 242 42 111 95 186 235 115 31 89 194 233 218 103 75 85 93 136 145 141 176 204 202 230 82 210 61 91 112 147 246 154 227 53 28 207 51 
2 : 184 59 141 231 165 86 236 229 181 201 218 131 113 122 93 112 44 29 198 180 243 240 119 134 136 246 62 43 64 186 88 65 30 82 95 222 151 130 125 209 182 208 168 189 214 247 41 233 129 
3 : 193 134 167 89 108 248 70 86 83 244 133 121 141 35 213 241 109 221 103 212 203 37 88 73 113 207 223 243 74 156 82 102 206 67 104 177 184 72 
4 : 175 169 244 199 218 46 225 209 78 152 132 89 61 125 213 141 142 190 69 108 53 30 59 240 221 176 247 40 117 80 246 238 167 151 34 241 133 48 243 217 118 124 84 96 41 119 66 106 248 197 33 39 211 178 134 65 149 200 63 198 214 182 121 139 112 45 212 157 127 184 235 116 49 229 72 194 171 90 172 187 205 126 79 155 180 179 94 88 181 195 55 165 
5 : 130 25 170 91 70 154 230 41 237 169 208 123 95 206 46 243 132 73 122 120 102 161 43 131 106 166 
6 : 174 86 26 97 173 34 235 79 122 190 205 240 147 128 135 90 52 160 187 51 195 73 242 62 201 27 58 53 153 136 226 249 60 66 118 112 101 150 48 121 218 231 215 133 25 129 203 167 192 91 109 171 126 228 219 134 222 74 168 67 239 216 89 56 132 137 127 244 31 64 140 119 57 237 45 87 40 
7 : 162 229 29 224 32 153 57 234 63 199 178 193 114 108 91 55 132 86 152 185 188 165 103 62 64 97 89 83 246 61 176 41 196 231 242 216 149 134 51 127 241 
8 : 58 135 118 227 51 105 202 115 166 69 189 143 36 161 210 167 226 185 67 134 137 127 218 86 236 46 64 160 145 33 106 38 224 122 163 63 110 72 144 149 138 159 246 188 27 181 237 60 235 43 230 62 172 93 91 40 234 125 196 123 205 204 216 151 240 174 183 213 156 177 35 55 201 206 245 152 148 168 77 
9 : 87 141 214 168 93 245 246 110 84 90 121 217 82 64 183 244 79 123 146 174 31 201 46 218 144 62 248 171 39 52 211 
10 : 200 105 224 82 238 109 160 150 186 237 223 118 218 128 182 130 137 149 55 67 198 92 141 245 50 84 41 99 177 90 165 43 243 216 87 155 147 211 33 189 144 163 91 29 75 242 175 27 193 164 183 
11 : 205 177 157 224 65 98 239 139 130 86 230 235 158 94 199 106 31 186 249 226 195 128 194 153 112 225 124 55 49 179 222 93 193 219 190 126 71 197 80 104 181 164 83 45 228 33 166 234 155 79 89 97 37 69 52 
12 : 128 237 45 95 217 82 34 69 48 67 78 241 249 56 153 199 31 168 142 108 138 149 192 134 68 184 76 216 114 190 162 165 120 86 60 66 151 230 160 44 157 93 87 126 83 75 100 88 33 228 244 40 
13 : 171 95 145 85 196 130 239 64 144 141 181 46 153 57 191 227 37 53 186 235 161 210 142 47 65 107 104 128 87 35 212 231 123 108 137 201 66 244 51 58 32 106 203 150 100 27 63 241 55 101 81 248 122 80 143 50 110 132 180 184 102 202 
14 : 51 206 174 37 169 166 215 95 26 122 186 29 184 133 119 126 207 65 183 224 45 140 44 71 171 39 156 113 160 218 85 239 249 73 241 92 164 49 63 96 230 179 157 35 48 78 138 46 219 32 221 72 101 118 110 74 108 173 165 245 128 238 220 163 209 
15 : 205 62 101 203 105 127 217 100 124 168 248 108 222 73 130 126 196 170 59 242 45 245 38 70 32 141 200 51 177 158 188 72 116 53 89 43 207 159 136 87 39 118 154 83 206 61 157 41 107 202 25 225 167 230 172 50 145 180 27 155 156 184 216 138 179 153 67 192 239 129 
16 : 221 80 208 58 219 54 203 74 45 162 182 225 76 128 31 206 137 37 207 150 64 129 223 25 35 154 167 114 197 201 71 194 239 29 184 55 149 143 186 73 111 126 229 227 107 40 211 104 113 120 216 109 228 242 138 62 77 47 32 121 163 68 156 
17 : 246 219 178 136 151 192 159 140 231 27 134 226 217 99 29 182 66 71 203 57 39 82 167 153 143 68 185 73 114 95 146 97 
18 : 185 174 68 31 57 149 125 199 78 208 70 205 183 133 212 162 97 40 154 83 188 237 146 58 93 163 191 55 245 129 50 84 44 145 179 215 25 225 218 92 139 249 45 180 247 
19 : 90 65 197 43 148 212 84 167 64 101 59 63 74 91 155 32 219 164 76 150 130 56 80 215 139 57 249 242 246 222 28 37 202 121 228 206 244 75 204 236 122 81 203 102 224 62 146 26 35 112 184 156 47 108 141 60 113 153 235 179 226 142 107 79 93 240 168 232 97 117 104 99 144 213 120 30 125 105 187 58 161 198 237 61 114 157 178 162 243 163 186 171 41 127 73 111 
20 : 200 174 182 160 133 198 207 121 194 166 244 216 223 47 88 111 144 137 176 102 213 149 129 201 246 141 203 87 199 172 80 204 214 73 222 105 107 90 101 159 64 63 89 41 228 178 163 192 110 241 221 82 103 229 173 150 196 175 132 153 120 212 240 46 131 
21 : 151 218 149 238 174 113 38 189 161 78 58 26 95 159 129 222 136 228 50 134 57 249 216 191 242 84 102 145 243 147 115 194 221 181 146 167 217 35 32 99 97 214 125 72 34 36 56 44 166 143 109 87 231 240 37 25 120 232 65 158 186 234 192 182 111 212 236 124 96 137 41 91 169 144 100 155 27 171 208 163 30 227 28 213 180 118 160 
22 : 30 211 233 203 234 49 56 81 67 59 190 210 243 152 112 109 72 245 71 127 33 179 123 65 47 91 92 228 159 172 35 216 151 197 25 98 84 115 29 43 185 161 249 103 180 134 122 63 126 141 175 129 76 140 113 105 230 221 232 31 207 139 147 188 247 95 39 
23 : 51 31 71 52 228 125 206 137 232 131 40 183 63 84 235 103 74 158 29 144 222 153 104 231 179 122 184 47 68 50 246 61 220 109 135 128 94 148 190 81 168 99 211 38 200 219 91 140 223 98 207 174 88 213 203 157 191 46 147 96 165 129 
24 : 199 229 152 163 194 120 202 148 165 158 155 231 92 183 113 210 27 38 146 86 122 95 213 217 147 30 90 
25 : 168 201 72 147 117 145 196 108 114 182 51 188 220 44 62 185 39 142 159 157 84 172 40 139 74 105 242 53 80 217 52 103 94 90 167 41 79 166 177 120 171 59 104 48 49 50 121 207 34 131 191 163 230 58 235 32 149 194 85 199 186 86 54 26 248 128 179 236 225 215 228 69 43 
26 : 133 233 202 51 146 150 151 237 104 46 128 27 216 149 177 99 187 95 79 144 110 96 43 141 198 153 215 185 38 111 57 165 68 196 168 234 164 78 181 137 244 75 193 81 175 140 118 139 121 66 238 188 201 192 115 70 199 105 62 212 100 138 189 157 
27 : 70 206 138 119 116 94 61 71 196 185 58 191 60 208 90 221 158 215 219 249 213 47 106 245 157 122 59 166 154 112 131 77 73 212 238 41 201 125 182 229 153 30 244 45 167 143 44 100 200 87 51 165 183 240 126 86 114 101 120 237 216 231 170 164 135 89 151 57 56 141 35 163 179 69 147 
28 : 46 173 160 106 51 128 155 107 57 101 118 199 219 40 212 140 181 247 202 112 120 99 94 66 168 25 206 80 32 42 147 238 152 97 191 229 205 162 95 234 194 227 61 88 201 82 
29 : 47 153 244 217 105 103 94 226 29 173 121 165 204 100 31 67 186 73 159 231 62 168 83 214 246 119 197 78 57 35 76 140 167 50 198 233 194 49 104 143 234 127 241 43 156 170 113 71 147 215 70 229 227 152 124 102 203 37 58 99 123 210 109 93 205 
30 : 132 244 229 122 90 62 143 94 84 32 67 227 123 135 247 208 65 88 179 194 73 136 29 221 171 59 129 89 196 92 207 197 110 203 245 215 188 235 222 157 168 45 163 165 138 69 166 199 115 35 114 240 109 106 28 201 120 243 
31 : 65 75 132 152 235 196 195 173 204 94 40 101 144 74 52 99 241 159 137 82 229 164 199 64 112 131 234 239 160 162 56 184 53 177 86 125 36 93 110 91 77 117 92 103 180 221 100 227 161 168 245 242 62 179 102 225 128 211 
32 : 27 178 52 142 156 70 179 26 100 112 101 202 185 211 168 197 56 117 181 157 73 107 54 106 175 221 216 154 113 191 132 94 25 234 58 145 208 150 144 167 75 74 174 42 128 
33 : 175 53 107 211 77 56 217 106 112 48 46 152 155 220 138 42 161 89 154 50 192 125 132 126 159 118 237 162 146 29 47 181 179 143 105 113 201 98 188 68 142 
34 : 90 97 103 32 213 52 74 194 159 146 31 150 118 80 168 91 163 35 164 112 180 237 172 77 192 161 184 215 221 199 245 238 101 165 197 242 93 174 211 25 179 96 60 26 249 239 33 94 61 240 209 218 67 46 116 69 
35 : 151 173 113 143 75 31 127 97 60 168 207 117 38 131 217 104 136 72 89 109 248 41 179 36 141 123 133 32 
36 : 63 113 129 155 54 170 28 71 245 109 186 233 134 160 128 106 111 161 215 98 132 208 247 79 192 92 244 193 89 148 145 124 214 194 231 67 198 34 119 25 143 171 213 240 51 122 175 66 227 30 226 230 144 218 221 207 166 135 95 130 100 31 204 68 131 164 105 49 173 47 165 108 46 110 153 163 125 87 167 162 219 222 197 201 149 
37 : 162 169 38 142 121 106 122 41 158 249 159 163 98 135 79 139 102 218 150 153 188 75 109 209 26 70 64 171 229 29 35 144 138 77 85 113 124 82 133 172 108 134 87 211 191 72 115 136 227 83 195 210 176 184 45 223 126 205 192 235 248 55 90 57 50 238 91 208 63 199 48 110 146 152 165 147 130 
38 : 69 52 171 182 200 84 241 195 187 108 235 48 81 39 155 57 94 137 210 192 36 63 170 144 74 234 129 25 178 222 238 172 130 71 180 125 51 102 38 164 197 179 237 202 152 75 119 47 249 43 106 149 114 151 26 73 100 184 85 166 111 62 220 139 153 133 181 162 44 148 98 110 233 193 96 126 168 177 190 201 128 173 99 204 104 
39 : 199 37 161 55 218 41 166 85 88 239 50 91 133 205 26 230 108 217 122 243 123 184 151 130 101 31 139 238 44 129 245 61 34 100 206 160 54 221 192 82 114 47 186 147 102 172 68 202 38 35 220 63 62 138 237 125 71 27 173 136 
40 : 167 157 76 182 197 204 27 78 200 61 71 149 242 164 165 31 125 207 114 189 136 98 154 181 148 50 44 25 239 117 237 140 58 162 224 45 168 62 249 180 184 199 247 186 84 244 89 115 195 243 222 215 194 32 99 156 47 68 216 158 
41 : 222 68 176 190 29 85 111 30 204 215 180 118 225 239 119 46 47 151 96 201 104 200 179 143 58 89 120 59 146 175 158 199 94 161 177 156 75 160 33 159 206 123 117 234 207 182 144 196 83 99 192 166 66 173 90 189 174 205 69 101 149 213 62 194 131 63 162 73 198 186 230 129 140 102 109 172 221 95 27 25 71 167 142 72 122 48 
42 : 59 156 111 146 172 148 131 167 45 162 173 171 79 56 177 115 142 153 226 49 28 197 51 53 77 117 207 70 108 58 125 181 89 83 215 41 239 40 214 112 60 99 136 69 48 92 231 25 109 87 147 138 85 218 200 46 96 213 175 44 121 42 106 33 102 81 205 139 157 90 122 37 118 104 
43 : 154 165 123 43 35 133 127 201 113 150 229 60 46 70 66 242 62 115 68 193 97 169 90 100 27 172 219 237 132 181 214 190 166 141 213 29 59 158 102 81 230 220 30 151 145 236 94 175 189 249 137 208 202 37 129 131 185 
44 : 27 91 96 161 143 70 230 115 85 122 212 64 120 128 190 121 145 66 231 80 218 194 29 28 163 192 170 103 99 39 112 71 174 247 55 185 116 65 106 198 244 180 60 214 159 167 87 148 204 108 177 181 118 169 150 119 68 144 238 162 104 208 102 61 225 164 245 228 140 213 82 224 56 175 158 183 188 155 191 195 216 138 25 47 149 78 
45 : 91 30 102 202 183 176 77 43 122 126 233 242 42 131 38 105 219 59 73 123 114 79 148 137 90 47 96 205 167 54 155 103 94 74 26 146 199 136 221 25 187 65 170 63 213 57 46 192 174 106 195 186 150 164 229 99 84 109 112 173 204 104 55 111 141 28 36 178 207 153 232 60 234 
46 : 107 143 96 103 138 181 185 125 26 243 104 116 54 176 151 28 129 171 73 110 174 235 141 121 51 45 155 114 47 67 31 40 183 29 191 177 206 74 113 213 175 36 39 179 164 200 124 149 197 117 167 192 132 70 118 207 128 66 195 130 60 145 86 184 91 99 49 146 222 238 157 
47 : 42 212 194 178 63 191 237 246 98 55 81 249 80 207 218 190 209 128 65 145 171 110 148 232 162 137 222 219 43 126 198 184 234 180 99 172 229 46 156 28 79 61 143 101 169 163 192 193 176 124 185 109 116 118 66 26 153 49 243 125 146 201 188 89 130 242 152 179 67 157 160 72 187 106 31 70 224 44 151 40 205 230 213 83 247 223 139 48 97 
48 : 41 171 195 142 226 101 237 184 84 105 187 95 50 239 135 35 133 79 141 190 235 199 63 157 205 212 144 65 75 77 150 246 58 140 39 126 207 196 178 158 145 69 
49 : 51 148 146 208 165 70 158 195 89 124 239 137 164 169 40 130 52 188 85 176 163 132 111 110 217 120 26 97 33 142 53 174 41 134 83 96 77 207 113 210 233 182 59 203 226 167 30 126 117 84 67 94 106 112 28 180 116 218 121 60 214 145 95 178 43 175 
50 : 74 174 247 119 239 58 108 168 214 84 137 196 109 185 148 233 35 71 133 85 176 33 92 187 36 40 99 165 50 51 66 228 249 207 82 195 170 192 231 111 202 32 173 83 243 45 188 160 87 142 57 98 125 38 248 200 204 67 175 203 70 157 
51 : 128 107 174 38 221 244 105 98 116 188 52 157 79 67 169 224 29 104 120 99 133 202 140 213 78 183 63 57 189 199 42 110 43 220 200 165 71 60 148 65 159 93 185 178 90 51 62 187 249 168 201 218 80 238 88 124 86 96 153 191 72 119 64 118 84 231 103 163 237 236 
52 : 46 100 166 244 41 200 59 131 32 147 90 119 172 39 242 89 112 205 64 239 140 227 60 192 156 162 58 211 44 186 27 143 101 79 181 125 30 164 243 134 230 141 217 99 206 212 54 75 45 36 81 83 197 116 55 174 214 26 207 128 71 142 145 130 129 124 97 115 194 85 51 
53 : 165 87 98 147 202 30 78 116 187 91 39 46 140 148 44 131 160 228 129 164 37 67 27 111 126 153 119 115 35 152 183 243 103 179 59 110 198 108 118 222 177 223 214 86 155 77 193 36 105 205 242 130 194 113 135 168 186 249 163 70 216 112 215 54 174 185 236 95 225 166 229 56 230 178 25 141 208 203 43 159 57 72 83 55 210 32 181 231 65 162 127 241 220 104 154 201 
54 : 146 118 36 191 148 201 113 115 189 84 141 83 137 179 227 130 49 82 188 240 157 135 56 73 28 158 62 192 245 127 239 88 63 91 98 161 229 195 238 151 186 26 233 220 35 61 209 165 210 80 126 60 145 139 205 76 167 231 99 32 38 78 222 175 207 182 123 53 52 34 71 102 242 228 72 178 198 163 180 86 55 51 168 246 
55 : 45 237 211 71 144 189 130 179 93 185 30 52 122 62 216 168 131 223 163 82 234 183 244 79 141 88 67 184 214 188 243 236 172 173 109 48 248 104 156 155 190 178 49 186 148 59 61 227 174 231 238 60 27 
56 : 66 156 48 199 88 247 62 138 85 70 86 226 64 94 174 230 180 118 154 101 61 190 234 59 237 242 116 97 121 236 
57 : 85 120 220 97 133 72 90 157 130 178 153 102 98 74 180 187 228 44 29 101 116 230 95 218 136 86 92 203 129 216 41 38 76 106 145 135 91 210 54 115 148 142 131 211 33 242 196 137 207 78 64 81 49 37 73 69 227 42 25 60 111 167 52 119 146 244 127 104 243 163 222 182 217 172 39 209 246 190 223 
58 : 193 49 37 45 179 99 123 81 209 127 165 137 114 232 240 173 143 59 191 101 80 205 30 50 189 90 208 54 84 163 248 247 213 39 43 38 235 222 31 201 195 58 109 194 203 136 245 94 243 132 228 110 135 204 55 166 168 65 249 175 36 117 218 160 210 26 149 93 57 139 242 141 95 112 158 133 104 214 72 100 241 126 196 236 130 34 229 
59 : 242 80 229 118 91 122 139 38 234 220 225 113 182 161 90 112 127 93 240 64 34 224 164 110 132 39 116 30 223 211 108 152 185 73 216 168 135 194 58 70 145 212 183 247 202 180 94 72 204 31 37 133 167 236 142 83 226 222 43 
60 : 216 51 123 57 41 130 202 46 38 168 116 34 27 234 33 61 162 68 105 223 226 247 185 101 224 52 141 219 53 28 98 152 199 180 84 58 167 144 
61 : 55 108 93 101 109 187 196 96 104 249 70 205 47 229 43 146 185 94 148 133 48 131 112 38 226 234 172 105 88 203 248 191 127 218 26 34 181 121 140 222 202 44 182 76 227 97 126 223 74 111 60 62 143 242 91 224 244 150 37 
62 : 118 37 38 79 149 42 134 224 190 218 43 189 138 178 73 28 187 46 99 202 61 236 90 48 132 44 201 198 25 166 169 122 232 234 107 173 110 219 245 112 49 142 88 229 154 27 143 230 51 150 207 
63 : 32 185 102 59 67 103 170 89 41 233 119 210 169 181 144 54 208 52 179 36 116 47 184 109 206 219 75 96 115 31 57 61 190 232 49 42 161 145 143 247 226 215 76 122 118 93 214 146 121 241 228 27 167 130 204 230 227 90 134 242 78 33 221 187 
64 : 77 210 54 215 35 28 52 227 155 241 37 226 184 49 219 197 73 229 133 212 88 144 112 68 41 66 95 149 117 132 67 242 189 225 213 92 198 131 121 233 190 98 47 110 56 90 206 172 211 170 97 156 119 163 138 116 214 221 141 231 160 82 173 235 55 151 38 
65 : 208 186 187 95 27 173 224 53 133 97 163 230 56 44 100 233 202 85 148 26 221 211 96 139 176 
66 : 189 242 197 38 162 77 115 219 80 171 69 40 88 214 143 113 50 140 83 58 208 75 239 201 202 212 127 160 188 213 
67 : 237 100 197 88 59 207 105 75 39 203 198 186 191 124 216 35 121 195 182 226 40 32 111 29 27 107 172 112 142 56 28 163 98 86 242 117 97 146 181 159 139 133 30 48 212 192 57 55 187 225 201 215 131 234 247 120 243 141 96 129 122 211 113 115 47 74 54 188 150 
68 : 124 203 172 57 110 151 190 93 240 121 44 114 226 171 37 196 109 84 95 48 208 85 170 127 237 113 195 130 158 139 129 50 123 159 39 207 174 220 209 152 189 67 231 146 115 135 202 94 141 217 157 149 155 31 92 192 212 201 99 145 140 68 58 120 64 249 148 210 230 206 232 79 241 26 245 60 183 225 229 222 
69 : 246 61 181 94 85 77 150 230 153 44 64 171 127 132 146 221 95 34 178 195 227 152 76 58 135 92 163 108 248 55 39 223 226 215 52 206 83 213 204 214 134 233 165 30 47 142 82 112 106 193 207 62 239 
70 : 82 222 211 81 185 150 140 53 235 50 93 114 63 232 244 247 132 45 198 156 143 48 85 158 146 99 129 55 47 166 51 72 76 
71 : 108 241 25 221 107 236 171 38 163 219 231 216 138 72 39 130 135 119 151 206 224 202 133 239 68 249 79 199 192 172 246 91 197 228 65 98 180 146 167 179 132 
72 : 157 228 186 153 38 86 127 71 94 58 190 222 212 48 215 113 176 131 107 84 76 47 63 181 204 151 226 162 115 220 219 217 133 175 185 164 168 135 104 230 55 60 116 160 
73 : 182 220 240 199 203 116 51 86 83 141 88 52 142 60 165 245 150 137 173 139 124 135 118 201 156 193 168 154 196 81 27 244 46 179 114 226 42 186 223 119 202 127 189 98 89 76 246 155 234 61 69 216 108 55 62 90 59 217 35 183 160 194 152 105 91 53 161 134 214 230 192 138 227 50 236 143 190 176 195 237 79 175 174 219 
74 : 180 226 205 202 149 33 158 248 45 34 184 212 193 224 78 27 157 39 216 142 72 86 90 179 32 155 167 204 140 36 118 161 134 51 68 96 150 218 169 206 81 49 213 105 112 37 60 75 83 73 79 52 128 141 197 61 151 153 200 231 50 244 114 194 71 97 25 242 56 132 190 136 210 138 172 119 85 192 62 209 129 240 165 154 47 
75 : 160 67 107 174 203 122 78 198 206 102 149 210 129 147 27 103 146 211 100 46 155 142 156 54 91 81 157 121 221 61 235 247 86 200 231 209 50 138 246 145 167 97 140 151 110 123 193 37 43 99 225 92 125 45 25 214 137 33 113 
76 : 148 184 55 108 158 185 171 156 59 177 114 81 225 246 164 232 77 233 113 33 50 210 92 149 141 38 48 42 248 95 86 82 96 94 181 244 162 238 163 57 153 71 70 161 78 61 123 220 227 120 201 180 126 60 89 193 154 39 170 111 51 129 179 117 128 66 85 
77 : 182 139 46 54 244 85 129 64 50 223 150 51 155 206 220 42 130 177 69 57 68 25 61 196 104 159 95 125 158 63 153 70 169 162 198 30 248 211 74 43 72 163 175 195 58 197 143 84 174 214 199 37 81 116 222 232 242 219 103 203 215 145 33 193 94 156 194 27 122 87 66 114 202 136 75 89 238 102 62 112 240 131 228 
78 : 129 116 168 223 73 94 34 99 157 95 96 119 71 218 26 221 142 204 158 230 144 122 39 88 161 213 241 33 128 183 235 210 211 169 45 114 92 219 244 149 234 127 197 123 82 111 75 36 165 124 66 205 137 248 107 243 214 209 176 224 148 42 86 32 177 48 89 242 143 76 72 54 112 30 41 31 151 184 120 38 226 180 191 146 195 139 70 61 25 188 83 
79 : 143 244 55 227 28 242 235 100 27 183 31 162 108 72 109 105 193 107 171 121 130 203 101 127 151 173 217 134 82 215 185 248 220 36 187 97 46 63 103 180 89 167 194 95 141 181 119 182 113 80 207 199 94 190 88 
80 : 44 225 124 158 219 209 140 176 41 102 73 110 156 151 183 104 211 76 107 168 178 84 185 52 157 138 121 129 172 
81 : 62 240 149 43 175 161 222 157 118 69 89 243 47 67 177 32 145 244 70 214 81 68 130 108 163 228 58 206 80 202 132 93 125 188 155 90 117 173 120 224 232 46 226 209 178 100 137 152 26 219 167 217 150 234 106 213 101 215 27 247 168 242 98 131 74 223 142 51 
82 : 63 95 176 46 223 132 110 27 49 220 114 177 44 101 131 185 50 236 246 35 142 37 115 181 36 40 48 217 224 52 120 137 140 156 215 29 202 39 59 70 53 225 43 104 175 25 166 82 200 28 94 199 107 222 51 97 136 237 242 174 81 207 139 79 144 130 33 112 194 31 60 83 218 197 128 55 198 
83 : 47 241 163 54 191 27 74 159 112 102 215 139 227 72 65 200 216 89 249 181 63 55 36 232 135 146 239 152 182 184 187 136 154 138 155 80 46 29 196 35 90 170 92 157 75 213 204 49 79 53 234 50 
84 : 72 235 128 64 104 149 135 153 248 173 85 40 131 197 141 29 209 198 224 134 103 115 117 142 241 89 219 111 220 96 25 32 86 172 113 170 158 211 126 165 185 218 236 65 80 35 79 133 106 122 125 99 228 67 156 171 240 87 176 210 232 69 227 199 136 107 163 187 155 76 77 118 30 26 42 105 229 222 234 36 91 184 239 92 58 181 201 100 45 194 59 177 
85 : 113 66 93 42 170 101 75 135 236 132 202 131 49 169 197 109 224 41 63 234 214 34 215 68 243 26 51 151 163 38 220 112 57 207 225 87 206 235 47 88 171 186 108 242 124 111 187 208 
86 : 210 125 206 85 241 218 222 140 130 72 167 87 185 127 64 121 162 221 71 107 90 161 200 58 141 84 44 249 149 93 163 230 78 228 62 224 92 70 240 150 142 57 42 51 219 233 74 
87 : 117 88 228 130 210 249 183 65 132 57 214 188 66 58 207 190 38 29 177 93 170 78 200 99 52 127 124 82 33 232 141 47 48 247 118 100 209 116 83 46 219 39 53 185 97 54 166 133 119 37 107 
88 : 249 167 232 179 89 113 168 60 108 67 88 164 238 161 68 84 64 34 54 185 184 135 120 125 61 50 63 162 27 130 103 47 118 146 30 199 33 109 193 43 41 51 183 237 128 121 31 175 225 142 147 83 49 96 234 211 197 65 216 98 191 37 177 119 178 233 101 174 81 124 140 77 156 240 56 112 
89 : 121 70 88 36 230 241 51 97 243 154 152 180 104 52 196 194 28 207 109 218 113 219 161 102 200 135 84 167 233 185 44 47 85 171 94 81 242 162 181 89 213 53 220 55 199 175 43 208 238 126 192 191 182 80 240 77 90 110 101 227 39 
90 : 127 188 135 157 168 101 140 169 41 63 81 192 33 208 120 74 72 199 193 202 145 129 47 46 179 112 158 116 229 134 95 207 216 167 93 175 118 61 30 138 238 152 49 177 221 218 88 103 241 198 227 128 83 54 105 55 107 85 170 226 36 91 224 176 139 27 53 43 161 182 26 174 100 86 173 185 37 155 220 215 
91 : 115 236 58 55 167 72 60 118 156 76 107 90 180 162 94 63 31 92 227 148 223 108 240 59 100 43 104 77 183 73 210 245 237 235 218 103 225 71 122 144 86 85 123 68 87 46 
92 : 43 143 226 126 145 103 207 230 26 141 174 199 57 183 165 58 37 46 112 36 194 153 244 41 50 33 178 220 147 242 203 102 106 109 158 27 156 159 123 25 39 72 98 107 217 177 34 77 235 245 100 128 237 78 182 227 150 108 68 49 241 60 31 222 64 54 204 188 200 94 134 113 70 63 224 140 65 243 225 248 211 
93 : 111 228 82 245 222 149 36 168 216 92 224 104 42 29 31 201 95 188 165 223 65 33 193 84 48 75 54 43 213 126 148 210 214 61 248 190 78 51 55 79 125 235 116 176 153 86 154 182 229 202 172 133 64 89 132 46 83 160 240 207 234 52 144 230 204 122 137 206 72 175 81 134 47 164 159 192 231 249 109 30 25 27 63 35 131 155 80 166 237 184 118 156 191 147 93 215 
94 : 34 228 123 202 86 216 80 50 242 165 211 49 27 153 72 151 91 208 183 63 101 53 215 40 128 41 212 120 226 85 138 93 97 96 241 218 161 70 110 236 200 132 169 217 77 237 180 187 210 243 42 62 223 233 234 221 94 39 115 116 114 81 170 103 143 173 122 29 142 67 45 189 214 109 71 191 175 74 144 195 167 249 224 64 201 190 166 127 158 171 25 48 220 141 69 
95 : 147 29 25 100 194 44 183 54 219 120 79 94 68 154 58 52 81 145 235 41 125 196 241 135 153 42 115 98 189 71 56 165 170 73 155 80 247 203 166 193 211 175 138 91 192 229 74 105 239 148 159 222 230 97 
96 : 190 135 38 105 58 67 165 223 170 101 28 55 199 110 132 213 137 60 97 124 198 150 69 87 157 65 217 68 79 248 152 93 192 245 241 215 72 180 44 98 86 115 218 164 225 126 131 244 117 29 136 75 226 145 91 182 43 238 80 81 212 240 127 193 100 214 74 109 116 61 88 112 146 216 83 114 63 130 40 76 159 177 162 160 144 153 123 186 179 46 
97 : 75 187 175 146 113 36 212 49 84 82 159 201 45 116 94 60 157 209 217 135 111 141 215 40 172 67 104 101 51 202 87 200 179 148 58 52 54 192 234 56 70 41 133 76 65 108 112 154 53 173 171 27 162 232 220 211 149 125 238 124 71 93 208 182 68 147 218 119 126 29 152 226 137 37 233 89 35 164 115 195 79 239 26 139 248 97 206 183 43 245 198 90 31 85 237 
98 : 76 130 242 54 96 66 110 115 49 222 159 142 94 114 135 208 154 148 47 178 45 192 131 189 127 194 117 219 26 212 75 153 217 59 121 156 170 85 174 77 205 63 176 122 233 143 180 55 65 182 207 163 89 229 52 144 145 167 31 173 185 147 152 138 198 93 183 137 40 179 177 150 61 43 
99 : 37 162 213 139 100 170 50 149 218 173 103 231 67 26 227 242 143 152 79 122 131 232 201 186 163 234 104 134 
100 : 27 120 208 37 70 217 192 33 221 58 199 173 67 184 54 189 76 186 56 137 89 92 130 132 246 59 133 52 140 81 141 158 243 157 138 215 237 171 82 117 98 166 240 209 46 155 224 53 152 204 115 234 112 65 233 63 177 83 104 29 201 123 
101 : 136 48 95 230 56 77 158 227 167 125 88 65 87 241 218 204 206 188 146 117 55 90 121 166 45 46 92 74 54 228 138 126 197 33 25 89 37 164 211 70 44 195 142 119 141 111 93 191 79 144 157 162 203 189 131 198 60 221 118 201 132 199 219 154 100 242 182 49 202 62 38 174 215 105 61 214 165 96 114 73 169 81 
102 : 72 166 73 63 163 40 188 249 210 223 177 139 144 240 239 147 118 206 203 128 94 64 28 162 104 211 220 35 179 83 151 187 70 89 42 54 50 56 214 44 202 117 222 65 208 170 224 159 58 87 167 100 143 102 68 52 29 133 156 238 103 53 38 230 107 207 
103 : 220 145 237 216 57 83 240 61 39 45 153 248 190 104 135 40 175 35 28 171 178 36 50 139 95 242 230 168 86 138 68 141 65 214 91 26 63 129 
104 : 64 61 180 152 73 102 229 40 230 167 239 116 218 124 54 193 49 174 146 169 100 155 28 237 79 86 162 166 101 197 231 111 228 161 87 92 182 201 115 53 83 216 148 227 108 33 195 246 205 113 44 118 219 168 181 150 225 221 96 32 26 234 
105 : 35 62 195 223 140 32 72 131 216 80 165 111 65 166 163 249 159 28 56 175 212 227 168 187 236 38 79 149 185 25 203 42 234 26 225 145 237 68 53 222 179 40 76 63 92 133 173 55 162 83 58 114 113 157 244 27 115 199 82 100 158 128 75 152 171 144 197 124 64 134 230 239 218 54 99 119 167 95 30 118 139 60 164 174 229 
106 : 44 181 112 224 145 225 129 86 176 66 150 203 213 215 107 46 134 95 142 170 80 239 61 109 177 157 234 188 147 88 246 45 228 165 219 241 132 182 32 73 236 162 200 120 105 151 175 43 79 172 75 36 49 212 136 218 106 110 48 174 83 206 115 168 163 51 243 40 62 171 60 146 59 125 94 26 99 209 
107 : 40 86 80 106 206 139 174 95 105 57 216 214 89 79 125 133 88 66 91 171 188 228 196 170 178 31 225 72 34 67 152 175 231 141 186 85 110 166 244 202 204 100 236 180 165 215 58 130 78 218 148 104 
108 : 129 235 51 149 52 53 85 141 198 158 202 43 184 131 135 157 80 147 94 82 130 55 93 249 56 209 212 183 245 58 187 238 140 64 110 113 189 39 168 108 172 
109 : 230 41 155 237 44 135 39 60 99 81 198 63 88 51 194 66 108 64 125 159 231 249 152 190 83 228 76 75 139 199 103 243 112 162 165 183 29 229 69 175 157 58 205 233 140 115 188 232 184 74 100 138 84 173 218 169 34 78 94 200 46 240 215 90 67 128 142 201 181 156 109 136 120 241 55 143 101 
110 : 106 194 205 117 245 188 82 99 93 65 150 70 241 75 98 103 47 105 181 164 231 81 35 33 163 213 80 144 
111 : 139 175 61 219 37 213 44 245 176 209 208 115 189 40 190 171 26 33 51 246 157 165 233 32 193 111 65 220 29 161 36 83 48 125 41 244 199 59 103 47 214 69 226 106 181 191 235 230 67 228 89 52 184 169 127 131 70 63 148 153 80 132 97 
112 : 158 45 138 191 93 193 58 53 51 178 203 239 153 143 209 106 117 199 222 64 95 170 60 110 202 107 87 157 111 25 248 184 233 162 195 182 124 
113 : 25 234 81 230 62 203 138 247 47 155 83 127 137 118 156 182 30 59 48 165 77 32 170 211 121 175 85 90 249 106 67 103 168 132 120 192 193 58 70 160 231 237 40 75 44 146 228 96 181 189 222 205 208 39 53 217 167 159 131 71 186 144 108 143 202 147 243 
114 : 192 136 100 242 237 103 168 207 157 77 150 162 186 200 185 80 147 140 220 39 152 184 233 110 225 67 117 104 74 101 130 43 143 135 31 68 83 124 82 98 182 142 111 114 102 173 210 238 62 109 235 212 30 244 108 133 232 81 25 107 187 240 134 145 156 119 245 95 148 170 179 208 27 132 211 91 72 193 216 195 159 49 115 97 94 92 144 90 239 106 166 56 206 
115 : 223 200 173 52 238 88 199 167 191 32 87 156 64 150 249 201 98 141 132 104 90 97 193 100 113 40 146 152 129 46 82 76 207 197 196 53 59 172 50 221 43 26 239 96 195 158 204 36 120 227 228 
116 : 46 245 166 205 234 187 170 86 35 173 31 62 139 172 48 222 76 85 80 55 125 185 131 123 113 116 84 226 90 115 69 65 141 178 232 207 68 77 216 231 190 106 38 140 153 49 177 171 79 145 67 157 180 158 52 73 130 195 99 128 193 102 152 213 136 189 34 181 72 119 209 37 120 121 75 53 229 206 156 169 82 184 59 165 179 191 217 214 103 
117 : 227 219 172 212 129 229 190 157 146 109 47 127 248 29 114 31 91 243 46 110 27 238 99 131 226 116 140 71 224 235 149 72 87 54 94 155 65 175 195 197 230 169 206 73 48 176 85 63 128 231 221 198 117 152 102 193 112 59 138 208 55 161 246 70 145 158 28 163 200 213 201 69 223 49 
118 : 225 109 224 159 163 246 199 128 76 243 43 30 87 175 182 33 98 233 209 157 239 138 57 204 158 185 193 26 66 153 122 194 144 178 105 205 189 123 48 116 28 162 245 155 192 129 71 25 60 120 232 55 36 82 102 74 38 113 174 65 167 37 103 
119 : 42 106 123 185 70 158 46 182 103 149 32 155 139 159 244 180 156 130 209 86 134 88 105 194 208 69 110 247 96 62 56 138 135 50 245 43 
120 : 131 230 214 135 75 35 226 67 107 171 96 105 83 28 140 194 157 77 156 124 173 174 91 225 71 70 155 37 79 94 182 88 150 196 187 72 161 120 62 229 33 204 232 121 102 202 64 190 46 51 74 186 38 170 122 32 56 247 212 76 114 241 98 119 58 188 50 134 60 106 43 221 231 54 245 
121 : 208 55 243 224 200 163 229 39 107 185 206 154 136 176 157 90 249 27 173 214 45 182 212 33 109 59 218 87 42 158 119 171 236 72 165 144 186 120 135 164 121 37 194 192 89 247 122 162 100 234 40 111 141 209 187 73 103 69 
122 : 90 88 174 68 50 207 215 128 179 113 160 80 126 241 98 225 142 223 78 185 217 171 54 194 231 138 
123 : 142 112 61 151 224 128 103 181 208 227 193 45 78 155 183 70 162 170 209 220 160 102 143 115 88 50 149 136 32 202 119 59 62 172 156 104 147 187 232 196 44 100 37 120 69 140 42 52 217 228 144 218 171 127 239 215 83 231 75 179 38 157 117 194 71 30 57 41 175 225 235 199 213 105 248 221 182 137 245 216 91 145 54 207 110 129 99 185 76 126 90 
124 : 75 225 107 37 245 183 92 88 210 105 74 213 48 118 34 235 201 108 177 114 173 184 69 190 119 54 196 156 249 202 191 115 211 238 100 136 57 80 161 25 133 220 227 234 134 241 165 205 144 123 109 199 232 96 49 239 153 194 
125 : 52 151 195 62 226 47 30 35 128 237 225 74 244 49 72 160 230 92 64 41 191 172 108 163 87 241 239 82 78 137 58 154 218 164 
126 : 187 201 59 130 75 166 28 139 143 129 68 64 51 240 172 215 235 195 98 108 80 109 183 170 36 107 177 176 53 144 65 214 148 161 131 92 46 118 122 50 57 159 71 45 85 132 56 33 32 89 126 43 147 67 29 86 48 25 154 55 102 199 167 133 47 249 193 105 220 90 128 81 100 30 116 212 226 77 113 39 135 149 197 103 61 93 73 164 190 27 165 
127 : 189 84 137 216 38 211 192 247 153 73 141 120 246 109 147 219 171 99 230 228 201 95 195 238 161 27 41 108 68 169 85 214 215 217 89 114 163 204 173 98 179 175 248 106 103 82 53 118 202 25 
128 : 171 88 100 213 75 225 111 130 242 119 50 97 149 128 158 190 65 191 207 66 139 120 141 99 233 176 61 62 125 222 145 143 232 212 151 32 80 31 174 168 198 52 60 231 118 71 121 48 39 206 189 44 58 
129 : 71 229 142 193 167 235 126 64 191 119 145 41 100 130 104 249 90 98 45 223 122 35 28 244 233 238 78 49 72 93 150 61 162 96 225 133 65 153 146 114 218 30 56 37 32 171 230 190 195 243 165 152 228 55 164 140 157 177 194 161 170 
130 : 73 200 174 98 35 123 105 94 233 179 148 115 108 102 78 92 129 142 214 194 227 161 222 114 228 87 165 171 146 
131 : 72 67 41 174 91 105 50 27 188 201 69 94 77 157 32 31 143 155 194 151 88 177 71 25 26 240 59 128 127 80 214 193 120 52 209 163 210 204 136 189 60 208 226 223 167 217 234 175 116 227 215 86 119 130 183 165 144 68 81 123 90 131 173 184 203 228 168 249 196 158 48 28 45 66 171 55 170 153 98 109 213 78 33 35 192 113 211 97 42 39 62 118 164 230 159 
132 : 35 94 228 79 167 97 69 108 32 71 207 218 74 93 122 27 36 166 206 176 184 232 123 240 80 247 179 241 51 160 222 245 
133 : 73 53 201 225 192 62 38 185 35 103 168 108 48 180 151 167 222 54 235 242 66 128 63 133 67 208 44 137 213 140 
134 : 137 147 181 59 40 241 63 105 170 48 58 205 37 130 197 196 49 154 201 118 199 43 213 32 224 126 216 203 109 96 117 
135 : 178 204 88 188 198 120 137 74 93 172 64 166 205 133 200 206 30 232 201 82 85 28 148 231 245 37 187 227 118 141 147 244 108 221 191 226 139 192 65 92 67 249 210 83 177 211 34 94 180 102 43 190 165 234 135 142 72 238 77 57 158 241 38 125 122 128 156 44 89 126 131 203 90 59 247 150 104 219 69 236 179 53 40 86 109 98 52 127 239 
136 : 49 171 25 123 156 207 211 229 111 200 203 64 136 225 78 198 138 227 128 58 50 163 188 237 116 246 120 30 157 149 152 92 34 240 109 63 241 173 124 170 121 57 142 85 97 159 228 144 168 205 60 129 95 41 182 180 137 175 
137 : 244 58 30 158 107 160 43 187 94 74 155 196 191 103 190 214 87 36 233 61 124 152 225 159 234 245 75 176 217 133 228 210 162 219 67 211 171 116 70 238 229 193 54 50 57 73 27 156 56 147 106 104 173 215 232 243 126 222 115 130 60 76 69 230 202 49 151 81 179 35 242 123 184 77 235 92 59 
138 : 200 233 138 194 41 40 123 201 133 231 205 79 105 104 245 110 32 218 225 120 137 213 70 54 126 69 30 90 68 216 193 192 132 44 47 159 160 93 135 102 77 162 198 143 238 153 161 246 45 215 139 71 38 
139 : 135 155 25 186 152 27 55 109 73 149 226 90 51 63 225 94 128 228 78 174 71 151 140 81 130 170 134 76 177 66 145 44 41 237 187 212 192 64 45 60 182 224 144 40 
140 : 64 59 111 235 129 149 51 120 88 151 139 162 205 86 40 65 154 67 97 71 164 99 144 52 38 215 131 189 
141 : 204 169 222 74 149 95 139 36 46 50 70 33 31 197 123 151 196 155 213 141 211 80 138 207 101 165 219 115 82 142 65 145 218 239 135 51 79 193 57 240 83 183 49 78 32 55 122 81 127 205 77 248 177 62 100 87 116 128 107 238 69 227 166 44 228 179 168 242 120 234 67 200 184 147 143 40 27 186 156 
142 : 82 128 215 52 212 133 121 127 169 179 27 40 117 97 99 103 67 162 32 79 123 205 224 65 160 118 175 165 29 220 84 139 145 137 47 232 178 247 177 180 64 106 163 132 136 98 202 70 209 83 
143 : 65 244 228 168 119 163 127 210 232 194 92 233 78 71 202 187 50 151 235 239 200 82 170 141 203 95 148 171 25 223 215 107 66 197 26 201 166 111 123 43 110 100 139 
144 : 166 68 65 193 59 168 40 195 227 225 176 188 239 184 248 138 140 229 181 221 119 228 230 208 148 143 28 202 178 236 240 87 86 152 61 69 89 160 117 145 133 85 49 72 106 169 111 194 41 93 214 38 209 101 71 247 126 74 62 107 108 220 218 146 206 97 47 139 123 135 158 51 100 82 215 79 42 26 132 223 88 147 
145 : 59 207 39 105 31 182 95 152 200 89 27 197 175 106 111 177 145 235 226 196 213 96 42 114 146 179 120 214 128 141 165 208 184 223 222 176 93 216 63 32 194 33 
146 : 33 29 126 246 167 160 169 200 136 150 107 58 69 238 46 102 123 188 243 155 38 156 116 87 36 137 224 220 192 179 171 70 76 73 43 209 86 30 99 217 197 231 131 90 91 103 56 227 229 28 35 216 62 142 145 189 225 37 138 146 191 93 65 239 228 234 149 133 143 121 59 27 190 212 151 205 222 64 182 161 42 165 207 54 57 164 68 97 55 157 172 248 122 100 226 79 242 
147 : 90 165 202 78 115 79 72 65 99 28 144 158 174 120 73 74 188 187 213 71 94 88 155 148 146 204 41 26 131 122 83 125 25 200 172 119 222 183 54 38 35 
148 : 64 151 168 103 114 208 247 224 143 51 57 50 162 165 110 59 56 190 158 35 53 73 25 225 156 98 101 119 177 231 126 33 27 178 139 69 210 201 106 122 129 43 86 115 102 92 183 166 194 193 216 75 46 105 83 112 235 
149 : 118 201 186 215 150 199 60 148 162 217 246 211 64 233 89 115 157 73 80 142 91 93 207 54 32 222 35 208 106 176 136 189 56 124 232 38 241 180 105 127 236 34 183 144 59 98 125 99 163 71 154 132 248 96 27 78 72 55 141 101 28 228 41 158 103 210 84 77 45 237 152 244 26 117 104 234 33 213 226 130 174 42 185 63 216 25 36 137 134 83 198 50 140 
150 : 128 227 45 219 113 53 192 64 215 140 99 110 235 74 230 38 194 132 243 25 133 213 189 47 102 183 171 43 165 97 247 238 60 246 188 92 161 136 131 109 87 191 123 75 232 249 152 176 69 106 70 59 162 96 181 179 68 222 65 67 89 210 101 223 169 80 76 248 178 35 206 30 218 220 129 202 240 216 193 209 42 196 88 82 72 77 182 27 201 104 108 175 173 203 212 234 93 
151 : 186 35 172 65 76 58 189 205 38 90 175 152 223 249 105 121 144 211 243 210 40 39 96 53 45 220 113 125 32 47 180 209 123 161 136 116 70 233 158 213 214 64 146 191 52 168 222 81 98 235 114 100 225 71 148 93 190 145 127 124 120 217 192 82 86 248 170 126 204 231 185 119 118 78 91 57 46 197 179 
152 : 204 28 81 46 62 33 239 148 159 172 114 41 143 183 227 77 185 38 196 88 69 154 131 109 82 122 35 119 107 150 68 245 156 241 70 95 221 102 116 60 149 135 211 244 34 48 177 215 195 40 92 226 104 73 120 242 233 145 187 171 236 157 63 202 
153 : 218 113 217 40 92 138 180 214 177 33 122 221 187 59 123 29 107 228 75 58 169 37 49 103 78 65 43 28 202 147 191 46 106 81 200 172 161 223 233 240 125 159 246 245 91 196 34 62 100 185 121 80 142 77 155 94 165 219 207 36 44 101 171 189 201 93 57 179 115 230 126 69 225 53 248 30 130 52 67 141 137 54 127 
154 : 242 108 189 230 96 157 55 113 102 99 158 62 247 177 25 204 58 207 35 225 199 188 49 131 149 37 80 235 138 86 159 176 164 132 203 241 111 89 147 243 83 40 218 75 220 101 213 226 123 120 88 182 227 45 156 224 41 221 150 79 234 76 48 98 92 236 201 185 146 186 208 100 187 36 130 170 209 210 118 125 180 162 110 56 205 124 184 29 
155 : 231 165 179 138 246 150 136 211 127 175 81 220 70 160 213 194 78 65 234 215 214 124 149 153 171 26 162 52 43 203 139 141 121 29 191 76 182 232 91 151 107 228 99 202 41 161 54 98 245 59 102 67 239 56 185 64 240 187 89 164 176 63 109 178 224 47 241 155 166 
156 : 132 191 170 211 115 235 150 190 221 215 49 62 53 134 59 165 91 231 29 121 192 108 227 156 144 50 68 60 175 97 113 171 112 45 106 31 210 184 222 196 80 199 163 111 42 125 131 167 213 206 202 34 54 139 151 229 242 107 38 164 75 153 173 109 92 233 114 33 66 159 188 104 43 
157 : 223 102 219 201 248 147 135 188 134 36 195 238 119 50 144 99 43 211 42 210 48 229 62 95 109 172 199 96 249 170 77 157 100 143 31 86 126 187 51 150 75 167 78 52 202 176 83 245 57 55 154 44 242 33 91 30 40 93 173 63 162 127 218 161 28 
