0 : 216 40 123 127 29 118 181 56 185 164 45 148 115 104 122 235 74 159 170 215 88 116 133 224 162 168 157 209 155 94 60 228 53 221 34 78 
1 : 129 184 63 109 83 195 171 172 223 164 192 126 208 132 187 182 191 235 141 112 124 69 162 73 34 111 65 134 87 108 115 231 156 153 78 77 71 42 89 224 80 119 200 151 142 240 246 219 88 243 209 64 165 79 202 140 167 242 110 194 168 52 166 49 218 27 25 101 148 118 214 56 161 189 125 106 121 227 103 174 128 215 237 85 47 82 144 
2 : 161 131 181 190 96 63 38 208 217 234 100 106 56 33 40 49 44 151 120 107 156 206 46 136 121 101 192 147 183 177 95 212 176 79 200 171 225 130 114 180 64 87 48 169 126 112 186 247 195 196 246 204 229 111 102 57 216 153 88 69 228 62 47 91 159 127 113 42 108 213 158 129 230 67 135 231 45 214 237 184 207 31 223 
3 : 34 25 140 206 196 26 146 94 226 52 71 230 205 215 88 101 76 35 234 28 186 129 65 181 167 157 50 213 175 142 43 249 152 47 225 67 117 63 95 114 155 172 46 137 104 102 187 108 237 244 210 100 86 238 148 105 219 221 121 53 184 235 162 143 107 208 77 30 153 66 211 246 36 138 60 54 122 180 115 158 192 118 127 174 116 197 243 202 42 91 132 136 125 128 
4 : 202 238 245 153 220 247 128 89 152 158 90 129 173 142 67 157 63 88 177 42 64 97 37 112 182 232 105 176 161 29 223 127 248 55 27 143 180 206 147 244 133 43 51 237 86 121 69 72 195 249 117 192 99 25 198 110 50 48 115 66 
5 : 70 166 38 175 246 154 27 119 31 50 196 179 98 161 65 138 69 122 156 25 162 182 57 172 214 173 217 90 243 235 26 100 176 36 74 195 78 160 113 95 110 39 91 125 63 45 186 123 171 48 169 198 76 199 99 147 188 35 159 92 106 114 83 87 51 208 
6 : 75 215 81 189 235 120 180 151 131 170 216 67 244 201 41 69 136 213 153 149 65 130 82 68 91 146 90 122 87 107 30 49 47 117 155 134 204 159 195 226 84 
7 : 182 175 65 146 120 176 56 144 33 45 233 202 156 107 93 219 150 241 92 158 96 186 95 104 243 214 220 206 51 85 161 147 216 100 171 62 77 223 157 173 74 213 88 118 152 54 151 174 184 215 135 162 119 166 63 230 140 191 58 231 116 94 148 240 248 131 97 234 123 
8 : 243 192 239 133 61 230 201 209 242 223 101 229 207 107 72 165 112 233 65 163 36 147 217 157 220 154 238 188 52 121 58 66 218 168 50 179 85 70 210 95 29 59 81 33 96 191 69 190 213 211 151 214 130 244 155 249 87 153 111 184 237 132 125 88 129 54 102 197 89 193 123 226 135 49 176 161 198 103 94 234 178 47 241 63 
9 : 124 230 242 151 121 197 44 161 150 136 173 210 30 25 234 139 51 174 57 134 61 178 246 175 217 170 213 34 244 153 186 28 206 187 169 189 39 105 240 116 193 60 218 166 201 156 229 143 32 247 149 203 199 45 41 100 
10 : 167 91 186 61 237 162 78 93 67 56 117 242 131 104 176 70 168 138 174 120 74 210 169 205 217 248 
11 : 110 196 53 60 119 97 236 79 89 184 191 126 153 69 163 120 208 186 66 206 241 78 62 219 81 130 116 108 201 76 211 242 48 188 234 194 102 57 117 239 127 27 28 68 154 132 38 228 230 35 115 209 170 233 33 212 161 82 109 25 187 175 220 124 31 75 144 47 213 137 243 
12 : 148 71 104 65 132 125 124 195 105 224 183 57 158 68 127 83 177 60 46 163 164 215 161 27 26 222 227 244 79 88 93 67 45 41 117 169 233 170 188 98 28 154 62 78 109 128 131 145 55 211 139 130 190 153 116 149 247 234 150 138 248 64 122 86 235 108 25 174 245 129 126 137 216 56 113 197 37 123 95 30 
13 : 55 186 57 227 205 248 63 124 39 172 231 193 35 177 60 97 116 95 223 246 25 75 245 234 105 125 77 34 127 119 236 219 140 51 32 203 216 130 158 155 27 150 117 176 148 74 59 138 81 213 202 53 153 106 166 33 232 71 58 42 206 249 167 78 183 179 139 84 194 221 107 211 181 174 128 173 123 207 147 83 38 73 242 91 247 224 141 136 43 109 
14 : 124 42 33 145 196 78 194 134 128 167 106 32 141 228 69 25 73 206 57 182 243 96 30 165 192 59 85 181 46 166 115 110 185 144 193 35 197 74 160 34 179 118 109 37 246 147 139 158 180 168 122 245 169 40 133 113 80 157 177 68 49 191 236 136 82 219 53 176 174 172 119 215 125 202 211 226 89 45 198 101 232 27 186 213 114 64 29 79 199 52 189 55 
15 : 90 216 180 28 36 217 27 75 205 95 49 111 245 219 65 159 175 169 85 143 164 119 89 34 202 226 138 53 158 173 142 67 43 110 127 148 162 206 25 70 121 81 236 211 145 123 176 221 76 130 96 133 177 74 234 239 109 50 232 193 149 151 230 229 107 160 146 196 192 210 246 60 86 170 237 181 153 100 117 122 99 178 147 242 144 243 248 135 201 199 241 227 71 112 35 220 
16 : 106 89 155 64 224 170 59 148 233 95 134 194 187 143 53 88 58 150 32 126 171 220 221 39 137 237 230 186 191 223 141 184 41 176 26 29 71 227 209 164 156 203 168 78 90 70 51 225 136 81 110 147 236 30 195 213 91 46 56 198 177 181 83 92 38 93 109 101 222 122 175 173 67 162 102 196 42 111 197 212 154 229 
17 : 179 163 235 211 84 135 91 137 130 243 70 25 164 217 190 75 248 114 29 157 220 56 171 27 108 57 79 131 228 246 96 118 54 34 100 219 187 158 124 200 176 93 213 232 207 145 168 74 59 58 49 216 97 98 35 78 184 147 40 197 77 209 88 85 182 245 160 
18 : 33 213 208 85 71 234 233 146 235 36 81 124 123 188 164 160 41 138 49 73 32 172 108 195 230 220 149 158 127 40 243 200 69 155 87 225 128 246 136 39 35 201 151 223 46 166 113 65 134 142 
19 : 189 162 82 42 93 114 243 160 221 68 138 151 46 207 204 26 25 215 154 59 171 33 120 180 69 31 94 38 37 144 122 105 246 63 113 106 191 55 150 
20 : 246 128 207 47 98 95 195 129 116 220 82 173 115 88 125 176 26 60 71 28 74 189 50 136 242 226 159 93 83 245 101 178 107 137 29 57 46 
21 : 164 229 84 157 209 66 80 108 89 112 73 217 239 100 132 187 206 244 147 227 174 221 53 183 162 175 121 81 31 109 51 114 116 158 79 223 55 35 220 194 
22 : 63 233 226 212 94 246 144 80 240 235 145 204 136 55 153 67 64 168 184 164 54 107 92 30 56 91 231 
23 : 76 188 158 191 59 153 238 103 93 173 51 117 118 40 91 90 142 97 150 26 37 245 243 65 208 197 34 
24 : 99 204 224 196 156 103 119 25 72 52 80 55 129 152 79 90 236 200 54 133 172 164 28 212 184 216 126 178 189 186 207 81 70 231 166 160 222 223 112 123 243 180 104 232 151 93 174 120 234 187 161 199 235 221 238 113 229 60 82 198 73 214 136 158 226 247 62 121 150 101 108 142 75 66 210 248 197 181 36 148 
25 : 196 107 103 33 159 163 214 117 124 82 153 91 138 48 52 194 190 193 155 246 44 36 192 169 41 213 202 106 112 100 
26 : 145 225 137 79 194 207 196 77 30 71 180 127 162 237 224 39 111 195 203 169 52 117 153 98 173 63 197 235 64 161 91 84 216 158 109 44 67 43 236 48 141 238 152 138 69 92 122 213 87 65 147 132 206 187 66 36 226 62 29 53 239 55 27 93 204 233 219 242 168 95 139 
27 : 176 93 35 34 46 227 234 164 230 200 145 47 25 239 129 123 104 54 68 196 150 181 57 44 85 95 147 116 244 51 221 161 148 248 232 193 69 90 98 62 167 212 76 92 141 209 109 64 33 110 49 198 55 138 237 125 236 192 179 215 229 114 235 43 132 39 153 
28 : 113 172 199 168 112 88 69 228 102 99 217 232 174 191 247 149 75 185 45 46 190 92 81 202 131 101 128 121 197 175 209 122 139 117 60 189 
29 : 95 69 193 215 51 99 158 104 105 110 157 166 76 184 182 25 33 145 52 82 50 79 216 211 98 44 43 200 147 85 203 167 118 249 116 226 241 137 128 210 243 59 73 198 68 197 35 183 140 155 180 154 220 84 149 162 74 56 71 
30 : 140 99 119 91 192 153 144 202 164 56 79 127 247 82 138 219 94 244 226 217 125 124 198 159 176 212 215 225 211 46 
31 : 51 183 66 130 240 28 103 135 175 50 158 59 56 26 164 173 52 215 137 108 77 35 91 69 225 228 194 212 220 146 154 102 117 237 213 245 96 132 105 244 236 221 27 159 67 129 193 239 
32 : 211 95 151 165 81 116 234 32 246 239 169 114 25 59 99 199 231 52 227 75 97 65 79 100 115 127 172 155 35 218 202 47 243 149 129 124 38 54 43 147 142 226 224 126 46 103 62 138 53 132 245 161 71 187 135 92 210 214 96 164 150 178 193 117 48 119 63 213 106 93 77 197 166 144 74 230 225 40 121 68 122 123 196 69 249 184 91 233 60 133 204 39 84 244 57 220 
33 : 105 205 139 89 57 175 98 69 110 92 71 207 111 119 129 218 143 210 82 78 134 146 48 148 96 200 33 199 159 233 227 56 150 95 215 246 46 86 170 184 76 99 26 140 212 27 229 124 171 156 173 64 42 153 73 87 209 62 180 228 
34 : 204 169 149 31 64 59 33 180 137 81 133 243 101 93 241 36 175 167 107 226 155 190 160 61 48 164 
35 : 37 203 239 53 38 223 76 128 140 82 138 236 84 235 44 219 169 108 27 155 30 197 199 86 74 129 214 182 165 241 127 245 168 45 112 218 88 72 192 191 102 144 171 67 81 142 141 170 248 28 217 143 136 208 152 221 41 206 79 54 26 166 186 73 29 185 106 113 97 109 68 36 234 154 207 246 90 237 39 231 120 193 51 180 162 149 177 110 179 215 164 209 158 243 
36 : 44 95 82 170 213 241 248 35 229 194 247 243 208 116 231 66 127 57 157 46 242 202 156 26 37 71 177 239 59 136 232 118 31 50 245 123 27 137 42 212 218 191 91 130 223 90 86 61 145 211 214 210 186 51 153 240 48 111 219 182 226 115 190 98 
37 : 223 232 243 170 94 78 116 213 139 229 225 194 130 49 29 231 156 119 45 210 34 85 192 96 203 74 63 84 198 154 125 148 70 152 128 118 245 103 190 171 114 62 249 37 71 165 133 121 112 
38 : 237 138 48 72 175 97 25 207 120 206 111 157 95 182 100 196 30 218 143 204 49 137 166 243 240 226 149 235 113 119 66 201 189 231 106 32 99 78 41 178 53 64 210 191 93 121 171 135 133 249 225 183 158 246 83 185 181 79 208 130 140 247 44 116 118 102 248 215 59 190 38 144 65 39 156 90 177 58 
39 : 71 29 103 115 198 105 52 192 102 179 244 165 87 55 110 34 173 209 161 152 42 89 43 68 236 146 116 134 82 232 181 249 233 67 177 196 203 85 155 248 125 190 215 109 45 78 27 239 111 54 73 228 167 184 188 141 99 214 247 204 88 182 95 154 44 90 218 174 133 80 130 245 185 56 128 129 148 199 151 147 31 98 75 
40 : 132 57 210 25 159 27 148 131 107 46 103 127 70 196 52 134 157 117 108 156 79 214 40 78 119 61 121 234 201 209 118 219 36 195 168 31 
41 : 178 217 214 38 126 70 231 58 194 169 162 100 188 26 118 28 226 186 130 117 59 168 109 222 240 132 159 101 124 84 115 247 161 31 62 
42 : 185 97 45 179 163 154 141 205 55 169 56 204 209 53 128 39 237 123 135 78 223 178 248 201 59 187 165 132 57 175 197 156 196 224 75 182 91 112 82 228 121 216 174 105 245 41 79 35 215 102 
43 : 144 142 151 159 69 30 66 28 54 161 223 150 190 146 34 122 106 156 78 170 83 51 198 221 171 212 124 136 245 180 128 105 71 43 172 177 80 205 75 59 42 129 120 117 127 25 154 33 52 175 202 183 211 237 90 234 95 164 228 47 63 235 32 140 236 64 203 152 199 184 225 224 193 61 44 
44 : 43 148 87 71 117 205 67 147 51 210 101 135 191 149 203 78 196 198 61 112 243 161 77 216 194 185 231 188 200 74 173 91 70 162 69 201 31 172 118 212 114 236 142 186 131 50 174 165 245 97 238 189 
45 : 123 199 136 226 142 220 191 94 187 28 49 58 112 178 98 166 35 45 212 103 100 63 29 88 107 224 241 180 202 154 188 207 213 132 36 184 39 196 147 237 193 229 145 83 225 68 172 151 221 209 238 228 176 62 189 233 205 84 146 144 181 135 157 179 206 
46 : 153 223 212 216 230 43 145 90 199 215 232 38 213 247 31 72 76 79 129 144 160 204 168 33 154 180 114 123 210 207 50 116 83 170 44 236 187 214 27 235 97 93 
47 : 28 222 170 101 112 224 152 41 79 34 211 172 29 176 129 119 239 47 63 116 219 87 50 171 203 229 160 164 136 93 145 26 110 114 173 165 195 133 143 232 194 168 94 206 189 159 205 43 184 85 161 231 153 88 144 163 99 178 197 118 179 158 97 92 157 156 57 202 174 147 208 106 38 220 137 35 84 181 207 105 75 67 
48 : 57 51 225 110 218 58 53 95 204 74 161 31 77 39 56 79 160 177 73 134 148 55 152 98 164 63 239 199 190 60 86 67 93 38 103 212 168 194 88 81 
49 : 93 207 187 34 85 245 229 154 89 50 243 203 127 109 128 94 101 149 185 193 47 143 41 49 175 33 110 209 133 103 117 227 37 31 91 235 242 25 233 140 96 160 66 192 126 54 70 98 167 147 60 179 136 35 46 176 217 48 32 236 210 30 
50 : 112 56 114 40 66 70 210 92 68 41 104 152 127 191 150 60 91 245 149 27 226 164 86 135 224 99 178 171 214 173 57 118 156 208 107 141 116 193 62 130 26 75 49 181 61 67 232 142 222 126 194 204 166 201 235 25 95 35 143 43 
51 : 128 176 162 215 31 168 219 45 231 131 67 190 113 229 191 189 197 241 135 178 125 249 58 151 230 185 49 221 136 172 88 90 108 182 94 57 98 203 87 124 134 204 107 61 245 159 100 38 127 36 186 110 68 46 164 141 222 92 225 104 242 171 195 146 
52 : 205 146 138 131 187 188 67 69 107 184 236 239 155 196 65 99 43 167 161 214 92 60 207 110 88 90 247 35 179 121 116 185 223 232 217 115 202 29 245 57 152 53 220 120 238 149 249 240 55 130 46 208 201 47 33 70 86 39 183 168 77 117 191 106 181 193 74 171 215 66 51 
53 : 66 235 202 73 214 166 185 33 102 98 41 239 118 186 105 246 79 212 228 143 190 71 238 158 113 178 122 142 67 54 135 198 144 82 241 205 37 218 42 69 179 150 90 196 92 222 78 180 153 156 168 111 106 87 38 141 195 30 248 40 170 94 134 182 136 120 224 81 200 50 165 114 91 149 147 197 103 145 112 53 125 
54 : 233 232 29 174 118 69 208 63 88 95 124 83 137 239 74 54 33 153 55 57 211 245 70 89 167 121 65 117 52 186 108 178 240 209 46 139 78 181 126 76 91 131 162 41 234 59 127 190 156 229 120 56 128 66 185 48 37 195 152 191 215 243 129 39 193 122 
55 : 88 111 204 78 99 93 236 177 160 185 46 45 84 198 169 72 247 113 107 194 115 58 127 77 232 163 86 167 90 28 27 122 171 201 53 214 35 66 179 125 224 26 70 108 65 176 192 229 153 75 49 235 158 61 182 219 188 148 25 156 56 216 225 138 92 68 161 104 134 241 47 189 170 132 
56 : 173 98 33 181 72 194 241 234 48 67 174 81 93 128 146 117 245 189 87 157 31 142 229 240 82 150 119 129 59 210 39 203 205 140 187 167 80 218 136 106 77 69 201 206 27 207 139 123 107 232 185 26 248 127 233 243 32 155 85 37 224 25 147 54 116 216 161 62 164 156 228 204 132 168 213 79 191 83 114 137 209 247 53 64 121 230 84 104 
57 : 61 62 107 73 247 127 72 172 124 140 188 206 42 63 32 100 225 129 167 150 197 169 178 215 97 108 122 138 234 203 81 212 179 64 26 134 90 84 70 220 117 152 
58 : 84 102 244 198 55 122 59 160 187 206 203 85 31 126 218 188 49 56 68 164 235 242 79 110 60 71 62 178 54 168 233 207 109 125 
59 : 35 88 138 227 169 168 188 109 144 129 113 226 79 111 95 208 245 178 100 141 206 242 147 151 77 202 75 114 37 47 236 36 166 213 123 26 139 220 172 200 248 186 78 120 61 
60 : 94 184 107 140 222 27 189 110 167 166 130 54 234 187 176 173 174 177 39 154 142 122 100 86 172 204 51 143 179 112 26 175 188 
61 : 170 238 105 89 142 127 48 32 135 200 158 148 57 225 117 229 103 195 50 241 201 212 199 52 114 34 173 27 188 243 73 165 49 182 231 62 196 179 47 151 66 63 60 45 59 227 134 230 138 234 124 46 237 
62 : 57 124 116 210 109 94 122 62 184 225 197 157 67 127 229 193 71 177 244 128 93 27 140 53 137 249 97 201 243 30 224 74 81 199 31 47 82 101 180 
63 : 95 158 210 169 88 174 113 130 117 35 28 238 137 229 227 108 139 219 125 237 101 107 200 156 224 136 154 206 235 42 90 214 182 167 205 217 60 165 241 33 34 85 244 149 146 110 181 155 232 58 128 157 115 180 194 120 72 93 178 54 65 87 192 166 32 64 164 31 
64 : 99 247 194 150 85 148 177 236 63 154 179 140 205 243 202 30 98 34 165 111 27 137 169 136 203 125 
65 : 185 199 31 71 195 249 174 38 234 178 35 142 53 52 179 144 140 227 164 229 56 161 62 163 133 32 83 50 181 186 115 157 139 59 192 160 170 110 91 99 109 41 236 33 200 233 70 120 128 46 209 130 97 220 77 66 243 63 44 60 191 206 26 201 141 78 215 25 197 92 210 106 45 132 147 134 196 193 
66 : 248 65 212 192 33 164 54 59 225 104 77 218 189 128 67 158 44 176 118 231 73 178 131 125 63 119 202 214 179 216 69 220 122 112 105 186 200 210 32 70 246 52 244 204 132 170 92 171 147 180 150 155 26 194 142 232 117 135 149 226 51 29 97 205 30 75 195 166 187 68 88 193 183 215 93 57 71 46 235 144 154 172 89 243 116 234 96 109 94 115 
67 : 176 122 72 61 159 114 52 129 74 228 193 109 146 47 48 162 247 182 57 157 177 144 139 53 113 240 67 230 180 225 237 168 45 210 59 60 202 69 123 46 161 163 37 97 106 133 246 40 189 75 198 170 165 192 216 132 138 190 235 218 222 25 214 43 36 206 186 
68 : 204 246 148 157 49 98 240 226 127 80 74 83 191 115 210 216 190 87 162 218 163 102 54 185 238 81 118 113 
69 : 36 155 94 208 111 223 182 183 170 66 145 165 229 243 142 83 103 79 177 144 203 187 125 67 235 38 133 214 147 96 69 131 32 179 70 205 199 61 110 76 186 156 196 60 240 230 122 200 107 218 88 139 43 78 97 115 56 157 151 112 85 153 134 59 232 65 
70 : 88 45 240 109 151 41 66 28 138 140 36 110 108 94 65 87 198 99 27 168 197 37 31 236 25 211 241 53 203 183 47 184 191 137 164 182 206 180 159 55 74 30 144 152 48 68 52 106 185 229 70 126 132 181 77 29 107 145 46 223 209 57 134 147 166 118 202 35 98 129 225 72 83 75 127 155 196 73 
71 : 145 70 74 136 95 126 187 174 113 168 188 170 172 200 42 81 249 153 238 52 166 125 28 122 236 108 58 65 218 72 195 112 196 40 135 71 159 144 197 229 50 158 154 34 69 221 102 241 156 107 57 157 82 79 83 77 198 244 223 37 209 51 141 124 181 140 205 116 237 27 
72 : 65 144 101 84 196 25 229 104 145 129 71 247 234 54 106 218 152 207 203 245 216 96 187 66 30 
73 : 169 81 131 224 36 249 102 165 195 196 188 186 65 243 178 145 237 134 73 222 149 91 82 71 47 99 40 155 27 159 68 127 66 199 213 76 217 241 126 151 182 45 202 171 191 204 210 138 160 39 38 92 240 59 220 190 201 32 136 63 95 228 54 106 174 244 43 129 205 142 223 
74 : 123 233 99 113 212 223 92 218 106 63 72 190 98 140 50 234 228 102 208 151 126 156 236 89 149 81 103 153 61 246 127 136 150 203 
75 : 191 57 38 172 231 93 204 48 221 98 100 247 227 122 135 70 72 211 43 212 112 171 73 95 203 132 42 150 196 26 104 75 82 136 44 109 30 161 108 67 111 91 249 178 119 142 96 224 128 226 124 174 117 32 205 248 197 157 61 66 55 151 154 149 35 228 101 225 235 115 165 213 201 185 126 58 137 208 202 54 131 166 181 63 237 222 110 158 
76 : 148 121 220 243 184 235 90 154 29 211 119 223 177 28 41 128 44 229 228 89 59 153 115 186 159 212 91 130 216 79 183 81 205 239 52 237 53 234 171 182 244 190 181 124 178 33 188 245 236 114 226 101 99 62 197 166 209 137 31 231 141 193 170 203 189 85 26 78 204 56 60 187 210 129 135 100 106 242 45 158 176 102 151 108 36 32 105 196 214 
77 : 82 194 217 147 117 57 112 52 87 40 232 159 202 98 215 183 109 193 85 243 209 120 133 69 149 64 29 49 102 230 184 138 150 86 107 145 60 165 126 61 53 43 178 235 63 143 94 137 33 216 237 233 146 
78 : 121 179 41 134 50 234 176 128 78 158 135 182 188 59 27 196 174 82 248 230 81 211 84 193 71 205 204 186 199 93 247 52 132 222 61 91 116 160 175 235 217 155 207 242 191 213 244 184 80 238 157 169 163 142 73 88 77 156 224 60 123 83 124 136 173 190 89 162 64 189 185 167 145 195 138 39 226 187 139 
79 : 108 132 68 170 144 215 236 31 140 47 143 45 86 247 179 117 30 111 199 141 240 72 109 138 134 217 97 169 149 70 94 36 206 126 235 81 98 190 158 106 194 153 92 216 238 234 
80 : 102 58 64 41 177 180 160 98 55 197 136 31 114 182 111 135 225 75 203 181 56 52 168 40 78 74 242 138 249 154 50 230 99 103 137 173 35 161 89 34 190 94 171 150 222 228 42 113 195 194 85 140 128 176 76 73 153 63 208 248 66 44 92 84 219 149 71 61 97 116 200 115 38 166 126 80 110 151 
81 : 213 75 108 154 244 225 55 168 51 191 142 29 121 197 234 169 32 63 70 236 30 178 204 139 206 89 100 171 128 175 195 109 58 210 125 165 185 132 205 74 96 60 149 232 239 207 64 126 249 143 26 166 82 110 182 43 235 31 127 116 73 81 159 212 152 118 192 111 223 147 153 246 222 
82 : 68 157 221 97 189 204 164 103 130 91 107 199 96 44 145 124 119 239 45 125 219 188 229 62 179 240 207 155 31 70 137 170 51 35 171 197 53 156 224 245 
83 : 191 49 91 154 70 186 176 109 92 44 143 72 180 148 60 242 67 158 108 34 221 161 164 132 62 123 248 220 236 98 89 121 57 160 79 103 240 214 59 125 58 88 104 168 231 226 239 
84 : 165 48 117 158 78 201 147 62 60 153 106 212 199 122 150 103 214 210 198 172 95 50 26 238 57 37 148 230 185 59 236 205 58 159 232 71 167 94 54 109 66 31 154 83 82 112 88 242 161 105 
85 : 206 156 231 114 247 116 139 71 234 232 78 220 141 42 84 51 75 68 200 218 50 131 57 204 188 209 106 235 87 153 100 126 34 63 175 69 210 48 161 59 189 202 157 154 164 176 239 143 191 171 194 47 168 64 96 85 31 190 46 180 199 225 58 53 148 245 165 242 230 166 197 244 112 37 80 172 103 113 90 169 93 128 40 184 198 223 233 145 222 27 228 79 54 211 117 
86 : 36 180 94 216 151 144 192 78 132 219 172 195 72 185 246 197 194 217 155 160 145 81 184 45 183 87 244 75 113 124 106 191 126 35 161 159 171 91 202 61 152 117 42 142 68 190 53 125 115 242 235 182 33 249 228 74 85 165 224 198 121 149 64 148 100 
87 : 215 179 238 184 141 169 138 127 35 67 148 79 116 178 193 187 43 154 155 172 56 124 98 34 151 114 40 232 207 144 39 47 37 219 165 130 163 145 183 201 140 199 171 162 58 228 192 173 74 121 188 78 123 158 61 190 72 204 152 27 41 25 94 153 240 108 51 242 194 147 233 248 45 
88 : 64 207 209 66 130 129 122 202 175 29 243 52 171 211 131 244 26 44 112 174 176 163 160 187 120 151 49 117 205 247 203 162 159 218 103 78 95 62 54 121 82 110 88 204 249 246 169 177 
89 : 216 45 162 174 159 50 68 156 110 134 244 229 235 181 27 206 92 33 106 141 142 57 161 93 187 137 75 36 94 212 85 34 211 218 192 170 136 86 30 165 241 182 246 146 197 169 236 242 84 77 62 95 119 143 102 195 139 151 101 35 76 150 105 61 183 121 228 69 74 120 31 113 188 133 29 81 100 132 53 26 210 60 116 103 157 122 234 220 98 199 
90 : 199 124 214 59 56 76 47 126 103 28 231 141 210 191 241 79 215 202 182 120 197 226 142 242 185 219 84 156 127 60 94 96 90 154 161 130 207 34 135 177 133 174 155 236 98 209 104 198 233 123 37 146 220 181 201 55 91 35 71 46 158 88 128 206 164 108 58 243 112 81 139 196 29 218 179 212 117 86 186 170 
91 : 53 26 27 144 71 178 182 163 243 247 206 133 162 196 78 249 203 201 75 224 91 147 220 154 103 106 173 124 120 228 216 69 223 45 30 54 39 209 105 221 48 59 179 109 225 226 215 82 170 34 190 148 76 56 43 127 222 93 83 58 112 62 86 32 97 231 101 233 218 113 237 119 122 242 116 123 66 31 
92 : 33 117 166 223 204 202 48 161 113 80 85 118 224 54 241 123 156 221 195 132 94 95 239 126 75 184 86 158 115 178 168 187 200 139 230 116 182 145 109 40 136 70 201 137 174 91 30 207 110 84 55 176 96 64 233 227 120 25 34 218 152 186 32 188 153 219 143 213 147 248 234 46 45 38 164 119 102 183 192 
93 : 81 91 126 30 41 82 196 226 171 230 25 80 43 174 244 55 120 159 97 193 119 116 222 124 152 74 48 189 38 185 139 67 42 49 219 165 85 99 211 123 53 51 202 118 36 57 176 231 200 215 29 135 28 213 65 105 112 179 128 27 143 102 186 130 210 122 60 114 
94 : 53 126 125 231 59 37 106 207 179 149 45 122 146 171 212 249 70 86 81 112 95 103 47 197 178 40 58 162 27 49 101 199 83 123 29 84 158 46 60 32 183 88 124 48 117 31 166 82 30 148 241 52 245 94 224 151 239 201 34 98 223 213 77 97 196 184 177 180 221 142 157 244 72 170 236 174 243 225 218 115 208 43 220 235 227 76 129 144 248 127 176 229 168 240 216 104 89 
95 : 155 241 65 73 187 41 59 68 37 79 51 244 228 120 234 31 177 107 135 44 238 62 206 82 176 246 138 80 215 163 67 239 149 173 98 57 217 48 236 247 133 223 232 145 42 151 96 70 106 64 118 86 180 150 121 63 77 122 220 29 175 61 50 219 137 147 30 101 35 119 47 200 55 117 110 142 148 195 112 
96 : 44 146 132 204 227 84 191 165 59 136 27 234 141 97 172 164 32 196 189 166 144 142 174 153 177 90 41 
97 : 242 208 216 235 34 90 33 133 93 76 29 149 180 91 165 85 95 36 132 42 25 230 92 156 110 112 153 176 30 123 
98 : 70 137 83 162 170 201 155 239 169 55 144 50 164 216 129 195 166 28 81 234 151 127 62 46 119 228 31 131 33 176 159 39 82 84 89 219 197 76 98 246 222 156 90 37 233 117 215 94 188 153 100 136 208 85 133 184 244 235 54 183 205 177 199 193 179 160 91 74 75 203 198 71 130 238 148 
99 : 180 235 150 55 220 242 50 181 245 122 136 42 178 167 189 69 111 133 107 63 142 156 87 25 151 98 165 123 67 190 158 202 37 135 103 116 81 185 65 119 39 113 30 62 206 
100 : 36 165 51 198 157 186 188 179 89 169 55 228 201 144 105 150 246 123 236 193 38 45 32 133 118 230 82 248 233 238 172 184 102 192 209 214 91 190 120 173 97 147 28 76 223 124 135 87 86 116 35 239 218 234 99 143 196 245 225 109 159 68 58 168 61 194 229 78 49 237 125 64 148 108 232 195 171 119 152 107 111 161 160 216 88 219 176 207 40 59 104 
101 : 143 109 240 94 53 66 62 211 181 119 209 121 29 205 58 113 97 57 54 162 124 75 125 46 237 170 230 217 39 52 77 60 245 208 102 248 
102 : 232 35 138 97 155 163 118 233 164 171 176 104 89 95 124 156 195 57 179 105 193 217 231 113 99 120 44 36 201 64 168 199 114 42 150 215 244 242 63 213 219 112 68 206 33 96 185 223 216 186 80 67 159 39 123 30 143 243 194 240 
103 : 120 126 113 61 220 174 52 213 198 45 147 49 205 171 96 226 159 58 83 160 235 106 68 172 246 247 25 53 107 117 124 200 223 71 32 110 207 188 76 176 185 191 227 193 95 182 44 212 145 97 195 105 74 155 142 90 62 98 161 65 
104 : 230 133 207 131 59 164 101 180 235 176 70 150 99 119 165 38 173 178 50 110 120 37 229 43 52 209 190 79 86 248 122 143 39 172 171 58 116 194 208 223 127 147 130 237 102 227 218 158 246 212 216 187 179 75 175 92 57 33 210 145 206 118 184 84 
105 : 157 158 90 69 201 130 171 134 196 109 114 30 58 84 174 106 95 207 119 93 137 70 236 192 104 129 131 180 247 188 220 186 151 232 65 181 150 47 225 76 78 177 136 233 57 54 37 111 166 81 182 244 173 153 118 170 147 139 44 222 184 204 223 249 176 138 49 141 99 62 66 52 108 234 121 67 124 100 155 51 83 191 179 42 237 61 140 229 60 
106 : 40 73 139 205 41 240 126 181 158 97 129 38 140 199 186 230 116 34 151 108 92 102 138 172 174 61 111 210 103 39 192 47 195 177 32 179 212 115 78 60 132 89 207 122 28 190 57 72 36 227 127 70 27 161 83 35 234 113 52 152 55 74 44 96 187 201 211 249 
107 : 64 241 78 195 172 234 70 216 208 152 102 117 147 183 193 191 55 137 73 80 217 224 128 34 180 108 68 202 221 207 43 249 94 223 84 201 115 100 240 182 118 132 48 210 155 103 165 
108 : 93 27 135 204 169 95 225 165 207 203 150 166 106 109 117 71 92 25 65 167 227 237 212 218 214 114 55 198 230 192 159 83 102 122 160 91 224 244 45 
109 : 137 86 68 40 50 192 134 107 72 165 163 204 220 62 195 136 110 170 84 81 240 217 126 242 28 58 205 25 155 152 200 193 101 76 54 148 82 55 37 213 184 63 208 66 183 65 90 210 142 190 88 112 246 202 178 87 53 96 237 187 248 113 109 244 32 49 196 194 153 77 249 219 139 159 128 124 
110 : 132 217 121 225 77 80 138 135 112 89 114 164 99 47 78 174 98 32 130 248 116 95 109 38 39 215 131 187 107 64 170 27 172 201 101 226 146 199 83 26 223 79 49 100 88 53 160 124 62 60 150 220 171 69 205 204 224 189 212 81 165 72 154 173 61 82 63 249 242 222 233 209 211 
111 : 246 78 211 149 172 159 88 27 223 163 156 180 131 123 200 235 114 120 62 64 53 206 171 70 116 226 228 240 75 106 193 98 170 85 108 57 146 101 68 239 192 119 36 145 153 94 218 237 174 136 82 183 177 48 42 150 45 217 118 54 178 166 158 29 160 190 213 191 25 39 51 112 26 117 102 248 222 205 113 110 238 147 162 186 201 143 107 173 195 126 
112 : 110 51 83 160 121 34 25 167 242 104 201 65 183 246 97 236 124 137 225 217 155 222 60 152 140 95 212 162 89 32 117 99 26 122 237 133 207 106 227 161 88 77 40 31 238 54 67 203 129 232 163 149 189 57 73 159 
113 : 225 106 86 109 193 72 144 223 82 247 140 231 27 198 249 152 236 208 128 240 48 153 139 148 37 70 159 217 43 105 142 55 67 177 114 104 81 123 194 121 211 156 53 230 190 52 87 42 125 58 147 192 149 119 209 
114 : 44 180 170 105 161 50 230 201 241 106 99 215 214 188 120 142 59 187 45 134 73 203 154 37 74 91 240 186 228 67 76 165 185 156 129 192 72 113 147 155 137 47 111 218 31 65 163 40 224 143 103 172 242 148 213 227 98 146 200 202 248 112 158 81 69 68 57 184 196 35 36 125 96 145 90 152 246 83 207 55 97 119 221 160 239 53 130 58 138 
115 : 198 154 248 71 175 58 100 159 182 218 122 146 141 50 67 240 126 178 129 72 105 244 64 56 97 96 82 132 115 209 48 133 112 53 138 57 225 45 79 136 117 186 246 151 118 89 35 95 29 52 73 113 148 124 137 144 188 168 38 
116 : 46 228 187 108 231 193 74 53 48 25 62 249 50 122 238 139 94 171 186 183 166 51 147 155 197 220 208 192 212 248 45 32 142 203 244 173 151 76 223 120 121 44 161 31 64 127 129 164 56 70 30 169 105 110 100 36 40 60 109 206 69 93 180 54 181 
117 : 185 238 236 215 43 178 81 207 249 225 143 202 137 38 107 90 30 210 147 44 218 212 40 182 246 103 190 125 159 221 187 78 230 41 109 237 188 115 86 222 235 47 203 66 131 217 179 51 197 240 82 146 151 98 219 213 104 
118 : 189 119 80 46 36 144 238 118 148 60 230 190 44 224 113 217 124 120 62 199 233 48 242 159 132 103 143 97 26 249 99 236 166 40 181 114 191 30 223 27 95 50 198 182 212 33 66 54 127 104 77 146 244 96 219 65 205 177 71 168 176 227 25 170 131 78 43 149 74 202 130 220 112 107 41 
119 : 45 130 136 146 140 167 218 240 148 220 147 222 57 173 151 168 185 127 176 89 69 29 181 200 205 43 177 184 50 155 93 137 63 73 85 234 169 94 79 70 133 213 119 163 61 112 100 156 204 31 244 241 170 
120 : 221 53 141 26 93 68 163 115 178 107 62 239 180 36 80 169 71 208 37 60 63 217 30 199 126 112 168 134 44 233 91 97 232 102 159 90 237 95 248 150 
121 : 133 148 98 224 216 61 49 240 139 156 31 46 163 117 121 220 44 60 208 166 43 82 141 242 248 155 115 56 105 124 223 243 87 193 
122 : 97 191 193 79 185 91 172 243 61 189 50 137 44 138 129 203 67 179 89 205 119 164 41 133 245 160 128 184 
123 : 233 211 244 217 77 78 160 89 201 196 121 144 123 202 47 71 91 101 214 80 99 227 60 178 234 171 195 226 166 46 110 104 218 82 67 193 93 173 51 174 127 194 165 190 57 192 34 157 235 131 45 63 180 102 149 248 27 182 
124 : 189 50 181 42 219 213 152 70 197 242 110 171 199 240 158 230 104 114 83 72 146 102 77 67 58 207 31 46 241 78 51 161 38 97 172 99 129 59 156 243 125 108 55 137 28 231 113 160 177 118 96 61 128 64 98 26 232 40 228 39 229 117 27 44 54 236 133 193 237 141 71 151 68 170 30 192 235 165 
125 : 25 99 78 136 183 98 70 90 214 177 158 49 31 217 196 127 67 213 76 179 117 39 128 197 52 118 248 235 204 203 45 47 145 138 184 161 131 249 172 142 82 100 242 152 29 238 174 93 81 232 63 113 192 236 218 132 72 114 208 187 202 106 168 226 199 85 240 181 220 124 120 243 35 237 191 247 59 83 75 108 223 96 229 164 27 228 57 216 227 135 122 79 38 
126 : 165 48 213 62 61 248 35 137 138 53 227 237 105 181 246 158 37 186 150 56 168 193 167 64 239 59 74 188 185 183 132 171 164 212 88 124 27 
127 : 115 60 76 122 110 85 240 200 139 97 125 150 50 120 83 72 56 218 118 224 80 57 237 226 239 93 190 29 160 161 167 119 185 232 223 81 189 163 234 159 43 86 231 136 192 30 187 144 63 140 249 184 123 194 180 215 247 204 
128 : 162 97 39 223 167 226 245 57 163 249 240 107 59 56 227 99 137 232 48 192 83 25 140 159 156 230 237 135 149 77 173 222 117 216 103 247 47 178 96 212 116 131 132 93 182 201 204 234 89 125 
129 : 115 61 227 70 140 237 139 181 120 213 249 236 73 91 169 122 176 147 135 125 170 165 222 128 187 66 116 
130 : 68 106 65 61 120 184 178 73 109 29 27 219 129 180 56 37 198 127 215 224 51 96 165 57 30 99 76 248 48 227 132 97 159 122 131 137 31 
131 : 183 214 141 189 59 95 240 164 210 53 63 93 188 142 112 140 238 131 58 25 203 126 247 75 46 60 130 52 124 194 233 239 85 236 139 172 111 64 44 91 137 105 121 135 227 193 174 237 160 190 191 223 155 200 221 30 
132 : 124 105 30 217 247 125 184 107 138 83 123 183 55 148 38 139 57 35 51 226 121 62 218 89 157 171 244 176 239 130 137 71 165 127 108 182 211 87 117 192 63 178 64 52 129 170 98 191 181 240 112 205 82 194 145 53 132 70 237 223 140 241 43 114 36 208 119 212 229 185 27 153 78 74 96 179 32 233 54 204 
133 : 192 42 200 133 137 181 234 231 239 135 227 105 219 76 177 30 120 213 149 111 134 215 41 143 217 141 230 145 68 49 44 123 162 206 183 67 207 204 179 128 115 240 73 35 201 25 36 195 91 142 154 121 79 127 43 119 236 87 
134 : 225 176 207 172 228 211 115 184 79 145 43 78 81 229 144 70 73 191 224 57 35 189 46 30 158 159 181 90 140 45 248 241 76 153 109 102 206 39 243 88 174 150 141 187 160 223 197 48 212 204 131 239 245 177 249 136 135 114 34 71 117 86 149 221 82 126 242 104 175 185 99 217 231 
135 : 53 164 85 132 88 167 34 206 226 185 140 25 149 69 64 119 112 214 35 107 52 71 108 172 33 30 47 208 213 40 75 78 82 63 54 189 94 105 148 102 137 162 70 128 123 198 89 237 193 93 
136 : 179 228 140 78 70 235 173 61 106 87 245 127 131 120 64 175 222 85 81 236 65 39 130 246 214 112 149 
137 : 172 106 37 193 189 175 208 177 170 29 56 84 198 235 182 148 67 115 241 228 244 117 124 231 79 156 68 41 31 73 242 202 194 157 162 200 138 133 192 54 111 
138 : 139 142 156 196 183 74 46 140 216 67 245 102 136 53 229 99 249 105 177 202 92 69 241 167 30 121 29 163 150 214 123 161 189 127 226 227 168 77 223 104 103 233 166 41 37 153 152 95 132 215 62 40 119 33 126 195 114 230 
139 : 55 159 58 141 156 38 98 65 63 35 176 208 218 85 216 200 241 107 244 112 228 76 100 163 247 48 245 148 54 113 126 75 115 136 225 174 80 192 93 234 157 
140 : 51 228 144 240 103 210 46 194 243 122 244 27 32 215 69 195 89 193 47 247 68 76 249 213 87 135 165 153 92 246 178 131 170 116 151 154 208 126 95 239 117 206 180 167 54 224 147 179 230 71 220 77 81 143 205 50 115 245 182 84 112 130 44 63 222 158 169 155 138 162 211 93 55 43 113 177 34 164 123 41 199 97 219 53 146 175 28 202 176 134 
141 : 143 156 189 103 174 217 234 109 151 59 222 207 35 127 126 115 190 204 32 212 168 198 169 229 136 180 130 249 247 233 57 70 119 42 242 246 195 147 123 226 31 141 41 43 93 200 145 66 78 64 170 157 46 67 173 150 74 187 45 228 47 154 159 148 94 50 210 124 237 58 48 104 135 155 235 209 184 114 110 243 216 112 105 197 142 179 131 215 240 238 97 153 167 76 213 37 224 
142 : 192 53 91 112 212 218 210 76 198 54 122 188 179 241 155 123 90 115 29 176 207 213 141 96 223 120 151 137 163 174 40 232 180 202 226 138 245 109 200 116 84 33 48 81 184 132 160 64 119 
143 : 187 112 86 126 210 214 50 127 95 149 203 90 192 100 123 196 206 182 35 197 199 242 33 55 228 219 165 89 178 143 58 158 52 240 164 66 198 201 46 74 188 63 222 145 110 181 119 113 204 64 232 138 147 156 152 130 224 65 43 246 84 120 82 155 142 124 41 233 162 87 194 125 177 184 105 39 167 
144 : 228 131 104 80 193 85 58 185 78 164 198 195 110 145 36 65 52 167 235 239 181 123 153 248 59 236 129 45 150 97 38 32 218 180 191 209 126 176 72 98 57 39 165 63 152 199 205 237 73 34 67 222 99 121 154 55 216 204 194 71 141 140 144 83 241 188 142 101 146 122 169 155 162 29 105 68 41 147 158 232 240 138 
145 : 78 101 59 247 198 47 168 127 119 163 103 74 147 167 144 112 157 72 141 33 41 102 85 212 193 234 242 186 69 140 143 105 118 203 142 98 222 210 189 42 249 
146 : 230 41 52 99 101 81 245 142 110 129 56 243 55 74 128 233 173 127 95 136 26 196 144 51 191 150 224 122 116 247 123 195 93 97 219 115 113 166 48 184 180 58 92 182 132 151 192 
147 : 242 150 90 217 214 78 194 61 130 49 163 216 140 100 210 225 106 159 238 108 89 123 144 81 160 97 192 42 137 109 209 36 126 110 66 65 191 34 208 
148 : 40 80 132 183 227 129 135 151 110 131 172 228 161 153 216 97 163 120 75 127 160 189 43 208 164 118 71 92 59 55 238 51 215 229 249 179 204 86 230 154 95 191 235 175 54 152 35 
149 : 201 173 79 75 160 67 84 83 74 145 170 97 210 185 63 87 203 80 222 111 238 227 202 81 140 184 236 150 221 228 110 245 77 92 132 139 105 157 180 166 195 190 64 95 55 120 72 194 101 191 137 247 88 237 138 156 204 181 65 103 149 57 200 33 239 108 107 69 159 94 230 243 235 158 
150 : 215 32 116 201 58 76 210 226 109 103 54 193 236 125 198 69 101 209 175 218 126 72 75 94 165 163 
151 : 72 143 152 176 77 126 103 141 98 153 157 60 237 212 33 146 186 130 167 38 249 129 193 224 74 132 28 194 242 180 216 207 108 39 41 59 219 145 95 31 78 87 204 44 61 206 154 163 174 106 239 234 109 89 107 173 244 80 82 162 64 94 158 217 202 63 236 165 124 188 96 51 222 112 127 56 199 75 49 175 
152 : 29 209 102 124 192 190 99 243 106 220 128 166 240 69 96 116 233 120 235 103 207 191 211 94 57 83 141 114 239 97 46 234 164 241 73 194 38 81 26 136 154 89 40 188 78 198 171 193 95 127 169 153 138 86 75 41 170 30 221 165 145 155 121 245 149 122 79 218 175 131 
153 : 209 167 249 73 204 126 45 110 84 25 123 31 97 77 172 233 228 238 116 243 205 199 218 42 112 211 244 232 114 187 203 120 215 41 79 213 131 61 140 105 46 150 242 190 220 142 194 72 37 115 29 129 50 239 227 34 51 157 86 163 44 139 248 171 237 40 
154 : 222 232 203 37 227 176 139 81 36 50 63 207 215 178 79 73 116 168 220 136 60 65 117 173 190 25 237 177 99 66 34 44 
155 : 205 159 175 171 114 84 144 50 112 61 247 116 220 122 134 180 108 25 58 127 166 77 164 201 80 244 177 188 150 183 193 104 103 248 41 225 138 219 124 34 146 53 210 212 211 27 126 155 95 176 118 158 196 38 241 98 45 62 181 240 55 249 123 238 151 97 35 223 30 109 148 129 89 147 224 192 236 100 203 32 208 153 178 
156 : 80 217 179 55 117 54 131 234 81 150 200 188 25 136 64 69 209 89 32 227 165 205 216 98 181 219 124 86 246 237 87 242 224 108 57 214 44 73 192 26 93 67 212 240 51 47 139 123 187 110 84 35 157 158 180 102 88 97 77 161 66 168 229 52 42 100 182 78 50 61 222 153 239 48 137 72 114 148 160 149 175 236 59 99 140 193 68 202 184 163 63 43 92 29 49 
157 : 216 191 106 225 198 154 127 101 192 54 104 120 81 34 46 91 166 197 97 77 153 249 102 108 67 92 47 181 98 30 105 115 162 40 126 203 213 231 113 238 243 56 142 32 176 84 52 167 236 125 29 57 136 26 148 130 172 168 94 141 28 226 235 163 232 222 43 178 36 69 138 72 188 229 119 158 123 220 45 66 244 182 219 79 160 100 206 
158 : 220 121 178 235 199 174 109 202 100 98 207 194 51 210 238 223 200 101 227 244 82 41 94 84 26 147 203 163 176 143 110 92 107 90 141 153 118 93 38 125 114 53 106 234 222 242 31 186 232 158 130 152 
159 : 217 190 205 202 57 36 240 74 33 66 170 116 111 174 70 46 47 143 78 158 87 77 139 171 248 59 169 236 92 137 201 53 141 25 179 153 154 32 133 69 144 163 142 233 160 49 104 218 97 192 226 121 127 42 35 211 209 29 237 102 167 151 65 207 230 180 122 
160 : 134 141 36 158 49 181 98 153 65 26 169 39 113 230 147 190 96 187 175 29 202 70 102 58 200 91 125 63 83 129 75 246 215 79 86 108 214 47 192 128 120 59 95 243 43 
161 : 218 154 139 155 167 130 86 202 223 81 227 99 85 168 40 37 78 239 59 42 194 38 196 50 149 48 163 43 195 58 175 132 136 169 119 71 126 213 39 178 135 75 142 157 203 192 219 114 98 72 66 116 89 234 185 208 204 46 199 158 201 65 100 207 164 35 190 230 188 108 138 210 107 243 214 131 247 57 165 176 171 94 226 117 113 236 179 
