0 : 126 197 88 192 139 70 215 168 125 212 77 183 48 80 191 141 54 224 45 98 47 138 205 171 71 108 26 182 153 167 59 240 223 179 180 145 160 67 25 146 184 37 186 33 176 38 111 40 151 238 41 156 199 44 39 109 93 206 85 166 189 220 73 28 114 155 81 243 120 113 57 147 152 175 226 76 92 87 150 229 82 131 
1 : 145 75 152 47 148 166 37 110 207 245 211 28 70 146 117 126 175 215 112 220 249 236 162 48 111 101 161 168 124 54 53 139 199 25 210 136 133 68 57 122 120 142 
2 : 49 196 157 105 118 200 37 95 199 104 123 143 72 98 244 43 138 47 146 229 77 171 76 63 124 32 102 164 163 240 184 122 46 60 59 51 58 89 
3 : 149 237 92 136 85 222 203 27 234 104 196 173 44 43 59 202 45 247 183 166 246 164 124 137 119 191 72 118 138 41 37 95 205 232 93 69 130 96 230 144 159 56 204 49 48 157 26 245 162 212 195 
4 : 60 228 151 121 87 51 182 244 63 45 32 178 160 186 193 96 77 34 194 146 199 109 37 75 52 245 67 207 225 217 65 97 105 190 70 126 187 116 46 85 145 95 200 133 29 31 106 201 72 236 123 127 25 176 197 247 180 164 167 191 241 157 162 80 208 235 117 108 89 
5 : 108 181 201 197 54 165 33 132 62 138 71 66 214 221 131 75 223 160 87 29 149 192 196 233 82 203 179 61 119 243 79 220 172 85 57 104 245 92 185 90 81 162 182 173 190 230 94 68 191 93 205 170 30 55 67 194 83 239 134 167 84 142 39 
6 : 25 145 216 143 56 132 233 58 84 125 218 165 191 35 194 110 121 57 75 162 164 205 69 180 163 89 
7 : 44 222 159 208 61 103 52 49 161 178 122 199 68 70 187 46 139 209 130 111 156 91 97 150 74 241 242 125 95 151 53 117 158 246 131 55 90 188 62 76 104 237 77 192 169 116 244 149 165 65 200 67 218 
8 : 90 81 182 142 236 147 57 139 209 175 206 86 113 78 153 158 121 34 73 211 94 172 99 229 66 32 37 163 79 43 
9 : 182 81 63 57 84 169 102 140 189 106 160 114 73 100 155 86 62 93 121 110 149 25 236 66 249 163 241 111 98 67 202 77 197 94 217 69 248 234 158 173 74 220 222 207 89 99 71 107 194 153 196 103 96 105 134 239 208 133 29 199 
10 : 137 169 103 174 187 93 40 86 152 238 105 220 131 53 249 166 217 136 247 58 235 181 124 185 117 151 89 116 67 167 229 150 52 119 51 30 60 225 128 134 101 81 183 212 45 49 162 213 83 146 33 199 211 115 80 71 244 87 95 122 82 168 34 123 215 179 104 158 160 43 245 94 110 176 143 230 62 41 196 54 144 209 125 29 
11 : 82 242 161 220 41 131 142 34 150 151 158 197 42 69 107 193 92 44 119 48 207 47 153 204 73 141 241 29 28 49 186 227 179 90 139 148 32 136 187 213 62 35 59 238 114 71 123 86 190 135 168 210 55 200 58 130 194 234 211 46 64 76 246 218 
12 : 166 199 39 232 160 195 96 245 207 132 43 191 152 72 26 169 196 118 153 81 182 38 143 221 32 217 65 67 197 202 59 214 173 99 192 69 224 216 68 110 123 136 74 128 168 42 97 107 95 92 124 175 120 201 158 234 127 144 44 236 60 204 213 87 203 
13 : 112 130 43 151 162 238 155 185 36 84 108 29 144 178 247 107 128 39 179 245 133 135 26 31 235 216 175 101 186 25 164 106 122 192 197 181 116 50 114 226 152 229 173 166 113 123 145 35 243 45 139 210 160 132 34 142 172 201 61 143 92 42 120 57 99 204 75 242 150 134 203 246 74 
14 : 62 178 29 209 226 81 104 84 201 220 140 181 183 110 67 38 214 68 70 101 170 194 124 54 165 187 219 175 230 74 113 157 189 160 238 51 97 196 190 53 129 195 28 215 164 78 241 
15 : 80 164 77 221 102 34 31 157 74 37 79 201 200 56 76 174 101 158 185 123 50 98 211 86 227 206 38 46 248 78 104 232 66 59 196 215 143 119 231 237 146 202 230 245 
16 : 177 64 62 203 25 70 114 69 106 200 246 117 36 198 238 123 126 111 49 143 32 182 213 42 83 228 115 40 140 120 154 89 92 44 161 56 247 223 33 
17 : 210 220 94 198 217 246 57 66 182 180 108 243 31 137 117 222 34 177 77 140 226 101 119 106 231 74 159 114 248 40 83 245 155 212 44 58 95 131 235 183 93 28 
18 : 195 151 128 248 180 37 113 120 218 78 166 58 168 49 134 126 84 213 161 29 160 179 178 118 103 137 247 38 132 32 114 210 201 115 88 117 202 246 175 204 
19 : 85 59 178 88 141 218 174 30 177 116 63 65 214 155 91 224 153 119 125 86 231 118 245 143 239 207 216 186 196 82 34 110 27 133 78 199 69 35 242 208 188 58 97 142 243 205 246 75 228 152 50 98 201 
20 : 228 193 73 181 235 128 234 114 144 41 248 217 211 103 127 83 99 50 249 49 46 93 119 135 189 171 146 183 58 65 153 238 141 197 198 
21 : 88 28 149 172 29 242 236 225 163 126 173 214 44 95 201 230 174 162 64 79 83 182 43 157 113 121 91 245 55 59 87 223 175 
22 : 243 185 170 32 204 83 224 226 236 241 244 160 85 36 137 84 144 145 118 203 246 65 220 135 122 187 29 96 212 173 155 100 174 28 37 229 206 30 209 157 128 47 67 38 233 211 175 191 130 104 181 182 152 61 44 26 162 94 202 153 58 183 120 247 177 230 78 147 
23 : 95 242 66 107 241 29 114 198 27 183 77 182 112 65 104 42 218 167 39 204 196 63 238 131 195 26 221 151 44 94 249 50 84 169 200 222 60 199 134 97 144 116 205 88 214 30 126 31 48 248 121 67 36 62 52 150 68 174 32 53 209 220 235 93 234 140 38 171 147 163 
24 : 137 65 66 130 55 77 187 180 183 36 75 170 67 118 86 230 192 39 80 166 81 50 76 241 116 117 94 89 148 236 219 156 70 144 97 72 48 214 100 184 58 199 63 26 41 223 52 172 49 179 43 197 149 224 225 157 203 104 163 129 126 132 33 248 209 99 56 110 239 229 42 233 107 177 45 53 28 145 195 175 146 190 133 164 153 35 
25 : 62 131 114 183 156 163 67 112 26 161 33 226 233 133 240 77 190 65 217 139 175 236 174 69 194 42 241 205 130 120 29 169 60 91 105 182 30 235 160 213 25 187 204 158 177 82 50 87 106 247 136 90 116 199 123 220 
26 : 217 134 138 58 232 75 81 220 110 42 26 181 68 246 221 241 227 74 32 164 96 71 163 206 172 117 233 57 48 39 66 149 91 223 107 178 160 111 170 243 55 157 49 162 103 229 115 61 86 205 153 194 146 88 132 216 73 
27 : 166 216 115 146 187 148 94 110 60 147 73 178 153 101 34 36 79 52 132 53 71 119 100 86 157 217 92 104 54 67 31 225 249 183 47 141 182 184 161 205 150 244 63 118 42 222 56 44 193 48 96 29 93 199 206 40 108 221 136 
28 : 223 87 176 237 175 53 97 67 230 117 114 46 78 189 154 90 244 167 168 70 174 140 122 62 188 109 144 40 229 47 171 152 100 77 57 195 221 94 107 135 210 124 59 81 48 98 148 226 245 41 68 116 113 131 233 159 95 84 192 110 101 63 105 43 179 56 185 60 32 173 37 172 136 25 177 236 137 86 202 164 
29 : 96 129 66 161 196 57 121 142 81 59 83 214 60 98 133 103 105 90 89 88 102 93 125 61 154 181 91 170 211 207 41 136 203 228 55 209 241 141 120 92 146 199 116 248 
30 : 43 40 237 53 101 157 155 233 147 82 202 184 169 241 131 55 34 120 74 212 72 185 144 190 160 211 97 152 174 51 93 
31 : 46 196 157 81 73 160 64 243 197 105 87 139 158 244 32 135 65 86 90 212 71 53 52 211 209 106 175 78 25 95 109 30 38 55 242 141 156 58 62 104 190 118 27 208 181 236 117 99 186 98 124 121 226 205 113 146 67 172 232 145 120 
32 : 112 143 127 73 175 221 115 92 154 138 235 215 85 190 189 133 194 105 239 202 229 39 97 61 177 217 44 58 25 174 193 169 72 225 220 103 95 38 36 223 203 59 151 78 119 42 117 118 79 30 49 70 89 126 
33 : 121 127 158 188 240 112 65 85 175 136 109 61 30 157 224 219 211 231 143 113 229 230 114 200 139 147 117 62 37 46 44 106 51 84 160 159 32 245 145 105 178 66 111 149 73 151 195 198 129 98 249 152 25 154 35 52 201 38 47 68 192 156 118 125 
34 : 188 129 116 207 66 248 73 26 118 191 200 119 212 53 149 153 77 128 133 83 155 31 51 64 114 106 95 86 74 173 197 239 121 157 61 50 175 201 163 151 43 85 93 124 194 204 140 152 176 92 60 225 144 203 184 199 71 136 249 238 55 190 104 115 36 47 221 97 102 161 246 127 160 185 88 164 241 
35 : 37 222 103 81 243 71 213 237 198 46 44 166 34 89 151 153 211 137 77 157 61 111 40 60 195 130 100 83 108 134 158 26 33 190 236 183 131 42 63 104 97 221 142 206 99 123 107 54 214 152 72 73 154 119 112 176 170 35 87 239 80 36 220 160 197 145 155 189 147 120 224 
36 : 75 192 230 150 229 190 144 160 187 43 122 168 171 112 103 202 29 31 149 90 120 52 184 195 96 86 63 207 220 104 138 231 131 40 136 44 101 
37 : 120 65 124 70 116 220 242 154 67 50 53 158 150 39 233 184 32 110 88 98 176 195 238 160 139 68 90 132 221 81 180 130 231 192 54 131 159 108 40 102 248 169 205 121 36 212 55 
38 : 78 169 71 42 104 112 60 159 242 199 133 233 230 74 28 40 153 45 35 110 91 76 101 200 97 214 43 135 69 87 107 48 176 92 106 239 51 161 53 243 44 26 218 219 25 146 177 167 180 209 123 165 244 
39 : 220 173 111 31 32 38 246 244 41 50 81 190 187 96 99 27 130 113 152 28 114 134 123 109 34 29 118 107 195 139 33 149 161 223 86 116 103 228 209 129 168 184 90 208 181 55 95 245 42 193 247 180 217 133 186 119 137 88 67 151 136 175 169 49 108 122 
40 : 30 153 88 94 45 249 245 146 204 44 79 63 167 42 95 162 37 40 150 199 222 237 214 98 185 122 223 165 174 224 70 147 211 65 145 66 232 142 25 102 113 209 193 
41 : 123 162 38 218 125 37 101 212 47 216 243 177 158 194 71 239 61 78 136 159 82 93 69 157 46 229 238 141 48 30 234 241 83 133 181 109 110 211 36 233 215 190 207 68 199 228 210 180 179 146 99 174 142 145 137 227 153 100 173 76 55 77 135 170 204 193 129 184 49 225 166 150 74 244 53 40 88 56 203 249 247 221 182 220 128 29 
42 : 98 85 36 25 81 118 156 152 126 84 198 180 101 49 43 174 223 209 153 89 77 217 74 113 199 40 179 177 129 28 234 116 143 244 160 212 175 124 222 34 226 243 80 53 96 104 67 140 157 202 51 166 87 
43 : 97 146 248 95 193 225 120 135 134 224 141 210 42 69 106 191 91 238 244 188 129 145 37 229 116 171 160 44 52 68 169 27 147 212 35 179 170 54 65 208 247 
44 : 225 34 179 243 50 184 114 162 231 221 224 139 52 146 134 77 105 174 55 92 38 220 129 133 66 68 213 95 163 120 199 149 39 99 32 51 173 85 201 116 108 81 46 235 90 188 181 78 169 31 88 197 211 156 165 228 246 75 121 215 28 166 202 210 72 93 152 
45 : 151 64 243 83 44 115 46 200 224 226 57 92 240 153 65 194 127 245 124 163 82 246 247 33 249 157 26 129 212 235 242 143 170 42 175 60 203 28 207 230 71 215 119 158 81 239 45 47 121 98 140 61 117 234 108 193 225 134 209 232 126 138 32 147 222 182 172 135 168 27 159 104 50 
46 : 233 124 129 105 49 225 240 104 191 100 94 103 216 126 95 212 131 181 214 59 52 54 180 241 170 70 176 57 210 186 193 71 87 175 73 146 102 163 112 234 244 136 62 39 50 172 199 223 65 67 
47 : 240 67 63 136 85 220 194 62 174 116 181 140 222 41 241 177 38 104 101 179 187 58 29 64 60 86 230 158 111 182 208 211 56 161 84 100 124 131 171 189 214 97 73 245 201 193 135 46 163 249 206 229 122 176 54 184 231 130 102 96 207 185 154 197 39 138 71 151 243 72 172 50 
48 : 139 76 97 217 140 52 221 155 34 120 100 213 180 99 61 119 106 193 112 234 122 37 26 130 49 242 192 187 36 103 31 230 238 32 114 39 188 184 171 163 68 240 239 127 224 215 40 203 125 81 247 232 243 113 89 43 44 141 134 209 169 
49 : 248 72 135 171 147 126 32 131 245 107 160 74 26 75 127 232 91 57 103 216 30 114 69 227 207 162 78 51 65 205 224 66 218 
50 : 52 172 203 135 86 157 160 232 137 176 74 44 112 110 205 186 147 73 106 60 154 107 64 90 194 189 29 118 197 191 66 125 62 142 153 129 55 
51 : 77 249 110 117 229 102 59 75 228 49 68 90 245 98 116 143 190 119 133 166 135 100 43 216 232 227 207 182 56 159 157 63 180 138 172 85 101 178 198 177 217 61 64 171 69 199 124 
52 : 46 135 63 96 225 112 53 246 237 146 249 107 125 243 189 245 69 62 138 70 68 170 106 155 52 126 54 209 115 188 142 215 218 25 165 168 109 56 124 93 82 86 190 175 183 50 61 192 147 80 148 128 201 101 60 247 132 151 121 120 222 228 161 100 163 194 173 29 213 238 198 40 137 55 217 240 159 44 212 199 127 133 239 38 
53 : 60 49 46 41 84 215 95 56 149 156 118 214 37 146 100 199 110 241 44 142 179 151 87 164 216 232 237 140 117 108 91 202 144 54 106 225 68 102 211 124 115 
54 : 197 122 61 108 239 38 33 150 227 36 85 158 147 44 68 137 162 159 241 204 200 92 48 143 185 47 49 207 26 86 156 177 112 118 32 194 212 113 110 125 117 107 79 148 168 57 215 179 152 63 29 53 238 129 88 196 104 208 192 98 91 205 74 145 213 218 114 72 55 219 116 249 175 228 171 131 202 102 221 64 106 
55 : 149 125 84 139 53 169 65 104 205 101 153 164 107 129 249 57 199 145 163 73 160 188 59 244 171 150 48 200 220 58 28 194 29 122 236 44 174 36 78 109 196 41 116 175 83 39 50 97 208 85 133 99 27 226 93 197 228 154 211 167 166 156 128 238 94 119 
56 : 69 142 56 223 226 240 199 241 227 67 88 214 198 207 231 177 192 247 97 91 193 224 234 27 113 143 129 
57 : 46 213 186 143 42 142 37 234 110 78 101 69 155 120 40 220 52 58 171 99 38 200 106 117 65 26 191 144 70 136 130 156 67 219 177 44 149 154 189 195 94 230 39 214 166 239 216 236 35 217 153 123 231 194 146 151 183 205 211 135 
58 : 57 195 220 175 240 177 186 35 235 41 102 162 48 127 174 112 75 184 47 197 115 239 108 143 178 28 206 40 238 158 232 219 56 243 139 242 88 70 236 110 25 68 167 225 188 58 136 163 30 176 119 27 228 246 137 76 26 82 42 113 210 91 100 111 142 92 
59 : 59 156 50 234 90 151 136 171 120 184 65 239 230 211 132 86 172 200 73 52 229 160 159 202 133 246 226 67 169 242 43 131 126 249 110 149 150 100 232 84 102 182 244 56 78 53 98 193 91 173 243 236 93 74 114 219 168 235 113 76 89 145 87 213 208 96 148 188 38 209 81 94 240 31 40 221 118 
60 : 87 174 110 88 215 168 70 98 25 212 28 207 156 117 203 173 172 136 192 35 191 114 84 165 82 242 222 142 76 
61 : 174 211 242 71 144 167 98 72 130 162 215 99 128 155 205 171 127 182 214 249 181 146 36 103 53 194 68 237 140 166 230 159 248 33 176 55 92 200 117 114 197 246 133 29 115 
62 : 100 222 119 140 61 215 180 44 249 246 154 36 105 55 136 186 127 101 80 34 231 28 199 81 138 29 59 
63 : 183 52 220 165 142 63 105 137 42 127 221 39 131 62 164 117 124 90 242 25 166 106 57 43 219 232 215 228 169 202 28 187 186 159 68 
64 : 167 99 128 209 208 40 182 222 94 203 72 37 153 198 47 162 76 60 156 127 158 243 183 185 43 204 97 196 118 52 107 189 249 163 80 98 44 221 70 217 110 199 181 59 246 62 171 34 237 164 104 239 180 176 93 137 
65 : 105 201 112 70 154 143 96 130 184 133 176 28 66 195 87 47 134 220 191 205 46 212 123 99 76 234 93 86 71 230 228 218 179 155 221 190 161 84 231 145 120 73 235 163 206 196 116 
66 : 92 179 83 104 198 183 139 112 88 53 94 249 71 189 119 51 208 215 48 138 181 221 110 32 182 60 147 134 125 127 93 128 155 91 86 173 172 108 157 34 115 109 
67 : 127 248 185 169 37 194 89 154 72 137 203 211 58 50 98 217 143 181 149 33 183 66 71 226 39 61 219 145 221 82 164 80 126 193 198 187 35 120 156 88 232 110 241 94 87 63 108 125 244 77 165 134 103 163 225 132 84 130 105 136 175 95 104 64 224 206 229 101 190 93 123 121 237 161 188 57 30 146 26 53 230 85 
68 : 222 27 136 72 232 61 233 33 137 70 92 177 229 93 210 104 57 69 144 78 48 215 249 97 234 216 191 201 131 168 193 218 146 194 35 243 192 165 62 28 170 206 64 186 203 126 80 129 198 163 46 106 135 113 29 167 54 59 153 174 204 148 123 100 67 82 118 119 188 63 199 151 245 157 239 230 107 141 213 164 96 101 90 
69 : 149 197 236 130 127 248 104 108 167 87 121 123 220 142 41 116 73 79 219 168 57 213 218 214 35 27 178 232 107 106 157 119 216 191 95 90 144 50 37 36 141 136 134 243 230 47 201 48 188 227 25 159 151 235 74 44 162 98 249 40 185 71 129 88 193 208 161 103 146 210 212 237 164 49 229 139 238 140 205 173 
70 : 58 98 96 75 238 173 224 122 208 52 50 247 220 194 162 33 206 239 113 71 222 141 142 183 42 103 188 163 85 84 97 100 131 69 235 148 102 82 104 184 153 135 171 86 228 243 43 
71 : 51 197 161 249 231 26 160 91 247 57 62 92 110 170 115 69 202 212 171 229 71 140 132 94 118 148 139 79 46 168 106 104 103 153 156 97 125 70 96 164 147 211 128 193 137 33 190 90 40 119 144 227 29 99 100 76 169 236 175 55 213 42 180 174 187 65 117 179 50 205 36 141 54 145 
72 : 114 220 234 152 118 119 123 154 186 48 98 125 106 190 199 141 70 244 28 183 162 145 42 34 91 167 249 61 212 41 100 211 184 86 243 209 237 88 82 37 170 181 54 39 160 215 228 
73 : 91 113 26 212 169 109 154 179 29 133 66 242 178 185 165 234 221 160 50 47 227 31 92 187 80 143 100 59 231 166 33 68 217 173 69 101 65 85 40 120 163 244 84 239 204 245 192 150 108 194 170 199 121 205 230 90 238 86 71 208 39 125 67 130 159 224 
74 : 183 161 81 233 109 178 67 78 152 90 187 239 169 38 29 98 57 42 117 73 107 37 146 52 36 83 89 208 30 238 31 95 132 144 120 193 176 185 225 92 236 142 125 94 180 179 217 35 173 205 54 222 75 198 196 129 28 112 80 141 158 82 195 147 159 241 113 199 49 202 74 247 128 
75 : 29 99 152 197 179 220 77 137 124 88 201 208 32 153 34 236 132 72 58 108 186 216 135 67 120 89 190 198 241 26 79 215 93 101 69 54 131 150 121 117 80 154 174 230 227 82 228 143 119 123 140 53 223 63 122 159 170 219 172 46 156 209 65 51 192 92 90 98 213 113 96 199 243 148 248 40 249 35 194 126 217 136 68 149 38 176 
76 : 77 216 211 195 226 167 198 185 29 67 243 75 120 161 171 134 35 190 70 218 245 60 87 102 212 191 155 240 99 223 81 131 229 91 69 41 116 148 164 28 73 188 106 89 132 154 215 201 34 144 56 90 239 51 200 118 74 137 172 61 80 149 150 237 128 94 174 117 30 184 25 96 101 242 114 124 231 84 39 88 
77 : 44 100 48 95 80 172 231 181 31 177 199 216 235 54 112 131 32 190 82 229 40 57 30 132 197 194 97 36 152 168 221 210 119 
78 : 75 248 95 145 146 129 170 150 109 222 190 160 159 103 86 232 77 27 228 192 56 116 88 50 194 73 66 41 153 135 91 
79 : 99 95 177 156 68 144 203 40 240 98 110 73 247 182 224 226 53 137 83 33 215 202 220 155 242 140 191 50 146 116 138 69 199 118 60 108 161 230 43 31 221 159 198 211 124 25 34 112 201 197 42 109 123 165 162 208 54 66 57 71 48 136 65 193 62 234 86 113 158 88 181 147 72 77 133 132 218 38 70 89 55 
80 : 238 100 145 248 69 171 123 239 223 226 55 62 192 54 141 92 146 33 228 208 114 217 130 218 87 240 219 38 155 215 193 78 67 75 245 205 170 156 57 132 195 27 35 247 244 198 181 222 120 211 39 152 200 95 224 220 37 163 109 182 225 
81 : 220 116 130 99 34 197 191 86 219 28 226 154 141 235 42 120 72 88 246 40 38 134 26 213 238 135 227 152 214 167 221 81 
82 : 175 135 195 43 173 198 60 58 138 246 115 93 124 132 233 190 62 193 82 42 137 52 192 180 26 59 129 
83 : 200 149 119 152 98 242 137 115 75 32 248 172 243 247 196 179 117 131 235 216 130 37 203 143 189 49 245 70 72 127 239 165 54 150 106 210 65 191 224 40 234 206 80 219 38 96 45 43 228 81 59 
84 : 175 187 231 247 199 103 218 38 180 227 249 146 239 94 245 248 54 236 123 82 145 78 55 92 30 106 198 161 47 76 95 181 216 79 210 34 183 44 191 219 232 157 196 204 117 221 178 49 50 205 35 108 134 60 182 105 226 203 27 209 58 75 61 133 206 168 174 162 244 214 211 154 88 136 101 193 153 69 130 97 72 85 111 212 63 
85 : 62 188 111 236 48 27 137 75 104 68 120 222 148 98 229 130 119 146 216 218 38 193 121 109 118 80 239 
86 : 228 245 199 235 39 219 211 129 48 241 33 113 166 182 243 192 132 204 34 49 89 126 233 85 203 210 25 116 35 161 112 141 146 117 151 200 28 57 226 209 247 198 30 41 125 60 119 172 230 121 124 168 36 37 248 81 88 139 159 87 165 76 157 150 70 54 94 32 120 214 148 96 115 86 64 
87 : 217 121 153 124 201 70 242 51 93 144 171 123 110 95 206 28 46 161 80 35 50 177 233 109 170 239 237 122 89 173 116 135 40 112 56 99 105 59 191 194 248 106 221 230 82 69 118 196 247 180 91 102 76 178 113 220 184 202 138 83 163 193 224 62 30 130 85 187 199 181 57 39 236 26 149 141 52 72 213 148 209 38 
88 : 245 105 27 98 107 158 195 80 238 163 181 175 88 248 136 59 187 128 202 196 46 219 74 169 103 201 165 70 237 124 93 173 
89 : 174 109 229 237 126 183 45 34 102 166 127 216 33 89 219 104 191 84 100 39 43 172 133 212 243 136 159 187 86 208 139 82 76 88 121 175 48 108 98 118 113 190 106 150 57 110 185 238 66 132 40 29 72 83 51 170 194 241 122 231 26 46 52 184 42 205 50 
90 : 239 232 132 114 244 223 71 198 182 221 147 185 178 197 141 214 134 213 236 143 130 116 240 224 60 229 81 50 133 34 156 216 27 62 184 72 67 152 142 183 135 190 37 120 233 68 202 121 193 32 61 196 29 33 129 104 38 52 65 162 205 222 102 112 149 26 122 171 243 43 211 128 103 
91 : 83 59 33 200 180 81 181 107 71 199 249 116 149 172 228 233 67 148 86 26 182 129 221 227 198 87 88 134 243 68 99 96 202 103 135 133 106 52 58 125 84 37 90 32 39 179 137 234 122 239 190 201 126 112 117 54 151 60 
92 : 58 212 76 73 48 119 159 190 203 165 236 169 29 83 211 88 82 97 160 239 144 230 71 136 142 63 217 154 157 67 151 205 170 241 44 85 243 89 184 215 118 81 39 166 74 196 32 131 187 86 93 209 140 176 177 43 237 221 94 130 210 201 112 84 108 220 191 31 156 128 50 234 245 
93 : 238 28 53 93 178 164 144 174 172 51 161 115 221 37 233 165 65 47 215 219 88 74 82 104 91 171 192 77 235 58 69 157 110 118 187 145 38 179 96 117 25 106 140 133 66 90 109 217 
94 : 207 212 90 81 84 28 75 166 27 110 196 102 47 231 92 178 36 107 170 106 137 236 233 189 227 202 181 59 164 118 39 125 228 224 241 108 69 83 151 121 32 52 126 77 
95 : 243 71 188 192 241 238 234 123 185 211 47 113 240 112 105 115 177 75 109 142 40 95 158 190 226 86 225 84 
96 : 245 70 59 206 180 141 159 84 217 244 119 51 123 162 191 216 152 57 107 32 239 69 157 218 72 200 85 92 173 139 91 213 158 165 175 78 220 134 61 188 236 240 39 189 75 90 223 222 79 122 77 179 140 177 248 101 133 
97 : 128 222 42 108 50 190 43 28 55 146 244 133 106 188 186 205 155 87 67 167 179 177 164 215 147 238 47 68 115 218 83 246 200 213 119 149 58 168 41 220 219 145 198 90 216 154 170 160 207 223 242 35 98 136 97 37 228 214 225 109 85 88 230 111 195 126 245 57 123 217 80 137 166 144 240 231 81 156 
98 : 245 216 72 57 191 109 87 101 96 85 211 33 94 166 205 139 83 66 97 55 30 185 25 44 192 230 155 204 231 107 206 143 41 32 186 135 69 65 112 171 158 45 181 128 215 73 123 159 105 221 203 111 180 168 93 151 80 235 82 74 47 202 117 160 227 127 68 144 124 156 
99 : 113 118 222 47 63 85 135 187 123 243 130 220 115 103 153 136 247 167 138 108 34 179 97 223 106 245 165 200 232 79 233 231 131 225 133 218 104 190 197 213 90 62 146 139 27 128 240 192 44 51 42 143 211 206 181 117 122 40 182 102 164 144 219 76 237 186 35 39 226 244 150 53 25 
100 : 73 141 122 242 211 53 147 153 65 166 134 99 207 235 222 146 217 86 59 100 130 62 192 232 125 94 138 137 160 25 28 180 46 72 203 83 237 39 229 225 233 106 33 247 183 89 76 51 136 30 234 
101 : 162 153 217 109 29 59 121 212 31 97 68 229 79 129 47 226 105 117 194 48 220 197 39 138 72 
102 : 108 69 195 47 113 123 148 217 233 139 172 93 192 215 132 162 121 128 127 54 112 120 133 26 210 170 97 244 191 227 30 
103 : 41 50 70 25 147 120 116 214 192 144 103 132 65 83 117 219 130 199 35 156 90 159 59 51 80 198 101 152 157 123 72 97 45 227 188 100 212 133 61 239 195 99 237 216 202 75 191 179 185 31 87 129 126 249 183 213 33 226 71 53 245 141 85 153 236 124 58 148 105 234 173 180 184 201 203 111 149 115 
104 : 130 120 77 27 181 240 97 199 131 87 49 228 118 133 33 161 38 226 29 146 53 54 159 221 55 245 188 32 114 69 171 194 243 220 110 86 200 52 28 37 179 248 30 74 211 127 124 168 191 95 139 48 39 138 60 36 25 192 89 197 244 249 155 141 204 151 178 121 236 107 227 41 190 196 125 
105 : 184 123 176 98 186 33 131 148 172 218 74 34 127 40 59 87 173 83 167 222 84 187 69 151 109 166 26 70 93 227 100 155 248 245 203 211 150 207 132 163 112 117 50 199 31 88 212 175 161 64 76 122 106 142 46 133 177 139 58 116 239 189 232 156 130 241 164 209 121 96 86 210 153 193 181 29 224 43 134 198 91 171 95 158 38 129 
106 : 174 125 134 187 97 237 162 135 189 29 54 35 56 33 30 61 116 228 175 81 246 186 153 127 247 32 40 161 41 159 234 63 184 207 238 45 79 78 199 180 193 65 203 52 143 73 169 55 202 171 62 211 43 210 123 128 96 112 154 44 26 86 77 42 209 217 170 76 197 241 141 212 139 36 182 206 91 72 119 145 131 117 90 244 
107 : 118 136 161 97 77 91 57 39 200 165 37 108 34 245 183 230 202 150 186 70 88 247 233 201 167 143 197 147 35 122 211 138 237 87 203 26 195 93 224 188 124 198 92 208 55 56 
108 : 134 32 244 171 242 92 196 218 119 179 155 61 238 54 76 51 122 93 181 230 95 209 100 39 83 29 35 73 89 149 205 178 185 249 183 163 111 36 115 38 42 105 
109 : 173 75 223 110 143 98 115 104 108 74 106 84 142 72 240 50 241 29 168 49 226 219 209 205 91 136 134 210 233 80 200 148 97 43 215 164 
110 : 193 149 231 220 134 36 243 89 40 50 32 67 233 165 187 217 52 135 228 164 240 78 147 132 188 70 175 
111 : 104 78 154 109 185 171 98 223 172 242 123 213 75 203 102 89 93 73 183 80 193 206 153 212 164 101 178 83 125 225 191 100 167 82 247 118 50 163 86 176 200 59 150 211 110 128 41 174 
112 : 29 197 142 129 163 220 211 180 87 130 156 188 151 147 241 226 37 152 93 97 91 222 169 65 154 36 107 205 149 64 109 88 228 44 83 59 52 26 105 155 233 133 45 195 50 49 104 95 214 122 72 198 103 111 
113 : 150 223 69 186 213 62 114 108 220 139 171 111 50 181 224 70 41 75 76 29 206 153 47 55 214 36 26 210 107 179 103 81 137 194 30 104 198 189 140 141 48 58 37 96 161 
114 : 54 243 213 179 215 187 231 113 249 56 209 139 183 217 38 131 28 149 190 164 147 186 202 126 30 110 35 65 134 77 52 153 200 31 203 40 141 95 118 90 182 99 192 160 244 132 193 239 224 177 93 159 138 112 181 34 184 128 62 237 233 67 111 60 174 155 218 158 76 211 105 176 180 173 83 66 197 185 154 204 
115 : 25 239 180 100 66 32 249 159 115 33 62 166 105 117 171 74 193 26 102 231 147 73 174 148 242 241 237 96 191 209 176 183 226 77 75 51 54 187 38 127 83 71 28 240 210 164 99 220 55 119 78 236 188 205 139 167 27 219 29 227 
116 : 108 31 230 82 128 197 131 84 54 127 94 103 113 86 227 208 132 218 172 55 204 42 74 141 26 203 173 220 77 206 51 190 142 179 75 186 201 40 171 202 67 168 41 193 163 221 129 209 109 66 
117 : 41 29 222 46 144 114 215 190 48 223 198 132 57 143 52 75 119 230 231 212 245 80 140 89 238 35 112 64 121 162 165 219 150 149 191 123 120 246 228 79 97 111 189 83 73 45 151 158 244 233 173 183 220 204 185 37 163 160 109 100 124 194 240 56 78 192 134 206 136 122 66 224 205 235 145 59 201 93 
118 : 43 48 58 207 60 249 219 193 150 204 205 39 55 180 247 189 158 203 79 229 28 234 95 168 195 107 200 163 235 32 160 31 223 66 177 29 186 82 243 105 70 126 72 64 111 170 145 40 174 197 38 34 104 36 51 53 222 57 129 141 116 230 159 99 101 146 209 42 132 80 94 108 224 245 115 76 169 218 77 217 155 
119 : 214 94 186 131 212 33 223 179 147 130 168 225 148 85 244 107 133 142 48 209 145 123 111 226 206 146 121 144 43 229 86 63 105 165 106 183 172 101 139 
120 : 66 149 121 218 30 112 120 28 177 212 134 226 25 85 125 48 99 163 110 220 185 195 153 83 176 77 225 34 91 144 196 114 63 51 65 135 67 181 216 229 26 107 111 184 
121 : 50 101 34 222 47 79 108 94 115 196 78 68 96 46 40 48 123 182 84 98 130 153 89 113 99 163 145 27 97 36 208 55 197 161 224 162 239 172 244 63 189 72 54 92 57 65 119 156 203 74 218 193 90 70 77 136 141 117 142 112 58 132 59 187 137 135 69 60 249 128 232 31 179 236 169 198 200 67 33 191 
122 : 35 209 234 231 129 157 228 64 112 207 44 173 195 84 127 49 36 88 45 37 145 143 63 204 25 162 118 238 223 51 38 80 97 126 60 185 210 235 34 75 182 154 46 27 156 211 
123 : 111 208 48 194 179 80 131 41 56 169 233 212 77 140 225 153 83 178 25 100 239 218 230 118 219 82 241 245 115 121 119 162 185 30 120 173 174 52 79 
124 : 118 27 247 72 34 82 132 217 129 62 47 79 171 32 141 197 159 205 30 119 80 61 39 189 190 134 51 166 248 209 91 131 
125 : 89 55 218 164 95 233 97 133 202 179 56 127 82 28 169 99 59 165 205 208 183 168 49 219 167 199 177 71 215 184 
126 : 207 232 116 149 248 41 108 222 124 218 217 166 91 51 159 95 191 73 121 103 25 125 112 142 179 175 105 162 233 35 78 150 90 122 136 115 50 163 68 158 32 184 237 96 178 234 49 221 148 226 55 230 117 188 38 129 228 45 165 210 206 214 66 242 231 208 42 185 138 219 128 199 134 30 215 72 151 
127 : 45 76 226 224 111 67 84 238 37 198 79 163 109 86 92 188 38 245 135 143 102 200 179 103 114 139 158 190 201 56 39 80 156 136 234 72 221 152 170 197 66 185 206 126 172 82 25 60 74 98 217 47 120 138 64 177 34 140 133 204 161 149 169 236 48 145 55 36 194 191 132 232 216 231 
128 : 176 237 191 242 106 181 238 94 174 126 49 169 182 187 28 248 189 111 177 91 77 168 65 159 204 131 69 100 
129 : 237 186 196 136 28 216 44 192 134 246 201 97 235 119 173 166 83 140 106 87 181 65 213 239 103 245 137 194 85 126 175 190 78 238 57 132 59 94 79 165 142 189 95 36 128 84 215 241 80 170 100 191 107 221 66 69 35 149 113 133 179 164 71 185 144 61 197 184 47 155 152 131 52 
130 : 55 141 158 118 120 74 83 175 187 125 111 234 68 215 185 69 245 81 126 43 209 54 213 210 121 65 150 133 57 98 63 191 211 136 169 138 84 196 90 53 67 249 220 34 56 178 161 45 93 208 78 237 179 30 130 109 204 60 235 182 100 200 149 198 231 206 32 177 221 66 77 89 127 240 87 37 58 64 27 82 35 227 184 71 148 
131 : 233 196 167 154 81 121 77 72 25 33 112 147 73 225 108 192 27 31 149 58 52 30 68 101 95 204 182 183 26 45 128 85 249 99 117 235 220 130 240 247 97 126 219 238 163 164 210 61 138 221 175 194 132 62 122 202 115 159 242 34 241 80 150 114 47 190 152 143 91 
132 : 124 161 35 235 51 37 136 223 139 107 111 192 182 53 157 108 169 55 167 222 46 95 178 245 134 180 40 73 241 230 85 215 89 140 184 32 67 196 48 217 237 150 104 110 189 213 183 233 59 212 63 50 129 122 159 116 121 36 120 56 166 191 151 60 64 125 218 137 219 127 164 106 135 145 90 175 209 193 186 
133 : 25 32 247 202 37 151 243 30 91 221 124 112 225 47 128 219 113 189 208 156 77 198 209 26 84 165 196 178 233 246 105 139 130 245 188 87 227 161 152 34 72 118 103 35 56 155 96 122 190 195 121 181 160 73 212 70 242 
134 : 229 197 76 205 199 116 206 85 114 221 126 110 191 118 230 113 61 52 235 188 138 31 128 88 87 169 218 68 214 137 139 54 207 176 201 104 219 41 124 34 129 65 247 237 121 30 194 91 95 146 77 153 210 226 186 151 163 178 64 67 93 101 240 94 46 212 48 244 36 195 51 162 127 
135 : 159 243 240 113 68 149 148 40 29 158 60 238 219 92 118 162 112 244 188 67 168 166 70 209 121 234 164 155 170 76 178 202 75 187 160 179 36 197 206 201 174 98 189 127 212 139 177 133 119 183 211 213 248 128 142 49 120 93 62 239 83 237 50 246 223 115 106 78 65 38 207 
136 : 105 71 201 96 203 169 78 63 185 197 32 246 206 113 210 86 202 95 28 138 212 187 211 47 84 163 248 237 231 107 221 145 50 131 37 208 213 64 184 190 115 227 55 175 194 160 155 234 26 152 149 172 103 174 80 249 199 196 65 205 93 166 110 116 157 100 75 189 118 181 
137 : 31 139 157 239 162 73 86 98 70 229 180 159 174 60 80 163 51 240 207 95 234 92 151 85 56 26 40 227 137 81 178 126 171 54 59 220 107 28 83 41 146 202 84 216 136 77 57 
138 : 76 211 58 207 142 196 35 120 85 31 198 90 107 133 227 249 109 80 208 168 205 225 140 101 149 239 37 230 122 29 33 214 60 152 176 146 134 71 98 88 114 247 
139 : 84 122 102 45 240 179 73 190 36 174 140 146 101 118 188 200 147 204 219 80 86 82 70 116 238 193 239 224 199 171 115 245 165 112 77 120 168 160 76 235 99 207 67 233 83 217 92 40 48 196 152 39 38 56 241 181 144 175 223 155 145 192 34 202 135 242 243 185 126 232 163 246 249 57 228 212 59 108 55 117 234 93 
140 : 180 211 159 222 97 93 43 193 91 240 110 142 237 98 104 242 156 229 94 67 68 128 55 170 132 58 80 95 175 115 137 247 
141 : 48 109 153 42 28 132 39 174 147 32 249 154 200 64 220 128 143 84 165 206 73 239 198 175 135 204 245 207 71 208 30 110 93 91 161 183 189 99 114 235 138 133 129 238 196 29 97 137 217 50 78 58 105 104 106 218 102 197 98 233 107 144 192 122 180 130 182 184 55 160 181 
142 : 55 155 34 204 96 51 46 83 69 148 98 65 198 81 37 73 196 224 205 62 36 193 115 169 117 192 238 172 76 156 88 60 97 63 140 94 128 221 137 113 82 116 191 209 129 185 77 48 40 182 147 38 190 133 143 70 249 53 189 187 154 162 216 233 240 29 108 
143 : 73 147 52 205 181 158 248 71 137 166 177 207 54 244 119 189 27 174 91 163 240 178 221 129 203 151 245 191 114 109 199 60 143 97 50 38 111 26 39 227 53 148 59 42 231 58 46 133 76 115 206 218 113 232 78 48 212 242 193 65 152 61 236 222 84 66 96 238 138 131 183 63 195 72 213 36 118 175 224 33 117 79 110 
144 : 175 105 218 223 119 90 65 214 148 240 42 33 211 162 113 236 234 186 63 80 79 78 173 133 31 122 87 149 67 165 195 231 69 189 37 123 208 145 155 176 219 106 190 46 125 25 27 49 233 43 44 112 156 247 205 115 245 98 248 59 179 144 91 237 28 102 209 207 143 147 201 154 110 185 57 
145 : 146 187 55 189 229 50 211 44 156 75 106 78 154 203 45 83 86 138 225 219 120 76 162 33 144 153 61 183 93 67 221 165 64 151 137 234 126 169 119 242 159 48 25 54 123 
146 : 97 179 243 214 176 236 156 204 217 128 29 242 145 169 223 69 95 247 70 146 96 197 216 182 192 221 167 109 82 211 231 240 103 75 195 100 220 144 162 39 225 181 163 190 137 141 47 73 130 77 72 249 55 201 168 87 91 189 78 178 67 63 32 193 111 127 160 56 
147 : 245 135 163 127 147 124 213 117 134 84 41 102 42 48 25 235 88 112 103 234 94 59 207 239 209 60 149 101 162 219 85 26 225 151 227 246 35 148 216 130 69 32 37 197 203 86 220 143 181 87 111 39 139 184 183 
148 : 41 143 234 186 209 190 113 180 171 119 47 155 199 196 100 26 150 185 109 74 31 170 25 59 63 153 246 167 73 92 189 105 206 87 70 32 212 211 99 85 114 120 156 230 65 145 29 51 40 160 
149 : 71 242 235 229 112 50 142 75 45 74 154 231 179 125 206 123 136 29 41 110 152 174 225 218 68 33 52 233 168 124 92 227 70 100 
150 : 162 235 205 60 128 119 164 186 174 218 238 48 160 73 151 46 54 61 27 150 207 98 65 206 189 226 42 155 38 94 225 59 40 135 234 199 
151 : 191 185 54 147 71 94 232 248 108 243 186 67 62 163 51 236 122 151 234 161 74 169 212 60 146 222 174 199 143 43 167 206 183 89 196 188 242 184 116 190 227 121 201 172 247 158 168 110 213 29 246 136 47 154 209 203 91 80 133 159 155 221 
152 : 200 204 175 167 239 67 26 140 93 103 198 43 190 122 232 66 197 182 244 221 111 115 230 179 99 41 114 181 141 104 189 29 100 238 102 191 113 38 
153 : 136 247 39 138 249 206 146 158 111 58 61 173 63 231 160 145 164 127 236 189 197 68 106 224 69 104 31 110 139 55 239 33 212 202 194 64 140 205 89 165 95 221 207 119 217 209 43 199 237 149 187 120 44 
154 : 194 94 189 186 223 32 210 174 209 112 228 160 247 59 50 215 230 109 201 110 195 48 114 234 231 150 242 108 66 67 147 68 166 54 193 83 212 130 28 115 167 233 129 90 78 79 107 169 154 118 65 182 73 179 117 164 25 91 37 148 64 165 44 246 220 205 33 168 237 124 145 216 249 183 70 236 116 155 245 81 
155 : 87 122 175 104 79 74 222 178 202 168 35 130 134 66 174 95 213 184 73 236 198 43 159 101 106 67 32 37 224 238 27 197 153 42 83 30 163 49 206 189 205 232 218 216 177 217 57 129 199 150 127 121 191 109 157 105 128 103 82 176 212 102 211 149 119 55 62 171 160 88 190 246 28 169 63 80 
156 : 249 180 135 112 55 98 126 191 42 155 64 210 93 120 188 33 91 48 68 114 53 166 197 72 129 219 209 52 247 89 240 47 127 27 85 167 174 75 193 92 107 86 87 200 119 156 187 161 37 67 28 224 160 152 248 41 132 145 73 111 125 51 233 217 205 78 195 56 182 50 26 138 69 61 25 136 105 90 153 243 43 214 
157 : 127 149 49 204 241 244 141 83 121 190 137 212 138 75 219 214 178 123 230 236 120 133 64 130 105 51 220 170 176 213 118 25 93 129 183 81 117 101 48 168 84 34 226 128 87 119 161 97 116 135 247 171 95 218 31 177 209 62 160 198 43 55 103 38 172 142 58 
158 : 72 47 235 75 46 157 151 197 230 135 188 116 57 140 120 115 38 37 126 148 62 203 129 88 216 162 124 27 36 131 
159 : 77 177 124 167 162 153 36 112 37 80 57 194 53 50 246 230 154 95 228 152 155 232 178 236 188 209 55 
160 : 64 215 132 76 178 56 150 163 53 86 128 141 144 185 25 198 84 79 199 45 123 95 110 166 83 208 69 205 90 238 74 46 106 241 94 190 116 104 235 47 217 153 
161 : 160 52 179 103 140 113 194 145 96 209 183 78 76 217 41 50 130 77 168 166 92 186 172 25 104 142 54 233 176 192 118 210 199 232 26 227 231 70 108 61 74 71 162 139 222 148 220 134 111 86 114 
162 : 149 27 61 129 174 167 117 152 112 219 206 177 73 66 159 95 52 46 164 235 93 108 98 70 107 37 84 90 69 77 151 79 243 57 165 168 232 131 221 161 99 141 201 85 184 97 53 199 192 127 233 60 166 26 113 181 245 227 92 40 133 43 114 203 217 102 
