0 : 107 160 213 154 108 117 167 176 67 102 148 142 199 39 97 187 93 80 163 73 151 155 103 83 100 136 186 232 59 157 141 234 216 209 200 118 228 79 50 204 223 71 249 82 52 137 112 240 161 62 184 85 197 89 56 183 125 221 133 174 127 132 129 
1 : 33 59 228 30 89 218 186 243 211 197 39 106 60 82 131 74 67 77 195 95 55 223 165 181 128 97 98 190 242 50 240 93 241 209 166 122 237 48 175 247 239 207 114 27 56 201 26 149 153 233 187 49 31 100 169 72 34 81 182 124 69 86 143 119 146 227 238 99 62 123 167 38 65 160 92 116 173 205 96 
2 : 52 183 34 131 114 237 126 42 178 77 108 175 49 55 140 62 86 199 48 123 71 235 31 122 151 224 192 167 125 185 144 36 241 155 97 162 53 203 45 59 113 133 248 149 99 72 171 35 44 157 223 212 215 180 75 40 210 58 101 145 137 218 128 95 51 
3 : 46 103 184 38 118 223 43 101 163 155 60 92 165 229 45 177 63 28 52 129 37 183 66 151 33 170 189 104 173 152 82 220 94 209 56 55 245 226 62 231 167 227 121 176 216 42 113 74 57 156 53 219 207 248 47 78 91 144 51 202 166 187 140 154 30 208 213 171 99 212 122 59 149 172 148 77 39 199 93 242 117 224 72 240 139 76 115 125 164 84 135 138 233 
4 : 61 129 78 228 182 40 72 148 242 70 136 52 95 160 116 119 38 33 141 244 187 36 64 169 135 225 81 98 178 161 153 75 238 157 145 234 230 246 49 128 122 30 130 139 80 31 236 154 172 210 152 241 89 224 117 216 173 166 200 147 138 248 91 101 83 79 66 63 62 197 204 41 42 183 56 97 
5 : 65 38 103 142 209 89 62 205 63 113 246 240 171 70 167 54 207 194 196 153 229 49 162 130 163 216 245 31 170 230 211 238 
6 : 249 107 177 92 118 139 28 184 188 233 91 75 129 140 189 50 170 159 193 163 73 69 110 45 98 25 156 42 141 157 183 221 218 43 203 151 65 245 226 113 229 144 212 232 182 222 204 37 116 27 178 208 62 100 103 202 56 68 220 35 29 61 54 231 
7 : 124 167 94 227 80 112 150 133 34 202 39 110 52 155 77 74 165 247 169 174 148 143 137 68 108 84 209 182 236 183 201 210 224 101 196 166 164 
8 : 142 33 84 175 163 244 162 234 207 97 206 177 157 36 185 103 156 73 87 184 101 81 38 46 200 69 212 186 66 137 239 65 195 40 201 50 138 241 223 210 128 136 132 98 43 145 211 82 116 173 192 180 58 237 88 160 68 167 152 112 124 77 172 236 52 198 227 131 154 130 83 70 194 122 
9 : 220 85 75 127 147 166 38 181 126 210 77 65 238 81 219 175 33 124 39 27 140 240 130 162 196 207 249 46 244 202 168 61 45 92 106 84 51 86 62 47 30 152 72 79 104 226 34 56 63 29 100 26 148 209 172 191 118 214 57 146 234 67 198 70 215 176 173 109 36 101 225 119 153 91 154 
10 : 232 171 156 185 157 229 140 233 111 85 79 158 116 238 176 134 241 206 223 33 234 90 204 235 147 164 64 168 101 172 108 109 56 150 74 236 161 231 159 43 153 62 239 174 125 46 217 70 63 213 91 146 69 117 60 201 110 192 105 154 205 227 222 191 58 
11 : 141 69 76 91 157 227 116 67 163 191 108 112 81 180 41 165 238 121 179 44 182 85 135 242 218 30 118 92 156 219 176 59 148 188 47 
12 : 30 142 26 243 174 209 134 99 90 208 186 114 34 75 25 203 246 83 141 32 164 160 84 112 80 70 110 233 29 225 150 211 201 40 125 33 28 47 235 31 244 131 128 76 200 228 105 65 238 89 85 179 122 178 170 37 63 39 103 129 239 192 156 231 106 38 88 207 137 92 175 135 36 194 172 199 220 
13 : 228 158 193 79 197 225 113 231 218 232 80 140 85 62 110 201 210 75 43 67 90 69 73 63 230 70 35 52 194 157 93 72 159 
14 : 159 168 217 38 194 107 67 192 219 232 25 243 86 201 196 44 218 124 105 210 161 205 116 119 87 188 101 61 228 240 75 45 76 227 122 221 238 215 
15 : 233 211 210 209 93 156 186 230 122 85 108 189 221 68 42 59 117 31 114 29 150 229 194 137 141 235 121 109 50 198 225 102 115 153 182 183 30 190 86 136 234 181 178 248 
16 : 140 160 51 182 126 66 181 109 186 111 198 110 148 41 192 134 203 98 204 78 83 199 49 31 223 143 153 121 53 207 102 169 224 117 60 124 103 164 193 168 239 190 129 187 58 208 132 40 231 90 80 57 54 34 249 176 131 151 216 175 94 46 234 42 235 159 76 99 82 210 225 44 219 
17 : 86 103 89 195 217 70 129 137 247 113 182 106 212 186 94 115 213 45 79 125 29 78 226 109 177 65 107 237 144 180 30 188 175 205 190 
18 : 192 46 126 54 182 215 106 42 201 127 110 211 130 108 195 241 163 171 86 245 32 226 132 151 207 247 244 188 238 72 136 123 81 217 233 66 128 228 209 246 27 125 149 89 190 173 49 91 166 56 176 135 154 44 43 200 97 186 73 47 160 202 134 227 77 
19 : 127 39 94 58 99 163 209 114 169 51 105 157 198 233 132 31 106 69 109 93 82 248 72 55 126 179 231 217 66 199 56 210 149 218 223 164 44 130 186 92 33 
20 : 230 201 166 208 100 198 142 182 187 225 75 152 130 134 191 50 36 235 181 57 211 37 141 246 25 220 80 63 132 69 61 102 41 238 71 44 90 205 26 145 160 129 144 165 89 214 216 150 157 229 161 56 203 31 168 147 180 156 120 45 116 197 40 219 215 192 154 124 162 47 52 196 172 98 121 43 190 221 59 193 136 58 42 169 170 159 109 
21 : 75 163 64 89 237 30 234 128 220 174 212 34 191 197 179 227 146 140 72 226 147 36 196 86 32 119 28 148 154 39 153 91 45 109 235 115 118 126 152 209 57 232 222 157 53 85 50 27 112 190 
22 : 249 57 213 60 178 232 168 223 172 92 204 234 225 198 116 237 93 219 130 102 187 181 79 107 207 199 176 169 203 129 202 113 103 211 39 101 62 32 247 157 173 49 53 48 166 25 170 105 148 34 81 59 70 236 175 44 66 230 193 74 146 84 189 89 97 71 
23 : 176 192 46 172 182 80 105 118 119 230 34 38 62 165 37 139 226 115 196 162 232 102 134 42 116 146 63 157 163 149 130 26 203 234 54 35 239 156 45 30 145 243 122 66 183 90 175 142 169 36 43 223 159 210 194 86 29 126 151 160 191 227 128 235 245 50 186 55 32 81 91 33 57 27 103 110 111 208 184 231 68 155 202 
24 : 241 101 72 219 100 36 181 89 223 207 196 239 183 175 173 177 248 195 138 31 35 172 44 124 142 249 75 216 194 164 109 49 157 149 174 171 128 246 184 179 185 238 107 71 197 67 192 243 68 178 113 105 245 158 84 203 231 191 226 151 189 53 144 
25 : 215 194 76 51 55 230 214 242 77 59 90 54 169 134 196 139 227 70 85 200 189 162 207 95 177 156 58 148 57 114 133 208 31 226 104 62 98 93 218 186 232 83 49 48 136 108 33 246 71 47 115 159 183 80 101 
26 : 93 243 51 62 34 123 76 235 165 174 127 46 144 148 67 113 138 115 247 105 28 40 128 134 224 226 77 157 215 169 118 203 140 90 200 158 102 242 48 72 108 112 75 116 142 99 25 31 103 214 187 201 151 69 68 176 136 172 84 202 59 160 38 213 211 189 194 178 208 241 171 184 139 96 114 170 63 109 249 188 205 121 86 149 
27 : 46 214 109 239 140 79 98 150 64 141 47 243 36 222 62 39 196 217 145 170 44 100 116 58 167 205 130 95 34 154 67 125 131 206 193 54 142 203 124 96 103 129 194 204 117 106 32 61 88 184 56 242 120 93 137 213 
28 : 123 129 127 161 48 199 149 100 245 42 195 218 238 39 65 26 222 233 64 70 183 74 144 118 61 135 169 142 241 182 139 192 167 116 77 51 
29 : 27 139 176 228 136 116 208 182 196 53 215 224 121 148 221 227 110 57 141 97 156 161 36 192 240 65 
30 : 175 193 232 114 62 115 44 165 208 199 249 94 80 56 205 26 65 137 73 180 31 245 235 238 37 123 126 68 48 212 229 211 109 99 46 122 125 166 189 59 124 154 28 219 203 167 32 67 50 192 29 43 136 152 173 107 139 176 95 206 
31 : 89 205 81 53 78 243 174 94 96 248 238 106 232 199 234 222 29 191 92 166 72 203 50 190 48 141 145 123 180 71 136 140 126 214 90 134 202 118 88 210 37 43 41 152 170 151 115 217 52 162 
32 : 64 151 178 131 149 176 30 247 140 50 112 28 177 138 230 186 233 98 209 145 191 214 203 66 153 239 89 167 183 103 173 242 27 97 38 100 229 224 152 232 220 222 240 48 
33 : 86 43 233 130 218 106 95 175 178 45 244 249 164 97 168 162 87 232 208 88 26 224 67 91 56 127 105 132 34 85 140 66 42 191 165 73 188 163 68 124 29 231 99 152 141 92 216 53 116 74 32 202 196 110 229 
34 : 112 60 82 220 52 150 69 120 155 209 122 182 231 62 56 55 162 93 193 149 65 161 129 39 108 61 109 130 131 97 248 211 88 205 216 104 43 151 127 102 34 241 197 217 64 170 187 179 124 28 140 92 100 232 142 166 173 196 233 125 126 202 229 145 78 152 160 123 42 67 214 116 181 164 186 180 225 85 194 195 200 224 25 95 134 235 157 208 33 90 
35 : 211 244 82 243 56 189 106 143 121 53 59 43 61 34 155 199 174 110 147 181 184 137 133 154 49 164 44 196 236 60 67 186 88 112 187 120 231 151 131 63 222 144 245 111 179 29 77 194 74 168 105 135 165 64 26 146 191 216 92 93 103 212 127 35 128 237 65 210 224 188 119 98 200 201 97 171 95 
36 : 46 131 112 42 29 151 132 156 147 226 232 169 139 137 69 52 38 41 37 166 224 126 237 43 191 107 143 25 200 125 98 165 58 236 230 77 39 201 233 193 54 55 87 172 81 243 94 202 192 130 33 106 75 76 245 138 34 
37 : 92 227 36 166 130 96 73 113 116 237 93 45 121 216 182 150 210 51 103 188 140 104 185 208 169 123 167 72 191 179 47 147 112 211 231 132 84 53 57 249 199 114 200 124 190 162 143 40 66 58 67 128 87 196 32 108 28 176 172 204 49 105 219 187 178 239 74 205 79 213 26 78 98 35 100 158 46 85 83 88 
38 : 209 121 94 33 193 183 245 103 170 160 128 114 26 246 102 153 120 227 231 152 156 229 32 111 69 210 157 107 239 137 29 118 159 131 125 202 184 77 189 161 136 34 133 171 190 241 42 212 46 92 173 211 49 50 90 164 208 240 40 
39 : 159 98 199 132 226 72 100 78 237 102 187 48 58 67 244 193 210 135 203 35 234 198 57 171 195 137 28 151 155 138 179 178 45 74 161 43 38 149 175 90 36 61 94 82 96 160 247 236 225 232 127 158 33 87 215 218 101 206 84 230 205 139 79 153 117 182 93 140 150 145 40 122 68 112 70 136 202 103 148 157 209 183 25 29 92 146 119 37 143 104 
40 : 175 238 109 84 176 213 67 119 28 27 88 113 235 92 85 61 210 208 71 126 38 203 117 148 121 247 89 162 196 107 229 211 159 93 224 58 54 151 200 110 45 108 167 32 212 116 237 188 194 248 177 171 245 249 50 142 221 225 66 44 198 104 233 186 86 105 169 241 87 78 155 139 190 214 244 166 48 51 228 179 
41 : 76 123 186 132 127 191 150 96 63 55 61 137 217 167 151 72 62 232 205 135 213 29 199 42 174 122 56 113 170 228 119 115 176 223 95 90 93 198 107 161 156 229 196 25 211 194 44 31 83 154 248 193 46 75 200 32 77 227 124 157 68 214 79 239 188 226 177 
42 : 42 132 177 104 137 192 239 138 59 51 204 199 26 146 212 158 153 237 93 145 102 110 40 72 39 74 70 108 191 232 162 136 135 31 115 60 69 244 238 111 100 30 173 186 165 33 220 121 118 184 248 103 241 189 131 67 128 234 188 224 228 124 97 246 151 155 141 134 
43 : 232 72 158 90 146 122 131 145 31 80 41 97 242 234 202 119 143 71 248 109 180 48 208 184 89 83 156 205 70 172 249 164 204 67 189 230 106 226 134 139 138 171 220 28 190 163 194 66 
44 : 242 106 166 193 54 168 33 89 97 136 67 151 154 232 142 118 176 160 130 58 195 183 225 208 81 108 41 239 212 162 237 182 50 180 119 59 82 207 83 96 62 73 223 246 78 28 51 214 179 202 46 196 56 213 178 155 187 205 80 117 37 177 52 98 233 75 228 170 156 128 90 39 
45 : 134 47 152 237 148 188 197 203 201 156 35 216 102 234 45 83 141 225 76 220 103 73 62 98 202 37 38 142 157 124 145 183 87 180 128 154 101 129 65 194 112 248 229 135 177 32 132 67 122 126 175 
46 : 122 78 146 29 62 107 219 113 115 35 124 242 165 189 213 195 34 27 227 118 243 225 236 183 201 238 42 136 191 169 100 92 32 37 95 171 
47 : 200 99 118 66 155 199 137 180 148 86 231 100 56 103 224 84 97 95 78 70 139 102 74 65 96 190 108 105 222 127 46 247 234 198 45 167 129 175 93 189 38 186 128 112 173 154 34 218 249 41 220 192 31 158 53 29 90 216 104 170 81 248 214 157 144 37 126 61 241 145 106 
48 : 152 134 206 54 127 203 44 52 105 69 183 147 162 110 106 154 70 186 185 234 163 37 43 45 195 225 99 168 
49 : 215 156 44 91 103 132 194 72 93 74 249 212 232 66 96 82 138 61 193 158 118 246 126 237 117 220 187 32 51 112 69 208 170 99 179 165 110 39 218 136 202 163 85 95 189 199 104 186 87 115 
50 : 179 72 193 188 223 246 164 111 212 87 115 185 153 245 83 167 97 237 74 75 225 31 249 182 168 177 106 158 99 207 125 116 197 76 51 127 
51 : 68 170 149 29 25 223 49 87 241 90 171 213 186 39 181 227 62 91 232 52 97 164 115 179 35 237 185 98 192 210 211 56 86 225 85 100 54 169 46 244 168 113 231 67 196 214 128 121 
52 : 49 113 135 237 43 40 151 152 236 222 62 71 38 224 229 235 45 56 208 173 246 225 64 61 79 57 58 183 114 163 193 159 106 108 88 110 84 160 105 68 174 138 133 249 70 
53 : 71 236 117 91 114 98 188 145 123 26 189 99 197 79 233 44 246 90 60 185 52 115 73 241 32 55 85 158 129 180 31 192 61 184 221 202 209 157 229 240 150 244 48 153 213 105 131 149 84 196 78 68 
54 : 203 159 39 178 169 175 165 191 120 225 110 142 248 88 209 43 181 57 63 189 232 115 83 212 35 173 176 92 45 134 32 167 245 26 111 146 139 148 49 208 182 76 137 239 179 231 
55 : 238 179 97 127 107 210 212 98 39 183 165 74 42 163 200 113 223 193 43 231 189 186 50 36 157 121 141 197 55 245 33 89 38 208 158 
56 : 144 241 43 189 228 246 162 68 70 33 89 100 29 164 141 161 194 160 195 90 171 169 74 142 202 54 40 215 58 135 242 153 
57 : 56 245 176 182 143 190 55 76 180 73 83 94 27 192 32 147 90 174 101 173 170 93 142 37 31 70 206 215 
58 : 218 136 25 41 224 157 26 69 121 60 200 34 246 172 137 57 112 226 211 63 158 58 168 76 90 204 192 194 95 208 177 44 161 51 186 62 77 162 124 37 87 72 84 29 183 50 123 199 134 245 179 216 36 27 104 241 43 173 65 38 175 126 209 115 219 64 114 229 30 111 228 106 215 221 100 59 242 227 75 103 89 
59 : 207 103 100 106 120 165 68 32 35 28 67 209 163 234 39 158 182 115 193 52 219 133 109 249 122 83 43 40 95 228 27 198 223 94 116 89 225 80 71 191 213 135 65 168 91 72 178 211 125 179 142 232 59 147 189 
60 : 198 42 215 243 99 239 174 104 98 122 119 73 199 114 150 28 186 193 34 194 212 43 86 46 205 44 142 107 168 59 162 31 171 245 35 121 89 126 228 213 146 80 221 236 244 134 157 60 102 172 57 65 88 152 56 71 249 61 137 209 90 192 93 140 130 111 241 66 233 
61 : 249 204 235 147 187 189 194 244 57 38 247 237 225 104 128 54 55 122 126 228 233 103 168 75 51 52 138 178 165 82 193 141 120 25 72 230 86 163 100 188 131 46 116 240 73 65 159 224 149 27 123 62 48 42 47 41 143 117 26 134 43 175 171 
62 : 84 162 172 70 98 142 27 145 195 235 211 53 150 95 69 26 108 143 94 224 45 191 223 50 71 244 171 238 241 155 111 46 37 
63 : 229 77 144 42 53 208 95 87 56 50 110 162 246 105 199 45 75 133 174 182 118 127 138 52 218 
64 : 234 116 95 84 74 76 248 69 97 64 67 132 129 38 189 170 98 244 241 148 118 201 109 220 28 139 165 218 45 106 215 72 93 152 36 87 243 219 155 206 51 233 75 136 122 66 162 238 33 53 197 142 46 194 27 227 183 90 222 
65 : 240 59 239 82 57 183 27 38 109 204 230 135 118 132 153 49 244 95 39 180 173 144 214 166 215 108 130 190 131 67 176 29 65 201 97 241 79 247 224 145 182 243 249 36 112 209 
66 : 133 129 208 125 106 115 190 61 100 193 95 177 79 157 219 212 70 232 46 148 159 166 102 69 109 111 40 204 225 144 29 50 104 201 80 231 27 200 75 228 124 71 126 81 168 51 182 179 226 206 223 195 155 105 188 176 174 167 39 185 65 198 78 152 85 90 247 139 67 183 138 128 215 230 68 184 84 123 114 33 141 229 
67 : 104 244 178 96 146 240 204 108 43 27 211 167 186 42 36 162 236 91 225 179 181 137 79 94 128 26 152 112 37 65 64 213 25 226 138 243 103 62 234 131 136 
68 : 225 165 159 149 248 142 42 175 136 158 119 85 96 112 164 181 107 231 207 49 223 239 243 116 190 118 
69 : 35 99 196 220 202 111 30 160 156 132 67 123 208 48 133 249 81 63 40 78 159 95 53 206 247 157 62 59 237 195 223 131 96 54 100 175 27 86 227 231 77 151 126 58 91 191 154 193 140 165 82 107 187 130 148 163 192 45 129 144 73 222 136 181 
70 : 188 97 83 72 136 144 187 221 229 193 204 141 121 70 88 154 196 218 249 104 93 73 240 117 155 243 120 214 64 153 201 103 78 203 85 53 119 163 137 143 123 134 209 208 185 86 156 247 91 74 44 54 179 223 114 189 202 168 197 151 222 172 228 206 181 41 232 131 152 87 
71 : 224 183 200 143 193 213 140 133 88 222 96 105 122 36 148 43 129 112 165 95 181 174 216 33 167 37 219 239 197 229 210 168 201 126 40 58 132 243 55 237 62 124 206 38 241 127 60 63 248 113 161 94 247 118 191 79 64 192 102 211 130 187 34 171 199 49 238 172 164 236 
72 : 199 230 209 57 220 113 144 202 157 168 72 35 153 238 207 163 185 131 49 27 120 87 154 243 92 98 105 118 206 31 194 158 223 155 55 249 149 214 84 53 190 218 62 246 161 99 94 140 44 125 182 79 197 51 226 101 146 248 162 64 
73 : 127 35 55 157 236 222 164 186 217 128 213 61 45 174 129 142 144 38 126 171 63 60 79 59 46 242 87 120 246 139 224 226 68 237 150 240 248 145 
74 : 231 36 155 221 200 153 188 175 61 194 248 239 176 224 190 119 240 76 102 197 165 69 130 218 207 120 179 48 157 103 32 92 52 112 164 27 162 184 100 247 124 109 78 101 167 196 129 143 77 177 220 113 204 63 64 126 58 191 192 90 72 244 86 73 81 116 37 132 228 210 229 145 141 226 74 
75 : 198 160 227 99 127 95 146 108 224 236 175 221 103 244 51 72 165 60 216 153 186 218 143 27 142 54 
76 : 121 220 208 116 237 91 185 238 69 76 27 180 192 146 213 90 143 51 224 223 53 108 80 175 239 32 169 104 222 177 176 78 130 105 203 71 132 151 194 74 233 219 124 92 193 144 96 178 40 44 120 181 126 165 138 26 173 101 125 230 154 186 46 89 161 28 159 72 
77 : 220 203 150 90 207 162 145 83 228 116 191 188 124 205 112 102 167 104 164 78 230 105 237 155 63 77 149 179 174 55 50 45 113 59 86 163 172 232 171 100 91 58 70 95 48 206 243 128 186 54 69 201 51 118 177 173 129 147 217 180 33 38 245 26 46 244 88 142 233 165 92 197 79 39 87 52 168 199 161 219 122 158 175 56 202 62 43 223 89 160 98 141 25 
78 : 47 134 222 199 237 45 166 38 163 236 144 56 150 249 227 248 170 125 148 239 135 154 181 200 95 72 61 192 89 65 109 37 184 93 214 161 104 174 105 208 241 84 126 210 103 94 133 182 207 73 
79 : 210 38 71 107 76 150 231 110 162 207 187 131 236 182 249 86 128 247 130 152 102 213 126 209 115 42 201 83 200 135 90 139 147 61 151 176 98 95 75 67 155 180 195 100 137 73 232 79 129 197 206 188 81 112 26 216 125 244 202 28 30 149 166 217 85 50 156 230 52 225 158 122 68 31 101 
80 : 95 173 188 109 141 239 185 161 35 247 214 140 208 68 89 106 210 157 222 235 174 169 201 200 167 103 79 54 32 34 154 131 139 97 117 144 26 165 138 137 244 
81 : 212 110 93 58 70 96 141 156 46 217 108 78 115 222 181 26 205 157 180 146 34 127 204 234 29 84 203 165 90 83 241 45 202 163 51 56 38 229 144 43 60 73 82 31 37 36 133 161 169 67 193 226 216 221 198 112 150 54 53 85 94 152 240 55 140 101 89 185 249 215 154 246 155 119 149 107 189 228 206 207 95 69 138 183 27 136 208 32 196 171 63 111 177 124 
82 : 167 206 185 92 164 47 93 189 70 53 28 241 141 139 62 159 67 32 127 208 182 72 248 44 203 107 205 136 54 45 77 169 81 46 214 156 202 91 39 188 209 71 165 78 
83 : 238 242 112 151 121 136 192 38 174 221 239 83 145 247 160 37 72 183 53 55 120 102 231 196 48 
84 : 87 204 29 48 52 161 42 79 194 196 84 59 220 152 169 50 225 234 240 99 227 238 198 56 105 248 182 116 30 136 174 208 96 49 43 199 100 78 27 191 131 118 113 127 233 77 185 247 75 243 106 215 213 176 224 178 114 241 123 179 112 133 151 62 46 58 26 38 172 91 163 171 117 189 149 146 144 60 167 140 107 28 111 219 61 
85 : 45 244 52 130 62 168 79 36 56 209 35 106 167 157 82 75 218 69 92 213 42 101 191 123 71 51 176 203 190 161 193 235 212 26 87 112 194 108 48 230 242 88 202 37 217 107 192 164 178 204 102 67 247 144 86 133 216 248 
86 : 168 131 94 155 41 242 215 46 71 151 183 100 134 59 56 30 194 172 111 184 42 143 218 35 176 29 86 
87 : 213 158 241 231 141 65 183 152 30 227 136 38 128 57 173 156 49 130 125 221 111 32 109 206 230 34 239 55 208 200 97 121 135 149 102 120 37 80 147 168 165 235 142 52 166 75 126 
88 : 139 51 223 123 159 172 213 28 156 78 227 79 47 141 232 90 235 26 95 86 117 102 146 71 115 173 33 75 206 202 163 87 112 207 191 92 249 133 169 179 230 154 210 195 81 231 219 80 132 121 74 181 34 57 96 37 111 180 94 157 116 220 42 40 
89 : 169 227 199 58 242 98 214 168 194 56 245 78 190 174 60 153 234 102 146 156 70 229 47 220 217 172 170 161 49 42 240 192 171 246 81 25 162 160 113 97 79 29 193 96 225 224 92 
90 : 169 239 221 163 101 89 54 79 178 215 98 93 198 194 229 222 149 136 138 28 167 114 227 95 137 156 57 127 160 105 244 73 64 67 60 143 206 34 
91 : 199 144 74 39 58 241 69 226 41 236 148 153 116 132 92 181 173 239 123 32 48 242 244 76 211 237 164 200 75 137 136 234 89 150 155 218 145 50 40 139 166 87 165 106 160 162 34 195 248 213 128 98 187 156 102 71 221 131 219 117 147 130 52 207 180 175 238 81 110 46 70 27 183 55 121 206 228 169 
92 : 65 130 158 48 114 61 67 207 200 168 190 153 58 54 91 29 184 64 208 233 100 118 92 125 225 217 236 167 32 101 164 191 232 241 138 223 82 30 209 179 137 174 97 75 76 186 87 83 103 147 107 221 227 224 171 140 108 31 50 247 149 212 49 163 151 74 156 
93 : 157 235 149 171 63 58 221 200 197 112 181 60 104 243 175 30 144 203 169 78 70 134 64 213 67 167 86 240 76 37 153 48 
94 : 75 174 236 160 243 76 38 49 113 201 178 210 119 232 46 126 238 249 224 148 58 43 39 168 25 99 109 187 95 83 200 245 241 162 90 154 175 125 172 230 235 86 74 207 79 196 111 133 73 222 132 117 177 139 167 96 228 127 191 34 45 121 105 239 226 247 214 32 82 94 216 129 152 197 81 31 110 30 209 33 62 181 104 146 
95 : 93 36 38 184 163 25 70 114 230 225 113 122 233 173 106 187 142 198 77 199 95 94 232 160 210 117 49 175 203 108 41 73 242 109 229 120 60 63 243 194 44 204 189 40 110 74 206 48 50 166 98 103 61 30 238 144 35 214 86 129 169 55 33 196 78 237 234 58 100 146 202 83 118 89 181 179 
96 : 104 28 226 196 203 172 111 141 212 82 93 195 89 165 202 96 57 85 130 110 34 166 178 62 94 231 139 36 98 176 156 91 154 150 246 120 208 162 220 78 205 192 127 207 125 122 213 61 147 35 216 181 56 221 60 112 161 237 54 84 211 103 79 249 43 137 86 148 243 38 157 74 102 105 219 55 241 32 48 132 69 134 53 145 33 169 222 75 234 40 
97 : 165 57 121 224 214 142 244 61 233 125 70 63 220 205 148 103 230 196 124 53 147 189 115 50 249 43 163 34 238 128 48 157 134 159 76 81 152 120 118 162 177 199 246 85 77 164 108 45 75 137 231 203 158 38 
98 : 147 151 35 124 232 189 182 160 210 123 164 167 118 226 228 126 199 198 121 180 40 99 119 38 87 249 82 49 30 57 83 115 135 108 148 42 53 64 192 51 88 79 113 149 216 130 214 221 200 202 248 205 197 173 90 98 143 127 215 211 132 178 
99 : 29 193 177 180 39 110 243 222 247 112 81 25 127 162 161 194 154 31 142 117 133 239 101 213 207 113 205 176 196 179 102 164 197 200 232 160 32 71 229 
100 : 32 157 241 119 106 142 99 81 233 93 204 125 120 192 39 214 58 109 206 152 101 245 148 174 155 84 57 162 165 96 217 183 209 114 168 199 156 82 194 235 198 46 80 102 203 63 122 195 181 70 138 220 
101 : 162 105 157 245 69 128 35 44 238 82 153 203 34 164 168 117 48 151 179 57 205 65 59 232 40 212 98 231 239 148 29 101 133 247 142 225 115 138 56 96 206 201 64 180 76 87 36 188 167 139 161 182 217 136 178 199 75 175 158 126 213 93 216 209 30 100 246 89 120 210 110 192 194 145 60 58 230 160 218 
102 : 191 242 38 48 125 216 91 185 206 224 169 73 57 194 63 88 239 104 76 231 226 101 232 149 144 68 193 202 120 219 186 190 32 215 102 196 229 25 243 180 69 26 29 133 56 159 27 247 121 160 49 
103 : 39 166 222 48 123 109 242 177 45 144 230 119 26 153 62 155 164 238 116 203 237 162 207 131 28 134 85 128 77 120 245 27 73 181 113 188 54 248 186 223 149 59 201 215 72 192 176 233 210 142 36 
104 : 25 97 164 80 75 249 178 198 69 68 222 228 131 94 148 167 50 56 216 122 153 212 227 61 90 119 113 115 229 182 100 124 106 202 221 57 135 74 219 93 81 91 225 66 52 158 161 71 179 230 145 45 35 207 47 79 150 218 231 111 123 26 201 
105 : 163 121 71 49 237 165 150 140 31 160 219 192 143 172 44 164 141 82 213 200 179 161 188 122 203 239 42 202 41 65 207 88 29 238 152 76 97 147 104 38 162 214 91 196 234 59 30 79 127 135 100 130 144 181 148 84 94 106 201 80 115 248 52 158 126 190 57 66 85 40 114 142 28 208 118 240 124 81 50 90 48 108 139 56 171 236 
106 : 188 190 93 66 164 175 226 57 119 142 186 110 81 84 216 59 205 122 74 161 25 170 111 108 133 224 159 213 56 132 141 51 34 238 171 194 52 191 208 102 248 147 219 126 35 211 47 77 230 243 135 72 198 115 144 200 63 49 148 92 54 143 65 43 206 39 218 58 183 241 113 176 27 107 137 220 97 73 104 202 239 
107 : 105 31 35 236 48 89 50 248 58 168 29 216 101 38 131 206 156 188 107 231 151 211 49 126 106 45 217 165 93 108 96 66 110 79 175 234 227 86 142 30 212 57 183 208 43 180 40 229 232 203 
108 : 105 45 139 77 173 149 51 167 25 151 249 140 31 110 198 190 128 152 107 159 126 166 196 85 189 61 68 75 82 26 214 42 52 78 210 72 177 193 169 222 96 98 195 92 216 38 150 134 239 33 229 46 89 204 
109 : 203 163 147 130 159 34 73 44 172 116 142 97 55 201 236 184 56 72 90 57 45 112 70 40 138 195 148 176 212 109 68 157 222 191 38 175 133 136 120 100 59 209 84 188 192 165 180 245 233 49 183 50 219 207 83 151 235 126 196 
110 : 107 67 121 203 168 211 202 113 200 148 100 108 193 52 205 227 175 36 135 233 50 189 158 77 146 136 78 83 244 73 232 164 176 62 178 197 47 145 156 242 102 61 208 101 54 180 
111 : 214 184 111 220 134 38 41 232 224 172 92 143 225 237 123 32 233 84 159 186 248 156 154 244 142 116 230 124 44 78 218 48 118 113 200 64 85 34 104 120 213 55 241 100 115 242 63 166 88 28 152 67 177 149 157 145 66 109 226 180 222 
112 : 115 72 118 139 203 142 95 50 81 114 149 75 70 52 192 185 212 90 42 130 61 177 233 181 84 154 71 148 183 38 48 132 92 221 213 163 121 67 239 64 29 200 106 242 34 97 240 68 53 
113 : 28 32 38 237 58 216 51 178 66 202 139 47 63 126 171 186 191 207 30 223 119 195 172 35 92 89 31 245 49 225 39 56 221 233 228 75 83 187 102 41 123 130 69 201 155 182 82 157 105 59 163 115 122 209 230 61 40 158 
114 : 145 198 45 138 176 69 159 56 104 49 165 108 189 44 204 96 200 152 67 89 61 180 230 34 79 75 94 109 197 242 141 53 42 130 134 140 217 127 32 191 196 74 160 195 224 57 88 90 54 78 190 243 186 47 84 241 125 113 212 102 122 60 183 87 231 199 181 
115 : 120 81 158 200 74 118 85 44 204 127 64 207 197 91 193 31 53 235 237 103 153 180 141 192 71 36 146 231 138 35 66 49 150 148 96 69 27 106 243 62 65 
116 : 71 133 114 166 105 92 167 219 232 185 37 85 160 248 97 134 70 172 188 141 247 173 95 231 175 57 174 139 74 249 115 80 96 66 108 192 144 79 49 87 136 241 50 218 220 90 203 239 119 59 171 190 225 151 112 52 183 157 77 147 162 153 198 170 93 208 161 53 128 212 233 118 215 64 246 61 75 209 65 129 236 
117 : 111 201 218 205 210 165 191 67 214 159 73 133 225 42 219 93 136 39 130 100 194 206 49 240 74 30 53 195 88 85 32 226 72 116 129 127 91 208 43 183 25 117 103 48 64 87 249 33 244 177 76 112 200 40 122 187 34 54 222 135 
118 : 188 187 25 26 34 68 198 113 248 114 46 96 33 90 127 173 67 237 221 36 106 194 143 102 140 192 109 50 32 210 212 233 94 83 105 236 239 222 37 63 107 156 219 214 153 208 238 75 65 92 70 40 84 159 155 52 91 176 216 225 150 185 120 131 243 161 47 53 186 203 77 
119 : 217 98 200 71 39 211 226 139 125 116 205 43 87 196 231 208 103 228 29 192 178 153 206 214 126 181 238 201 203 165 169 167 41 215 26 232 122 63 171 219 138 31 225 36 80 65 45 
120 : 224 92 121 78 237 131 210 31 133 216 202 230 192 136 157 238 93 80 114 75 235 50 206 106 215 242 126 142 
121 : 162 42 215 246 58 160 41 213 173 186 45 47 158 140 40 96 94 54 220 83 110 180 101 236 145 136 243 176 156 52 205 93 126 237 60 129 190 44 134 82 212 38 247 232 241 238 49 88 116 221 121 154 50 229 181 29 99 152 231 223 188 209 157 141 35 36 92 184 57 
122 : 46 92 70 138 66 27 87 161 240 228 94 223 166 110 28 172 145 173 185 202 76 59 135 102 216 201 74 176 41 158 177 51 137 149 49 60 215 115 211 69 131 133 107 98 99 218 75 221 209 54 174 140 206 198 61 89 181 151 139 244 
123 : 74 57 163 208 243 64 148 156 167 170 119 131 242 193 146 100 233 177 222 215 30 25 75 191 183 143 171 201 101 89 161 189 136 123 133 112 235 39 175 105 144 80 248 115 160 204 52 145 42 78 106 178 180 94 227 97 182 65 184 51 37 196 96 237 218 192 223 153 26 214 132 33 249 150 140 162 159 66 199 88 151 217 172 98 225 53 40 205 
124 : 229 199 137 107 52 60 194 174 136 141 72 117 68 30 86 230 164 234 111 208 209 222 92 94 153 157 95 89 61 98 154 131 172 31 161 183 192 46 45 197 200 178 48 99 146 66 49 193 182 34 212 127 171 
125 : 99 227 213 187 143 103 38 216 123 189 101 238 47 151 203 167 114 163 177 229 209 83 218 59 74 230 179 82 125 159 202 53 190 171 100 78 145 186 176 181 237 212 134 67 197 139 166 25 124 
126 : 58 204 133 134 48 148 241 104 106 38 50 93 238 209 157 66 73 37 31 244 88 74 248 232 235 222 57 105 186 218 99 191 79 152 231 56 206 68 170 63 61 220 89 95 136 201 141 131 223 119 124 30 174 114 54 42 44 230 240 229 214 28 140 92 39 188 86 171 46 82 117 195 107 200 115 132 138 189 176 100 118 212 233 169 185 
127 : 217 122 165 101 86 175 42 55 220 75 115 173 183 135 189 231 36 89 176 87 137 143 100 152 187 84 25 92 49 77 46 78 198 228 53 97 223 171 131 197 112 67 195 236 63 127 240 106 107 184 146 91 27 30 58 161 72 214 164 247 239 245 28 225 166 62 90 168 31 140 169 178 66 142 93 182 130 141 119 126 70 226 
128 : 42 95 67 93 191 154 159 245 148 83 213 66 169 124 171 91 134 179 220 96 240 55 205 242 238 168 58 72 184 122 123 79 25 84 190 196 116 75 100 38 133 207 195 146 34 37 90 118 174 141 49 51 50 161 113 139 162 82 64 241 74 209 231 244 172 203 65 63 212 222 175 185 181 125 128 173 163 56 156 206 232 69 224 97 88 98 105 
129 : 223 55 160 87 76 123 208 230 196 32 47 119 243 163 78 93 114 148 50 77 42 75 186 176 193 129 53 33 213 58 79 35 56 133 51 100 198 115 242 135 216 165 65 136 49 81 199 143 127 45 96 108 28 84 145 172 210 249 144 88 244 80 61 238 236 34 161 94 194 174 237 29 83 215 36 184 162 89 146 229 248 105 157 173 195 59 139 153 218 166 97 62 117 147 
130 : 37 168 162 193 57 82 119 134 44 49 117 173 36 246 209 207 208 53 30 29 136 52 133 81 195 51 
131 : 81 107 89 40 96 27 212 46 155 175 111 68 196 194 170 114 121 102 137 239 217 171 236 149 193 88 83 79 240 244 204 85 59 29 230 237 52 63 127 146 130 151 67 41 97 93 160 152 71 112 51 188 172 233 142 129 229 103 100 201 167 207 177 187 213 55 211 214 168 228 119 37 138 101 185 226 164 33 153 
132 : 190 28 167 156 89 33 55 107 109 121 176 130 149 59 92 232 221 220 41 119 185 51 139 43 168 248 225 35 157 237 80 118 135 194 191 
133 : 27 37 195 107 237 156 25 40 32 236 102 113 221 121 76 43 41 212 226 148 144 216 151 124 39 80 200 75 203 47 54 190 99 238 77 36 153 179 122 90 152 101 135 61 
134 : 103 122 129 248 124 108 125 99 202 35 98 54 31 153 47 222 83 86 242 175 235 211 36 221 210 231 29 224 64 191 95 62 197 105 208 155 228 244 41 198 92 181 174 58 162 51 71 43 184 120 78 115 104 
135 : 37 164 55 130 115 242 104 43 170 200 246 96 113 82 235 202 207 151 132 171 241 153 47 126 117 66 95 204 240 70 77 124 50 210 128 165 34 159 101 223 27 237 87 193 178 148 26 116 181 73 135 219 145 93 188 186 180 94 234 48 39 54 156 216 182 105 157 167 208 174 99 41 
136 : 30 197 39 169 176 213 211 26 228 164 106 184 31 186 62 27 202 127 116 56 247 221 128 229 161 33 135 100 58 40 144 125 155 133 63 59 157 165 77 119 237 
137 : 27 40 144 215 173 67 38 212 96 42 93 29 130 171 248 220 163 45 43 115 25 180 225 86 150 48 107 65 168 33 139 154 177 214 247 64 138 81 
138 : 209 59 117 46 113 93 85 248 31 140 78 167 246 75 234 107 86 218 243 245 177 196 88 71 180 72 212 97 43 211 184 138 121 115 48 57 249 232 54 74 58 172 230 119 99 136 111 80 158 40 161 125 149 199 128 100 160 65 151 64 
139 : 242 98 155 175 226 30 66 152 230 47 184 206 232 35 60 87 26 228 188 182 177 198 176 147 238 71 73 
140 : 157 152 52 141 49 242 229 226 172 171 151 112 126 118 115 177 97 246 154 104 149 222 133 195 234 90 
141 : 153 247 223 121 188 122 144 99 35 238 220 156 45 177 213 174 80 210 98 112 242 166 63 249 143 95 221 91 205 115 241 186 167 202 109 170 123 57 237 225 84 245 79 48 209 230 194 135 212 119 145 50 37 106 96 108 139 82 178 227 162 64 
142 : 125 144 219 243 174 111 218 59 173 153 109 40 222 191 149 73 248 119 44 150 26 134 126 88 132 196 49 143 217 146 155 50 159 176 216 220 166 208 229 232 156 61 235 38 167 94 101 70 85 56 234 170 29 209 76 198 93 210 181 135 116 157 99 69 95 104 161 129 193 52 236 47 72 164 54 33 145 169 92 64 194 203 247 46 178 158 127 89 175 172 62 223 242 197 
143 : 132 139 73 65 102 163 248 46 200 114 129 238 47 100 183 104 75 28 103 179 181 30 147 148 82 158 79 143 119 171 236 137 86 70 25 118 203 49 246 207 173 94 186 89 167 83 193 244 61 153 227 239 29 159 32 125 201 131 
144 : 144 112 188 147 126 159 201 64 235 246 96 241 232 243 78 26 234 224 103 105 121 110 85 102 212 38 237 207 74 215 43 222 128 200 53 100 72 63 59 109 29 75 173 101 54 228 36 79 199 71 155 158 30 125 106 214 136 135 52 247 94 148 33 178 45 240 80 84 137 119 88 37 91 93 50 203 169 171 41 95 190 196 245 170 
145 : 219 149 97 204 160 120 223 83 158 131 175 78 213 101 167 209 106 174 194 27 163 239 193 40 56 67 87 104 123 184 95 127 237 226 178 155 89 201 43 68 161 142 214 233 165 37 96 154 229 148 168 215 230 105 166 76 164 206 221 60 122 75 117 61 92 52 77 146 171 157 191 84 33 188 113 245 190 62 80 195 202 211 220 180 179 208 207 138 69 119 235 
146 : 151 194 226 61 89 240 158 133 155 103 159 174 90 162 43 182 199 228 202 243 144 56 113 116 129 109 98 210 39 72 200 160 73 139 179 135 215 220 176 27 36 167 230 184 120 233 142 190 225 125 203 213 104 85 208 105 83 211 236 71 138 206 110 248 55 49 115 
147 : 53 195 94 78 231 142 190 208 108 121 118 192 247 57 117 185 203 226 36 172 170 51 151 146 237 147 88 27 89 186 246 67 177 242 107 134 91 111 112 194 127 64 103 52 240 82 168 201 196 50 65 241 99 143 125 100 126 42 66 130 167 202 115 46 38 230 157 182 233 37 137 229 131 56 227 139 154 30 105 197 
148 : 31 202 176 191 215 241 55 26 94 110 199 83 238 136 183 194 182 63 78 189 216 139 44 223 135 58 39 204 148 218 184 71 106 115 105 240 104 152 248 249 129 175 200 112 169 157 103 237 230 125 40 57 147 214 35 141 217 91 219 122 192 164 
149 : 208 66 240 238 183 46 151 211 209 144 48 70 25 228 194 108 170 248 59 141 249 234 242 72 91 45 235 37 202 223 186 76 30 153 93 101 54 216 113 166 214 178 204 188 135 145 125 97 143 172 146 105 185 203 180 226 36 84 225 43 28 131 142 197 32 118 67 124 57 160 107 38 187 100 198 177 112 115 55 133 
150 : 42 196 108 179 134 228 77 219 56 38 190 169 116 35 74 128 92 234 79 182 51 113 97 248 172 208 193 150 218 48 88 137 247 180 53 148 85 217 184 52 236 249 226 126 127 211 152 225 109 115 147 94 194 107 246 213 160 31 229 86 204 70 168 69 
151 : 238 153 235 93 75 27 33 107 116 242 68 138 105 69 180 156 86 35 178 74 247 189 85 57 147 169 240 102 131 208 226 209 62 135 25 
152 : 36 77 195 204 222 115 220 176 70 102 138 94 127 219 99 208 227 212 228 203 241 159 156 64 43 209 67 92 30 148 113 158 170 110 78 68 218 155 33 175 133 248 101 66 100 48 98 144 166 53 168 239 244 142 187 202 57 59 112 116 198 105 96 114 84 125 129 44 140 104 243 197 31 194 71 165 63 120 88 74 
153 : 155 234 220 53 67 173 212 73 58 85 168 176 164 132 207 137 31 35 109 102 166 135 27 29 189 28 235 177 99 32 90 185 71 133 101 238 190 54 106 47 172 62 248 130 78 162 120 84 75 118 182 154 136 123 201 151 134 149 233 169 205 129 160 131 213 42 247 110 200 221 89 65 77 43 148 104 33 198 232 30 60 211 88 178 98 150 103 245 39 117 165 93 63 
154 : 187 213 118 181 99 185 47 171 41 151 207 158 38 155 239 222 203 248 42 189 87 78 94 224 107 54 214 121 58 247 159 57 101 147 157 34 232 80 84 119 186 130 161 112 230 120 225 229 46 28 205 40 132 82 89 128 103 226 127 39 152 65 135 62 30 206 208 25 97 117 192 200 137 63 150 
155 : 63 115 150 43 233 190 198 227 237 50 173 146 109 117 116 96 46 105 241 186 229 202 104 149 236 161 208 69 110 191 249 154 83 226 51 139 207 152 224 31 112 216 27 200 65 213 59 228 61 162 212 102 94 70 153 168 221 87 47 170 218 183 66 97 163 
156 : 49 218 30 242 232 192 26 149 215 154 31 108 95 126 223 166 140 98 121 179 156 94 64 209 59 102 56 32 236 90 65 52 41 172 114 217 188 120 72 208 99 213 220 66 55 227 117 116 187 40 113 34 173 205 106 93 241 109 238 177 202 
157 : 224 142 235 75 208 157 47 79 190 63 128 126 184 91 220 42 183 58 83 57 80 192 166 35 94 178 198 134 74 229 161 
158 : 204 185 132 235 180 147 141 72 200 108 203 52 233 232 124 181 68 82 221 248 198 55 165 35 113 138 89 170 94 57 126 65 239 183 191 27 26 92 93 145 91 119 95 236 47 152 34 53 75 129 157 245 67 
159 : 152 195 40 194 130 148 182 65 207 86 25 41 185 117 153 125 62 169 66 139 132 84 206 209 246 61 198 146 215 244 203 31 236 196 165 119 173 179 55 170 245 120 186 227 248 183 110 225 44 167 73 113 214 116 111 112 79 101 222 228 238 60 123 145 239 54 71 141 237 224 136 26 124 235 106 77 51 82 96 155 168 157 164 134 53 160 29 99 175 
160 : 85 180 206 193 161 27 152 173 214 211 145 93 189 56 121 110 203 236 29 223 183 45 184 46 60 62 134 78 32 118 187 182 244 162 94 170 88 69 65 190 195 123 207 97 
161 : 42 165 211 60 182 138 240 189 62 102 149 29 38 28 39 36 26 209 132 172 210 82 66 145 214 91 178 107 30 227 150 168 83 
162 : 43 246 45 217 34 132 215 102 97 173 41 32 242 194 179 82 221 145 79 207 219 126 192 70 189 60 136 119 124 165 114 25 71 182 75 50 187 51 184 163 237 227 123 65 149 236 180 171 130 33 129 63 61 178 154 212 249 42 133 141 204 244 111 76 148 100 58 
163 : 204 93 52 173 42 140 218 216 26 229 108 25 72 64 198 91 111 62 199 239 129 225 134 66 97 94 155 237 243 168 106 90 40 77 130 144 116 228 159 30 233 104 231 27 89 70 175 117 179 238 148 124 197 33 105 193 112 92 200 245 74 73 161 98 120 38 211 215 28 203 29 
