0 : 88 91 55 224 242 151 194 140 134 71 190 211 57 61 129 188 36 128 99 50 153 171 240 92 209 127 145 102 237 191 144 176 141 198 235 193 52 155 121 115 80 248 165 124 167 
1 : 245 222 155 87 33 35 76 82 164 213 136 143 122 109 192 171 105 102 114 79 189 80 91 209 126 93 124 27 70 125 193 
2 : 224 48 42 206 135 109 29 88 110 123 247 45 114 143 77 69 149 192 57 244 37 47 139 145 30 112 28 225 122 115 128 245 55 43 181 188 215 32 159 50 183 248 68 220 62 209 191 235 151 199 249 222 232 196 236 82 226 203 53 189 59 157 178 80 212 86 90 107 201 238 193 156 93 138 117 234 
3 : 221 177 166 98 208 92 143 62 233 160 187 230 237 222 182 193 82 28 57 164 36 100 52 30 210 201 58 59 180 137 99 162 197 96 183 185 106 206 56 128 27 111 231 189 63 87 74 86 104 83 70 113 218 40 167 71 123 149 93 249 228 89 194 43 44 
4 : 188 35 144 153 91 248 239 219 227 221 226 115 150 70 131 171 52 174 84 68 60 76 79 94 103 38 
5 : 235 133 96 117 40 212 39 46 84 124 41 164 114 35 135 192 248 129 54 88 159 64 206 183 188 87 158 95 67 202 233 74 214 77 97 246 75 193 139 32 
6 : 65 235 236 85 202 111 188 38 87 211 151 193 224 163 125 249 181 116 221 219 70 182 213 99 215 100 137 69 207 48 150 108 76 89 135 175 176 248 62 120 162 161 203 112 152 149 229 131 81 53 187 144 52 243 172 49 102 50 26 190 83 232 227 210 166 74 98 35 60 222 183 51 217 139 216 
7 : 77 116 228 52 32 219 47 56 42 127 134 174 172 204 222 212 89 117 94 238 183 65 61 63 151 218 168 235 54 82 154 232 71 107 76 72 30 179 240 156 60 242 
8 : 74 231 25 154 143 168 109 215 206 55 232 69 108 72 224 226 228 190 156 40 61 218 29 153 117 174 141 113 194 163 76 
9 : 180 217 116 222 64 121 157 158 228 231 122 134 198 176 92 137 244 219 188 41 43 32 200 110 230 46 25 204 125 60 26 248 72 48 154 165 34 126 140 159 173 164 38 58 36 143 169 195 193 132 155 77 73 226 162 183 104 117 84 107 79 106 213 142 94 129 
10 : 90 32 165 59 116 106 224 103 216 79 181 56 194 55 221 186 159 179 184 189 30 37 246 226 197 164 
11 : 220 42 33 176 96 182 233 138 67 149 61 175 186 44 171 192 98 170 73 102 26 59 247 169 245 151 103 211 118 236 77 55 34 52 37 86 95 167 234 133 159 161 
12 : 60 178 74 242 230 211 140 143 81 176 177 75 117 109 221 54 68 220 166 44 47 53 118 50 201 95 100 224 122 77 27 34 93 219 43 196 130 119 154 26 200 193 172 148 82 233 164 
13 : 51 34 177 104 195 78 167 60 146 114 26 230 46 62 67 222 55 79 28 219 52 126 44 205 145 181 32 47 214 127 108 112 192 179 105 113 84 
14 : 187 159 229 138 106 109 27 56 93 146 166 144 211 242 105 151 121 167 233 46 219 176 128 171 54 124 140 226 
15 : 66 68 234 189 186 216 113 205 88 229 217 175 147 172 120 57 140 77 148 101 43 35 160 173 152 63 109 102 219 161 232 237 85 62 157 100 132 154 25 121 104 195 135 214 84 141 40 223 155 56 176 
16 : 179 53 165 224 33 154 140 83 215 135 124 223 231 163 43 130 153 55 131 108 69 202 249 88 34 77 122 146 133 102 244 104 128 137 159 100 118 222 212 30 143 214 46 155 114 161 191 197 105 213 144 65 238 235 76 209 
17 : 171 51 148 162 29 163 113 176 76 246 82 56 143 90 233 244 196 212 42 150 118 239 43 91 224 169 198 129 140 121 185 87 149 177 100 69 145 103 88 245 206 142 159 57 
18 : 208 33 219 90 206 182 49 224 25 188 128 45 138 225 161 154 157 97 70 89 187 62 172 158 55 101 77 156 205 124 58 47 145 144 83 32 153 75 112 193 71 51 98 43 181 221 111 155 230 35 50 174 220 103 179 52 106 180 105 143 109 85 31 166 63 59 204 171 132 84 117 191 44 40 163 115 135 
19 : 105 142 158 156 239 27 37 95 170 73 130 187 128 198 159 242 129 193 74 55 163 116 143 56 25 32 152 176 204 220 78 77 91 211 88 68 225 87 
20 : 49 91 112 65 136 96 228 245 53 232 152 183 59 172 153 185 243 186 194 219 131 198 213 128 146 76 208 134 238 124 197 60 61 196 184 133 55 215 139 90 77 25 142 159 171 47 206 50 168 39 79 92 189 234 85 72 78 87 46 147 242 82 162 144 100 66 176 201 132 167 236 145 81 54 211 249 
21 : 187 79 45 116 240 140 73 211 41 138 75 47 76 139 109 217 57 141 185 25 239 202 37 168 78 30 74 160 152 154 220 31 167 104 130 238 169 230 246 198 102 67 236 219 179 242 71 93 32 55 
22 : 179 99 169 142 47 120 215 166 78 229 89 119 43 187 122 232 83 159 74 103 160 226 79 98 37 28 154 123 193 91 235 190 168 238 102 151 212 217 214 153 115 
23 : 102 51 187 227 151 52 159 212 163 34 237 91 176 204 193 106 216 229 43 90 109 211 210 55 136 46 59 184 77 165 107 64 89 203 92 154 73 63 231 182 103 83 155 219 240 72 191 132 
24 : 85 56 146 140 207 62 230 28 219 63 166 79 90 172 169 155 66 131 39 221 173 171 186 151 239 165 223 212 189 115 89 45 123 40 153 176 235 150 96 29 80 
25 : 231 34 95 42 37 35 123 163 101 57 118 151 124 143 185 88 94 235 134 128 194 107 246 167 49 173 153 247 189 206 48 201 90 162 97 156 54 27 199 241 36 223 233 85 229 198 89 103 45 174 
26 : 58 67 125 174 191 210 194 41 248 49 82 32 131 134 149 95 101 166 121 249 151 80 98 96 90 119 
27 : 103 222 87 146 231 131 151 112 154 60 53 238 93 203 200 109 211 54 197 246 166 111 80 40 101 25 105 129 219 139 192 49 81 235 186 157 57 245 135 90 208 30 117 213 115 104 189 184 84 175 99 118 241 179 116 122 140 147 201 191 36 120 43 132 126 244 247 168 66 67 137 28 194 106 108 162 224 
28 : 106 84 49 244 132 148 129 240 221 61 173 190 144 246 26 153 125 130 114 147 112 108 236 243 234 62 33 180 102 229 141 29 161 53 99 126 65 223 227 85 58 122 131 225 196 185 124 199 81 232 210 71 66 47 55 92 104 139 37 52 74 94 193 67 226 146 90 213 69 142 245 
29 : 160 181 80 245 97 191 78 46 69 51 141 211 114 224 84 162 230 112 35 246 184 171 92 157 65 145 81 28 149 140 158 103 239 34 172 99 118 249 186 153 105 199 62 100 207 77 116 106 89 45 107 188 222 128 209 192 
30 : 209 162 30 76 56 177 161 78 148 133 180 124 210 242 68 157 165 191 125 97 188 198 60 49 87 115 233 141 232 147 50 135 85 199 155 73 89 
31 : 147 172 64 206 180 146 144 88 232 139 74 45 127 40 228 51 115 31 107 97 46 239 181 233 158 85 69 92 216 82 112 33 26 193 156 237 222 196 63 128 151 202 91 159 84 214 94 209 194 218 170 90 169 190 161 223 198 121 65 59 231 171 163 244 241 72 
32 : 64 121 34 76 54 87 214 119 218 35 98 229 187 200 152 103 99 84 147 184 177 148 208 47 227 186 46 223 201 232 151 135 237 221 123 137 58 204 216 168 40 
33 : 218 173 78 226 156 64 217 36 85 92 184 158 106 27 223 73 30 39 93 198 235 233 72 109 216 242 116 71 52 89 188 179 240 171 178 80 149 69 238 29 26 195 191 63 62 58 142 124 41 135 105 192 161 54 175 146 28 61 70 210 168 232 68 225 131 170 55 200 35 77 221 
34 : 163 156 204 56 145 151 36 241 166 133 245 70 209 46 203 124 123 158 65 97 152 210 105 213 247 183 144 191 41 29 161 205 219 
35 : 116 47 117 245 107 41 82 143 170 147 104 235 53 144 69 55 85 231 145 86 136 74 133 40 120 132 234 214 215 59 159 248 33 160 206 227 183 240 28 125 128 218 174 119 95 111 81 173 142 92 122 124 185 211 79 177 139 
36 : 91 128 141 25 140 150 156 64 69 111 54 243 145 92 155 126 168 56 153 172 81 122 240 52 241 65 148 170 238 207 179 114 222 164 214 27 50 134 49 200 46 227 232 39 117 174 45 84 83 244 205 44 113 160 
37 : 105 46 61 60 243 29 77 190 149 154 222 58 42 214 188 78 30 70 91 236 240 177 40 237 112 249 221 127 96 228 192 148 73 26 246 106 158 175 212 126 165 38 124 53 161 137 223 166 
38 : 139 48 31 185 133 100 215 106 34 177 238 46 44 84 129 246 183 65 249 242 47 74 53 86 161 97 57 
39 : 223 242 232 123 35 144 28 107 120 96 161 146 69 115 64 197 68 126 47 165 83 70 67 204 32 60 249 71 51 216 168 34 39 117 133 86 93 195 166 191 225 219 214 185 121 176 158 
40 : 244 155 169 181 97 36 33 41 135 204 62 179 56 219 170 161 100 106 132 88 113 138 190 71 151 150 182 241 185 119 126 159 208 218 52 243 160 43 53 31 80 143 163 58 134 40 225 235 57 28 95 
41 : 41 132 116 237 247 181 207 226 81 156 125 182 163 85 112 186 88 128 149 76 194 235 121 231 218 75 69 30 197 106 51 126 74 157 109 222 118 66 77 209 147 114 93 79 103 154 78 135 171 172 159 208 99 143 123 38 48 248 49 229 180 40 193 236 
42 : 125 96 80 186 29 130 104 218 84 235 196 152 227 124 71 197 202 228 120 46 38 151 231 178 164 91 222 207 190 172 133 147 173 229 90 204 149 121 45 56 141 122 247 157 245 219 208 68 106 233 143 224 28 97 
43 : 164 187 239 80 104 89 138 152 61 154 58 50 140 219 107 169 113 137 54 78 208 47 166 102 201 82 121 86 171 34 108 207 83 75 244 46 198 88 225 247 97 57 72 65 109 27 120 112 204 125 135 74 44 
44 : 142 37 221 178 137 67 92 197 158 42 173 210 109 155 218 89 166 95 242 209 117 70 39 25 207 235 101 102 30 75 226 121 167 72 33 151 165 55 
45 : 56 194 144 29 112 102 217 152 231 167 214 106 134 192 98 212 148 206 79 166 187 248 60 80 150 128 183 100 181 239 32 105 229 125 178 84 158 205 55 145 240 195 174 198 
46 : 65 196 64 105 242 172 32 48 214 133 239 101 89 201 183 44 30 86 206 230 149 174 74 132 209 156 182 60 168 155 115 75 179 119 69 58 205 122 80 232 217 153 110 96 84 141 78 107 167 235 208 57 73 37 212 
47 : 57 226 29 164 138 194 58 195 123 87 176 94 96 221 49 117 73 213 238 148 170 237 31 132 121 231 215 98 124 84 78 116 197 168 144 90 111 122 166 50 80 118 89 162 133 200 248 102 107 181 157 240 199 39 159 97 174 156 175 152 71 131 191 113 171 68 228 48 184 219 203 180 88 190 137 211 
48 : 119 55 192 172 230 124 97 159 211 136 30 132 69 71 48 61 213 40 160 227 235 74 202 220 181 167 104 203 174 70 100 197 103 84 79 193 66 239 134 
49 : 198 205 148 232 133 141 169 149 111 108 81 70 60 84 95 179 113 176 76 156 209 88 193 124 146 233 171 170 98 236 222 211 202 215 192 244 239 128 34 162 186 92 87 123 131 37 104 224 27 93 112 178 240 
50 : 48 149 143 104 196 153 47 190 181 94 200 239 80 222 76 77 240 39 54 44 192 33 31 107 69 150 120 
51 : 146 198 204 234 48 117 167 98 50 65 171 92 175 70 192 124 71 120 45 182 113 95 243 112 159 237 83 76 222 85 225 178 110 72 207 100 143 101 217 215 221 88 37 93 61 56 134 77 67 216 190 173 38 188 148 203 142 158 99 
52 : 100 231 193 75 174 111 162 200 61 97 180 50 196 154 44 113 216 198 88 129 99 122 90 110 95 121 224 146 157 81 29 38 127 94 165 234 124 104 229 52 63 66 190 58 77 119 206 115 133 62 192 55 
53 : 71 64 88 38 89 225 129 233 69 239 224 210 73 114 220 138 164 192 112 198 228 218 80 144 202 242 243 106 39 79 150 141 154 209 240 130 61 211 219 67 183 48 217 249 63 148 167 85 169 137 245 74 234 76 180 108 152 223 131 107 
54 : 156 117 168 105 69 42 53 155 167 152 157 52 140 209 131 211 33 81 122 31 243 175 205 127 229 51 144 60 104 201 133 110 114 189 98 214 57 34 55 182 139 101 187 38 222 137 115 185 206 215 120 173 67 80 99 226 203 126 147 90 224 111 64 233 223 236 160 172 153 28 242 235 208 25 246 241 83 
55 : 61 166 209 227 120 122 124 184 67 219 157 43 229 108 221 226 214 248 127 40 37 211 247 144 195 72 
56 : 144 131 143 91 202 216 113 48 189 205 74 92 84 66 64 128 60 154 248 184 231 112 119 108 82 146 77 147 230 164 
57 : 248 116 196 34 175 114 149 160 31 142 109 236 184 249 204 179 164 60 157 120 198 72 70 150 111 158 240 165 173 231 244 26 98 91 76 113 218 77 119 125 65 100 78 117 138 64 58 112 121 135 172 71 55 94 185 154 189 
58 : 249 104 229 98 149 37 169 171 151 196 124 214 75 32 238 146 56 107 174 230 225 207 70 224 79 116 88 72 178 248 41 97 189 120 34 26 212 154 115 158 188 245 239 51 247 84 220 131 111 101 150 74 168 201 40 49 93 246 99 199 50 125 59 132 134 71 
59 : 62 93 39 79 190 222 106 149 76 151 73 162 64 63 89 75 77 196 119 28 132 138 185 168 157 109 207 240 224 180 200 244 192 120 159 228 102 105 58 116 202 37 247 90 234 57 107 129 94 56 46 87 239 61 172 140 218 110 235 121 230 125 211 96 52 205 199 31 197 160 163 42 40 181 117 
60 : 142 115 154 153 33 225 69 70 131 93 130 49 165 45 90 137 166 215 200 88 236 98 38 132 187 152 95 182 72 79 102 156 227 89 66 234 150 239 145 243 73 172 80 76 122 218 207 52 240 120 129 201 141 149 105 104 147 208 151 125 96 27 233 36 203 50 127 222 74 117 189 
61 : 236 242 119 88 224 181 35 217 40 184 112 227 216 223 183 109 205 131 188 94 163 44 61 237 215 141 199 194 55 49 182 103 64 247 132 50 235 153 229 76 27 126 147 106 56 238 195 71 111 73 162 39 172 114 101 138 164 83 134 152 120 145 246 210 51 36 156 
62 : 216 142 78 148 226 188 147 107 120 204 121 98 154 224 43 182 155 83 237 108 50 111 73 208 242 238 88 84 
63 : 113 239 35 70 53 187 186 139 138 189 192 240 225 93 150 96 244 216 235 169 120 102 46 188 66 212 33 42 179 142 78 89 219 151 198 155 237 148 47 110 104 88 126 34 156 157 
64 : 93 35 57 83 27 119 115 61 94 137 202 171 47 69 81 118 76 150 216 239 112 46 207 246 195 56 165 213 167 177 139 179 175 193 109 143 107 59 50 62 98 37 44 40 196 78 82 197 49 90 149 210 103 174 
65 : 165 200 232 151 27 203 172 47 137 90 61 50 43 111 191 243 239 58 183 72 144 76 152 207 229 51 118 226 214 53 40 39 185 63 28 
66 : 38 130 61 159 241 40 33 148 147 238 109 96 52 125 146 208 164 204 171 203 162 228 73 133 120 235 157 
67 : 232 57 170 84 70 40 172 159 86 210 239 154 220 102 224 122 125 207 74 88 73 121 191 164 46 45 87 231 31 104 115 146 193 100 187 28 78 227 75 225 198 167 240 99 189 169 93 143 29 180 95 156 228 50 71 152 142 237 216 144 141 150 185 126 38 72 174 
68 : 40 201 185 39 225 100 213 214 91 26 204 189 141 96 134 162 71 168 31 182 138 76 217 147 237 170 149 219 248 198 160 227 98 124 229 164 196 57 
69 : 113 208 28 248 249 72 85 199 34 239 94 236 59 230 136 240 84 105 137 159 234 48 125 188 216 111 164 155 79 80 82 206 217 116 247 115 76 233 185 175 209 66 57 224 130 120 170 242 225 149 203 73 152 40 172 196 178 117 
70 : 231 249 126 233 100 196 89 241 75 72 135 198 32 144 245 156 92 129 80 84 130 77 134 62 82 176 212 104 64 91 222 232 147 120 238 133 36 101 216 209 163 71 215 57 46 128 90 201 172 68 
71 : 148 101 211 57 44 47 30 157 158 163 113 231 129 107 137 112 179 236 99 79 178 68 218 126 120 181 39 165 140 86 122 105 34 97 185 198 80 233 111 187 56 115 203 190 55 183 232 106 192 125 28 31 139 213 32 240 
72 : 223 186 41 164 235 102 66 91 158 51 205 234 229 174 194 54 220 190 167 151 138 165 236 135 238 154 60 35 128 42 149 222 70 
73 : 210 92 71 208 88 119 178 175 151 99 197 164 181 128 205 165 36 115 113 202 183 162 191 152 240 32 169 114 213 232 122 171 193 103 234 158 225 41 78 84 72 230 75 223 43 109 156 129 138 77 98 
74 : 53 83 72 238 115 243 138 202 52 196 101 241 233 234 147 232 80 102 160 124 50 213 107 169 184 230 65 30 125 
75 : 141 240 49 179 232 246 89 95 132 82 91 86 29 137 59 220 58 169 129 163 146 123 73 84 200 130 35 238 80 44 40 236 244 228 
76 : 235 146 219 153 47 145 121 242 38 208 115 53 165 83 71 196 65 124 58 148 109 181 84 46 211 206 40 96 191 220 213 98 182 141 154 171 214 128 184 152 119 51 86 240 60 72 114 149 122 113 123 247 81 215 
77 : 89 207 61 99 246 63 197 228 117 157 194 223 65 108 234 138 187 113 196 66 124 49 241 91 211 120 94 165 32 232 183 136 
78 : 239 216 52 92 102 51 72 161 130 79 91 210 223 97 169 93 174 105 247 41 34 240 142 106 160 168 143 147 40 136 124 90 137 125 135 114 62 149 235 175 165 186 145 25 99 183 54 215 190 194 203 243 71 61 234 45 121 180 224 48 197 29 246 164 63 82 83 219 228 115 
79 : 161 45 226 100 82 140 220 185 88 211 168 126 99 86 43 214 51 66 114 245 189 75 42 134 179 162 243 27 112 72 236 158 60 37 191 94 46 150 70 85 240 125 57 223 67 105 151 83 117 80 
80 : 162 199 209 169 218 58 37 50 147 114 175 93 190 117 200 109 140 132 146 88 239 29 143 183 164 123 41 107 112 234 139 245 113 73 34 110 194 237 155 87 135 203 202 179 60 243 126 74 145 102 78 150 161 180 101 77 249 85 55 105 232 210 247 129 54 229 83 26 208 165 191 51 137 
81 : 83 145 127 231 205 208 61 165 144 193 222 213 143 72 202 246 46 244 197 66 176 180 163 104 36 45 188 119 161 172 185 184 77 194 54 140 85 147 70 200 100 182 234 141 134 156 151 237 39 181 88 142 178 56 89 33 25 228 60 235 136 174 107 183 121 105 86 196 166 78 191 157 132 
82 : 179 83 168 52 56 242 97 98 230 217 102 38 136 157 120 192 117 116 111 48 234 153 171 69 91 66 243 239 178 226 79 165 61 36 180 233 85 45 201 213 216 118 141 186 149 224 128 197 89 214 114 76 74 227 28 60 25 133 155 87 43 218 210 67 53 
83 : 203 41 140 110 68 225 74 56 222 62 166 40 174 67 87 65 228 94 176 100 69 85 224 127 195 172 171 143 99 191 130 34 202 54 81 196 229 194 211 239 44 232 30 32 82 157 145 79 96 76 212 
84 : 176 61 48 54 232 158 212 36 189 169 199 106 100 25 49 114 198 173 75 83 85 240 105 208 43 233 177 115 249 67 51 142 137 102 46 168 235 159 207 47 167 133 184 171 215 34 214 94 129 125 128 140 183 227 71 194 178 155 
85 : 75 186 152 176 124 86 144 155 209 196 171 239 229 107 30 89 56 32 55 153 249 222 118 149 206 112 66 205 210 99 132 73 114 189 236 195 35 151 40 42 72 43 200 139 233 115 96 74 156 241 221 219 69 232 94 61 238 190 68 
86 : 195 36 32 26 174 126 200 192 167 38 171 214 35 34 31 66 131 27 75 134 234 245 37 220 67 202 238 226 186 172 40 48 29 42 162 181 50 184 83 198 239 209 90 196 144 33 61 222 87 207 244 247 148 151 173 65 149 229 237 44 80 114 127 193 86 158 68 132 115 191 76 39 232 70 
87 : 125 46 45 35 31 103 139 64 50 25 110 126 121 130 118 248 44 132 223 237 173 156 239 179 115 76 145 165 147 100 109 104 131 99 204 135 56 97 119 39 88 191 200 98 158 245 238 247 213 93 154 181 231 92 42 66 159 199 177 174 226 72 172 222 51 113 206 220 240 28 157 152 
88 : 249 128 227 44 97 189 131 169 142 89 47 210 51 135 242 241 144 72 195 217 55 110 185 182 246 49 193 244 76 239 199 205 145 93 117 213 186 235 143 38 78 63 133 120 224 226 240 247 32 84 168 197 88 25 153 101 202 33 73 206 122 149 124 61 166 79 90 164 211 150 190 107 160 118 46 119 115 
89 : 136 249 41 54 238 221 122 220 239 177 44 26 203 27 144 86 40 213 166 73 116 31 200 169 78 183 121 185 125 132 151 49 77 42 124 79 240 60 102 120 138 225 219 68 117 161 202 230 133 147 243 69 176 39 105 246 123 71 212 174 56 179 35 43 100 46 93 84 127 141 187 193 61 34 208 145 75 
90 : 127 37 28 113 234 229 153 46 96 135 163 70 171 65 34 201 189 115 124 35 246 162 218 53 122 
91 : 40 106 173 103 239 198 146 70 228 26 183 62 93 200 141 74 234 84 208 224 32 128 160 209 96 61 55 179 91 48 113 102 199 114 156 120 151 176 195 215 80 138 248 75 98 49 205 38 169 37 124 211 27 35 150 247 51 140 122 172 85 178 
92 : 88 90 226 62 92 151 58 112 45 143 109 129 245 177 140 176 168 206 144 127 38 125 117 229 160 186 37 
93 : 173 49 75 105 124 26 197 224 89 249 138 156 168 248 207 97 108 80 41 44 178 187 203 67 60 216 30 212 82 39 169 134 85 162 135 179 163 172 53 
94 : 235 147 149 38 247 201 37 229 242 209 132 33 180 160 231 225 176 65 133 219 239 88 63 67 155 55 95 99 137 102 237 49 80 81 142 157 72 66 138 25 109 234 216 215 122 195 170 69 163 208 29 156 189 125 77 94 148 
95 : 214 104 88 144 44 35 159 212 171 38 174 242 230 113 41 81 123 97 215 204 96 177 243 118 206 176 184 29 246 153 52 163 
96 : 236 91 70 86 142 190 35 141 103 114 203 60 224 151 66 146 212 59 173 74 174 98 83 87 127 176 63 122 55 222 137 239 85 178 226 204 246 139 54 117 201 209 217 69 138 215 153 109 110 62 192 
97 : 116 175 52 35 239 83 62 135 171 28 89 91 156 226 134 244 182 108 133 25 100 229 122 49 241 227 72 181 145 208 68 61 31 82 147 158 88 119 87 200 63 102 240 55 46 152 99 124 121 205 58 51 125 
98 : 78 153 61 165 180 30 185 72 235 223 164 64 124 230 79 171 41 93 148 119 27 150 62 214 177 77 47 186 181 244 71 29 26 76 225 121 144 169 229 142 52 204 102 129 179 245 36 87 103 239 220 44 217 227 
99 : 45 28 136 77 60 174 119 133 87 212 193 135 191 223 244 100 220 142 95 129 91 232 235 197 116 157 76 216 124 165 237 132 195 42 173 236 207 38 73 92 198 177 69 188 202 84 211 102 163 81 178 68 44 93 130 70 56 139 208 48 161 96 88 29 153 104 105 137 201 155 50 147 206 154 108 167 51 
100 : 59 172 31 132 216 109 75 54 170 88 143 215 104 113 210 110 137 150 236 124 107 163 185 122 55 213 26 173 154 245 102 116 85 95 144 162 34 77 135 205 119 230 156 133 40 200 117 184 138 164 89 220 227 153 248 159 73 51 126 192 48 239 240 92 219 98 129 42 198 66 52 
101 : 127 163 201 229 228 122 191 149 77 224 143 26 240 181 217 114 37 196 164 66 156 40 232 133 227 173 55 203 88 31 
102 : 30 86 223 144 126 61 91 94 233 140 216 149 46 239 187 204 118 237 25 182 37 209 106 172 89 244 100 176 221 241 
103 : 217 47 133 96 70 39 61 240 36 158 117 98 193 59 244 82 42 93 243 141 28 228 213 235 106 211 31 32 224 88 129 119 204 109 99 50 194 
104 : 30 163 218 158 180 227 26 191 176 147 85 166 101 244 247 194 223 239 171 75 28 195 72 229 168 36 62 241 71 205 52 
105 : 208 228 207 60 180 177 189 54 169 124 235 92 77 220 63 144 212 31 236 184 218 147 217 116 241 139 117 
106 : 133 172 193 126 167 96 198 43 152 222 102 200 189 78 110 121 144 184 83 233 173 226 169 35 225 203 177 199 116 107 79 132 237 47 241 249 38 51 72 148 114 106 68 213 73 187 211 91 65 64 228 224 
107 : 71 55 199 107 148 145 191 40 196 140 121 51 75 238 115 45 247 60 149 222 65 131 104 126 182 218 89 187 175 108 139 245 27 87 93 105 216 230 109 102 150 203 66 163 129 136 157 92 231 244 123 166 49 212 25 210 64 77 147 128 215 202 213 197 
108 : 220 91 106 171 186 69 70 222 205 37 197 227 92 51 79 107 234 58 113 119 194 155 83 177 240 36 102 142 65 212 135 60 87 98 173 159 66 144 97 245 180 218 162 176 150 184 28 122 93 168 80 121 214 139 101 49 199 190 84 75 99 203 196 43 72 201 
109 : 92 209 187 105 141 112 247 229 230 185 146 36 81 215 46 150 121 86 82 116 48 218 65 222 181 155 164 
110 : 121 220 120 168 174 195 75 76 39 84 149 225 155 110 45 200 184 104 205 123 221 153 157 165 189 79 127 208 139 133 142 209 97 118 213 231 122 63 207 49 128 114 91 152 29 113 68 27 247 222 161 192 236 187 54 150 243 170 89 44 137 86 215 108 163 235 57 65 106 
111 : 192 46 135 28 97 234 62 56 41 94 102 80 82 194 216 195 130 66 47 133 138 86 214 126 119 35 245 154 37 224 184 45 109 103 146 228 122 112 73 153 163 64 202 208 87 139 67 176 242 207 60 220 52 183 200 57 
112 : 170 246 97 164 238 204 109 133 52 222 244 26 29 49 208 75 206 43 182 28 174 60 82 46 167 93 130 181 196 79 233 89 108 121 40 230 216 224 179 151 34 247 199 99 
113 : 137 30 113 203 193 221 86 226 70 67 131 159 187 169 155 215 77 210 150 74 135 247 92 75 191 246 129 140 107 49 185 42 175 151 109 117 152 106 121 56 164 54 170 
114 : 165 117 103 34 33 112 210 62 225 120 216 195 44 94 246 57 201 119 249 59 25 54 160 132 234 185 98 135 66 211 126 224 136 129 56 78 178 187 75 28 233 114 111 237 164 74 90 222 141 35 29 127 247 175 67 220 39 244 110 40 215 106 101 48 76 38 202 186 137 235 118 72 
115 : 189 94 185 233 76 234 200 135 36 181 216 101 56 33 47 134 131 59 62 67 166 156 228 66 240 139 182 118 143 54 127 136 204 37 129 107 25 31 86 171 147 145 42 29 137 99 191 113 46 
116 : 184 80 121 125 172 28 192 155 54 130 108 67 141 30 35 248 243 200 135 61 222 90 70 230 111 112 77 226 83 127 185 232 202 207 249 
117 : 213 180 65 90 226 98 35 173 182 141 190 234 201 27 208 145 189 248 205 153 164 58 91 46 26 83 236 76 130 70 104 204 244 97 168 148 39 30 105 38 126 163 45 157 106 167 122 218 44 147 150 175 50 184 103 159 181 107 246 
118 : 67 107 192 186 241 25 146 197 142 182 51 93 219 92 99 246 72 225 121 153 54 86 212 127 198 185 115 170 96 125 166 98 196 103 141 140 69 214 231 189 94 44 164 163 136 176 101 95 210 76 187 132 161 237 226 155 32 35 222 151 129 137 238 202 74 33 148 27 
119 : 155 183 34 118 182 193 227 245 73 126 96 240 48 36 74 115 203 221 70 163 35 37 58 69 201 138 128 191 30 26 231 186 160 192 173 113 176 56 198 232 89 60 121 241 109 
120 : 55 66 91 106 189 229 126 134 25 90 212 118 160 41 129 220 222 62 36 236 158 58 197 100 124 42 68 180 128 183 103 101 88 231 94 215 227 104 223 127 96 204 182 71 207 48 157 56 147 122 50 179 208 131 216 78 34 173 132 245 54 195 29 67 86 30 214 211 178 249 225 
121 : 97 145 210 105 107 94 201 109 206 226 225 33 242 27 26 220 243 204 112 123 195 48 98 36 149 
122 : 235 236 108 238 60 33 194 91 149 52 165 171 229 39 216 239 207 249 203 73 192 34 188 134 128 79 159 32 106 63 160 83 36 219 217 59 210 58 221 72 96 117 161 143 105 89 191 45 204 80 246 31 176 218 136 208 198 178 37 118 147 42 26 101 158 48 175 
123 : 39 227 248 101 146 204 143 205 81 104 123 153 180 189 25 193 150 246 158 186 166 58 85 239 200 79 155 35 177 26 235 195 116 191 174 114 223 203 71 245 69 66 249 238 241 247 55 131 87 202 57 161 198 209 178 72 53 117 221 182 135 90 136 211 220 41 228 61 142 140 175 231 164 97 108 118 
124 : 176 249 209 166 202 170 195 184 245 100 109 140 133 139 99 61 142 76 71 110 49 63 168 37 214 234 143 230 101 182 212 231 44 82 134 196 129 80 68 246 173 161 113 178 94 148 
125 : 191 192 199 131 57 221 119 90 226 108 247 106 165 25 234 197 81 136 144 49 138 56 238 26 54 206 
126 : 155 152 33 90 65 207 126 197 193 51 144 56 201 105 247 67 81 138 239 93 218 91 198 206 59 240 180 216 205 172 171 39 52 234 76 133 169 43 102 68 161 64 131 78 173 162 182 225 181 137 30 160 142 145 176 178 111 38 
127 : 203 88 69 109 126 234 222 249 27 143 86 55 233 131 192 201 238 61 174 111 207 175 184 246 43 34 137 227 42 80 135 172 232 68 189 74 100 120 57 169 62 29 56 163 161 121 218 237 179 226 58 115 59 160 106 152 41 211 94 46 
128 : 133 197 35 160 52 137 241 151 221 68 196 95 46 233 215 110 173 140 132 143 31 99 93 97 34 220 51 144 139 26 161 179 235 70 105 56 240 183 243 245 238 211 82 199 101 165 167 115 192 141 182 138 39 
129 : 210 157 211 172 58 99 171 180 28 109 77 67 181 137 159 153 29 131 61 50 200 110 170 206 122 138 150 189 33 216 176 123 
130 : 224 135 99 63 146 152 85 98 211 180 81 234 67 150 56 173 247 83 137 225 103 96 94 113 198 114 51 130 27 136 167 88 52 49 170 192 132 28 207 64 35 201 244 205 115 34 218 93 77 121 236 44 53 191 134 32 237 182 226 89 62 127 41 55 174 91 36 
131 : 30 147 112 145 100 52 71 89 31 195 167 57 64 170 28 61 240 197 248 92 193 79 40 178 80 68 60 132 151 123 146 233 211 222 140 208 173 58 96 72 77 169 216 176 41 85 214 201 189 74 124 65 75 209 45 144 62 138 196 136 125 43 235 137 207 
132 : 212 243 40 229 118 189 192 111 142 126 186 166 37 43 91 148 62 131 68 225 202 28 90 245 44 141 26 98 85 208 185 209 233 237 94 154 77 87 121 76 181 70 45 230 
133 : 168 99 244 91 107 34 248 144 106 32 200 72 103 178 218 89 191 119 132 140 134 190 249 180 49 186 207 242 60 93 208 133 40 238 98 227 210 197 213 156 51 188 44 101 112 169 42 236 30 36 161 162 216 149 41 130 
134 : 165 71 206 90 216 47 102 78 127 192 45 195 185 249 221 43 154 122 135 200 58 126 73 25 147 54 67 173 57 137 68 181 193 51 201 238 178 85 134 219 159 60 231 89 232 151 160 130 30 148 207 70 182 
135 : 177 33 119 201 207 242 218 190 59 62 97 100 227 173 107 77 235 168 123 29 90 125 105 63 211 32 182 73 64 38 239 51 152 240 236 206 103 70 200 198 54 132 183 83 110 210 194 34 196 128 223 46 47 144 217 179 104 181 214 187 246 121 124 147 41 116 
136 : 227 105 83 226 141 124 219 196 213 241 162 115 103 26 145 70 109 130 79 35 210 177 204 170 52 38 58 197 201 128 92 155 28 75 138 180 137 211 89 68 248 74 113 127 50 136 161 64 183 132 77 
137 : 81 209 171 104 147 191 98 194 56 78 40 126 114 153 221 83 25 121 111 130 68 60 92 76 185 
138 : 31 187 146 67 184 211 236 189 219 241 176 55 178 127 30 90 48 157 41 58 123 132 232 116 229 148 210 100 35 193 175 93 223 220 244 107 143 163 
139 : 180 120 83 213 146 59 228 75 179 242 230 86 142 159 246 54 153 35 156 106 32 207 219 139 204 232 151 192 133 247 26 149 148 58 125 90 109 85 185 206 190 56 144 177 96 231 77 235 199 240 248 44 238 234 43 168 140 183 76 63 101 145 178 53 203 88 64 92 175 47 129 
140 : 243 169 77 50 214 103 211 100 29 170 69 106 187 159 90 208 185 157 219 151 212 88 135 216 139 39 110 80 101 31 113 248 205 230 61 49 236 137 107 53 94 93 200 91 114 141 28 143 74 105 76 52 42 147 178 130 184 142 186 134 149 145 65 102 174 118 56 146 
141 : 194 90 84 197 69 58 96 118 122 31 218 209 214 88 165 91 141 149 51 163 32 52 100 135 228 79 39 136 184 57 168 71 215 83 72 247 116 124 174 191 117 195 196 105 202 41 192 217 35 110 181 179 
142 : 129 187 70 46 249 71 42 221 212 192 119 102 158 154 25 88 167 202 215 146 85 171 178 194 247 175 47 145 101 141 45 228 127 177 229 220 41 82 121 125 116 131 36 200 148 80 68 60 48 240 52 123 109 32 132 96 142 245 242 223 27 66 149 218 234 182 
143 : 56 75 48 154 234 180 81 169 38 42 111 136 205 159 47 218 66 182 28 142 155 249 127 107 243 63 242 74 93 82 158 227 58 54 176 161 229 126 228 140 113 149 195 79 204 235 177 211 167 173 199 187 174 172 32 220 99 
144 : 81 90 50 221 205 230 226 194 52 166 78 115 70 131 164 62 232 218 42 83 174 163 210 71 89 171 203 85 181 75 195 187 220 
145 : 178 145 165 226 132 246 222 225 231 61 32 160 69 79 190 172 206 100 125 151 173 78 81 114 29 195 25 106 133 205 51 202 164 117 62 153 77 207 52 115 198 243 
146 : 112 202 228 173 114 186 47 134 126 142 204 107 140 246 149 111 25 241 58 94 79 57 101 195 72 66 160 210 199 113 130 206 184 138 238 83 118 54 181 240 129 209 60 124 170 55 223 233 31 
147 : 66 74 126 102 67 202 65 209 93 216 239 194 28 247 46 115 235 89 212 248 149 223 41 35 184 71 104 242 37 200 
148 : 247 133 217 93 44 32 76 203 124 55 232 227 70 163 230 192 150 30 196 135 118 105 102 117 235 240 188 184 52 152 134 194 177 191 48 145 62 224 160 153 64 42 239 176 218 129 74 61 82 220 243 234 85 91 158 181 37 202 141 60 33 103 185 171 219 57 81 107 96 86 99 
149 : 100 72 212 109 61 101 53 51 97 142 38 122 46 88 224 91 31 180 194 74 199 127 209 136 27 94 125 158 146 221 141 248 83 188 107 206 196 217 195 151 111 69 138 78 90 98 39 226 216 173 36 65 
150 : 156 175 87 187 203 55 163 228 144 127 189 110 104 109 158 172 202 128 181 214 216 131 215 191 235 211 58 155 38 47 132 244 152 225 224 26 33 
151 : 233 94 44 51 59 112 230 67 215 189 82 81 99 56 63 210 153 66 57 106 222 157 168 179 131 43 30 162 95 144 228 104 91 50 77 49 96 234 75 93 188 196 40 35 185 141 105 125 142 217 120 70 41 202 195 88 115 61 245 97 237 206 165 134 65 39 216 42 129 89 123 249 71 236 150 101 
152 : 199 66 61 142 238 82 225 121 179 110 49 222 114 78 102 149 209 148 65 224 85 80 69 157 44 67 84 104 197 215 77 184 177 195 207 170 25 
153 : 41 164 215 195 171 228 218 208 55 217 174 191 126 199 67 85 236 127 248 161 87 211 31 71 212 44 179 238 30 220 175 37 128 146 137 166 194 46 105 26 90 231 134 93 168 243 246 102 113 187 224 92 52 176 136 81 99 185 180 240 56 61 249 129 209 135 148 77 45 84 64 97 
154 : 206 53 139 168 128 247 142 241 54 166 177 158 126 156 145 234 119 122 116 171 106 110 141 222 193 114 98 97 33 71 188 111 169 209 78 147 120 136 176 70 212 167 125 194 143 242 210 123 203 135 248 41 245 68 173 26 157 112 208 161 144 43 138 56 81 197 227 231 238 181 37 89 90 
155 : 110 98 232 36 100 183 242 208 244 73 44 214 101 247 38 163 194 66 173 177 105 123 187 223 148 158 84 191 198 56 202 220 28 156 238 120 94 117 181 128 49 234 116 195 159 151 45 229 235 153 136 25 131 209 134 46 249 212 86 143 140 30 51 103 33 63 
156 : 160 220 219 65 77 228 92 180 78 202 142 80 176 115 243 128 94 35 58 248 81 229 163 210 213 86 107 236 165 181 185 42 79 246 158 232 93 50 71 34 133 203 62 242 189 222 223 205 172 225 95 239 124 129 148 108 171 226 157 118 144 56 159 99 221 112 230 53 70 174 43 122 130 182 212 135 
157 : 240 204 232 169 79 63 210 162 112 247 88 118 90 248 224 221 174 84 170 206 38 74 34 68 139 97 216 194 203 99 211 85 55 30 231 159 171 167 110 130 100 191 218 122 86 172 131 198 121 32 145 233 146 135 150 26 117 199 158 157 93 83 143 
158 : 40 150 135 198 91 169 55 126 66 85 71 163 82 99 185 116 220 111 207 38 191 75 88 83 73 229 155 188 74 51 146 60 138 110 105 215 217 214 218 100 196 143 81 211 165 176 144 237 240 245 221 190 166 230 77 67 232 86 97 
159 : 141 114 173 195 180 166 245 90 131 140 27 132 236 122 55 70 38 175 209 222 211 73 200 110 96 31 151 167 231 91 199 125 243 103 237 46 215 128 33 134 190 119 240 94 138 157 174 184 232 196 201 154 98 113 221 68 
160 : 249 189 70 221 64 242 198 45 68 193 102 224 235 183 174 28 43 94 207 125 167 52 164 187 31 248 66 74 58 63 108 139 177 181 122 95 107 67 84 112 216 146 105 215 157 230 141 232 154 149 75 42 184 88 175 162 98 166 36 133 206 204 86 137 
161 : 217 148 40 204 131 101 54 34 189 249 68 197 199 81 124 66 223 87 192 80 237 147 150 153 121 65 61 48 220 47 67 184 73 181 211 177 33 210 134 208 139 178 188 146 97 155 83 25 126 109 164 187 46 
162 : 166 26 137 220 48 69 169 70 230 159 160 214 238 185 190 85 242 197 76 209 91 60 219 178 100 200 226 44 46 132 112 79 129 152 170 211 114 110 221 174 135 126 89 
163 : 137 26 127 101 242 88 69 74 185 220 168 95 156 54 39 239 141 81 248 228 172 66 65 34 72 85 111 78 76 197 166 149 112 61 139 38 94 224 92 247 222 104 184 57 130 155 161 25 202 200 117 122 
164 : 238 46 133 93 194 146 48 72 28 42 209 31 230 159 127 109 158 198 65 247 25 202 117 169 61 56 219 242 121 240 249 187 204 124 163 195 135 80 140 122 68 86 115 223 130 181 149 101 214 190 205 114 132 
165 : 234 51 248 27 113 221 199 128 197 207 196 112 223 227 192 94 170 240 43 117 83 156 97 122 143 118 72 208 142 75 41 162 103 191 134 159 247 188 123 44 65 133 101 210 62 42 
