0 : 158 231 246 188 124 139 94 57 150 66 174 110 157 147 48 30 177 234 163 175 232 159 187 96 61 173 176 195 249 28 171 184 51 79 103 49 82 170 224 179 105 115 88 43 120 199 220 112 156 155 80 214 98 108 221 185 52 29 241 92 161 209 140 27 67 144 85 93 203 87 117 235 153 193 74 
1 : 103 107 238 242 93 95 175 59 62 240 86 115 219 204 79 247 199 221 230 40 112 34 36 94 179 173 72 70 223 182 209 68 122 201 205 184 56 149 164 196 231 109 37 197 241 61 189 133 150 161 166 140 71 147 117 88 186 50 226 134 124 146 64 98 181 154 142 44 33 57 58 
2 : 129 57 158 162 245 119 194 166 229 98 49 140 73 83 189 240 52 195 147 190 70 42 118 209 168 87 153 89 211 53 152 69 43 78 227 47 114 191 134 172 103 216 150 111 41 165 197 163 112 232 226 92 224 220 27 233 207 213 186 235 223 28 215 86 236 50 249 80 143 188 248 
3 : 44 81 188 134 215 232 126 172 135 129 36 194 208 52 144 225 133 61 66 171 140 116 179 92 146 187 84 182 41 193 86 230 245 88 241 109 62 169 76 175 197 242 83 148 43 122 159 213 149 131 103 128 26 156 113 59 45 
4 : 249 105 159 93 55 81 28 190 170 59 69 236 67 240 215 177 71 211 222 120 151 26 241 92 104 181 39 48 139 188 180 207 112 198 245 80 78 182 79 169 163 152 191 135 118 
5 : 84 49 43 171 238 91 247 163 172 81 96 59 192 129 144 246 178 232 115 203 136 143 98 214 138 38 70 44 142 236 54 135 215 166 
6 : 137 44 173 248 76 43 136 175 235 35 103 59 83 214 167 91 189 57 94 110 224 90 237 101 140 148 49 73 158 170 202 240 117 210 228 215 247 68 111 87 51 234 31 146 64 33 222 196 95 93 192 89 241 97 72 28 176 116 139 239 221 
7 : 168 99 247 40 232 162 47 151 175 213 89 142 201 153 59 115 81 208 187 203 94 238 197 69 26 97 28 215 66 222 113 191 193 169 138 140 120 35 165 231 100 171 200 230 189 214 225 36 207 68 29 155 224 119 90 118 182 110 63 212 111 125 
8 : 223 37 64 160 158 151 196 49 29 55 204 123 119 88 242 107 159 222 120 130 90 111 44 93 54 83 153 97 70 79 
9 : 30 110 177 76 98 188 42 149 52 60 182 77 198 113 158 41 46 185 225 145 97 196 197 227 120 80 119 176 235 115 246 204 
10 : 143 54 87 194 65 172 126 180 112 152 177 163 222 154 235 89 43 232 190 73 59 148 72 221 69 207 225 248 210 136 78 
11 : 80 136 213 156 137 159 208 169 217 121 200 36 33 85 49 238 64 63 30 88 112 246 221 229 223 163 186 173 77 
12 : 150 106 241 31 223 93 133 204 217 231 100 161 230 49 99 225 32 28 237 67 128 136 208 181 195 25 109 233 62 147 163 63 119 48 44 172 207 247 179 112 118 155 110 232 182 122 218 40 166 213 64 73 131 65 61 104 140 
13 : 96 27 88 221 121 37 248 191 235 198 43 166 161 83 120 89 65 132 201 129 49 197 78 230 64 208 105 70 72 143 
14 : 108 227 201 100 210 226 73 249 74 52 110 206 94 177 116 112 214 57 26 120 231 161 195 85 145 81 96 148 169 218 72 29 122 25 171 106 32 64 160 46 27 125 92 
15 : 170 60 74 40 205 59 213 43 44 219 173 184 58 224 208 80 115 111 240 220 148 67 145 83 146 109 181 147 233 188 194 174 126 41 136 226 125 191 85 245 152 237 179 131 84 49 61 105 169 96 48 94 75 211 65 150 47 116 163 156 201 42 73 134 99 154 86 214 79 139 
16 : 42 43 223 54 33 151 122 152 164 52 233 202 111 85 80 102 37 155 125 91 161 147 94 238 134 95 108 44 181 170 132 178 103 149 90 133 67 88 75 176 172 139 32 
17 : 242 82 233 201 228 54 27 239 248 76 49 172 32 191 218 208 119 108 67 80 177 68 234 106 184 40 136 109 145 100 190 91 115 168 
18 : 210 34 115 248 81 77 135 227 97 181 133 84 189 206 111 107 241 175 99 203 151 229 67 78 31 76 230 46 55 
19 : 234 61 166 73 210 203 249 120 111 77 58 176 133 141 96 125 235 78 241 72 87 202 132 122 42 67 93 167 27 188 128 47 124 140 108 66 104 40 39 195 25 156 194 182 148 215 150 54 38 209 94 36 204 126 49 107 106 189 137 143 135 
20 : 56 115 85 102 166 140 219 175 211 227 129 190 59 206 93 94 234 112 98 232 168 108 48 212 199 187 201 189 182 160 142 40 205 243 185 118 120 45 130 104 50 171 150 67 230 173 80 89 99 167 111 35 210 141 122 37 36 249 51 68 78 237 162 86 181 164 233 29 105 126 30 192 
21 : 212 99 102 50 113 131 25 220 166 97 101 69 94 84 80 205 53 179 235 87 67 178 37 78 26 134 33 158 125 233 49 118 214 147 203 129 241 46 61 70 247 44 217 88 140 136 45 133 162 150 66 174 151 27 213 160 109 185 180 85 182 35 154 56 68 89 219 130 128 
22 : 126 203 166 40 83 219 71 59 28 202 221 149 108 204 248 61 142 30 155 186 239 124 134 66 114 191 63 148 215 141 147 205 47 195 112 249 103 227 159 92 77 163 218 206 52 111 238 46 170 
23 : 39 117 164 162 228 229 223 30 50 183 153 29 139 133 25 72 71 236 125 240 48 249 100 144 114 165 33 215 27 37 81 136 185 104 231 141 58 129 47 115 145 68 151 238 205 109 247 
24 : 156 204 47 51 195 170 188 123 154 240 239 56 180 85 117 131 99 225 34 215 174 202 102 109 112 130 237 142 133 242 210 52 64 114 78 179 77 168 200 236 50 98 95 186 128 67 36 110 125 122 149 74 197 127 226 33 232 115 
25 : 81 134 71 44 233 76 86 130 168 139 33 121 75 69 48 39 85 131 218 236 213 93 230 192 143 61 118 56 41 204 82 123 166 147 
26 : 101 230 226 73 89 35 236 79 77 108 197 48 223 80 174 120 209 166 196 228 235 32 185 137 215 93 184 131 176 225 65 59 217 140 51 167 142 130 58 38 211 62 25 239 52 191 238 201 87 213 163 169 149 37 117 212 243 204 155 128 146 45 41 182 221 76 188 173 159 90 30 139 47 72 39 56 
27 : 110 47 215 130 213 245 99 210 98 66 189 184 219 194 123 28 80 56 134 211 125 122 107 57 235 70 221 190 55 32 121 187 68 137 35 179 39 59 
28 : 97 45 140 60 107 133 112 153 50 123 103 44 172 223 230 202 79 53 228 159 151 236 231 188 227 31 
29 : 69 216 128 124 229 38 237 158 118 74 148 123 224 67 152 75 203 121 48 62 177 57 44 202 83 41 157 164 51 235 186 150 49 82 127 153 238 174 109 167 47 205 199 140 169 188 208 113 55 28 180 190 110 34 242 101 
30 : 53 131 120 242 60 225 85 35 157 230 237 79 185 207 187 203 232 152 52 233 212 149 57 99 197 140 68 89 198 239 101 34 161 113 77 76 27 75 72 227 104 
31 : 139 197 64 32 69 166 71 106 246 192 168 183 178 74 187 87 222 86 148 28 214 204 107 156 38 30 211 
32 : 149 190 135 161 146 184 113 172 90 248 157 198 50 49 120 89 188 138 201 187 79 104 183 247 128 52 180 112 80 101 221 232 
33 : 148 69 196 169 149 159 174 198 90 117 173 182 86 164 183 212 225 49 36 27 201 81 244 143 184 113 138 51 118 46 48 243 236 34 93 106 87 60 80 110 234 240 50 168 249 160 
34 : 208 177 141 190 173 90 44 111 38 66 243 27 184 215 142 221 203 30 214 40 143 108 63 135 182 232 197 51 187 158 186 246 154 
35 : 205 181 98 112 222 85 83 42 108 238 138 179 68 63 245 60 212 247 126 163 44 153 92 234 33 91 88 53 218 149 52 133 154 110 196 34 106 155 94 160 195 100 197 45 215 225 107 38 189 239 115 59 
36 : 150 173 151 147 29 211 243 215 131 239 223 99 208 241 145 110 26 152 129 170 166 228 59 34 76 78 42 117 235 
37 : 117 56 182 52 159 229 131 48 148 61 103 50 28 217 31 160 189 60 73 108 212 62 236 216 81 215 207 249 130 109 93 195 196 171 227 125 161 210 208 91 45 242 172 34 137 37 139 223 235 26 
38 : 202 249 89 137 233 161 222 195 110 216 68 85 236 29 114 118 125 149 64 175 166 134 90 59 86 234 31 211 128 215 170 75 113 80 61 183 48 244 58 187 178 34 245 198 51 94 167 200 207 210 55 190 140 247 40 43 232 156 129 148 151 27 105 54 99 65 180 228 194 135 206 196 38 185 131 41 
39 : 79 67 94 155 118 59 160 170 173 195 151 122 78 33 224 228 70 231 101 217 85 57 212 107 50 194 198 216 51 37 157 220 238 110 249 133 163 233 39 27 26 134 100 77 147 109 177 243 135 25 148 41 74 186 31 230 215 169 54 245 214 116 158 112 241 66 197 185 43 126 178 221 
40 : 35 136 216 237 215 230 60 108 81 126 170 228 122 211 70 233 232 63 199 172 144 53 200 187 137 227 159 
41 : 36 31 70 241 245 60 217 29 147 83 129 225 231 137 35 64 133 33 161 89 85 228 66 93 180 203 77 202 205 218 209 145 120 26 215 182 249 219 171 34 230 199 121 183 98 211 140 43 92 96 53 51 168 170 184 59 226 155 65 106 177 244 193 235 104 103 114 
42 : 63 212 88 196 184 218 61 64 225 204 147 194 119 54 98 246 32 202 81 240 163 89 94 173 116 128 100 137 175 235 95 38 49 67 179 25 129 143 75 209 182 114 86 35 181 140 31 83 219 91 200 109 215 197 198 93 99 43 59 96 216 
43 : 140 65 127 226 126 148 161 199 179 31 128 177 105 192 139 243 49 217 215 120 123 237 84 195 205 54 231 175 68 197 221 38 103 163 59 40 41 
44 : 65 194 164 217 247 116 190 57 127 31 245 158 60 154 43 227 166 85 87 84 71 196 234 132 92 96 248 142 205 111 223 173 93 112 230 118 
45 : 119 59 39 50 33 64 125 77 246 197 143 95 219 167 217 40 99 190 86 231 196 62 227 29 137 160 25 28 57 200 100 232 210 229 163 56 166 136 36 129 165 104 234 55 115 47 73 139 53 214 133 220 221 169 65 131 187 223 209 27 
46 : 121 115 200 170 211 196 206 117 157 109 59 111 177 101 169 155 228 191 99 69 127 236 234 147 132 225 205 160 78 210 67 229 113 239 47 198 114 95 136 216 203 29 178 193 181 185 201 
47 : 95 160 109 201 220 73 45 33 143 155 240 65 35 145 199 176 93 245 84 99 70 92 49 221 159 134 231 248 108 204 215 225 210 48 125 150 34 115 47 216 68 59 192 102 227 133 190 130 244 164 119 110 105 149 50 46 94 247 184 100 228 157 238 142 183 148 203 170 
48 : 68 174 211 29 135 103 79 209 165 243 133 132 199 124 67 91 39 156 92 86 200 189 100 141 162 219 164 160 83 62 161 57 122 224 181 206 249 93 222 43 41 220 58 239 240 98 248 190 159 104 54 208 229 31 143 197 40 234 33 202 38 179 195 204 114 45 221 131 
49 : 231 156 161 159 59 145 198 240 228 154 33 28 107 111 170 141 112 167 174 110 124 220 118 148 182 127 155 197 149 242 219 196 162 41 131 73 238 61 152 89 204 126 117 40 109 130 199 31 235 244 157 79 45 181 77 183 63 84 249 186 80 70 192 175 26 37 169 150 184 147 
50 : 175 247 137 123 37 117 64 224 203 47 121 36 91 43 232 172 209 176 147 166 125 101 92 238 202 61 164 45 140 54 178 213 78 127 229 194 30 95 168 138 90 120 42 116 157 85 217 220 154 193 131 206 158 26 192 52 156 188 33 225 29 105 230 187 102 207 146 89 57 165 161 
51 : 97 47 113 110 85 161 133 221 235 189 35 199 204 152 174 134 89 175 176 111 82 60 206 53 192 63 242 143 208 118 91 167 94 105 197 98 228 200 106 32 145 120 121 149 245 37 243 59 49 195 124 38 65 166 43 90 95 51 164 207 56 140 226 173 75 238 66 126 
52 : 41 111 159 38 166 131 230 151 42 162 163 187 168 167 116 152 215 25 108 31 91 90 72 60 120 83 59 75 176 29 226 234 156 140 
53 : 232 163 42 229 235 162 206 67 196 123 39 68 145 148 128 105 65 32 195 102 37 247 185 244 153 226 130 113 129 121 207 201 43 
54 : 25 41 93 137 190 228 58 178 171 55 60 151 192 243 31 125 96 92 69 136 204 126 191 219 46 237 81 61 248 57 200 119 112 217 158 236 36 37 154 162 240 51 102 155 238 67 215 77 141 176 166 139 148 91 207 103 82 65 147 47 246 
55 : 148 171 128 52 41 133 228 103 157 46 196 39 155 119 242 214 90 100 67 169 88 69 224 59 99 25 184 194 153 180 117 118 108 
56 : 196 93 189 135 32 83 191 26 148 100 182 34 61 200 181 230 42 115 170 222 218 91 168 153 152 183 128 163 78 211 161 60 225 173 150 
57 : 124 192 121 73 28 244 138 164 157 159 27 167 53 230 125 183 185 199 241 81 102 151 145 227 78 119 176 156 144 222 141 175 166 198 69 165 32 51 114 49 100 130 190 89 152 61 52 94 154 58 234 97 50 37 197 39 64 31 110 168 155 25 248 173 142 
58 : 159 244 211 128 52 215 109 77 83 55 129 161 78 151 230 194 168 204 95 191 214 59 145 26 70 123 72 246 36 209 100 96 238 227 108 201 187 148 164 99 73 117 50 110 57 243 184 232 234 28 120 235 
59 : 139 56 49 85 35 96 132 227 61 225 144 224 223 64 245 41 190 113 177 36 46 188 28 211 43 106 221 39 70 146 231 183 161 236 103 195 121 71 160 33 167 180 65 210 131 54 205 29 197 228 27 189 152 104 81 134 208 74 114 117 143 206 214 32 184 124 
60 : 61 228 235 226 87 50 107 211 112 233 73 223 158 148 59 230 196 179 76 48 49 214 209 162 54 109 130 181 147 58 184 111 47 120 83 206 243 239 30 68 171 200 92 220 175 106 64 45 202 197 71 38 170 192 57 188 157 154 108 187 46 69 205 227 246 213 249 247 161 34 
61 : 210 221 235 138 167 224 180 199 218 207 179 67 153 197 39 50 93 49 75 185 131 143 122 60 64 120 148 36 88 28 68 217 233 188 238 154 95 155 168 61 140 87 165 90 94 222 42 241 149 113 86 45 76 119 54 29 220 99 141 73 144 248 
62 : 98 126 45 173 206 61 146 79 30 38 160 240 36 166 187 198 96 31 112 194 37 222 174 63 195 72 246 41 59 82 182 132 249 137 172 66 102 49 136 51 26 139 186 57 113 237 241 103 95 171 235 114 135 154 
63 : 80 187 108 183 164 73 76 120 117 224 182 189 149 228 168 118 122 25 86 170 123 160 135 190 142 153 65 103 241 30 167 188 205 27 81 95 36 77 212 50 238 141 
64 : 129 174 161 172 97 202 199 135 178 104 46 103 232 193 185 221 195 77 166 146 173 121 51 41 50 156 55 128 198 52 159 194 60 70 177 80 87 170 234 189 115 208 99 95 94 184 179 124 
65 : 114 129 49 40 195 178 67 150 78 143 87 121 222 233 95 126 237 63 199 231 30 245 46 196 76 215 205 
66 : 151 131 208 85 69 169 79 164 222 198 242 195 239 138 106 121 71 129 237 189 126 101 115 127 205 156 38 98 63 183 194 46 37 175 229 48 193 108 117 235 76 240 142 210 215 33 81 218 172 91 27 80 132 168 105 75 173 233 190 141 89 184 214 216 134 56 82 109 197 55 43 212 26 196 
67 : 103 175 169 142 160 145 216 106 128 215 230 161 212 62 123 69 192 228 191 55 174 184 71 232 245 59 68 39 37 78 183 133 176 
68 : 68 132 195 81 245 169 221 227 46 126 80 72 233 148 181 115 244 196 228 97 166 121 138 149 151 176 219 88 39 63 33 87 86 144 214 
69 : 144 212 77 176 35 128 236 219 174 114 59 29 61 203 137 87 206 147 117 62 133 119 100 106 37 102 145 171 228 160 46 
70 : 59 243 67 140 193 139 149 230 245 57 215 242 129 31 231 172 222 187 39 167 38 214 40 186 198 221 145 176 161 155 119 142 56 60 91 106 123 227 136 47 109 42 50 178 180 99 75 49 64 138 54 27 32 143 164 171 235 201 72 137 146 213 233 44 78 97 219 241 218 93 111 223 
71 : 241 92 96 87 95 177 88 80 235 153 228 147 104 198 223 58 155 77 48 60 106 199 54 126 72 46 160 245 56 204 129 132 157 117 105 162 188 109 
72 : 107 205 127 62 235 28 74 147 169 33 174 221 232 207 249 77 118 131 159 97 222 180 98 106 183 48 82 202 220 244 88 157 142 230 42 60 149 200 195 92 237 27 223 37 189 136 146 241 172 243 120 194 55 206 208 248 112 26 40 104 242 
73 : 171 245 237 173 177 60 152 121 96 85 80 31 76 116 244 204 160 53 89 107 157 71 135 36 82 158 138 63 224 114 72 50 209 94 108 
74 : 168 62 48 51 247 105 68 56 221 147 167 169 237 95 131 25 227 241 124 180 112 75 163 242 212 61 70 149 113 103 79 152 245 201 150 45 
75 : 93 141 229 155 53 52 44 86 128 46 247 163 249 70 38 90 104 62 244 173 196 111 108 213 206 37 185 134 150 121 115 125 237 152 240 180 242 151 195 217 189 65 103 43 42 139 83 186 33 99 245 50 236 84 176 234 107 248 222 118 92 200 105 57 136 241 79 205 
76 : 185 201 164 93 35 183 175 240 112 64 180 170 140 87 137 207 34 134 66 33 139 169 55 144 159 29 129 40 130 188 119 239 62 235 48 86 59 191 
77 : 122 175 220 233 97 188 92 116 236 96 226 50 143 124 61 98 198 174 172 154 158 194 130 126 136 244 162 106 214 232 40 210 111 131 31 145 
78 : 168 123 108 95 118 128 211 26 227 189 98 121 183 117 61 42 84 164 148 52 68 246 198 85 72 160 96 82 91 188 143 180 225 51 44 29 177 146 77 243 127 166 149 217 90 78 214 113 93 215 238 105 48 219 65 88 199 86 202 104 71 124 218 213 229 67 94 167 115 159 204 69 171 137 228 
79 : 117 134 105 200 211 138 166 42 62 96 193 247 147 41 220 87 66 249 239 227 192 60 221 111 74 212 185 199 232 218 129 109 143 189 145 37 82 202 207 86 152 26 71 70 58 233 127 179 240 98 80 84 49 
80 : 131 241 104 235 116 137 63 172 225 211 80 160 214 84 159 157 185 187 135 158 83 76 64 30 141 40 156 117 71 93 193 126 48 176 182 
81 : 90 170 174 85 80 161 169 223 189 229 242 185 160 225 116 120 58 40 102 112 57 201 192 184 191 249 172 239 128 78 122 
82 : 53 51 184 25 135 205 245 140 84 156 85 109 59 173 83 61 166 37 242 219 107 71 50 176 237 40 96 68 138 163 177 201 136 182 39 133 30 47 100 41 241 181 206 186 243 31 108 114 143 58 234 220 91 57 155 118 55 146 171 113 117 165 189 87 162 89 
83 : 243 111 99 76 68 235 229 180 35 117 214 185 199 65 187 216 57 192 141 106 50 147 240 215 142 227 102 127 123 179 
84 : 160 128 109 35 66 38 40 98 164 87 196 177 216 197 220 153 112 168 72 64 129 135 119 110 37 243 226 176 206 171 95 122 152 143 79 99 174 156 205 234 163 223 165 170 39 102 27 208 198 29 67 33 173 231 117 69 78 214 
85 : 222 62 82 175 57 69 98 169 34 89 119 67 53 126 81 185 228 113 230 157 71 103 80 238 38 224 49 
86 : 79 182 174 58 111 35 149 103 126 115 110 226 70 36 124 161 231 168 104 159 247 99 211 107 143 214 145 193 122 248 101 207 141 78 
87 : 133 112 221 110 205 204 31 93 33 236 194 199 158 47 42 190 144 147 224 67 193 172 107 146 163 166 79 197 38 25 180 138 113 229 91 153 119 35 249 188 170 130 142 149 223 86 207 123 62 64 154 36 60 106 174 128 213 200 54 101 120 94 201 
88 : 128 113 82 72 164 95 245 217 122 91 39 97 88 236 109 52 174 216 180 161 247 126 146 212 176 242 232 77 115 136 119 101 196 117 211 199 70 188 84 78 65 64 142 201 150 132 130 62 66 37 166 239 59 159 205 194 74 218 46 184 238 83 43 195 197 167 151 149 57 227 69 110 53 
89 : 151 237 145 63 231 122 96 70 244 155 181 224 62 92 219 199 52 103 246 94 47 179 100 232 91 174 45 243 
90 : 170 105 25 51 204 132 174 126 79 150 243 115 159 29 176 217 153 56 221 205 32 247 107 97 171 249 33 119 184 198 190 181 41 203 55 72 211 185 
91 : 134 99 29 55 94 235 73 140 41 102 28 173 190 58 60 52 195 139 91 240 189 149 231 116 106 141 118 44 227 212 107 50 216 81 117 46 144 89 129 88 200 234 30 66 84 121 167 187 
92 : 173 116 99 50 120 63 174 225 109 44 186 133 234 195 138 27 60 215 78 198 104 152 124 34 91 153 231 89 160 175 96 59 68 46 119 247 48 203 45 216 85 192 64 74 106 90 130 51 197 114 157 122 97 165 181 69 161 141 113 223 94 87 220 49 70 163 166 132 230 207 117 191 71 67 35 
93 : 105 72 37 179 184 246 109 78 28 168 242 213 193 33 190 223 38 98 131 56 61 207 187 106 36 85 206 153 70 171 101 243 247 112 180 201 132 59 130 27 42 140 148 30 119 158 82 96 77 76 186 137 103 211 73 92 164 165 141 214 174 54 200 34 127 49 
94 : 239 131 141 147 119 41 87 81 69 45 34 169 224 48 206 215 167 164 237 149 43 112 223 162 145 188 189 158 105 130 173 103 231 51 186 180 227 61 138 62 122 235 247 106 123 166 25 205 110 57 46 37 175 230 210 42 202 245 203 222 73 32 83 191 60 99 54 
95 : 239 246 218 126 65 38 28 222 130 39 73 156 202 212 77 135 34 220 123 158 107 67 72 110 244 206 33 79 155 64 188 82 159 174 48 169 132 245 236 209 181 97 70 122 172 152 108 179 61 144 
96 : 129 63 25 200 39 94 124 240 108 147 29 213 174 88 238 28 101 143 247 92 177 45 68 204 26 152 140 61 53 65 135 163 73 57 175 117 173 
97 : 82 27 128 186 83 130 115 156 146 88 46 36 125 158 67 145 80 101 105 194 185 195 243 189 93 213 73 120 218 170 42 64 148 181 77 220 89 43 66 190 35 104 240 192 106 61 38 214 199 149 159 139 40 76 99 74 236 215 235 134 207 53 
98 : 176 210 116 63 47 79 141 127 35 215 44 246 100 75 77 57 76 72 62 181 89 170 238 185 120 230 223 40 233 
99 : 203 99 106 76 134 206 81 136 93 31 184 194 55 237 42 233 41 52 219 119 177 179 224 238 158 247 128 152 248 30 208 79 111 94 101 193 103 176 141 212 85 150 107 63 199 95 115 220 125 58 207 108 169 26 200 183 182 138 110 
100 : 132 182 233 234 79 177 170 225 134 204 137 244 238 64 65 140 60 147 56 236 210 43 116 214 141 248 163 235 216 227 52 120 128 156 28 36 34 101 100 41 113 215 199 87 231 160 155 112 30 102 176 72 142 76 96 25 123 187 202 26 70 
101 : 142 47 144 42 60 217 50 247 130 49 244 65 152 122 228 146 77 134 98 181 86 223 161 219 120 193 207 106 108 103 209 82 241 28 56 203 208 163 197 30 164 96 112 184 100 111 107 195 38 231 61 124 66 240 123 188 226 54 151 44 172 40 25 224 135 131 205 153 79 119 64 102 71 91 101 229 
102 : 223 105 143 154 62 96 199 69 234 102 152 98 63 173 40 79 100 246 145 221 172 118 115 169 30 73 60 78 192 149 203 80 168 202 37 210 157 85 59 222 84 31 124 76 139 193 43 236 187 141 91 160 111 65 26 46 242 248 224 229 82 81 131 226 51 233 25 181 
103 : 83 219 195 238 63 77 209 179 56 203 105 190 70 193 107 198 30 244 121 85 172 96 128 91 216 188 41 135 207 231 64 119 86 184 127 69 65 123 168 165 110 
104 : 25 224 128 105 68 70 104 101 180 236 52 189 111 216 181 75 30 103 141 94 211 228 206 208 168 184 32 229 112 198 135 233 142 167 55 69 143 145 217 248 240 148 230 213 108 164 197 91 192 37 176 231 207 
105 : 123 225 112 85 214 166 232 234 178 89 34 48 51 197 130 127 67 140 245 206 146 242 149 145 134 49 205 162 54 237 28 65 122 80 
106 : 205 63 81 39 35 180 132 100 37 31 195 239 157 38 162 170 111 69 36 86 54 124 42 200 243 137 122 113 144 177 47 204 168 49 246 219 214 215 80 
107 : 213 105 41 127 111 86 76 84 79 32 177 159 249 208 196 223 183 153 95 51 237 66 63 236 75 37 181 33 87 188 136 36 137 185 193 210 166 160 89 121 50 62 214 49 170 133 215 245 187 125 239 233 78 90 200 227 94 152 134 
108 : 61 147 71 62 157 56 180 220 151 204 141 136 58 142 86 117 75 200 194 85 140 139 173 31 100 224 222 195 190 51 189 164 167 241 96 82 236 38 84 242 206 98 50 133 217 37 193 121 179 245 89 150 80 174 42 74 106 94 105 166 165 227 87 215 
109 : 216 199 82 27 183 65 52 178 220 225 117 170 35 188 145 160 34 43 217 193 97 226 130 241 94 171 222 58 46 203 204 232 164 248 45 159 176 107 152 105 194 93 237 143 150 56 129 233 191 139 125 
110 : 184 142 237 87 185 161 186 182 163 89 69 107 138 96 226 83 58 103 152 139 136 44 164 225 95 165 39 207 52 183 137 114 46 
111 : 248 122 78 55 217 39 226 65 208 54 75 109 249 44 228 158 237 46 245 185 63 53 115 186 176 70 107 136 32 137 71 220 159 134 229 
112 : 162 125 52 232 96 73 91 33 248 65 229 87 206 143 118 192 48 117 79 183 135 81 69 150 123 156 187 249 105 216 222 138 146 184 38 144 107 244 215 99 42 147 58 217 190 153 54 109 32 104 142 139 110 205 145 108 120 170 171 103 
113 : 151 180 200 233 29 66 77 241 153 201 67 84 60 156 69 207 169 39 173 28 225 68 129 239 165 56 46 232 237 31 163 45 204 41 161 51 90 197 82 34 246 75 81 74 157 189 175 70 96 170 117 87 61 109 149 78 30 234 91 145 183 215 94 210 134 235 
114 : 68 84 99 199 98 53 148 140 222 64 79 101 233 34 240 59 73 36 212 49 155 202 130 133 122 248 83 44 46 92 
115 : 83 48 38 45 31 125 184 122 71 115 80 133 92 62 156 130 208 68 39 194 180 49 240 161 85 155 191 175 137 41 103 139 209 34 29 58 40 206 215 53 
116 : 212 121 27 166 35 192 158 184 174 223 234 103 123 205 220 53 224 61 65 244 217 74 173 29 140 181 58 41 125 66 108 180 218 155 31 226 120 114 64 82 126 245 113 246 84 235 202 45 107 199 138 34 71 172 73 130 95 219 44 83 59 86 149 56 213 239 133 228 77 90 210 164 
117 : 81 31 176 230 179 208 35 182 76 41 185 38 44 148 54 197 121 153 105 82 164 144 187 158 198 123 141 132 101 56 94 180 100 113 244 59 68 207 145 106 210 61 93 96 53 160 128 92 42 
118 : 41 91 82 101 210 87 78 172 128 99 226 208 34 159 108 126 70 94 203 219 38 228 145 149 190 140 152 67 154 197 89 240 77 245 50 40 169 201 146 248 244 97 214 224 48 55 100 229 135 119 156 195 105 164 31 215 193 84 181 35 56 75 138 
119 : 157 82 91 27 33 112 163 230 249 62 159 34 38 53 54 236 244 74 216 129 35 160 171 192 56 190 234 29 39 222 202 187 193 83 128 130 194 247 120 66 226 32 30 107 170 207 239 139 28 88 108 69 186 78 58 154 57 126 224 147 169 67 204 
120 : 168 171 51 68 85 201 34 180 160 127 194 27 224 76 164 212 244 148 35 222 63 206 113 156 50 101 96 60 143 247 91 235 36 137 100 93 217 169 83 59 202 186 191 84 48 39 115 44 187 
121 : 146 48 243 50 44 25 58 153 191 147 42 132 84 86 133 103 95 214 178 175 94 164 49 45 96 192 39 237 246 63 140 171 168 81 88 174 154 89 104 76 244 67 216 215 249 189 64 43 182 105 97 170 201 80 181 180 53 141 208 190 
122 : 137 111 248 29 38 141 81 236 161 129 200 36 167 220 168 66 188 203 170 125 92 39 154 191 246 79 244 234 196 157 112 75 65 249 124 158 80 189 231 44 95 51 176 150 127 172 119 201 116 224 57 108 32 89 100 214 136 171 27 177 88 215 232 47 193 
123 : 173 154 107 32 136 248 206 175 242 240 71 109 138 224 229 80 129 100 135 74 68 210 111 119 203 39 96 72 34 191 220 190 113 209 176 172 
124 : 209 164 41 59 236 113 229 160 37 105 107 30 124 249 125 70 231 222 217 56 116 52 174 89 33 128 78 137 176 191 196 237 54 151 178 143 50 157 181 201 246 190 81 216 69 97 66 156 219 207 86 
125 : 112 183 114 153 182 59 44 86 222 26 73 29 195 105 239 122 163 201 45 141 202 46 120 214 237 189 215 139 196 130 95 124 209 138 129 162 101 173 70 40 210 235 144 33 121 160 229 47 63 232 180 192 68 246 168 164 52 152 212 220 169 74 216 174 42 194 37 188 236 35 103 118 167 
126 : 101 34 155 79 217 112 172 188 52 65 122 175 46 116 83 30 184 211 147 140 75 38 53 49 196 117 111 239 103 167 198 145 159 173 135 102 64 92 234 201 171 109 210 28 43 245 248 186 121 165 37 157 120 195 113 36 182 132 185 243 194 94 50 218 126 152 146 181 202 
127 : 204 25 90 149 200 73 140 220 93 97 178 35 34 194 153 45 201 152 88 133 76 53 226 63 77 207 212 150 217 106 213 33 92 209 111 43 219 127 221 138 189 109 40 32 80 67 82 114 99 164 69 155 205 58 141 238 96 85 66 47 70 122 135 98 
128 : 33 143 95 151 206 117 118 224 234 59 188 158 72 43 174 148 122 136 218 130 91 61 107 102 108 123 82 77 194 221 227 34 47 65 187 233 132 58 128 75 27 177 63 193 164 93 182 96 55 185 121 31 145 100 212 98 209 
129 : 221 114 162 125 43 134 120 80 239 227 237 240 81 188 144 236 83 86 32 195 226 29 138 131 87 117 229 129 181 211 186 216 
130 : 168 106 247 203 241 125 80 96 224 175 189 109 35 216 49 186 134 94 242 194 159 170 62 122 249 202 74 28 190 71 183 119 99 131 79 188 171 166 185 90 229 225 34 58 76 149 128 148 165 116 232 199 151 86 
131 : 146 123 120 131 76 46 151 221 42 180 27 189 232 213 98 240 245 159 51 114 68 75 40 160 49 144 211 206 132 157 154 94 193 104 201 110 229 231 243 41 37 105 53 89 248 138 99 39 177 200 86 182 102 73 38 90 203 87 212 127 140 179 26 214 96 222 145 168 
132 : 214 98 146 44 229 108 179 120 171 117 73 235 190 222 188 198 100 165 99 227 51 143 38 151 186 63 
133 : 249 114 140 108 237 222 113 193 39 112 171 170 246 49 198 38 186 195 111 238 48 196 41 152 225 73 51 200 240 136 145 45 141 100 52 75 50 124 244 104 137 125 236 176 110 42 36 156 162 130 235 81 26 77 157 229 95 207 230 84 91 241 56 218 212 190 87 102 179 197 155 58 228 208 57 
134 : 155 192 197 107 128 189 170 37 123 205 98 151 147 104 81 134 176 235 49 46 168 208 218 32 174 51 167 226 52 164 
135 : 31 153 237 99 199 193 174 71 26 165 79 144 138 161 242 63 160 35 202 81 223 146 110 72 107 78 40 82 102 142 58 33 
136 : 138 167 47 78 144 82 35 176 80 74 86 190 175 183 55 172 151 241 106 28 140 146 49 147 56 70 155 
137 : 78 56 85 137 86 120 199 62 48 84 228 49 183 50 141 166 79 67 77 102 190 222 149 130 129 45 83 118 197 154 44 142 236 143 70 28 147 167 140 230 215 55 214 100 124 168 
138 : 188 221 147 154 46 155 117 84 196 113 125 71 58 163 192 246 56 41 122 107 210 177 32 79 83 129 40 95 115 
139 : 220 88 120 136 163 53 54 72 179 62 110 247 92 222 66 241 111 167 185 86 52 36 70 58 89 30 194 81 190 103 166 98 40 45 213 126 113 180 249 146 230 202 228 114 127 195 42 116 
140 : 202 215 117 221 191 57 206 213 100 188 115 184 137 71 107 156 54 171 195 185 92 43 209 173 192 232 60 106 142 172 74 90 244 168 64 208 141 25 165 38 36 72 129 149 203 93 160 218 44 227 122 235 167 96 120 220 246 101 104 124 116 51 219 162 46 
141 : 184 67 204 70 71 145 152 206 34 243 89 135 107 202 99 64 193 224 246 80 91 208 30 232 222 37 75 234 117 84 136 200 175 212 231 228 154 94 33 249 130 170 217 96 157 
142 : 113 111 121 163 242 100 149 25 67 73 154 216 61 49 116 93 152 176 107 246 169 170 109 102 155 215 178 122 210 188 165 134 225 126 37 194 
143 : 113 38 190 185 124 141 231 50 27 31 73 150 132 90 187 149 147 89 148 74 180 99 153 36 30 37 80 168 226 123 161 169 
144 : 243 51 54 172 247 186 150 248 107 39 45 35 80 71 102 187 26 140 83 112 169 87 129 44 103 227 63 136 220 84 157 192 188 120 189 133 111 249 160 176 214 226 142 137 191 224 
145 : 93 148 40 183 126 179 110 50 111 77 72 146 223 109 45 67 30 75 172 83 57 49 218 194 131 68 170 185 203 156 241 186 78 119 95 137 232 158 228 105 46 123 55 206 235 28 70 150 196 226 140 242 155 
146 : 86 83 49 157 211 229 36 192 87 150 94 68 153 208 38 188 193 40 75 155 189 131 238 190 80 71 69 219 47 248 85 226 114 64 77 218 235 227 104 101 156 79 108 187 123 202 170 119 176 56 81 137 30 185 236 169 70 206 110 105 230 35 210 31 166 82 209 134 179 221 201 63 
147 : 201 28 84 203 212 231 163 109 241 192 134 181 70 244 114 174 97 82 40 98 119 117 215 133 138 60 39 51 46 148 202 131 140 235 247 103 36 175 59 115 167 232 164 62 26 132 33 90 184 200 27 79 141 199 102 216 35 217 188 152 208 214 189 87 110 69 177 176 125 155 221 72 34 
148 : 226 221 90 63 92 73 68 247 57 137 105 149 197 45 201 243 114 76 99 232 147 248 186 77 121 53 155 199 130 85 203 192 72 178 126 175 145 241 193 205 181 106 176 
149 : 188 190 87 173 209 58 233 102 113 135 48 177 120 65 76 210 116 241 201 191 147 140 182 50 36 35 85 25 103 77 111 168 149 134 133 197 64 221 152 42 171 164 108 243 86 98 114 159 131 73 215 193 70 157 222 195 150 227 59 54 145 162 200 224 125 61 100 95 88 217 172 170 56 
150 : 180 184 133 88 196 81 136 60 238 69 210 26 174 208 90 109 242 66 110 38 71 195 185 93 86 158 120 222 147 119 58 197 140 223 221 
151 : 124 86 126 91 145 114 180 32 165 196 170 58 162 84 242 211 34 164 40 134 107 169 115 137 67 45 185 216 200 237 29 99 227 113 96 33 188 46 94 191 213 72 195 60 175 135 187 61 121 108 222 66 56 179 
152 : 82 244 138 86 241 218 248 210 97 128 249 207 80 137 32 68 230 151 85 113 213 131 29 174 112 206 35 28 49 202 198 245 79 70 136 177 161 181 65 71 150 105 223 101 246 37 89 53 116 141 123 159 231 222 234 125 110 120 129 114 90 104 199 60 50 111 160 26 228 194 197 42 
153 : 200 234 223 228 150 55 137 25 235 63 99 142 77 114 146 43 240 204 105 74 155 149 85 37 93 210 154 57 62 185 193 248 26 70 92 220 173 29 30 175 52 78 165 42 147 174 232 40 195 239 56 160 98 108 145 91 75 41 189 
154 : 165 137 246 243 123 146 181 106 47 155 191 170 111 92 119 108 175 54 236 145 69 249 186 233 74 162 48 221 57 132 124 210 
155 : 195 81 48 102 108 163 65 225 186 97 144 133 160 185 167 67 229 170 145 32 162 142 80 196 197 137 231 41 224 118 96 39 158 236 237 246 37 119 157 63 44 233 232 53 134 104 210 43 192 73 74 169 179 36 219 82 28 244 91 176 220 178 35 52 85 
156 : 116 44 71 114 153 150 201 80 179 64 224 171 212 228 112 54 220 151 241 208 137 196 94 40 136 235 173 53 97 222 244 175 168 90 197 99 120 72 26 215 204 95 218 91 117 167 
157 : 146 90 150 83 84 137 170 172 211 247 173 203 134 32 96 128 107 106 143 186 93 140 245 58 208 35 52 53 179 207 243 41 185 65 148 82 223 189 178 222 113 38 102 110 202 165 56 198 224 119 72 228 233 27 133 61 214 120 77 193 209 149 188 25 89 31 
158 : 105 189 86 179 193 101 232 83 71 243 190 73 87 147 106 77 200 208 233 152 175 241 245 91 143 69 226 88 68 194 129 28 215 180 158 144 235 203 27 234 136 187 166 202 103 38 149 120 81 29 111 224 219 123 170 125 90 192 228 130 246 148 207 100 52 42 59 26 240 171 230 70 135 61 
159 : 171 167 73 67 62 34 184 232 158 129 90 144 162 178 177 77 197 183 64 76 182 33 28 95 31 164 193 48 66 185 57 46 150 135 
160 : 241 150 225 120 47 26 128 173 98 45 25 130 27 245 115 248 78 242 57 243 166 62 48 221 56 112 149 190 
161 : 189 162 233 79 70 55 222 42 212 175 199 73 49 210 209 45 243 123 71 100 26 172 150 61 108 185 95 158 157 227 131 226 208 25 111 93 142 242 87 245 219 184 171 168 224 56 138 182 98 165 174 
162 : 135 154 209 157 204 203 32 33 239 109 57 246 128 227 133 63 180 48 100 75 129 146 225 217 101 93 148 82 58 62 59 207 39 213 233 179 163 126 37 141 51 108 85 103 83 90 155 97 29 165 162 132 40 231 195 156 35 25 66 186 110 114 161 214 61 45 125 149 143 194 
163 : 149 170 85 91 99 29 79 172 86 38 41 65 159 165 214 157 61 240 121 104 242 107 102 176 249 175 177 35 53 227 183 148 
164 : 101 147 142 46 234 93 95 232 76 65 220 88 48 238 91 243 163 214 203 207 162 231 154 184 104 245 43 105 45 218 131 56 166 246 83 53 32 180 54 39 151 233 226 179 185 206 125 135 40 85 33 25 174 102 247 122 169 109 152 201 118 249 
165 : 175 137 122 145 196 138 219 62 100 34 160 57 192 173 112 124 201 80 121 233 234 218 168 103 75 32 174 71 199 202 212 98 144 45 61 99 231 49 229 222 203 59 108 242 31 230 134 114 152 56 118 232 65 107 68 74 50 142 41 92 148 243 126 95 101 78 129 70 185 
166 : 213 48 204 72 247 119 149 36 137 84 73 234 154 37 225 59 89 237 194 60 160 241 167 134 222 
167 : 68 34 94 173 207 86 191 201 112 132 206 102 165 56 44 96 237 171 110 163 41 193 61 33 99 46 85 247 166 60 114 126 216 42 234 151 217 231 178 223 104 91 30 80 155 38 105 120 84 49 123 202 204 246 240 170 93 176 100 185 230 200 195 69 66 203 36 232 
