0 : 28 218 215 194 231 64 45 149 169 117 205 187 179 184 247 80 41 94 141 90 238 27 227 224 91 39 30 89 138 221 36 116 129 115 225 55 74 232 156 104 118 75 208 164 127 139 151 172 119 239 150 206 170 
1 : 138 231 153 164 84 204 161 212 55 97 77 205 57 146 65 230 242 114 235 140 210 72 197 206 50 236 217 181 209 107 
2 : 126 59 26 43 48 162 184 166 82 136 135 36 152 200 51 205 95 81 32 111 97 234 178 227 247 246 109 224 229 174 148 226 241 222 140 41 68 210 212 103 146 240 192 92 238 75 40 
3 : 202 234 175 206 70 187 85 82 168 230 118 156 63 123 137 197 94 170 185 224 210 195 213 128 54 139 30 105 96 36 109 218 57 66 127 60 112 52 169 
4 : 30 235 102 122 105 170 85 78 178 27 152 182 77 43 31 54 127 164 62 228 206 35 174 120 192 109 229 101 247 51 154 248 195 95 171 198 167 172 29 71 104 60 93 234 28 203 175 212 68 149 108 82 65 163 64 
5 : 192 166 167 191 221 243 82 114 148 102 187 40 138 91 195 46 181 227 216 113 76 90 144 194 197 49 108 28 147 122 234 136 200 99 165 75 33 244 58 186 127 220 235 229 98 26 207 
6 : 132 102 228 209 210 96 71 95 69 236 83 78 30 221 50 239 118 114 89 52 186 196 179 146 125 177 230 136 120 163 245 238 246 33 105 140 224 157 169 197 249 110 131 64 56 211 37 127 43 92 142 220 143 
7 : 111 208 144 52 113 29 106 60 167 105 137 27 112 226 243 200 66 244 121 109 183 89 72 28 75 176 87 222 129 139 142 156 36 202 239 116 178 201 168 
8 : 95 159 26 111 104 239 186 162 116 45 151 87 139 105 67 96 80 123 49 195 106 99 207 174 33 61 199 108 28 172 185 74 216 245 65 125 166 238 37 94 31 148 73 66 98 60 176 146 143 168 62 113 152 149 58 246 69 158 235 40 64 
9 : 123 136 208 164 229 239 76 119 128 190 248 246 213 124 154 116 224 52 85 131 62 245 158 143 199 82 49 137 39 244 222 192 92 120 156 139 180 59 219 151 114 93 215 
10 : 79 185 207 150 216 130 204 108 145 188 187 65 151 144 85 50 233 227 118 116 93 37 29 196 219 162 
11 : 186 164 125 77 229 94 242 155 205 127 64 126 167 78 68 175 206 97 30 96 61 226 208 91 124 149 119 218 223 73 104 246 36 50 87 161 147 85 102 184 31 58 
12 : 91 145 223 249 243 197 99 36 26 206 159 30 241 93 81 55 135 86 144 201 41 177 126 27 110 231 188 52 132 242 136 25 31 170 139 165 109 193 66 246 96 205 181 48 212 179 189 233 102 71 56 129 245 229 156 118 112 230 77 222 121 95 218 127 35 68 202 
13 : 246 38 244 160 213 131 135 163 212 112 120 177 122 33 224 85 143 236 132 165 36 233 199 226 95 172 51 124 211 170 40 66 245 49 204 175 60 44 32 152 125 145 220 176 242 239 80 146 103 64 116 174 173 197 93 
14 : 145 171 97 239 186 160 217 40 207 58 25 113 106 98 72 43 80 193 66 73 136 205 120 159 76 48 129 248 226 191 210 246 222 166 180 111 150 55 61 237 204 85 218 31 182 69 67 200 63 71 135 162 62 235 174 117 153 59 244 105 33 158 148 81 44 84 
15 : 103 235 144 59 116 105 223 191 190 94 112 27 150 124 213 114 106 194 200 100 80 128 76 52 51 159 139 239 176 228 165 34 172 117 137 143 93 230 30 58 26 73 57 169 166 151 154 168 192 217 171 71 70 69 99 145 125 90 49 229 129 95 246 247 237 220 92 123 67 136 234 31 86 60 174 126 75 36 29 224 149 47 214 131 77 211 135 202 181 
16 : 186 182 185 25 46 93 128 213 109 144 143 48 26 154 108 52 88 194 136 229 81 222 47 181 129 160 148 212 132 152 113 201 56 193 70 192 215 27 41 39 37 202 236 179 28 86 73 50 234 249 217 235 177 220 30 124 216 199 195 231 191 36 40 151 71 171 
17 : 69 130 241 167 34 131 104 197 140 102 93 147 153 28 55 221 245 169 68 99 64 193 56 195 161 244 100 207 87 219 185 110 209 223 47 101 66 72 54 78 98 63 137 96 176 44 204 125 151 135 26 168 116 215 214 27 83 158 77 186 85 242 82 86 
18 : 137 211 217 160 70 185 33 197 84 86 129 221 154 97 241 232 80 57 243 44 125 149 183 64 49 124 148 120 171 143 198 222 43 209 74 225 166 91 136 199 94 164 112 200 50 227 204 181 226 163 206 46 205 123 247 210 90 61 150 153 194 103 71 35 168 
19 : 68 70 116 178 81 182 126 153 32 197 225 157 249 34 114 59 140 103 89 203 117 62 26 100 128 97 232 52 208 243 156 144 211 122 189 142 179 224 175 145 30 181 134 120 108 65 217 
20 : 36 56 49 111 226 200 194 105 97 50 146 191 171 124 219 90 143 153 76 189 45 148 199 182 192 87 96 155 149 235 168 29 108 157 59 32 112 244 140 78 211 183 117 209 44 207 
21 : 149 78 92 173 139 48 154 161 199 99 201 76 231 45 227 129 210 155 55 115 59 221 108 27 43 122 200 96 196 136 175 189 30 179 142 162 176 165 219 41 243 57 101 70 32 143 90 225 34 206 247 116 240 36 39 181 205 138 150 241 185 235 213 118 126 157 158 53 128 195 38 169 245 208 68 73 187 67 172 177 111 244 
22 : 43 149 127 214 167 72 241 227 173 134 191 58 57 27 185 208 54 81 78 168 238 144 100 29 123 56 187 94 26 96 97 68 74 112 153 189 246 110 
23 : 206 86 64 246 68 122 166 144 221 103 136 142 93 230 99 220 41 35 113 40 202 39 37 100 115 74 146 240 71 140 157 121 46 48 187 137 81 34 135 182 92 185 196 76 132 147 200 119 241 181 186 128 149 244 177 88 47 66 45 89 229 29 65 26 199 215 95 
24 : 113 74 55 198 93 169 54 73 209 121 233 84 175 225 231 249 151 142 112 147 120 144 204 78 61 154 26 67 70 136 100 219 240 188 245 129 31 94 217 189 79 77 134 227 159 193 59 122 41 130 
25 : 197 102 177 47 248 229 199 179 39 236 114 92 207 37 192 38 198 60 87 80 100 31 26 241 98 216 209 117 210 239 123 141 129 42 244 57 
26 : 182 143 113 66 61 247 183 181 95 60 245 79 243 115 38 191 185 80 174 225 111 217 134 175 196 140 45 75 90 241 234 92 83 199 137 81 109 176 168 41 179 147 146 229 133 37 
27 : 34 83 177 64 172 84 193 124 37 238 78 207 153 85 56 217 86 62 215 89 245 214 39 70 175 247 27 165 120 230 231 201 116 129 123 126 99 97 236 31 152 33 105 220 135 180 157 98 189 111 132 130 237 164 26 110 74 186 185 199 145 234 221 51 198 195 113 161 104 90 229 219 
28 : 28 126 233 208 74 108 236 84 197 105 122 114 191 93 61 209 225 150 96 48 171 192 170 57 164 72 99 91 113 176 104 81 117 26 166 221 218 204 133 106 129 182 215 245 188 101 243 92 159 246 125 52 98 29 165 227 31 50 223 51 59 237 147 179 211 146 71 143 
29 : 225 212 241 58 32 172 37 190 206 230 193 184 141 169 26 249 132 74 204 124 62 112 146 153 115 243 151 87 67 100 201 242 142 92 237 137 229 139 157 232 107 49 163 64 220 197 198 166 234 207 
30 : 166 52 181 238 58 229 200 94 56 177 244 68 74 28 247 82 208 100 81 60 54 46 207 246 43 85 199 241 174 171 210 66 230 125 127 154 101 234 232 142 146 189 225 205 211 156 159 40 88 38 149 245 248 249 209 103 212 170 183 50 176 
31 : 204 145 66 215 161 85 26 187 243 183 247 51 168 193 81 238 175 69 29 132 210 54 65 196 138 188 61 194 68 91 222 62 199 39 128 37 111 44 79 140 207 205 121 52 164 137 232 114 131 119 227 216 107 212 244 231 33 129 105 122 224 30 163 123 42 70 158 195 40 246 242 211 73 235 184 241 170 245 84 162 100 157 147 130 27 229 
32 : 194 215 198 76 152 192 73 224 84 207 220 232 50 154 239 190 112 167 77 222 31 160 97 214 74 213 60 43 177 79 91 210 38 26 156 
33 : 137 189 73 221 48 180 207 111 235 104 56 64 116 25 190 46 51 72 170 248 202 192 85 87 50 249 
34 : 208 41 225 93 211 157 148 219 123 42 131 60 125 221 39 212 223 137 152 52 85 104 50 199 142 130 28 49 111 75 56 121 98 146 
35 : 30 81 108 178 111 212 89 174 200 97 106 165 154 51 241 187 119 225 62 112 83 194 45 168 159 85 104 84 214 91 153 73 152 240 189 53 58 42 237 182 132 180 43 34 157 234 96 136 128 80 47 141 107 166 59 74 248 41 70 188 179 238 209 65 
36 : 45 164 27 223 136 49 118 209 176 197 37 56 179 135 166 41 42 249 205 32 89 241 231 142 69 130 114 70 155 66 160 158 53 216 131 214 126 218 64 143 67 68 215 150 60 50 192 139 103 91 81 80 188 167 133 212 247 186 98 233 144 43 194 105 99 182 73 236 181 38 137 152 
37 : 54 153 159 139 147 126 145 143 158 72 59 109 127 50 141 197 69 161 46 73 108 246 27 137 92 29 196 208 157 242 96 
38 : 168 42 216 157 88 202 71 170 54 74 110 214 215 218 181 47 233 32 77 182 152 209 98 142 43 239 49 102 203 211 
39 : 221 53 118 190 115 148 163 202 119 149 37 130 143 217 165 106 55 144 245 179 206 185 93 81 141 65 138 32 92 54 177 61 218 238 38 124 145 181 42 195 39 150 132 110 50 120 146 117 186 111 35 210 178 161 226 154 109 125 215 116 176 64 78 240 123 225 170 121 134 127 68 30 56 137 96 211 249 142 175 162 28 26 82 48 34 25 155 135 139 101 
40 : 128 93 185 82 63 50 208 210 166 169 97 177 188 136 68 146 95 170 247 152 48 189 193 111 114 51 192 245 200 83 228 94 115 163 205 236 25 191 73 180 54 207 227 
41 : 235 111 42 193 86 174 35 34 195 76 142 85 95 205 239 161 162 236 240 181 121 178 169 217 31 199 183 248 141 224 139 93 132 88 206 177 73 27 209 61 215 39 53 229 108 155 227 118 45 112 194 97 192 157 54 244 65 94 191 143 128 230 249 59 81 173 185 26 175 62 55 71 150 135 231 213 241 48 218 99 109 78 220 124 247 
42 : 88 139 123 215 226 160 191 186 30 101 61 230 113 78 117 50 48 232 249 58 68 114 171 235 94 140 150 125 31 149 72 217 69 103 236 95 159 46 210 165 175 136 126 203 141 99 197 28 239 229 212 79 146 225 51 185 223 214 179 240 218 82 105 108 32 40 92 211 198 247 142 174 25 152 246 
43 : 76 222 87 219 152 238 151 205 230 50 69 48 182 146 178 176 166 126 130 51 88 144 127 229 84 115 190 203 215 243 120 198 34 116 231 174 241 56 154 136 134 91 196 148 65 240 235 112 74 90 164 25 247 40 237 246 108 61 70 163 28 248 41 168 121 221 165 193 226 173 242 
44 : 142 50 219 46 227 241 80 231 129 41 92 93 199 237 152 26 198 139 35 33 128 52 112 86 115 95 222 126 147 64 172 123 32 159 60 116 158 155 171 217 141 88 97 30 210 181 82 114 75 40 186 36 162 249 220 233 239 71 160 176 31 38 68 235 130 134 197 245 43 89 194 
45 : 241 238 184 174 65 209 217 118 122 133 195 117 153 36 221 205 203 67 37 226 56 160 91 74 90 69 206 64 171 124 150 176 144 40 137 
46 : 91 136 103 96 172 178 141 173 207 143 217 50 46 87 167 230 151 177 90 48 160 242 237 76 168 161 195 27 65 
47 : 167 99 140 37 38 227 139 187 215 240 117 189 238 108 83 208 90 210 31 86 166 146 249 225 181 74 209 154 42 224 45 141 183 162 80 160 152 28 68 128 100 39 199 119 202 29 239 59 
48 : 201 134 161 219 167 172 215 171 245 170 130 100 187 202 145 216 137 208 65 67 206 182 36 114 80 179 174 165 43 95 198 49 105 
49 : 231 125 115 157 244 48 209 100 135 218 235 105 167 58 211 104 156 215 162 40 144 114 126 94 223 41 72 120 96 122 226 179 190 81 203 249 92 
50 : 146 54 231 221 247 185 228 58 122 28 49 227 42 98 125 163 148 95 67 92 96 97 131 61 68 103 226 153 190 30 59 195 192 43 172 38 60 
51 : 175 53 186 71 206 82 217 50 148 244 138 105 59 124 146 222 26 202 157 134 48 39 131 95 225 160 135 224 207 154 94 205 68 174 176 237 38 92 127 64 166 122 188 107 240 69 100 219 147 243 114 25 61 29 153 212 201 149 85 227 62 51 238 169 196 209 58 215 194 165 115 173 156 203 77 30 63 104 
52 : 56 88 194 145 169 187 106 193 98 244 95 112 111 87 62 170 77 151 216 214 69 160 192 237 213 38 114 195 188 191 228 48 248 108 43 173 28 243 135 115 63 139 130 104 123 102 225 40 202 220 162 153 81 148 41 54 
53 : 106 105 96 150 244 60 40 27 167 225 141 69 160 211 138 37 56 67 95 237 39 31 63 88 147 87 207 115 112 131 54 94 29 100 49 218 44 243 32 197 154 239 75 102 149 173 90 83 204 137 
54 : 159 223 54 114 39 59 56 105 175 100 75 127 145 162 173 97 152 74 189 191 165 144 135 122 149 87 201 168 226 205 82 153 47 29 225 
55 : 97 82 71 201 37 132 59 92 86 160 158 43 214 182 188 222 199 26 44 101 194 113 77 144 127 146 162 236 245 192 220 31 126 62 112 109 76 227 197 105 249 123 56 111 152 173 246 195 243 219 198 221 39 174 247 155 131 237 60 166 29 95 179 224 239 47 190 34 178 104 170 100 242 218 138 150 231 213 229 235 157 73 
56 : 81 60 173 148 142 169 205 182 89 162 191 54 43 248 185 240 29 105 236 55 192 165 99 216 98 92 88 45 183 85 110 132 31 120 70 203 66 93 221 123 168 28 230 238 225 161 130 44 233 
57 : 33 213 239 126 40 87 80 117 53 200 113 116 207 108 204 78 47 134 159 88 245 98 54 247 249 121 
58 : 203 167 122 51 200 45 159 196 97 38 186 72 183 89 192 240 36 120 160 169 75 198 188 177 128 25 138 219 175 170 74 217 114 77 116 95 
59 : 75 82 167 89 92 241 127 200 114 57 87 198 238 129 173 37 49 199 44 120 240 52 204 54 229 201 247 94 112 230 186 205 217 237 246 67 50 190 39 232 138 225 144 109 211 70 72 110 46 93 128 31 48 83 80 235 62 40 77 47 202 104 79 133 210 90 174 236 248 115 131 141 218 59 207 187 41 42 
60 : 41 165 186 62 180 86 77 153 75 81 144 125 103 131 246 151 166 40 46 178 232 28 225 59 101 191 187 44 199 170 234 96 61 237 31 108 80 156 78 219 76 168 222 183 150 111 169 95 214 124 248 177 
61 : 206 71 180 104 244 231 98 190 88 207 130 65 102 53 86 69 196 63 223 160 94 37 209 214 229 156 117 125 184 42 163 84 217 148 139 191 105 93 200 192 134 49 204 245 215 225 216 187 222 113 50 95 170 166 62 140 118 27 87 183 28 152 72 112 149 25 55 133 131 161 230 151 52 165 219 242 
62 : 132 245 53 248 81 163 211 38 209 73 117 191 195 206 47 179 219 181 49 63 223 174 58 124 106 87 228 52 79 164 76 44 96 37 230 
63 : 129 91 205 150 183 125 201 126 215 100 31 149 239 70 156 188 155 225 219 174 249 124 26 52 53 164 48 148 231 240 118 99 232 218 67 197 200 56 114 173 224 141 77 92 130 222 209 194 198 
64 : 200 94 78 114 88 197 29 67 38 125 247 202 130 97 25 153 223 178 117 72 139 116 68 216 151 144 60 52 87 218 185 59 106 198 205 242 124 113 108 119 187 232 128 160 90 86 228 62 212 82 96 31 217 99 103 221 84 110 95 168 28 175 75 181 215 231 246 204 118 234 140 89 188 34 214 37 80 43 127 58 208 42 135 167 138 
65 : 222 235 72 31 89 126 216 223 28 96 146 68 144 193 145 142 38 117 208 36 229 64 195 177 92 115 124 233 137 148 77 188 244 61 42 165 32 186 202 200 80 71 138 
66 : 206 121 94 159 55 166 105 141 195 145 180 203 25 54 165 85 114 50 188 225 64 132 249 186 156 89 48 223 191 81 67 245 235 37 177 111 208 148 56 243 175 51 140 138 69 28 70 176 230 248 101 90 228 143 168 86 79 
67 : 73 210 49 154 98 38 78 36 50 115 185 27 174 160 83 75 105 193 57 243 206 191 213 147 195 131 104 162 56 120 227 124 202 45 240 43 198 95 224 182 117 142 233 173 184 148 31 192 143 74 208 176 211 82 140 25 47 220 217 
68 : 42 172 174 52 47 116 215 208 244 77 115 248 204 219 216 118 93 162 165 61 43 88 76 223 34 228 187 114 210 211 151 125 134 75 50 152 140 
69 : 201 111 235 96 47 42 105 34 188 234 144 198 125 119 190 79 30 114 223 39 124 88 115 140 211 38 177 237 233 77 26 191 174 72 
70 : 80 182 184 238 188 200 170 95 87 248 84 96 119 135 151 153 78 47 181 180 150 203 140 189 233 32 179 183 198 222 190 209 169 232 91 39 48 
71 : 146 102 28 93 26 51 193 211 162 205 173 138 108 83 176 109 227 163 242 172 111 104 158 125 110 165 226 106 230 48 156 55 29 135 
72 : 91 143 122 233 200 244 183 54 130 155 116 178 71 43 27 40 47 241 88 93 213 57 39 80 148 216 162 48 76 118 56 104 188 136 29 240 85 206 153 239 25 133 100 177 114 84 63 68 229 81 169 245 115 90 221 173 246 214 75 157 199 184 117 149 235 158 171 109 142 194 197 175 181 228 152 50 202 46 161 141 160 231 
73 : 149 212 179 139 240 169 87 195 175 99 192 61 69 59 215 245 211 241 188 205 152 97 38 207 95 248 31 239 54 206 242 
74 : 179 160 228 34 188 82 124 133 40 84 35 125 175 248 223 236 139 217 27 65 67 232 149 78 170 134 183 102 241 71 63 152 234 38 224 50 197 45 230 237 164 126 107 198 110 171 
75 : 211 135 189 159 232 101 217 191 188 203 179 81 60 84 233 176 83 59 133 145 44 64 187 149 177 35 77 33 76 119 223 186 168 234 109 200 166 132 249 182 158 246 57 162 212 150 137 161 79 237 54 92 107 175 74 222 209 231 116 89 90 198 47 72 134 41 48 91 121 247 55 56 110 69 202 86 
76 : 139 102 33 105 206 77 79 142 151 108 150 200 218 167 219 238 207 208 122 201 145 177 44 240 233 235 60 
77 : 99 60 221 81 86 32 219 107 243 188 39 134 72 100 176 192 131 115 210 68 53 173 44 246 159 137 237 146 54 169 193 218 211 61 229 186 45 236 177 77 104 31 133 82 116 65 213 249 37 50 235 155 216 
78 : 84 150 38 136 59 42 172 135 207 176 32 168 108 81 192 199 188 233 154 182 171 235 97 124 163 130 41 217 137 93 220 204 78 120 34 71 156 70 39 201 236 67 121 205 125 76 60 202 117 229 228 240 149 
79 : 180 227 44 156 74 192 206 213 152 57 94 126 147 67 140 40 47 139 235 102 142 157 188 211 172 75 59 144 69 55 159 51 130 99 229 56 200 103 
80 : 146 111 43 126 28 242 104 101 189 234 147 40 155 95 42 105 220 128 196 117 169 98 59 79 115 112 216 51 226 30 237 176 193 172 240 197 64 233 211 67 118 58 246 135 179 227 113 88 245 91 228 116 223 69 210 132 168 199 77 35 200 56 65 
81 : 63 41 107 122 49 92 101 85 133 204 172 77 207 65 214 123 61 134 228 186 225 78 221 232 247 88 158 98 248 83 244 52 45 105 183 197 138 249 47 223 167 126 53 182 55 90 141 240 131 74 109 39 191 81 179 156 212 189 97 235 242 173 195 233 
82 : 80 176 148 27 129 51 56 228 138 237 117 87 154 217 65 115 113 171 222 168 201 229 245 92 62 147 37 202 26 61 248 188 231 28 239 213 145 242 74 233 153 247 178 205 50 150 214 193 146 208 38 206 47 144 246 103 212 179 244 69 30 46 185 112 130 79 104 72 174 161 91 97 207 159 190 192 90 132 225 196 181 39 221 64 
83 : 211 217 144 180 97 59 141 214 173 66 123 170 181 199 167 177 232 215 238 202 103 210 192 200 161 40 138 61 209 190 231 140 93 189 160 194 154 193 152 204 111 101 236 171 71 169 131 156 150 162 222 110 137 191 128 96 106 187 216 195 153 
84 : 175 182 183 49 110 203 155 178 57 25 105 36 147 239 79 146 32 51 53 213 151 135 86 74 31 139 156 195 61 87 40 65 88 76 82 126 159 220 71 158 174 246 185 150 133 137 48 216 70 204 169 240 100 83 30 226 227 134 171 132 58 78 188 95 242 157 201 179 108 189 210 90 128 77 34 43 67 231 180 211 26 44 118 125 206 
85 : 141 61 182 242 129 203 87 212 222 56 180 41 64 101 58 63 161 78 155 175 198 189 241 223 224 94 60 73 100 183 128 97 248 31 79 45 106 
86 : 32 199 196 45 173 245 75 159 158 58 96 166 57 203 92 202 109 187 36 87 130 145 88 172 119 114 222 102 30 78 142 155 181 225 156 207 195 170 240 236 154 112 165 54 220 180 198 63 147 244 134 124 241 204 27 111 151 123 235 234 127 214 213 79 61 42 146 160 143 
87 : 136 241 211 55 153 240 69 44 150 59 49 32 90 147 38 155 64 203 143 99 137 190 77 210 219 184 239 35 54 185 103 176 186 194 145 236 248 232 29 170 149 243 168 134 246 76 133 62 34 114 181 154 86 206 199 167 138 126 166 33 205 112 173 84 83 212 139 247 237 123 74 89 53 221 229 
88 : 144 209 152 89 179 31 150 54 34 77 243 140 92 188 168 113 79 25 131 245 207 180 50 101 63 189 76 41 191 177 125 29 61 182 135 153 86 43 190 51 158 138 205 220 229 40 173 186 232 100 200 160 93 126 57 110 203 127 117 236 91 195 156 129 87 83 167 199 187 122 231 
89 : 70 128 170 227 188 145 80 27 58 216 241 29 197 32 100 107 166 81 51 223 225 231 102 147 83 52 206 138 82 93 233 148 140 92 69 88 71 165 242 198 66 154 150 173 237 179 126 222 97 84 218 171 118 54 96 155 110 49 115 114 65 116 143 117 130 249 199 229 124 101 38 46 217 
90 : 138 227 146 143 70 243 67 212 110 113 187 179 142 101 107 84 25 54 118 56 163 190 81 198 206 214 64 139 216 66 233 48 157 112 55 135 149 188 47 201 123 116 224 60 93 247 34 62 200 45 100 94 109 120 164 156 161 192 108 117 140 232 155 189 217 209 31 154 197 106 98 228 97 219 
91 : 226 180 247 229 228 128 122 185 249 26 130 32 162 197 174 118 99 234 72 68 62 83 132 202 70 105 25 
92 : 65 162 57 232 85 160 128 223 92 145 161 130 158 86 115 146 32 75 143 38 185 226 129 207 176 123 237 30 105 164 217 136 249 53 234 83 183 78 84 119 101 56 88 133 154 239 159 149 55 140 29 206 96 44 153 64 193 205 34 39 120 94 230 
93 : 52 69 107 93 169 149 198 226 119 102 183 223 190 57 141 224 39 116 129 76 51 176 197 231 211 154 49 175 144 235 87 136 160 67 187 56 214 26 89 161 209 84 150 206 248 59 78 139 27 37 157 124 103 123 79 77 88 32 152 200 60 147 148 50 30 110 90 155 188 81 114 
94 : 146 31 195 73 173 229 132 245 192 71 36 78 194 223 38 163 118 133 168 82 217 112 75 124 209 89 34 155 84 60 92 234 177 221 109 66 62 129 122 157 154 49 137 54 56 98 143 32 127 219 116 110 39 213 239 136 27 187 186 172 68 142 81 44 90 
95 : 125 126 212 41 100 53 210 43 239 181 175 171 38 136 95 101 188 144 65 233 242 231 29 113 150 237 168 122 195 232 37 218 82 76 93 81 158 203 115 221 61 176 80 119 60 62 86 199 219 54 96 204 222 183 177 143 211 223 108 246 154 159 174 192 207 70 182 28 117 241 145 166 114 128 102 135 69 124 238 99 235 50 94 161 189 47 134 194 226 249 66 33 
96 : 170 240 36 153 152 181 229 187 75 182 232 40 32 242 130 82 72 127 136 100 244 161 248 55 207 151 143 31 65 45 133 113 102 246 62 104 165 188 73 141 33 69 115 226 194 189 126 173 117 230 167 140 95 228 222 119 78 98 223 184 83 86 145 245 48 171 105 
97 : 46 57 155 38 35 81 117 153 82 146 191 163 143 39 192 232 170 63 194 224 60 213 124 123 89 104 161 130 71 96 168 133 94 231 179 67 47 208 230 248 182 43 221 109 95 214 68 135 25 129 149 122 105 174 58 183 141 98 66 242 158 69 185 166 118 138 64 196 220 152 111 193 201 175 233 50 145 247 198 157 209 
98 : 159 111 227 153 160 168 90 29 190 72 206 165 83 46 88 150 53 78 131 149 113 185 212 42 162 194 74 33 242 85 248 201 106 30 195 49 135 82 125 60 127 197 216 177 86 67 71 110 45 73 97 220 172 247 191 70 38 166 233 158 211 105 138 65 104 192 116 238 226 40 134 249 56 77 26 47 37 181 79 182 120 
99 : 184 139 140 199 70 104 206 109 212 162 113 82 100 32 31 198 187 217 219 207 62 155 137 179 44 236 92 46 97 172 115 102 142 246 141 77 72 154 153 245 119 129 132 83 182 204 180 228 110 167 33 235 165 63 54 171 210 
100 : 187 238 85 181 213 246 131 219 112 78 48 171 222 84 247 231 151 225 104 138 206 218 89 237 128 240 40 44 
101 : 110 66 172 171 26 215 210 65 150 245 236 44 25 177 211 32 189 74 159 47 154 169 186 126 176 218 164 90 156 239 141 138 175 148 100 244 227 83 31 115 170 40 59 54 163 136 144 73 167 214 106 30 203 180 201 174 50 42 38 89 120 173 228 
102 : 128 170 31 241 184 109 93 56 106 224 228 71 208 85 157 27 90 95 99 169 167 89 246 146 69 247 135 59 129 
103 : 69 247 245 81 94 67 39 63 44 60 41 236 189 227 128 65 238 203 139 181 216 193 145 174 212 91 101 102 75 95 88 214 50 118 200 144 92 190 56 160 233 59 43 36 98 218 99 71 106 76 146 232 185 49 85 108 242 198 153 54 152 40 90 64 194 156 
104 : 102 218 72 141 232 248 98 90 237 44 175 225 66 64 163 99 56 117 171 80 193 230 132 107 201 103 61 147 170 221 196 200 135 224 136 76 212 233 203 199 152 116 63 113 157 164 243 177 69 198 235 73 133 118 227 155 151 91 129 161 110 130 178 51 114 219 62 209 179 238 35 97 67 48 160 234 47 40 240 189 57 226 41 140 115 36 25 180 
105 : 238 217 102 88 178 208 179 125 26 106 30 107 187 75 130 222 195 47 189 230 207 60 225 137 181 41 144 219 72 89 174 229 52 48 86 36 65 113 197 51 182 237 141 145 103 131 37 146 205 111 46 99 112 194 124 246 40 
106 : 170 27 124 36 222 214 184 216 241 167 90 176 232 66 237 148 213 163 37 58 208 80 239 218 156 217 150 238 248 145 109 153 69 35 25 77 212 161 122 202 220 201 111 244 219 74 98 46 182 79 104 227 95 56 30 119 84 235 62 81 172 31 169 234 87 197 103 128 149 188 230 186 141 135 210 82 29 209 194 175 116 
107 : 180 110 232 220 218 221 160 198 148 53 25 151 60 96 234 167 70 195 141 224 91 98 209 188 129 142 191 57 34 54 143 126 231 236 92 101 185 201 202 243 119 132 94 51 97 109 111 249 241 171 244 33 95 30 144 
108 : 178 224 143 97 56 198 27 227 171 211 113 85 158 146 199 238 35 154 54 140 128 152 43 212 74 136 131 182 80 40 217 41 177 240 247 147 70 142 91 111 133 194 208 58 144 235 248 201 49 60 233 163 106 232 236 179 94 165 166 134 186 159 123 228 92 76 181 39 95 155 65 138 190 37 216 44 26 180 245 78 172 197 67 234 109 42 88 110 50 225 
109 : 149 110 220 121 158 137 195 31 136 80 76 119 96 241 120 48 164 135 88 29 112 171 35 41 146 226 131 205 36 199 60 
110 : 53 160 225 232 243 194 153 154 132 241 210 54 215 97 79 52 208 145 100 25 116 137 202 127 57 148 217 120 27 82 87 216 74 114 218 223 242 83 107 209 239 224 93 60 163 166 150 31 193 103 51 109 233 158 86 204 244 249 152 231 124 65 118 230 183 108 135 50 190 101 76 246 171 139 48 89 240 66 55 141 235 98 197 142 40 106 81 161 247 71 126 77 
111 : 99 73 104 211 59 131 87 220 41 172 133 174 47 244 116 30 70 170 228 35 38 28 223 246 65 
112 : 167 90 175 118 192 38 147 158 85 59 209 110 107 154 210 54 164 32 119 146 37 86 64 172 121 198 155 77 219 88 30 69 71 124 72 
113 : 108 143 233 43 113 175 99 76 104 53 98 243 160 32 54 63 35 229 36 188 75 134 105 137 240 209 48 110 237 171 222 59 55 194 97 155 218 151 163 100 38 136 118 69 91 57 179 126 248 102 184 174 82 26 42 190 217 68 247 84 210 40 114 37 142 180 177 
114 : 242 105 235 197 145 110 92 205 198 113 119 31 27 137 79 126 168 240 174 148 71 241 236 108 192 117 114 
115 : 117 53 154 210 144 83 36 37 51 118 201 132 63 45 131 71 120 206 40 54 110 79 222 62 147 112 164 175 141 247 248 77 38 221 230 177 178 138 123 202 229 76 207 194 155 244 223 171 236 44 197 174 48 73 
116 : 142 123 87 222 245 138 42 169 72 77 162 194 49 239 54 172 225 240 100 130 199 215 185 66 161 167 196 122 55 57 79 197 205 152 30 160 247 228 131 221 114 241 226 88 34 188 219 230 146 33 139 
117 : 242 37 92 78 154 235 149 113 121 241 219 80 232 142 150 156 229 55 116 85 214 128 84 228 96 130 178 141 104 82 238 208 59 103 124 177 196 194 77 49 169 94 215 125 151 176 221 139 87 160 133 127 34 27 97 52 170 118 53 198 207 107 195 
118 : 138 194 152 27 209 66 99 91 168 109 196 200 195 53 242 102 118 111 50 154 191 88 198 238 63 26 222 101 94 140 249 247 55 169 141 130 208 97 214 120 204 72 148 234 223 61 
119 : 27 120 227 143 112 174 96 76 152 236 172 108 118 214 59 92 244 83 193 209 128 31 81 57 138 195 45 86 189 42 37 175 
120 : 58 212 52 89 218 158 70 65 133 216 112 226 124 179 71 248 240 40 165 196 241 186 156 184 35 25 55 181 197 96 97 129 160 150 63 116 134 164 67 183 178 46 76 80 194 175 140 199 152 41 233 121 225 167 100 239 104 53 238 72 88 244 162 209 
121 : 200 190 201 211 181 158 86 168 46 203 54 248 245 130 141 29 199 75 160 66 166 163 215 61 165 213 161 193 37 85 185 232 
122 : 198 54 240 96 235 206 46 162 213 201 44 81 242 167 53 74 107 51 70 119 75 156 130 188 234 82 177 79 134 145 59 85 42 218 247 163 126 122 212 181 90 39 63 173 47 182 95 124 58 164 125 192 113 147 160 52 224 80 176 110 189 48 103 65 248 152 214 30 166 202 221 174 203 133 194 61 76 196 241 210 216 169 
123 : 87 83 206 182 114 210 194 204 34 151 242 190 125 223 116 47 207 173 221 93 155 84 214 62 111 142 152 
124 : 130 162 158 242 39 248 109 188 48 204 165 182 86 136 236 185 92 222 90 46 164 174 62 30 138 133 94 184 79 132 47 163 173 102 135 95 96 120 203 50 148 178 157 36 58 121 116 122 241 115 112 161 168 104 214 44 123 191 33 231 159 85 103 134 151 106 212 247 68 
125 : 98 213 146 96 90 227 133 99 173 68 185 104 182 184 132 174 180 232 127 27 50 47 93 176 204 35 124 175 152 171 82 138 222 143 80 28 103 231 202 191 39 163 145 178 234 248 211 76 87 177 30 243 95 34 218 126 81 108 120 172 85 92 219 170 225 
126 : 243 173 115 191 144 135 155 90 123 217 149 120 231 110 98 192 101 134 69 146 88 71 70 52 122 193 130 100 140 170 80 241 95 156 206 31 119 48 176 171 202 180 49 44 51 162 89 74 45 121 124 159 199 60 153 214 183 131 132 84 142 127 33 97 208 128 189 233 187 184 76 248 53 34 139 
127 : 186 196 215 81 155 135 104 89 157 242 84 228 111 76 95 205 132 183 171 112 244 34 162 178 31 177 187 85 130 160 67 51 29 78 86 168 93 69 63 80 172 62 65 137 142 231 123 211 153 216 237 41 240 220 200 107 146 229 115 212 
128 : 173 140 141 88 209 246 65 222 169 74 161 186 106 228 121 236 198 109 39 99 226 102 191 147 211 85 243 202 29 94 235 128 63 150 215 71 104 192 180 98 199 160 134 163 172 
129 : 247 61 233 177 38 178 199 183 248 140 97 69 90 135 243 116 109 229 148 230 119 226 42 191 52 75 117 68 224 114 176 218 213 161 118 35 200 78 
130 : 223 176 132 70 138 69 237 198 45 125 32 64 158 150 43 215 154 137 241 30 49 183 72 79 155 50 146 77 124 133 143 205 156 202 239 165 115 89 51 244 100 230 58 231 140 34 85 160 26 175 249 227 112 148 153 82 131 62 228 130 36 240 222 217 201 80 
131 : 179 122 75 88 91 169 182 35 232 100 132 44 109 96 191 116 45 99 115 194 111 187 143 89 240 36 84 231 97 222 245 128 243 77 168 54 162 32 215 178 205 50 244 57 207 216 56 26 241 95 131 68 242 102 223 173 183 63 199 146 186 140 166 61 40 206 92 69 163 90 142 171 110 126 
132 : 132 217 75 198 179 127 39 146 247 142 66 213 71 150 104 173 138 31 84 108 64 113 147 141 47 103 86 204 100 182 223 92 123 90 105 42 214 192 140 124 181 152 32 95 134 239 197 174 44 157 212 154 89 91 61 176 99 57 136 78 36 160 35 40 193 68 131 116 158 234 195 238 28 151 237 73 145 231 206 219 189 96 
133 : 185 207 183 236 145 68 217 75 110 130 240 206 224 154 159 106 193 163 150 39 153 32 226 99 84 135 213 83 66 128 173 127 80 91 35 58 179 168 231 30 139 65 232 69 70 202 43 187 67 88 37 161 158 105 166 233 76 160 46 74 215 141 47 241 220 136 169 195 55 38 142 60 137 100 249 34 152 205 118 123 190 90 25 101 78 27 52 245 138 
134 : 230 111 167 182 145 180 56 247 139 215 165 154 238 59 39 216 55 196 168 100 219 46 31 164 176 49 175 171 189 45 136 30 74 117 118 109 185 197 81 120 54 51 28 158 151 78 119 148 179 208 244 234 210 71 181 67 160 47 205 83 125 218 220 44 114 57 36 25 146 88 246 200 203 75 183 228 143 
135 : 78 206 83 149 128 108 188 99 31 214 194 109 145 35 119 86 181 122 230 73 176 127 121 220 110 189 66 138 137 100 79 205 237 193 55 221 153 162 169 223 33 156 41 215 248 61 228 212 161 
136 : 230 205 71 172 118 147 107 173 83 187 190 95 176 234 33 120 138 242 163 102 38 55 161 180 185 96 194 171 177 37 99 214 100 91 74 183 237 114 57 111 41 66 215 125 229 247 49 153 34 208 193 188 62 67 72 174 210 60 197 85 133 94 246 130 97 75 155 224 129 164 79 
137 : 93 82 142 38 138 37 225 49 77 46 227 228 179 26 80 131 124 73 235 239 28 231 243 178 190 247 50 67 217 170 120 220 81 94 34 43 72 210 108 161 100 95 53 96 177 32 176 27 202 183 180 40 105 29 136 187 112 153 117 61 54 103 41 154 189 113 172 158 203 211 224 25 215 68 222 48 197 
138 : 199 241 40 220 198 127 185 230 65 137 29 134 124 28 244 90 238 211 108 120 166 43 81 178 150 87 146 95 196 240 242 145 189 159 228 142 175 110 115 125 35 131 213 41 122 111 219 203 194 101 237 83 212 
139 : 158 69 70 52 178 96 208 215 155 237 45 209 79 144 190 62 184 47 165 25 71 115 139 28 98 191 41 36 120 57 67 129 145 84 33 117 125 156 133 183 249 
140 : 233 175 30 103 179 223 161 44 75 191 145 135 133 124 177 33 194 143 83 62 34 51 225 94 87 104 160 242 91 154 93 72 199 152 107 108 226 206 150 218 219 65 212 141 84 246 126 97 74 
141 : 42 188 146 135 74 147 103 40 160 218 49 187 155 77 182 214 184 151 78 41 26 68 185 179 98 223 86 93 229 127 120 171 27 67 71 64 231 203 163 128 247 196 157 234 46 65 122 249 248 213 59 195 56 102 92 169 116 113 183 51 176 72 211 240 87 212 236 84 95 209 244 193 39 73 172 61 62 137 53 25 225 144 216 156 237 107 29 
142 : 28 193 125 223 30 249 117 37 100 152 101 229 142 197 40 135 80 89 126 242 67 60 47 192 227 123 102 205 103 221 174 132 204 53 69 131 
143 : 91 129 135 123 236 216 161 89 26 140 199 237 208 179 217 190 224 116 134 127 185 243 148 191 60 32 44 230 211 146 43 81 55 170 201 222 145 234 121 164 152 49 225 93 101 221 30 126 196 106 77 132 31 97 204 233 76 136 54 213 38 182 226 195 51 68 162 
144 : 225 243 115 249 146 233 70 179 48 170 27 183 113 55 85 49 248 167 140 64 244 81 86 209 131 57 129 30 41 172 221 25 96 108 125 89 188 79 212 116 156 93 43 69 
145 : 161 99 183 135 168 69 70 53 184 89 231 174 240 163 71 54 55 110 224 122 229 125 148 230 248 151 80 180 141 227 167 83 66 104 57 175 45 235 65 126 102 182 193 124 236 233 189 119 86 179 144 52 98 120 216 41 93 238 176 159 42 166 164 111 206 73 214 29 134 222 169 154 92 177 90 26 128 158 241 28 63 115 116 249 200 60 209 
146 : 113 219 76 141 106 62 245 161 129 249 143 88 127 213 233 80 239 228 242 131 105 126 101 74 209 58 190 94 73 27 238 92 183 26 49 123 144 81 31 211 44 87 206 172 187 128 
147 : 183 191 193 40 36 49 79 154 240 117 66 95 186 210 123 209 128 97 237 163 180 41 96 99 114 57 131 52 239 75 166 151 77 61 242 82 225 248 107 143 81 115 28 156 67 232 43 205 234 145 168 206 78 173 62 213 203 150 
148 : 129 209 153 237 34 181 246 219 137 142 38 80 63 32 216 136 59 105 148 119 39 218 243 183 74 199 76 
149 : 248 64 213 109 27 178 77 192 189 142 100 114 190 174 226 245 98 117 54 225 135 170 207 129 30 59 151 219 101 53 157 38 56 182 58 141 87 90 139 153 152 36 217 52 71 80 
150 : 45 33 113 38 173 223 175 125 187 87 95 229 80 56 138 236 29 130 244 136 129 164 76 161 172 93 58 72 68 84 54 143 153 103 215 31 157 199 59 94 120 48 69 121 160 140 221 44 41 170 70 150 155 118 102 204 183 148 158 74 52 196 142 213 225 117 53 91 192 66 212 188 82 151 115 89 200 49 111 206 75 43 203 86 77 
151 : 25 108 50 190 134 208 44 46 122 217 69 42 158 157 115 85 114 235 239 71 156 176 247 33 124 151 146 244 28 224 77 159 55 136 230 240 82 223 187 135 112 116 41 202 52 89 200 70 65 40 34 162 107 104 212 211 198 191 113 43 249 49 210 127 196 199 201 68 173 145 167 56 165 226 61 81 137 86 73 105 225 220 184 110 31 119 60 
152 : 204 137 111 187 94 231 63 199 226 222 36 196 134 107 132 216 85 202 91 151 89 53 215 195 244 102 105 86 37 60 183 155 179 50 140 
153 : 113 161 49 86 235 103 130 217 213 57 202 60 242 243 229 199 196 116 148 111 120 240 170 212 154 183 25 238 45 106 125 96 59 192 97 176 220 90 246 159 43 169 182 102 
154 : 28 235 170 131 157 58 89 81 63 43 57 231 142 87 192 37 156 91 207 134 232 124 243 88 183 86 194 39 130 154 79 221 120 246 97 114 59 101 184 227 50 191 82 244 180 51 168 241 214 160 200 213 126 182 153 
155 : 162 248 33 115 192 220 206 52 54 111 116 149 135 231 182 241 95 125 59 217 211 101 183 148 203 196 110 88 105 60 73 178 29 205 65 194 121 214 234 247 188 145 225 240 134 138 228 69 181 28 204 32 
156 : 119 241 57 67 133 63 77 47 120 35 171 239 101 233 146 247 238 52 152 240 188 65 221 84 40 151 108 157 83 160 37 183 182 123 245 191 36 219 105 136 173 186 125 244 95 150 78 195 202 204 140 58 181 141 28 189 223 88 131 162 99 64 41 226 211 185 29 75 177 178 187 176 87 169 214 126 
157 : 86 97 219 143 94 171 82 32 146 150 37 41 174 124 52 107 114 87 100 210 223 88 78 248 249 110 77 99 135 102 60 196 242 236 164 178 235 211 38 25 189 156 145 200 157 96 193 176 117 51 186 113 224 152 230 237 155 167 225 112 163 168 239 147 233 134 42 120 166 98 244 240 64 89 126 214 49 
158 : 216 212 141 61 234 178 167 171 215 95 107 111 161 127 69 123 77 206 228 92 51 114 230 175 84 96 233 144 44 29 37 102 89 62 35 59 110 109 158 197 179 157 40 149 99 221 225 130 148 47 28 191 172 36 173 67 101 150 140 154 60 58 65 
159 : 143 163 121 204 195 234 50 89 108 83 131 183 118 105 82 33 68 142 123 38 149 175 79 156 188 223 65 94 202 173 92 86 
160 : 45 147 194 103 27 140 65 148 114 137 138 155 232 171 150 52 149 88 90 49 156 199 142 145 68 66 187 127 208 84 55 46 35 110 161 226 213 152 81 185 131 218 29 109 54 26 57 241 216 95 58 154 105 183 99 91 174 37 47 190 128 118 181 246 129 203 135 239 119 
161 : 200 159 90 75 236 171 161 217 79 98 178 174 45 53 189 180 36 185 105 210 246 37 92 232 188 73 77 60 162 48 154 205 70 130 163 57 78 29 31 111 219 123 38 203 194 80 86 143 190 125 67 39 69 195 165 102 47 226 99 184 124 218 183 230 144 248 110 247 
162 : 179 235 90 159 35 107 220 87 40 32 82 80 208 244 145 85 54 142 26 29 234 97 157 37 108 106 60 115 99 75 134 137 240 150 119 78 141 188 168 27 74 123 136 154 67 114 132 47 63 170 166 224 155 58 181 125 228 183 121 83 96 71 153 131 55 200 151 158 120 178 105 184 222 185 84 245 214 239 116 46 95 211 213 39 201 147 76 
163 : 50 52 152 212 204 203 65 140 247 116 94 156 60 128 229 160 97 237 233 145 86 89 202 168 105 163 197 59 101 72 154 67 123 93 73 132 36 214 159 119 42 241 44 142 227 151 199 223 235 137 213 150 198 225 98 216 87 37 173 190 26 62 222 148 
164 : 230 101 30 223 247 190 168 59 149 166 60 210 63 135 194 29 239 120 241 212 49 141 142 128 37 106 67 55 94 72 117 242 145 226 245 
165 : 101 189 109 65 227 116 66 154 206 125 248 151 106 181 95 40 111 221 105 132 147 210 114 86 166 201 224 36 153 120 83 202 175 167 198 126 112 232 222 96 60 242 38 144 146 44 157 169 57 161 
166 : 116 77 152 61 86 28 199 192 160 88 208 78 205 51 112 150 133 129 176 65 92 224 156 206 204 43 100 191 135 131 63 196 219 200 121 123 226 44 101 41 207 237 203 66 93 114 194 141 34 29 161 175 111 245 223 240 
167 : 90 152 216 222 161 72 94 144 240 42 153 62 230 41 113 91 99 117 114 175 135 185 37 96 221 211 155 59 167 157 128 146 219 69 49 133 176 119 126 77 220 244 215 203 34 130 149 248 131 134 74 107 112 169 173 129 103 125 235 238 148 93 190 28 188 245 236 46 204 82 
168 : 247 145 157 156 117 155 97 193 236 36 60 75 148 74 192 195 200 115 220 169 143 98 218 239 95 54 158 116 96 224 73 142 242 144 50 47 179 43 206 190 57 160 249 173 118 62 223 82 120 94 59 176 139 100 186 154 133 170 130 79 168 240 26 71 211 65 178 233 226 105 244 29 167 210 136 235 80 
169 : 82 194 214 92 142 30 118 184 27 55 103 210 89 234 237 130 223 51 147 160 31 186 191 240 241 45 152 238 138 93 228 144 
170 : 109 189 211 135 103 239 32 45 177 86 92 97 111 134 210 152 164 224 196 214 249 38 166 67 148 181 156 145 235 248 183 46 194 225 180 215 159 191 70 39 174 217 222 143 182 58 98 147 82 85 168 146 149 50 26 137 132 209 116 69 176 62 37 77 133 102 72 246 120 169 106 131 47 126 128 151 197 127 
