0 : 164 148 30 212 39 207 230 122 59 29 104 70 208 124 150 50 163 121 86 56 193 211 95 27 155 26 36 226 237 186 210 215 234 145 33 41 40 103 57 47 116 84 154 159 187 105 62 48 242 228 199 132 85 110 137 96 140 
1 : 119 143 76 234 32 68 230 44 29 206 174 114 33 92 151 72 117 212 42 66 187 213 186 191 199 152 83 189 200 216 247 27 35 221 218 246 98 164 177 215 90 137 156 163 25 190 195 59 225 
2 : 115 165 186 114 159 68 86 205 80 39 174 117 243 224 249 67 158 85 166 131 118 142 175 203 144 69 178 179 81 112 132 176 210 97 169 235 136 96 33 66 32 123 110 102 64 198 74 43 247 51 127 111 119 237 30 238 220 240 124 41 25 137 209 106 82 49 143 35 151 177 233 163 192 138 100 239 116 107 34 126 219 222 26 241 87 207 230 139 194 216 73 185 120 156 164 
3 : 33 175 115 241 148 220 80 197 38 183 35 88 70 108 43 207 218 249 107 205 65 76 156 194 158 247 160 134 58 109 30 162 144 128 104 203 193 31 50 110 130 230 229 25 133 222 119 201 228 146 152 226 163 60 51 126 67 82 34 181 93 
4 : 184 60 170 100 59 201 55 45 200 209 42 115 34 102 87 57 43 166 149 82 79 142 247 109 107 163 176 185 127 129 178 70 156 48 206 86 223 26 150 188 202 196 66 226 222 85 228 143 248 77 136 94 84 44 108 123 249 159 120 69 203 98 73 124 46 67 56 230 58 235 112 39 210 137 119 208 78 91 224 40 164 53 47 121 198 126 131 81 144 168 88 214 154 148 179 227 
5 : 134 92 128 110 240 234 152 246 25 111 145 244 172 77 50 183 103 101 129 237 186 147 139 185 236 155 221 137 233 143 165 151 88 138 170 59 107 47 187 144 119 166 67 156 31 174 232 68 73 102 30 194 164 148 133 86 33 136 51 178 202 94 215 63 53 191 200 48 149 120 76 93 98 84 135 57 230 243 169 214 71 207 212 159 196 241 158 40 34 
6 : 68 170 212 119 105 190 159 78 88 214 60 30 51 131 195 29 37 167 200 179 187 221 76 94 202 64 169 196 63 183 102 82 55 166 228 192 245 125 244 233 240 243 111 101 69 146 39 96 57 207 71 165 141 75 175 171 44 152 216 48 157 
7 : 233 240 189 122 85 49 215 216 164 99 212 37 185 124 221 218 137 27 188 151 205 120 65 116 62 170 109 96 136 146 69 73 106 220 41 176 121 238 71 83 59 226 103 142 81 
8 : 189 173 76 209 57 194 59 130 78 238 178 195 249 242 81 62 49 199 161 215 229 234 222 89 101 36 223 243 86 197 227 114 174 44 176 196 124 37 50 237 28 230 71 169 27 120 91 48 156 121 162 148 208 92 65 154 160 235 207 98 47 84 153 64 175 172 129 182 29 56 111 108 152 95 30 214 142 105 100 244 83 241 110 141 159 131 228 218 205 103 96 163 137 82 41 149 135 123 
9 : 104 189 116 90 67 199 174 219 29 170 111 211 185 228 187 182 92 167 34 95 41 132 62 103 37 53 158 173 222 146 143 215 183 49 75 177 163 30 43 203 102 109 73 224 124 236 26 145 119 118 212 63 186 141 231 247 142 206 65 194 85 96 33 54 
10 : 174 75 63 203 205 49 112 129 155 47 190 60 221 83 68 66 198 161 227 115 160 214 43 136 175 114 196 30 135 215 181 84 139 193 207 76 95 65 41 188 168 211 165 59 210 126 50 80 229 103 130 233 108 100 184 240 93 96 154 110 191 27 166 26 137 249 189 107 82 248 133 64 178 99 92 72 122 128 185 169 177 36 170 179 88 98 234 199 167 37 132 105 
11 : 76 48 156 241 228 90 149 146 122 171 55 188 130 57 131 132 192 52 169 63 32 138 189 182 199 145 229 202 106 91 27 206 224 73 248 213 195 137 142 98 111 190 
12 : 128 218 205 39 64 26 69 194 49 83 47 188 125 61 139 107 90 104 215 130 100 116 234 98 131 198 72 176 
13 : 37 102 84 42 68 232 244 169 64 109 98 76 168 192 73 111 150 106 165 36 83 142 197 62 242 126 223 30 164 198 217 54 26 189 74 25 
14 : 34 175 150 154 113 140 47 44 42 77 120 151 89 80 51 91 136 238 53 181 207 171 106 134 43 157 183 226 191 132 242 247 209 186 233 56 190 237 93 212 213 87 180 193 198 172 146 232 49 139 45 239 141 96 173 115 224 202 59 25 230 64 153 143 119 60 112 116 78 221 126 206 30 204 142 41 94 195 37 75 84 58 164 169 176 241 246 138 161 118 31 235 240 228 61 26 114 
15 : 157 81 228 63 121 104 245 220 205 215 224 246 25 201 161 197 116 68 59 230 54 124 38 83 99 93 78 159 219 65 190 103 213 169 187 244 162 226 203 44 94 143 147 173 144 178 236 189 167 158 198 29 154 136 35 241 85 
16 : 235 79 83 122 80 107 87 84 64 242 36 105 70 49 54 151 31 155 249 34 148 160 189 29 133 147 212 127 213 200 96 227 47 28 
17 : 178 121 151 64 59 135 105 118 159 217 106 61 78 112 51 155 249 88 39 212 71 92 28 140 117 236 72 154 179 99 195 109 153 89 192 219 164 75 98 
18 : 167 224 213 55 138 192 152 25 160 100 114 221 81 98 102 219 89 226 26 225 90 220 146 94 53 132 153 86 240 239 236 135 191 111 120 145 227 78 121 159 127 33 208 42 144 109 128 67 232 170 139 164 52 104 54 30 156 129 174 
19 : 76 214 191 108 194 172 202 201 216 86 217 220 88 198 173 78 104 234 61 171 168 244 203 147 43 210 65 160 110 139 158 182 143 149 241 37 101 39 205 70 159 169 
20 : 137 193 96 179 150 245 161 50 63 177 215 138 223 123 31 129 236 194 206 147 93 32 82 243 34 75 164 155 151 145 133 181 39 98 97 204 171 248 153 158 41 
21 : 225 50 159 236 203 45 90 139 206 119 112 171 173 162 76 84 94 212 201 197 147 226 223 211 232 148 238 186 140 167 108 57 115 176 248 165 204 228 220 242 196 102 185 152 234 77 58 51 41 49 164 199 
22 : 64 52 116 130 233 142 243 72 185 240 93 231 112 32 168 223 213 104 63 187 58 143 172 149 105 88 92 56 66 238 48 227 196 73 204 216 210 83 79 
23 : 117 130 220 61 244 213 172 192 228 139 142 72 66 51 161 137 165 124 191 167 33 198 231 58 138 41 70 199 65 107 80 45 88 229 35 57 181 184 136 76 223 178 113 54 40 25 74 159 83 225 49 47 26 164 176 127 162 97 118 210 246 150 241 243 
24 : 245 145 169 91 193 118 86 33 58 225 122 200 119 76 185 209 41 186 107 183 218 25 168 228 78 231 28 140 109 206 98 135 108 87 61 227 96 81 115 62 51 153 199 35 210 189 137 65 94 229 211 190 167 37 197 39 233 247 149 150 130 52 60 198 111 
25 : 223 97 248 157 32 41 216 58 103 75 82 116 160 57 202 147 212 125 159 187 94 217 195 193 43 61 52 151 183 44 26 
26 : 42 93 240 66 188 88 78 94 157 85 95 207 146 235 70 149 131 189 40 122 33 223 37 79 115 196 117 198 215 227 63 103 172 89 145 125 82 46 177 34 193 74 158 120 185 60 170 165 161 134 111 35 91 41 249 
27 : 223 230 81 97 222 111 145 115 142 112 140 137 143 184 183 239 34 58 220 51 172 27 247 207 85 237 40 167 156 38 68 177 109 30 241 221 120 72 185 199 78 186 108 75 163 128 155 66 93 135 130 233 129 211 139 190 200 90 169 187 160 62 69 146 32 29 
28 : 149 221 134 185 114 184 71 216 186 151 116 207 76 241 80 74 222 232 51 41 157 70 227 28 154 140 182 118 230 209 144 249 49 38 211 192 78 53 231 60 145 187 123 56 168 94 64 153 75 196 141 137 218 90 150 30 62 245 36 122 35 83 103 44 170 29 195 67 105 84 45 226 34 85 79 97 208 193 224 188 132 25 107 99 81 234 238 174 135 178 50 52 213 161 233 164 
29 : 242 31 174 177 172 133 230 92 153 34 181 116 119 129 214 102 103 229 100 113 98 115 194 160 209 192 36 60 105 45 180 27 46 110 141 138 198 72 211 154 126 182 29 94 148 39 67 77 165 161 81 71 231 217 65 47 220 30 140 186 162 235 203 91 158 112 143 134 147 57 204 99 106 33 97 136 149 223 227 187 122 104 193 38 221 79 222 66 32 90 59 243 247 139 144 28 190 152 
30 : 178 61 139 246 117 57 204 35 108 176 43 127 198 91 106 208 131 183 62 138 233 234 28 93 76 37 156 157 162 112 55 56 73 161 113 74 141 149 148 137 33 185 40 237 193 182 80 216 203 226 78 26 225 107 164 153 86 116 118 88 244 206 30 95 98 190 31 83 247 34 245 238 109 212 195 123 221 217 167 242 49 126 172 68 
31 : 98 126 182 109 27 148 112 228 165 65 151 83 107 129 178 87 131 203 117 207 217 120 51 105 196 236 104 62 91 180 226 119 102 179 170 233 47 100 82 230 150 164 145 106 90 184 186 161 121 238 229 94 167 76 113 206 163 73 192 235 123 244 195 153 241 181 40 41 183 127 160 69 
32 : 78 77 179 69 70 57 91 126 118 232 222 158 164 37 90 121 200 39 97 128 160 198 185 191 147 60 176 201 38 58 129 66 25 249 187 242 144 47 230 155 75 171 169 151 53 182 111 114 29 194 95 
33 : 223 43 34 150 201 92 40 180 47 50 126 42 131 158 30 49 151 175 100 132 222 228 54 220 204 103 185 172 196 69 136 213 232 179 79 153 111 70 73 45 123 107 141 26 120 152 113 231 206 176 84 121 78 200 195 36 27 90 218 166 60 187 237 51 102 127 214 238 143 162 119 
34 : 70 47 249 196 158 153 194 40 236 52 134 141 58 178 67 203 234 152 45 146 100 75 159 42 235 81 200 231 162 248 173 30 219 143 76 28 237 189 208 59 170 55 46 82 107 122 91 116 137 125 51 195 191 74 197 243 68 44 176 61 103 130 129 229 199 71 85 142 101 227 144 202 35 133 214 99 167 118 201 212 25 123 128 113 83 121 26 223 87 54 78 169 140 184 88 
35 : 102 175 123 172 216 199 26 187 218 167 204 148 128 208 177 213 178 50 244 226 247 146 182 108 170 63 185 152 68 103 72 116 94 49 228 77 192 203 79 25 121 132 100 
36 : 198 32 113 111 52 206 64 136 160 108 53 242 117 194 69 87 245 218 178 71 47 161 99 49 145 26 201 197 190 116 139 133 92 170 54 175 215 120 60 202 240 146 203 183 114 46 199 57 131 41 95 230 204 169 101 147 43 205 122 148 168 125 191 220 100 192 38 75 107 61 157 158 193 34 140 167 179 132 246 91 93 58 229 164 185 249 217 78 66 
37 : 221 133 128 88 29 134 151 238 91 244 233 190 171 226 193 74 200 125 210 71 198 225 187 73 212 
38 : 78 137 45 154 220 219 240 156 46 144 127 76 151 79 209 112 212 116 149 93 181 206 39 230 55 140 189 108 175 142 160 188 163 37 198 102 194 95 173 201 165 38 120 153 145 244 
39 : 82 123 243 102 43 55 168 135 153 86 96 200 94 111 105 140 180 237 171 125 160 144 88 108 233 33 226 114 41 225 215 134 195 77 185 208 46 234 220 
40 : 98 162 231 122 209 82 50 190 63 210 100 198 189 219 112 28 174 211 200 39 80 53 154 108 133 199 160 156 105 223 136 239 177 232 125 157 75 46 213 65 152 153 139 208 181 88 171 137 233 178 104 234 121 194 146 170 91 205 54 243 106 95 86 163 36 52 127 74 126 173 
41 : 156 28 45 234 121 126 58 70 68 153 242 29 235 149 249 112 27 53 75 161 59 177 229 218 238 93 178 171 179 36 188 96 73 109 146 201 228 133 87 185 226 
42 : 178 58 195 159 43 171 53 106 219 130 246 72 79 99 160 132 200 144 233 55 234 208 179 188 215 34 228 37 186 135 175 189 231 168 193 39 140 226 244 165 222 221 126 172 249 41 77 217 230 149 151 145 235 141 81 
43 : 157 83 61 176 44 101 111 76 105 88 27 131 43 223 123 25 209 156 35 159 63 69 219 37 58 104 228 28 177 172 237 174 231 152 125 112 167 166 141 178 34 249 116 110 90 29 181 240 179 75 221 185 188 67 78 
44 : 133 108 202 200 40 66 132 77 187 113 226 119 157 228 198 128 183 56 234 52 81 38 203 195 162 39 196 90 74 188 63 53 186 172 227 241 98 185 176 159 88 184 160 141 
45 : 72 245 103 111 208 129 42 151 55 31 57 97 141 120 248 221 126 230 156 119 127 116 227 44 231 61 161 104 199 174 60 28 83 234 117 181 175 164 172 209 47 98 229 243 240 217 200 66 213 195 249 96 194 100 237 41 197 135 92 124 144 108 91 206 216 33 155 207 184 228 36 110 86 59 29 35 170 223 159 53 62 74 152 85 131 70 196 189 158 132 81 73 210 246 150 
46 : 231 152 203 157 153 236 230 91 61 119 74 29 115 41 165 195 65 163 125 87 180 93 232 164 226 217 123 38 113 242 137 32 90 39 95 96 59 210 28 30 71 46 228 80 205 117 126 131 57 35 27 99 25 129 34 208 196 106 191 192 201 175 51 160 44 207 224 143 124 62 67 56 49 209 79 147 171 89 200 140 100 221 136 60 184 198 144 179 151 216 108 63 172 66 243 76 
47 : 68 71 158 197 181 47 32 121 82 153 192 45 216 76 224 42 212 232 49 89 65 36 167 91 185 235 123 60 160 108 199 155 116 215 27 67 164 218 62 207 37 
48 : 118 170 155 209 191 102 222 227 144 57 189 87 71 113 106 229 60 160 120 32 35 56 127 63 89 30 25 205 68 173 103 211 244 28 150 137 197 172 208 158 29 31 114 202 136 80 183 159 171 180 214 40 199 26 157 117 116 248 147 46 97 
49 : 29 218 237 191 214 122 35 38 47 208 79 67 98 162 167 194 123 68 78 158 73 236 112 132 195 163 202 160 61 185 56 184 117 245 86 30 222 159 41 157 243 109 93 168 69 206 189 153 37 154 65 96 193 89 90 199 129 246 55 133 228 42 230 52 209 120 148 43 197 107 156 106 103 128 161 136 207 102 244 201 138 212 165 205 180 83 94 196 215 170 173 169 48 166 150 240 
50 : 206 53 39 61 203 105 151 36 155 96 141 51 157 186 225 26 70 58 243 170 120 166 238 46 126 163 37 66 84 171 227 177 69 133 229 193 235 109 200 234 152 127 226 182 34 80 233 246 119 67 164 79 45 174 242 176 110 103 122 191 60 52 89 224 97 160 156 78 178 168 62 215 90 
51 : 49 55 100 175 209 94 198 36 99 68 218 229 194 153 164 232 207 236 58 45 111 83 225 28 183 192 42 126 
52 : 106 182 72 205 83 212 48 200 37 207 192 236 209 160 227 179 74 133 127 94 26 143 240 66 188 91 238 184 246 68 243 123 174 220 125 219 129 54 71 93 242 40 99 55 196 61 168 135 30 247 95 103 185 58 75 89 145 32 88 164 
53 : 179 87 32 51 217 182 107 139 130 129 226 53 196 120 99 209 76 198 158 210 131 92 101 110 117 203 177 230 36 65 166 157 71 222 207 147 172 72 128 123 212 243 162 49 44 199 153 168 78 46 121 25 148 238 69 89 115 118 176 62 95 245 200 34 68 100 55 149 73 137 83 173 186 154 175 140 74 132 135 60 159 88 225 152 116 79 31 136 201 183 
54 : 176 211 206 46 86 190 142 145 68 88 170 102 227 225 218 165 138 130 128 233 163 39 187 248 58 172 116 168 114 141 30 241 43 132 222 99 140 97 92 115 203 120 59 237 135 113 234 107 56 226 100 207 54 108 220 75 152 131 204 162 28 196 238 173 245 189 191 249 41 243 85 209 160 228 104 155 242 181 214 188 37 224 111 32 185 197 73 156 136 53 98 78 239 194 235 158 159 52 
55 : 122 240 210 205 141 68 37 88 216 238 113 74 142 86 57 28 115 212 65 89 112 164 94 136 232 151 56 139 34 111 199 110 26 95 36 90 248 191 73 79 231 32 135 215 241 146 70 143 66 27 101 35 63 189 145 104 149 159 195 171 176 75 206 234 62 244 188 72 154 157 81 106 204 224 198 138 39 219 249 208 230 180 108 153 172 144 247 185 25 52 100 158 168 82 41 42 173 175 226 193 124 170 69 163 
56 : 199 48 37 58 99 235 171 119 249 36 174 75 78 133 50 163 195 87 89 228 161 169 194 237 105 115 120 74 210 219 126 202 70 112 27 45 128 33 180 156 85 56 244 158 152 205 53 146 101 111 221 200 204 107 175 167 93 31 144 130 238 109 59 245 29 86 145 98 185 140 192 47 125 209 214 54 38 236 179 42 108 239 164 88 72 64 52 224 129 150 127 216 178 198 92 142 116 
57 : 164 223 182 43 63 111 185 60 127 207 144 86 73 226 72 172 54 239 155 87 130 79 92 120 108 68 46 157 228 
58 : 202 112 130 193 249 98 154 74 240 128 73 163 246 44 132 230 104 109 82 131 194 216 85 103 208 188 168 79 232 91 77 203 145 150 53 64 41 144 121 180 173 182 37 125 152 159 215 48 89 69 39 80 244 100 28 123 195 110 176 151 148 139 105 72 169 129 201 213 172 75 235 50 99 170 115 158 198 204 206 38 102 120 237 233 157 57 234 171 34 78 161 56 
59 : 53 90 165 226 153 238 64 197 170 112 116 42 237 150 58 120 144 114 108 85 147 194 65 219 233 173 135 222 71 231 193 206 130 77 34 106 86 95 49 157 246 70 87 177 245 96 172 169 164 45 40 132 241 221 215 36 207 115 79 248 31 78 223 26 124 185 44 138 217 155 158 
60 : 97 100 155 80 89 132 181 43 222 106 245 146 86 37 177 229 25 60 190 78 136 56 133 131 214 38 225 162 156 121 68 201 108 63 211 30 36 182 144 237 170 198 111 220 95 241 77 88 184 244 123 69 235 149 189 71 139 109 55 236 150 45 231 249 103 160 50 171 72 98 32 224 114 168 193 234 140 135 141 203 81 35 31 178 62 74 154 92 242 101 110 117 99 226 46 183 129 180 188 
61 : 198 185 231 50 177 214 112 71 150 153 115 119 125 237 230 186 76 172 26 151 81 99 206 197 126 244 128 38 144 35 114 70 217 109 187 58 43 168 122 96 181 101 171 42 55 69 84 100 111 213 165 146 104 183 102 31 127 248 205 88 93 79 40 124 137 78 61 207 41 240 147 156 98 108 149 118 174 143 209 219 154 173 175 72 28 89 83 158 161 167 91 241 48 196 180 212 228 37 136 152 195 208 211 
62 : 212 163 42 81 58 43 186 45 33 167 246 225 233 38 103 98 229 183 115 206 172 125 216 138 61 196 236 88 221 243 165 99 222 44 228 123 108 112 52 174 84 149 101 65 189 126 128 26 37 187 94 113 142 60 85 152 77 198 215 56 161 93 245 220 31 117 214 207 97 239 176 54 226 106 218 160 70 146 72 242 153 159 164 247 190 199 201 154 170 92 63 96 244 166 192 157 120 76 144 
63 : 211 26 129 171 51 135 198 60 193 208 79 82 174 215 244 191 53 58 243 136 35 226 108 134 163 148 161 65 112 187 70 66 157 93 102 190 123 154 110 184 132 31 118 50 75 71 140 164 186 105 62 83 176 189 106 199 103 41 121 188 194 159 68 100 180 61 63 175 220 
64 : 167 211 238 91 45 157 68 127 49 101 52 181 209 145 109 88 206 168 40 232 166 111 85 84 64 193 51 76 
65 : 196 72 140 134 44 215 178 201 82 48 25 206 240 154 211 106 76 37 114 81 109 156 93 231 66 
66 : 193 52 191 62 96 178 249 195 119 70 33 131 201 86 133 26 73 247 87 77 74 32 220 29 169 164 48 102 41 42 232 206 97 224 107 211 215 110 204 144 114 75 105 92 216 170 36 240 128 225 56 161 76 153 127 156 101 91 176 50 188 104 163 115 192 124 149 217 229 98 65 160 122 148 228 187 154 245 117 221 27 93 49 196 235 106 111 136 175 81 173 28 40 37 207 121 158 
67 : 72 201 153 241 227 186 178 180 173 38 57 42 194 215 163 35 93 121 30 37 175 151 107 130 162 27 179 239 113 108 74 190 209 26 166 127 122 70 195 86 125 140 223 136 103 131 85 138 58 232 196 242 146 41 124 205 211 183 171 32 111 71 210 39 142 150 67 126 157 224 99 222 52 56 220 105 184 83 
68 : 78 135 62 58 112 49 133 76 140 159 175 239 158 132 81 192 108 179 217 44 139 222 184 51 87 174 245 144 42 93 31 95 106 66 195 141 189 157 104 56 205 247 109 116 190 32 248 172 86 226 
69 : 31 120 37 200 179 95 50 226 72 220 151 76 56 189 34 43 246 171 227 216 184 173 110 199 230 65 74 242 39 205 124 131 239 218 238 148 118 68 27 73 54 167 135 147 232 249 123 234 71 88 111 219 103 60 128 133 144 203 108 221 67 44 89 183 125 186 119 96 101 
70 : 81 33 34 141 196 199 213 72 127 216 206 228 168 79 39 115 123 175 97 113 200 248 208 245 119 220 146 36 204 215 160 238 217 45 162 44 176 210 192 95 62 234 73 180 150 94 157 76 126 232 189 136 231 110 186 218 137 142 243 178 88 58 225 59 101 104 212 244 30 172 195 144 48 38 35 164 211 181 197 
71 : 249 47 62 104 143 246 217 191 99 110 169 160 187 33 196 96 233 113 145 236 133 201 170 54 243 95 138 242 152 39 63 117 241 34 194 219 41 52 183 73 29 37 122 31 91 28 90 209 248 53 214 161 185 204 94 97 46 180 171 131 216 132 
72 : 186 75 157 233 150 139 81 205 99 95 56 46 90 147 43 137 159 119 163 203 145 134 45 39 241 73 28 100 222 64 130 200 47 196 194 209 118 210 98 32 93 132 189 135 92 68 242 224 58 84 223 155 52 44 102 219 179 216 238 187 214 239 180 144 115 143 113 178 110 240 218 112 106 158 111 227 124 117 245 193 49 78 165 234 61 116 40 33 243 109 42 76 114 38 156 
73 : 92 95 114 116 236 239 79 224 77 33 129 183 136 94 209 81 205 39 141 71 197 222 180 142 38 122 243 187 126 103 113 93 242 196 162 163 164 143 112 31 159 75 
74 : 69 220 171 125 215 212 51 63 204 28 105 158 245 119 182 149 203 187 194 162 238 115 43 222 67 183 239 206 135 202 142 228 66 112 148 100 103 172 230 109 213 153 170 179 126 244 198 89 49 62 37 214 207 196 208 71 57 110 191 25 106 55 73 141 98 53 44 188 68 92 166 56 81 70 140 76 185 78 31 133 129 221 161 86 240 79 59 165 138 52 164 64 26 114 232 136 90 61 186 
75 : 37 191 226 185 239 151 176 30 199 155 90 233 188 220 57 204 210 126 102 136 245 153 33 26 39 205 246 69 49 143 108 123 80 34 117 145 88 168 89 43 206 140 93 64 68 129 44 182 70 215 75 77 48 73 137 232 169 65 179 100 219 95 79 189 196 157 130 141 
76 : 86 183 182 72 239 31 41 249 32 63 136 217 62 39 115 58 230 121 85 99 46 220 154 179 26 45 144 117 55 118 137 204 130 229 112 93 200 215 191 110 172 170 155 147 218 60 34 111 207 188 209 175 83 
77 : 163 54 88 229 82 210 101 127 147 188 138 73 25 208 214 111 204 116 181 198 145 191 183 152 32 193 192 216 27 81 74 69 164 243 162 225 33 51 189 41 43 58 49 31 112 79 233 242 36 130 227 135 246 57 132 220 97 224 70 37 241 67 238 40 72 136 100 103 26 104 168 106 91 184 186 173 92 29 178 154 46 71 93 148 126 213 151 87 218 131 85 80 95 170 60 30 167 187 78 175 119 195 59 228 
78 : 80 152 196 205 123 207 143 117 213 198 104 231 74 77 41 92 135 38 225 96 50 195 221 212 116 112 194 189 67 145 186 44 106 99 249 40 180 45 203 109 128 69 35 27 169 238 208 220 108 120 115 246 217 114 122 111 239 218 132 197 72 167 107 31 86 100 124 52 146 103 
79 : 156 59 186 202 67 139 80 185 188 76 171 98 237 54 27 239 116 79 214 37 48 155 175 187 87 144 63 82 113 141 31 90 111 77 133 166 169 34 103 36 106 145 200 184 183 50 110 174 97 224 157 152 127 73 49 74 26 216 61 44 181 38 229 71 223 124 33 104 25 117 88 51 160 86 210 55 153 219 136 57 247 180 235 40 100 95 
80 : 107 185 82 242 134 142 151 45 74 110 48 126 132 192 95 30 144 183 221 90 113 177 191 163 33 156 
81 : 226 67 147 240 242 197 26 43 200 145 134 218 189 193 123 27 155 244 63 148 202 133 196 82 214 32 170 245 210 41 183 92 85 164 125 191 94 89 157 177 216 199 70 227 64 172 87 201 241 162 105 160 83 107 69 230 80 51 141 98 233 96 93 175 46 50 207 149 232 74 49 62 119 109 168 112 126 103 153 110 156 95 204 72 144 222 211 212 205 91 161 158 220 176 225 219 136 
82 : 122 32 83 217 171 124 228 133 31 68 246 212 61 69 201 81 98 178 60 125 240 100 132 199 186 26 
83 : 242 29 179 47 74 114 169 199 138 77 216 62 173 120 105 106 81 170 177 241 133 159 108 52 215 73 147 184 206 192 223 67 150 58 139 87 134 161 154 166 125 85 202 75 195 57 204 164 218 72 69 36 98 30 27 103 143 100 171 228 40 193 34 144 32 41 209 246 110 249 127 235 102 210 132 185 136 203 37 70 181 208 225 121 124 46 109 167 54 229 53 
84 : 131 129 98 161 231 92 183 218 181 155 222 208 135 64 102 108 113 119 115 241 103 147 152 244 220 148 151 56 52 180 213 190 187 90 51 99 214 100 
85 : 44 100 98 163 187 64 231 96 214 130 139 95 213 91 113 236 61 233 97 232 221 168 162 88 75 76 35 247 208 123 63 131 82 90 174 224 166 79 183 235 142 161 241 77 84 72 120 94 141 202 105 234 115 102 207 229 188 228 154 132 164 157 155 227 177 124 170 153 159 92 78 210 38 134 178 200 
86 : 33 242 81 161 94 108 114 78 103 234 207 68 148 34 106 51 170 138 95 192 122 74 151 208 102 118 147 76 178 193 145 37 244 80 185 235 218 230 57 237 131 164 31 88 42 162 85 247 157 113 142 200 36 159 60 236 163 
87 : 64 76 246 150 120 27 202 212 52 142 200 156 45 112 224 189 186 201 175 99 74 93 182 125 221 178 30 247 165 196 108 203 109 147 139 244 81 123 171 62 190 41 146 183 119 
88 : 116 159 60 146 86 47 32 54 118 25 245 214 102 69 233 242 191 26 29 38 89 85 219 144 235 82 152 30 164 211 165 249 95 62 160 84 48 44 142 149 213 131 246 103 50 97 129 210 66 91 239 196 61 215 205 221 59 229 127 173 39 198 183 80 186 55 114 70 136 107 184 197 232 135 58 234 121 
89 : 34 40 42 243 189 70 45 91 122 211 213 125 173 174 181 111 207 69 235 108 59 93 158 205 51 248 176 241 129 119 188 46 82 39 29 114 224 219 153 148 214 237 218 53 136 83 132 171 79 118 154 199 145 92 104 146 99 123 178 245 150 215 50 121 112 231 80 41 164 142 96 167 
90 : 112 126 202 150 83 176 196 204 212 186 33 222 161 243 137 76 247 218 131 67 51 74 139 145 127 191 72 194 248 169 84 184 230 46 141 144 86 25 219 241 228 118 201 102 92 62 187 163 232 205 65 174 119 221 198 121 225 87 149 39 215 60 189 214 244 179 63 104 73 175 223 130 206 197 157 94 120 238 182 171 167 115 29 109 85 117 47 142 140 93 101 236 106 128 26 113 80 50 203 124 210 170 208 220 
91 : 220 180 188 207 228 117 58 249 218 203 137 173 213 66 140 33 134 60 204 229 145 155 52 149 166 124 212 106 222 225 170 159 202 131 65 150 130 88 138 74 77 100 186 132 105 109 184 
92 : 51 145 150 241 207 29 40 43 171 189 180 166 221 232 53 124 90 138 103 127 133 146 74 214 236 210 122 149 
93 : 83 150 183 177 211 167 66 35 151 64 209 155 184 176 181 99 187 226 141 196 115 78 76 72 204 57 179 
94 : 71 89 65 35 210 215 214 64 146 205 97 151 106 92 101 207 227 182 163 116 153 149 150 93 216 117 72 96 139 47 191 161 62 134 222 221 218 172 248 160 31 130 27 129 145 183 232 162 169 231 55 204 73 99 171 246 197 46 63 199 78 249 121 105 54 37 76 203 179 141 190 61 159 88 136 67 202 219 85 41 118 30 38 36 198 49 33 181 217 209 228 42 127 166 238 115 133 148 
95 : 55 136 235 126 185 151 94 48 114 200 81 124 113 179 33 228 146 199 44 73 192 137 121 176 93 244 193 78 118 34 173 221 135 232 40 68 59 227 56 79 132 105 
96 : 84 246 25 73 70 120 211 166 55 155 232 30 171 222 53 58 233 99 189 29 111 223 174 137 192 160 36 226 118 115 234 57 167 47 216 90 161 43 128 225 68 133 45 32 194 67 154 75 240 135 150 71 183 190 224 197 98 42 132 210 69 108 33 109 195 107 201 106 110 40 44 209 206 78 
97 : 239 248 118 222 221 195 223 77 122 193 128 88 238 233 224 246 97 213 220 206 58 204 69 65 174 61 131 34 236 161 225 28 116 228 240 184 136 138 39 25 230 54 105 197 94 182 145 153 117 178 123 151 245 249 140 53 226 106 179 48 121 38 243 111 241 62 60 63 205 156 198 30 234 149 172 137 79 143 112 81 139 215 101 237 120 192 207 96 119 133 32 168 170 
98 : 164 216 155 73 157 52 180 94 148 193 228 140 29 158 197 194 162 69 192 91 239 213 224 63 137 248 143 112 75 134 195 121 93 247 237 132 111 200 207 242 156 150 43 219 177 212 100 42 205 175 53 108 57 182 234 208 102 161 196 187 166 167 181 202 107 179 90 125 136 71 60 48 169 245 147 86 33 85 190 123 127 50 
99 : 225 145 239 115 95 243 74 28 94 70 85 41 154 204 140 246 210 109 29 50 133 217 156 92 128 160 60 131 25 42 76 150 104 123 98 87 192 110 177 208 157 228 173 34 180 127 137 97 190 235 91 106 90 147 241 143 52 244 81 
100 : 80 246 162 90 34 247 61 210 131 220 83 123 249 229 158 190 211 133 54 113 177 152 194 221 86 85 192 43 166 143 139 191 151 240 235 70 145 112 141 25 215 170 197 52 135 160 38 91 172 238 74 176 57 132 222 109 213 169 30 209 168 73 47 154 189 76 180 82 218 188 58 33 217 205 199 105 223 167 137 107 79 232 122 207 27 117 187 161 140 157 121 186 171 184 196 208 212 153 
101 : 220 201 81 60 150 56 70 228 193 129 154 151 94 111 25 207 42 211 85 102 152 71 112 101 135 59 203 103 227 115 214 192 63 240 78 164 189 124 221 79 108 190 165 122 82 215 138 87 169 92 68 86 44 195 166 147 116 134 47 43 230 27 132 229 
102 : 50 112 197 186 200 94 100 221 134 32 74 187 211 82 153 75 237 242 31 58 138 180 89 164 213 42 59 183 54 118 30 76 123 65 67 51 193 69 210 229 34 203 157 172 240 130 159 102 43 60 191 119 121 84 208 236 169 77 127 120 64 212 129 227 62 184 175 68 209 144 117 173 146 91 78 235 239 38 219 165 215 110 155 166 
103 : 26 163 73 191 164 122 49 97 227 159 221 38 128 199 46 93 156 203 158 129 75 33 61 87 77 42 182 135 232 44 82 114 32 138 152 43 150 208 169 189 48 39 220 91 242 187 149 123 200 177 62 84 27 218 151 98 237 202 247 35 140 110 196 106 65 174 204 228 142 248 145 229 66 198 235 162 126 147 168 113 86 130 219 40 239 244 170 105 160 210 175 209 233 214 29 131 50 195 176 240 184 222 230 51 
104 : 235 249 211 42 169 208 84 68 221 220 149 197 152 65 200 78 97 101 115 143 26 131 212 230 95 239 99 70 246 195 163 227 187 175 141 204 33 92 238 107 233 81 41 
105 : 143 203 27 138 164 84 115 155 109 41 56 68 215 63 156 158 101 102 127 57 200 181 243 198 193 37 176 246 153 50 87 36 82 100 204 134 232 67 240 142 133 226 110 124 224 144 129 35 98 197 146 248 165 
106 : 213 46 167 40 51 204 110 128 144 137 195 82 225 39 117 245 146 237 119 105 50 130 188 205 202 203 133 42 111 31 229 104 217 216 90 147 201 80 198 246 28 37 184 218 113 166 181 71 81 244 232 141 162 121 223 
107 : 194 203 158 164 191 190 188 86 151 138 64 223 26 127 35 211 116 152 108 74 105 47 154 79 48 143 146 137 237 63 89 180 106 174 171 219 53 247 125 75 25 103 206 135 98 176 236 217 229 42 196 88 230 85 199 67 97 128 195 60 233 83 69 31 109 
108 : 26 97 184 133 77 156 63 213 180 113 58 116 71 85 241 134 187 101 72 181 246 194 48 240 56 140 199 27 110 46 118 208 144 104 89 192 207 245 244 103 183 137 127 75 167 112 234 57 42 214 83 185 157 38 91 176 47 236 68 135 65 153 171 221 142 163 152 249 40 158 148 70 31 93 197 224 108 212 200 53 123 232 35 141 54 80 159 215 146 
109 : 247 159 240 76 35 223 154 219 75 234 117 115 119 95 54 202 90 249 221 52 185 238 191 36 69 139 162 227 242 38 113 161 197 218 209 49 174 70 183 228 58 172 243 72 
110 : 148 199 159 92 200 221 168 86 84 40 204 32 81 116 183 213 79 111 150 233 37 35 169 105 131 132 41 107 214 83 188 58 31 235 52 26 46 108 
111 : 127 46 110 162 78 147 144 134 146 210 77 239 170 108 212 222 32 205 160 88 172 119 52 54 151 92 79 234 213 171 200 111 180 216 202 94 241 91 152 133 57 243 166 
112 : 185 36 224 46 109 116 75 169 214 81 177 192 59 58 152 91 225 199 171 82 131 247 146 80 184 76 39 165 142 84 47 239 98 167 208 55 215 203 106 204 163 50 68 140 35 139 242 115 71 26 97 212 149 137 122 57 101 236 155 154 74 72 89 138 49 93 88 32 218 202 222 117 87 249 31 183 99 221 90 227 181 180 51 66 77 201 25 64 34 175 241 232 187 240 53 172 62 112 105 231 125 
113 : 178 94 191 180 246 103 77 165 233 91 113 177 68 65 222 237 71 82 167 42 133 192 174 228 115 83 75 216 176 34 229 158 111 156 60 249 85 78 241 107 93 218 101 242 184 160 140 162 166 38 147 212 79 123 155 215 97 234 98 50 55 63 106 181 243 137 163 33 225 193 62 104 148 49 187 239 53 145 43 131 52 51 
114 : 153 204 36 182 62 179 89 163 160 234 40 246 241 95 119 145 73 93 64 67 56 102 167 211 37 131 240 207 221 76 230 124 88 114 128 237 46 186 100 33 29 227 192 84 77 233 35 228 144 99 138 125 61 130 245 236 165 205 97 34 105 161 45 139 216 121 201 247 184 218 118 126 31 123 226 206 223 79 147 158 101 80 
115 : 45 221 142 126 146 68 198 85 52 65 181 247 162 80 177 234 232 148 218 135 104 82 217 227 32 248 230 109 28 239 223 66 228 154 203 214 87 212 35 93 130 61 54 94 42 194 213 108 175 167 243 249 129 216 77 30 123 207 149 173 153 235 233 137 193 172 185 136 174 197 71 133 27 55 166 105 163 113 170 200 131 75 141 246 
116 : 233 29 184 104 85 214 117 169 140 221 101 59 141 138 126 142 150 207 192 161 79 191 203 143 165 32 54 170 159 215 176 168 68 121 227 25 202 55 153 238 246 35 56 212 86 186 124 97 181 155 120 182 193 174 175 109 199 84 114 98 113 100 46 188 122 241 81 36 210 118 70 208 218 53 226 232 171 243 64 108 131 96 200 147 145 148 183 162 209 72 61 65 115 76 34 237 44 211 
117 : 119 176 169 131 219 128 137 152 61 58 127 46 27 143 216 44 84 182 227 43 85 50 70 181 230 232 40 97 145 68 228 65 173 123 142 231 159 149 25 116 93 54 218 67 56 217 83 88 205 30 165 45 132 52 244 49 101 185 75 
118 : 70 181 126 63 230 103 223 78 69 48 36 166 200 229 191 239 90 46 156 187 31 114 149 95 203 138 228 186 179 35 183 165 209 210 27 49 175 64 41 172 163 151 136 243 32 247 240 123 30 118 65 89 147 219 71 102 42 117 43 66 241 244 248 25 96 143 140 245 61 137 249 192 124 190 205 98 72 213 38 217 68 83 91 
119 : 209 27 166 53 71 204 89 241 66 213 173 200 191 223 32 98 43 141 54 215 111 55 67 190 206 136 161 170 81 210 145 25 186 149 182 78 36 74 214 235 138 184 183 96 60 48 76 26 63 137 231 220 58 181 142 177 195 101 44 222 100 176 146 85 70 218 156 49 243 135 192 228 83 35 88 91 115 144 159 64 56 75 163 157 95 131 175 31 93 
120 : 31 129 165 32 205 237 220 101 235 177 78 191 143 168 207 100 65 28 52 98 195 66 239 107 29 68 192 86 231 232 40 130 149 109 76 94 102 132 122 228 39 225 248 118 189 249 223 227 44 186 58 115 200 27 93 241 41 203 73 226 112 156 171 215 117 152 25 55 204 114 35 170 82 
121 : 124 53 245 208 215 30 80 79 190 108 77 148 162 178 164 112 140 244 194 203 237 87 81 36 234 189 173 223 106 145 86 196 248 231 217 207 84 88 214 63 47 65 229 117 174 247 76 187 170 85 64 60 82 94 144 43 150 228 149 42 158 199 61 213 44 201 160 
122 : 50 234 116 155 25 202 42 133 192 74 134 248 183 72 157 88 165 138 179 41 229 191 99 104 27 52 162 236 205 169 249 38 55 176 219 31 178 63 174 102 223 126 48 188 49 187 180 61 132 189 201 232 86 68 
123 : 207 197 114 184 168 106 239 63 175 237 205 198 144 228 35 193 222 217 246 91 163 131 83 187 77 133 59 226 211 190 89 219 229 123 100 141 183 233 95 227 240 174 43 41 86 90 138 121 126 105 204 53 195 241 136 243 117 235 166 75 125 70 157 202 54 139 220 46 30 67 173 165 39 107 110 194 203 96 145 122 66 201 68 146 248 62 74 200 64 108 
124 : 135 145 173 29 38 192 60 238 165 236 92 26 179 237 180 67 98 167 56 61 185 129 239 97 166 44 171 156 66 206 81 48 69 31 80 183 144 187 96 63 229 154 203 204 71 91 211 149 153 117 118 122 52 104 248 176 200 
125 : 119 197 81 203 182 143 48 177 61 230 181 210 157 154 131 44 85 187 25 102 244 74 122 247 39 227 59 155 168 205 191 219 108 103 175 43 238 233 123 69 106 94 42 78 156 26 201 195 98 211 112 242 185 225 150 200 208 141 138 47 
126 : 231 80 98 49 54 81 221 52 218 72 200 159 147 229 239 57 171 242 232 144 142 121 193 191 225 172 162 236 129 247 228 120 93 50 224 153 37 73 55 149 164 240 47 128 185 130 100 42 182 203 180 74 116 41 122 158 112 63 111 29 201 101 220 131 43 97 114 53 145 179 134 40 62 107 
127 : 86 60 121 92 76 52 186 159 106 157 152 43 201 67 246 137 220 135 82 149 38 180 154 144 132 242 192 28 62 68 89 99 164 66 235 120 124 65 211 139 187 
128 : 139 176 124 241 238 59 150 55 123 132 89 242 116 144 230 224 138 223 86 221 214 207 160 191 178 45 229 239 192 44 177 237 210 231 25 169 244 68 43 60 199 99 58 234 163 73 40 173 65 193 183 215 137 189 179 63 174 35 90 185 64 159 135 149 197 53 200 146 152 233 72 236 36 52 104 
129 : 187 83 93 155 29 102 63 220 183 95 202 82 52 173 159 78 211 85 235 236 244 130 35 162 86 142 62 30 248 161 89 25 127 175 71 239 128 166 163 197 64 67 190 84 98 55 90 146 229 107 203 138 217 240 169 94 49 80 37 117 43 46 33 160 189 61 73 245 
130 : 182 64 105 153 172 142 164 221 94 117 168 175 95 229 49 135 209 107 96 242 205 222 65 108 85 217 111 45 70 150 215 230 143 196 127 138 246 200 180 223 44 101 194 211 206 240 163 40 232 89 123 73 224 62 63 128 83 106 228 157 187 147 149 161 243 226 84 79 90 130 169 80 
131 : 121 74 193 143 81 182 73 127 96 249 41 227 40 206 150 107 77 239 61 183 51 202 211 93 85 47 49 242 113 184 110 234 142 237 213 38 78 185 144 63 129 109 157 204 35 36 76 120 90 145 231 152 177 156 158 91 124 207 56 241 161 155 178 240 216 203 169 54 33 101 57 80 39 218 196 87 209 128 86 188 149 147 105 108 102 114 
132 : 231 200 63 123 39 76 149 75 87 41 215 134 244 81 113 73 177 90 144 52 156 88 58 128 33 199 28 56 240 49 232 116 102 130 120 194 122 228 187 27 60 137 139 162 209 138 133 150 191 105 153 147 190 82 97 70 54 181 238 249 214 121 43 31 124 145 100 114 219 104 208 129 193 217 86 118 131 85 
133 : 185 216 144 151 238 222 115 194 206 111 139 198 52 80 156 87 57 167 146 229 104 203 76 28 174 233 209 183 78 227 172 223 94 192 182 38 221 54 39 143 228 128 42 243 149 73 244 226 150 180 225 95 91 248 219 187 126 82 133 112 188 214 64 176 190 53 249 217 79 99 161 241 179 230 70 212 177 208 93 113 242 204 37 240 58 69 135 231 116 148 166 25 129 160 141 125 236 215 232 239 
134 : 138 180 219 82 200 218 71 55 116 106 59 163 211 29 149 105 62 150 158 181 148 236 38 66 160 26 139 228 214 69 216 128 195 36 129 30 220 99 65 201 109 122 92 87 226 238 74 131 
135 : 69 143 174 190 223 46 221 32 42 27 164 200 179 76 105 160 53 94 180 36 167 81 214 80 232 129 168 131 236 92 235 61 144 65 29 151 110 78 186 63 249 73 234 121 97 248 233 82 123 173 139 185 206 228 192 199 158 99 67 132 202 242 210 41 211 147 161 31 119 55 165 98 196 25 118 
136 : 35 166 130 126 206 94 53 203 157 109 172 232 117 33 67 146 25 137 204 70 176 84 42 104 200 135 145 205 148 39 152 226 174 102 120 248 111 197 68 100 101 80 210 96 149 107 231 179 141 208 162 165 79 235 123 167 85 234 164 144 170 64 240 180 44 47 247 132 63 52 225 161 95 193 140 34 86 81 37 151 199 173 
137 : 197 59 202 133 177 119 175 82 249 32 143 67 191 139 54 226 236 109 41 123 168 225 135 233 240 152 84 164 170 86 201 180 154 182 138 247 214 199 76 31 192 28 77 194 34 90 71 141 
138 : 192 56 109 68 118 216 86 57 195 249 82 170 92 203 128 74 85 95 38 88 46 73 49 125 94 123 120 77 29 58 150 105 131 127 146 25 160 168 222 48 137 214 121 164 43 188 76 28 103 204 186 212 190 99 148 219 96 211 84 140 208 166 225 87 223 51 232 177 101 60 154 119 244 133 213 81 194 241 50 98 237 236 64 35 111 217 40 
139 : 184 36 164 170 63 117 105 216 37 202 92 139 42 160 100 175 32 122 245 77 107 181 93 182 131 88 57 58 74 186 118 55 246 243 247 48 108 227 35 52 205 
140 : 117 198 237 150 29 46 208 205 139 130 193 175 157 93 230 94 234 145 225 106 85 222 38 42 241 191 125 161 111 32 129 72 144 155 77 242 119 58 108 95 156 140 113 56 214 217 174 213 133 172 224 137 168 147 122 87 220 165 227 114 109 160 163 73 28 127 
141 : 95 197 98 218 162 29 225 91 58 182 203 46 161 30 125 239 62 51 69 223 96 206 40 52 45 244 85 89 172 220 221 34 167 178 156 60 177 245 118 72 101 120 36 180 119 100 90 176 31 215 63 38 211 61 184 65 191 
142 : 80 102 211 98 234 118 192 62 63 228 174 168 235 206 218 172 216 130 66 38 75 145 227 55 244 112 163 245 125 87 162 34 68 117 103 30 70 113 44 156 202 188 247 120 164 217 201 92 143 207 128 74 197 248 107 129 49 88 85 46 167 229 
143 : 235 69 61 135 51 232 221 217 149 124 111 41 185 114 159 84 101 168 127 223 189 216 39 228 104 160 90 68 188 155 247 198 170 53 173 100 112 200 49 238 150 174 46 219 94 237 152 176 96 190 164 242 179 171 92 165 138 139 122 58 108 136 81 166 236 98 
144 : 139 159 57 80 157 39 132 155 101 153 239 219 215 131 232 82 143 181 227 169 37 54 35 106 110 121 63 78 203 191 53 176 188 241 234 116 47 173 62 111 190 137 206 86 211 92 77 67 199 127 210 69 244 44 117 165 56 164 229 240 174 182 236 59 179 75 168 104 126 248 70 242 198 83 205 114 133 52 118 144 186 235 245 217 228 31 
145 : 248 155 202 45 237 32 198 129 93 169 238 233 54 197 206 209 148 115 124 71 152 27 172 30 191 
146 : 164 208 223 206 143 146 74 48 149 169 134 91 218 46 69 32 108 116 154 144 183 200 163 132 172 37 123 125 249 153 242 64 106 62 168 207 94 41 245 187 201 92 101 232 88 105 212 120 114 33 145 80 113 142 244 60 224 174 93 193 102 95 68 79 44 
147 : 86 51 218 110 87 141 64 140 58 114 200 169 243 158 31 118 193 123 199 44 54 132 220 139 166 94 69 182 170 152 191 153 115 183 223 79 65 119 142 137 82 88 91 204 122 67 113 43 163 194 206 160 138 189 108 81 167 213 156 174 48 207 134 39 83 201 77 239 147 229 186 74 178 61 184 225 150 29 109 
148 : 57 126 155 138 66 142 125 34 209 145 188 31 243 176 161 170 127 110 226 248 104 87 55 230 157 141 54 166 124 224 216 165 210 134 186 29 197 70 89 130 50 179 222 60 69 238 
149 : 41 237 89 175 76 108 81 52 104 135 77 70 236 224 51 125 107 186 227 40 153 145 184 178 48 158 45 26 88 31 38 112 110 138 228 211 116 83 180 27 143 209 214 60 132 64 215 185 187 79 139 102 123 134 218 96 208 133 200 92 68 118 44 188 39 34 67 141 230 165 49 157 50 74 179 62 36 206 249 30 54 203 128 84 25 42 148 207 137 146 164 85 173 231 194 65 75 159 106 154 142 176 171 93 
150 : 156 96 203 100 246 67 106 164 58 98 204 75 142 232 237 198 48 147 66 249 107 31 157 180 34 233 113 196 214 208 36 217 140 35 131 158 123 126 70 234 110 87 112 54 56 61 145 121 184 183 211 236 135 210 139 74 228 77 226 144 90 218 125 167 83 168 194 91 57 160 78 191 29 248 238 44 174 30 154 64 63 171 52 163 176 130 159 
151 : 184 47 233 176 104 161 136 151 48 228 238 109 133 160 103 174 112 88 81 115 105 166 33 213 126 162 27 177 73 180 172 64 138 124 217 107 199 84 167 85 175 231 108 183 201 222 57 178 159 50 218 46 58 244 146 78 91 121 190 235 205 223 90 117 165 32 211 40 155 110 94 80 207 152 39 131 242 158 54 36 96 95 43 55 111 68 74 245 194 123 246 101 122 77 31 99 120 186 182 141 202 170 224 210 
152 : 247 179 244 139 235 82 61 81 44 39 149 210 202 58 162 36 180 223 164 65 53 234 124 168 141 92 102 136 204 103 41 34 91 101 233 85 228 135 170 185 245 209 169 184 146 132 241 200 203 188 27 217 154 148 90 76 123 56 111 192 89 47 94 128 108 229 143 121 83 80 95 187 165 224 75 151 51 166 77 32 133 243 26 130 159 114 140 134 45 237 181 46 194 117 63 30 216 49 173 174 100 246 219 176 
153 : 246 195 41 189 77 172 162 142 38 31 48 216 204 114 44 39 201 203 29 88 206 43 214 187 60 200 63 170 174 198 179 
154 : 234 192 197 162 73 190 107 184 206 138 194 79 81 198 226 177 91 165 51 61 75 207 152 151 210 183 168 110 87 233 83 66 154 60 148 38 112 217 174 169 50 63 249 127 120 
155 : 74 124 65 222 104 151 127 177 41 173 234 158 223 215 236 42 153 91 130 206 194 195 162 249 105 60 135 188 202 70 164 149 119 40 221 156 196 83 133 51 26 240 212 129 43 232 59 154 71 61 231 27 
156 : 129 61 225 177 76 54 79 133 210 222 240 69 235 39 112 234 51 44 60 75 97 214 103 114 82 127 87 152 124 155 135 163 130 157 159 121 65 248 52 117 
157 : 47 235 136 190 232 149 101 215 138 107 226 230 194 133 73 98 63 104 115 148 77 165 200 214 140 224 42 135 27 54 74 167 209 109 112 146 97 245 35 150 122 56 198 155 239 83 57 159 46 119 72 179 59 61 197 102 213 153 116 247 211 244 217 
158 : 102 85 199 51 42 227 124 91 241 110 150 166 219 104 222 181 70 53 165 69 186 48 87 40 247 106 202 111 130 157 220 43 88 212 114 38 86 231 95 
159 : 105 141 94 54 44 103 78 204 249 156 66 138 211 27 167 184 48 34 198 219 191 168 111 73 104 71 139 235 171 60 210 164 76 115 67 248 207 87 92 107 93 95 193 96 123 29 112 175 79 43 142 169 232 203 152 31 199 166 247 145 237 244 129 35 28 186 127 114 131 228 243 147 90 116 189 32 40 124 128 120 143 146 236 234 196 159 201 86 121 137 240 65 224 42 162 57 
160 : 89 194 141 70 112 249 243 36 203 68 109 245 160 123 50 82 221 74 244 83 48 236 174 226 125 52 158 67 241 213 188 108 73 37 149 71 49 216 229 25 239 95 44 176 204 76 237 171 62 199 106 233 215 143 118 231 45 64 162 136 28 151 222 130 51 184 120 195 35 166 178 224 163 152 201 72 
161 : 153 141 109 246 234 135 190 166 221 45 210 48 203 218 161 91 79 231 70 171 144 222 223 156 121 208 57 
162 : 182 214 96 84 74 246 109 26 233 68 66 45 73 98 126 223 127 58 83 89 60 69 25 165 241 124 190 37 94 230 28 205 125 38 112 115 179 47 65 63 192 41 248 212 183 62 222 121 180 77 196 157 100 
163 : 112 140 201 238 217 104 115 176 207 166 143 37 225 77 130 214 119 63 192 96 44 125 128 220 123 30 184 187 147 233 163 168 35 185 73 38 167 105 68 154 97 46 84 117 164 146 247 58 204 27 138 124 210 199 109 49 212 120 76 198 173 137 195 148 
164 : 151 106 58 162 96 148 90 184 161 94 82 140 73 95 99 190 52 37 50 79 233 213 200 55 191 146 86 241 235 245 181 155 203 248 105 118 89 145 130 108 25 115 26 84 35 150 102 141 182 47 243 170 114 122 136 201 199 239 
165 : 205 86 129 68 200 171 54 116 119 80 235 66 219 99 113 37 193 243 121 42 190 157 58 196 79 191 67 204 168 221 49 225 117 124 154 181 122 52 50 175 46 218 41 195 209 207 101 155 138 206 153 162 180 201 29 106 45 102 107 69 114 30 35 137 170 147 76 105 89 242 60 146 95 215 202 150 247 93 222 62 169 142 74 
166 : 56 32 143 229 207 132 62 52 53 41 37 156 117 126 81 170 242 134 150 29 51 194 121 91 196 213 181 77 248 186 187 144 195 60 100 141 222 75 116 61 189 178 45 71 240 112 110 157 159 33 139 130 114 38 120 218 209 184 160 140 241 167 190 238 131 148 58 210 125 208 206 158 128 96 217 163 73 85 111 173 118 108 94 86 48 247 127 84 90 129 50 147 142 122 
167 : 42 57 219 103 79 172 203 59 41 132 193 102 138 134 76 120 98 140 126 117 123 51 243 148 174 70 168 91 241 212 245 65 25 92 139 154 178 33 34 86 240 244 26 45 75 159 151 136 234 52 
168 : 196 144 86 30 104 246 160 190 68 240 31 36 226 107 212 138 232 208 231 188 96 205 102 155 193 61 
169 : 172 138 118 216 218 173 171 155 153 164 224 68 132 214 31 109 137 111 91 187 180 238 67 42 103 208 89 123 63 64 43 227 
170 : 73 28 209 125 37 106 103 201 57 246 237 187 80 228 234 161 99 45 226 76 131 165 196 83 230 243 51 147 219 231 248 133 192 94 178 176 78 172 194 29 151 247 93 112 171 33 105 124 104 40 242 135 87 120 129 122 137 61 113 47 183 197 238 102 25 154 91 188 32 229 118 168 31 108 117 101 89 50 62 170 153 115 69 232 145 225 144 233 207 152 142 206 198 86 39 66 114 
171 : 225 149 78 220 198 142 116 190 36 94 245 218 187 65 112 161 106 98 189 209 64 132 172 85 88 173 177 42 63 86 240 193 168 208 211 130 181 219 216 229 53 233 62 104 221 59 214 167 25 99 186 159 51 134 239 170 79 26 244 141 123 248 171 109 68 105 226 155 135 93 97 210 204 194 35 224 74 162 73 70 47 201 39 56 243 154 200 125 57 37 184 205 152 
172 : 121 92 73 216 65 59 218 97 81 111 248 230 196 225 85 75 107 84 71 210 48 108 221 135 45 112 129 241 156 192 148 125 138 151 212 175 47 103 249 165 195 142 223 66 99 214 29 208 53 177 55 89 187 181 82 163 238 145 26 32 33 133 116 236 234 100 154 185 94 179 217 205 147 209 
