0 : 193 103 169 176 34 143 93 188 201 223 36 214 28 179 37 235 208 127 121 202 164 220 182 67 47 78 125 195 53 163 184 129 247 49 102 183 186 187 89 134 48 26 81 226 100 68 175 105 161 147 158 177 91 142 232 155 33 165 76 167 113 59 
1 : 157 156 106 48 71 185 243 177 180 154 72 75 61 235 93 132 109 83 70 46 94 245 133 52 167 121 67 195 203 238 87 226 57 117 191 150 247 73 192 227 209 60 188 69 66 30 229 100 164 171 212 36 130 123 219 89 224 58 79 49 217 43 236 146 190 125 91 134 32 78 92 141 175 138 112 208 200 170 214 82 
2 : 171 151 97 161 240 233 57 178 216 131 101 120 219 122 213 190 165 234 28 222 144 166 207 231 43 98 29 85 155 38 210 110 214 64 104 88 33 103 44 55 187 239 174 124 145 185 142 126 179 153 56 106 61 129 225 83 172 162 186 138 152 46 192 182 164 116 27 42 
3 : 131 105 32 125 220 108 151 66 103 154 50 68 142 233 33 222 122 205 79 38 44 112 89 111 78 221 150 74 238 92 147 224 93 61 200 97 140 244 56 59 232 187 197 231 127 77 168 80 115 134 165 75 202 249 41 223 217 54 35 170 178 81 169 62 49 234 47 34 126 206 107 236 63 201 94 48 96 155 198 191 135 129 82 183 204 86 177 139 182 192 148 240 219 215 239 164 95 70 166 123 186 102 175 55 60 143 27 
4 : 68 122 139 124 201 28 33 167 214 151 188 145 44 54 39 36 161 141 133 183 32 56 202 50 52 48 230 86 192 233 160 190 204 156 59 248 234 174 83 136 166 94 143 119 127 65 90 57 171 187 105 228 219 177 179 104 142 64 238 245 42 212 63 221 120 80 123 144 81 88 244 31 46 128 99 203 66 246 130 109 45 169 51 200 126 30 129 61 224 235 43 77 113 114 157 137 
5 : 88 46 104 159 175 220 225 158 87 121 156 152 217 37 33 53 206 26 237 72 131 65 149 107 119 184 105 202 25 124 165 30 128 48 43 80 214 234 49 207 94 79 
6 : 142 66 215 91 181 109 26 228 99 184 221 204 62 60 180 183 43 40 248 131 174 83 78 77 234 49 189 135 231 170 104 140 206 201 167 113 157 52 89 219 94 90 97 165 103 164 118 198 193 73 61 214 207 54 141 152 123 84 46 138 122 177 67 85 156 192 229 173 119 33 
7 : 152 180 199 55 67 88 203 72 198 144 138 39 82 57 69 207 99 32 190 50 150 73 224 118 154 135 124 54 249 98 151 101 178 31 219 91 62 89 172 143 153 103 40 161 169 168 195 177 239 25 205 123 74 132 230 206 233 245 71 242 217 120 229 192 129 140 56 83 38 136 202 106 119 139 30 104 188 
8 : 67 48 143 139 197 230 193 155 76 208 46 190 129 27 62 228 203 249 168 238 241 184 134 57 29 200 49 144 99 135 71 83 133 182 181 225 232 244 25 55 122 111 231 54 70 218 51 224 101 56 179 117 191 28 185 211 223 236 38 45 175 164 75 237 147 121 105 178 205 166 93 72 173 174 150 128 243 177 199 245 216 100 183 213 215 226 119 176 220 60 214 86 195 157 92 
9 : 173 130 128 142 84 231 189 101 227 200 248 177 38 196 66 165 82 113 156 118 197 50 64 55 125 170 232 111 211 105 198 222 240 117 235 172 159 238 136 194 124 122 152 137 242 175 179 72 157 195 141 112 71 43 78 185 91 217 26 90 187 162 249 
10 : 128 131 90 226 214 195 25 133 78 87 220 103 170 198 89 178 98 184 224 139 42 70 179 146 185 213 218 111 155 232 161 169 200 69 80 31 76 215 177 95 162 126 109 106 165 51 183 33 168 120 39 148 83 151 84 61 229 172 245 144 221 32 45 236 91 134 53 227 108 74 105 242 222 27 57 40 62 248 29 235 
11 : 149 131 144 238 219 198 45 206 49 161 99 130 181 202 118 157 48 160 146 191 186 109 74 164 195 100 148 245 152 63 82 86 104 119 117 246 158 236 107 78 139 151 143 145 193 225 141 138 196 167 32 239 103 171 172 33 112 182 101 150 116 199 208 177 155 91 120 26 229 170 166 108 230 60 175 224 105 81 70 37 249 243 247 73 185 209 
12 : 102 175 168 52 130 179 125 108 41 34 119 183 25 78 167 120 132 95 227 124 158 191 219 245 127 90 116 140 56 73 46 44 81 75 181 149 45 32 178 198 36 50 208 249 94 63 180 57 71 122 58 133 112 141 223 241 187 225 115 107 118 104 155 199 61 174 239 215 111 89 123 83 172 33 42 194 214 238 164 137 162 43 134 28 59 154 157 92 218 88 117 230 242 35 205 27 192 203 177 232 247 165 109 156 
13 : 209 244 45 147 156 59 65 81 52 82 107 210 229 63 108 164 64 96 46 89 204 175 140 192 217 80 29 58 202 48 214 183 28 112 188 133 42 25 
14 : 186 245 165 246 138 235 153 129 236 233 60 119 98 63 103 96 56 76 188 157 68 47 149 173 125 194 132 249 116 150 171 224 44 120 212 139 50 75 128 234 36 110 177 109 232 176 158 210 94 187 112 175 134 118 241 25 213 160 101 189 122 104 67 135 
15 : 214 244 119 32 72 237 55 166 114 156 210 127 131 233 157 128 220 61 145 120 199 42 178 136 182 65 58 160 82 181 151 126 98 124 102 146 204 88 113 111 191 212 195 217 225 90 189 73 205 202 207 57 86 35 
16 : 243 229 164 60 55 68 220 231 70 136 104 157 193 207 228 81 167 237 44 74 86 127 131 106 239 125 62 186 151 77 196 53 61 76 199 173 102 177 172 75 73 82 134 42 64 80 139 249 232 
17 : 201 62 199 189 127 93 174 187 108 218 156 31 152 155 83 40 213 140 94 230 234 134 198 114 242 99 238 69 210 121 211 177 68 82 72 101 36 188 235 162 56 41 180 97 122 37 181 144 86 208 232 195 223 229 74 39 158 143 147 145 207 206 165 161 88 133 
18 : 223 108 38 231 217 39 208 185 149 26 44 238 74 221 156 107 63 228 241 154 165 42 76 115 172 65 205 173 83 247 73 36 199 71 200 249 178 144 229 190 225 94 32 79 155 212 101 226 232 147 209 61 60 34 187 132 151 179 
19 : 200 187 193 176 36 115 130 56 122 233 49 104 101 212 83 224 240 231 52 155 166 179 207 161 105 71 120 79 38 99 222 84 245 228 113 177 238 123 234 140 116 230 108 164 75 74 117 89 191 57 201 34 94 154 53 124 128 180 125 181 223 126 65 92 67 77 239 27 194 227 215 185 135 
20 : 235 120 36 91 185 31 52 119 150 92 139 66 107 114 94 106 163 187 111 41 85 64 86 241 226 60 83 37 48 237 158 30 108 167 38 99 231 57 49 145 
21 : 40 91 47 156 216 205 60 232 230 75 169 56 25 119 149 79 207 239 62 145 154 176 164 134 71 116 224 94 124 181 217 241 155 55 182 196 186 152 36 133 225 143 166 57 58 206 63 212 150 95 96 52 226 83 59 106 127 244 84 26 72 64 175 129 32 123 118 184 153 35 165 74 125 178 200 148 157 208 
22 : 114 182 241 64 110 143 204 76 61 63 122 75 66 208 130 206 176 68 69 57 126 149 230 125 211 159 229 212 128 207 120 171 221 153 172 146 178 124 214 223 177 150 44 194 123 191 228 74 41 225 32 224 113 26 129 106 152 180 144 71 39 48 203 72 
23 : 107 191 45 101 183 212 165 122 232 216 60 47 27 248 220 84 209 157 234 98 145 213 153 164 228 37 59 137 130 156 207 103 94 128 38 136 243 219 242 206 35 149 99 169 80 92 111 205 249 241 246 170 97 68 26 63 73 211 114 175 75 198 178 129 69 95 182 166 181 195 201 194 70 56 204 78 30 179 237 104 36 52 48 192 110 32 147 235 226 71 105 96 141 
24 : 168 91 194 87 231 136 228 73 127 152 213 57 116 238 142 104 239 107 156 214 181 86 193 33 59 44 39 220 108 
25 : 244 182 201 127 53 134 198 92 247 144 72 150 46 133 27 210 178 59 177 89 204 26 32 199 162 36 158 34 104 105 157 139 174 68 103 33 227 40 225 74 211 88 39 47 154 223 131 236 212 232 235 43 241 25 143 209 113 45 98 176 226 41 84 229 120 90 117 148 48 87 217 118 202 190 70 166 213 62 216 167 156 61 66 97 192 
26 : 138 37 217 92 34 247 232 124 166 112 87 241 231 52 78 131 122 216 77 204 41 90 117 174 227 249 27 171 72 128 89 211 139 178 51 111 45 188 108 205 132 99 118 88 80 215 98 127 144 123 168 182 194 225 239 120 158 150 69 222 62 
27 : 211 180 165 224 207 126 193 159 118 77 116 198 104 96 111 183 230 167 145 56 27 102 178 47 41 105 63 35 88 245 80 79 148 147 91 93 55 42 212 36 203 144 217 170 235 72 196 202 176 64 146 249 106 229 87 143 43 90 128 134 99 119 54 227 175 53 222 101 192 233 58 158 48 218 38 100 103 238 141 149 182 57 228 120 172 190 248 164 200 155 73 67 83 231 186 60 28 163 115 154 213 46 113 26 208 240 
28 : 180 92 137 97 81 54 179 84 220 102 47 193 168 28 198 148 206 189 190 246 88 186 202 165 238 119 159 235 98 219 221 212 89 151 211 156 171 208 177 35 181 116 101 129 240 144 52 100 203 27 44 83 227 124 120 130 134 69 236 139 135 37 223 43 115 244 194 191 210 59 243 217 72 224 75 225 36 192 169 56 140 63 166 34 174 233 176 91 155 55 66 122 32 117 25 99 152 42 214 110 68 53 71 51 167 142 197 87 70 128 
29 : 245 165 169 247 84 166 81 217 233 65 205 178 113 72 58 186 27 248 195 57 66 183 94 85 92 37 246 124 153 97 145 237 202 138 108 194 47 41 88 143 170 31 64 36 98 139 191 206 160 242 239 69 32 100 119 223 167 215 140 50 176 79 
30 : 208 193 173 101 186 65 90 198 32 75 143 164 33 135 205 178 49 206 40 128 130 233 230 100 158 195 151 204 26 215 236 85 170 118 140 169 34 91 224 149 89 216 182 131 57 96 56 196 87 
31 : 117 59 27 80 29 217 101 110 134 169 75 249 181 194 207 241 180 74 233 55 60 147 62 190 183 106 107 109 72 196 123 91 56 135 69 232 25 215 65 98 143 163 112 192 30 202 130 206 95 88 161 93 77 36 28 58 145 216 40 127 113 188 48 84 203 
32 : 159 129 186 126 147 50 69 121 61 25 94 86 143 185 148 34 150 44 57 200 95 26 117 180 106 194 98 114 183 171 223 120 103 154 166 219 158 156 131 181 87 167 182 59 41 110 193 217 55 201 163 165 242 47 157 145 29 91 101 226 212 33 152 46 27 113 123 73 53 124 188 234 144 187 52 37 78 216 160 96 173 170 71 68 164 66 43 81 199 213 82 153 189 222 174 100 175 141 237 63 70 93 240 128 60 
33 : 38 231 103 116 86 157 155 121 46 25 197 88 200 138 42 191 181 44 41 205 59 31 182 132 34 130 129 178 213 119 55 26 64 135 72 73 184 147 110 109 221 
34 : 171 154 122 159 160 245 196 118 102 41 110 37 144 47 146 34 234 46 197 91 246 213 29 174 92 125 
35 : 66 192 213 62 146 30 196 76 113 245 157 180 29 186 168 155 228 34 99 40 163 151 52 111 49 63 123 227 110 154 246 174 211 232 61 51 80 170 200 85 26 112 189 77 194 81 187 78 116 47 190 93 25 92 130 45 231 79 88 162 48 105 238 46 143 147 235 125 153 156 185 31 83 32 171 35 129 236 195 142 137 44 172 229 203 100 145 27 138 68 90 108 149 70 53 59 69 58 237 41 161 
36 : 175 243 41 241 57 32 109 98 132 116 50 134 162 156 222 92 120 58 177 237 60 198 146 90 183 247 89 127 122 110 65 206 130 79 179 236 56 185 233 189 78 88 135 197 201 128 125 30 43 74 161 249 195 46 101 118 194 215 157 136 178 245 154 
37 : 26 31 196 248 123 58 69 109 217 179 207 82 239 226 108 180 242 200 95 163 148 120 130 43 61 111 139 221 178 235 59 227 182 164 197 80 234 154 237 225 124 45 40 114 99 60 105 94 90 150 34 135 38 46 146 198 172 173 54 42 25 
38 : 103 104 138 34 111 101 124 209 129 179 210 57 205 180 164 156 189 228 40 204 140 118 136 190 79 238 141 122 199 120 244 171 215 143 203 181 26 54 174 194 92 200 166 126 134 198 112 85 114 161 159 148 45 53 46 50 241 81 80 214 229 142 145 86 183 231 235 72 63 130 188 35 
39 : 140 55 74 186 126 113 145 152 203 170 115 29 47 33 207 123 49 215 221 249 198 173 158 161 185 209 96 213 191 226 86 45 97 27 124 229 222 150 136 134 220 225 168 42 62 138 174 107 37 195 142 127 223 56 64 30 224 65 77 244 91 94 
40 : 167 199 217 181 196 46 230 206 129 180 116 118 166 139 98 157 86 189 204 194 240 110 205 171 159 231 133 223 165 169 249 33 34 201 48 73 50 108 64 68 120 103 
41 : 67 147 208 200 138 122 216 169 144 207 202 29 146 104 61 106 156 129 46 233 246 222 235 195 94 249 70 73 214 204 247 117 184 111 194 234 132 36 173 176 239 66 188 51 185 223 242 80 142 143 30 27 113 229 126 33 71 209 98 105 203 120 110 125 151 238 248 43 58 158 218 198 212 191 49 92 50 103 63 42 62 179 78 40 99 135 130 
42 : 67 166 233 61 179 140 53 29 206 155 76 173 27 163 57 208 165 171 230 66 48 195 238 98 107 106 159 217 
43 : 48 176 134 83 110 81 46 228 247 54 43 34 130 148 199 197 140 84 137 131 38 161 59 249 238 207 150 136 73 58 175 248 215 178 187 171 
44 : 156 70 96 224 155 36 246 239 240 62 119 31 132 84 101 111 123 115 61 46 243 113 87 164 29 174 143 108 184 215 59 206 153 236 135 218 160 231 27 147 134 89 109 56 235 182 163 186 203 152 237 166 223 180 97 229 88 137 94 63 247 165 37 105 188 116 122 76 57 142 230 161 103 42 67 77 141 30 114 100 66 217 221 198 148 71 249 245 121 47 107 157 
45 : 125 58 230 46 71 172 237 177 25 39 43 180 69 146 200 163 65 60 197 193 195 82 173 240 68 54 33 
46 : 151 214 141 126 171 174 56 38 80 189 161 84 86 242 100 166 32 66 127 103 228 196 121 177 69 155 120 206 139 183 29 172 148 149 79 36 45 132 34 142 131 146 197 28 240 226 229 83 76 65 236 213 31 223 182 188 116 233 77 248 179 27 119 231 62 162 216 246 215 217 96 51 95 234 91 82 87 94 
47 : 96 147 227 169 224 71 144 189 118 158 168 97 200 242 129 175 193 211 34 223 188 83 37 154 139 171 152 44 61 155 95 143 149 81 41 225 164 32 228 128 111 247 94 110 151 74 101 181 36 57 84 220 115 65 130 127 39 86 31 241 82 134 72 49 25 80 43 174 27 177 133 59 229 45 246 245 50 190 249 33 219 116 
48 : 117 228 143 236 190 172 96 238 120 158 207 216 109 157 211 104 103 175 214 142 114 187 215 144 56 213 224 185 119 146 242 235 195 194 45 81 197 40 41 28 201 128 241 222 227 36 57 180 29 52 82 193 171 116 46 161 177 132 31 72 118 167 74 166 112 160 35 204 127 130 85 129 247 97 154 174 48 131 192 99 181 126 188 135 
49 : 176 161 87 204 129 239 156 200 107 91 150 97 235 121 82 26 146 184 163 52 74 222 117 237 167 105 67 98 39 152 36 177 197 153 173 133 109 
50 : 97 53 43 152 248 117 193 232 171 150 42 113 236 51 89 223 47 118 46 115 181 125 68 180 56 200 120 136 107 39 122 105 217 38 49 110 189 204 142 194 220 231 240 188 36 79 177 213 111 159 226 195 230 70 239 102 54 80 95 208 65 128 41 109 116 72 59 57 229 87 154 114 215 155 88 149 143 62 187 108 242 83 58 162 158 130 196 161 238 67 247 210 175 26 197 37 183 141 134 153 33 132 119 163 92 94 184 73 35 
51 : 235 124 234 67 145 221 233 64 66 118 187 119 54 65 57 204 117 195 146 53 151 126 34 48 123 
52 : 238 84 158 245 102 46 190 83 213 115 68 37 212 151 243 249 148 77 146 86 63 194 216 164 120 108 26 103 185 198 129 133 125 219 233 152 130 80 138 155 28 56 221 171 79 50 237 175 112 72 105 172 227 44 142 224 247 226 204 67 117 196 214 211 32 161 118 121 217 45 94 135 91 51 75 159 240 40 25 87 147 104 127 42 215 140 
53 : 243 114 134 26 91 61 151 118 138 161 208 227 244 155 204 154 173 54 122 49 129 130 41 220 104 150 86 75 60 83 99 88 140 45 71 40 176 67 36 128 189 236 38 68 115 164 170 206 241 218 146 30 106 212 120 58 123 69 239 136 190 43 230 109 201 80 101 90 245 213 119 73 63 29 209 98 228 
54 : 55 147 244 118 211 119 208 100 157 148 248 191 185 67 178 59 142 162 139 179 128 46 196 87 82 144 49 102 30 29 61 188 125 163 75 200 83 228 57 229 150 215 122 193 98 214 241 39 218 238 245 84 180 166 108 93 192 165 161 127 173 152 32 151 155 
55 : 29 109 116 134 169 225 200 236 72 174 237 87 47 101 126 73 90 139 176 125 212 34 244 190 140 208 147 61 148 178 187 
56 : 244 226 243 109 237 134 98 143 49 79 80 64 34 180 62 33 36 177 114 168 217 228 78 50 124 138 218 231 103 163 131 186 53 144 142 128 140 118 113 225 152 167 191 161 133 71 26 31 151 37 46 206 41 126 179 199 239 68 178 219 135 210 214 106 77 57 153 137 220 204 166 43 185 73 154 238 233 129 224 150 240 241 196 170 30 96 120 44 29 207 
57 : 152 243 144 214 106 92 34 58 135 188 203 178 196 227 164 44 79 80 50 193 27 242 162 141 105 107 192 62 177 31 130 60 94 245 48 167 51 95 102 170 38 174 68 217 39 153 230 146 47 111 247 160 120 26 154 200 66 32 
58 : 227 78 218 40 149 135 248 126 66 198 96 45 205 213 180 94 112 48 120 51 246 139 109 190 214 194 249 128 146 127 35 38 97 37 186 62 117 119 103 49 235 72 115 164 152 132 44 110 144 129 42 92 206 80 181 70 151 71 30 183 204 76 125 41 134 50 84 87 59 195 73 85 242 74 88 158 36 113 174 216 192 209 228 28 91 226 157 81 153 178 65 141 123 211 237 90 232 140 145 105 143 234 63 196 210 
59 : 221 246 223 210 193 137 126 166 106 189 65 219 75 55 222 40 208 140 87 228 225 142 149 164 217 89 26 86 185 216 99 77 153 135 180 69 54 139 202 113 152 143 220 47 53 132 170 29 60 83 28 241 82 197 42 107 61 243 
60 : 229 85 135 151 25 144 188 47 131 97 240 36 60 54 194 41 75 140 161 172 218 230 160 244 32 96 219 136 31 202 234 147 182 235 80 91 48 78 179 34 165 92 95 58 206 216 119 42 125 113 214 134 99 53 73 117 231 109 198 40 82 83 170 46 186 35 129 150 185 208 146 106 118 196 177 103 63 220 180 110 77 67 159 201 94 200 153 81 246 141 105 124 233 181 26 89 121 33 84 207 50 43 226 72 209 195 59 
61 : 175 151 43 56 238 207 157 67 222 136 179 128 167 25 168 219 183 177 153 90 172 161 248 218 235 119 223 46 191 166 240 27 217 210 202 135 129 92 230 64 98 130 182 159 127 225 36 212 118 132 239 117 77 142 152 164 78 31 
62 : 149 85 212 243 240 213 123 145 110 161 192 106 84 225 125 70 183 48 182 89 236 41 43 120 79 152 229 29 223 218 238 156 39 221 171 162 190 139 99 216 137 101 227 88 103 204 170 244 148 177 242 25 173 141 100 131 249 30 71 207 197 158 86 235 230 211 76 104 45 113 111 128 191 50 232 233 185 78 151 200 68 97 206 165 117 150 60 108 58 51 194 186 160 35 91 168 164 124 219 130 138 
63 : 111 178 157 118 132 107 138 28 207 166 195 144 134 66 214 99 116 120 246 212 228 64 45 44 101 54 245 160 219 189 225 233 147 231 198 108 142 241 184 85 49 73 249 181 156 180 55 202 203 72 155 58 232 80 238 93 152 129 29 77 37 177 31 230 40 67 133 84 216 239 76 27 208 149 234 159 200 43 30 34 191 106 74 164 51 61 173 130 163 170 223 179 126 83 46 50 26 151 89 125 211 205 87 70 226 143 
64 : 105 44 204 135 230 115 209 220 104 71 244 235 142 102 58 90 173 56 178 119 168 138 86 206 37 198 106 26 39 143 183 43 219 40 165 197 85 216 217 117 72 144 130 61 65 203 191 199 141 184 127 80 152 
65 : 141 129 49 130 154 120 55 123 92 168 248 119 82 207 242 60 52 167 101 144 143 152 125 136 145 146 83 111 80 164 173 128 135 211 96 104 209 179 156 166 79 57 56 89 237 27 54 48 100 50 103 190 229 222 59 200 151 138 160 114 107 178 177 142 137 158 234 122 42 71 30 37 116 212 192 115 202 85 
66 : 132 73 158 120 151 37 123 180 186 128 198 153 139 119 214 209 221 147 96 126 34 195 182 113 26 
67 : 46 161 79 97 31 77 28 171 65 169 48 105 186 146 235 61 92 230 70 133 212 124 135 194 45 210 174 113 51 109 213 55 190 182 68 64 85 125 181 116 151 163 120 130 160 219 229 106 34 150 42 155 167 196 234 132 
68 : 74 187 151 65 62 58 185 137 53 203 101 45 32 81 57 52 231 98 34 87 60 92 241 188 47 111 165 
69 : 173 66 152 228 147 81 208 188 194 166 209 72 51 210 61 234 168 249 69 124 90 109 146 243 175 190 182 242 215 229 167 171 96 163 86 172 35 92 30 179 148 225 241 53 41 70 133 104 52 97 94 128 112 233 178 88 219 221 127 205 200 43 158 83 99 151 107 218 191 56 29 245 197 116 136 170 27 26 117 131 39 87 33 232 67 162 201 115 132 159 220 212 123 37 
70 : 122 42 38 64 107 180 182 27 201 91 81 166 170 145 67 126 184 204 135 188 206 156 123 185 102 61 125 
71 : 216 210 35 244 173 62 231 58 39 69 160 220 178 137 56 193 186 168 242 94 201 99 240 241 188 232 118 74 119 184 153 123 217 106 221 132 46 92 101 121 223 65 164 155 60 141 73 30 165 55 239 152 197 114 144 32 57 200 182 44 199 117 88 102 219 134 98 214 209 229 146 48 107 127 76 126 161 51 136 227 53 228 87 245 148 143 54 156 140 142 25 212 183 122 124 133 163 29 180 
72 : 167 89 70 64 29 249 183 62 56 197 233 185 49 247 76 147 230 135 54 200 44 217 235 82 95 68 61 112 181 111 103 154 107 88 171 132 178 189 221 121 106 159 104 38 155 73 36 
73 : 170 188 227 98 213 63 56 160 185 191 132 153 44 49 100 205 226 244 75 58 91 209 194 248 61 62 97 41 148 193 119 104 138 184 212 190 236 146 52 142 96 237 140 42 74 232 198 122 45 39 89 204 86 124 66 30 216 55 43 159 60 123 110 90 233 31 196 70 189 234 83 169 
74 : 80 75 186 221 150 170 232 198 110 209 237 107 229 167 29 51 35 147 65 100 172 204 60 182 177 222 69 125 93 118 212 244 49 62 191 96 114 200 242 72 26 117 139 205 196 128 146 55 243 145 239 187 248 94 188 202 227 134 54 189 103 159 99 89 225 59 203 201 174 56 192 219 46 228 168 81 36 31 234 184 223 226 104 76 241 47 140 87 163 157 185 
75 : 247 130 116 156 186 161 76 198 163 65 229 135 146 98 212 56 54 205 124 142 77 141 187 231 230 248 194 173 177 162 196 178 37 102 164 145 174 59 190 226 200 233 117 61 122 157 36 147 149 126 192 53 62 45 29 201 97 245 171 184 27 151 93 101 148 165 217 154 79 137 182 106 227 
76 : 212 28 187 130 235 51 100 115 76 124 245 169 168 134 44 78 242 138 184 77 35 199 167 206 91 62 150 185 200 74 207 72 165 110 69 216 188 172 126 52 26 248 111 166 154 119 238 39 223 232 70 58 122 64 97 30 243 31 201 86 147 41 54 231 71 105 225 127 73 114 94 160 117 226 159 224 135 189 182 
77 : 203 206 170 132 226 127 75 88 246 233 209 222 178 136 114 25 174 156 216 36 63 66 103 68 200 175 160 83 77 193 
78 : 216 141 231 45 117 246 148 139 120 172 206 187 106 62 183 136 179 57 51 86 80 224 91 89 104 205 168 161 125 48 26 28 215 211 50 149 235 155 52 186 146 39 170 119 55 92 97 142 42 103 157 128 195 63 116 
79 : 245 227 195 127 194 244 158 204 183 216 222 146 69 147 94 168 70 210 126 102 104 67 65 61 149 78 109 241 90 83 103 131 77 196 165 28 207 120 91 50 86 162 128 164 218 186 184 145 95 180 125 224 59 116 143 239 122 57 151 60 138 101 121 176 97 140 235 175 45 135 166 72 99 182 205 154 105 153 221 134 248 75 76 113 73 38 212 88 39 174 170 188 46 64 152 139 201 228 49 169 220 178 
80 : 131 84 235 194 227 65 137 119 221 143 90 230 205 155 149 187 100 62 217 63 216 61 214 190 163 117 134 46 175 77 153 60 83 64 226 59 186 79 185 160 136 206 
81 : 184 218 61 222 156 167 153 103 229 123 79 146 55 132 140 72 87 209 202 174 152 88 82 181 47 109 238 65 179 117 182 227 96 131 163 186 147 225 62 75 204 234 63 54 76 30 99 34 67 165 176 206 39 195 80 198 41 81 60 128 158 26 90 241 129 106 77 125 237 232 57 217 53 35 27 201 51 97 203 33 124 104 121 95 29 243 71 112 154 133 155 
82 : 182 125 194 110 231 70 130 153 44 35 211 228 49 85 36 157 172 115 210 213 53 230 48 159 28 32 80 181 225 160 100 129 79 164 154 149 29 117 205 165 94 222 123 84 90 46 54 221 74 197 81 158 88 30 68 147 234 188 240 248 224 119 91 86 66 184 220 163 190 57 122 56 209 87 171 26 192 207 51 177 145 42 237 167 241 212 139 72 202 107 62 103 150 78 136 105 223 25 142 47 99 
83 : 190 188 42 50 199 84 78 109 36 213 103 179 163 184 55 217 59 53 121 125 89 203 235 101 108 242 154 136 39 82 233 169 200 76 77 102 116 149 238 174 111 87 120 209 119 244 180 224 160 138 81 173 123 164 33 97 48 206 218 249 153 49 113 31 228 86 93 
84 : 75 179 193 203 106 115 139 31 184 116 234 56 188 230 89 246 93 99 149 201 220 176 81 46 200 231 83 57 202 65 190 233 210 205 82 125 163 155 166 77 130 186 181 112 27 170 118 96 195 101 97 111 187 36 138 40 132 191 239 219 174 98 48 216 222 45 72 117 237 54 123 32 124 229 104 144 223 242 136 167 147 61 107 26 39 94 198 171 241 34 127 28 70 206 62 148 74 76 73 126 218 35 160 80 215 
85 : 222 37 116 209 233 29 141 248 117 149 184 236 188 57 42 95 123 106 101 52 80 245 208 62 33 181 41 59 129 165 103 133 177 99 213 89 139 130 166 204 244 39 175 234 45 92 143 55 47 79 160 200 113 126 211 30 100 83 210 75 158 104 112 67 144 196 189 26 159 194 238 128 231 225 
86 : 178 49 99 210 235 230 75 85 140 245 159 115 31 108 185 62 67 214 107 105 42 242 127 217 236 183 38 182 206 248 189 202 162 111 40 116 94 
87 : 241 211 41 132 212 196 36 112 130 192 205 57 229 210 125 27 206 185 226 34 31 213 104 240 76 195 54 108 182 129 128 25 47 87 44 183 29 203 198 231 163 152 149 218 200 228 179 85 
88 : 83 100 187 149 220 78 143 59 63 47 77 130 200 125 131 58 61 29 179 198 233 128 44 227 70 206 39 104 194 174 33 147 165 229 145 26 92 94 87 231 141 175 134 85 90 247 146 108 202 50 86 129 178 184 225 97 188 237 124 246 54 81 140 248 95 73 138 111 123 28 203 68 234 159 162 236 52 109 
89 : 105 225 134 64 132 240 72 71 202 89 77 104 212 166 237 100 96 83 106 235 157 99 124 130 69 190 33 118 78 38 135 60 163 223 113 183 213 168 111 200 81 35 66 93 84 48 242 98 42 131 85 216 229 120 52 43 74 114 152 179 173 185 199 178 196 63 182 224 140 195 128 32 156 53 102 167 230 108 117 51 154 116 65 217 220 238 211 87 164 88 55 80 219 56 123 205 36 112 236 
90 : 248 55 234 138 238 249 26 72 188 216 207 246 119 172 134 90 87 240 153 132 174 144 38 123 68 139 193 46 149 59 117 103 98 95 201 189 106 128 100 34 25 245 213 92 162 232 135 231 210 86 130 203 110 166 211 76 109 56 41 71 99 194 66 218 61 230 124 51 75 164 48 107 141 247 105 195 89 78 222 227 221 177 200 152 192 28 185 84 233 214 
91 : 111 113 148 133 143 154 215 226 31 176 188 34 78 57 144 126 194 40 28 132 213 191 108 79 243 197 235 141 104 247 77 172 67 177 207 52 85 187 158 105 233 103 196 214 95 51 48 118 25 190 43 182 241 127 88 195 228 248 230 39 109 123 246 189 136 210 227 162 179 54 185 27 249 167 32 92 200 156 170 33 47 35 96 44 137 181 75 234 38 130 120 164 128 140 83 82 100 53 87 203 236 80 218 68 
92 : 30 120 79 209 37 46 138 237 75 143 151 216 101 110 185 142 154 119 124 76 191 41 56 203 234 84 248 211 176 132 106 247 32 39 159 74 96 112 189 87 173 97 231 129 72 145 164 243 152 77 201 98 202 117 157 233 167 180 238 229 48 175 168 83 186 47 63 67 204 174 206 130 92 227 81 199 53 65 160 249 155 194 114 187 244 228 232 33 140 73 36 198 210 
93 : 173 131 157 103 44 117 113 163 197 179 42 220 115 169 208 98 223 119 193 52 55 25 78 97 27 47 90 152 236 172 146 48 122 36 171 41 232 125 112 30 212 166 217 242 141 76 238 35 174 58 67 53 192 120 68 214 230 156 246 95 181 144 153 86 93 105 39 91 64 72 
94 : 172 31 108 132 196 185 165 112 230 113 98 224 244 156 240 140 128 63 30 203 33 109 123 187 38 39 195 193 178 205 222 119 58 88 233 122 210 70 186 184 34 73 134 56 200 243 158 227 43 133 54 180 67 92 104 107 197 179 155 148 78 29 235 66 28 214 211 246 231 50 37 
95 : 183 99 193 208 59 53 235 128 55 98 39 73 211 45 87 52 157 233 222 113 88 234 29 180 169 34 117 33 219 240 228 85 54 121 198 92 216 91 206 62 161 245 93 50 97 138 154 112 103 130 155 125 204 168 46 209 189 67 63 200 133 43 142 111 101 90 47 225 212 199 83 31 196 115 74 27 153 107 
96 : 62 203 231 75 46 242 177 53 122 92 243 83 112 218 140 82 74 164 196 226 73 71 47 32 214 224 247 111 76 193 142 37 162 185 109 44 225 188 77 61 130 144 147 208 167 131 68 158 64 245 30 153 165 125 249 57 221 154 35 228 187 234 206 191 99 220 156 69 152 173 236 198 91 202 103 115 105 239 145 182 51 197 67 90 120 
97 : 60 37 69 63 242 28 243 47 68 120 35 228 123 98 202 117 86 73 122 189 178 239 194 156 164 83 197 41 180 88 115 108 111 119 80 27 127 30 89 142 221 175 32 128 158 247 165 61 200 210 217 167 143 144 97 192 207 152 36 56 237 153 118 116 186 
98 : 113 182 54 104 174 129 212 234 233 76 162 151 136 178 144 231 119 230 56 192 122 202 101 111 214 26 169 
99 : 105 65 236 138 206 135 80 98 41 168 58 51 32 224 71 28 244 35 184 177 228 216 217 39 70 119 97 227 212 36 194 207 185 78 162 226 186 182 125 112 196 155 34 163 149 27 120 246 229 142 220 110 193 223 43 210 25 134 66 159 81 233 50 99 31 67 126 170 139 245 211 209 131 121 72 37 79 47 148 171 
100 : 132 158 241 143 220 213 153 118 124 84 235 219 157 202 205 243 128 237 149 145 169 45 154 31 197 74 116 38 167 36 136 98 105 165 194 221 216 218 90 26 168 94 52 247 222 129 61 246 86 166 41 127 160 232 230 147 
101 : 137 244 200 247 179 87 78 233 30 25 166 217 86 146 143 105 147 157 56 47 215 66 131 40 43 194 246 249 125 208 207 26 203 121 82 231 193 185 145 84 195 75 49 224 219 123 239 80 48 61 130 69 158 197 202 142 104 71 161 65 245 89 191 148 116 134 177 229 97 58 187 133 204 60 163 240 138 176 188 51 122 96 98 28 139 182 
102 : 224 208 240 57 39 127 230 132 233 135 32 67 169 238 166 123 61 173 213 137 189 202 237 88 117 144 195 231 85 150 246 139 146 71 40 29 211 78 222 152 149 
103 : 52 201 170 124 136 224 133 119 123 43 140 102 142 56 139 241 163 239 171 80 185 115 37 180 183 131 79 166 78 203 213 132 104 156 129 191 71 143 187 184 65 228 158 40 159 248 154 219 193 173 175 53 84 210 168 
104 : 166 237 85 155 75 37 113 62 91 175 193 167 201 152 234 144 183 239 223 134 35 126 244 77 83 
105 : 222 30 186 156 123 95 235 242 149 163 142 132 218 43 29 173 79 166 56 74 50 40 230 167 37 93 125 203 181 114 247 126 211 119 135 212 249 217 245 42 77 69 110 170 105 220 48 223 243 
106 : 249 173 48 123 83 139 26 208 75 32 141 77 68 93 201 204 39 49 188 228 76 103 96 168 97 138 155 245 165 159 232 51 143 110 215 185 246 74 
107 : 209 133 34 222 97 130 87 205 248 185 210 53 33 215 57 170 75 72 157 224 247 181 228 98 114 55 134 77 193 56 70 27 243 207 245 184 168 115 101 39 151 140 92 37 192 152 249 44 199 200 139 242 88 89 54 30 217 67 28 238 82 176 196 230 239 86 206 223 64 149 190 234 155 66 182 138 110 
108 : 224 234 28 66 145 114 34 49 200 64 204 55 244 125 26 74 179 126 65 137 56 213 188 149 102 151 72 40 237 220 105 115 116 127 52 167 249 168 123 78 83 
109 : 47 29 167 79 88 140 46 182 217 195 189 72 44 55 166 86 191 175 246 228 61 101 114 170 219 91 70 221 
110 : 238 245 246 58 144 116 211 244 187 241 213 158 226 114 243 220 159 109 84 96 46 200 193 204 173 224 49 110 162 222 47 166 118 199 90 35 107 98 55 112 44 120 218 41 135 242 71 148 27 143 215 197 179 62 182 180 149 86 100 105 119 50 235 63 75 191 152 150 170 
111 : 232 97 238 89 165 132 247 221 214 46 209 101 92 114 65 237 166 47 43 182 87 194 173 107 67 168 128 127 196 85 42 140 200 108 207 44 82 171 240 149 93 248 31 118 202 111 231 40 216 50 78 241 68 71 131 86 124 134 94 210 135 74 119 90 83 126 161 159 179 239 98 189 96 41 28 199 180 157 95 167 59 45 236 72 172 178 
112 : 102 220 127 119 207 63 52 85 144 147 97 43 72 25 68 31 249 216 224 104 109 90 238 26 229 185 42 223 208 150 123 160 100 79 101 39 211 141 111 174 91 247 212 133 153 200 117 214 80 30 198 234 37 73 44 237 202 41 78 77 58 215 28 45 49 226 82 121 70 113 179 88 134 245 149 53 143 33 40 94 158 241 86 87 75 228 176 242 114 203 171 172 67 146 103 236 110 50 
113 : 172 44 78 134 42 243 38 140 198 127 163 41 224 49 97 119 195 72 217 102 233 155 82 225 168 191 86 93 115 200 141 202 190 218 176 201 205 221 219 106 67 138 39 95 208 112 129 206 235 181 74 45 237 213 122 173 108 220 54 35 211 66 207 144 65 216 58 153 37 150 27 113 89 203 136 94 62 137 142 56 109 32 85 
114 : 66 48 246 197 136 111 239 189 65 144 36 101 194 223 68 191 99 227 178 214 166 141 60 44 113 171 242 116 125 81 196 185 118 188 
115 : 145 185 171 84 80 174 194 148 85 142 28 95 169 176 32 105 70 217 79 204 51 214 222 245 175 47 225 44 37 59 25 137 135 89 75 33 157 99 235 103 192 188 67 117 98 227 247 173 128 211 162 167 127 130 156 202 163 88 168 62 123 68 149 92 42 203 155 134 238 102 231 248 125 189 206 129 
116 : 106 87 183 82 191 89 139 121 212 111 176 155 247 29 215 28 138 37 27 194 32 135 152 117 131 161 93 218 143 226 178 86 125 159 34 243 116 58 49 216 249 244 94 199 150 164 175 35 59 145 160 196 187 198 130 184 201 221 83 113 242 206 148 63 119 123 112 46 171 154 74 39 42 48 166 52 66 233 98 68 101 186 69 99 128 43 146 213 180 70 211 133 193 124 30 92 127 88 
117 : 79 156 117 77 56 226 114 122 196 41 169 212 54 215 241 166 76 48 213 99 36 235 154 132 40 207 124 45 72 94 78 25 162 227 248 106 180 84 44 115 47 199 206 62 151 197 43 101 192 209 202 190 103 107 198 245 205 239 71 177 186 49 188 164 193 83 75 223 242 59 155 96 81 149 187 144 105 232 181 203 157 185 61 50 39 32 92 168 46 174 194 146 51 27 143 140 191 161 37 116 158 246 121 127 
118 : 45 86 123 33 143 165 67 55 56 134 217 227 117 196 147 186 83 133 107 182 189 149 214 215 142 195 92 178 248 139 146 122 157 112 167 75 36 116 
119 : 197 58 39 215 120 173 136 194 149 47 155 97 245 37 81 200 188 122 243 130 60 82 238 133 170 35 99 249 128 88 50 211 248 77 187 184 164 242 91 89 227 101 168 210 241 116 183 226 192 224 174 117 105 135 129 43 124 161 163 140 139 141 201 222 233 106 218 28 193 61 66 223 137 79 
120 : 241 105 159 156 235 126 137 233 52 175 68 153 48 108 162 101 195 63 135 182 211 134 232 125 32 84 47 165 243 99 219 186 71 95 58 115 163 110 161 207 138 112 164 216 111 133 167 30 152 
121 : 141 178 146 153 159 104 228 125 83 193 223 58 32 133 137 73 199 135 168 67 27 165 144 130 89 35 101 84 29 239 157 162 68 122 154 183 221 
122 : 188 200 130 90 238 84 227 42 85 249 125 57 93 66 164 187 70 134 232 184 74 37 155 207 58 201 214 80 127 122 34 154 63 229 181 197 219 191 222 231 54 117 55 209 98 221 137 204 161 194 44 185 131 106 203 138 51 126 32 69 113 245 27 47 244 230 173 101 165 147 226 30 199 136 248 215 225 88 236 198 145 107 174 40 114 75 67 97 169 239 29 45 64 228 216 91 159 210 182 168 143 152 175 213 73 
123 : 189 96 100 132 36 61 137 170 60 92 57 152 158 76 135 203 67 112 184 85 181 104 129 242 172 186 198 103 40 78 119 64 138 177 220 83 153 94 215 194 150 236 141 160 131 178 173 44 34 192 59 197 147 245 90 226 140 205 185 120 105 225 26 241 136 232 146 161 69 50 48 28 234 52 
124 : 138 164 221 178 228 242 131 218 167 196 125 68 150 93 188 172 170 142 108 58 231 169 159 210 206 82 28 225 132 116 213 67 163 66 157 54 40 101 181 104 233 165 100 56 46 111 223 109 247 60 38 219 57 248 127 154 88 106 199 214 183 71 51 179 239 226 146 103 245 
125 : 175 123 118 145 235 188 184 153 199 41 211 81 224 117 33 172 152 51 95 98 236 76 134 165 83 170 244 130 160 194 220 108 89 181 209 112 71 218 27 64 228 163 159 129 229 28 109 125 34 171 148 157 128 234 232 69 156 135 147 133 78 226 246 116 240 107 86 106 231 66 29 25 222 190 205 91 233 142 198 182 155 158 100 73 154 103 249 168 192 248 97 110 179 219 99 96 151 213 212 144 44 208 93 137 56 238 68 216 243 
126 : 224 145 203 82 136 157 162 107 228 76 85 54 180 88 52 97 150 132 211 50 199 151 48 134 33 182 104 234 167 131 74 72 96 105 75 139 87 109 229 212 64 208 31 92 117 231 172 209 194 59 77 164 166 128 34 125 241 71 47 155 217 55 165 152 140 189 129 174 186 63 68 
127 : 166 188 193 45 122 170 156 212 249 92 116 197 136 128 243 160 110 189 118 185 179 228 203 72 52 235 123 221 174 
128 : 232 87 138 171 127 224 41 113 53 91 233 190 141 147 90 32 235 223 234 77 120 76 214 153 30 249 46 215 208 88 129 26 36 
129 : 210 239 107 219 101 173 244 53 218 242 109 70 35 230 192 234 152 165 74 145 60 203 154 189 177 212 106 171 95 151 164 39 32 221 29 247 76 223 102 162 93 134 88 120 67 220 79 225 44 182 81 72 125 197 155 158 71 133 178 141 175 
130 : 66 38 129 28 27 118 211 162 64 248 240 87 111 244 193 147 83 148 35 233 142 55 94 81 144 198 29 210 25 92 238 85 184 101 109 246 32 91 161 122 230 40 158 200 217 58 242 166 159 36 125 216 47 75 112 156 72 149 196 247 127 174 195 132 54 227 77 171 203 45 74 167 180 93 113 107 123 237 176 105 199 226 43 224 53 153 120 235 49 225 222 164 37 
131 : 86 55 51 230 173 80 141 213 41 128 110 126 155 54 237 204 159 244 183 38 193 175 231 191 233 82 83 201 166 120 214 197 240 187 85 104 129 45 205 224 154 245 71 97 48 228 239 242 33 73 163 241 94 98 152 39 96 40 117 158 218 134 149 43 46 209 229 206 170 216 236 125 
132 : 128 183 180 101 220 191 114 159 105 124 222 225 130 221 218 46 200 160 107 140 134 31 139 29 205 109 209 36 244 84 50 77 59 188 163 53 136 219 27 126 169 80 43 125 210 28 83 97 148 32 166 75 193 168 
133 : 198 81 141 114 46 35 208 155 168 55 139 56 40 127 92 201 61 57 90 25 146 177 103 190 242 38 129 159 194 59 134 124 109 217 138 70 66 226 245 101 225 231 80 204 84 121 241 123 89 39 182 174 249 165 218 203 148 170 26 93 60 157 105 158 234 102 207 180 64 240 156 236 237 130 169 63 41 232 167 67 29 161 184 214 86 112 172 120 117 212 88 205 71 
134 : 64 230 162 74 220 244 105 81 70 41 102 205 140 170 109 40 97 155 187 137 115 202 104 58 47 188 208 179 55 184 27 76 149 87 165 199 34 114 119 151 59 145 152 69 26 146 159 116 156 122 125 92 31 221 86 108 128 210 193 123 233 73 148 141 194 143 190 127 68 222 238 211 43 245 62 52 237 231 91 66 249 196 133 200 112 100 37 163 154 46 44 
135 : 111 162 68 67 167 135 227 89 125 176 37 219 177 231 246 245 27 36 154 132 249 31 164 215 247 155 202 158 181 173 95 80 64 163 139 120 129 
136 : 54 186 240 161 179 162 100 152 175 135 189 176 226 241 122 149 39 121 36 129 30 113 247 59 64 183 109 229 242 58 147 80 79 160 243 57 197 34 239 199 156 180 117 46 194 222 33 83 104 150 193 48 137 148 227 63 60 170 230 78 86 37 55 159 125 238 76 106 192 249 234 134 172 47 95 70 132 66 72 73 53 
137 : 104 169 68 167 207 184 113 203 65 48 70 115 173 178 166 192 81 181 62 49 189 176 196 45 37 153 50 140 79 34 88 69 205 116 186 206 61 102 56 101 197 183 52 235 227 66 108 242 147 58 190 195 92 110 161 32 129 191 112 177 204 42 231 160 119 107 130 96 239 47 214 122 106 80 213 94 233 224 139 142 218 72 244 60 40 127 243 39 157 78 146 248 82 67 38 232 95 
138 : 104 184 165 131 69 133 200 210 138 232 39 249 26 168 100 41 167 116 157 83 37 147 56 227 173 
139 : 182 27 178 130 118 134 240 109 146 70 220 151 179 221 199 83 96 133 138 30 99 51 238 149 57 218 31 192 84 115 170 132 157 98 121 75 244 94 78 46 90 80 25 71 241 123 33 180 152 225 243 207 58 158 50 
140 : 106 181 151 33 80 123 212 205 76 126 246 189 175 66 247 187 201 229 42 34 53 31 88 48 75 51 222 38 211 144 45 163 132 64 36 115 104 159 191 118 110 37 149 219 174 119 162 107 210 227 74 65 
141 : 55 239 53 84 128 104 193 134 186 220 125 93 110 47 120 31 179 119 74 46 136 30 207 147 75 51 73 109 64 45 172 185 199 191 214 143 57 29 219 228 182 69 140 59 99 67 117 121 188 200 40 171 166 159 217 26 208 108 114 82 210 78 102 41 248 168 79 223 36 131 198 229 100 92 224 190 156 165 113 148 212 94 249 235 98 170 189 160 201 161 181 63 70 196 50 139 146 138 101 178 43 33 72 
142 : 93 101 159 37 226 244 174 112 97 59 241 173 200 184 39 126 197 106 117 40 232 223 211 54 66 29 146 247 77 148 132 55 186 169 71 221 145 130 52 224 74 179 109 149 185 213 138 208 189 127 123 180 122 219 158 218 115 105 129 170 165 222 152 125 234 85 134 69 60 83 119 205 137 167 196 142 178 73 220 164 84 217 48 51 231 193 28 116 201 53 99 70 183 
143 : 124 61 135 217 198 46 228 170 122 134 210 237 85 168 155 54 235 59 223 48 79 76 165 233 132 208 68 221 86 225 35 34 74 41 36 226 178 27 182 45 100 241 108 84 201 139 75 107 138 146 25 147 52 33 49 39 218 92 144 154 112 129 77 227 98 58 70 230 152 47 32 
144 : 190 201 234 94 97 156 109 70 193 194 51 114 57 82 54 110 238 136 172 200 115 86 63 243 137 169 124 129 186 138 79 25 195 33 184 134 192 162 247 60 87 191 101 198 146 46 177 90 139 187 117 104 179 34 133 52 237 160 158 69 220 144 47 78 181 232 206 227 203 211 85 88 37 31 35 141 205 118 150 49 189 209 236 159 230 121 28 55 42 165 119 93 99 89 96 229 242 152 148 125 196 71 64 215 178 214 102 173 
145 : 199 127 94 112 41 183 79 45 106 32 136 31 242 198 210 29 219 96 57 88 168 234 35 208 203 73 
146 : 34 169 188 94 202 228 165 229 175 76 156 75 162 219 174 159 237 206 192 57 198 193 29 181 81 55 157 227 149 213 184 79 160 123 152 45 117 132 131 163 217 197 210 91 177 71 166 226 120 151 147 106 28 172 49 59 27 234 48 204 182 136 26 144 104 158 224 112 221 63 89 186 33 179 31 69 216 58 189 36 103 101 62 153 51 111 53 54 201 78 96 191 99 93 154 171 183 232 173 
147 : 70 207 169 214 192 139 144 148 93 183 147 63 177 154 217 193 113 222 174 96 25 182 245 225 129 145 224 242 170 59 39 
148 : 184 58 76 47 129 239 212 187 181 188 244 151 40 131 160 243 205 217 208 219 101 237 163 37 90 145 67 80 173 167 175 103 194 51 185 178 106 73 143 242 198 246 142 66 149 192 174 241 199 228 235 113 30 155 60 227 233 236 220 52 232 203 34 83 240 
149 : 31 125 213 185 156 212 61 106 78 144 33 140 161 226 193 64 183 65 179 237 80 66 56 85 63 115 174 30 151 41 60 155 117 191 192 28 246 154 204 208 142 83 114 108 54 98 49 75 113 186 163 184 91 36 37 116 120 222 96 34 93 238 171 32 159 207 203 202 
150 : 231 32 235 39 122 25 156 159 226 52 112 88 62 80 58 190 241 109 84 113 34 162 176 169 31 221 149 243 233 247 178 47 117 171 48 220 86 
151 : 155 174 178 115 164 212 66 72 80 187 170 197 204 139 226 150 175 90 147 111 116 145 227 196 158 219 121 153 32 210 36 136 184 69 135 143 163 39 51 118 224 87 248 25 110 126 50 100 192 56 179 63 83 79 233 
152 : 156 66 219 211 139 113 140 155 111 103 167 142 105 55 216 88 210 175 160 125 246 217 61 67 77 104 121 32 242 70 166 92 118 164 91 194 28 154 109 214 129 234 186 170 173 78 190 64 169 195 196 45 126 117 62 58 135 203 233 218 128 57 134 29 137 150 93 152 37 157 224 187 162 201 191 106 151 243 35 249 65 146 198 34 235 158 132 90 200 108 80 185 197 209 100 97 63 
153 : 39 218 131 141 128 75 129 210 215 153 174 203 182 108 62 146 96 71 175 244 104 160 162 88 67 199 140 126 116 78 132 235 205 119 31 85 189 137 56 115 112 35 246 82 221 86 98 180 197 184 26 169 127 46 60 145 92 84 144 226 134 185 101 64 217 
154 : 109 180 246 138 113 152 43 91 226 73 224 181 155 161 166 124 62 168 97 96 128 198 131 115 203 243 133 148 103 64 241 130 244 28 120 171 65 68 110 196 99 76 41 197 234 199 54 83 202 141 116 190 117 36 34 238 170 174 164 232 111 189 56 218 61 201 169 173 230 176 44 135 74 93 79 107 204 31 167 240 151 242 142 
155 : 244 168 123 98 119 35 91 181 240 73 233 227 109 137 163 131 44 216 153 145 95 223 68 247 248 29 206 99 195 96 140 28 161 52 138 125 217 39 182 42 25 58 135 75 235 69 141 155 30 172 226 242 170 220 178 129 164 198 215 130 121 50 112 134 184 80 239 194 34 67 41 40 224 55 167 127 90 126 104 245 74 193 113 64 48 133 190 230 82 84 175 105 122 238 86 115 111 63 59 101 51 93 116 142 92 204 87 
156 : 212 108 134 57 248 221 79 155 49 71 243 173 113 104 41 157 161 184 123 92 142 234 43 75 70 110 101 114 153 133 192 98 100 240 172 121 195 244 93 180 56 34 228 152 178 30 74 126 42 193 210 204 67 95 223 36 52 85 87 26 199 236 245 81 122 97 232 249 76 163 106 46 187 143 38 217 209 160 77 82 225 
157 : 182 119 44 181 141 82 80 34 189 61 164 152 117 163 195 186 167 46 192 58 83 38 168 204 156 133 116 179 107 147 135 220 52 228 27 77 183 103 244 173 49 157 177 232 74 115 51 214 63 201 98 81 236 100 208 50 249 193 94 146 170 187 153 225 104 161 211 32 233 184 41 111 144 101 127 66 202 99 162 31 180 139 138 
158 : 195 126 210 181 178 237 232 198 103 118 96 247 130 213 25 182 192 164 97 218 148 55 48 29 185 59 204 205 131 231 78 201 132 79 152 169 219 188 68 58 92 70 187 229 124 80 104 107 184 172 116 81 196 168 43 136 46 41 112 60 212 216 236 83 137 197 84 135 85 206 211 158 147 144 31 173 28 117 108 88 56 50 87 230 141 228 111 193 176 63 179 221 154 186 203 86 146 101 90 35 75 30 244 
159 : 152 57 169 161 128 236 200 133 34 101 126 148 212 32 136 129 81 104 246 233 106 150 180 165 162 76 156 226 54 247 239 135 172 38 234 115 49 66 237 134 91 108 185 116 160 195 114 186 52 243 99 158 245 241 85 227 37 25 235 174 117 223 82 196 69 42 83 79 56 84 109 170 248 199 112 229 119 63 118 139 33 157 59 107 72 175 58 201 88 230 70 231 144 142 171 
160 : 182 146 115 233 31 163 188 136 217 172 32 74 102 25 123 231 112 66 211 223 227 88 181 159 149 67 214 45 81 195 103 59 174 153 57 205 207 208 176 84 54 114 143 151 46 69 209 160 234 226 157 237 193 173 108 27 
161 : 242 181 57 173 203 91 209 189 33 195 150 112 55 42 29 96 247 117 123 213 148 47 38 166 106 
162 : 211 60 181 74 141 190 89 133 173 154 70 210 150 166 51 232 229 244 197 202 243 144 162 117 214 171 178 93 33 196 47 121 164 123 186 100 81 134 174 76 132 48 223 65 52 225 113 213 235 185 56 194 137 75 85 212 128 104 158 103 84 152 147 79 205 203 247 193 192 69 40 221 215 35 145 200 116 227 101 220 160 246 228 55 126 97 195 27 99 26 163 136 38 32 151 127 72 87 94 44 63 
163 : 32 215 192 43 47 207 166 165 181 160 145 97 64 193 123 141 182 199 94 138 159 126 137 102 75 140 232 50 49 122 46 191 227 179 118 217 172 221 65 249 158 242 219 189 128 169 247 222 108 148 35 230 124 241 214 144 111 54 135 208 152 76 205 142 173 34 151 184 112 190 68 213 162 210 146 79 78 236 246 63 183 234 240 55 105 106 147 25 92 143 209 33 175 66 167 228 74 42 
164 : 37 133 76 187 30 238 57 213 193 169 72 105 163 40 246 236 204 217 91 64 242 39 224 203 234 60 177 248 239 117 95 149 135 215 227 110 171 164 175 59 191 82 77 132 52 138 131 154 47 88 58 34 139 173 136 161 33 206 205 157 127 174 75 115 159 212 184 63 181 36 71 107 67 128 68 61 46 94 129 48 108 89 232 98 126 120 112 
165 : 90 117 187 159 66 217 232 215 100 86 78 230 77 42 204 133 236 110 182 56 85 125 153 112 241 225 95 114 76 102 237 161 186 26 69 160 209 88 
166 : 107 163 221 193 83 25 66 54 207 152 148 222 187 214 46 174 196 125 27 50 95 130 147 195 72 84 37 82 212 93 161 145 40 115 218 99 91 213 238 171 104 31 139 26 141 67 232 98 81 224 116 198 108 103 230 137 70 133 79 102 170 41 168 55 124 110 177 142 97 165 181 68 209 215 38 182 203 201 77 43 
167 : 106 53 38 85 116 47 48 249 136 173 101 190 233 57 129 118 218 175 188 60 174 39 109 112 51 246 40 73 138 28 50 146 165 164 134 180 126 132 31 197 67 26 36 220 199 211 91 58 92 140 144 79 113 44 89 222 82 200 245 170 139 90 148 160 125 215 168 128 102 52 204 41 49 242 
168 : 157 104 115 72 37 51 232 103 167 153 29 192 125 144 218 112 127 96 55 179 178 110 123 185 219 234 183 106 66 79 205 94 31 61 77 158 132 246 159 201 239 121 58 97 73 33 215 92 81 243 142 244 171 134 190 170 146 227 206 139 129 
169 : 90 39 70 203 235 64 232 87 170 53 243 29 205 134 57 41 84 246 76 177 233 63 213 248 166 181 194 195 66 242 
170 : 140 212 172 206 217 157 181 234 37 194 26 80 65 100 218 110 78 48 173 145 131 149 107 135 147 86 52 211 199 228 180 159 146 85 204 74 215 27 133 67 177 163 42 63 91 114 95 230 224 46 153 238 79 124 246 152 90 101 59 167 102 108 179 118 210 105 142 202 45 50 170 222 244 196 165 126 
171 : 103 79 123 107 153 30 180 132 162 59 34 111 184 223 72 146 32 127 67 174 190 39 147 89 243 244 53 106 144 165 
172 : 35 233 164 206 121 204 154 224 201 101 90 231 110 219 59 187 149 66 171 57 32 183 40 27 61 157 235 
173 : 177 223 176 86 110 130 166 197 124 164 43 134 30 72 70 92 74 31 51 39 111 147 66 194 203 135 187 206 160 220 212 145 45 64 47 106 79 236 80 216 150 129 162 168 61 175 25 
174 : 159 107 177 66 62 73 206 174 217 163 47 133 48 96 113 57 88 135 218 91 230 148 213 162 231 95 27 149 171 97 46 158 151 234 167 111 129 143 225 140 30 161 198 130 228 179 141 121 184 83 90 150 242 170 138 165 221 201 104 116 63 115 166 60 175 89 76 55 214 205 134 181 126 209 106 58 211 99 93 74 132 123 79 84 187 152 120 94 36 232 199 189 197 101 86 215 39 180 192 237 216 147 112 146 45 137 196 239 119 64 
175 : 213 33 87 35 29 45 179 49 125 39 25 205 169 163 38 148 127 107 159 28 248 109 124 186 137 74 91 42 129 26 164 173 214 215 181 231 193 72 198 230 98 146 92 195 212 167 46 161 68 157 244 196 147 155 80 224 185 58 123 112 88 47 103 128 176 197 134 194 44 60 156 120 31 234 63 108 34 162 190 142 208 143 118 145 70 160 116 121 158 54 41 220 84 
