0 : 234 34 170 238 228 122 88 67 37 80 171 211 192 125 31 187 173 150 153 109 235 188 225 156 131 49 246 105 198 69 72 237 182 52 205 245 230 213 130 94 212 181 56 204 63 53 
1 : 167 49 152 111 46 238 88 119 185 78 108 61 82 121 177 162 145 174 142 56 126 157 241 184 149 71 34 130 228 223 81 242 113 125 150 191 235 94 148 84 222 147 187 26 237 104 199 205 131 79 60 75 218 45 67 127 33 97 159 44 
2 : 96 157 82 159 119 85 217 67 66 37 135 125 42 111 58 100 220 163 43 172 212 166 221 26 73 55 239 197 199 182 154 230 74 205 137 198 144 203 91 40 161 219 41 171 106 63 88 134 152 231 215 174 47 147 57 114 115 148 248 141 124 238 216 190 158 249 110 53 72 126 
3 : 144 200 220 30 155 43 74 29 62 102 135 55 214 177 218 203 25 97 192 139 107 122 95 212 79 178 161 145 236 183 208 234 199 130 159 38 227 233 231 181 149 132 101 84 108 76 211 32 109 105 125 73 172 163 209 137 180 142 133 54 39 64 90 82 185 193 46 48 170 154 103 196 114 131 93 96 63 40 186 
4 : 132 143 56 136 240 170 25 113 214 40 163 171 138 212 177 120 233 186 157 64 195 231 94 31 189 35 131 140 119 55 
5 : 57 192 42 97 90 131 79 175 74 246 171 160 227 49 168 34 242 186 46 207 72 71 162 236 134 62 69 184 164 63 139 204 167 41 105 238 92 122 232 25 163 106 129 130 201 58 142 200 152 35 27 127 217 80 107 224 68 165 121 135 208 113 102 146 244 248 32 109 213 85 39 214 212 245 182 220 
6 : 54 91 201 154 216 214 169 199 27 146 221 141 189 183 227 120 50 81 113 117 160 79 70 143 86 208 209 245 230 72 193 43 41 197 
7 : 63 134 239 242 199 178 73 37 74 107 167 248 144 133 79 45 127 89 180 172 80 189 147 192 91 223 219 82 70 196 166 190 230 228 130 27 141 240 215 233 129 187 28 208 111 162 216 77 120 193 30 118 194 182 126 160 109 159 53 157 221 36 39 132 87 185 72 56 238 61 204 67 85 124 234 168 128 138 225 169 103 227 232 50 226 33 179 198 51 29 123 195 
8 : 224 62 126 59 153 128 100 197 32 231 91 199 229 108 238 220 120 236 249 174 123 159 41 190 237 213 97 147 189 242 38 34 247 64 185 94 67 244 166 
9 : 89 63 65 97 234 229 70 233 44 108 155 225 242 56 175 126 240 236 82 164 147 168 103 43 58 83 235 170 81 119 216 180 42 50 110 206 219 196 189 207 48 112 204 61 209 188 217 109 237 153 73 75 220 198 161 137 64 102 200 186 92 122 
10 : 93 124 75 129 191 233 107 171 72 47 167 44 115 158 249 76 165 120 179 108 166 225 149 159 228 71 127 118 73 240 174 103 80 59 181 96 45 70 178 231 131 200 140 190 109 135 177 
11 : 216 44 99 197 199 50 145 146 79 110 171 82 28 60 238 151 230 117 159 226 220 26 25 139 186 83 47 231 217 106 122 93 90 100 
12 : 241 202 71 72 106 228 114 152 192 83 30 146 150 97 205 140 132 206 214 216 116 223 238 168 169 127 50 79 229 184 207 73 67 28 181 161 221 117 102 183 163 92 89 26 244 193 142 75 164 204 74 190 77 165 208 209 64 107 232 68 128 218 40 58 134 177 76 180 136 
13 : 81 176 183 78 58 88 156 130 203 40 217 175 187 185 142 120 34 141 221 166 163 101 227 129 131 95 75 
14 : 169 32 63 88 197 128 246 147 35 249 51 233 142 129 115 75 100 39 112 43 194 111 138 182 155 56 25 59 226 113 221 82 95 156 79 167 151 140 64 199 84 213 124 214 244 164 29 192 223 50 61 243 98 119 203 187 130 96 46 198 202 34 58 42 189 157 78 185 120 204 200 176 122 160 239 150 161 231 177 144 207 170 41 183 162 80 191 240 227 60 69 
15 : 120 51 106 210 115 113 114 29 102 37 231 55 177 73 98 206 194 168 245 97 104 75 68 31 234 144 224 100 165 241 182 181 211 162 79 42 216 122 78 34 127 204 166 187 129 192 61 52 26 96 176 170 86 71 213 44 237 160 36 219 99 171 111 
16 : 224 58 108 212 105 50 177 77 197 90 61 215 49 34 200 94 102 209 184 111 92 78 195 178 219 62 170 41 45 144 66 156 60 107 118 135 119 166 32 38 191 189 161 35 236 71 133 206 221 96 101 117 233 168 159 237 44 174 182 86 28 240 27 143 55 43 110 171 230 116 207 136 205 33 80 141 188 
17 : 135 25 174 224 248 175 66 237 227 74 86 130 98 137 68 134 102 144 176 44 127 183 206 207 226 240 63 238 115 123 195 64 34 50 29 149 170 182 54 228 49 80 122 141 154 33 109 81 236 245 62 
18 : 178 63 169 44 246 35 68 224 25 127 241 42 148 152 65 143 150 120 210 206 147 99 149 121 129 209 59 222 102 159 221 38 64 40 
19 : 179 168 239 79 154 101 47 217 207 97 72 80 189 43 111 180 70 31 35 230 66 34 245 73 25 241 
20 : 25 141 33 32 64 48 167 148 46 178 93 76 249 228 54 175 144 116 101 41 122 95 107 159 145 30 162 218 215 197 242 227 79 140 184 119 166 146 104 154 199 53 57 123 212 203 66 
21 : 157 101 178 158 221 38 33 163 243 43 127 80 232 169 187 115 91 154 233 231 68 63 239 117 122 119 75 32 185 223 109 48 147 88 66 71 247 111 83 46 45 188 89 204 41 234 149 106 164 82 40 241 195 121 235 207 143 64 27 216 211 87 137 76 36 118 
22 : 49 173 191 188 171 242 72 102 118 75 177 69 48 185 59 160 124 29 162 145 41 114 87 55 151 247 148 64 184 155 212 32 82 127 51 200 98 150 214 213 243 140 65 88 139 187 117 228 83 152 115 112 111 143 39 42 120 210 30 180 74 186 46 225 193 165 144 123 224 169 208 25 85 68 248 129 62 
23 : 25 130 68 202 158 117 231 146 191 245 43 226 203 155 40 199 115 185 224 156 106 174 128 248 247 73 30 161 151 
24 : 68 83 155 93 110 84 245 127 165 187 50 169 113 176 208 61 233 137 173 95 58 117 79 37 46 207 77 210 223 115 206 144 205 89 32 243 148 186 178 133 198 153 28 81 34 53 159 78 179 99 75 192 162 134 71 235 103 213 47 156 62 109 158 244 138 41 246 238 150 107 181 73 136 157 180 236 225 226 163 74 211 106 140 146 91 171 220 45 
25 : 201 26 216 72 232 103 194 38 117 44 171 198 246 239 218 225 64 209 96 126 134 178 88 184 181 66 166 191 46 28 70 161 128 130 
26 : 79 158 65 134 242 38 160 154 27 42 73 145 183 102 94 70 128 98 133 184 83 116 213 125 30 89 146 204 25 
27 : 236 220 141 170 44 139 97 119 243 199 202 152 162 30 89 217 194 37 87 212 180 50 49 157 84 36 192 80 244 41 133 209 161 45 55 158 33 155 163 47 59 112 156 140 77 26 127 223 125 
28 : 92 120 153 53 244 130 65 177 188 94 80 49 115 52 25 159 166 73 207 46 231 179 131 105 245 136 43 228 140 217 238 135 33 44 56 98 69 235 39 119 104 
29 : 44 225 199 112 51 247 73 152 235 124 200 115 150 72 53 202 116 181 221 170 117 137 140 42 144 165 184 130 196 63 120 127 71 36 211 85 54 236 190 191 153 35 189 97 79 159 145 135 49 107 201 121 148 74 102 29 31 70 248 41 209 204 38 244 206 229 238 57 58 81 111 239 192 146 108 143 45 194 242 88 78 228 100 207 122 82 75 160 157 
30 : 210 190 244 131 148 216 59 51 167 217 164 84 142 191 230 144 249 183 44 125 212 94 106 240 248 238 139 87 213 222 221 63 141 109 42 
31 : 114 129 73 80 241 195 153 47 132 171 72 164 33 222 149 119 97 238 40 184 112 104 239 118 218 191 235 107 154 247 79 100 243 216 37 131 161 225 172 76 122 209 115 84 193 187 89 199 203 111 50 228 151 230 150 232 75 78 159 62 237 29 96 64 34 66 169 148 36 176 219 58 170 229 128 59 215 44 49 117 133 146 179 25 165 221 204 227 109 38 51 177 123 
32 : 240 31 114 73 86 26 191 112 55 236 170 32 96 79 53 203 85 90 91 164 245 47 25 172 232 169 149 93 94 120 199 51 186 180 144 196 187 122 238 135 30 109 145 83 61 152 124 43 136 89 219 244 176 132 208 95 231 99 239 205 161 65 162 102 88 68 76 182 229 246 171 60 221 235 62 210 155 207 131 226 214 27 228 242 57 209 163 82 42 223 128 211 198 233 133 
33 : 133 212 235 234 121 123 78 137 130 152 181 67 246 213 240 103 183 104 60 109 112 96 172 232 35 188 118 31 216 219 180 195 191 115 42 58 46 71 86 64 173 207 174 165 124 157 38 214 215 63 30 127 106 176 27 80 44 225 45 164 
34 : 122 110 121 70 46 139 176 186 78 37 222 207 57 138 83 248 41 120 54 203 155 67 148 106 75 38 87 200 68 195 192 
35 : 200 26 189 107 194 132 114 43 222 138 126 84 119 129 102 66 93 122 32 175 186 232 36 118 243 
36 : 235 203 152 119 33 131 229 204 99 211 121 150 149 237 166 195 102 234 104 187 92 134 213 54 50 184 165 57 122 241 202 194 210 101 71 72 218 249 47 145 45 49 123 183 75 189 39 173 90 140 160 238 127 193 248 53 228 231 96 31 226 77 28 34 87 62 171 97 135 95 175 174 126 40 110 239 188 139 212 105 185 113 201 107 56 169 162 26 74 76 230 66 84 100 112 206 
37 : 68 209 26 79 51 95 162 206 144 61 180 132 89 186 39 97 235 204 195 35 181 124 80 247 62 91 87 170 34 215 164 93 111 156 182 246 92 133 242 46 47 198 214 83 230 78 154 122 108 176 169 33 31 58 49 199 229 109 115 225 63 105 69 54 52 173 218 139 165 73 66 119 128 141 249 121 168 77 147 157 160 106 
38 : 192 109 92 245 84 39 207 187 48 104 239 224 162 28 231 93 134 217 112 127 228 58 148 99 202 135 181 32 219 247 67 136 113 164 163 121 43 156 157 100 77 212 123 79 150 26 47 115 211 140 244 233 191 188 190 95 70 90 194 55 62 199 96 34 35 144 216 210 
39 : 26 177 162 142 176 159 79 111 30 196 154 33 171 91 235 246 248 233 47 208 240 76 129 77 166 101 153 81 126 197 206 92 109 200 53 37 57 203 118 232 69 62 146 110 194 108 117 244 
40 : 91 223 79 65 87 160 117 32 165 62 114 216 144 235 228 225 101 35 97 50 93 188 178 58 236 171 103 152 224 127 159 226 64 209 28 74 129 113 185 31 123 124 183 244 110 99 133 187 211 221 76 71 138 111 59 85 157 
41 : 240 249 137 69 101 194 49 83 204 85 78 124 133 82 113 140 45 57 46 40 90 42 73 28 130 239 245 188 39 131 187 26 146 206 95 30 58 208 246 243 87 170 169 178 43 67 163 123 213 72 139 233 47 222 173 77 110 107 166 
42 : 137 58 96 133 239 235 109 37 33 112 153 60 108 222 128 210 139 142 69 187 146 126 209 134 53 119 100 82 87 167 206 150 220 93 165 73 179 116 132 198 75 104 207 92 78 77 147 196 184 65 62 199 144 91 192 29 242 66 32 248 141 232 194 214 193 31 124 118 115 46 106 51 166 57 70 43 170 45 172 89 186 155 27 61 200 
43 : 37 193 156 204 67 162 184 186 31 87 54 73 60 200 176 28 144 46 159 231 148 182 201 111 34 138 109 183 152 246 118 198 43 165 47 189 151 240 107 124 249 127 
44 : 190 111 28 210 104 180 219 232 243 32 198 55 174 90 141 172 116 100 114 149 68 156 239 184 43 37 98 167 115 193 60 27 209 203 177 48 93 192 34 155 92 109 63 108 97 51 128 131 220 76 122 84 197 144 86 102 41 170 95 213 218 236 83 169 
45 : 61 233 211 247 74 229 154 176 158 189 230 145 105 163 71 177 178 45 33 240 223 168 169 186 194 75 67 44 95 62 110 91 
46 : 132 126 50 146 243 148 138 75 86 53 144 136 209 109 67 228 61 166 211 89 90 221 193 73 57 69 157 121 234 93 238 207 186 88 218 245 105 125 84 98 133 129 56 58 123 95 47 
47 : 226 245 220 72 154 164 144 90 165 249 66 185 205 82 31 215 203 121 218 76 69 143 151 133 198 140 62 26 141 204 63 159 145 65 219 237 77 
48 : 62 39 229 131 201 218 38 222 221 178 108 152 41 136 66 230 47 129 45 195 25 104 26 65 117 76 112 118 183 175 240 206 180 185 123 226 99 89 105 127 109 227 212 144 128 95 59 246 57 122 69 33 151 139 231 74 244 126 138 29 219 217 84 135 173 
49 : 35 65 185 151 196 210 77 118 33 176 106 111 183 229 45 243 37 158 96 86 62 214 218 247 231 105 92 222 47 161 144 78 172 145 206 
50 : 197 120 137 214 121 208 55 107 65 122 242 200 97 163 38 150 170 167 189 175 216 129 210 240 88 180 202 233 231 203 54 206 125 226 235 128 101 217 234 213 50 224 70 198 66 185 149 69 222 49 245 218 169 135 30 117 148 199 193 37 35 62 247 192 64 57 81 228 174 157 94 139 68 186 84 116 
51 : 218 237 162 136 168 148 65 30 104 59 212 61 169 206 67 163 37 94 79 175 106 75 233 121 155 215 240 241 172 95 74 53 
52 : 44 126 92 66 136 149 144 170 210 63 180 130 95 161 204 107 47 59 114 49 113 186 112 123 145 76 154 168 218 102 38 93 231 125 195 172 79 140 71 98 236 81 120 165 179 34 46 36 52 86 203 232 148 230 124 222 
53 : 180 108 205 41 142 28 223 245 199 51 218 206 86 247 82 130 112 52 193 219 35 146 42 50 185 44 236 240 80 129 58 36 70 147 222 175 39 90 186 81 214 149 121 164 249 38 232 168 111 98 91 118 243 244 
54 : 206 25 66 106 171 49 26 56 244 115 168 166 152 209 230 163 45 118 85 132 105 239 136 182 35 141 133 102 104 203 183 217 205 190 75 174 34 81 177 98 79 125 76 96 216 227 229 185 215 236 211 237 91 117 178 32 41 249 99 235 186 197 80 135 138 170 240 124 208 46 162 157 195 131 119 204 63 219 109 114 193 28 137 225 155 58 83 37 113 59 89 198 148 232 214 43 
55 : 223 26 217 220 204 121 207 27 78 140 174 150 219 154 40 32 243 55 54 90 148 57 119 233 101 196 99 187 135 114 186 159 125 200 237 164 45 158 118 197 65 209 74 59 36 149 86 48 181 72 189 166 157 232 61 202 201 144 171 249 134 131 195 193 178 228 160 94 192 129 206 96 80 211 238 163 108 235 128 29 64 132 229 179 136 127 107 81 116 124 73 105 183 
56 : 154 63 37 214 174 108 133 197 204 136 212 33 153 226 192 243 224 173 125 113 227 76 221 99 107 57 184 151 209 59 52 35 235 95 178 62 208 170 65 101 73 41 188 122 127 49 191 240 83 219 58 194 200 96 230 120 69 145 128 138 94 229 43 232 78 28 143 210 54 84 175 74 168 161 85 241 110 162 115 
57 : 206 230 81 234 229 94 64 247 194 176 102 157 219 186 158 164 56 99 146 210 113 105 199 68 141 203 174 132 148 214 118 83 31 216 166 61 92 242 106 53 243 48 107 222 97 212 190 202 170 100 232 72 140 115 215 125 89 67 137 58 226 55 183 191 236 34 82 128 175 101 168 103 152 223 129 161 95 29 245 241 162 159 111 90 32 201 74 165 160 28 
58 : 221 209 36 205 115 33 43 29 127 181 65 223 129 141 87 155 232 208 165 83 204 174 111 58 190 134 30 170 182 187 176 119 158 97 66 238 229 189 137 124 117 142 196 105 177 157 150 86 220 161 151 100 233 63 116 145 243 207 248 202 144 246 54 28 192 195 55 34 56 78 240 96 94 39 230 214 73 226 153 149 167 82 
59 : 132 201 73 249 67 68 166 234 116 221 96 233 170 218 187 88 248 223 160 43 65 242 84 144 133 238 239 94 54 86 231 227 164 85 171 80 34 155 44 137 245 188 83 213 169 26 112 118 52 179 200 210 106 203 90 45 151 204 141 74 122 69 190 51 101 140 32 115 120 95 72 191 91 
60 : 248 31 237 201 155 223 131 239 47 117 245 204 116 112 56 178 171 105 220 246 96 81 235 184 170 195 50 161 76 45 157 147 199 111 71 69 130 236 211 225 203 33 134 53 144 159 84 106 136 217 158 193 35 28 244 59 146 154 149 145 210 49 103 219 139 38 194 104 228 73 160 88 
61 : 118 53 107 92 187 214 28 178 99 100 248 173 127 32 158 167 149 231 30 238 165 239 114 209 124 98 189 71 230 123 45 77 174 108 104 115 102 143 119 69 125 157 156 180 168 128 152 207 63 59 240 109 91 220 129 233 153 106 101 78 126 60 85 160 35 247 74 181 243 245 182 184 65 185 56 72 66 169 208 241 188 89 51 201 226 217 
62 : 92 239 206 79 233 60 215 124 32 81 182 194 198 107 98 157 120 119 77 223 174 170 67 235 43 232 236 102 237 243 147 202 188 127 58 146 152 148 247 220 68 242 131 61 214 129 123 96 56 53 209 158 38 31 46 73 142 108 210 
63 : 200 222 160 182 169 36 121 82 241 105 132 93 89 168 188 172 203 161 100 55 143 47 74 187 208 123 46 224 140 86 133 79 56 35 137 31 142 192 70 77 249 171 127 125 150 128 246 85 202 64 37 151 72 95 156 34 114 81 126 60 59 
64 : 78 39 230 86 90 184 237 145 144 210 154 30 88 45 124 115 220 242 48 83 232 228 31 208 134 128 51 129 117 188 197 29 79 93 170 168 151 199 149 49 203 180 71 95 186 69 47 162 53 218 165 196 84 247 55 193 202 213 233 28 205 209 239 212 217 122 126 64 177 136 58 161 169 
65 : 111 174 227 167 68 198 183 150 142 153 160 100 235 143 202 187 114 230 169 48 46 116 225 134 122 212 161 66 139 38 118 113 92 199 156 163 246 182 26 226 64 86 117 162 77 223 126 
66 : 232 53 122 148 222 197 216 181 41 221 194 96 241 130 245 40 225 46 138 156 42 71 26 214 185 196 180 84 152 104 77 219 33 73 128 229 52 151 75 137 
67 : 209 239 121 218 140 55 102 166 237 71 159 92 52 56 148 28 89 119 233 109 182 130 120 143 174 207 165 40 132 222 211 162 139 125 95 224 149 178 193 29 177 82 133 128 137 78 144 73 97 85 111 175 37 136 138 216 191 203 27 94 230 33 206 99 122 61 110 
68 : 72 55 124 178 166 221 86 153 154 79 136 103 212 58 50 149 139 148 28 25 213 41 39 131 51 98 228 90 224 123 137 122 114 172 133 204 145 170 85 232 29 67 32 171 220 179 45 169 81 152 226 94 57 161 107 138 222 209 48 132 199 155 82 183 175 
69 : 77 58 108 136 228 185 44 153 33 106 83 232 225 233 242 237 177 206 184 94 188 173 217 118 42 53 100 238 234 182 218 71 245 191 201 104 61 84 72 90 208 205 70 169 105 64 119 199 214 180 102 158 140 134 80 222 128 107 181 249 197 78 131 229 189 39 41 50 149 73 221 167 51 111 235 146 98 57 139 124 192 116 244 130 25 110 82 144 45 151 32 141 150 95 85 92 
70 : 221 219 85 180 26 168 238 108 193 112 87 247 104 189 220 146 30 217 211 143 154 37 226 120 44 69 42 249 103 78 161 124 133 215 188 100 91 183 178 214 150 127 32 136 38 190 72 166 129 228 209 199 82 184 194 119 102 203 148 163 81 138 67 92 210 84 31 218 205 145 101 126 162 
71 : 145 248 160 141 116 161 75 174 241 243 226 212 25 92 133 100 186 76 67 206 63 71 42 82 200 223 49 112 
72 : 163 147 105 235 179 25 160 115 162 61 153 101 58 121 190 117 149 234 196 134 123 242 213 36 126 97 65 50 157 161 146 194 170 143 87 119 91 54 78 84 156 172 29 77 113 38 81 248 135 184 154 63 31 230 171 45 227 145 178 86 30 
73 : 177 193 126 166 147 125 96 216 33 191 240 154 195 73 63 239 215 93 84 143 56 110 155 218 25 135 45 188 39 236 132 164 201 244 127 170 121 80 152 228 28 42 148 82 103 196 76 30 58 71 62 157 49 230 48 165 197 34 159 144 219 235 225 38 141 168 65 26 249 108 111 227 117 81 85 131 173 67 189 77 104 35 233 192 41 226 27 52 116 113 224 175 
74 : 237 173 137 59 65 28 101 159 236 155 224 162 204 201 170 188 58 109 182 56 225 196 171 72 163 27 75 73 211 206 119 176 127 107 248 181 149 53 88 
75 : 109 243 58 163 233 210 70 83 75 72 169 140 164 122 88 185 110 74 89 225 148 27 154 158 82 144 43 53 127 199 230 221 179 113 81 117 238 115 61 214 153 62 203 93 191 173 
76 : 126 99 65 53 35 76 142 87 178 220 213 187 223 97 174 135 69 29 114 165 98 155 131 72 116 85 238 100 214 
77 : 89 91 47 127 156 80 77 93 96 164 57 178 234 161 197 113 69 183 136 98 64 199 140 95 71 92 139 27 246 198 85 218 31 200 238 73 214 
78 : 202 108 115 241 65 227 64 84 235 130 217 105 120 186 197 185 131 215 123 221 157 205 160 183 223 173 175 51 88 212 165 242 87 103 231 158 139 167 82 49 148 121 35 177 142 243 135 132 104 52 125 66 34 50 81 124 184 181 189 68 159 83 136 211 67 249 201 222 93 155 
79 : 133 174 121 225 28 85 232 219 104 93 144 235 35 98 127 122 187 82 48 244 206 99 160 117 56 216 112 181 53 249 177 52 203 67 200 176 204 108 
80 : 219 174 167 54 203 38 156 35 240 146 212 244 43 237 192 110 105 229 210 65 173 50 134 93 209 136 102 151 180 165 199 247 96 104 135 193 92 141 154 74 232 78 128 32 45 119 66 198 33 171 
81 : 29 175 204 71 159 153 124 77 68 102 233 164 79 48 111 144 156 173 179 227 176 94 74 127 75 128 103 53 209 109 27 34 50 97 123 118 243 42 95 161 223 38 49 143 219 84 78 122 190 96 
82 : 249 45 40 78 139 114 79 75 247 213 44 152 144 155 236 233 143 186 188 208 242 128 102 181 41 191 116 177 98 159 210 184 147 101 206 217 25 58 223 215 154 74 194 126 96 34 60 226 198 166 46 172 118 163 243 161 112 133 150 94 203 93 240 232 71 224 219 100 164 109 230 196 197 
83 : 176 221 182 247 139 28 81 218 130 29 222 185 118 209 149 41 138 189 135 197 37 120 212 107 184 85 148 159 73 238 145 72 68 60 160 52 132 67 88 27 116 201 190 157 164 32 188 134 101 162 144 180 227 63 152 100 39 77 34 99 
84 : 236 164 126 111 223 154 174 136 191 110 203 49 220 248 177 143 231 91 199 59 219 211 194 243 235 139 137 153 28 196 97 217 35 246 65 138 187 133 148 130 185 79 
85 : 241 118 133 61 227 230 203 89 101 237 140 76 113 245 164 52 87 40 244 180 176 100 160 129 228 187 121 182 194 146 183 46 90 26 242 29 170 149 62 69 189 199 163 55 201 42 124 109 108 165 200 127 65 162 153 207 248 88 155 219 190 45 39 179 188 47 169 247 53 173 246 64 119 217 249 
86 : 243 114 228 109 171 189 224 185 97 84 123 231 140 55 164 205 197 49 169 209 105 226 108 90 157 131 100 76 94 148 163 60 102 138 98 242 241 113 170 167 198 115 137 
87 : 178 127 248 222 244 45 166 189 39 115 216 27 66 160 101 79 182 190 125 111 208 87 69 55 46 242 135 105 70 181 175 120 215 96 213 86 152 183 134 64 206 210 75 49 90 67 199 73 40 65 130 218 163 167 114 43 92 147 122 44 139 171 234 185 60 
88 : 236 107 50 160 76 165 90 230 101 150 32 149 93 44 134 182 102 109 174 57 189 225 78 239 28 156 226 95 215 74 221 248 157 84 85 33 204 104 139 154 208 110 241 113 201 47 73 200 238 224 171 59 211 
89 : 148 110 243 228 61 208 131 205 176 161 89 233 172 109 117 53 25 209 33 219 197 204 213 126 198 81 40 187 200 79 229 72 137 138 71 106 
90 : 126 194 224 97 82 176 249 68 206 135 63 170 43 64 187 196 172 134 120 218 47 85 164 53 165 
91 : 107 63 88 78 186 152 241 206 139 243 111 229 173 69 165 215 44 144 127 198 25 202 105 74 233 223 124 58 76 79 29 54 156 242 87 95 28 189 103 190 239 110 47 188 180 84 172 146 85 158 
92 : 140 118 196 112 235 115 195 61 240 222 133 171 81 59 46 52 184 176 149 111 36 79 163 43 56 88 74 84 183 76 67 110 28 47 73 72 29 193 190 134 54 
93 : 152 85 214 55 61 25 197 227 101 176 73 215 163 34 59 174 117 70 77 80 81 129 87 231 142 224 56 167 123 218 102 94 236 207 146 157 126 195 75 181 166 97 169 111 182 143 78 83 104 113 164 69 247 189 249 193 229 135 208 53 177 114 67 88 76 145 105 148 134 107 161 232 243 175 82 153 233 165 192 115 62 172 159 90 156 30 139 179 54 221 155 211 244 58 51 
94 : 33 149 231 238 116 137 122 217 176 97 172 190 112 192 32 25 132 185 246 28 64 58 188 85 68 179 111 135 94 223 237 27 84 239 47 26 61 134 235 209 62 142 221 115 186 189 120 248 
95 : 169 157 96 173 135 240 38 150 166 223 189 33 180 92 239 167 231 112 120 80 184 121 106 181 39 119 46 232 134 101 142 86 42 177 100 108 208 153 37 162 128 202 84 198 171 127 59 
96 : 148 60 32 34 192 47 207 205 145 135 239 219 228 211 121 126 110 46 224 178 190 94 153 115 30 131 77 116 125 132 31 246 52 123 201 134 113 130 166 220 74 45 218 236 194 240 213 70 76 196 243 214 68 188 71 143 91 
97 : 216 141 75 199 68 232 207 152 155 121 198 47 38 89 222 27 105 124 77 123 115 71 247 91 138 246 175 31 120 244 108 130 55 70 32 39 224 131 159 249 35 173 101 74 145 197 150 43 169 208 
98 : 63 66 166 90 126 137 153 144 49 193 235 194 25 197 110 114 113 233 72 190 214 225 209 32 230 33 92 192 240 58 29 156 83 220 182 157 46 60 53 218 210 242 146 133 88 244 170 86 219 224 71 169 96 
99 : 38 97 61 161 246 102 110 240 230 188 152 47 181 120 30 157 84 241 158 198 212 133 229 50 127 55 26 165 235 131 224 149 160 103 187 
100 : 247 232 153 39 178 77 27 163 212 70 81 109 149 236 190 60 146 84 113 69 36 105 200 99 195 129 86 28 90 151 40 55 161 48 139 57 180 31 88 108 233 219 68 35 87 72 225 122 152 167 201 198 134 47 78 245 125 123 186 194 62 159 
101 : 187 240 57 225 61 140 220 47 53 185 35 212 62 46 36 193 209 146 71 41 83 168 131 109 147 239 55 117 211 68 165 245 178 155 143 34 95 221 196 180 198 
102 : 206 154 203 238 175 171 85 54 50 137 79 48 194 221 183 122 211 169 215 229 117 95 223 60 89 77 40 64 91 242 159 201 65 62 139 111 94 81 92 185 37 61 150 145 142 32 187 55 123 138 230 102 191 208 210 34 67 87 109 56 156 157 192 216 51 63 86 227 96 182 140 218 135 155 179 176 202 113 101 198 70 214 72 74 110 108 132 247 228 84 147 41 38 49 36 73 
103 : 247 199 129 42 159 184 25 238 30 95 245 211 118 171 63 231 168 151 175 73 31 132 98 76 128 35 241 144 145 133 248 85 33 44 54 178 222 162 202 185 239 160 121 82 74 117 190 174 155 191 246 135 186 235 27 
104 : 137 242 68 223 218 244 219 109 86 57 202 173 28 87 80 44 212 125 141 56 235 180 105 177 220 224 98 111 191 89 225 236 90 211 160 201 161 61 120 226 
105 : 206 48 135 219 88 239 197 51 128 64 194 40 164 236 125 212 59 238 116 106 45 83 162 42 52 97 207 245 86 213 126 149 107 218 199 190 104 142 241 38 43 134 65 110 124 
106 : 35 30 133 52 83 135 28 202 98 224 181 143 116 111 75 167 51 56 179 203 147 164 239 195 81 29 183 134 96 162 68 211 216 173 121 249 219 90 207 240 80 159 232 139 44 64 118 244 218 171 70 236 210 106 40 33 45 123 113 229 206 241 107 191 228 192 148 138 66 150 103 93 65 85 114 151 72 48 43 235 
107 : 208 38 94 153 53 163 119 85 154 108 112 26 117 214 234 101 193 37 195 93 239 39 228 189 128 102 96 
108 : 206 195 180 248 56 85 158 167 117 34 148 74 243 54 104 235 58 71 124 113 31 59 164 220 246 240 122 142 144 77 69 182 234 231 50 172 90 87 91 169 139 210 28 130 119 38 150 27 204 40 145 238 120 194 247 41 189 209 127 45 82 166 129 149 222 133 163 93 159 70 92 114 138 106 112 37 152 46 25 65 75 168 239 51 140 115 177 181 99 
109 : 129 60 199 101 43 66 103 69 46 151 45 185 31 204 107 65 241 33 194 196 162 121 99 237 74 86 127 158 51 170 148 201 138 57 117 119 123 230 68 72 139 56 156 174 88 28 220 152 36 32 228 130 178 243 102 73 90 63 95 208 216 229 118 231 59 242 84 134 221 81 146 40 34 164 89 169 37 236 141 149 110 245 136 82 176 26 29 113 234 186 75 168 61 
110 : 216 29 187 71 62 149 196 239 192 76 191 194 227 125 81 204 213 211 153 140 155 77 200 222 207 73 152 226 97 34 217 171 232 82 223 202 111 139 35 218 84 184 33 83 108 47 112 203 167 57 37 128 124 219 70 67 120 78 175 245 80 65 224 105 220 206 68 107 229 197 188 189 136 182 195 56 148 92 205 87 231 36 94 59 158 237 166 183 
111 : 35 158 140 41 214 132 57 91 229 93 97 217 55 230 155 205 164 201 113 130 33 187 118 210 119 191 161 233 237 88 141 51 231 71 146 222 89 244 129 78 246 196 87 49 188 46 193 153 212 227 238 38 136 232 207 174 138 239 112 123 102 185 170 215 213 199 168 163 149 53 42 208 64 152 221 184 160 44 94 47 219 109 218 182 226 70 203 54 92 
112 : 129 83 121 175 238 204 35 124 31 144 92 48 68 123 61 26 170 228 236 135 106 183 210 112 141 240 110 203 196 67 100 198 138 116 212 208 241 221 131 157 70 49 231 247 232 62 215 173 87 118 140 
113 : 144 232 199 249 166 208 77 160 176 127 73 229 47 151 125 145 215 108 72 213 164 104 94 210 46 44 75 111 115 124 248 121 110 218 126 246 187 197 96 61 109 209 48 190 26 136 233 68 65 83 98 205 241 243 29 90 216 138 156 33 80 91 99 
114 : 61 48 229 246 135 191 214 232 115 30 70 116 196 164 114 194 138 202 102 104 147 92 244 165 203 204 186 110 49 172 209 176 197 129 101 26 63 234 80 163 32 141 100 109 67 221 177 166 79 222 205 242 183 113 58 181 193 159 162 153 188 133 182 107 225 151 77 31 184 215 
115 : 217 46 205 115 51 201 92 144 91 157 160 169 248 224 150 242 164 239 53 176 56 175 233 128 148 231 74 70 47 42 180 34 105 187 85 78 122 202 100 229 82 226 40 43 222 116 135 228 162 189 199 113 65 134 121 48 93 234 249 55 210 190 186 75 238 81 59 141 67 138 101 200 155 153 114 32 36 215 204 206 
116 : 136 61 96 78 139 148 166 239 69 230 118 114 48 210 67 92 169 115 100 93 197 211 68 26 117 200 103 109 190 29 219 126 204 224 223 188 146 144 41 89 207 57 85 39 130 189 132 234 76 206 47 216 229 199 34 137 50 141 53 193 153 227 220 81 175 133 228 65 131 52 
117 : 184 30 134 107 57 61 173 165 247 105 195 101 208 172 235 204 100 52 226 128 92 58 142 46 27 159 110 213 186 201 140 153 32 192 124 188 191 214 94 51 222 77 202 
118 : 206 187 173 135 193 171 27 103 158 192 164 63 70 54 245 82 96 95 132 125 225 67 89 226 160 141 200 124 68 205 150 189 94 216 183 97 144 233 169 58 91 107 131 230 113 195 36 32 34 57 106 79 223 145 74 118 101 108 25 133 243 50 127 40 155 76 62 214 204 55 114 29 159 178 232 42 64 224 73 227 207 59 239 235 53 174 242 247 152 167 105 35 46 84 212 154 
119 : 143 42 38 91 39 34 72 59 90 32 64 124 245 110 51 144 121 238 153 36 207 155 54 182 220 87 232 205 133 136 166 184 119 157 
120 : 90 79 193 25 199 161 221 150 169 103 135 131 58 71 59 63 187 247 134 249 87 80 218 106 42 129 217 155 100 27 77 140 142 76 91 201 166 61 47 33 143 214 173 43 220 204 232 81 237 137 52 236 96 172 115 248 200 195 223 233 147 40 245 174 50 101 145 75 70 44 230 124 36 132 122 108 98 45 191 222 48 219 32 148 144 244 162 41 73 179 189 39 
121 : 195 218 156 78 40 220 168 43 212 175 191 179 101 164 124 52 67 73 207 53 167 190 204 217 62 142 59 128 34 166 196 28 136 155 61 223 37 110 108 137 94 216 27 199 96 235 33 
122 : 166 224 89 202 210 151 240 220 45 193 64 139 40 182 141 214 84 85 55 44 246 215 34 231 201 162 192 244 178 63 43 247 159 216 130 176 98 245 249 49 186 108 26 54 222 134 197 71 46 173 78 58 198 
123 : 136 165 169 107 161 200 222 108 112 92 79 168 53 132 171 235 155 26 30 101 202 85 42 36 211 167 67 64 94 197 230 119 126 33 86 133 157 81 37 181 40 111 243 172 41 160 210 247 153 115 122 147 188 55 93 125 104 218 96 236 87 82 110 228 
124 : 108 32 193 125 82 55 181 144 224 175 121 232 219 141 149 47 242 246 29 140 100 74 241 56 63 92 137 214 233 167 101 75 148 161 210 221 126 84 83 134 59 118 111 132 203 40 168 204 119 163 178 156 133 211 78 151 109 80 170 91 237 
125 : 45 176 58 213 31 242 99 93 231 200 168 42 64 29 227 178 129 164 249 105 165 65 53 113 193 34 77 150 78 55 157 100 180 106 91 48 216 137 147 196 211 152 243 167 136 230 49 121 244 122 239 153 88 182 141 
126 : 216 42 142 210 211 90 180 207 170 195 105 123 112 231 116 85 82 223 120 150 107 113 119 138 117 36 196 98 153 162 60 76 169 203 244 131 29 172 130 45 25 103 121 46 59 165 63 91 229 58 26 187 225 54 72 175 62 228 48 159 137 51 68 197 202 
127 : 27 248 75 97 121 222 217 125 112 178 57 221 177 92 102 163 95 46 145 202 154 90 146 162 164 119 138 144 62 214 175 174 104 187 180 84 131 108 159 160 65 54 153 195 66 143 232 184 42 43 52 94 135 208 155 45 216 124 87 140 245 185 236 137 
128 : 41 114 60 138 193 85 37 222 73 152 36 119 183 223 139 160 54 26 71 91 98 115 57 219 72 144 80 170 162 76 39 45 186 210 35 180 137 228 247 78 199 118 81 58 201 168 64 56 
129 : 247 53 138 168 118 214 167 218 100 196 198 64 70 122 207 237 235 147 141 193 171 25 224 66 41 152 249 241 49 38 159 190 231 137 29 72 112 205 109 238 222 145 45 149 55 217 
130 : 175 202 85 59 48 197 72 212 124 192 132 69 209 181 131 99 230 226 129 156 134 247 47 120 143 183 144 76 150 211 38 234 66 83 180 161 29 160 35 118 189 162 138 30 194 46 244 239 177 145 40 45 60 204 241 41 50 203 71 214 187 159 27 81 51 242 42 70 171 104 114 201 238 64 193 125 63 65 90 220 182 101 198 184 133 165 92 168 86 
131 : 54 144 229 109 199 80 240 165 238 118 81 72 198 42 202 99 242 208 131 237 149 102 154 179 232 187 183 196 246 185 236 225 85 153 172 226 162 74 142 39 215 45 114 113 76 90 174 55 218 27 192 168 173 210 104 47 181 204 212 107 64 108 211 220 190 145 155 38 48 95 94 50 69 
132 : 118 211 68 145 73 174 96 173 190 167 193 199 175 106 248 194 171 121 27 75 152 89 70 242 69 48 177 
133 : 52 136 120 233 116 151 80 100 148 218 125 117 231 49 39 243 63 186 204 163 102 67 172 229 235 30 167 131 246 98 28 162 58 147 213 133 239 181 126 44 205 68 91 33 211 193 106 70 142 188 177 76 124 247 72 53 212 75 115 165 40 155 101 190 171 32 232 203 29 144 64 37 241 178 214 78 249 206 210 149 185 99 173 104 158 248 74 219 168 236 108 
134 : 185 67 227 195 58 118 219 187 66 113 188 53 141 232 230 76 179 163 134 127 156 139 241 220 146 131 191 213 108 247 132 173 28 102 186 117 39 155 235 59 177 77 70 81 204 175 222 63 140 109 91 32 169 44 87 210 93 152 246 112 182 142 245 144 224 135 159 49 216 174 203 122 100 205 148 223 51 200 130 89 226 207 48 171 116 240 60 43 97 229 218 
135 : 237 228 102 74 199 239 233 247 68 46 137 211 218 42 210 187 54 115 66 181 105 242 174 188 202 159 61 232 59 155 231 189 26 166 180 212 190 57 31 109 223 100 219 83 108 111 177 154 195 170 106 95 124 173 84 220 91 213 162 216 178 164 238 119 217 52 116 206 53 134 118 248 130 94 227 112 56 176 43 90 132 
136 : 192 111 43 189 238 81 50 38 155 114 92 93 187 90 67 184 154 53 133 194 37 78 82 130 156 68 42 237 209 243 108 132 112 80 72 240 181 229 207 73 195 100 58 83 110 76 193 66 87 86 138 178 190 135 247 205 175 245 143 105 40 167 61 234 102 173 63 164 70 202 211 219 44 113 170 35 208 31 165 34 46 60 226 215 121 55 124 216 198 146 
137 : 138 79 119 207 172 44 47 194 216 71 178 148 219 142 136 90 204 218 67 221 222 109 105 89 27 100 121 234 156 237 162 52 70 192 235 212 117 239 186 140 133 159 160 184 99 189 198 200 61 224 247 155 76 201 187 177 
138 : 107 74 56 84 226 228 75 80 170 50 125 218 142 130 103 70 155 110 202 40 190 87 64 124 133 58 32 
139 : 67 239 179 205 209 235 72 91 98 45 171 46 202 82 180 26 117 225 227 41 177 34 88 156 247 55 50 168 127 240 80 120 135 89 49 206 68 153 129 30 146 35 69 93 84 170 126 113 122 242 197 110 133 60 181 40 54 107 161 232 128 94 216 219 136 185 66 183 29 208 188 90 
140 : 177 198 82 118 243 87 204 191 101 32 27 53 45 241 79 165 42 65 138 35 98 25 103 248 169 108 226 102 162 173 68 99 164 119 195 37 217 229 222 112 120 130 150 166 207 52 55 63 38 40 158 134 180 31 249 192 178 200 225 151 172 34 246 76 168 100 230 179 233 49 156 146 84 115 33 93 137 126 123 
141 : 62 107 246 171 139 163 38 228 186 132 235 217 209 141 224 111 118 167 50 173 153 232 245 197 70 127 28 142 106 226 212 42 145 248 96 177 247 43 174 83 63 57 73 71 122 190 103 225 125 85 113 48 74 208 135 207 179 51 178 227 154 182 162 199 91 211 34 95 99 160 206 35 148 110 44 108 
142 : 179 120 134 75 43 32 159 51 91 70 227 87 180 65 247 130 241 205 82 172 149 156 119 128 78 226 207 184 200 67 57 
143 : 146 103 207 125 135 141 170 74 82 201 219 203 112 69 168 29 227 120 49 205 231 197 84 214 28 187 116 47 35 139 195 106 230 216 
144 : 116 184 64 130 109 150 225 29 236 166 188 161 248 145 149 140 62 129 189 28 193 209 112 190 32 66 46 119 44 142 99 100 50 37 143 201 73 84 138 
145 : 30 181 220 205 35 232 202 217 43 191 74 179 246 91 45 145 58 229 88 40 210 188 124 227 49 79 115 208 149 25 97 207 62 222 50 148 114 100 87 101 64 71 194 138 85 175 189 209 164 78 46 41 93 187 96 199 130 98 204 156 197 198 118 195 248 53 26 109 135 154 242 67 158 239 216 171 132 141 223 214 203 33 63 230 238 112 172 47 116 59 99 173 54 225 38 
146 : 146 57 105 78 191 130 123 101 248 54 66 195 214 55 181 206 104 171 168 92 50 199 178 152 77 192 71 62 142 159 134 137 83 141 144 161 90 82 63 154 239 88 222 246 242 39 153 226 240 91 176 215 89 129 172 213 64 205 219 157 47 186 216 68 34 42 249 230 115 224 85 38 97 
147 : 208 180 45 139 206 222 184 79 217 74 157 200 244 77 219 210 246 41 68 197 59 112 195 230 227 193 162 199 92 64 123 245 198 30 113 57 152 223 115 236 132 97 158 71 72 50 118 29 49 104 100 159 108 248 202 249 
148 : 171 52 25 187 123 218 209 84 193 130 33 233 215 53 224 236 198 237 180 133 200 167 141 112 169 185 108 42 245 95 122 145 82 172 216 149 208 207 40 153 77 50 111 247 219 70 210 49 47 110 238 147 74 120 114 71 48 184 177 143 225 231 64 72 154 202 178 59 192 98 119 
149 : 192 223 136 34 105 180 69 60 115 168 82 160 224 167 145 148 72 207 95 193 222 73 177 71 199 182 187 83 66 202 221 218 238 197 181 159 242 234 151 229 67 111 206 149 240 162 185 247 56 48 28 235 35 196 169 108 228 147 134 200 
150 : 190 26 54 125 233 41 220 110 45 150 135 139 106 99 62 193 114 47 78 179 81 177 91 153 86 143 111 65 90 183 93 112 96 167 171 164 235 71 109 98 212 128 157 60 103 66 232 88 142 216 173 
151 : 239 125 147 180 119 152 235 207 224 64 106 210 195 244 228 194 206 109 108 124 155 213 234 157 135 32 161 27 174 65 41 118 205 47 25 197 134 51 181 30 129 149 223 151 117 103 130 166 169 243 171 67 162 73 225 45 46 68 143 247 36 209 190 141 128 111 121 218 49 104 237 26 126 160 100 115 31 93 208 66 178 232 220 192 204 246 50 214 101 226 215 
152 : 208 141 27 196 170 161 37 30 246 90 137 155 89 64 103 110 133 233 44 180 171 111 154 39 85 80 211 224 45 34 32 182 232 199 81 202 212 183 76 84 97 207 157 
153 : 64 178 50 147 165 142 33 126 80 129 70 82 150 201 168 154 108 40 166 207 43 101 67 194 237 162 233 156 140 27 116 238 175 236 35 52 73 48 69 118 226 206 228 39 56 123 224 134 225 212 163 135 149 240 136 169 53 171 223 216 55 151 57 109 95 193 191 222 28 220 139 30 37 234 247 34 
154 : 227 112 47 195 165 179 152 210 155 103 172 100 124 247 215 184 194 240 181 71 142 213 55 196 122 48 182 56 
155 : 43 89 116 38 158 232 231 156 244 210 196 70 120 64 247 115 62 171 101 66 122 127 131 192 216 134 124 139 
156 : 156 46 44 25 116 174 229 39 133 201 137 80 246 168 38 122 180 124 240 71 173 90 37 113 86 202 111 27 28 248 179 74 176 57 52 117 125 100 165 199 205 234 87 92 75 192 43 127 72 183 54 63 126 77 42 208 178 169 78 67 222 185 189 103 175 172 216 188 35 241 129 106 184 200 69 
157 : 89 83 197 66 59 153 41 148 150 247 229 53 40 44 127 60 221 87 42 75 175 203 210 136 82 38 245 246 144 55 248 204 165 86 230 51 139 52 103 170 106 155 122 90 201 25 141 195 96 88 224 212 184 
158 : 181 83 137 28 221 142 102 214 93 51 213 86 184 146 149 55 145 85 89 57 46 232 110 161 235 239 128 241 136 132 173 159 188 164 90 117 192 180 204 72 168 138 124 
159 : 215 35 155 180 127 186 27 182 114 101 37 163 40 242 146 245 112 128 187 78 192 224 108 161 25 247 83 148 122 221 138 141 230 87 169 43 118 194 94 80 54 28 233 81 217 204 39 92 229 104 71 53 74 225 113 166 244 
160 : 157 218 45 206 248 119 189 169 152 55 109 32 50 121 91 69 137 115 124 97 155 86 214 228 232 51 208 138 198 26 211 111 223 224 84 27 52 120 106 132 79 233 225 142 59 202 30 215 108 110 103 141 184 139 146 88 34 196 213 129 61 136 201 182 49 64 54 47 117 178 150 240 171 246 221 143 148 
161 : 172 214 117 192 41 159 114 130 198 104 72 157 188 92 241 55 242 88 59 217 141 80 138 54 229 207 176 189 184 244 35 110 125 154 248 31 96 95 190 81 78 224 124 26 103 121 61 139 147 134 
162 : 194 144 83 84 63 186 51 228 240 40 169 86 149 208 153 92 98 107 129 42 211 108 205 49 130 41 26 73 27 34 72 244 80 76 37 215 44 143 75 166 213 123 112 47 32 219 126 133 109 227 249 237 52 135 232 196 88 122 93 182 
163 : 203 148 32 126 145 98 196 222 192 214 220 176 208 232 51 89 128 84 201 97 205 86 67 231 181 115 237 101 228 187 105 193 199 48 221 206 150 152 31 36 246 114 130 243 37 195 124 69 47 
164 : 36 42 32 139 45 173 53 204 150 111 153 200 56 222 220 176 34 114 203 120 155 37 154 140 68 248 167 100 110 151 152 227 86 116 174 31 197 170 54 212 240 242 148 115 168 143 113 39 194 109 181 239 67 162 141 156 96 234 55 244 
165 : 73 69 70 38 120 218 200 40 80 166 211 158 83 246 198 174 184 242 199 79 208 149 92 196 50 62 86 169 122 72 216 89 148 56 104 146 88 111 162 81 142 125 175 238 197 42 222 35 113 54 237 223 32 133 217 46 202 143 135 177 203 
166 : 74 96 183 85 47 154 36 72 137 166 31 184 185 209 182 131 242 84 200 42 218 45 122 130 56 89 164 138 206 181 226 61 170 111 125 220 249 82 139 187 121 115 152 70 233 237 141 150 190 214 192 59 102 109 80 204 51 40 68 78 221 105 26 
167 : 27 197 153 175 65 110 187 91 30 53 118 74 145 132 28 114 78 63 141 124 151 244 56 38 202 147 108 173 213 113 121 87 225 159 134 189 
168 : 230 227 190 135 186 42 121 238 63 69 195 222 134 36 75 123 240 31 108 138 97 52 249 86 102 92 243 41 158 198 189 30 54 181 103 57 25 29 64 137 50 167 148 221 73 34 100 202 104 236 149 85 83 91 229 168 119 219 196 62 245 136 139 28 234 232 194 44 51 204 26 235 169 101 105 90 239 
169 : 53 82 48 216 51 126 72 202 170 116 185 57 139 138 221 189 109 78 229 165 172 167 26 119 144 133 43 93 74 248 127 115 90 32 213 180 219 45 162 86 178 91 
170 : 167 93 45 210 41 236 193 157 239 171 147 127 183 244 228 217 207 53 82 35 142 32 218 238 243 202 69 230 156 185 30 135 140 39 224 109 133 168 184 223 170 221 77 81 160 187 43 208 247 165 86 212 31 180 181 191 215 136 54 84 95 229 76 100 246 29 214 28 70 55 196 240 42 190 79 163 103 38 68 
171 : 130 176 85 160 89 119 30 109 131 114 224 202 105 92 220 174 33 219 228 216 168 222 190 66 59 39 161 125 40 229 169 87 153 206 56 132 57 100 79 99 96 212 192 234 83 58 162 80 135 193 70 49 240 124 90 150 172 195 45 122 207 236 65 120 152 115 239 43 146 68 245 118 133 218 71 191 82 223 204 31 182 211 25 129 55 81 26 139 249 67 215 237 28 
172 : 28 236 139 61 172 168 234 174 230 48 111 115 202 39 127 169 219 33 228 73 239 31 232 81 32 225 46 163 166 248 179 133 88 231 25 194 92 89 76 247 217 106 66 151 104 99 91 246 142 152 200 131 119 87 189 109 212 226 55 90 60 112 143 241 167 122 134 116 43 36 198 
173 : 60 136 148 54 62 102 118 211 39 131 114 217 209 65 37 144 194 56 69 191 53 247 33 188 132 239 46 231 94 169 187 189 152 74 215 49 26 248 138 177 233 73 155 221 91 50 
174 : 124 66 77 119 56 143 188 118 97 223 206 25 159 210 47 48 74 167 57 179 67 29 50 150 199 51 96 
175 : 64 192 92 56 199 98 231 104 99 236 42 210 81 78 142 119 164 96 228 36 178 51 183 158 50 46 69 101 
176 : 25 97 229 190 132 127 29 43 57 74 81 202 246 85 42 116 84 27 173 71 141 216 176 54 104 165 61 226 108 122 139 34 219 185 245 67 88 247 153 83 79 178 230 101 162 155 129 66 213 45 208 86 138 193 65 241 59 126 26 183 58 192 131 82 103 35 222 95 100 175 235 
177 : 148 133 65 78 68 177 81 117 109 82 53 161 203 85 204 83 185 72 116 183 129 36 175 223 120 39 230 140 70 188 102 131 189 196 240 247 135 28 239 164 145 61 134 162 88 45 104 176 220 66 112 76 26 226 246 173 136 215 245 158 207 111 219 186 208 154 71 213 115 191 38 25 178 194 93 51 139 57 193 201 75 41 46 249 211 232 91 
