0 : 152 105 235 195 170 79 164 58 98 180 122 157 104 129 231 156 221 159 38 86 247 158 96 89 199 236 142 27 121 188 53 88 83 93 198 233 34 49 171 63 153 203 189 209 172 80 65 87 60 48 208 54 216 110 179 68 119 50 205 108 140 187 190 134 207 160 51 224 32 237 41 37 151 200 91 228 183 139 240 244 29 135 155 39 69 239 245 107 42 62 95 243 136 206 149 44 67 248 90 
1 : 123 62 191 66 221 25 227 121 160 179 127 171 142 247 232 153 109 36 95 106 189 236 132 226 37 217 126 151 230 89 186 173 210 102 84 29 246 163 205 245 156 90 82 97 219 161 181 28 118 76 248 158 148 54 49 60 30 101 159 125 88 57 80 242 239 32 48 195 243 244 144 56 152 143 229 99 69 74 150 209 167 154 34 105 116 237 129 39 140 218 65 222 199 220 45 31 184 188 
2 : 176 189 53 145 237 102 54 47 84 203 46 172 94 114 95 146 241 131 118 101 76 80 40 216 174 157 161 116 149 44 171 45 181 77 141 
3 : 148 234 184 155 117 108 114 121 216 27 235 110 48 124 187 167 174 207 249 137 225 223 65 62 86 131 202 85 189 36 71 140 55 70 39 193 75 116 115 247 128 67 237 56 154 84 95 219 221 118 230 28 228 142 165 209 143 157 34 144 239 30 208 179 153 181 99 233 163 50 51 173 74 
4 : 209 231 93 160 143 48 159 113 174 134 72 92 28 130 139 183 34 233 122 141 77 88 95 190 128 244 238 146 242 201 38 187 69 157 111 198 145 36 60 179 248 172 177 41 35 39 154 109 62 149 194 144 43 120 78 176 85 173 31 57 100 163 125 53 64 105 26 152 94 203 79 167 188 246 107 32 168 212 
5 : 100 97 243 150 142 83 199 201 110 247 246 183 212 47 218 227 51 44 179 137 123 92 171 191 148 195 221 48 50 207 155 186 230 134 28 172 118 
6 : 208 95 127 232 202 48 34 43 212 229 205 161 249 153 188 241 111 108 171 215 207 186 172 199 73 194 77 35 248 134 37 214 236 116 62 115 124 72 184 60 113 226 85 233 64 150 221 54 218 102 25 217 52 224 31 187 129 103 181 42 38 210 234 121 203 243 174 162 246 131 206 140 142 164 143 152 168 51 79 141 122 
7 : 104 157 228 77 119 247 182 94 31 186 171 85 134 220 172 79 230 35 71 111 154 167 208 159 51 141 46 168 115 135 37 112 116 240 74 59 66 122 190 248 32 148 131 224 58 81 221 185 215 36 123 127 55 89 217 90 244 100 197 236 242 198 106 243 42 65 202 113 78 76 237 47 199 249 201 234 227 
8 : 100 238 89 218 59 184 152 156 192 174 180 102 88 82 67 26 115 44 167 214 84 105 211 79 62 69 72 81 132 198 101 28 70 216 147 66 215 138 77 128 175 230 151 39 98 87 166 
9 : 162 152 42 94 63 141 118 77 86 189 58 165 135 45 224 53 204 205 50 74 79 109 92 72 39 47 110 68 73 184 196 164 32 88 187 55 185 40 191 62 160 200 207 59 163 130 64 246 232 119 244 201 212 217 176 38 242 49 220 81 98 174 228 84 243 103 166 221 82 153 226 219 97 169 159 123 223 190 140 235 
10 : 57 187 161 114 51 180 89 75 226 56 100 201 29 108 36 65 43 41 229 213 241 206 92 37 25 106 247 62 157 117 242 135 101 59 110 78 81 146 151 66 54 83 124 113 175 159 249 105 
11 : 204 234 214 86 50 121 153 83 48 102 73 237 40 137 115 108 249 65 26 28 87 88 113 248 200 124 132 150 201 133 80 117 76 98 223 232 67 164 32 169 190 152 36 188 79 185 213 114 240 226 119 224 37 120 44 42 227 68 123 210 25 236 216 195 122 182 241 167 187 35 125 105 
12 : 123 181 96 233 28 103 82 220 45 72 164 98 177 131 117 55 166 61 203 207 152 173 59 229 76 183 32 33 143 68 77 249 128 112 66 94 139 195 182 190 213 163 161 29 196 216 160 71 51 237 227 168 172 50 201 242 86 35 136 228 70 115 
13 : 50 184 138 223 98 31 158 239 54 124 204 113 194 38 220 60 205 159 147 81 29 129 197 168 234 176 45 215 207 111 67 128 134 143 74 246 37 181 
14 : 69 205 104 82 175 177 195 239 240 64 229 68 186 151 156 123 126 145 55 92 241 188 173 116 223 35 234 230 88 111 52 233 139 202 50 37 154 225 114 61 
15 : 69 116 239 201 234 140 110 177 75 200 124 144 209 211 85 247 42 242 137 182 146 233 123 179 198 103 96 221 142 172 41 149 225 236 125 46 189 105 33 76 89 219 72 80 119 102 166 108 127 50 216 228 104 248 100 107 55 28 190 79 120 47 121 244 35 43 213 52 68 106 61 212 205 163 81 223 238 128 150 183 195 167 232 169 70 56 88 27 231 67 222 193 111 210 174 93 86 160 65 175 161 31 217 60 44 51 173 129 38 208 84 
16 : 57 34 223 97 230 180 153 239 130 244 233 199 156 245 124 208 241 73 25 38 215 120 26 95 86 163 94 77 69 108 191 195 235 83 112 140 35 172 61 131 31 148 50 30 75 206 54 56 125 226 187 
17 : 138 109 47 164 103 57 249 76 170 51 220 50 44 30 210 161 122 178 65 116 198 194 99 216 143 248 96 85 235 226 124 177 56 176 72 91 100 135 95 105 61 233 187 188 106 123 197 111 175 211 113 157 41 240 53 141 101 218 67 166 242 162 186 25 215 115 40 102 129 236 121 182 213 223 
18 : 72 109 245 47 110 150 88 222 145 178 146 135 37 175 197 95 195 170 243 29 76 229 234 215 226 207 120 51 96 204 192 111 180 46 52 103 138 86 155 
19 : 229 240 121 156 183 209 35 128 74 61 242 96 77 247 165 97 27 230 69 59 174 142 67 73 148 131 187 100 172 211 50 243 123 197 42 158 249 104 231 30 103 26 166 169 127 208 212 151 
20 : 100 211 224 230 218 157 97 79 57 185 111 91 158 149 210 192 74 35 112 63 200 106 64 123 125 25 89 193 237 99 134 248 130 120 96 86 194 108 124 175 
21 : 110 50 95 166 228 89 241 105 120 87 190 117 226 63 26 100 28 97 127 131 146 38 162 230 249 137 138 119 197 72 240 164 65 212 233 99 178 49 46 143 69 
22 : 89 131 66 102 44 158 179 118 47 93 221 173 132 83 117 98 99 234 57 178 30 82 151 73 53 76 133 229 27 197 94 175 115 134 209 45 213 174 70 241 123 244 166 225 192 69 161 39 236 204 139 170 96 188 164 146 201 211 215 224 32 246 231 86 25 28 177 235 199 141 104 190 162 31 137 91 72 50 84 218 237 240 157 95 100 116 77 65 43 135 125 35 
23 : 133 152 106 145 238 212 122 86 49 56 37 171 109 165 183 75 185 147 41 227 246 62 63 189 44 153 87 53 115 35 248 170 
24 : 115 31 48 242 231 199 76 90 149 209 184 212 140 79 110 111 161 163 147 191 61 86 127 47 240 82 119 142 73 
25 : 242 231 245 45 238 98 121 123 60 44 222 206 127 53 218 100 26 241 54 234 40 73 39 183 84 152 148 188 240 163 244 214 221 167 70 168 170 93 191 95 151 158 203 37 197 212 65 184 91 228 156 139 209 
26 : 128 106 126 100 95 158 206 67 239 180 86 184 169 33 153 163 155 150 244 118 205 220 170 132 135 99 116 93 73 164 25 174 189 178 27 236 148 187 41 192 146 173 59 234 222 81 147 138 30 185 57 197 84 247 38 127 195 87 119 181 219 102 215 154 129 75 62 120 231 176 85 171 66 238 221 144 40 167 246 193 78 121 42 53 26 91 226 240 109 80 233 124 211 175 159 61 143 34 216 160 49 183 130 218 50 
27 : 137 71 186 140 80 220 162 107 201 88 181 145 75 180 149 211 221 187 52 209 40 68 198 133 117 205 139 30 58 73 234 84 160 202 195 92 50 191 85 185 34 95 165 33 54 231 89 164 204 130 176 212 116 25 199 227 120 188 82 222 69 47 100 105 154 36 175 99 57 27 184 72 112 104 79 146 242 87 235 189 150 229 144 246 125 26 56 217 155 129 218 157 74 182 108 118 91 28 110 239 
28 : 166 64 229 157 244 124 121 50 206 109 223 174 59 88 73 247 241 62 92 101 147 201 188 140 122 65 39 210 40 214 232 233 126 144 56 63 192 186 200 119 185 42 224 234 133 38 238 100 162 158 87 207 164 48 179 80 196 77 
29 : 31 172 34 39 108 134 32 165 124 56 145 142 144 112 175 235 77 121 78 171 118 52 101 53 248 64 148 119 84 85 153 176 187 201 246 152 167 224 229 75 138 114 158 105 192 81 170 168 120 141 55 57 86 69 95 182 183 178 93 45 249 111 162 115 48 233 37 151 50 66 71 196 133 149 206 135 202 116 106 136 239 203 245 173 227 36 221 143 41 28 62 193 26 169 195 241 177 40 58 35 166 100 191 61 
30 : 96 244 200 29 79 237 179 97 89 226 109 127 112 144 82 186 56 137 86 26 248 139 72 189 77 207 132 161 47 233 81 68 208 51 202 227 141 121 180 169 166 212 50 83 187 123 225 150 38 235 195 210 84 57 190 183 173 37 35 53 55 185 222 220 101 158 25 216 192 171 
31 : 173 242 199 55 197 97 58 219 41 141 176 80 187 182 46 223 125 48 140 205 232 79 139 159 215 61 179 107 108 207 185 53 142 122 247 43 87 158 117 33 77 42 248 214 104 138 37 146 134 230 171 151 132 35 222 28 136 47 115 70 105 238 51 128 147 196 144 169 39 201 118 121 45 67 149 191 103 74 29 116 49 221 218 76 181 112 245 38 72 190 206 60 166 50 31 26 177 102 106 109 110 203 69 192 62 
32 : 67 25 73 233 209 151 214 57 153 242 184 83 110 193 107 72 180 167 178 49 156 111 104 217 164 218 162 77 52 146 42 175 75 94 239 188 131 71 174 231 194 46 199 187 173 208 142 177 108 141 221 43 
33 : 50 223 87 153 120 39 135 193 115 36 140 51 91 66 162 35 55 178 138 124 123 85 163 181 90 30 203 243 180 233 86 74 152 185 189 214 210 81 131 186 207 158 198 217 99 183 231 89 130 156 164 64 202 142 187 238 128 43 165 159 32 173 37 63 108 94 240 176 46 195 97 127 60 
34 : 154 65 220 73 36 189 85 131 244 129 80 190 72 170 134 233 192 167 204 78 33 155 151 95 226 205 243 148 86 104 55 90 139 181 53 216 69 111 64 185 147 223 249 217 117 206 222 159 
35 : 121 109 76 100 126 247 88 224 30 136 116 209 146 195 108 213 193 199 77 115 228 59 188 27 219 166 246 86 37 170 83 218 217 214 239 128 160 125 153 78 33 207 80 79 101 54 149 84 138 135 45 175 147 223 47 95 232 36 82 66 222 28 85 118 221 152 230 75 226 196 41 55 151 130 87 117 113 61 202 158 134 187 186 94 42 184 189 131 51 50 233 103 56 243 198 197 150 
36 : 208 52 119 149 238 69 132 172 207 112 102 79 235 118 148 204 28 91 187 27 40 124 167 168 72 248 210 94 197 130 211 223 92 30 200 129 239 143 128 175 220 111 240 44 233 122 244 80 216 142 194 190 70 104 33 169 198 151 49 106 155 203 247 116 83 242 209 152 96 81 189 215 243 178 42 34 110 219 229 59 182 225 154 73 87 90 188 226 103 48 
37 : 166 208 43 161 32 154 115 61 51 195 106 110 72 64 77 226 192 112 83 223 114 162 52 89 82 34 158 118 129 244 66 95 39 227 116 45 203 164 234 157 159 62 243 214 198 138 101 174 217 225 54 56 147 38 170 46 156 134 205 130 229 98 100 165 93 68 211 160 143 187 55 49 196 33 81 230 29 194 123 36 41 117 141 108 57 240 237 183 167 142 78 149 135 179 213 152 136 168 90 182 124 210 218 
38 : 175 106 43 114 63 54 118 136 201 38 110 83 70 33 141 85 87 159 151 205 213 120 208 25 182 94 73 150 137 47 158 101 148 111 68 66 163 146 248 155 168 105 124 149 116 170 75 198 226 166 246 173 98 212 121 242 196 62 153 65 36 177 129 199 
39 : 233 119 98 28 241 232 74 179 41 139 120 83 135 93 117 168 197 243 29 79 63 181 204 142 149 54 46 222 69 52 213 206 178 134 212 211 141 190 95 39 26 70 129 126 62 247 201 146 114 230 249 157 215 123 78 131 165 84 143 92 185 132 162 115 49 85 96 166 106 219 67 124 196 86 73 125 75 169 121 171 158 101 205 144 193 225 231 148 218 133 176 35 199 147 245 136 97 40 44 177 187 113 33 192 
40 : 115 92 114 86 158 231 31 57 70 36 199 248 94 178 197 91 69 175 85 218 123 116 112 241 247 41 186 26 64 43 180 167 225 212 220 223 103 137 139 179 155 46 104 58 120 121 140 49 55 202 67 174 108 107 171 111 152 118 156 76 
41 : 245 234 192 167 140 121 195 168 180 47 223 233 186 182 37 34 122 36 60 123 232 193 246 114 242 135 61 103 184 142 196 53 79 159 235 75 138 62 93 111 158 56 
42 : 63 101 150 148 247 231 109 123 144 213 28 175 229 197 110 152 56 38 50 191 206 232 211 120 236 227 113 108 210 200 168 81 57 207 159 145 42 140 238 182 126 97 153 58 83 214 100 48 173 111 
43 : 192 245 187 116 81 54 226 39 228 149 27 120 207 45 147 238 83 244 50 66 205 141 212 242 33 
44 : 68 73 105 89 187 92 162 124 36 247 229 239 173 179 128 192 227 143 94 171 33 177 248 29 193 51 159 118 38 219 58 44 178 127 213 167 107 238 86 43 148 35 218 146 141 109 185 30 188 158 114 27 82 138 206 237 224 191 110 164 145 144 42 200 243 157 205 108 135 102 169 133 103 113 123 41 48 74 184 132 222 112 246 72 221 
45 : 151 133 203 135 127 196 162 246 36 117 215 62 130 132 205 32 83 26 230 217 170 227 42 98 116 27 90 104 49 81 64 198 103 168 44 52 138 47 84 212 188 146 142 214 74 159 145 191 237 149 118 95 157 137 150 225 185 148 166 69 28 125 226 131 213 189 232 206 55 161 53 31 46 39 29 223 120 85 238 129 210 88 216 122 43 224 187 51 25 175 178 211 164 172 177 37 
46 : 249 45 232 144 61 52 148 104 142 137 37 189 79 42 122 62 169 167 147 179 57 145 53 26 225 31 235 109 99 219 74 101 105 214 215 186 39 35 49 46 243 115 211 236 128 175 106 34 127 59 221 195 194 217 58 192 50 165 176 164 172 55 198 78 103 70 185 210 193 102 84 119 81 71 162 201 218 95 123 177 
47 : 75 117 30 113 197 150 43 246 182 152 142 28 243 93 211 215 240 228 66 70 145 221 85 122 231 56 36 226 57 235 42 111 159 193 229 214 181 238 88 184 83 174 112 91 212 167 108 236 220 227 133 81 50 33 141 97 127 95 46 165 54 128 109 104 183 53 120 101 99 169 192 213 225 94 78 90 164 63 
48 : 210 97 238 94 213 118 204 199 196 112 126 159 125 36 122 42 205 106 133 197 225 70 229 114 28 152 150 103 52 244 35 32 149 95 27 84 221 237 181 240 109 98 116 119 107 156 82 127 145 154 193 175 49 40 157 165 
49 : 236 205 130 248 114 87 177 171 124 154 149 121 64 136 194 141 42 238 188 208 170 172 147 140 155 137 189 132 71 119 234 174 36 63 226 98 245 34 79 54 142 231 237 78 197 107 59 74 161 241 95 106 
50 : 155 192 125 169 97 84 189 140 128 229 69 151 195 56 96 44 185 235 116 232 199 191 64 91 49 176 130 71 239 58 241 103 73 72 109 92 171 177 137 214 173 166 154 146 107 143 117 156 60 53 70 135 184 26 63 223 243 65 51 234 144 50 102 186 158 67 211 54 208 172 201 159 104 193 59 48 
51 : 199 81 149 104 218 69 47 121 54 37 41 141 227 105 95 68 74 100 174 66 229 213 113 211 208 204 34 117 145 107 114 82 98 224 247 124 
52 : 235 159 186 74 212 156 219 182 84 230 42 176 171 31 134 66 164 64 224 154 237 101 133 69 32 136 232 70 35 160 155 71 166 245 174 102 209 203 110 183 56 177 200 193 46 199 198 145 141 172 107 201 108 135 223 112 132 28 143 241 49 240 100 173 76 180 118 211 40 239 48 111 207 54 128 226 92 65 37 181 116 72 67 162 126 149 216 68 170 41 185 43 63 33 38 206 208 168 179 62 236 238 50 243 53 129 88 221 130 52 
53 : 27 232 198 175 226 91 112 247 102 165 38 111 56 31 176 123 150 65 243 244 47 57 36 74 171 37 153 60 69 108 124 119 87 225 162 241 41 140 28 197 117 40 101 98 182 248 45 156 67 103 29 230 164 159 113 177 118 85 116 214 
54 : 232 194 62 119 46 81 53 139 196 219 160 98 170 133 100 83 121 216 159 29 49 74 230 80 146 76 116 137 178 69 239 199 130 93 172 35 214 33 191 218 102 174 152 28 247 179 162 135 88 180 203 228 67 149 181 211 245 242 198 158 128 147 163 212 107 105 213 124 75 164 177 44 132 171 217 32 70 240 95 38 223 143 42 37 54 222 176 229 52 136 189 150 65 27 109 99 
55 : 76 28 200 137 176 124 146 203 110 104 31 117 212 95 217 85 229 121 194 166 201 211 150 103 216 179 188 74 148 41 156 208 40 196 108 241 122 47 115 152 73 163 178 142 130 197 151 187 213 44 
56 : 137 77 104 94 88 79 121 125 91 41 138 189 197 161 172 221 133 62 233 98 152 174 99 248 148 170 
57 : 30 88 146 109 93 83 201 40 54 99 158 217 59 149 190 163 183 233 139 136 156 246 236 161 101 188 68 167 89 90 170 203 
58 : 104 198 118 196 170 124 74 194 90 188 95 37 105 152 92 160 64 239 65 197 222 75 215 205 102 182 221 41 249 176 157 125 171 234 133 159 223 93 214 156 131 232 83 192 119 139 238 217 120 52 45 201 79 181 40 27 110 193 158 162 243 54 137 130 113 28 219 106 236 
59 : 40 153 221 105 118 98 53 115 191 211 85 137 176 208 246 206 64 212 126 100 194 233 45 235 99 168 161 125 67 95 198 223 135 245 84 88 33 37 195 192 124 56 141 197 91 80 34 111 104 132 96 220 218 163 55 154 139 222 62 143 182 173 89 36 
60 : 215 228 234 210 32 66 173 56 49 221 225 179 249 26 224 73 175 181 235 79 69 85 180 195 70 27 130 169 96 202 136 95 236 57 217 131 54 133 146 178 135 231 172 159 156 182 50 155 168 165 35 212 226 147 52 239 154 207 246 242 143 126 91 120 46 142 197 151 105 110 213 115 51 170 160 186 99 44 164 176 103 128 204 127 31 229 148 190 67 107 72 88 33 198 34 29 183 167 189 223 119 
61 : 53 219 30 65 84 105 142 151 64 26 134 249 160 179 55 67 211 66 115 37 44 133 218 193 185 90 34 223 112 196 40 145 231 158 85 71 42 127 124 35 111 166 38 176 122 152 28 217 237 248 181 192 227 48 63 226 167 132 123 182 101 107 188 137 93 149 79 139 161 144 209 230 241 229 155 82 
62 : 168 201 31 76 226 30 203 73 121 87 69 110 35 80 194 41 229 38 130 160 124 100 152 50 116 136 131 176 214 123 177 85 210 219 86 190 151 70 132 79 164 46 42 83 66 221 111 202 125 53 27 183 182 112 118 144 43 51 107 184 241 225 228 142 29 197 149 60 205 82 26 128 215 209 103 96 137 243 193 238 81 218 204 178 89 77 37 217 155 212 62 58 91 119 162 34 150 235 90 161 236 
63 : 151 59 217 235 209 51 182 80 155 185 241 237 137 27 58 196 213 75 200 87 71 204 233 236 70 52 242 113 134 84 168 77 248 118 57 245 170 129 210 125 78 104 219 223 157 203 173 191 171 123 95 37 81 228 82 197 172 79 227 194 
64 : 101 209 197 79 220 152 33 53 170 196 34 109 97 73 249 206 148 153 124 122 93 208 45 149 50 131 157 140 47 48 199 184 210 214 165 43 240 245 64 156 155 194 105 212 106 102 132 25 55 193 99 91 226 159 86 174 58 46 175 119 229 164 108 118 181 100 141 88 82 60 84 113 135 147 95 70 213 163 51 142 189 96 236 239 30 191 61 
65 : 212 83 98 134 160 130 106 159 99 169 79 101 246 243 173 114 228 247 187 78 53 36 143 165 185 148 249 186 205 72 189 50 90 118 155 181 240 31 175 233 102 230 172 147 131 76 128 30 52 229 40 74 65 203 35 54 75 194 86 46 207 182 137 127 42 124 145 56 167 67 71 220 204 103 43 88 34 197 199 188 171 138 222 62 146 174 26 226 89 150 163 38 25 232 49 41 179 55 227 
66 : 40 222 225 207 229 28 109 103 215 140 51 152 146 32 83 117 209 94 72 227 237 62 162 198 223 39 29 93 79 105 91 124 69 125 135 90 171 164 36 148 248 186 242 236 76 42 241 53 192 67 73 63 157 75 44 87 230 30 239 228 113 132 33 243 47 235 127 118 188 147 82 50 183 107 85 112 178 201 25 143 208 27 59 194 78 169 204 
67 : 34 113 136 245 157 165 33 196 135 169 72 42 222 213 125 86 174 40 202 246 217 249 54 182 112 53 184 238 58 239 133 183 154 235 210 206 108 241 228 79 130 147 115 198 190 211 26 117 163 38 219 43 145 171 48 186 244 176 63 39 179 92 164 35 159 247 226 27 47 96 110 41 143 240 185 162 82 233 49 124 56 168 236 
68 : 114 178 67 212 148 197 125 136 161 69 221 223 236 119 36 232 152 54 96 70 130 166 41 140 246 106 217 61 205 189 151 64 33 32 206 74 224 52 78 211 220 66 37 98 147 162 91 183 210 204 134 123 214 59 230 235 142 90 181 87 153 93 68 219 49 201 160 104 40 234 83 144 168 222 50 165 108 121 
69 : 178 200 177 174 83 173 100 114 71 36 214 221 215 109 102 205 41 98 170 248 168 211 138 181 55 246 129 110 188 116 242 152 206 172 127 64 219 82 106 149 40 156 141 48 236 81 166 153 87 121 196 140 90 126 44 108 226 29 34 185 37 162 47 207 203 187 183 107 125 154 142 169 122 56 151 176 
70 : 203 237 207 241 49 44 39 131 75 161 201 204 30 166 155 246 113 212 160 192 225 95 215 183 46 205 88 126 109 149 174 92 145 140 206 165 127 138 239 227 178 57 120 60 78 63 70 59 234 244 157 122 199 194 25 196 216 42 168 186 28 236 110 232 229 248 101 115 233 223 65 184 222 238 121 104 133 197 53 137 80 147 153 84 221 111 180 103 72 150 87 32 144 176 86 
71 : 78 186 101 150 114 244 145 236 217 135 144 95 62 84 57 160 50 35 137 173 239 249 40 72 228 41 68 230 65 119 92 180 247 226 159 243 132 120 211 167 154 124 192 219 70 118 227 231 204 188 212 199 60 209 125 133 218 229 30 148 224 155 202 86 83 102 238 193 130 47 56 221 182 44 32 90 220 88 26 165 75 175 38 149 117 54 174 241 121 
72 : 45 226 238 61 243 125 157 60 75 116 150 180 69 137 103 37 112 40 89 207 86 90 162 92 139 230 108 64 131 166 124 31 203 82 154 198 208 96 36 113 167 231 182 130 170 219 83 119 109 39 164 218 217 101 51 153 66 94 172 225 106 49 222 145 171 204 188 120 67 95 152 244 33 168 
73 : 162 109 181 57 66 78 96 161 49 29 140 102 124 239 227 246 201 164 70 166 242 64 25 244 154 85 127 69 223 145 91 44 158 222 179 148 144 159 177 106 237 182 79 28 146 152 188 86 95 119 139 180 126 204 155 63 208 143 107 53 
74 : 131 104 247 116 195 89 189 165 248 92 100 132 175 221 86 212 103 135 39 155 126 48 35 230 113 109 197 40 78 84 102 233 234 58 97 68 191 190 124 49 228 180 77 142 144 43 220 227 45 121 198 222 157 186 26 119 127 82 183 218 57 184 80 65 74 108 153 167 164 226 173 211 37 225 72 216 151 179 34 163 236 
75 : 215 119 160 30 75 83 137 85 227 187 52 115 56 247 186 240 84 118 169 77 100 244 188 45 71 27 198 182 78 105 154 37 152 153 183 26 230 47 112 103 110 177 185 234 163 51 193 228 50 95 28 173 68 129 229 69 104 145 208 249 116 34 189 97 217 46 120 135 98 133 206 241 122 73 218 156 90 232 150 195 32 76 87 237 223 181 142 170 212 138 41 109 136 40 96 
76 : 218 156 158 235 197 211 217 121 111 119 99 213 193 177 184 49 228 86 179 220 150 125 248 92 89 137 107 232 85 80 32 117 153 174 247 30 106 51 152 246 200 33 195 239 41 61 176 76 201 215 223 227 39 57 103 238 95 168 102 147 36 233 82 78 138 244 188 161 135 126 131 93 50 182 148 45 63 122 
77 : 162 51 90 213 122 150 146 53 81 115 179 78 110 93 29 109 75 216 237 61 128 33 130 240 34 30 63 52 54 196 169 246 219 197 210 125 47 154 234 192 158 176 98 92 95 186 232 221 223 205 139 218 101 189 178 187 153 171 36 119 217 230 137 28 244 206 199 138 
78 : 238 39 55 110 191 134 199 50 159 117 76 164 86 232 179 170 137 91 108 147 174 240 114 244 176 122 127 142 77 161 106 208 53 175 49 62 241 123 247 143 221 230 249 51 234 163 83 70 155 41 192 204 96 95 206 182 85 68 104 124 52 149 197 146 36 97 69 64 188 177 101 181 200 126 231 109 168 102 29 88 42 236 218 73 
79 : 49 166 72 236 188 46 107 249 86 143 144 100 116 50 74 33 89 208 215 159 220 243 119 44 148 165 94 43 109 223 145 82 40 105 149 171 118 169 
80 : 76 188 91 129 146 26 90 154 168 235 118 228 176 222 208 237 100 62 78 43 144 157 57 223 96 25 192 236 93 136 88 248 211 164 178 38 151 219 158 63 75 81 44 106 239 180 242 191 209 36 134 240 73 169 85 205 148 224 183 68 114 55 147 227 61 207 122 226 189 247 249 108 177 67 120 220 92 170 123 200 104 110 46 82 130 241 140 234 204 213 89 80 124 152 98 30 187 142 70 113 77 31 128 244 196 137 87 
81 : 146 107 201 43 175 234 226 67 156 142 173 249 52 236 193 160 169 66 237 198 205 197 60 180 123 246 164 154 25 26 106 72 
82 : 46 43 45 240 127 95 129 202 225 120 150 87 112 79 177 58 192 182 228 32 157 52 237 201 135 134 85 164 118 184 84 81 130 97 28 195 77 222 
83 : 167 173 107 189 153 75 195 170 147 154 63 200 181 164 105 218 236 114 157 183 112 28 98 185 244 146 142 64 45 53 67 92 88 125 211 207 184 30 249 49 135 212 80 214 188 143 127 240 47 213 81 168 56 206 219 104 205 169 58 55 220 155 99 44 245 82 85 132 158 48 117 231 35 94 140 172 165 77 106 91 187 192 89 191 137 57 133 134 116 247 121 176 171 62 203 76 241 141 87 79 52 156 122 
84 : 47 126 120 33 128 67 232 78 124 127 88 132 225 53 131 173 141 75 116 147 178 38 182 133 146 138 212 181 104 234 160 219 150 180 248 166 220 107 109 129 100 188 163 118 110 86 245 45 165 61 37 195 144 28 34 222 214 168 218 179 216 30 46 164 84 215 207 203 43 65 63 161 92 60 76 226 68 72 246 228 123 55 201 58 227 79 143 
85 : 126 43 149 107 187 59 158 101 50 52 96 238 234 179 38 239 188 100 116 212 114 154 197 247 41 152 99 146 66 39 175 237 178 133 176 115 102 218 46 248 227 105 157 169 153 211 186 118 198 44 180 231 216 155 244 117 142 75 68 226 249 246 208 88 110 94 
86 : 31 86 241 249 29 70 25 67 199 45 212 179 169 242 95 158 188 238 219 127 225 27 162 149 247 92 58 163 55 205 82 182 192 94 115 228 75 229 126 243 30 34 125 139 120 210 141 32 220 209 88 
87 : 226 76 142 231 179 112 153 221 203 151 188 133 238 192 109 180 122 61 43 230 202 138 113 119 80 224 72 106 161 131 145 181 164 170 135 234 127 157 215 48 62 60 64 186 214 169 216 246 137 102 32 46 101 205 159 65 36 207 68 25 232 82 190 240 233 27 87 196 172 140 212 78 146 124 121 198 174 248 81 39 165 225 209 97 37 49 35 150 100 31 103 187 110 227 98 173 
88 : 109 166 59 199 61 67 121 30 84 65 219 187 200 212 101 205 112 113 105 47 215 106 63 81 71 243 39 189 191 234 78 89 249 180 229 70 133 185 86 100 93 192 79 213 196 154 181 58 230 80 88 25 127 143 197 110 220 165 155 34 83 206 122 149 35 241 90 173 226 148 49 68 195 202 96 207 178 238 157 137 193 103 111 186 42 125 40 31 169 87 56 102 222 147 76 237 176 235 119 69 184 114 115 162 150 48 152 172 66 
89 : 200 28 221 63 101 93 227 123 214 108 105 184 41 36 243 160 75 231 34 125 83 141 45 80 166 240 173 206 205 102 233 39 179 146 
90 : 218 177 235 74 152 46 32 130 176 140 167 221 88 214 115 98 182 83 43 72 160 44 211 116 228 114 82 149 48 102 148 169 173 215 100 
91 : 81 144 59 64 51 143 69 72 241 80 141 202 114 138 155 139 203 68 56 108 197 44 246 39 182 214 171 208 33 222 121 239 60 157 98 94 83 66 49 149 103 61 89 26 40 47 232 210 113 240 170 237 236 67 131 119 244 112 104 134 95 243 153 188 36 62 234 45 41 58 164 38 176 
92 : 128 155 224 235 45 187 221 246 85 58 178 102 214 200 32 236 156 201 160 101 92 140 205 108 91 146 196 82 148 57 34 126 137 125 206 123 118 213 219 25 96 43 243 132 222 141 181 133 179 152 56 207 104 83 49 44 122 54 95 127 231 218 138 47 
93 : 221 98 232 102 211 147 91 126 193 38 184 186 115 247 95 32 49 62 81 173 143 144 36 219 138 204 220 57 208 122 58 85 167 141 31 86 76 52 71 28 66 166 164 168 239 207 233 198 54 209 190 133 178 201 100 155 74 213 61 79 234 237 212 83 169 229 235 26 103 30 82 59 181 245 109 65 226 43 157 72 225 241 246 39 96 46 105 117 218 51 130 94 171 73 187 248 228 
94 : 107 59 184 158 49 173 103 144 221 69 245 28 40 36 44 162 234 186 171 180 174 195 143 65 166 176 219 72 56 30 151 130 132 226 127 87 170 102 222 38 96 81 248 177 124 51 123 233 194 230 141 116 111 77 70 196 139 214 246 115 212 93 
95 : 249 51 222 226 73 121 28 173 161 211 125 26 159 87 65 48 79 200 182 106 126 83 180 82 179 27 77 31 162 218 248 165 43 228 88 78 196 214 198 58 185 247 168 221 115 192 150 145 243 40 53 128 149 63 142 118 246 178 151 167 38 92 36 241 80 49 216 
96 : 235 181 232 139 77 89 68 148 98 121 91 56 162 28 116 213 80 59 216 150 249 114 134 211 199 63 223 60 43 244 108 136 84 103 83 70 49 143 41 26 38 231 218 62 230 74 222 78 151 194 37 99 87 149 138 185 90 237 86 45 245 174 76 29 73 189 
97 : 116 175 45 64 234 81 79 35 93 155 180 201 63 38 151 193 153 235 76 52 51 59 139 146 184 127 145 211 227 149 162 174 199 30 89 39 239 179 140 65 164 225 92 53 80 43 189 209 167 159 69 84 192 244 247 152 28 208 229 77 216 138 27 168 75 236 73 133 90 240 
98 : 81 34 240 122 89 241 237 145 115 111 100 123 50 113 42 212 220 166 130 56 160 83 94 243 200 139 189 218 131 65 39 172 29 168 112 116 181 232 26 93 53 191 165 108 142 85 234 158 225 148 41 61 140 75 246 197 242 95 138 153 32 239 222 121 43 70 183 76 
99 : 63 177 70 46 141 133 188 215 143 100 156 86 98 209 150 189 183 50 152 60 210 184 203 53 124 104 77 56 54 246 243 226 52 101 
100 : 207 159 248 122 244 168 229 200 67 182 125 98 180 161 128 179 195 148 100 77 158 237 66 189 131 238 73 64 139 186 236 32 217 232 72 61 160 33 156 36 70 245 153 190 46 38 230 41 184 106 74 188 196 101 192 65 90 118 112 241 40 92 143 210 95 79 183 194 82 215 81 176 117 142 173 114 78 130 69 43 166 136 167 35 111 87 52 37 198 181 144 216 132 28 80 202 39 235 146 212 56 
101 : 95 72 153 234 200 136 226 224 241 204 195 238 243 89 133 190 240 54 65 162 220 26 45 185 239 96 145 102 232 219 120 114 125 52 57 134 184 79 144 170 157 107 115 214 53 155 122 173 82 124 43 160 167 32 49 47 118 209 104 31 179 193 249 154 88 229 248 84 191 227 194 169 141 77 233 70 41 197 222 156 151 36 81 180 143 99 109 80 25 98 171 116 161 
102 : 202 206 201 29 173 79 210 231 170 36 43 51 73 125 105 242 88 61 169 151 85 126 196 98 211 195 60 218 205 156 64 121 224 97 138 240 228 234 168 189 225 139 103 65 207 37 77 41 72 140 246 25 144 120 78 233 128 219 181 172 215 133 52 84 183 102 94 159 45 229 130 245 38 155 91 162 119 244 110 223 50 30 154 124 47 55 
103 : 148 124 164 153 77 112 219 176 189 26 71 119 140 110 211 194 230 193 28 80 47 203 168 127 137 206 214 52 94 201 31 97 166 224 116 185 154 188 196 50 126 49 183 66 40 103 81 76 89 35 107 160 115 141 114 239 123 162 85 102 152 220 118 216 46 53 131 79 182 101 179 135 64 207 146 218 122 163 217 67 74 227 82 192 
104 : 233 174 238 59 73 154 58 128 26 107 227 149 90 117 55 188 190 206 220 144 64 31 205 225 52 65 224 247 35 66 38 209 42 219 84 80 131 124 239 56 222 112 197 203 43 33 156 231 32 194 108 146 41 176 243 54 114 104 201 215 240 141 86 210 91 130 235 244 45 47 159 181 184 192 200 168 214 171 77 237 196 115 109 79 46 93 152 98 145 166 121 71 72 241 208 135 36 60 148 51 88 
105 : 90 57 235 208 118 123 167 134 220 142 51 89 216 47 150 29 59 65 97 122 159 201 144 163 187 157 239 115 154 231 218 242 28 108 107 161 27 45 129 63 44 217 213 113 141 131 60 101 151 82 135 183 79 179 158 92 184 105 200 168 228 219 149 104 62 145 50 96 25 171 125 153 170 181 121 191 31 177 241 42 86 152 237 233 120 75 211 54 56 
106 : 61 184 158 27 90 194 87 120 249 146 235 136 230 59 96 208 39 80 140 29 171 51 41 99 203 45 147 123 56 154 175 204 245 125 50 149 124 195 38 148 210 180 215 30 162 112 164 97 160 46 218 163 205 182 192 214 81 177 181 121 138 224 238 118 
107 : 145 28 154 192 86 237 74 136 189 226 119 141 34 27 111 118 160 113 186 30 162 103 66 102 179 106 200 79 54 42 185 190 48 157 62 220 25 221 82 104 69 26 65 152 165 166 244 98 87 40 210 109 213 196 177 148 142 77 195 107 67 230 183 47 242 151 78 36 170 176 247 167 143 153 
108 : 228 39 27 209 238 175 139 239 88 154 34 224 234 83 60 87 108 197 181 213 41 37 159 52 136 29 216 171 164 46 208 115 69 89 49 77 193 121 199 184 174 137 47 245 51 212 84 170 
109 : 166 193 37 69 29 96 67 66 146 235 53 236 136 227 42 119 88 185 126 62 122 165 213 247 100 144 52 33 245 174 153 159 200 246 228 109 237 124 138 65 191 75 34 241 248 78 239 149 178 64 194 98 115 87 242 60 139 206 117 143 106 27 215 188 179 208 197 183 
110 : 208 54 61 47 225 243 101 93 38 81 43 100 167 104 55 74 190 36 135 171 249 242 138 159 212 113 123 179 232 25 241 140 246 117 223 215 58 185 85 148 227 120 31 139 89 189 
111 : 55 46 231 211 144 233 202 66 127 43 137 25 184 205 169 34 153 161 163 106 130 164 40 135 221 29 63 133 129 242 229 234 42 32 195 52 203 28 119 197 120 54 204 49 215 206 141 118 230 246 188 187 82 75 33 235 201 222 48 170 91 26 107 39 37 
112 : 94 131 57 166 99 35 171 216 167 46 34 33 126 205 219 78 146 113 128 221 67 86 180 220 103 118 28 27 173 47 147 224 150 234 88 37 144 148 226 134 109 191 70 143 155 115 26 165 101 44 184 207 54 108 239 48 145 179 231 142 137 117 38 198 199 204 110 75 106 229 159 69 80 195 51 189 163 31 81 130 116 124 62 30 59 25 233 76 206 152 90 149 89 
113 : 45 179 62 126 144 172 64 44 157 90 111 128 249 91 225 152 230 235 239 94 97 180 165 191 190 162 199 131 69 148 201 175 220 32 241 217 218 34 168 40 238 61 55 109 247 51 202 85 76 75 146 167 159 119 135 123 139 211 177 203 46 242 92 142 25 95 103 213 36 101 194 93 33 189 118 137 200 67 57 53 228 27 
114 : 95 62 218 189 148 212 91 194 191 131 41 151 66 188 209 146 119 57 201 196 26 75 80 92 74 69 59 153 210 175 235 102 87 129 70 224 68 166 184 127 159 83 130 110 90 125 242 215 61 170 56 141 101 234 243 53 186 55 163 137 237 25 34 208 43 206 118 158 
115 : 25 243 95 36 60 179 211 248 88 134 189 76 110 217 89 175 154 82 150 191 229 239 188 166 207 86 245 58 118 115 210 75 242 
116 : 27 174 146 94 95 116 37 83 32 220 59 51 57 121 25 34 145 60 41 160 219 139 38 162 30 182 245 120 45 55 61 97 175 227 130 31 70 43 88 140 209 149 86 112 75 207 234 39 82 106 89 58 87 128 193 103 54 137 215 64 147 203 81 68 46 229 218 178 138 188 228 118 169 236 132 200 108 173 198 69 62 56 208 133 50 84 246 210 154 
117 : 182 201 231 58 139 68 155 25 30 179 159 105 197 113 130 208 116 111 73 109 170 54 114 72 144 40 26 146 223 93 46 126 171 83 120 97 216 71 140 70 123 50 117 219 188 169 118 55 212 115 180 161 85 74 62 92 52 103 227 95 81 84 153 
118 : 230 47 238 188 85 69 221 68 248 141 36 59 154 199 124 37 168 195 52 175 77 58 209 41 104 150 38 143 56 95 120 65 207 193 200 96 240 88 114 181 27 201 39 222 84 121 40 162 78 235 149 35 26 135 115 167 134 82 243 204 53 92 55 89 163 210 118 208 64 140 145 97 81 179 83 190 63 102 205 216 225 28 227 242 249 231 159 147 128 196 180 
119 : 212 221 123 220 67 37 35 196 27 122 164 217 246 66 216 102 105 240 187 92 192 194 155 181 131 184 42 30 32 159 152 77 144 143 175 244 148 147 242 44 125 177 115 124 57 206 149 95 82 213 132 74 243 52 46 230 96 233 197 40 182 117 48 239 119 204 161 234 84 223 162 53 174 248 156 163 
120 : 224 247 85 221 66 229 148 146 192 56 191 125 87 219 119 30 128 183 202 89 181 122 210 180 144 48 126 75 138 33 91 152 179 70 160 163 93 69 111 102 90 170 189 121 84 117 76 42 211 35 81 240 159 37 62 245 200 187 166 238 
121 : 188 243 171 25 44 125 205 114 161 244 166 207 81 215 163 217 173 27 63 46 68 175 43 31 30 187 209 42 89 129 152 103 55 56 246 212 102 167 115 119 38 66 
122 : 42 224 240 29 68 175 176 56 101 209 221 178 188 235 146 182 95 47 62 69 93 58 90 102 210 208 204 151 195 48 51 39 214 25 74 57 49 186 223 140 159 148 31 128 169 194 152 212 174 130 34 70 86 227 99 147 30 84 170 165 53 216 44 162 217 100 153 106 145 207 115 200 111 136 59 88 154 196 141 173 201 236 28 193 185 190 155 247 177 60 191 183 206 43 114 237 94 242 32 187 243 166 238 143 244 89 135 97 40 215 231 121 
123 : 241 193 78 42 39 64 50 219 182 130 143 186 44 188 60 53 138 224 190 52 153 172 73 139 194 214 158 237 72 179 196 244 221 43 180 149 222 38 82 36 152 27 210 107 71 142 99 25 163 67 135 58 200 106 57 136 198 63 159 132 83 97 170 125 116 150 30 209 240 206 26 128 61 246 160 120 231 171 131 215 155 37 45 34 249 68 31 248 216 93 77 103 
124 : 138 213 204 101 172 169 141 217 79 92 176 228 72 202 249 208 199 185 88 28 26 93 127 56 160 201 200 82 47 130 239 181 241 179 192 129 50 234 87 109 98 205 163 75 77 173 76 191 203 230 29 51 215 124 214 99 143 115 116 33 48 38 117 30 69 
125 : 210 103 227 213 134 26 89 224 240 122 47 139 161 33 100 153 78 219 205 49 187 177 230 216 192 152 73 28 194 136 59 94 207 46 168 30 235 174 249 51 35 45 150 32 208 180 114 119 34 42 56 128 175 133 109 218 222 232 77 90 142 243 91 57 166 191 25 229 84 102 40 188 104 147 244 60 39 141 215 63 132 130 87 55 176 117 160 186 137 179 173 62 156 212 202 154 203 149 113 165 115 38 86 107 
126 : 93 52 239 125 166 41 103 187 87 183 133 139 50 77 74 228 191 54 81 28 143 69 64 169 98 242 65 114 47 157 29 79 140 151 178 42 61 211 248 71 122 
127 : 238 146 170 155 249 68 193 239 214 54 59 230 145 57 128 103 77 156 141 26 168 82 123 86 247 246 124 223 69 142 175 129 97 215 35 36 49 183 177 219 32 181 79 92 226 39 136 163 90 220 151 152 189 212 33 84 107 242 153 245 162 61 203 196 198 110 81 224 37 80 99 133 102 169 134 117 50 184 180 236 234 48 195 127 172 237 176 67 47 65 112 
128 : 231 30 67 85 45 186 51 224 31 163 59 98 150 106 215 119 153 173 139 81 160 245 103 149 196 154 177 141 50 176 189 179 112 206 148 248 89 191 222 214 152 182 187 168 44 58 140 225 114 101 125 143 120 136 227 159 247 96 39 52 243 37 138 
129 : 186 115 47 220 60 189 244 121 148 99 153 207 163 182 238 105 59 84 106 158 42 236 165 205 34 192 237 27 
130 : 136 228 125 71 249 183 83 152 112 37 226 122 248 74 33 182 184 80 187 231 204 196 234 212 186 243 70 73 35 123 222 191 103 100 63 147 207 95 115 48 203 214 120 143 198 239 157 50 118 59 44 175 104 102 76 244 215 72 155 144 105 176 181 64 137 140 34 237 148 218 164 55 65 141 92 134 36 69 98 41 57 97 238 62 89 81 161 165 93 127 84 223 162 163 233 138 208 56 213 224 235 232 124 
131 : 40 187 159 146 199 245 227 189 119 204 212 233 91 71 101 224 247 48 121 184 139 161 107 155 37 216 219 79 229 89 80 90 85 116 73 240 164 183 86 226 50 123 136 198 208 110 35 178 124 52 157 244 65 112 172 205 175 113 69 36 137 190 109 84 30 133 149 29 42 217 228 223 72 230 56 98 151 181 97 193 232 207 206 197 152 68 218 70 185 134 125 234 169 215 100 145 173 194 92 231 141 186 132 135 117 239 225 129 
132 : 241 167 235 48 185 156 147 194 215 116 216 112 113 93 81 84 202 67 120 224 163 82 172 103 26 221 44 205 171 117 138 155 175 99 25 165 132 232 38 148 143 244 
133 : 25 58 231 241 93 202 86 39 100 176 245 223 157 183 123 160 68 112 233 69 105 138 199 117 91 46 235 79 194 47 53 151 141 214 121 239 49 175 201 237 104 170 181 
134 : 93 194 176 172 151 69 175 220 53 217 215 125 41 48 76 240 112 145 134 127 236 214 166 40 123 183 91 58 126 140 197 109 202 225 241 133 33 114 77 39 104 74 224 148 94 201 61 
135 : 187 38 233 84 72 62 201 81 34 151 65 135 234 183 136 94 101 109 212 184 130 181 226 215 205 219 126 44 228 48 200 25 218 128 193 188 169 30 145 80 66 206 61 86 159 204 39 172 32 216 110 127 171 63 60 182 54 143 190 55 31 173 
136 : 188 182 185 137 75 42 31 226 134 123 214 223 60 133 130 140 27 206 90 74 126 103 124 70 163 172 113 227 120 175 229 72 34 104 220 83 245 96 143 37 63 26 135 107 161 192 145 127 233 181 48 52 243 139 196 94 241 173 78 71 129 66 
137 : 218 118 32 240 228 234 241 146 68 122 131 209 204 97 220 210 199 34 189 186 80 27 153 28 168 125 66 169 223 65 201 150 36 136 82 95 140 90 246 115 205 156 98 148 235 248 31 73 176 203 120 180 128 99 158 102 67 173 55 109 114 117 108 212 35 52 110 72 113 194 124 187 53 91 217 190 129 160 41 233 213 226 172 56 132 236 182 247 85 
138 : 51 170 127 105 169 228 176 196 125 29 239 181 135 200 147 206 205 33 225 75 211 34 95 65 163 122 185 56 236 234 81 103 149 215 148 197 118 199 138 
139 : 95 143 58 129 214 159 238 157 44 162 195 150 93 144 232 37 227 60 90 64 86 198 104 215 40 155 187 176 201 188 119 245 106 39 35 163 111 194 228 112 96 68 133 135 229 28 26 202 101 103 34 45 126 224 107 185 170 38 91 184 118 169 30 110 41 211 246 116 207 180 218 59 78 217 192 221 72 179 149 79 114 203 166 158 65 236 49 48 33 67 199 125 61 206 165 249 
140 : 203 65 166 156 137 168 70 163 222 28 128 247 176 124 63 178 87 170 183 90 155 107 205 76 133 171 
141 : 224 110 39 221 99 192 194 145 108 116 137 200 206 56 170 193 230 48 226 106 30 62 160 134 162 72 101 88 49 159 121 90 163 119 57 98 34 211 61 168 43 234 111 238 73 70 113 75 202 84 103 142 150 94 205 31 184 41 223 182 93 183 171 155 128 143 37 80 69 174 228 177 58 127 79 158 248 
142 : 87 104 94 110 115 141 221 246 140 180 205 235 116 164 159 48 130 72 145 122 106 137 197 216 67 162 174 113 200 136 213 92 68 225 83 82 134 224 173 249 
143 : 237 157 91 163 234 84 162 96 25 94 193 179 189 185 204 158 202 118 30 135 147 34 182 31 77 127 123 58 181 180 212 121 230 49 134 184 144 67 125 196 109 231 173 113 154 129 164 236 175 153 
144 : 104 173 47 170 138 128 179 245 56 101 213 122 140 39 201 72 200 92 31 126 117 171 165 95 60 89 111 161 78 84 212 51 113 195 121 228 136 107 125 100 
145 : 108 63 241 171 207 69 186 224 55 221 70 173 137 87 133 199 245 91 182 75 26 138 210 205 117 240 81 78 76 51 236 37 120 114 82 56 206 164 153 165 
146 : 99 72 61 216 140 231 42 105 196 87 235 195 208 112 57 106 64 241 229 212 37 85 91 29 157 245 230 234 104 31 141 134 211 222 131 113 110 132 62 92 171 32 182 84 98 121 59 39 237 169 44 204 201 130 60 188 150 30 223 164 226 
147 : 249 150 118 112 197 192 188 211 128 241 47 139 93 217 39 246 30 169 200 97 66 164 173 56 40 142 86 218 27 133 166 177 208 152 227 243 125 60 103 123 245 236 235 193 144 104 106 117 231 102 182 32 175 206 237 137 242 80 41 69 84 92 239 170 120 67 98 151 62 222 43 195 153 196 58 124 51 145 129 141 248 49 37 223 157 191 215 38 202 96 95 113 44 50 234 159 101 
148 : 116 146 239 240 155 212 47 143 154 224 74 49 203 106 37 136 107 100 153 217 72 218 199 91 190 225 242 230 174 31 234 57 61 44 27 236 193 95 121 207 162 38 119 73 194 134 231 168 113 76 171 92 209 249 97 226 30 158 33 211 187 232 202 83 120 213 235 131 185 115 71 198 248 117 137 139 129 238 94 216 219 138 36 
149 : 193 168 52 224 46 166 220 42 162 85 143 247 149 95 114 245 28 119 90 180 107 38 98 158 216 126 227 53 27 36 155 121 223 99 210 65 148 
150 : 67 60 205 174 163 217 34 36 86 194 145 146 58 30 200 105 72 176 158 109 124 169 45 27 134 26 170 69 232 115 114 204 189 125 81 112 179 155 212 136 98 46 68 246 207 89 225 231 77 234 39 249 82 245 43 132 235 40 48 90 226 228 164 
151 : 217 99 75 126 62 31 245 144 181 177 117 216 190 67 89 132 240 231 86 174 46 81 199 78 244 110 142 136 155 41 27 63 235 30 93 210 116 121 209 129 55 163 221 109 160 152 92 203 143 140 227 122 32 208 82 196 179 40 120 118 182 35 172 65 102 238 176 234 103 111 171 175 128 236 198 33 94 39 
152 : 194 164 51 106 91 150 47 71 217 161 172 239 50 78 156 116 66 231 135 235 190 157 177 74 101 67 42 41 69 224 195 155 232 183 52 133 26 246 95 93 70 83 171 216 40 145 36 33 234 149 39 205 104 218 208 128 48 185 27 46 227 89 222 201 245 77 102 191 147 25 127 132 140 189 72 126 229 165 215 112 186 152 57 120 174 169 143 175 121 35 220 210 241 146 163 
153 : 84 244 222 43 118 170 165 87 183 154 73 64 94 176 195 159 141 178 200 238 174 62 143 44 107 203 233 100 193 241 33 96 132 166 146 90 189 223 130 70 221 112 190 102 147 31 117 155 68 101 188 202 66 109 133 136 175 98 173 204 192 128 36 206 172 72 229 97 114 38 199 63 197 180 111 185 234 177 235 28 58 45 163 246 213 
154 : 210 55 97 207 40 111 161 80 44 184 109 139 212 194 152 249 34 59 66 224 145 77 28 98 125 205 174 242 226 190 223 181 243 198 89 124 202 106 36 217 162 93 183 113 130 63 143 247 153 157 115 230 222 68 175 65 41 239 83 206 58 107 131 187 154 86 84 79 46 156 71 144 170 76 87 188 240 90 165 120 150 164 159 
155 : 32 166 108 247 228 39 174 215 28 164 102 107 203 59 62 200 146 118 239 210 134 26 78 90 222 75 99 57 50 95 136 224 220 194 213 235 248 115 223 48 97 193 245 167 236 141 68 233 119 157 190 60 237 36 191 148 86 227 100 89 218 139 34 109 33 156 94 
156 : 110 156 51 44 59 157 148 153 197 202 135 49 115 213 42 37 107 159 230 201 212 228 145 188 146 134 55 91 234 112 217 63 160 30 240 105 247 29 58 40 154 94 233 99 81 226 182 200 46 203 27 50 235 177 129 114 218 122 124 142 170 79 67 113 232 185 151 73 206 118 69 25 216 28 191 66 72 47 137 100 31 210 
157 : 186 29 117 83 38 127 129 54 148 122 187 75 233 172 238 208 119 104 152 106 176 49 160 36 59 240 153 128 95 175 179 99 62 237 63 130 161 131 
158 : 95 248 126 135 88 193 185 69 84 138 50 175 26 191 122 92 204 202 77 225 58 190 129 208 60 48 54 188 192 246 165 125 94 76 160 241 236 57 164 231 39 91 
159 : 193 170 101 38 227 63 105 194 182 131 209 221 225 148 108 133 26 216 239 158 76 249 168 127 156 201 211 124 172 192 50 176 96 55 125 103 129 132 152 79 69 126 219 92 226 245 224 117 153 85 123 145 174 28 228 159 160 29 187 70 212 86 139 214 188 61 95 88 57 183 166 64 44 48 197 203 118 233 137 115 155 93 173 84 210 198 54 41 27 102 234 
160 : 60 227 217 84 156 32 54 170 159 165 49 57 90 38 179 89 120 151 174 31 135 240 107 132 198 69 196 172 109 230 118 127 95 154 194 108 103 94 234 237 130 249 224 46 218 145 226 87 126 201 245 222 246 140 189 105 220 82 78 180 68 142 229 76 211 186 63 51 55 80 40 164 188 131 35 242 33 104 25 187 239 26 116 122 241 177 83 77 149 161 91 121 209 192 65 162 248 74 123 143 208 215 29 79 160 210 
161 : 240 120 160 92 71 124 148 167 127 69 81 173 93 190 217 89 189 60 226 242 99 41 234 98 147 149 53 44 113 162 87 230 78 39 64 237 36 34 216 128 231 201 102 152 52 172 223 247 57 142 198 197 84 211 203 97 88 121 110 134 209 122 46 56 155 42 40 82 214 117 123 229 136 68 90 25 245 106 112 166 176 104 67 182 243 145 157 126 178 37 130 
162 : 55 142 152 71 247 197 42 65 128 44 204 63 117 217 222 169 147 34 129 119 111 154 215 174 100 156 82 36 37 136 161 188 232 29 118 208 109 201 121 51 183 224 229 206 194 163 244 140 182 108 125 72 139 239 214 57 166 138 243 115 153 198 221 39 186 150 122 96 
163 : 129 187 74 119 36 194 46 90 28 134 97 195 153 49 210 196 73 181 182 244 130 112 236 184 121 43 225 86 144 214 198 246 
164 : 208 120 159 185 144 172 160 95 219 190 67 138 27 148 168 240 193 110 85 87 217 241 131 235 45 92 51 227 214 40 184 152 73 29 56 228 57 155 212 115 233 113 169 245 60 125 126 238 130 90 234 105 75 132 139 82 103 171 147 143 
165 : 237 219 103 53 48 99 189 191 126 32 89 137 159 187 120 231 104 188 70 109 34 160 248 67 66 92 220 182 58 164 
166 : 39 60 86 29 248 184 33 55 103 233 190 146 66 56 200 197 32 69 225 49 37 116 52 162 143 98 63 159 122 84 144 25 187 118 227 124 232 151 212 102 80 163 172 93 203 87 46 101 244 85 26 239 223 111 99 157 160 34 132 154 174 189 167 57 168 183 188 177 179 53 193 113 161 92 166 62 133 104 213 41 96 204 78 220 114 64 88 120 219 
167 : 220 151 142 100 147 70 241 209 133 232 200 67 119 169 59 42 30 134 74 130 135 245 77 49 189 201 237 95 204 139 226 
168 : 47 74 228 204 76 57 162 220 59 119 121 92 73 126 249 160 218 168 206 130 82 34 85 135 39 31 30 169 61 52 116 197 56 105 35 58 141 87 118 240 179 102 202 133 86 70 37 171 221 163 28 150 94 36 170 48 113 122 147 227 248 232 167 127 177 222 108 117 186 89 66 161 81 190 229 93 187 114 180 64 245 156 152 172 159 225 125 54 148 196 173 208 55 
169 : 192 45 173 41 123 77 104 191 69 239 206 177 164 52 145 230 207 135 165 225 42 141 64 120 136 171 26 249 93 203 95 232 122 100 215 61 124 30 28 29 34 127 195 107 154 103 59 183 111 51 169 146 194 56 144 
170 : 225 84 56 122 244 177 203 148 241 103 59 64 97 121 218 29 124 54 91 157 109 137 175 111 243 217 138 192 88 195 96 154 245 75 72 123 37 65 39 153 216 66 67 249 190 49 215 167 
171 : 144 121 210 137 165 61 42 41 236 139 111 179 177 63 162 130 28 229 35 234 103 123 113 160 195 66 85 202 209 27 161 136 227 98 164 116 81 222 197 84 53 148 96 231 192 88 237 46 100 211 60 219 50 224 205 220 187 109 52 152 218 79 182 241 228 203 233 154 173 43 145 245 159 95 
172 : 135 37 210 187 195 58 40 99 237 105 203 98 126 29 123 151 220 141 244 198 68 248 160 95 65 44 191 178 167 113 236 202 106 145 154 165 85 86 26 87 216 143 137 174 109 243 103 185 92 183 115 134 182 71 238 57 116 194 34 169 80 215 159 188 136 246 72 242 111 224 233 171 164 130 193 45 200 69 229 78 158 114 211 179 212 232 39 150 228 89 207 30 189 81 
173 : 92 89 170 222 151 231 207 202 110 247 61 95 149 46 217 56 86 40 65 204 74 64 224 103 185 120 85 140 57 246 168 96 
174 : 227 225 168 33 101 204 237 60 226 132 194 47 211 248 46 133 152 88 50 62 164 236 135 138 182 197 129 57 165 186 245 42 39 100 131 173 178 51 66 124 110 112 217 244 136 160 154 114 107 234 26 224 65 105 64 56 96 85 109 134 90 99 108 91 151 205 206 61 223 120 172 81 141 156 93 87 30 94 104 191 83 195 213 219 31 153 162 155 72 36 84 159 95 229 145 68 167 
175 : 182 162 152 179 140 71 163 110 231 104 190 241 125 29 114 167 113 213 102 209 108 229 159 195 37 46 47 51 31 160 138 81 87 79 101 238 67 219 202 26 85 58 134 91 74 233 126 245 130 240 198 246 72 222 155 211 69 174 27 136 226 65 59 121 99 232 40 188 115 168 177 73 191 135 76 105 164 55 117 153 97 45 70 147 44 157 62 197 38 120 52 201 49 247 39 151 186 106 77 129 142 89 123 165 32 
176 : 127 68 179 87 146 125 185 208 210 88 157 75 97 178 188 61 38 141 153 160 130 56 51 47 218 222 235 169 217 212 66 144 227 55 85 196 161 203 115 187 91 58 57 43 186 39 151 207 189 52 84 44 190 60 197 93 183 78 35 73 231 86 106 194 244 92 201 221 158 98 139 110 223 236 37 69 233 27 191 209 49 182 123 67 143 65 89 29 114 
177 : 177 110 174 59 200 143 109 116 225 208 41 89 201 184 249 231 76 161 220 206 49 214 65 39 163 94 51 209 195 
178 : 150 35 136 158 217 207 144 168 153 220 160 147 232 219 214 222 56 228 73 211 127 173 146 46 34 165 115 229 145 249 99 72 39 89 47 151 27 166 95 200 189 246 51 242 55 81 140 128 131 114 213 78 137 233 239 113 104 237 105 26 116 77 36 212 67 64 180 121 98 215 61 174 112 236 52 248 142 156 106 49 59 231 84 235 138 96 175 30 187 108 199 177 176 62 143 226 54 201 132 
