0 : 43 174 125 171 217 122 170 154 28 84 93 133 109 220 134 143 64 230 145 139 126 233 62 96 73 226 29 201 238 228 46 48 199 209 99 189 225 181 85 39 232 111 119 57 25 31 138 242 151 157 247 210 195 34 206 149 76 38 164 
1 : 27 245 102 108 173 25 95 69 84 219 162 249 180 202 214 28 32 223 188 144 239 217 247 241 207 40 172 79 75 64 131 147 138 37 215 49 156 85 130 36 33 56 88 94 47 201 66 125 105 167 45 157 60 225 55 246 166 135 68 53 91 119 145 196 58 103 62 29 142 195 92 187 31 48 229 26 148 76 74 178 163 160 198 132 43 153 67 
2 : 163 107 67 153 119 50 240 68 114 124 241 61 188 172 123 95 93 131 236 199 48 193 73 81 65 156 85 110 66 152 171 224 35 129 78 212 77 145 69 105 75 94 126 132 112 130 175 200 247 55 82 42 237 147 170 227 51 53 177 27 249 164 239 128 173 36 47 154 196 99 142 192 148 182 167 242 80 214 223 220 232 113 64 103 84 144 31 71 121 116 108 
3 : 32 126 177 248 156 97 176 169 58 147 33 141 180 49 69 138 119 218 91 183 85 192 122 65 239 195 40 103 172 173 185 106 116 27 193 83 164 209 67 42 224 44 68 104 131 48 89 125 76 54 96 134 99 225 152 120 28 130 92 111 34 243 198 161 53 61 57 174 124 171 93 118 153 204 62 146 113 179 82 94 135 70 
4 : 87 213 30 221 155 29 197 144 94 189 157 131 107 111 112 100 76 171 113 164 110 191 67 159 59 80 179 72 178 207 203 224 97 174 206 75 241 233 130 51 115 222 63 225 46 198 28 133 
5 : 105 169 174 123 242 96 178 165 36 170 28 77 229 224 31 207 145 78 135 211 39 236 231 218 238 227 85 212 45 76 107 245 205 167 55 71 191 63 59 240 230 122 88 124 197 37 43 48 182 52 228 74 30 84 198 56 184 189 209 57 119 58 82 46 
6 : 53 194 65 168 93 145 154 175 40 106 171 205 83 248 117 240 43 86 245 42 79 50 158 92 137 67 85 
7 : 53 189 167 107 78 184 61 243 153 231 230 56 213 63 52 248 172 210 155 137 62 166 123 48 128 170 209 225 85 46 160 244 81 83 227 33 77 105 154 214 57 191 174 58 67 75 54 159 51 157 104 221 98 55 218 233 95 146 190 152 121 135 
8 : 235 158 122 71 87 59 146 75 156 62 229 80 25 249 129 96 164 202 236 27 102 228 145 124 211 91 72 200 148 152 192 199 154 28 222 183 241 212 160 223 165 172 101 88 85 198 109 137 182 232 86 47 67 136 121 130 51 123 173 201 168 37 207 147 82 218 115 118 151 143 243 149 166 107 142 230 113 248 239 45 73 110 48 150 63 60 157 95 
9 : 26 242 227 110 202 238 92 231 51 99 73 244 249 76 142 87 177 165 146 125 61 105 83 201 240 54 148 94 140 137 247 132 108 102 235 37 232 36 56 178 121 225 158 163 96 248 68 45 156 100 
10 : 209 227 207 141 114 152 111 79 57 223 90 222 186 184 244 175 59 202 215 193 65 64 229 177 100 41 206 155 70 
11 : 87 225 121 147 217 208 158 136 27 47 160 29 123 101 28 32 114 46 113 205 241 44 226 240 175 96 48 120 219 141 212 91 131 50 79 74 190 94 128 78 80 126 55 105 210 180 133 53 129 38 66 164 107 150 168 213 122 234 58 192 228 54 43 110 206 156 72 68 25 170 77 144 151 233 100 64 157 193 138 
12 : 83 138 149 57 64 164 107 249 60 178 141 168 187 49 174 126 134 208 216 199 195 189 181 104 93 203 51 31 177 98 206 101 109 239 61 88 72 186 47 162 36 69 230 140 153 139 171 236 192 246 129 33 105 40 26 151 112 108 80 197 89 125 43 137 96 116 215 32 245 71 
13 : 63 29 244 99 153 117 41 225 79 160 27 207 80 148 55 229 114 163 35 154 83 210 52 58 65 106 69 166 126 125 104 199 116 165 167 217 180 94 186 86 190 241 138 95 135 209 54 130 127 182 181 89 220 90 158 74 42 123 73 57 97 204 62 103 219 173 
14 : 105 87 198 185 178 46 171 40 208 39 134 34 115 213 48 106 70 92 183 186 180 209 179 95 104 155 229 128 207 220 156 47 145 164 153 123 184 80 54 227 112 58 241 102 233 189 173 165 137 63 60 170 120 181 37 33 151 154 246 64 242 
15 : 115 36 171 133 132 99 68 33 146 144 244 49 238 234 143 90 82 89 126 186 142 240 52 28 34 248 88 67 230 242 56 116 222 246 57 156 135 112 179 157 205 62 200 237 235 183 91 63 168 39 100 101 61 211 233 131 192 94 37 152 170 249 188 64 65 206 42 228 29 204 148 114 30 210 140 213 27 137 78 35 181 38 161 58 150 41 187 189 84 119 102 
16 : 169 26 220 164 247 232 202 132 248 138 41 210 200 181 180 105 245 192 31 131 140 175 204 182 154 120 107 205 60 70 55 43 61 174 219 142 33 115 216 113 179 237 168 167 104 88 101 63 143 141 68 95 236 86 30 89 59 44 85 37 
17 : 246 213 166 229 224 234 191 128 209 171 180 200 67 204 114 97 46 87 95 127 48 242 118 122 223 158 205 187 219 135 163 31 167 178 190 239 156 151 27 161 29 248 58 
18 : 62 49 224 197 218 211 28 89 176 166 163 191 237 134 94 32 115 171 221 160 239 80 91 165 139 148 195 97 74 30 189 152 226 136 173 151 233 
19 : 136 247 185 120 216 158 139 42 84 207 29 144 175 201 47 145 159 49 249 44 178 124 245 219 110 95 177 112 51 106 138 25 140 217 156 70 221 209 92 176 182 239 204 75 130 172 108 67 160 30 224 129 76 68 88 86 241 225 116 66 33 210 55 38 96 105 246 119 60 168 206 
20 : 40 192 167 162 135 191 87 166 37 75 224 168 90 95 134 74 169 128 73 189 61 197 70 80 195 57 28 184 141 111 219 45 232 230 206 113 43 124 216 69 154 119 147 161 52 47 183 76 30 234 157 207 210 153 185 85 41 77 170 42 248 180 88 138 150 137 249 33 116 217 245 32 158 49 56 228 54 212 205 92 53 236 46 136 112 50 
21 : 194 212 236 38 223 91 147 238 125 90 156 196 185 39 127 201 25 120 101 143 171 175 139 103 84 31 181 225 133 167 177 99 149 136 208 34 190 80 110 115 54 138 247 192 87 157 81 243 55 165 242 132 150 191 131 108 200 216 217 66 220 173 213 211 33 118 228 130 195 224 176 45 64 160 219 63 161 158 68 114 51 215 92 209 206 
22 : 220 225 116 187 39 29 183 204 212 98 240 170 241 205 207 44 188 227 66 248 140 40 176 103 141 69 177 33 208 213 104 148 105 77 124 175 234 67 60 194 61 150 192 247 147 179 38 26 47 121 191 145 243 
23 : 208 46 63 243 86 149 89 103 164 168 138 248 72 159 61 196 110 156 144 238 123 170 31 37 55 139 242 167 223 194 192 147 32 49 142 241 207 175 62 193 155 69 26 68 151 51 221 189 126 145 34 97 82 199 94 219 36 80 209 222 43 182 76 200 127 85 125 39 162 198 78 152 112 232 206 74 157 109 190 73 166 114 106 176 70 137 
24 : 208 172 41 122 100 142 129 155 237 38 147 39 159 121 137 165 79 179 168 213 50 40 150 46 214 134 61 235 163 185 136 90 141 31 193 219 135 198 116 28 123 48 91 111 37 243 67 33 
25 : 243 96 165 42 138 94 118 195 167 193 47 178 105 46 226 135 221 104 69 117 32 141 35 44 109 169 111 134 172 49 186 99 222 43 56 198 191 85 162 39 238 176 152 225 215 29 201 205 161 145 237 78 236 232 59 82 156 154 25 55 67 83 33 84 183 151 87 136 40 182 130 26 208 231 86 200 207 220 72 
26 : 49 243 145 242 167 110 232 150 164 234 92 144 149 124 32 119 41 141 213 148 196 95 88 155 225 
