0 : 236 152 142 225 49 52 134 120 180 248 220 210 76 123 237 67 246 72 172 99 105 61 231 54 94 161 31 71 86 201 124 135 230 56 141 
1 : 212 65 145 100 63 156 113 213 70 78 176 164 50 60 32 249 157 142 227 206 201 211 119 135 27 194 97 141 210 139 166 143 183 140 232 163 25 195 40 127 230 54 66 77 234 152 149 229 165 193 185 184 52 89 56 110 69 116 53 198 123 236 44 134 76 112 246 41 88 106 45 218 146 231 
2 : 102 86 215 125 75 107 55 71 182 121 236 41 103 87 72 208 63 172 244 90 101 59 137 176 219 140 
3 : 147 197 145 66 58 99 70 36 77 137 136 148 69 240 96 29 174 54 73 171 102 132 234 139 200 67 108 154 106 138 53 88 198 41 42 52 208 193 48 130 39 175 103 93 232 151 56 65 105 157 212 173 188 225 241 242 163 218 37 247 40 217 224 170 168 101 78 169 81 143 68 115 119 140 
4 : 104 186 35 215 222 92 120 139 112 244 236 101 49 116 180 74 83 102 187 157 128 50 119 210 235 160 220 91 159 27 225 132 62 67 126 185 96 118 241 95 188 183 46 123 41 148 66 172 171 152 177 71 149 161 68 54 245 89 175 
5 : 88 192 80 169 105 55 194 27 227 235 96 59 34 243 226 136 128 47 222 57 148 86 205 45 93 173 249 113 146 164 134 165 213 182 126 157 217 219 144 163 135 120 180 95 215 36 67 133 102 94 28 92 156 74 114 202 233 50 104 46 247 166 79 78 71 122 70 220 75 
6 : 155 197 191 61 140 214 231 131 116 187 101 192 219 133 42 206 72 119 169 183 41 126 204 156 77 165 177 205 199 132 200 179 81 87 43 85 30 
7 : 249 170 192 83 162 67 118 43 109 87 94 195 149 145 181 56 241 142 185 147 89 92 193 46 48 203 198 50 173 54 211 200 36 247 239 178 166 29 212 228 205 95 165 126 37 169 55 38 68 245 235 
8 : 116 146 81 154 231 174 186 246 157 96 86 84 245 117 137 242 29 217 49 43 209 26 170 64 118 211 34 30 54 72 88 244 160 190 169 40 114 75 25 133 164 221 213 129 172 38 79 77 206 46 76 
9 : 181 107 243 114 241 63 65 209 126 195 159 69 140 230 194 242 136 34 210 147 55 234 124 167 217 237 31 245 56 154 64 215 109 94 191 172 169 213 196 54 179 165 138 200 95 76 97 120 77 211 201 166 
10 : 124 117 176 146 152 103 89 102 174 65 127 139 186 157 52 77 80 73 231 36 87 210 84 56 26 33 39 54 92 58 
11 : 222 25 242 221 225 224 81 96 69 56 117 192 186 100 112 249 123 59 194 179 203 237 66 94 119 48 146 231 79 92 52 210 207 147 58 134 226 232 211 178 106 140 239 36 
12 : 30 66 46 35 42 105 157 151 114 179 211 239 103 141 107 36 88 78 156 235 130 138 183 94 69 228 54 229 163 101 192 121 117 241 199 85 242 120 153 113 133 233 95 187 214 206 89 125 40 232 188 148 210 75 180 172 167 146 220 72 45 64 238 135 195 249 50 185 223 25 82 86 244 31 61 225 227 44 
13 : 246 208 30 29 45 151 226 53 119 32 165 58 204 191 111 96 215 125 150 178 109 212 60 147 183 222 41 124 84 79 88 188 85 93 74 136 52 68 137 203 110 234 174 129 221 105 228 134 148 54 145 163 56 135 152 144 224 175 167 232 128 118 70 114 
14 : 90 160 197 167 48 244 38 118 81 116 76 157 239 231 208 154 176 31 127 79 230 117 152 248 50 181 179 137 72 96 40 62 44 201 215 164 123 246 142 209 184 59 39 36 25 47 124 187 64 46 204 136 135 177 105 225 183 119 77 88 101 125 202 210 69 220 161 166 106 242 189 110 35 144 26 75 238 
15 : 133 137 33 99 35 140 129 131 115 182 65 77 32 245 27 26 201 171 101 84 31 210 98 208 168 40 145 114 141 30 219 41 138 224 87 94 123 136 233 215 95 175 220 190 45 122 81 216 149 148 50 28 143 211 197 173 153 238 121 207 242 37 134 161 235 
16 : 183 38 128 108 247 236 216 131 200 119 158 59 67 154 209 205 77 43 204 194 142 222 36 177 49 139 185 243 169 70 50 179 94 199 118 91 195 201 74 135 210 63 25 28 47 112 151 132 189 176 
17 : 33 197 189 163 245 41 151 201 76 188 215 94 179 137 168 48 38 104 47 80 117 78 246 192 216 202 166 114 127 164 230 224 69 146 227 200 187 73 111 65 154 198 122 110 237 136 72 205 106 98 27 133 235 55 182 132 42 88 155 220 211 87 105 77 165 54 36 115 118 180 134 
18 : 125 114 33 243 37 175 187 156 105 116 209 238 194 31 136 189 179 60 160 104 222 235 126 96 108 49 128 118 190 109 180 30 79 245 38 195 230 107 213 234 232 158 39 40 25 214 52 103 153 188 131 68 174 191 83 55 115 149 27 80 110 95 82 57 78 97 138 224 71 46 121 90 140 
19 : 192 26 135 218 241 136 32 229 215 77 106 67 196 191 156 101 93 64 249 221 109 154 122 70 74 242 176 169 227 95 125 155 91 149 25 162 180 65 187 37 214 184 27 147 151 129 114 237 177 166 53 57 206 212 62 197 89 30 121 104 138 66 143 97 181 128 145 245 200 139 61 198 240 157 55 41 194 107 232 209 115 
20 : 221 37 164 191 34 204 105 66 134 241 228 247 237 207 175 91 36 234 194 190 212 71 83 53 74 208 225 108 72 163 55 189 27 153 30 103 213 230 78 152 109 233 155 
21 : 216 60 89 161 234 213 28 52 46 130 239 82 58 204 163 153 41 54 140 146 39 102 33 218 148 167 61 49 151 198 248 197 126 179 71 166 180 113 214 106 230 165 168 184 208 94 100 42 199 188 137 79 178 35 134 112 150 192 87 90 160 223 68 
22 : 209 210 157 144 120 181 81 176 70 137 234 105 26 39 111 93 85 134 155 61 232 238 235 54 78 203 170 50 248 241 214 100 192 31 199 53 196 119 72 154 177 175 185 135 143 132 127 83 62 217 247 114 40 52 101 107 168 186 223 140 48 58 
23 : 200 165 55 249 92 106 59 143 40 176 26 157 192 131 118 74 33 182 114 95 235 39 159 69 68 128 199 166 54 198 153 111 236 49 152 48 63 76 130 178 72 162 34 213 224 188 110 237 123 231 101 38 32 197 82 147 78 148 60 180 88 52 216 210 184 137 206 125 172 121 83 207 209 202 170 109 70 
24 : 49 140 169 74 206 224 239 67 106 175 187 146 68 100 42 209 168 52 112 25 176 180 61 73 116 65 54 244 66 36 232 170 179 234 125 204 130 29 205 190 191 228 96 183 103 178 31 182 160 149 186 184 98 35 82 247 156 119 122 248 201 111 60 223 219 195 109 139 63 134 53 212 181 216 166 237 44 196 157 79 34 
25 : 184 71 50 206 109 51 106 185 111 32 222 25 36 139 96 39 193 79 223 163 28 241 249 152 143 188 116 107 166 202 34 108 
26 : 108 223 138 101 178 147 74 67 34 243 68 226 84 192 55 125 83 62 165 201 35 25 196 149 187 97 121 173 119 200 
27 : 38 166 97 89 49 39 172 131 64 226 28 73 103 99 247 231 186 82 192 240 111 94 241 120 144 234 83 181 67 223 107 140 123 214 81 218 87 169 155 153 165 30 85 147 136 217 132 45 60 233 104 158 91 189 210 96 190 203 216 78 149 159 61 171 235 187 143 48 211 124 72 
28 : 140 30 162 204 206 126 27 186 164 42 160 235 104 63 29 98 228 108 97 117 90 222 123 163 48 80 166 96 198 25 
29 : 39 51 141 203 59 186 238 106 79 77 181 62 40 218 139 170 113 73 209 49 33 198 148 136 110 232 74 103 184 44 240 226 87 210 180 41 68 227 60 142 102 80 37 86 45 175 71 78 187 206 248 213 189 155 67 42 247 89 126 237 228 153 47 188 221 174 101 150 199 224 109 167 97 241 193 234 160 93 
30 : 210 53 115 27 97 73 238 133 177 164 199 121 154 160 122 85 216 95 110 185 64 176 156 248 170 148 178 230 244 101 105 84 117 
31 : 50 145 116 93 81 104 176 188 169 44 118 31 43 91 180 223 178 211 68 30 59 155 235 166 57 192 26 49 249 96 38 148 48 194 170 216 37 99 147 226 244 77 231 62 229 167 123 120 236 224 41 182 161 241 27 127 234 32 131 158 191 126 110 144 103 66 220 
32 : 221 74 249 172 105 192 102 207 190 170 76 164 51 60 180 139 179 145 206 70 92 106 90 127 137 138 163 
33 : 97 221 234 241 90 183 33 68 125 98 38 110 40 208 73 191 163 155 45 95 199 196 162 222 79 117 190 42 25 120 108 159 201 118 230 240 224 132 232 72 244 220 147 229 194 204 169 223 181 49 115 65 207 206 203 235 64 123 62 99 167 187 
34 : 111 124 34 48 196 39 52 123 168 207 33 133 116 35 85 96 210 166 100 176 103 119 54 61 94 28 88 59 215 121 97 67 42 78 72 239 128 162 130 238 70 209 236 219 249 37 148 126 29 170 141 114 174 82 75 57 202 163 73 171 188 164 106 
35 : 98 25 56 140 41 43 143 229 39 177 96 234 89 107 175 118 88 207 141 171 206 243 133 82 27 137 42 53 79 123 85 119 116 198 228 225 52 203 172 167 192 194 132 142 31 35 40 209 115 191 112 178 125 147 50 164 216 129 160 220 80 81 212 48 197 237 
36 : 242 163 245 186 74 154 79 36 199 43 230 25 102 84 226 126 151 197 116 96 35 80 52 181 107 76 106 139 191 169 216 59 205 215 26 93 92 182 49 145 112 68 150 170 141 57 88 222 
37 : 223 34 210 205 120 108 60 247 87 109 46 220 105 135 226 169 214 200 82 101 191 33 188 233 141 227 54 181 53 175 114 218 225 31 29 47 41 25 123 90 156 91 211 208 
38 : 189 67 88 152 146 97 130 72 136 100 48 45 162 49 153 168 210 36 69 98 28 115 71 75 132 221 194 63 43 138 164 141 27 65 202 222 37 239 233 125 243 177 166 170 150 77 87 139 52 86 26 78 208 60 47 109 99 108 34 227 145 116 240 242 230 101 237 111 213 220 176 51 
39 : 231 74 25 125 52 139 175 197 166 57 83 184 138 214 99 172 62 143 124 119 112 223 152 37 191 38 181 178 45 141 113 137 106 94 49 211 176 189 177 195 233 79 186 188 144 36 130 87 107 123 120 58 183 239 182 128 111 75 63 234 126 53 102 212 174 242 68 145 47 110 171 78 213 95 243 193 133 150 96 
40 : 140 124 199 41 104 64 243 217 153 29 236 42 105 146 81 67 159 191 155 88 101 46 84 233 111 138 172 76 85 109 86 189 
41 : 118 146 136 216 228 71 217 154 129 141 42 151 178 219 110 190 116 130 147 201 166 127 186 97 78 131 175 27 114 45 169 59 70 239 28 227 56 29 248 41 213 167 79 210 49 212 139 196 144 243 104 181 43 60 163 
42 : 160 154 78 131 197 32 46 40 72 158 231 54 129 98 216 152 110 100 51 132 66 28 121 189 125 236 217 207 224 211 143 150 232 188 234 237 149 111 170 120 136 25 116 61 165 247 166 199 
43 : 237 159 137 114 152 30 69 188 39 73 215 197 42 161 176 127 58 167 71 55 140 150 33 77 76 214 47 116 182 65 158 141 120 229 57 171 62 113 80 207 124 27 136 132 130 185 249 247 126 192 218 199 153 61 191 170 186 243 121 53 125 41 117 51 66 173 225 48 233 96 146 72 92 99 133 221 240 
44 : 220 222 78 224 169 139 168 193 95 178 38 155 88 245 55 146 91 61 25 189 149 211 249 37 177 176 28 203 87 186 201 179 196 54 192 62 131 134 151 65 167 248 60 158 242 239 214 68 92 114 43 39 165 70 80 184 32 115 123 159 140 44 58 117 31 46 71 217 210 156 
45 : 205 240 121 126 217 138 41 73 160 199 201 238 110 177 98 211 85 104 244 68 82 157 187 246 47 164 163 137 134 112 212 70 65 209 214 174 186 190 227 109 102 237 191 115 86 96 130 183 79 28 129 52 215 230 153 51 172 39 185 83 194 203 87 119 44 247 228 59 146 48 90 152 31 80 105 219 231 71 113 
46 : 83 25 179 213 225 195 45 91 173 56 89 54 84 47 65 166 232 57 77 219 228 30 178 34 153 96 118 144 58 241 146 113 122 139 87 167 99 245 132 103 131 97 105 39 141 177 246 164 28 198 149 170 206 187 104 46 217 185 235 
47 : 72 188 187 53 213 175 68 60 41 228 105 73 248 102 74 249 98 44 148 223 157 154 62 164 108 160 
48 : 54 205 228 144 47 172 214 60 96 119 247 97 37 95 213 137 87 134 74 127 215 173 114 91 235 115 135 90 107 243 159 239 194 198 229 195 179 27 150 196 28 43 227 41 132 64 29 66 142 102 156 221 146 207 218 38 140 120 86 65 224 149 70 109 208 220 46 50 167 85 118 106 191 79 51 222 
49 : 119 89 68 146 167 66 135 77 214 210 177 72 231 198 87 203 193 163 113 186 226 112 160 238 59 196 35 98 200 151 183 232 144 140 84 67 166 123 105 102 178 65 60 192 103 39 80 152 99 131 46 126 90 204 199 45 150 179 56 110 91 47 216 29 213 149 162 33 190 208 134 
50 : 224 195 213 206 83 120 236 165 156 159 189 127 172 204 50 115 82 88 52 239 143 174 202 106 69 205 37 164 105 
51 : 132 105 192 34 50 170 150 32 127 209 165 61 29 213 37 189 119 123 187 167 159 148 153 54 85 64 133 182 166 183 66 191 106 116 141 62 128 47 237 117 59 36 49 69 129 226 231 122 180 60 43 211 190 110 109 246 233 104 242 41 155 74 203 216 51 26 87 223 44 147 
52 : 105 240 196 124 121 59 87 191 239 116 107 113 30 249 174 137 42 138 141 93 233 214 35 34 131 36 
53 : 51 156 142 52 234 46 227 178 120 87 206 121 170 150 49 42 184 135 190 155 163 236 168 218 231 119 224 112 228 240 136 77 139 128 90 138 203 36 162 221 159 58 105 157 166 145 179 123 111 74 102 216 37 70 171 97 76 141 129 38 137 151 165 147 68 200 41 64 96 230 54 242 191 201 181 183 
54 : 143 149 91 229 178 117 187 90 59 87 29 233 177 154 113 129 46 200 183 136 79 89 202 81 196 225 162 199 190 102 197 139 45 235 156 51 217 92 220 57 222 185 
55 : 114 72 179 39 236 234 190 138 119 87 194 102 211 241 118 210 167 156 196 43 106 122 41 105 99 207 227 26 202 144 139 208 168 224 148 162 154 228 240 33 134 221 198 42 189 53 220 69 169 71 132 149 62 204 126 225 164 163 137 54 32 46 66 78 238 214 216 170 
56 : 185 222 187 102 134 243 196 197 159 146 143 30 160 66 39 83 115 195 199 93 182 122 213 43 40 147 120 149 163 67 167 116 
57 : 241 113 41 98 66 100 139 149 102 157 44 200 205 242 120 168 54 49 35 180 181 37 184 146 233 26 45 107 174 193 136 64 186 95 32 109 131 77 188 
58 : 167 188 133 132 161 187 163 179 102 103 166 114 172 76 47 226 173 218 25 194 232 203 243 175 239 96 107 185 135 174 223 190 40 151 123 91 116 92 115 61 222 120 137 55 49 240 131 162 62 248 238 147 31 171 89 58 136 231 143 56 60 36 139 105 73 104 140 189 35 204 124 43 78 207 193 233 198 213 
59 : 146 125 54 133 228 196 153 71 245 84 171 160 33 202 134 104 122 96 240 187 143 168 34 83 108 158 164 129 90 94 65 180 29 47 
60 : 70 98 207 248 218 216 196 123 105 114 180 184 61 44 244 170 186 118 151 127 55 158 198 185 99 78 147 121 148 225 247 35 51 108 155 52 85 
61 : 48 203 190 227 198 63 242 72 122 88 128 106 29 135 91 148 189 61 141 80 30 150 247 69 37 196 173 210 166 125 44 49 241 152 90 185 167 25 184 76 168 100 120 172 147 26 59 202 60 107 51 176 164 34 217 182 191 118 101 186 223 108 179 82 
62 : 185 176 234 43 173 38 106 241 127 95 223 102 216 31 64 87 204 65 225 151 133 98 129 110 124 50 157 119 109 146 41 54 219 164 143 33 218 114 83 247 72 206 86 63 80 53 220 131 51 180 88 89 168 125 74 99 
63 : 134 110 147 198 232 125 219 34 68 112 104 243 94 226 162 91 230 111 231 79 153 105 221 151 171 190 222 138 118 76 63 233 142 44 131 194 47 169 51 115 208 85 116 225 227 95 97 80 223 124 167 173 42 30 172 82 84 48 191 186 81 207 55 57 193 107 218 247 195 64 246 
64 : 144 249 228 194 243 130 240 182 52 41 134 229 88 125 244 183 54 143 101 85 179 145 239 37 242 148 247 90 198 139 116 241 161 44 70 35 86 45 104 
65 : 218 140 203 213 139 135 85 122 157 158 110 52 121 37 136 236 62 195 166 194 59 165 196 238 113 81 97 225 219 58 101 27 98 246 117 220 72 215 141 204 32 127 129 145 105 190 228 115 197 176 
66 : 55 119 109 199 130 88 159 81 118 150 134 208 70 209 77 123 191 189 168 149 236 25 111 49 93 36 80 147 114 243 148 184 232 217 228 74 84 137 179 31 198 204 89 121 219 67 112 
67 : 195 234 90 124 58 211 59 106 29 238 72 236 44 203 126 244 151 193 237 64 65 56 183 198 155 221 86 199 188 42 57 209 143 
68 : 74 36 157 96 95 228 61 85 126 56 178 62 153 236 30 131 124 145 201 232 144 206 41 173 162 33 67 86 215 159 160 44 172 81 50 48 40 214 51 197 31 183 164 113 141 116 37 247 75 120 89 199 154 25 218 109 93 244 79 143 88 118 105 156 147 161 245 84 112 231 189 171 148 53 
69 : 142 62 48 90 124 216 180 152 225 87 82 118 168 150 103 56 110 122 88 29 136 181 41 128 215 58 227 125 32 
70 : 212 173 246 38 116 92 98 226 45 152 170 107 223 210 114 133 225 31 115 125 158 220 184 165 55 
71 : 93 169 89 168 215 95 243 128 247 77 147 105 84 144 96 186 47 114 75 208 110 115 145 125 163 242 26 220 106 111 69 214 33 58 177 245 72 184 118 74 121 213 112 81 167 48 80 34 229 126 99 42 183 39 171 139 187 197 45 59 219 156 124 38 122 70 207 28 44 140 
72 : 55 191 129 26 86 130 147 202 148 197 188 63 136 201 50 218 96 182 207 230 109 139 213 176 60 133 165 
73 : 105 56 203 218 60 44 162 69 241 38 237 206 149 159 185 152 132 210 131 213 191 53 230 72 151 37 50 36 196 177 120 70 178 223 176 117 245 47 168 27 173 155 126 143 204 61 83 154 63 73 229 
74 : 59 132 169 108 219 213 236 29 182 178 103 137 117 98 25 51 243 105 138 67 70 97 113 118 181 150 170 121 46 120 111 
75 : 100 196 202 110 124 215 29 194 135 117 134 132 203 119 168 143 45 73 43 81 59 172 90 67 61 218 216 179 101 97 31 199 240 122 223 140 99 248 105 175 85 69 204 58 55 242 227 120 128 246 192 106 185 26 153 40 54 102 249 164 130 201 188 165 96 114 222 159 187 41 209 
76 : 119 235 177 143 43 27 103 206 145 107 96 173 150 68 99 28 79 141 138 50 102 106 185 89 100 131 154 169 126 123 58 178 66 120 180 209 226 231 228 202 73 164 213 51 62 217 146 248 97 244 186 88 63 86 108 160 176 203 144 31 239 92 127 48 152 195 171 87 222 174 219 45 98 249 149 114 47 42 135 183 210 
77 : 62 42 156 242 236 173 175 209 109 149 87 207 60 243 231 153 204 75 41 166 194 208 118 100 191 213 36 72 71 180 158 55 201 235 45 25 106 224 50 170 38 128 218 92 176 219 171 244 184 125 140 107 228 
78 : 209 100 136 243 133 161 129 147 152 120 83 212 235 101 184 106 226 52 89 205 66 69 213 59 180 214 78 31 60 46 170 45 203 58 168 63 163 176 
79 : 144 247 204 151 139 62 159 248 167 136 179 221 52 95 170 109 208 111 134 71 33 161 234 231 165 197 83 89 28 98 168 169 183 49 97 227 53 119 69 241 44 240 39 61 
80 : 60 191 42 182 232 197 171 169 110 231 62 246 177 85 111 45 27 97 107 216 198 54 157 133 236 175 81 94 181 117 56 
81 : 191 246 206 71 125 59 181 57 121 34 67 45 41 158 110 99 234 44 159 106 238 175 36 195 150 192 208 94 225 87 101 104 60 65 185 217 213 48 190 142 85 164 222 184 244 115 79 229 204 242 201 230 64 188 235 141 35 223 134 173 105 117 152 127 109 145 196 88 
82 : 182 65 145 151 227 88 163 73 139 226 166 157 158 222 240 74 100 102 55 140 197 79 33 225 63 97 44 143 131 134 118 191 25 
83 : 27 94 248 172 45 39 235 164 239 89 90 233 47 73 58 214 231 93 176 177 175 50 153 204 174 249 49 54 48 230 145 78 219 41 85 241 150 136 129 
84 : 225 212 178 193 185 98 70 60 133 158 130 145 228 127 224 216 187 29 110 162 135 180 167 40 205 102 83 245 95 74 
85 : 79 39 227 178 140 218 29 206 70 231 161 160 56 201 148 128 163 91 137 204 221 217 152 138 226 234 196 94 74 119 188 47 71 80 101 189 31 117 123 65 109 50 173 184 141 194 200 62 185 139 225 99 96 43 168 107 212 112 190 116 51 34 180 172 164 88 44 84 198 
86 : 188 140 200 125 114 193 35 157 133 119 93 221 213 173 108 109 138 244 192 115 58 55 228 25 161 209 63 121 57 60 39 166 211 136 40 215 81 107 233 106 214 75 195 96 171 131 30 206 52 169 168 34 127 217 220 135 179 164 207 28 218 88 154 61 87 225 143 151 163 201 44 175 185 45 89 128 101 92 239 33 91 94 
87 : 184 62 168 107 198 161 86 66 205 237 74 35 33 201 133 248 63 243 28 36 189 72 31 124 170 147 162 230 181 241 118 82 92 48 214 129 249 166 138 55 132 39 109 123 42 27 159 61 119 199 103 197 169 163 143 211 149 235 52 
88 : 159 163 228 181 29 148 36 175 99 30 140 96 38 93 50 223 155 224 188 83 205 184 183 70 43 206 227 169 192 145 63 137 174 199 235 112 
89 : 88 94 101 236 92 249 175 35 114 98 46 214 221 180 95 73 222 91 115 140 105 25 188 213 54 157 193 225 77 60 162 164 48 81 58 74 38 44 103 145 208 27 99 218 64 
90 : 233 82 162 66 237 208 213 53 46 189 28 29 231 130 60 144 228 191 54 39 108 81 61 169 240 154 170 177 58 104 
91 : 85 206 196 242 184 73 191 76 146 219 152 98 209 179 136 154 142 149 194 56 161 94 233 225 231 204 214 156 69 61 187 79 127 126 101 30 123 207 129 131 234 41 81 97 38 50 150 117 176 40 192 143 167 248 
92 : 140 144 225 87 53 44 106 81 150 163 126 135 207 204 171 206 91 54 60 153 55 231 66 199 98 229 129 235 30 49 172 200 192 58 221 89 
93 : 140 93 61 44 83 29 151 43 205 147 230 141 150 49 115 91 166 161 66 224 97 99 167 53 112 235 142 72 119 239 120 202 114 237 191 80 136 176 199 238 88 132 133 219 41 70 65 244 184 116 188 105 157 50 118 73 228 201 101 241 145 209 178 232 139 95 192 197 
94 : 30 198 56 149 26 244 171 111 49 99 226 189 60 100 197 54 216 123 64 109 41 213 104 138 101 150 97 50 176 178 129 62 153 132 61 210 98 135 117 245 177 140 80 25 239 161 108 113 71 180 65 185 152 240 79 243 42 126 85 158 142 87 162 32 93 247 219 206 121 110 39 200 118 167 
95 : 198 86 242 173 96 244 89 27 100 193 41 46 78 33 111 210 165 177 105 236 104 84 195 117 246 81 28 
96 : 244 103 132 245 75 167 177 115 175 204 94 97 135 141 125 81 230 242 207 33 47 106 63 72 188 228 29 68 161 60 172 86 173 76 156 30 195 122 171 223 107 52 236 231 239 227 205 35 140 201 117 28 
97 : 197 221 31 241 240 148 163 196 28 88 121 159 142 204 40 225 215 234 244 228 125 246 189 57 94 162 170 132 153 236 227 52 218 70 149 36 53 44 95 161 184 93 109 35 133 84 64 143 178 131 165 68 141 42 202 128 73 140 233 185 
98 : 104 232 128 85 130 197 135 210 50 111 196 101 162 136 72 37 170 164 97 67 90 229 215 28 94 89 78 144 110 148 48 113 182 65 119 173 221 106 108 217 112 77 41 120 202 126 149 168 127 117 63 235 223 34 216 33 231 30 176 179 222 238 233 49 66 26 31 25 
99 : 29 169 154 243 125 210 78 136 70 131 88 90 51 77 189 143 183 165 123 191 133 212 144 170 105 199 26 46 240 244 45 91 86 134 187 119 194 
100 : 199 58 155 184 39 88 40 226 124 212 219 72 176 35 160 120 211 60 131 36 41 109 141 198 51 209 170 164 173 143 215 55 241 73 218 159 82 243 182 192 210 89 196 224 42 54 200 195 28 67 223 144 115 128 84 216 202 171 81 188 43 172 204 246 183 30 100 213 87 169 127 233 194 147 98 90 
101 : 215 202 51 46 34 232 59 230 169 241 193 91 132 106 153 206 95 62 216 133 194 191 39 53 188 70 57 243 239 79 107 197 52 35 166 96 68 242 178 218 180 200 76 151 74 63 82 237 146 122 42 209 80 69 97 124 78 60 90 33 136 231 162 249 212 244 134 45 100 43 44 101 
102 : 150 31 199 223 118 100 164 55 129 97 191 182 91 125 119 136 220 244 154 53 148 178 226 122 205 44 160 51 69 47 124 49 153 66 166 113 204 126 225 229 90 155 176 38 170 52 249 216 172 60 171 95 230 236 68 63 248 189 137 187 144 134 132 45 173 203 34 109 
103 : 174 180 83 51 84 221 50 69 218 209 26 31 224 167 222 203 30 36 204 67 200 29 226 205 113 126 110 173 225 150 197 232 215 90 
104 : 145 27 122 48 164 148 64 124 51 109 83 171 63 154 249 236 141 78 97 167 90 29 187 143 155 183 172 42 207 229 123 245 36 127 95 174 142 38 76 105 232 179 45 
105 : 99 145 102 121 135 150 179 239 201 37 243 144 165 218 64 244 73 171 170 88 153 74 59 227 68 71 35 84 39 123 
106 : 191 85 119 76 180 141 110 201 120 221 99 142 90 216 117 129 188 171 231 98 166 240 170 182 83 112 237 103 74 151 95 200 65 88 122 61 199 135 210 158 109 132 176 214 25 209 96 228 247 93 44 241 186 238 39 35 64 172 226 148 153 69 101 
107 : 156 132 114 181 56 175 111 170 133 227 91 80 74 130 84 222 226 220 172 231 78 89 152 46 224 163 244 140 48 105 186 139 69 137 122 112 113 29 40 27 203 225 206 240 238 59 221 82 180 147 196 145 239 55 190 107 42 174 141 83 232 144 212 90 136 179 205 87 79 200 31 77 120 151 108 110 208 
108 : 242 60 137 199 233 109 141 235 221 65 32 89 170 36 144 183 194 204 76 167 148 207 86 176 100 165 115 94 90 163 140 156 117 161 171 119 59 237 234 151 43 88 34 91 132 220 182 214 138 26 169 102 187 135 139 241 205 114 177 228 247 70 134 231 95 243 236 133 35 82 248 29 111 
109 : 161 241 98 116 214 143 65 228 223 209 103 119 158 222 171 138 205 133 127 237 198 60 210 206 110 244 172 147 246 145 32 50 163 177 99 212 106 58 
110 : 148 37 55 139 83 63 61 226 138 212 87 203 182 132 143 38 154 169 193 247 194 111 232 75 26 90 161 32 239 115 208 144 191 70 27 129 195 42 206 49 221 173 116 91 137 165 224 229 29 241 112 181 100 117 81 168 
111 : 96 97 138 125 200 55 101 184 40 76 175 240 68 227 107 144 60 234 85 213 142 203 113 28 30 199 143 163 120 186 170 98 32 62 124 102 54 123 132 192 110 73 210 133 136 47 137 
112 : 81 59 192 32 198 106 149 221 104 56 102 119 241 204 161 163 142 211 203 25 181 197 135 193 53 224 229 242 69 153 177 194 34 187 162 235 200 239 146 100 202 164 126 228 151 191 183 109 30 46 231 48 189 
113 : 202 50 181 190 177 210 131 127 34 129 53 55 167 143 233 164 142 89 120 152 238 46 29 32 195 147 176 117 95 211 208 225 248 97 218 141 94 111 209 54 137 161 158 163 87 242 148 219 27 72 178 215 135 241 96 185 207 64 133 60 136 150 230 57 119 132 227 107 173 125 214 103 168 41 106 
114 : 28 150 58 86 57 115 215 106 44 162 118 205 50 38 222 142 53 247 74 221 134 139 99 117 95 196 81 30 75 89 120 174 105 76 236 241 113 98 211 126 189 79 64 103 124 238 192 29 85 166 230 168 
115 : 130 44 150 128 170 219 158 127 112 237 103 146 238 224 201 149 171 59 207 166 216 168 243 126 123 87 113 70 210 55 199 212 92 180 81 226 138 109 62 56 141 33 133 225 208 80 93 47 
116 : 73 194 35 134 158 211 91 66 169 242 93 190 119 113 123 37 197 108 65 77 235 28 138 39 239 92 228 116 43 155 29 102 115 76 249 41 34 142 136 52 127 229 58 214 
117 : 84 206 170 145 79 121 30 216 162 126 29 153 78 36 82 131 247 92 204 86 210 64 166 244 116 194 65 179 215 77 248 197 60 
118 : 127 35 88 233 160 96 241 185 61 64 131 137 207 230 47 156 114 159 107 197 225 83 235 119 52 195 135 189 236 57 220 182 187 60 169 100 
119 : 27 154 182 45 123 44 232 142 151 53 82 167 127 191 64 194 229 216 212 245 170 92 249 230 120 50 172 176 247 
120 : 177 139 33 217 124 164 168 40 38 185 56 214 128 36 105 30 126 101 191 182 110 245 144 176 112 88 93 60 220 107 234 34 41 134 86 235 152 231 63 216 70 219 184 165 162 163 140 
121 : 168 223 217 50 77 219 119 139 117 134 188 241 245 124 190 237 54 111 218 222 115 107 224 128 187 36 202 46 60 91 170 93 110 83 194 59 146 55 216 199 97 162 185 90 211 215 79 85 41 164 103 177 204 206 249 179 109 37 112 58 195 25 
122 : 150 213 193 178 136 119 69 82 112 248 154 114 51 212 55 92 129 240 27 231 197 31 106 202 133 79 142 131 45 77 63 149 242 209 57 227 204 71 153 116 236 37 52 172 156 190 115 170 164 127 179 234 232 200 54 206 182 91 101 94 65 237 109 66 135 152 235 140 222 75 228 216 76 
123 : 120 98 107 141 210 108 117 128 219 171 88 231 82 148 123 198 46 121 45 211 89 224 43 25 143 35 69 194 51 208 66 100 70 165 192 72 216 181 38 110 147 91 39 
124 : 111 44 177 171 174 96 169 52 198 151 157 179 29 205 147 204 34 58 186 73 93 197 226 239 200 91 66 184 54 192 217 222 114 83 180 156 172 238 126 55 28 106 99 109 62 188 125 153 243 81 50 202 85 36 105 207 190 182 175 76 71 38 196 233 82 225 168 87 
125 : 99 155 66 200 98 35 102 221 97 54 167 128 133 184 92 45 238 136 183 150 195 140 209 42 30 56 235 
126 : 178 106 153 78 48 165 38 144 81 204 213 103 127 77 197 42 44 111 236 117 61 228 169 225 202 62 89 107 222 140 211 141 68 217 84 247 121 70 108 148 134 97 76 
127 : 80 195 208 140 108 139 194 190 216 198 75 147 185 231 56 187 70 138 32 99 105 54 72 205 126 186 78 97 225 244 120 101 81 206 222 242 37 73 104 171 27 51 144 109 163 170 233 193 83 60 174 67 146 63 25 111 123 41 177 202 192 237 145 199 248 89 234 188 
128 : 129 154 215 176 202 193 230 39 166 52 54 124 79 239 58 25 93 65 42 144 226 234 157 172 77 168 110 32 106 151 81 219 37 113 48 
129 : 39 218 203 222 152 63 94 205 121 157 44 178 91 170 116 87 154 130 217 90 54 111 162 113 81 244 114 83 161 112 176 153 61 125 129 225 246 110 25 166 147 221 65 137 184 165 73 52 185 227 
130 : 82 88 245 39 60 162 185 108 93 31 96 219 72 104 35 102 49 80 130 208 187 169 128 234 116 44 63 38 148 
131 : 137 79 128 157 188 177 28 63 236 52 32 46 106 190 221 62 26 123 107 167 51 111 154 245 53 203 239 58 43 211 207 210 25 132 218 165 186 241 80 110 229 81 247 124 215 112 192 168 149 76 86 
132 : 219 103 228 26 29 173 44 79 194 241 70 57 242 60 106 59 134 159 170 168 52 223 233 193 218 94 127 209 171 
133 : 67 154 161 62 168 238 158 49 34 65 54 84 146 136 52 210 229 73 47 225 179 226 82 137 245 183 208 48 207 163 236 36 98 171 53 116 180 55 64 247 104 169 96 152 85 237 246 230 93 70 155 130 115 195 
134 : 246 63 159 176 248 96 116 208 183 220 54 65 86 73 61 123 69 101 143 178 105 67 139 168 148 126 218 152 119 53 80 31 59 66 84 185 174 122 169 242 237 128 170 124 97 140 51 162 32 25 194 157 56 155 221 81 99 216 100 64 222 125 107 113 131 164 235 49 39 109 111 91 213 103 89 227 
135 : 211 133 226 61 57 199 132 104 183 51 146 137 138 47 140 115 171 152 161 126 222 38 170 181 85 55 196 52 187 98 197 122 231 145 149 203 27 218 164 206 73 175 77 105 69 192 106 180 112 162 121 243 
136 : 233 39 95 191 171 66 49 234 202 51 125 248 137 108 126 129 195 238 107 65 235 106 27 212 59 173 157 239 133 124 163 87 222 139 105 205 54 136 
137 : 183 246 98 228 80 37 213 42 88 64 54 158 122 75 116 175 170 86 165 191 61 198 179 202 32 223 212 132 184 45 229 112 115 178 39 245 218 239 225 169 196 127 143 234 207 195 247 157 243 237 224 90 167 102 135 72 71 108 152 33 142 120 248 92 150 38 186 226 76 174 114 49 131 201 104 47 138 55 
138 : 165 106 213 88 203 26 134 48 139 59 49 226 131 196 130 124 112 169 36 238 94 211 187 145 166 219 225 167 220 182 174 42 217 97 216 51 200 56 114 215 229 179 25 206 28 204 218 210 34 214 171 241 125 80 163 108 185 118 168 73 198 70 152 194 201 207 121 122 195 85 35 46 
139 : 149 66 221 32 140 205 165 170 123 114 60 107 161 37 245 26 222 96 195 164 176 138 75 80 58 43 142 79 68 64 171 31 236 172 154 106 105 155 78 160 126 226 167 70 57 235 62 137 27 230 146 111 120 207 220 194 77 73 110 86 211 209 103 56 233 247 30 42 35 53 239 136 33 186 157 
140 : 226 140 66 97 93 96 57 240 225 60 152 112 133 233 138 201 159 202 61 170 114 121 190 203 89 67 235 115 143 236 27 31 188 197 87 58 248 68 129 224 123 32 130 25 206 156 80 46 88 69 
141 : 65 134 230 126 68 234 161 220 167 110 38 188 79 186 84 246 211 173 137 191 93 170 238 133 58 210 185 80 226 153 86 146 215 154 77 48 102 245 199 
142 : 106 202 58 207 143 129 249 225 114 51 66 187 140 53 243 99 65 48 200 117 127 188 68 209 174 55 78 74 201 123 144 79 154 145 63 248 247 169 85 235 246 116 205 233 217 185 157 161 112 98 125 107 239 147 115 219 224 211 40 27 190 42 148 
143 : 241 143 172 213 243 156 52 199 147 239 42 150 249 99 25 41 145 198 111 193 219 102 234 40 55 247 75 230 169 184 177 105 48 195 85 174 167 63 35 179 207 66 104 65 175 181 116 164 148 157 
144 : 29 63 115 130 206 140 170 79 33 72 219 228 151 214 225 124 104 89 244 39 234 110 173 220 146 34 227 98 195 232 45 133 145 85 186 35 141 123 185 168 76 126 235 43 152 150 148 30 64 101 147 164 31 91 118 142 204 83 161 174 213 114 
145 : 139 49 237 90 212 67 101 80 32 229 141 42 97 217 173 59 157 247 85 249 242 115 216 132 160 175 148 222 215 213 193 119 120 98 106 182 28 231 196 94 62 220 79 155 40 143 60 150 95 70 172 162 58 92 152 99 183 201 102 117 214 136 50 194 186 243 
146 : 184 168 167 191 192 44 130 77 176 45 208 165 81 245 175 114 141 74 249 47 144 51 27 233 97 219 82 145 125 187 72 220 161 123 98 73 196 
147 : 199 60 189 88 92 36 133 147 123 238 103 69 148 197 248 30 151 242 227 101 137 228 62 45 93 192 235 42 172 204 142 56 89 32 47 208 232 160 111 249 70 121 145 157 97 134 185 59 222 244 161 177 131 196 51 245 135 
148 : 226 25 76 128 50 165 38 177 117 32 173 96 134 144 78 60 162 164 234 171 53 35 74 249 161 193 51 
149 : 99 238 44 29 155 221 35 196 70 103 50 154 187 125 178 39 101 166 65 100 242 233 91 95 244 174 76 159 207 42 151 78 136 77 112 115 209 48 
150 : 121 133 103 164 148 127 209 154 157 70 243 34 201 227 238 117 47 138 80 71 149 232 178 172 144 77 179 54 38 114 
151 : 224 38 182 29 84 36 110 156 105 243 212 82 39 144 47 75 131 238 69 148 103 111 83 128 58 204 122 90 225 153 172 158 174 155 202 115 93 119 100 150 222 205 229 200 27 71 137 140 54 197 74 34 221 220 76 203 246 217 
152 : 109 48 95 223 170 76 142 189 120 221 190 38 200 143 212 187 49 236 150 243 166 167 245 121 149 184 144 138 31 127 43 128 45 87 137 124 131 172 180 84 220 227 224 132 202 183 126 70 62 194 57 152 213 
153 : 172 122 39 236 167 67 217 221 71 120 189 154 208 244 149 168 134 206 80 70 92 232 86 128 241 126 60 141 130 48 81 152 35 105 100 131 235 199 180 73 242 164 55 144 37 216 170 66 177 226 88 190 45 104 139 
154 : 25 200 169 93 174 127 157 34 214 146 145 80 61 110 210 177 144 54 179 223 103 184 135 211 204 187 62 175 167 196 51 126 37 125 143 88 199 27 178 90 100 188 42 193 155 133 41 47 205 98 194 86 65 245 129 137 49 213 101 104 121 151 209 192 70 190 78 231 162 141 138 232 216 45 87 116 130 215 82 242 85 123 
155 : 128 158 131 190 214 140 35 134 146 174 216 118 73 58 107 47 43 68 116 219 104 103 86 77 169 102 177 80 139 25 
156 : 86 102 42 27 208 141 41 123 210 244 36 225 79 47 46 156 100 188 147 238 249 239 59 43 241 105 71 218 73 226 82 195 67 139 68 173 120 57 119 224 157 145 191 125 30 169 97 214 65 134 
157 : 244 220 111 205 143 152 163 102 91 221 194 129 139 124 133 25 188 127 217 245 63 167 178 134 236 189 70 112 45 96 155 108 136 182 121 242 149 
158 : 189 39 237 113 50 207 65 176 29 138 204 140 217 196 180 100 230 74 101 40 111 129 62 118 47 79 64 53 146 92 131 244 86 66 226 46 157 187 38 107 191 155 206 41 34 54 231 87 134 133 72 192 105 151 31 168 152 82 97 108 51 211 27 248 214 102 78 48 45 99 70 
159 : 111 157 39 173 245 154 117 188 46 215 169 44 152 34 201 75 229 176 143 209 189 84 55 31 80 104 28 133 247 224 232 184 141 108 64 65 206 112 49 81 156 36 200 192 67 
160 : 180 79 169 225 123 145 161 28 206 249 231 63 93 59 200 179 67 96 25 227 76 58 92 149 85 133 142 112 116 204 189 61 184 
161 : 158 189 177 136 28 179 153 228 172 231 30 44 25 102 125 199 59 38 103 140 169 75 242 186 67 137 241 239 190 217 82 201 185 203 74 90 159 226 227 128 33 
162 : 107 208 195 78 205 104 116 125 115 144 76 170 69 196 121 140 113 233 178 179 248 126 162 101 200 91 242 164 102 133 158 153 189 36 136 151 214 31 99 94 84 53 26 135 243 32 82 176 187 223 181 65 110 90 202 35 232 194 186 127 228 83 77 58 193 40 163 227 
163 : 188 57 204 60 49 193 83 169 154 170 211 131 55 70 217 164 230 174 81 63 231 115 75 208 159 226 151 168 229 64 32 107 152 235 162 99 215 48 223 118 31 
164 : 166 151 193 87 106 33 243 39 53 30 197 158 199 34 74 219 155 190 102 159 242 42 214 130 60 27 221 92 112 108 147 89 38 211 67 135 50 71 167 246 244 198 114 63 188 245 148 79 164 69 189 95 107 192 75 59 94 
165 : 218 179 104 165 57 144 71 39 134 192 170 226 67 210 121 115 213 58 236 224 30 241 249 86 125 133 88 53 206 122 97 47 138 157 160 248 201 34 183 93 186 35 242 119 169 135 113 114 117 148 204 244 174 173 91 217 155 229 189 184 36 153 120 235 72 193 230 85 191 232 159 137 
166 : 29 239 25 150 61 241 97 75 218 55 123 128 87 111 172 126 166 187 244 157 59 170 163 144 117 99 155 89 216 185 230 211 129 60 228 231 141 236 130 76 63 132 206 50 203 235 54 78 105 
167 : 94 142 85 217 243 111 66 196 102 41 218 148 91 185 108 201 194 167 99 84 65 233 132 31 119 245 86 103 136 226 60 235 61 30 112 195 161 207 122 59 197 90 169 204 78 98 82 92 198 158 28 105 176 153 87 248 68 225 214 209 49 156 181 63 173 240 171 144 187 
168 : 166 113 208 57 94 209 40 97 124 63 220 212 82 129 109 157 42 172 247 92 182 102 134 71 67 229 197 105 123 121 108 79 241 163 50 25 231 
169 : 60 150 173 77 198 83 70 47 64 52 69 208 73 123 93 43 119 120 28 234 131 177 231 32 80 124 50 126 51 246 88 164 160 45 66 204 236 148 121 142 92 237 157 226 243 139 85 31 188 128 67 25 98 222 97 158 245 63 49 159 82 53 229 240 155 108 184 125 174 225 94 143 238 95 
170 : 104 62 80 128 96 230 143 229 148 170 207 241 152 233 160 187 134 61 34 83 68 237 89 178 49 248 59 220 82 243 98 93 231 153 245 228 192 43 38 69 40 63 155 179 139 166 138 142 50 105 
171 : 170 69 139 27 26 54 43 107 249 174 74 238 92 140 105 166 197 103 66 157 204 38 208 80 87 
172 : 220 222 231 143 60 139 82 157 202 214 246 164 195 112 118 134 184 193 217 114 196 100 77 113 54 90 219 167 156 116 245 151 142 223 49 215 230 239 181 236 218 185 179 79 58 152 180 29 154 41 94 216 242 83 86 87 66 205 161 183 200 177 110 212 
173 : 57 211 108 78 116 247 63 145 203 135 94 162 227 96 166 212 36 153 25 27 109 207 125 172 54 56 222 86 76 40 175 202 43 238 206 32 173 87 147 225 161 64 160 243 141 130 205 192 167 144 124 45 217 71 26 193 142 70 107 156 55 68 28 188 
174 : 244 52 98 173 160 99 237 42 177 35 97 126 32 76 157 119 88 54 209 198 217 220 64 222 140 91 74 85 219 101 213 235 122 229 84 72 212 206 44 25 66 151 167 240 135 112 80 120 78 207 79 49 148 27 92 45 93 132 95 192 125 
175 : 198 55 166 41 52 227 47 194 196 234 95 142 116 163 213 85 152 76 195 65 126 35 123 219 229 230 46 109 181 237 199 119 58 75 171 48 50 51 172 69 110 222 112 90 225 129 99 71 186 214 117 164 138 158 212 153 235 78 151 174 45 57 233 247 101 94 80 
176 : 130 141 215 104 196 140 29 223 75 174 164 248 43 155 142 28 149 176 91 97 106 80 241 59 147 61 214 103 192 137 65 169 90 238 123 231 78 32 220 108 87 180 31 221 42 219 150 69 117 236 188 247 157 57 
177 : 101 220 67 231 239 119 235 55 72 99 102 37 66 246 184 96 89 183 154 132 30 48 69 75 64 
178 : 177 207 227 151 145 222 137 149 108 208 109 45 216 203 100 167 204 121 164 154 226 66 76 27 134 136 64 71 195 224 33 187 171 68 88 239 83 50 160 34 84 219 138 162 241 55 92 144 192 79 156 139 179 201 
179 : 106 196 181 195 168 173 191 67 25 233 187 200 246 61 55 110 166 137 177 176 159 44 95 109 125 172 204 211 146 227 205 57 169 138 103 147 214 132 241 249 35 153 201 180 189 82 104 83 148 245 29 56 167 33 60 150 26 220 215 149 62 121 234 
180 : 214 98 227 97 25 180 59 96 90 72 88 31 245 125 184 99 157 87 242 168 131 194 32 94 226 84 154 219 40 64 65 221 192 235 76 207 52 
181 : 244 70 93 195 240 109 207 108 28 61 91 165 26 40 118 56 212 31 205 114 100 90 166 223 222 158 74 81 220 140 96 52 245 85 194 174 115 50 167 246 66 25 232 217 35 160 
