0 : 135 53 27 143 131 138 149 153 182 42 104 55 212 234 244 226 219 91 57 106 159 39 184 103 31 139 64 211 160 116 140 112 35 218 239 168 213 54 94 217 209 25 187 37 95 225 161 82 49 204 155 148 109 41 40 241 195 127 36 70 223 81 73 146 
1 : 98 81 159 196 249 62 241 205 150 186 158 174 115 64 50 217 145 164 129 166 38 182 128 70 26 144 135 99 123 212 27 112 230 83 82 59 119 213 232 236 242 72 171 84 47 63 120 189 211 209 202 169 148 125 
2 : 60 31 111 212 155 151 228 204 62 178 201 198 93 243 52 223 187 167 160 113 100 45 239 209 249 140 38 73 148 36 103 121 159 146 30 171 66 
3 : 110 130 67 90 25 155 171 234 203 225 208 245 70 147 246 161 36 175 80 57 95 224 241 181 82 195 153 111 132 188 30 123 186 168 102 118 145 236 52 233 49 219 105 101 78 164 55 41 115 144 85 170 247 211 61 50 244 162 213 156 136 99 197 159 209 228 190 179 72 75 235 207 214 176 240 174 28 221 103 138 185 184 
4 : 149 77 26 56 238 131 48 247 148 121 87 176 94 242 133 59 70 39 75 95 143 178 28 96 237 186 218 55 158 134 97 193 145 65 128 160 41 40 100 90 181 135 249 236 208 117 
5 : 114 213 192 27 122 180 226 118 203 172 92 105 170 46 221 178 146 62 182 136 49 223 82 123 29 242 216 55 219 239 128 66 81 190 26 32 183 39 195 36 40 247 153 138 129 235 160 93 124 220 74 101 73 156 33 68 111 94 238 131 147 243 84 79 249 176 133 236 244 140 166 142 132 106 44 134 
6 : 178 102 205 140 51 126 31 187 88 118 221 175 42 87 77 197 33 49 122 192 96 50 26 183 222 133 204 119 234 198 241 220 230 138 68 84 207 113 70 73 139 150 149 212 98 108 225 159 61 123 99 161 231 85 57 219 166 174 74 27 237 127 129 215 173 185 121 81 131 92 37 58 136 171 211 80 35 76 153 227 210 154 44 165 224 53 176 107 
7 : 33 145 40 225 76 169 179 86 27 93 182 152 124 168 105 92 141 83 178 97 38 123 188 214 201 106 203 163 226 98 235 94 245 136 190 28 222 143 233 243 82 170 63 62 249 81 237 228 37 91 109 56 231 180 192 95 227 194 244 75 195 223 198 221 69 218 54 49 210 103 177 64 130 
8 : 160 199 243 28 225 144 219 53 174 30 112 129 76 231 171 51 71 135 119 127 86 110 186 150 74 215 196 91 101 235 59 60 40 206 229 42 228 84 89 214 133 202 108 224 94 226 233 41 149 77 239 52 185 249 210 81 128 25 145 80 46 155 181 166 146 111 100 175 172 99 83 121 109 209 
9 : 159 58 177 238 176 184 172 187 185 117 139 125 191 65 89 113 82 192 33 154 49 156 57 232 106 196 249 162 170 43 116 179 203 126 48 40 155 144 124 135 93 115 91 32 134 26 216 45 175 133 237 111 240 54 219 72 75 67 76 35 28 150 119 186 174 197 53 181 71 136 211 160 152 229 102 190 207 
10 : 233 85 144 194 86 54 157 121 221 129 156 213 118 116 112 62 204 164 59 172 226 175 39 65 78 159 81 162 68 137 51 174 207 30 32 27 170 73 31 109 74 212 216 163 140 139 35 87 218 99 75 126 150 193 209 133 206 228 38 25 225 219 199 105 145 134 135 242 83 63 58 69 28 48 76 34 101 188 165 180 155 64 124 151 
11 : 29 99 81 115 197 120 54 184 37 67 227 191 214 123 212 111 228 204 238 132 100 41 117 156 65 164 119 134 237 96 165 185 229 35 160 38 222 163 157 102 216 234 45 110 209 242 181 158 247 49 194 88 154 106 221 109 76 82 208 217 104 34 
12 : 120 172 35 95 242 206 153 113 54 196 151 213 182 96 91 234 128 99 75 112 166 199 67 156 105 55 137 26 230 36 162 40 83 191 171 34 60 57 87 232 86 
13 : 184 201 224 169 130 158 191 71 174 159 181 37 153 112 233 137 182 110 40 109 242 63 35 188 115 127 69 126 248 215 99 36 61 165 97 204 86 148 134 42 221 198 147 62 76 111 98 114 106 39 239 230 94 205 41 128 44 138 118 150 78 132 70 146 58 190 139 88 129 123 154 144 25 180 176 208 185 28 82 199 170 87 
14 : 238 77 204 176 51 182 167 247 118 48 179 86 241 72 108 239 209 141 87 149 106 68 227 218 228 27 64 206 57 183 212 157 163 36 151 60 58 160 224 63 192 240 82 53 165 187 109 193 83 152 102 105 26 213 237 43 44 37 200 219 
15 : 87 139 194 141 206 88 46 107 167 89 212 121 155 63 207 44 65 249 132 78 61 187 234 58 27 137 183 62 25 92 106 110 72 123 135 174 111 178 60 173 166 69 70 146 35 247 248 180 102 159 52 188 98 217 144 242 101 160 140 117 31 127 124 81 41 149 86 73 189 94 95 195 43 236 97 116 134 45 228 118 158 169 239 156 39 145 42 29 176 91 34 112 85 122 221 37 181 151 163 170 182 211 126 
16 : 39 216 57 120 44 74 203 181 125 55 110 187 76 153 229 132 185 177 183 196 204 99 193 94 237 226 81 140 207 222 136 210 191 50 103 95 
17 : 81 218 111 222 210 191 76 121 154 197 177 220 115 123 246 165 124 26 133 184 94 139 145 243 84 87 39 77 129 41 120 108 169 65 202 29 107 144 164 70 238 208 92 91 215 97 72 138 95 170 189 204 90 104 85 225 171 152 89 241 234 193 181 163 140 79 178 176 75 211 34 60 103 223 67 68 200 88 162 151 203 157 183 48 228 101 155 54 114 247 119 153 235 239 
18 : 171 112 109 138 56 145 143 154 182 89 113 136 184 79 192 126 33 55 127 229 64 30 226 84 96 225 90 120 205 35 63 71 194 240 44 228 197 36 207 82 153 200 169 137 105 140 47 211 183 59 231 121 133 166 87 88 26 190 111 139 76 220 37 106 128 52 234 72 28 236 45 176 187 248 85 
19 : 80 229 72 87 160 90 152 215 186 217 211 107 188 110 71 174 44 39 247 104 119 153 121 142 85 100 118 248 113 243 148 86 230 35 183 192 53 56 81 175 65 103 33 64 209 149 30 198 241 36 166 106 77 127 201 29 176 69 236 199 95 
20 : 92 233 26 234 109 106 174 103 42 150 69 220 249 171 84 73 54 205 151 138 221 64 224 213 210 99 128 212 172 56 226 160 162 170 215 133 216 
21 : 207 186 62 178 36 198 109 57 221 50 123 120 107 51 193 103 166 44 128 69 143 154 141 212 83 121 76 202 215 124 228 220 196 77 82 48 169 142 94 70 148 203 149 88 197 153 72 232 152 71 131 58 113 55 181 238 40 219 114 126 174 222 200 235 233 229 45 189 84 108 170 160 66 34 110 168 227 180 163 98 216 46 184 147 74 61 210 63 172 132 96 125 247 
22 : 173 206 233 168 70 89 90 61 152 34 81 193 59 234 151 30 121 197 101 130 69 149 135 246 94 203 118 125 44 39 227 190 52 235 58 192 131 147 144 45 96 216 92 114 200 133 201 109 145 105 113 232 76 157 228 31 110 63 84 247 143 244 139 75 38 181 222 236 106 184 83 218 153 77 185 47 180 27 217 150 161 146 95 40 129 32 36 195 240 205 167 78 73 117 238 49 219 127 174 64 
23 : 58 35 69 72 196 56 165 62 161 97 143 114 244 131 240 202 38 173 31 151 81 59 214 186 103 235 48 138 200 142 218 195 121 88 61 87 167 133 174 144 242 105 80 147 171 83 166 36 194 51 120 96 28 132 180 68 213 231 181 227 168 100 85 63 119 175 205 193 32 126 232 47 189 49 206 34 135 89 219 77 209 217 191 116 33 82 236 226 245 188 123 111 92 177 159 91 211 190 184 127 
24 : 51 154 49 208 114 157 42 108 166 92 179 209 63 116 69 136 155 224 86 133 103 75 119 96 165 129 203 120 184 40 30 245 113 137 246 72 177 26 144 153 46 221 39 87 193 192 159 190 130 216 201 84 233 146 222 183 59 240 101 169 128 205 198 239 186 89 65 76 138 37 43 25 
25 : 94 128 192 157 51 127 243 198 143 69 247 185 87 88 215 92 210 221 248 74 201 112 55 35 54 224 162 114 191 95 177 71 34 93 188 176 212 140 100 48 80 171 113 183 213 27 182 175 240 102 50 138 230 172 65 47 216 151 77 66 30 239 76 164 209 73 59 145 139 45 197 236 199 200 150 133 181 187 238 36 83 56 155 101 103 137 120 148 174 58 119 211 156 195 179 180 52 189 158 132 219 193 169 136 49 144 232 40 173 206 
26 : 28 48 197 96 92 115 101 146 185 171 236 174 225 222 55 243 168 212 187 173 167 181 178 84 111 232 87 154 224 144 74 247 43 158 233 152 160 189 75 145 166 134 69 129 161 135 94 143 183 141 153 128 206 29 249 40 229 246 62 125 190 122 126 248 72 131 220 228 
27 : 105 28 117 66 172 104 63 245 146 240 179 223 177 103 71 219 158 227 152 213 192 180 123 203 133 143 241 85 200 90 99 86 125 160 29 122 215 228 166 35 93 155 163 98 210 150 61 135 
28 : 139 49 55 127 36 155 206 103 236 184 219 164 152 146 62 47 80 71 39 85 203 78 70 34 75 63 90 234 247 208 
29 : 70 228 175 173 150 143 153 82 131 225 110 219 94 162 74 239 84 72 229 49 198 246 67 44 191 206 81 242 233 134 120 244 97 126 46 155 53 26 30 227 235 34 210 149 100 245 168 184 68 154 127 135 104 121 129 247 79 
30 : 204 58 90 28 156 81 126 75 117 130 63 141 149 205 142 122 231 43 76 82 218 120 186 140 221 44 102 37 196 112 135 113 163 32 78 70 26 125 160 154 238 236 150 74 233 85 151 206 79 239 199 100 203 116 115 183 33 138 129 220 224 51 34 59 57 242 104 132 153 61 91 137 86 213 193 97 105 133 42 72 73 62 166 109 217 103 157 27 237 69 65 84 247 194 207 172 167 155 165 94 36 192 170 175 232 168 162 
31 : 112 199 160 119 35 249 32 141 215 117 212 130 200 48 87 165 85 213 145 222 155 124 162 39 195 98 193 156 180 74 237 142 153 218 81 216 181 56 182 92 144 113 209 44 107 89 167 235 184 49 236 
32 : 191 153 78 181 25 176 35 97 161 46 143 145 65 50 73 232 94 140 215 92 108 151 190 41 171 60 122 184 98 185 79 195 129 136 64 173 69 74 114 72 149 95 120 157 55 192 37 217 158 38 154 174 102 229 204 103 93 249 87 83 246 107 56 100 70 
33 : 94 176 66 205 191 194 122 240 221 192 78 217 96 109 81 196 159 206 27 134 242 238 74 121 75 117 125 128 248 235 83 80 164 
34 : 239 73 28 236 170 208 193 64 47 144 211 37 173 199 102 162 100 223 132 248 140 204 200 55 217 178 99 194 75 86 186 235 80 91 203 116 145 83 244 182 34 158 113 30 153 76 88 38 164 129 111 147 70 107 221 82 126 115 79 110 201 81 42 136 175 49 67 33 121 249 241 109 240 183 167 105 
35 : 104 42 64 226 116 152 140 81 141 195 205 166 60 120 76 242 96 247 199 171 187 127 209 204 121 130 
36 : 94 232 124 150 43 216 136 37 26 75 205 175 222 172 238 228 141 149 214 107 233 138 131 162 45 140 130 78 240 35 202 226 156 88 68 
37 : 201 205 233 222 172 212 141 72 152 27 183 145 105 80 163 168 68 127 232 95 92 237 53 154 62 25 178 106 209 153 150 
38 : 178 92 206 34 69 241 37 163 54 197 237 65 109 132 225 116 243 144 168 233 118 114 67 182 123 29 134 200 79 247 35 211 236 61 130 230 235 32 172 209 74 216 158 234 167 26 55 146 126 153 145 106 57 68 152 232 47 170 122 194 113 202 224 159 28 210 240 64 147 169 212 80 140 207 192 149 88 220 203 136 78 239 86 176 143 175 244 51 56 76 77 
39 : 126 196 164 222 163 153 37 68 62 115 241 180 103 213 137 152 40 237 99 242 247 175 66 122 84 109 132 173 172 174 117 212 201 169 148 75 203 168 210 177 32 150 182 225 125 229 144 28 188 166 27 193 76 138 78 58 159 195 244 39 90 96 179 220 73 167 181 102 170 217 119 158 41 105 211 107 34 87 204 111 47 249 44 33 79 162 156 226 223 26 82 200 155 61 51 239 145 100 48 142 248 53 52 71 54 197 101 
40 : 110 101 185 208 147 177 25 64 216 142 89 169 162 59 230 156 243 214 81 68 167 140 52 197 196 86 41 237 236 125 232 124 212 35 163 107 170 100 183 39 94 127 65 226 92 108 178 152 105 240 206 229 202 238 82 151 50 38 111 130 193 143 98 242 159 217 209 91 74 145 103 241 99 63 44 195 122 180 
41 : 71 28 162 187 188 92 82 79 99 189 229 207 49 30 121 120 245 113 69 195 217 72 143 110 141 201 144 160 142 39 170 100 196 51 33 249 134 108 128 122 93 148 35 56 116 178 179 67 151 228 149 45 91 158 235 177 37 80 97 246 242 61 192 157 
42 : 64 227 152 245 111 62 82 93 199 94 33 126 137 74 213 44 205 248 169 148 153 197 108 167 177 91 66 206 76 68 235 247 243 127 30 122 51 
43 : 184 115 99 55 40 90 224 200 66 51 185 220 36 58 221 240 203 232 68 29 120 53 75 69 160 64 231 85 229 102 61 161 210 206 131 103 219 188 87 97 34 138 233 149 147 119 52 132 177 189 25 82 54 62 196 146 199 39 226 118 76 144 95 237 59 145 96 
44 : 86 29 244 118 49 39 183 192 190 149 194 187 234 174 43 197 235 249 58 85 100 212 147 248 34 219 216 94 133 27 143 162 178 
45 : 244 191 92 29 49 167 162 231 72 84 68 169 203 215 219 62 116 89 224 31 147 142 105 135 239 241 195 204 197 79 109 115 59 187 117 148 175 122 30 36 150 200 119 46 165 104 185 199 243 35 234 27 155 183 178 208 82 214 101 73 69 216 161 86 218 127 47 159 50 118 227 229 213 160 202 249 60 70 26 210 71 25 181 248 88 100 134 186 245 67 48 81 110 139 112 34 64 131 108 57 194 123 196 
46 : 189 96 52 187 129 175 122 82 30 222 246 51 109 86 57 31 196 32 49 66 120 178 101 193 249 64 124 48 226 145 219 227 155 29 213 214 152 188 107 180 242 166 182 36 143 91 192 127 116 156 174 97 165 185 34 71 149 87 85 110 198 229 232 45 163 230 128 210 231 144 209 61 205 190 92 201 47 53 162 204 69 225 56 121 27 70 235 37 80 78 159 141 167 95 93 184 202 126 206 164 239 181 67 111 28 
47 : 198 64 159 78 201 54 98 172 152 171 58 66 123 63 240 147 120 127 196 188 208 49 50 137 161 207 131 180 103 72 141 238 160 177 178 124 225 197 227 86 55 146 76 170 121 32 211 68 67 105 71 75 237 89 47 248 247 158 41 129 82 73 189 107 77 122 204 173 
48 : 32 119 99 29 164 212 151 133 111 75 91 158 222 58 137 203 122 74 47 134 68 229 28 98 72 246 174 235 187 84 41 185 64 77 124 85 132 92 165 156 247 150 115 233 188 126 55 239 160 198 97 139 169 186 39 142 40 175 146 100 135 89 217 109 192 163 220 244 242 61 149 46 60 27 108 176 81 240 190 243 120 127 236 228 65 53 181 96 205 33 207 209 182 90 204 197 35 130 50 238 101 172 225 173 79 223 216 62 43 
49 : 165 105 167 160 92 158 186 191 65 190 197 99 52 175 38 173 207 151 25 128 162 121 218 182 244 168 30 100 
50 : 207 100 84 185 79 45 134 205 77 90 101 175 58 133 94 249 179 218 167 97 233 80 240 87 235 138 38 55 86 212 230 117 152 64 95 190 137 154 210 109 60 
51 : 87 190 122 61 219 173 97 225 161 71 234 248 138 165 189 242 41 178 226 236 231 103 70 199 65 175 69 28 188 34 176 160 132 134 240 55 162 108 35 211 193 75 88 51 81 157 158 83 98 137 206 127 217 247 77 56 168 90 195 115 159 156 183 59 112 235 121 150 93 47 49 37 101 48 213 30 129 128 110 139 36 96 105 229 151 80 182 148 169 185 166 208 200 86 100 52 72 237 25 50 62 
52 : 83 214 227 135 143 103 63 186 202 158 201 65 88 133 232 87 177 119 92 131 209 146 224 74 68 107 200 115 229 239 207 45 104 212 139 149 236 46 58 55 221 242 230 121 144 93 205 62 197 38 142 211 156 39 218 228 100 234 194 28 163 71 43 116 101 208 111 110 136 184 159 167 81 213 102 153 127 108 61 190 164 196 187 76 106 247 219 141 80 44 112 79 53 117 41 198 126 
53 : 85 178 113 227 72 165 37 27 133 94 215 25 119 107 168 74 172 136 104 184 135 86 218 173 212 209 59 243 123 53 60 207 29 233 198 231 132 112 189 131 95 171 161 241 114 69 47 83 111 61 225 99 238 65 183 174 137 226 145 87 97 239 121 202 57 130 155 151 170 38 41 156 182 93 125 75 222 28 66 167 247 39 211 201 54 30 102 153 98 149 224 197 76 110 32 67 176 219 229 228 148 154 129 139 
54 : 246 248 57 93 66 25 204 143 188 112 168 74 62 183 176 169 96 54 44 110 151 53 198 244 77 207 106 43 242 50 122 97 144 82 73 226 125 189 245 215 210 140 218 161 38 238 78 193 202 61 116 170 103 56 117 145 84 101 194 172 76 237 75 
55 : 126 138 137 68 243 151 117 100 150 185 131 157 36 67 54 139 242 85 47 197 129 218 95 122 186 91 178 34 248 212 53 61 43 93 144 158 83 41 89 88 87 141 169 176 216 159 220 177 167 175 40 51 109 156 104 209 249 234 84 153 135 213 172 113 46 148 163 235 227 179 221 205 244 
56 : 56 149 48 98 60 70 123 88 51 140 138 196 157 213 32 81 110 143 176 181 237 225 95 151 150 145 139 182 239 194 164 76 214 49 41 54 42 187 198 
57 : 124 25 129 92 62 64 32 77 40 33 105 38 225 61 216 128 156 160 127 83 197 147 241 139 80 246 155 82 198 107 47 178 170 194 112 181 204 152 180 229 113 87 123 220 84 195 75 36 226 121 85 234 164 169 30 213 233 101 41 158 249 91 142 144 248 221 176 168 45 27 118 230 235 167 199 231 207 90 104 71 211 245 94 109 119 55 
58 : 124 100 42 61 99 152 87 26 104 195 44 58 107 47 118 171 146 153 223 63 228 205 123 193 38 219 197 184 150 98 166 51 164 68 231 148 170 142 176 136 190 
59 : 189 193 218 123 215 68 183 160 241 36 39 175 167 87 169 46 238 170 212 149 157 181 239 65 207 103 27 104 171 177 165 204 221 133 64 143 107 76 223 224 179 216 247 191 222 81 102 88 70 202 106 48 240 127 85 75 141 42 188 91 156 33 217 201 242 220 94 31 111 129 172 132 186 57 182 28 144 60 79 236 30 72 74 29 190 233 101 47 34 62 95 126 168 246 178 137 
60 : 52 128 32 71 57 240 115 117 161 140 177 92 228 37 78 112 76 150 72 62 148 99 158 189 220 242 173 213 25 108 69 201 139 203 26 
61 : 176 173 197 36 104 227 172 79 111 70 246 101 150 72 105 198 77 234 215 143 212 237 82 239 87 42 80 196 157 210 146 220 35 203 186 60 171 207 58 175 177 124 115 56 84 149 67 192 51 90 147 183 121 85 213 199 231 130 240 187 88 34 242 30 133 76 154 32 96 106 216 31 64 170 190 206 50 217 235 214 93 95 
62 : 45 81 125 176 77 65 249 52 214 79 126 100 55 178 35 104 213 167 61 195 224 245 82 80 157 208 174 226 73 
63 : 25 48 36 127 208 190 49 145 42 77 178 26 205 175 168 181 203 164 27 240 244 94 38 105 163 196 139 129 84 30 220 174 121 154 62 194 173 124 95 110 222 91 92 73 142 117 104 78 93 113 122 216 191 184 65 57 52 101 202 162 51 243 212 192 193 239 151 97 79 88 207 183 167 187 224 161 204 242 149 81 160 
64 : 174 147 164 136 70 105 63 99 220 42 67 190 127 230 45 122 218 214 62 151 141 118 206 44 90 183 66 27 130 74 195 227 108 184 201 41 244 32 93 112 131 160 71 240 110 48 247 68 26 116 124 228 236 120 72 193 194 28 
65 : 199 146 195 167 164 105 30 107 184 103 225 155 144 154 168 91 78 214 169 108 115 221 36 98 41 177 79 80 85 65 62 242 129 63 82 66 118 132 76 99 226 249 240 131 239 110 70 163 176 101 200 58 202 42 157 88 174 72 106 175 44 90 117 109 230 56 245 148 28 124 159 211 71 104 173 
66 : 226 99 71 101 173 107 190 239 56 183 51 243 136 214 231 185 98 153 49 137 152 133 155 223 206 110 94 235 48 47 120 154 140 139 131 141 123 233 172 63 106 215 195 36 146 168 113 44 89 179 196 228 150 193 84 91 165 241 205 161 148 209 189 102 50 32 117 114 204 212 39 96 73 87 76 92 65 93 46 85 27 124 157 188 132 86 64 164 59 162 242 192 37 216 160 191 201 122 128 208 69 200 55 171 108 
67 : 37 220 40 249 55 221 190 173 115 62 60 49 43 146 65 208 117 26 154 85 95 247 145 122 192 124 237 67 25 188 64 94 202 180 141 71 196 194 232 77 170 171 219 50 210 134 235 218 174 101 236 121 176 231 90 230 217 163 223 224 68 47 207 128 215 89 229 33 108 186 206 127 28 35 164 139 166 136 56 98 
68 : 245 223 149 71 134 118 94 65 126 196 76 81 125 212 233 210 209 181 155 152 32 227 185 52 217 106 171 82 63 92 74 243 197 130 37 234 225 99 159 29 148 111 93 56 194 95 49 121 69 28 129 206 122 175 183 174 26 162 98 202 62 67 147 151 73 117 88 219 132 167 46 170 
69 : 131 63 127 72 75 172 203 171 160 96 101 48 237 114 79 236 215 242 177 129 198 87 180 210 136 216 178 29 227 230 108 212 110 125 52 84 231 67 43 100 132 190 90 187 49 149 192 37 151 248 44 65 166 95 249 147 97 89 102 111 140 223 165 120 126 27 205 139 232 220 69 143 162 201 202 31 60 233 93 243 228 109 115 71 155 70 146 40 80 86 135 28 104 103 181 33 45 47 68 226 169 98 159 64 194 116 145 
70 : 133 225 147 233 119 219 70 54 114 64 171 180 33 85 118 151 191 139 128 240 29 214 65 189 248 104 149 207 68 215 154 57 200 47 183 192 245 30 153 76 86 226 156 161 134 170 181 229 135 249 81 50 58 131 144 187 152 109 201 49 217 107 194 73 28 165 130 224 199 196 103 143 40 67 150 45 160 75 120 241 129 166 239 77 69 88 140 124 208 127 182 96 162 125 61 167 80 234 
71 : 235 229 125 151 152 32 192 159 205 177 78 92 216 53 234 223 133 59 220 206 196 85 184 191 218 200 42 240 38 79 156 80 190 136 131 226 60 157 231 27 213 101 28 246 97 49 113 83 47 188 48 74 203 68 104 108 56 25 224 242 118 170 117 154 127 44 52 109 238 124 149 138 135 114 215 230 172 90 121 46 167 211 84 199 181 173 217 63 86 243 175 33 193 105 111 155 
72 : 107 36 61 231 165 206 127 228 221 33 70 52 168 28 131 100 197 99 85 248 71 234 136 66 108 29 143 44 145 144 217 239 78 207 47 
73 : 82 141 83 73 131 52 63 190 67 185 205 49 211 226 176 180 80 64 184 76 179 99 135 206 123 171 209 232 158 36 37 172 105 236 
74 : 240 132 191 85 74 201 162 207 128 121 84 182 96 248 33 177 99 105 149 111 148 215 211 27 32 174 
75 : 234 155 181 79 163 143 41 228 201 106 133 160 179 56 246 192 134 77 97 55 152 125 45 194 225 88 101 173 32 190 86 161 25 76 204 62 174 72 208 57 219 50 94 31 103 177 169 235 85 126 229 120 212 122 199 111 248 104 233 116 35 123 129 87 223 240 128 227 84 74 226 121 99 213 109 80 68 193 92 112 218 124 207 66 191 107 232 183 64 206 46 138 215 164 33 180 73 187 239 236 237 216 105 43 142 221 27 
76 : 238 28 96 194 202 171 35 223 81 38 237 241 118 51 92 60 209 217 83 155 106 120 161 236 29 43 76 37 191 230 142 185 216 108 30 84 189 148 248 156 245 80 86 129 47 240 136 48 243 89 226 107 249 203 159 169 165 204 167 154 110 87 130 210 119 126 132 174 170 59 195 146 
77 : 169 239 31 141 30 92 248 147 201 163 32 209 164 249 139 106 56 155 74 77 181 103 168 183 233 144 137 220 225 97 189 227 182 143 42 122 136 235 61 38 162 36 
78 : 39 143 134 109 137 139 140 180 120 151 61 149 165 33 175 240 223 47 230 152 247 69 196 79 184 206 54 128 186 197 153 63 58 29 208 201 243 73 229 111 106 131 122 83 105 173 203 32 213 
79 : 47 54 231 67 53 45 101 159 195 123 57 88 221 55 65 27 174 117 233 219 139 108 142 121 28 89 234 182 209 78 137 214 194 164 83 41 216 42 172 87 118 138 206 173 154 176 156 168 184 52 116 207 241 29 113 76 31 70 37 86 81 126 167 110 105 208 162 112 61 152 199 151 134 227 43 237 124 63 242 115 204 97 
80 : 214 48 92 207 190 201 223 248 127 132 129 218 114 31 142 151 72 52 79 182 39 184 100 29 198 80 171 186 192 99 35 128 239 59 246 27 82 131 177 165 202 66 76 172 116 101 152 180 183 56 244 170 110 73 34 126 238 115 112 120 134 197 25 163 83 222 97 196 173 64 241 161 148 69 185 70 62 206 55 40 57 227 58 54 91 155 217 103 
81 : 154 176 197 91 95 110 236 168 78 64 204 42 131 134 92 239 186 148 45 232 27 210 143 173 58 60 129 222 166 138 44 93 74 85 233 225 
82 : 63 34 96 116 94 40 197 74 200 223 106 71 244 141 33 157 177 131 180 149 140 185 115 55 26 35 
83 : 246 168 237 100 104 165 116 54 93 210 179 75 79 106 228 99 245 189 44 139 107 122 153 133 95 71 82 92 203 88 201 240 199 233 48 86 164 78 85 232 225 198 41 158 77 66 80 28 222 128 129 221 176 47 114 45 126 124 175 26 135 64 40 161 105 35 143 121 223 62 
84 : 209 143 169 82 204 96 246 79 113 117 138 111 188 75 109 121 145 125 103 74 245 78 120 55 243 108 234 28 89 48 149 86 232 166 174 44 101 225 70 58 247 85 141 56 140 182 219 51 100 104 164 107 54 42 26 84 122 150 59 131 123 171 192 151 147 184 195 129 46 240 118 228 189 170 237 119 142 116 221 160 67 45 35 194 93 202 99 32 167 180 248 29 198 210 235 
85 : 129 88 167 67 32 160 233 115 36 152 220 125 58 26 229 47 85 128 142 187 215 93 59 202 57 208 159 137 155 163 216 232 39 76 
86 : 189 51 115 81 131 32 166 218 78 101 43 66 132 233 206 107 163 37 30 90 200 35 127 79 59 139 119 71 130 27 45 126 
87 : 150 144 245 205 203 58 198 167 90 242 39 128 102 112 135 49 35 235 126 184 34 63 101 83 214 77 166 41 223 134 61 168 133 30 159 193 96 202 178 25 81 149 162 80 226 29 141 185 220 45 233 210 170 97 230 232 209 125 190 231 122 204 107 69 179 121 42 212 217 114 115 139 131 194 36 118 244 229 200 130 119 53 164 140 44 249 191 146 59 148 105 124 224 195 160 174 84 32 55 196 213 239 
88 : 208 225 104 230 237 135 101 106 169 224 201 119 157 68 111 137 189 82 240 47 248 100 70 138 108 144 43 156 147 102 190 180 90 229 198 148 178 149 244 27 76 40 223 87 95 151 93 228 32 242 166 174 123 222 124 33 60 37 63 218 112 141 73 83 67 206 53 165 86 243 30 132 129 78 220 31 55 
89 : 182 115 46 151 206 109 211 202 174 26 41 69 217 145 85 79 241 45 167 93 207 113 166 60 107 62 243 64 181 158 137 131 81 77 188 225 154 28 214 118 150 201 180 116 227 249 192 98 209 208 238 226 95 56 51 99 236 42 96 114 144 
90 : 215 234 55 80 45 188 85 74 134 92 146 174 83 166 54 208 159 38 203 233 127 217 88 99 118 68 29 209 115 43 97 165 133 94 104 186 81 52 232 82 30 71 160 107 72 167 135 201 162 142 37 240 244 190 100 177 84 76 157 103 116 131 196 236 228 151 125 31 235 132 242 137 225 98 205 212 249 243 70 198 230 216 214 136 169 67 121 241 65 158 171 130 148 197 183 227 
91 : 185 176 41 45 150 173 70 187 116 156 68 224 204 77 128 181 194 100 231 104 38 42 163 132 233 180 236 226 134 129 107 161 203 230 110 62 167 214 145 146 155 152 115 27 
92 : 65 187 230 81 153 137 49 104 121 115 245 211 75 180 232 149 203 160 165 235 163 92 107 193 215 70 45 225 99 86 100 198 
93 : 152 63 206 185 58 96 242 162 97 243 165 175 94 100 127 213 240 109 133 160 159 60 212 37 200 207 172 104 49 89 114 148 194 215 117 50 155 39 154 111 142 150 221 32 128 55 62 110 236 195 51 27 135 191 113 234 80 249 54 82 53 179 205 91 168 31 192 181 30 81 68 79 69 101 76 146 132 227 118 120 163 197 247 232 235 180 199 
94 : 87 62 44 165 26 86 33 53 50 156 186 198 212 141 218 183 97 166 59 144 135 31 217 111 190 80 36 103 164 168 215 45 128 239 65 191 247 182 187 47 83 207 28 201 131 69 115 52 222 221 54 
95 : 174 221 137 207 240 77 180 155 32 244 41 102 49 219 175 87 236 28 30 85 228 65 94 48 95 29 109 97 169 197 188 119 173 47 132 141 111 129 37 61 59 246 164 134 225 146 142 79 68 145 117 105 231 
96 : 157 62 172 191 43 54 45 234 194 108 32 130 122 114 57 144 221 224 104 79 200 168 93 61 101 37 81 177 230 98 74 40 124 202 33 100 242 223 187 216 107 199 26 153 63 193 31 119 147 145 170 103 188 195 239 80 154 60 152 127 180 69 72 85 94 86 29 190 196 141 222 204 161 183 134 52 231 84 218 245 205 156 137 41 160 229 82 35 133 48 67 186 65 226 50 203 220 28 228 78 213 
97 : 89 241 164 35 114 61 204 133 62 110 249 225 82 41 101 122 45 234 123 197 189 75 34 187 240 151 47 102 148 78 230 188 145 134 205 199 107 171 39 
98 : 119 80 127 166 185 60 161 164 92 48 247 206 177 159 77 143 44 241 117 34 91 54 61 187 63 248 141 55 111 88 123 46 163 170 130 82 196 184 131 208 120 191 237 162 42 147 140 28 45 226 175 221 190 86 110 104 37 59 225 182 49 174 144 231 139 128 103 209 62 214 136 69 180 173 57 47 29 152 102 112 203 73 176 122 199 33 194 41 71 97 153 99 78 106 229 67 90 205 189 239 228 224 101 65 
99 : 195 57 248 130 206 157 214 123 95 118 201 179 77 205 244 185 204 62 167 53 237 145 168 242 196 182 162 100 158 159 198 131 25 102 109 42 217 238 129 114 189 122 87 105 113 191 64 36 98 61 111 66 106 120 85 154 229 192 150 223 233 221 209 97 247 50 151 213 225 89 54 249 133 33 46 208 136 99 52 59 243 28 138 48 125 56 231 181 147 69 76 31 127 186 37 108 140 93 121 126 35 79 210 153 232 110 80 199 
100 : 216 207 201 35 103 111 53 215 138 202 189 59 157 245 145 191 171 149 79 116 218 122 151 71 225 210 140 190 73 52 39 193 51 34 36 232 220 28 213 246 47 228 93 97 237 182 249 99 196 48 58 178 125 226 206 
101 : 138 196 204 109 47 66 83 78 112 210 126 187 45 120 147 234 59 247 101 84 228 54 199 157 137 158 79 72 52 215 181 185 241 26 139 132 189 180 89 233 55 
102 : 111 90 200 80 210 217 149 160 85 228 162 84 231 110 94 202 56 107 59 245 246 170 198 213 230 114 57 92 28 60 134 26 
103 : 232 147 94 183 207 115 52 247 134 186 224 92 169 225 173 45 193 211 89 197 157 246 50 111 164 244 109 26 184 25 
104 : 249 92 146 36 190 202 225 25 149 164 212 194 117 208 112 177 239 58 210 205 161 45 48 103 87 198 214 67 74 243 97 185 186 82 192 237 40 30 171 176 168 41 77 38 66 180 101 129 43 50 99 98 197 28 221 121 95 244 37 80 172 173 118 136 189 33 35 245 
105 : 38 242 131 91 165 187 152 101 160 81 53 27 146 111 56 141 57 178 215 26 241 73 205 29 173 202 225 184 213 49 72 166 84 139 145 117 158 65 108 33 67 194 237 34 31 247 220 59 211 35 109 77 189 168 249 94 126 99 30 25 172 188 130 229 40 222 41 143 90 155 183 209 104 218 121 192 105 164 124 46 86 147 231 62 154 93 95 66 134 63 54 171 44 87 98 85 182 107 61 74 116 113 214 230 120 227 106 118 71 
106 : 51 105 106 104 240 195 165 102 223 214 65 138 248 222 119 101 121 112 92 178 114 159 38 64 147 182 218 91 227 53 63 85 32 217 118 188 221 33 230 181 126 139 43 44 128 171 150 95 226 42 103 132 39 109 209 57 205 207 190 99 201 168 241 122 166 235 87 243 
107 : 235 160 189 38 118 120 198 66 40 29 223 133 166 179 108 107 78 126 175 191 37 218 214 121 99 163 183 174 49 203 119 233 34 204 105 164 165 122 201 92 242 35 180 206 71 143 67 192 33 210 241 194 117 25 114 97 124 205 96 248 228 209 222 178 139 177 61 83 47 80 217 98 153 197 72 106 243 39 101 95 167 172 151 150 112 
108 : 144 45 128 230 193 72 233 111 225 30 198 147 189 66 31 126 134 71 246 174 37 214 48 139 216 116 148 211 237 190 177 207 99 191 186 163 152 248 32 240 43 131 122 107 101 53 35 220 203 106 25 88 70 54 209 68 205 36 80 161 42 110 73 179 199 192 140 210 79 201 206 236 242 93 33 109 173 118 
109 : 144 235 177 79 96 173 39 175 50 193 118 109 36 180 152 237 199 93 129 69 98 168 170 211 128 60 248 90 147 86 75 184 212 154 150 55 222 246 132 195 116 239 32 162 70 84 115 119 59 52 120 113 61 97 117 243 54 229 35 200 85 233 242 189 57 223 218 216 73 151 192 
110 : 224 147 65 42 119 149 249 105 117 97 164 146 144 222 101 74 84 26 245 100 193 64 145 233 140 25 223 168 53 62 59 44 116 114 137 138 27 121 86 40 187 79 134 56 173 192 115 171 185 57 206 108 95 208 241 154 106 49 247 50 190 132 85 230 28 228 200 217 159 220 172 66 47 235 243 45 210 30 234 88 104 225 207 221 205 135 43 130 46 92 142 67 198 156 36 170 94 199 71 175 238 90 128 29 157 136 
111 : 96 112 232 123 34 160 42 167 110 107 207 128 83 211 27 97 224 50 205 80 165 212 120 216 29 88 93 76 84 242 202 118 175 73 159 179 31 164 149 150 124 
112 : 85 132 116 97 175 140 205 249 208 211 93 226 113 54 169 96 29 27 72 185 99 135 187 47 202 76 40 239 42 26 190 229 174 217 69 87 141 165 38 107 139 133 148 80 244 161 201 245 157 203 230 136 227 213 77 207 219 90 
113 : 56 239 128 245 159 145 221 79 241 195 158 65 172 186 78 178 197 118 175 114 132 112 237 157 36 185 224 199 104 49 184 227 163 103 174 223 188 108 66 39 190 244 243 51 209 96 55 235 151 97 102 68 176 115 141 100 238 181 166 225 69 95 167 25 38 46 34 210 86 211 242 133 80 204 219 117 139 35 87 26 246 101 234 144 206 154 
114 : 89 187 202 94 213 87 83 239 113 38 199 135 56 139 180 64 44 191 185 200 35 177 194 193 161 245 103 114 108 203 208 165 131 150 39 190 130 235 76 229 53 50 157 197 58 104 205 242 212 115 153 176 136 117 99 173 223 75 129 86 84 70 230 204 163 68 168 109 189 155 51 134 123 152 228 91 55 232 78 110 128 92 47 46 214 100 188 248 238 195 146 225 162 77 
115 : 50 75 181 244 65 124 185 105 36 100 119 46 93 157 135 132 249 179 183 88 215 238 153 66 225 37 149 113 76 42 207 160 35 205 133 83 99 152 237 191 81 208 82 92 136 239 154 175 34 189 155 229 240 158 156 161 77 49 203 134 122 109 195 170 150 55 123 197 190 202 173 
116 : 51 90 117 212 76 153 175 127 184 137 181 64 176 247 62 123 240 97 89 230 158 163 218 139 26 128 169 95 200 144 182 125 180 120 173 193 37 151 179 96 
117 : 153 45 150 129 35 236 57 213 182 176 117 189 204 76 92 238 37 160 242 149 89 53 67 111 249 115 142 220 244 79 200 112 166 207 65 245 230 225 51 201 110 228 239 232 
118 : 110 129 183 228 56 25 55 225 72 136 203 26 241 35 156 88 154 141 120 128 65 53 173 246 96 182 190 39 148 63 40 223 51 239 70 235 105 93 201 101 49 206 125 
119 : 63 149 197 85 129 114 47 124 28 221 89 210 198 120 97 172 34 109 157 25 249 32 216 77 94 247 241 86 50 119 136 185 130 90 148 228 191 158 51 103 213 76 57 69 96 56 95 59 140 133 121 188 
120 : 204 122 149 90 74 133 96 64 180 121 113 104 118 98 85 28 51 131 92 152 71 84 160 201 195 168 188 226 223 232 185 171 221 31 66 146 80 166 240 73 76 182 198 97 220 194 87 158 111 123 135 67 40 89 203 45 159 107 124 162 208 151 39 248 112 184 235 228 63 86 61 140 
121 : 186 209 127 139 25 151 45 93 180 192 59 200 159 126 86 238 190 113 227 176 232 249 103 123 34 32 224 194 137 75 79 108 134 160 70 207 244 226 189 243 143 162 188 60 155 171 49 169 54 147 156 202 175 191 83 210 50 199 197 184 27 42 170 183 
122 : 143 186 182 233 26 136 76 112 156 160 74 134 79 118 200 237 207 52 82 66 124 150 162 108 90 168 190 178 227 147 85 30 205 114 65 99 217 231 151 44 107 165 59 103 215 106 211 104 97 161 148 34 56 225 125 235 158 93 50 
123 : 32 190 29 233 131 75 118 148 171 218 215 223 87 170 163 125 36 158 194 175 143 119 156 97 107 172 160 213 248 222 61 243 53 120 246 88 43 
124 : 85 49 248 138 38 102 170 140 71 92 129 79 144 177 238 95 65 244 147 108 198 195 154 94 139 153 86 37 233 27 191 219 164 116 161 66 169 192 150 44 209 61 57 83 125 174 43 110 113 33 67 126 236 206 30 215 200 228 68 87 149 146 130 123 134 35 82 155 32 109 221 179 
125 : 57 28 161 106 48 213 75 118 93 144 68 65 203 123 181 50 120 27 154 67 227 77 121 72 184 30 224 147 231 
126 : 194 207 81 63 147 129 48 97 215 212 197 195 150 51 40 32 50 214 89 164 240 31 228 243 165 33 25 205 120 80 90 248 171 201 45 231 93 247 156 162 55 107 235 149 61 64 133 44 175 182 118 75 105 54 
127 : 101 140 146 121 236 109 148 59 166 194 177 58 71 192 202 96 88 90 112 157 238 42 240 48 188 64 244 44 136 174 141 
128 : 185 67 171 114 136 166 147 37 218 100 27 172 86 70 95 123 80 228 121 108 223 174 231 105 135 120 207 102 247 170 182 221 186 224 169 211 51 188 230 229 96 99 183 176 66 157 213 210 226 134 202 54 143 58 107 196 204 
129 : 206 145 223 234 141 93 157 162 190 204 249 112 33 239 147 139 124 110 132 82 58 105 224 53 29 232 215 114 242 177 81 164 38 229 91 73 55 74 220 80 122 210 150 209 170 96 25 185 113 50 225 221 104 89 39 108 111 61 175 143 191 54 142 222 107 194 196 187 140 90 27 37 246 
130 : 233 120 215 83 64 155 134 193 202 219 137 200 48 167 103 94 235 119 85 212 150 224 225 88 186 140 68 30 101 69 217 206 176 216 59 28 141 178 77 188 143 230 179 79 175 232 243 86 115 25 147 106 249 37 32 126 127 136 229 35 114 170 182 239 36 201 121 145 192 117 156 177 78 100 
131 : 47 160 53 152 228 127 177 134 190 103 222 118 48 139 155 30 129 197 240 235 126 195 108 206 133 25 239 104 232 111 
132 : 91 158 218 197 35 134 116 69 225 34 133 194 114 85 106 183 130 244 53 184 120 107 206 135 113 195 89 98 207 30 164 141 137 38 155 224 182 230 97 103 54 32 84 175 43 240 165 49 193 243 37 26 153 66 46 117 179 198 232 124 202 59 142 108 82 111 121 93 204 79 74 101 213 144 52 239 176 245 45 63 226 220 77 234 28 127 55 152 246 31 50 126 
133 : 183 214 55 228 101 197 39 221 205 132 154 172 60 136 29 75 137 127 44 38 169 181 162 34 126 213 237 129 241 144 105 231 112 138 27 83 97 246 248 45 99 26 74 62 30 161 177 87 36 199 195 86 118 28 156 89 191 77 176 121 233 79 249 120 47 123 225 224 70 
134 : 53 79 229 110 148 230 181 154 116 84 242 152 125 78 161 247 88 186 118 179 151 193 204 146 140 123 134 89 45 240 185 232 30 64 160 207 48 56 102 168 75 70 109 166 86 50 135 61 71 73 211 57 235 55 208 175 101 173 171 94 199 192 120 66 169 51 
135 : 31 137 68 28 155 89 225 25 80 170 27 107 220 192 86 237 245 112 236 92 117 201 119 122 47 144 49 87 221 59 50 57 131 70 214 78 206 230 91 203 215 85 63 140 198 213 37 95 101 208 62 181 145 241 211 35 218 249 94 224 182 136 109 135 32 108 38 146 40 43 184 162 67 156 149 223 100 93 148 197 98 41 228 111 196 52 217 79 90 71 46 138 96 54 157 226 175 105 55 244 88 171 
136 : 213 181 156 61 33 111 247 59 42 155 203 242 28 214 64 221 62 91 140 125 202 57 36 43 123 212 154 115 81 146 
137 : 118 141 130 159 27 36 170 222 58 226 240 180 146 132 198 44 56 59 101 191 64 37 74 175 165 219 32 78 129 214 96 51 31 152 223 106 231 205 124 247 93 239 201 156 114 218 71 46 150 192 178 80 100 49 81 168 158 47 43 133 69 28 179 70 131 202 182 99 148 237 135 185 199 242 186 241 244 229 174 30 126 213 209 216 54 112 139 116 103 57 75 206 184 187 193 172 134 215 87 73 86 151 92 160 85 88 61 217 108 115 
138 : 60 53 39 218 109 114 115 88 224 161 156 34 227 103 240 245 172 100 57 235 43 249 110 111 71 174 207 220 97 65 29 193 32 239 69 46 160 78 119 42 199 56 147 137 187 70 81 195 213 93 210 49 180 149 35 188 106 68 92 107 229 158 144 212 247 91 73 171 86 47 44 136 84 36 241 231 152 175 166 205 130 233 236 190 177 55 222 135 185 104 122 129 50 90 221 145 117 112 246 113 98 179 48 197 58 181 131 128 151 
139 : 235 224 144 169 78 119 67 82 167 128 203 72 34 48 154 134 192 66 103 220 138 121 73 201 163 41 129 160 166 139 143 27 156 162 142 115 99 56 62 145 64 146 30 151 86 168 225 208 153 221 44 233 92 214 87 60 133 177 108 106 117 217 80 136 76 84 101 33 109 187 54 
140 : 176 138 146 58 50 46 44 248 49 28 77 73 105 182 45 155 216 236 127 38 235 226 208 153 59 125 171 243 189 60 54 222 227 185 119 102 131 57 98 218 65 25 86 124 147 114 162 56 207 35 110 34 178 139 82 123 144 215 
141 : 216 50 43 234 76 207 165 36 178 199 77 46 144 214 211 246 41 107 183 186 209 227 96 133 124 75 92 191 153 172 89 129 108 115 33 127 231 130 190 93 106 242 131 100 143 197 228 135 220 157 90 64 81 142 128 52 169 91 72 111 179 236 225 42 109 224 44 192 110 74 85 233 114 235 160 134 58 49 26 55 205 166 
142 : 163 106 204 74 167 191 81 194 221 208 110 244 166 199 169 238 144 29 58 171 48 118 111 30 227 71 119 249 40 45 125 247 177 75 200 103 225 226 246 153 220 94 76 178 33 49 205 83 210 207 25 55 201 102 120 
143 : 97 158 76 104 47 99 41 182 48 200 120 185 86 71 233 88 51 218 93 150 36 171 205 204 219 154 172 156 246 186 184 52 75 239 121 102 123 32 87 38 222 57 141 132 74 169 231 225 130 108 249 77 159 174 216 208 55 181 149 69 155 236 164 125 175 163 96 146 95 178 73 56 26 82 142 220 209 227 240 168 196 58 226 202 206 243 
144 : 197 159 217 58 86 68 190 102 228 44 163 134 26 108 56 112 242 115 200 136 160 208 90 223 45 147 52 65 92 176 177 64 77 117 178 168 94 212 144 165 150 83 97 79 153 98 62 127 85 179 207 221 61 111 205 96 88 189 227 206 238 106 199 229 247 128 188 211 47 131 105 203 157 210 113 46 51 173 72 241 140 123 67 225 240 29 175 100 181 191 246 75 222 158 
145 : 230 170 138 31 105 103 190 128 68 62 40 125 41 28 84 175 183 155 78 227 32 184 137 37 53 61 80 38 234 26 222 43 204 122 136 71 88 35 108 141 65 131 148 98 50 180 188 73 194 119 203 225 82 101 66 201 92 81 236 247 48 67 246 51 205 228 226 152 75 52 233 153 146 127 169 179 96 27 220 229 112 126 200 157 29 118 113 57 79 150 46 54 195 219 216 210 86 143 193 224 47 70 
146 : 33 127 72 74 66 157 162 194 240 132 186 85 35 67 177 228 37 221 196 146 78 84 83 149 193 156 163 36 124 168 232 123 82 46 48 140 213 134 198 62 57 145 129 56 120 141 31 152 27 44 153 96 117 217 89 169 25 214 
147 : 199 75 120 155 191 214 61 198 125 213 235 209 229 89 80 78 105 227 240 161 186 111 73 197 174 225 63 143 112 134 232 182 83 138 34 118 145 124 187 165 228 110 215 224 121 82 152 146 101 245 172 72 51 55 36 103 144 98 137 37 49 70 28 29 231 247 25 136 226 185 175 128 168 218 149 109 60 74 35 117 217 
148 : 194 72 31 167 219 187 150 104 35 193 80 61 128 122 148 96 30 230 214 133 130 233 52 38 27 143 106 45 87 90 199 75 85 156 44 215 54 243 118 62 198 157 51 168 201 63 184 231 125 108 239 197 119 36 64 103 240 186 155 113 180 248 42 192 68 101 127 89 79 70 216 142 81 160 237 84 59 226 247 46 65 200 25 83 94 71 117 114 190 56 91 244 111 
149 : 104 242 223 186 90 190 78 50 137 120 108 140 69 159 86 42 193 235 123 211 95 77 165 54 246 178 102 31 142 144 238 67 204 97 96 112 85 215 106 113 141 41 59 219 36 30 73 216 58 194 29 52 244 103 116 
150 : 182 99 74 122 186 218 107 225 202 208 185 76 81 149 174 38 49 227 113 153 70 201 65 221 249 145 231 125 169 26 51 53 190 42 245 121 57 199 148 140 132 141 205 193 164 40 36 220 29 209 187 90 179 217 170 
151 : 189 34 62 150 42 47 211 95 74 110 225 248 27 179 243 197 223 203 137 101 216 120 209 178 46 73 48 25 54 82 188 236 213 96 107 140 126 244 199 94 154 221 105 90 205 159 133 198 93 231 147 206 174 228 245 192 237 143 44 226 125 195 117 155 232 234 79 115 187 144 60 78 165 114 249 36 49 72 167 85 56 37 99 191 141 153 
152 : 100 97 108 105 75 141 116 223 157 242 147 214 76 137 180 138 113 183 52 85 203 219 198 195 236 140 217 57 109 123 228 77 82 187 192 205 196 36 162 225 28 122 96 117 55 54 237 91 
153 : 58 158 232 46 167 169 197 203 142 54 44 60 47 64 25 78 95 55 110 227 87 86 189 183 68 70 172 71 206 195 92 49 72 185 240 101 213 30 159 127 84 76 69 205 98 157 248 115 125 114 180 177 171 53 100 218 188 
154 : 177 204 115 155 42 50 165 35 126 162 122 153 123 247 215 48 245 111 144 37 223 187 163 134 119 184 86 240 243 49 51 61 224 211 60 209 179 208 62 32 52 118 159 81 34 146 90 241 120 231 58 137 210 167 97 147 131 85 222 200 29 76 25 117 64 70 192 68 207 80 232 79 233 108 196 238 206 129 109 152 175 227 161 139 104 107 124 150 47 214 96 55 189 205 106 59 212 168 112 89 225 218 141 130 31 75 114 72 244 39 
155 : 216 224 142 80 181 172 78 45 231 42 122 71 39 249 148 118 49 115 183 130 119 29 200 174 192 232 53 196 120 219 79 64 246 227 213 82 139 191 248 201 87 91 159 44 141 209 35 150 240 164 46 74 207 171 37 208 187 136 50 222 244 59 202 180 193 230 47 185 177 
156 : 37 188 150 169 38 213 202 95 222 151 212 75 59 30 179 199 96 126 181 141 127 79 185 78 173 48 124 158 242 168 28 46 230 66 204 226 164 200 167 161 149 160 206 97 228 74 116 221 159 198 73 64 36 190 84 76 88 144 166 236 107 184 87 132 57 197 145 232 186 106 205 100 92 83 113 209 110 43 112 227 65 81 103 239 
157 : 139 136 66 80 76 106 123 189 87 108 105 206 216 61 162 234 183 120 174 102 204 149 171 219 218 69 245 37 51 67 75 70 213 228 127 36 112 57 134 165 55 166 27 48 98 142 56 83 239 89 153 131 47 26 137 138 53 122 175 31 84 192 39 72 32 130 35 226 181 103 209 115 82 215 77 68 100 143 
158 : 107 65 234 168 229 238 166 171 155 53 152 140 143 55 161 121 240 40 149 69 85 179 249 36 80 244 94 183 132 214 117 146 158 215 202 218 31 29 105 212 114 
159 : 167 243 80 176 74 185 194 69 61 239 188 227 30 217 108 28 95 166 31 102 159 212 119 147 56 191 216 134 55 140 133 
160 : 98 230 144 117 160 227 176 121 237 137 187 49 55 224 60 75 225 179 25 203 241 133 43 158 104 41 148 27 91 135 92 72 212 81 217 67 53 164 118 61 240 64 96 119 58 172 195 42 40 44 62 248 161 178 127 233 183 88 47 56 48 193 68 201 108 129 192 152 32 168 180 76 26 169 175 150 232 94 126 218 85 243 141 238 105 131 109 188 222 95 229 65 166 70 79 142 210 181 226 205 39 242 219 73 234 
161 : 216 163 96 60 104 199 151 228 214 35 155 130 242 59 129 156 146 210 25 173 220 83 107 67 196 189 248 178 160 136 158 40 166 223 150 132 145 180 134 234 100 27 154 77 72 
162 : 27 110 80 193 144 36 249 227 76 30 157 135 34 108 128 146 126 153 40 127 101 61 222 78 247 75 223 63 164 118 229 37 115 106 82 205 151 69 84 179 149 185 102 154 38 103 178 208 
163 : 140 61 63 98 142 221 118 121 239 104 141 86 115 153 151 70 95 130 146 129 205 120 155 131 96 46 113 249 101 122 48 241 149 
164 : 78 247 204 146 225 139 149 248 222 96 35 224 128 101 65 234 188 109 122 39 67 28 240 239 211 95 62 90 171 183 192 231 155 73 63 212 242 36 167 151 218 123 99 147 219 154 241 55 156 180 246 56 194 120 71 221 130 89 131 113 40 79 141 88 223 144 173 29 45 172 75 98 121 104 41 100 82 226 84 25 153 227 49 
165 : 157 173 236 77 194 239 143 248 184 232 114 33 42 213 225 176 200 217 244 54 115 195 122 198 230 66 98 58 59 55 110 145 160 53 144 71 162 191 106 70 108 75 214 192 96 107 127 41 113 112 163 150 68 116 92 82 152 132 121 207 131 72 205 80 56 155 45 101 90 63 196 204 105 137 202 62 228 79 99 61 120 39 44 156 67 128 50 237 88 167 240 126 73 243 60 174 190 43 208 87 100 93 227 30 
166 : 78 239 167 219 82 96 166 140 46 244 133 66 38 71 41 148 163 164 128 212 102 222 154 40 143 76 177 29 242 92 179 240 234 109 137 153 187 206 199 215 238 241 151 236 172 195 209 243 30 113 120 88 47 90 58 205 69 171 64 54 203 126 99 59 119 106 98 62 155 190 142 
167 : 214 84 184 134 176 160 58 178 150 117 208 118 194 28 52 72 248 73 166 92 75 163 33 205 131 177 154 109 30 180 167 185 67 128 237 233 50 142 61 63 204 198 210 249 174 193 182 132 230 51 135 148 162 78 196 143 232 218 97 242 200 81 111 46 
168 : 144 236 61 121 117 58 228 81 91 83 53 244 208 170 68 135 142 217 57 219 118 235 111 158 197 193 84 160 195 147 175 146 70 52 25 92 224 
169 : 41 226 218 30 187 156 224 191 38 51 143 243 232 202 101 219 49 79 162 125 39 66 222 45 248 194 50 54 186 207 210 58 200 173 55 159 203 178 103 89 121 147 46 199 216 96 48 185 168 82 157 83 225 150 132 37 109 127 92 155 59 112 134 98 90 29 107 229 77 149 27 
170 : 180 61 136 135 152 173 69 73 157 240 70 122 194 156 159 177 35 98 204 243 164 146 239 228 131 227 67 220 212 41 201 241 174 158 68 63 50 
171 : 139 119 117 178 241 69 243 233 32 229 216 141 201 54 142 85 35 172 174 245 223 75 185 154 29 225 48 98 44 210 86 211 183 77 152 126 230 34 95 247 236 55 79 63 120 145 161 150 25 146 163 93 199 80 106 204 84 111 30 59 176 196 42 248 89 101 182 74 191 53 143 104 115 
172 : 195 150 35 202 83 66 47 95 138 154 175 114 153 170 145 246 181 85 103 160 159 157 214 39 81 76 127 217 204 75 234 117 162 191 87 65 142 111 107 92 132 206 98 74 113 26 62 45 115 42 224 25 226 41 70 166 124 131 193 216 
173 : 144 102 154 212 167 157 103 113 147 54 93 182 235 218 234 69 131 133 132 72 89 129 224 62 241 30 181 78 183 42 109 125 146 120 25 229 231 245 187 71 75 145 122 68 50 216 70 31 45 199 162 112 149 238 171 247 178 64 170 37 51 82 227 204 94 26 58 228 248 179 148 172 190 32 194 138 65 168 189 207 29 249 140 57 40 43 55 225 214 184 77 213 209 185 217 180 27 151 159 87 150 67 196 221 49 73 107 
174 : 225 144 166 56 121 229 216 208 118 224 162 155 83 211 41 227 88 65 119 66 95 168 47 245 76 61 128 189 104 34 
175 : 204 221 211 52 124 169 247 224 215 179 248 154 191 223 43 74 104 109 58 76 53 103 202 143 88 249 139 160 44 92 
176 : 134 85 82 57 199 123 212 130 90 156 101 112 102 142 147 248 135 186 27 237 118 183 153 166 210 54 238 230 202 169 244 39 226 203 227 162 122 174 152 114 180 86 94 98 204 172 104 50 87 247 129 146 81 150 185 225 128 236 121 158 37 127 31 111 213 62 171 36 109 215 72 207 145 151 192 53 208 96 219 71 220 143 25 93 140 173 68 64 211 78 91 75 
177 : 215 114 52 244 191 155 35 219 147 132 154 227 171 82 34 112 233 91 103 93 211 200 189 98 222 79 237 181 138 232 212 36 240 228 242 37 122 78 207 53 214 59 206 92 220 74 190 135 239 89 177 235 229 62 167 71 188 192 88 54 117 243 193 204 49 118 230 142 160 99 152 158 174 95 121 194 60 46 48 131 66 185 97 162 172 199 129 183 176 218 
178 : 196 27 36 232 51 190 146 120 83 110 240 194 54 82 115 217 168 34 180 91 172 179 44 59 86 143 166 100 222 111 141 
179 : 192 108 190 89 176 216 195 238 149 82 58 223 184 170 68 118 72 131 151 225 64 130 37 158 230 234 159 232 79 96 187 141 181 188 215 183 39 52 57 168 53 62 97 71 51 78 124 146 244 186 189 221 55 196 161 76 110 81 222 210 205 152 25 114 84 236 126 65 66 36 43 44 180 42 113 
180 : 240 197 217 242 81 206 144 187 139 126 39 127 102 42 103 41 249 136 140 156 172 37 108 179 134 93 228 87 182 146 32 129 90 143 53 243 65 247 152 211 105 120 88 56 186 50 55 27 33 71 246 97 91 248 157 154 205 202 46 224 25 235 225 124 48 74 86 92 104 210 190 220 107 229 40 84 111 131 58 170 125 77 115 82 114 142 98 215 67 52 
181 : 90 39 99 43 245 27 105 121 81 202 133 112 28 100 140 170 67 235 66 249 124 228 87 227 214 159 215 75 224 37 211 151 207 208 103 47 190 223 139 198 175 237 145 164 58 178 50 166 197 55 125 154 109 157 29 225 41 188 25 206 114 216 76 123 91 60 181 165 144 96 
182 : 108 101 113 215 87 234 185 187 70 132 93 127 203 49 233 198 52 83 56 65 121 129 216 249 100 218 182 76 97 103 176 220 144 27 105 166 38 169 
183 : 84 61 207 146 155 159 183 111 63 246 72 79 194 158 232 217 92 196 133 56 209 220 222 245 175 122 184 36 128 57 190 132 58 52 101 82 69 231 204 203 211 65 156 93 249 74 151 113 170 55 108 31 86 75 53 173 157 177 67 64 187 50 71 143 188 165 248 145 241 174 234 44 164 129 118 181 191 105 219 154 127 168 29 119 68 97 66 76 214 178 78 85 45 
184 : 143 114 69 231 34 36 161 192 37 51 199 213 247 97 243 140 73 144 115 249 210 217 148 194 226 27 236 180 88 26 179 103 113 130 173 149 238 183 166 93 80 43 152 49 219 196 128 104 154 71 239 
185 : 96 37 138 40 49 166 201 179 117 188 226 55 63 115 199 204 75 57 232 182 177 246 194 122 38 108 150 82 168 160 198 54 173 103 186 202 106 69 61 153 215 98 44 86 139 158 41 83 244 78 235 227 58 43 211 213 236 231 68 206 101 90 72 157 247 130 152 53 145 47 131 210 205 237 169 50 140 80 64 187 88 242 154 66 
186 : 103 91 229 219 238 64 72 227 167 102 104 94 171 137 133 216 155 74 77 161 123 66 90 190 192 69 159 243 98 157 83 189 188 93 180 143 58 82 116 209 33 40 100 79 226 145 47 136 249 63 178 244 170 202 156 50 222 232 200 149 73 32 193 110 80 68 182 39 65 144 158 220 199 195 184 142 231 208 177 166 128 207 78 239 240 121 198 175 141 119 35 185 34 154 206 
