0 : 181 30 54 48 160 126 89 104 39 237 246 196 184 119 90 93 169 60 103 135 148 216 144 157 217 34 152 145 27 164 113 149 131 108 202 192 230 198 133 91 105 26 143 199 197 62 118 142 182 187 66 218 188 50 74 235 173 224 227 106 100 163 45 43 73 213 179 125 195 243 189 172 25 136 220 35 61 56 85 236 87 
1 : 226 113 231 195 87 177 184 55 180 217 182 96 161 79 158 173 60 238 78 63 228 52 120 89 123 122 172 193 74 102 220 53 58 70 187 98 
2 : 99 180 58 123 75 129 74 51 48 124 64 197 63 33 171 62 188 84 226 44 94 90 28 93 158 37 186 35 54 160 238 179 241 203 243 86 60 85 32 245 69 177 127 164 239 169 189 117 200 211 38 136 59 128 26 208 156 153 185 
3 : 184 136 59 187 69 91 75 149 207 157 175 195 160 37 201 146 95 150 194 168 32 58 170 240 228 78 215 196 44 206 108 80 107 116 231 104 156 62 185 81 236 176 60 39 226 43 114 205 235 212 249 100 101 96 159 142 86 41 
4 : 184 227 209 33 124 139 85 164 47 197 106 50 99 224 94 199 73 168 140 176 58 156 143 44 181 127 30 95 203 129 90 100 64 145 238 119 167 61 137 45 78 135 198 196 204 102 188 169 185 38 248 245 189 200 31 211 130 75 57 86 42 180 221 92 39 68 174 226 77 158 43 
5 : 84 104 238 37 42 219 134 226 74 71 246 199 232 127 113 98 138 59 212 174 93 214 237 68 211 240 233 154 184 220 142 143 186 79 115 234 25 57 223 210 101 133 44 224 111 170 159 77 125 245 26 190 221 175 181 30 149 131 103 165 239 39 64 189 215 86 225 146 158 231 90 66 31 80 144 
6 : 225 141 241 212 40 27 223 60 128 243 202 50 129 236 136 240 93 211 206 247 237 52 100 59 73 133 123 159 35 147 63 154 61 169 90 197 165 104 155 245 77 221 49 163 150 89 54 142 196 249 178 76 144 117 193 98 82 83 233 72 227 216 173 84 116 198 195 124 103 244 64 168 151 42 66 192 200 109 
7 : 235 34 48 244 60 124 221 58 189 247 116 103 82 222 109 220 207 198 53 99 111 85 241 120 80 246 137 113 208 110 69 50 236 49 199 219 233 91 128 154 201 190 79 213 32 
8 : 203 40 71 34 234 60 242 133 48 207 200 190 50 95 73 62 147 25 189 67 29 159 30 148 241 
9 : 54 207 91 95 42 88 160 209 154 188 143 31 83 189 127 206 61 114 29 33 156 205 149 103 224 204 240 148 108 144 235 32 55 244 139 96 74 162 181 217 27 85 172 84 176 112 237 75 137 58 245 241 249 64 37 109 165 
10 : 25 112 106 140 107 154 109 33 79 172 203 77 29 211 224 179 72 103 213 235 229 160 43 221 121 30 
11 : 118 170 184 34 196 178 47 44 126 150 242 101 103 185 60 220 229 52 236 125 140 188 241 161 243 74 212 221 146 76 71 89 37 232 97 166 195 147 203 106 83 179 190 223 31 231 86 206 48 
12 : 66 244 68 126 207 163 197 146 31 174 204 118 46 91 139 82 85 229 214 172 130 161 97 152 186 53 36 128 249 104 38 136 237 160 183 137 41 70 240 92 28 129 64 182 198 180 164 170 27 162 226 190 71 134 67 218 35 219 105 76 184 65 222 94 242 208 87 127 241 201 143 247 
13 : 92 248 162 133 65 107 234 124 144 103 128 42 51 85 237 86 223 126 91 137 221 222 205 97 180 113 46 231 120 110 104 78 41 185 38 
14 : 60 27 31 140 151 219 175 65 232 43 80 192 171 89 74 64 167 156 223 100 116 75 248 194 88 143 98 29 235 134 56 172 207 227 145 197 159 247 132 36 142 148 121 136 103 119 77 216 85 76 184 84 124 93 211 187 26 204 137 208 122 28 57 249 90 105 30 115 240 138 99 213 246 53 59 114 214 186 168 200 170 191 47 52 48 37 215 128 51 73 180 
15 : 46 117 113 31 247 147 129 41 154 131 245 42 219 193 248 59 140 164 47 136 114 223 203 63 108 37 121 197 77 144 202 87 122 196 52 126 104 91 92 209 137 224 175 79 239 
16 : 194 186 182 209 243 204 73 158 27 71 74 57 122 155 170 82 185 58 166 162 87 147 218 68 29 76 163 45 156 227 153 142 221 72 
17 : 223 107 178 187 130 161 87 238 140 156 96 231 200 198 230 124 237 244 192 175 232 143 68 117 135 152 144 217 41 119 136 240 
18 : 122 239 87 80 90 71 144 124 38 199 93 153 77 101 68 54 62 91 222 39 119 81 188 143 189 219 236 201 88 175 69 136 207 211 249 233 147 174 47 115 176 180 171 75 195 242 194 102 204 232 235 240 110 114 237 120 214 140 166 228 151 56 142 245 187 131 246 111 158 76 220 243 128 146 247 26 160 103 183 92 155 216 191 70 94 73 
19 : 33 126 235 187 200 101 129 209 67 246 134 59 125 86 132 222 63 160 216 214 215 135 128 137 206 110 46 224 211 43 227 212 186 68 
20 : 154 210 120 100 221 216 241 45 163 133 177 161 60 101 217 40 116 39 43 195 104 214 119 83 150 187 231 129 178 244 81 198 105 246 227 238 160 218 128 204 68 196 228 247 110 48 93 243 156 26 67 207 78 212 111 139 138 36 
21 : 183 133 144 30 44 234 41 104 76 242 34 109 248 125 217 120 27 98 236 93 164 73 85 75 67 229 184 38 198 37 187 195 173 137 244 90 215 232 55 185 68 114 56 208 51 180 147 62 66 
22 : 112 61 115 207 187 233 200 246 243 222 44 175 218 196 166 35 75 146 62 136 74 144 116 220 127 192 134 68 188 50 58 153 247 85 229 38 151 145 209 101 96 54 81 224 41 142 102 130 228 150 231 217 69 76 215 173 110 49 132 143 30 210 51 223 36 53 203 98 109 63 181 42 140 225 141 163 126 133 106 97 70 
23 : 61 102 180 222 55 159 240 246 170 131 204 199 109 200 160 171 248 67 190 32 41 94 236 106 124 82 51 120 78 101 130 95 33 80 206 27 197 135 232 134 182 243 38 122 45 69 31 198 92 233 143 175 196 172 210 86 66 59 245 152 84 25 60 75 223 98 168 
24 : 94 170 157 39 230 188 186 131 54 243 217 61 29 71 46 159 140 28 192 237 248 64 158 113 105 187 244 152 215 191 56 203 75 200 139 25 108 216 179 82 26 116 114 136 69 235 66 126 190 232 134 211 121 89 101 148 129 221 60 93 178 107 49 209 214 227 195 103 70 
25 : 245 181 131 215 210 199 86 108 65 159 140 27 194 54 237 45 124 204 234 41 61 73 95 49 109 158 102 50 155 206 154 80 153 25 151 157 222 216 178 223 34 182 190 219 69 101 225 196 143 31 233 147 118 160 56 161 168 246 232 53 183 126 224 248 174 218 141 217 249 103 
26 : 48 44 198 98 37 137 113 26 34 160 194 93 249 157 180 178 248 138 115 165 227 108 213 238 60 57 247 183 52 175 35 61 47 168 101 133 29 114 181 240 232 145 151 209 136 155 167 86 205 200 222 32 230 166 219 208 105 84 169 59 158 71 106 201 235 187 131 81 56 33 72 
27 : 83 131 87 232 60 203 29 44 122 52 236 65 224 73 63 86 212 118 146 218 202 150 249 173 33 176 235 244 106 163 217 45 183 40 191 145 168 26 214 220 56 151 179 78 132 204 182 164 209 245 216 34 127 120 130 134 30 174 126 228 154 43 111 
28 : 173 53 100 231 182 237 113 110 37 44 95 155 111 39 114 206 120 131 227 89 27 211 45 145 124 188 166 150 161 245 67 235 48 199 78 152 249 128 167 243 172 148 157 220 
29 : 30 50 33 231 72 225 117 244 129 94 118 83 157 32 45 69 90 136 246 123 103 139 52 189 176 100 213 38 239 128 79 243 183 131 201 191 60 106 39 199 98 151 179 57 29 161 71 43 162 59 158 207 148 126 233 44 105 224 155 145 73 144 127 230 27 153 89 64 67 93 236 165 152 119 187 112 159 143 137 95 91 48 104 164 74 149 188 
30 : 95 178 199 67 35 90 218 168 152 161 180 114 30 79 177 241 51 118 93 236 89 151 166 134 233 224 103 237 167 217 156 133 176 27 209 32 148 170 116 183 142 239 198 159 88 230 235 36 101 64 228 234 31 227 98 154 192 175 219 229 231 37 121 201 197 59 107 102 71 173 127 74 155 97 187 106 85 
31 : 53 183 123 26 109 73 241 118 92 222 63 215 238 58 210 225 115 37 79 84 51 214 49 31 217 206 126 40 106 155 186 146 59 179 38 111 209 
32 : 58 186 77 52 82 69 106 213 51 80 101 32 187 25 94 177 102 118 173 111 194 214 230 225 62 123 143 181 108 45 151 232 183 43 191 195 242 89 142 205 135 144 169 149 210 243 113 83 209 124 119 164 145 59 233 66 188 138 
33 : 166 200 118 124 221 175 28 55 145 237 86 239 95 38 99 136 240 102 214 173 146 185 217 58 246 180 43 144 191 229 125 70 153 54 121 224 227 241 212 115 81 243 213 232 117 190 222 105 25 189 44 
34 : 122 163 99 193 231 154 169 72 216 97 144 172 239 248 112 226 168 151 147 211 85 86 229 189 177 49 142 106 204 73 137 237 40 105 164 63 218 175 236 114 61 230 77 198 136 135 241 79 173 68 67 187 57 50 221 127 224 232 227 213 247 44 69 80 124 160 130 60 220 
35 : 197 190 50 30 43 193 81 243 44 47 96 166 156 148 181 242 73 247 57 98 194 52 171 32 78 152 108 42 63 151 128 106 207 153 61 82 157 147 125 205 116 68 159 209 161 227 218 182 100 74 25 215 41 222 110 206 246 131 221 133 126 165 119 95 60 58 136 85 104 163 226 121 219 177 212 55 114 192 200 113 158 150 94 139 
36 : 87 52 186 49 90 178 117 189 42 170 86 137 195 57 240 133 148 103 62 162 69 96 151 35 102 202 56 235 68 51 39 184 212 113 82 180 104 229 88 73 25 58 145 169 218 27 109 248 242 196 221 59 146 181 38 33 41 209 128 120 215 163 50 124 201 247 232 172 239 185 173 36 213 205 149 150 95 78 106 230 234 243 143 236 105 164 61 55 
37 : 167 110 211 50 113 129 149 205 116 100 42 181 248 25 94 38 155 212 134 180 236 117 88 105 143 170 161 125 219 164 187 193 66 45 247 70 216 231 92 93 174 46 146 132 72 249 73 230 152 124 67 221 62 55 52 54 51 91 163 226 63 207 41 30 202 115 186 213 218 195 102 68 246 175 35 182 153 197 190 189 145 166 122 43 162 192 
38 : 155 201 141 194 156 48 79 193 237 138 117 186 28 65 249 29 84 81 90 159 46 181 187 47 66 32 63 87 240 232 38 144 142 169 176 33 218 179 101 205 75 200 244 197 248 227 130 55 230 243 60 157 129 241 104 27 34 42 172 69 
39 : 162 86 203 190 128 133 62 166 152 153 210 125 207 52 112 36 151 64 132 49 43 164 167 226 180 179 176 63 60 50 124 187 168 212 247 137 126 82 58 225 185 79 104 204 219 175 134 213 83 99 113 123 25 160 59 127 130 196 88 101 41 214 72 220 90 154 69 159 173 
40 : 133 199 204 171 235 96 92 223 229 107 198 78 42 46 200 189 224 87 94 128 164 247 153 144 231 64 220 135 191 202 126 212 196 182 130 98 56 244 205 108 91 159 45 112 74 38 137 243 207 193 213 166 57 228 77 236 216 84 181 81 73 217 
41 : 107 238 222 212 218 163 48 226 193 150 36 55 213 233 165 224 31 132 156 52 112 74 243 230 131 177 75 197 59 217 43 157 148 122 144 127 187 130 133 78 135 237 239 79 90 40 41 54 215 173 46 
42 : 54 125 46 229 220 153 222 103 129 62 30 141 86 191 110 108 206 147 69 52 128 249 165 243 70 84 38 246 85 171 80 133 58 134 235 43 33 213 217 205 111 130 53 124 138 197 137 224 187 233 212 196 211 74 200 100 166 65 40 181 119 101 88 95 73 117 75 132 34 159 182 76 227 60 215 150 50 155 51 94 28 25 161 248 163 36 93 68 
43 : 181 149 127 52 173 235 38 25 218 204 200 121 79 114 97 151 46 56 211 39 75 189 134 203 27 89 117 216 139 100 31 33 130 91 199 66 113 195 104 166 107 53 135 213 88 231 167 249 55 148 63 201 214 227 198 109 126 237 
44 : 57 117 27 229 136 135 29 210 247 79 148 153 134 203 181 156 109 63 223 133 128 75 36 35 196 161 80 94 41 150 184 58 207 102 140 139 230 221 248 238 182 188 31 127 187 176 163 50 108 129 42 
45 : 65 98 90 44 75 181 201 35 175 85 26 64 150 232 240 39 27 248 123 198 218 137 139 214 206 157 81 238 72 236 107 161 152 195 156 178 87 70 119 92 102 247 227 167 244 179 
46 : 177 90 32 213 111 129 205 248 244 137 200 105 131 140 58 38 89 56 73 207 138 142 69 233 176 237 227 85 221 104 65 149 136 
47 : 187 77 137 98 218 133 154 104 78 228 178 176 26 160 148 203 47 219 208 86 231 246 191 156 118 117 101 91 62 225 116 35 171 111 93 152 150 248 144 198 106 122 166 103 92 48 182 184 164 45 40 
48 : 141 180 162 191 75 56 209 155 199 233 30 154 135 39 217 168 244 161 202 46 52 165 192 97 81 38 93 120 43 246 82 221 234 71 60 87 33 91 159 42 25 65 96 183 130 228 143 63 114 205 53 
49 : 141 162 216 101 127 132 236 30 59 232 242 148 97 107 63 168 79 119 136 66 106 69 138 86 159 201 163 243 146 193 56 177 169 55 128 224 245 74 171 78 142 198 81 143 75 205 118 200 192 96 50 147 124 178 203 161 238 190 89 53 80 222 237 60 116 40 48 246 157 100 221 131 31 103 230 62 154 184 36 170 112 239 70 156 202 91 180 104 194 76 182 
50 : 129 232 169 197 65 110 187 226 171 168 36 165 210 97 87 161 225 91 189 113 207 204 135 100 202 104 33 106 119 157 173 160 185 111 108 30 55 154 123 176 199 148 64 34 77 218 212 118 159 86 112 122 62 164 245 246 
51 : 169 113 229 221 87 94 61 145 198 76 79 71 185 201 56 108 150 174 154 81 75 170 180 115 158 
52 : 219 188 220 80 33 209 196 96 32 86 47 176 94 211 40 135 101 59 227 177 230 152 36 103 99 234 150 26 229 131 245 228 179 44 98 92 
53 : 234 26 206 56 94 203 140 154 73 53 58 28 226 186 45 145 90 159 34 209 61 66 183 158 180 39 178 192 223 236 115 163 112 248 52 125 241 104 84 101 246 144 191 88 86 102 92 42 157 81 161 193 122 197 237 35 139 97 244 167 221 107 227 216 174 32 190 213 100 63 59 30 80 105 150 91 249 155 217 27 243 77 208 70 82 54 185 200 207 49 127 
54 : 226 103 27 90 147 63 42 222 122 249 68 116 184 214 205 81 170 47 78 245 172 120 85 157 133 198 143 201 64 
55 : 107 121 94 246 89 134 54 103 155 165 81 249 168 100 95 248 203 114 195 205 167 84 57 33 231 199 180 156 82 59 243 34 201 230 113 210 105 141 102 140 91 35 188 38 223 109 158 198 101 164 177 136 179 174 104 
56 : 226 86 46 89 229 56 77 90 248 235 54 88 230 249 63 143 60 161 37 115 127 216 194 95 141 112 84 110 124 245 177 92 52 120 147 214 202 109 32 207 205 104 240 197 244 213 81 146 156 108 116 182 174 163 242 173 135 172 208 179 162 184 198 49 233 78 74 151 159 187 148 181 203 73 215 50 66 101 128 
57 : 47 74 201 37 248 77 26 28 150 181 179 211 82 243 126 132 209 214 73 241 68 61 194 226 56 122 125 110 165 191 223 93 49 103 217 196 99 197 147 104 64 30 229 53 124 174 249 117 123 119 69 127 242 177 195 83 159 59 44 182 203 160 36 42 78 168 121 70 176 213 212 136 163 156 206 
58 : 158 31 68 167 105 36 232 169 43 249 106 80 171 244 100 71 103 206 95 52 223 40 204 155 79 172 141 35 118 218 77 207 91 221 217 227 121 112 63 211 161 140 195 109 236 124 38 159 242 139 179 189 87 196 186 145 214 163 199 122 74 185 69 54 78 129 44 231 245 240 49 125 239 181 84 190 215 28 107 66 208 89 152 37 
59 : 161 143 26 112 48 97 193 38 117 166 226 91 227 206 150 243 103 25 145 173 224 211 142 225 95 139 234 237 118 133 75 244 83 89 239 177 242 28 31 115 180 58 249 164 98 203 165 109 171 62 215 40 32 52 191 114 126 70 124 104 100 99 78 213 77 151 85 57 178 34 92 73 36 231 146 246 233 135 162 189 42 236 198 204 55 200 
60 : 156 214 173 131 204 161 107 200 147 148 28 195 238 76 140 121 137 152 61 176 36 103 96 241 245 29 115 184 120 159 133 208 226 104 69 55 113 126 116 111 53 237 153 171 228 166 94 110 78 77 194 95 79 168 75 34 144 206 150 244 125 185 160 215 196 202 170 145 
61 : 167 153 208 94 242 239 238 169 188 157 39 122 109 231 119 221 59 135 92 137 101 124 198 173 245 202 114 64 224 131 138 229 113 163 69 146 34 158 125 164 144 102 222 50 38 184 115 186 82 246 236 35 111 57 73 181 180 130 219 204 32 127 54 62 87 78 
62 : 175 95 215 202 153 145 139 238 98 230 244 169 74 164 37 224 123 136 72 196 131 76 179 178 92 182 89 149 240 143 185 32 130 77 30 57 163 228 97 172 
63 : 198 185 107 153 216 143 73 237 88 177 165 161 125 130 25 85 215 241 122 128 135 58 140 83 208 133 95 157 55 166 81 229 207 100 53 242 146 48 31 170 99 154 141 235 62 127 182 169 249 222 90 35 211 42 248 26 214 94 117 68 238 204 160 105 
64 : 181 203 143 224 215 176 54 214 142 239 122 45 37 160 199 104 137 205 61 85 107 125 130 196 223 91 
65 : 165 66 156 141 90 72 87 113 207 44 144 91 128 216 208 108 63 123 225 219 121 55 176 205 233 85 120 135 244 146 204 89 170 
66 : 102 152 196 52 65 91 59 95 84 222 202 114 124 146 216 66 103 155 171 225 213 119 168 88 49 48 191 44 53 175 111 105 133 72 183 89 67 141 214 217 150 224 233 30 176 32 99 172 241 156 231 55 246 136 197 140 131 87 120 208 247 151 83 36 101 239 57 130 199 86 
67 : 127 66 96 174 73 57 112 79 154 28 131 92 220 211 168 123 139 114 41 103 75 224 205 38 197 43 249 245 120 119 88 214 44 76 116 242 70 107 64 171 113 184 62 
68 : 96 212 37 131 130 231 159 120 82 236 237 196 29 72 32 241 175 232 121 83 110 249 35 140 225 213 211 99 63 104 105 209 87 59 202 61 66 98 181 97 75 77 33 234 44 160 128 184 156 222 154 208 197 195 133 58 185 126 176 219 123 64 243 45 215 199 55 50 177 25 247 69 143 235 81 84 129 148 41 111 89 149 91 54 221 171 161 214 164 73 189 109 
69 : 205 80 173 76 160 119 159 29 174 220 232 135 177 77 143 163 101 50 246 165 115 90 164 98 130 224 111 180 148 104 65 228 194 204 157 43 195 139 191 150 189 48 222 238 199 68 209 47 72 144 201 183 188 58 64 212 141 140 193 216 133 132 245 120 182 134 116 82 219 61 45 60 176 88 184 223 56 137 153 35 36 202 186 236 33 102 75 
70 : 65 85 218 129 134 186 195 108 70 119 80 159 214 47 167 150 201 234 192 122 243 75 213 220 246 41 116 58 94 139 130 191 200 28 74 248 168 81 249 199 132 228 102 105 203 216 53 241 68 147 175 215 124 67 111 211 76 229 98 33 174 84 151 35 
71 : 58 113 242 172 156 167 30 107 25 101 150 187 56 88 201 97 245 203 243 198 222 96 74 175 185 82 
72 : 94 227 117 120 42 125 202 197 205 109 140 141 46 164 32 101 245 63 73 64 220 139 25 115 39 69 80 212 247 198 145 222 238 199 184 151 56 65 146 93 148 138 44 35 144 100 28 62 166 153 135 79 155 226 130 83 131 123 49 243 50 175 171 192 40 173 142 113 189 157 215 177 228 172 29 111 230 233 112 37 59 163 244 71 168 195 249 182 84 
73 : 220 249 119 171 135 52 230 170 204 179 150 51 140 87 161 75 187 214 57 63 78 95 26 245 84 133 162 242 69 60 159 178 64 55 49 56 111 240 143 58 91 163 125 224 233 76 234 217 202 93 247 122 232 30 34 94 53 70 148 126 32 195 
74 : 238 119 114 140 193 35 198 156 82 180 178 199 62 220 175 222 243 96 71 48 195 241 138 226 66 201 27 112 
75 : 211 185 193 236 116 42 124 220 68 161 224 97 99 63 172 25 89 167 114 88 52 100 87 123 249 143 231 181 147 64 39 40 234 98 174 216 204 50 173 96 240 195 74 203 110 135 175 113 218 
76 : 148 235 94 38 232 59 126 44 51 121 83 249 42 35 127 64 85 98 222 225 202 167 142 198 242 103 204 136 139 55 89 
77 : 130 40 219 177 216 125 220 146 155 138 172 215 204 121 170 82 207 111 64 144 247 128 106 46 95 214 206 75 236 185 103 70 209 143 235 195 80 243 187 
78 : 98 33 88 195 231 198 92 169 116 203 138 62 45 119 222 158 66 30 240 113 196 144 157 95 44 211 174 79 136 219 110 134 248 54 102 220 37 50 76 38 236 182 164 123 70 216 105 40 82 215 214 213 67 185 235 56 108 65 103 228 129 190 167 99 121 175 247 237 135 117 243 80 39 181 28 55 25 183 48 
79 : 240 145 218 166 185 232 65 64 66 121 207 244 109 198 242 230 173 124 39 211 175 122 27 187 172 191 236 87 158 174 88 37 192 115 151 31 135 28 200 114 147 214 34 168 213 228 178 63 210 75 217 94 143 157 130 93 237 188 116 133 246 249 32 41 45 52 54 220 248 77 161 247 58 95 25 119 99 176 136 38 40 155 193 189 140 216 80 
80 : 153 137 182 96 217 26 238 76 78 157 216 87 196 107 92 242 56 245 183 221 68 209 62 48 84 192 79 94 187 226 195 109 148 122 98 200 49 33 95 239 203 140 166 188 181 67 86 225 143 149 213 219 227 247 30 110 190 117 243 150 237 174 118 44 127 186 207 198 199 139 129 158 113 191 138 177 77 93 57 50 99 65 194 97 
81 : 212 58 198 184 82 244 53 151 50 83 189 28 232 116 241 165 245 146 125 70 142 230 52 114 148 61 131 123 30 100 144 159 199 236 248 190 101 38 166 171 158 122 229 224 56 155 215 207 119 
82 : 73 198 37 226 91 165 33 35 108 128 166 216 193 93 179 30 130 201 248 89 63 138 208 167 105 225 238 247 53 70 148 158 141 86 65 145 38 45 46 131 
83 : 223 47 194 204 198 201 87 152 88 130 235 128 231 199 127 143 33 107 86 37 43 203 27 106 85 51 48 66 30 158 148 186 69 162 108 80 121 110 215 195 59 164 62 244 26 52 53 60 170 122 102 207 137 147 202 126 56 145 90 65 205 63 217 81 172 
84 : 100 215 208 193 181 122 163 90 246 242 195 26 68 40 198 101 129 52 118 179 97 214 31 41 55 82 127 49 142 73 72 
85 : 125 141 178 111 175 41 54 221 106 211 226 191 52 149 68 83 177 97 79 207 92 82 58 85 45 46 57 181 217 115 241 163 214 129 55 235 212 132 205 34 103 61 183 238 209 218 145 215 216 142 47 89 192 110 39 130 91 
86 : 70 77 165 32 112 132 240 131 94 146 133 48 232 179 125 66 215 52 36 242 31 224 55 75 115 180 135 218 82 139 237 167 53 90 212 92 144 50 113 93 67 153 181 205 160 156 158 128 201 
87 : 145 183 115 49 35 122 146 195 36 85 214 105 108 185 114 54 87 248 62 163 143 92 113 243 104 41 166 165 97 196 26 186 229 103 190 32 82 45 95 231 228 112 94 37 
88 : 111 193 70 199 122 224 220 36 25 151 107 40 186 52 156 181 56 81 239 121 236 119 94 50 184 100 62 106 152 80 45 43 187 216 195 66 105 131 235 232 188 120 51 161 225 38 222 65 242 34 228 126 39 63 246 227 64 89 74 73 175 185 103 240 102 217 203 78 124 157 177 190 189 76 169 27 233 118 125 205 55 213 67 211 35 
89 : 189 165 240 239 116 235 36 87 31 66 113 65 134 27 203 41 193 181 204 200 195 197 46 171 246 157 212 222 89 115 30 79 102 88 231 37 
90 : 201 106 197 168 246 226 52 95 188 135 210 54 38 148 152 146 50 158 205 196 174 104 40 157 153 138 249 55 221 142 53 25 73 76 114 123 235 181 234 209 228 239 86 83 
91 : 99 110 118 243 177 123 183 100 44 231 158 215 144 27 145 188 90 83 192 172 127 248 213 115 208 65 106 214 51 81 149 237 36 54 46 26 53 35 138 
92 : 173 38 247 94 89 140 223 245 128 170 184 192 26 244 98 110 42 218 183 35 174 102 64 40 188 224 120 100 234 109 54 228 209 73 194 186 200 222 55 46 97 201 159 133 207 114 219 67 248 63 229 58 119 33 72 29 217 161 96 124 199 240 65 32 233 172 62 243 180 80 92 39 236 157 142 125 75 205 165 206 117 197 57 
93 : 138 129 104 58 25 55 74 142 113 211 202 190 165 136 68 213 60 230 233 120 234 210 168 32 195 151 215 149 141 187 154 131 38 112 214 206 30 212 192 172 49 232 125 152 235 244 43 47 146 222 182 218 237 226 145 29 116 246 99 133 96 248 75 134 41 223 117 54 42 36 79 80 166 
94 : 141 235 88 147 82 140 203 79 182 85 213 152 244 64 215 46 189 193 171 129 29 52 230 153 45 135 25 103 97 39 111 156 65 144 243 202 158 53 77 71 169 190 207 197 81 34 175 116 131 84 40 221 167 50 132 67 125 236 114 137 44 28 110 26 172 238 164 59 191 78 211 248 108 226 206 240 
95 : 53 212 98 87 208 58 179 99 102 121 245 183 92 150 244 219 152 30 237 159 140 116 130 167 180 49 221 118 74 168 205 29 106 201 146 235 226 182 107 61 139 71 97 187 82 171 177 143 176 90 153 95 218 52 217 96 101 59 64 67 50 136 211 223 214 83 80 210 62 158 104 216 164 48 129 27 25 
96 : 31 213 96 60 165 51 212 103 204 70 32 124 62 106 68 97 210 209 47 186 192 203 175 236 132 242 190 66 156 28 159 172 161 155 42 225 104 91 87 208 74 
97 : 199 174 68 95 106 204 216 249 188 170 128 37 69 66 102 111 166 121 105 192 184 151 104 224 135 153 140 169 142 217 175 136 209 172 30 50 87 76 236 113 148 101 137 45 163 53 51 247 94 179 160 130 42 133 201 194 237 97 99 196 150 32 144 132 73 181 123 246 182 232 164 203 107 248 213 116 110 152 31 29 244 
98 : 120 138 210 31 160 218 42 149 139 29 119 55 153 87 202 187 122 56 161 121 212 33 236 78 244 79 158 152 239 144 60 216 126 76 102 172 164 118 
99 : 238 103 25 236 183 113 132 34 107 127 68 112 196 206 120 43 160 76 173 35 128 125 204 54 229 231 179 193 189 194 108 235 85 213 234 227 159 124 62 66 82 186 28 92 59 75 65 224 212 156 130 131 245 217 71 47 109 80 158 73 161 60 167 211 39 184 219 98 67 222 233 58 86 209 214 150 29 105 246 170 198 64 72 129 141 188 
100 : 95 223 218 219 137 209 157 38 112 238 211 26 246 163 103 216 65 96 190 44 70 166 113 63 71 61 115 152 196 105 82 42 240 186 40 202 243 217 236 117 
101 : 37 210 177 97 199 76 148 84 69 228 243 209 207 206 159 118 42 46 174 110 48 90 53 191 85 231 26 217 200 
102 : 144 224 188 211 47 138 43 105 237 180 51 238 181 209 68 232 102 173 230 146 219 186 221 75 25 183 129 191 81 49 154 163 249 34 234 247 122 29 168 233 199 134 80 52 96 145 164 194 169 240 157 248 44 204 175 100 239 111 48 97 106 189 185 107 119 110 127 28 63 245 45 114 27 64 165 42 65 135 99 227 201 66 207 40 177 59 89 30 54 67 137 
103 : 64 231 116 62 196 181 178 230 105 44 59 237 154 149 43 126 218 82 244 66 215 111 54 25 41 56 73 76 86 28 122 30 57 75 209 33 223 183 191 94 201 51 225 109 202 227 186 98 
104 : 231 101 32 50 148 162 36 71 25 191 150 241 225 237 126 208 179 107 167 48 213 240 133 171 190 245 125 247 120 26 168 27 222 46 204 139 92 219 98 
105 : 199 165 227 235 237 169 117 221 167 168 105 41 137 145 31 216 111 102 34 178 192 245 110 32 181 239 96 60 108 209 47 213 74 77 164 85 211 194 61 114 147 249 91 163 62 248 92 30 115 189 161 98 176 57 88 101 56 33 64 219 51 212 218 40 152 
106 : 163 31 34 35 82 78 107 157 27 202 62 129 176 33 141 79 177 120 243 72 214 231 188 239 213 28 87 210 48 215 30 61 40 66 217 134 197 172 108 77 145 226 158 146 194 98 106 64 204 192 85 143 195 100 47 209 110 88 189 56 65 211 173 162 228 122 103 185 70 41 29 221 
107 : 226 79 145 41 60 175 81 83 98 233 107 159 185 97 204 117 139 199 67 111 105 171 227 249 62 225 196 234 101 211 203 39 229 94 153 102 197 78 133 42 141 130 53 26 160 223 30 50 147 124 100 216 92 44 134 187 48 61 245 200 232 182 148 27 104 236 244 120 209 172 135 116 214 224 132 72 31 36 46 
108 : 199 100 171 161 182 106 85 102 37 123 165 248 74 228 147 33 213 205 97 95 126 35 168 221 148 186 39 127 162 117 196 130 227 232 129 56 136 27 96 152 224 229 153 187 30 189 124 198 245 66 231 113 133 125 243 144 197 41 104 94 145 69 101 222 223 105 
109 : 135 166 248 155 42 53 172 153 227 145 40 207 119 188 182 128 114 211 70 98 33 90 59 205 246 150 29 83 191 215 138 79 177 95 108 44 140 201 146 210 32 232 61 102 162 124 190 154 229 38 175 132 46 152 233 75 106 212 111 197 82 91 88 
110 : 32 165 140 160 145 64 72 244 107 48 134 121 249 234 106 125 26 208 147 158 115 196 220 100 76 170 126 130 235 226 245 98 159 222 113 173 157 73 227 203 146 162 184 217 46 102 101 
111 : 213 141 175 193 195 70 128 62 171 170 155 103 227 214 73 226 224 92 136 51 164 241 30 28 153 239 121 147 85 180 80 217 59 119 26 66 53 89 105 44 163 120 
112 : 206 122 104 65 186 139 142 191 32 190 192 77 145 110 215 200 33 53 177 244 204 181 236 171 27 182 162 87 78 179 94 30 151 208 137 138 224 121 174 38 39 101 96 231 93 225 240 99 146 66 47 149 62 119 128 221 216 230 36 196 90 46 166 172 161 199 107 234 
113 : 75 67 148 140 200 222 191 121 170 241 104 213 52 155 143 247 37 64 109 35 27 152 154 128 26 188 63 95 28 164 45 181 145 31 73 50 156 249 173 207 84 112 194 122 78 167 38 39 61 232 146 86 157 59 149 193 44 248 236 239 57 93 102 214 218 215 92 217 150 62 165 175 66 139 72 199 120 233 131 216 151 
114 : 72 63 65 57 104 110 60 226 56 26 174 35 91 134 231 184 117 225 95 29 79 106 220 191 102 58 89 84 235 213 118 212 53 194 149 180 86 153 
115 : 103 119 244 85 121 126 108 214 124 216 209 73 189 68 51 76 36 164 239 82 161 207 248 49 41 191 95 117 101 46 192 
116 : 61 94 80 192 171 181 113 74 165 152 177 64 191 193 130 93 67 161 220 233 99 145 90 131 210 126 132 215 229 107 246 73 84 178 195 25 231 38 227 49 202 115 
117 : 247 147 64 97 166 140 28 39 34 203 145 206 121 227 98 211 26 74 236 49 204 231 125 139 190 177 55 149 95 218 146 50 220 63 87 96 201 150 44 75 27 174 70 170 110 172 85 212 41 35 129 99 91 233 199 117 159 246 164 48 60 58 57 148 80 175 229 84 191 46 78 180 161 188 127 237 42 207 137 38 154 29 118 158 
118 : 219 152 90 102 223 157 91 119 187 81 97 74 123 182 238 171 27 225 174 161 51 220 227 70 125 247 196 141 189 192 31 230 104 72 205 172 79 42 246 111 29 214 222 101 50 128 
119 : 51 52 77 190 205 86 206 121 215 199 111 60 91 216 59 38 143 212 66 120 154 189 131 239 209 176 167 55 31 49 26 39 173 210 103 227 244 164 156 42 101 85 142 231 219 159 157 238 25 233 72 194 204 45 222 102 47 137 249 245 78 105 191 141 150 115 208 44 203 123 93 48 92 50 53 127 211 62 217 242 98 
120 : 77 47 201 65 245 233 99 111 122 119 29 105 113 92 143 103 138 148 248 86 180 26 231 145 34 91 126 198 193 227 210 203 184 116 204 30 167 182 
121 : 220 30 61 175 69 165 174 58 161 206 203 118 212 225 234 201 249 183 208 123 140 33 104 239 63 178 162 232 73 95 243 110 164 39 52 97 65 128 49 108 112 26 54 82 
122 : 137 107 152 227 173 135 42 136 54 102 244 200 175 31 167 133 243 37 41 172 53 79 124 155 93 195 59 216 81 160 219 226 171 158 235 55 67 64 106 199 170 94 82 121 43 193 69 213 140 110 207 117 161 
123 : 199 131 187 180 200 72 64 177 139 173 96 111 105 158 228 232 172 166 226 36 136 94 110 231 148 97 74 55 53 174 236 68 112 128 84 66 140 217 219 92 93 129 245 127 77 44 240 120 35 98 
124 : 99 218 154 33 116 173 182 110 62 244 201 180 226 35 188 46 51 148 165 76 195 209 152 199 40 236 170 105 36 235 126 93 86 137 156 77 45 49 57 158 221 56 83 95 206 47 119 48 216 120 147 135 239 191 117 157 240 161 183 178 169 
125 : 154 126 152 70 25 241 111 86 88 118 198 127 203 188 242 113 103 226 67 65 55 240 102 249 109 186 84 121 74 245 82 239 129 191 83 145 89 248 211 146 99 45 138 196 52 173 125 28 71 26 243 200 223 229 153 
126 : 217 129 195 234 71 229 193 59 243 84 204 122 210 88 143 197 96 233 219 168 156 223 49 175 201 75 127 147 108 146 76 45 187 215 227 115 160 247 58 140 154 53 44 32 50 81 144 145 52 166 158 184 
127 : 75 158 38 133 165 185 198 142 239 169 150 181 220 221 39 178 157 54 112 29 34 164 194 35 160 152 44 229 125 89 129 74 244 32 92 225 228 103 123 189 109 59 167 222 197 72 172 77 99 87 107 60 30 243 218 42 207 238 166 36 41 168 90 102 212 201 138 100 45 177 162 83 204 130 101 214 96 55 
128 : 228 176 240 133 199 247 25 126 43 106 78 122 102 209 183 116 31 158 70 222 84 134 87 128 96 198 30 237 109 
129 : 164 56 213 83 116 142 223 182 202 99 165 249 205 112 89 77 141 171 82 53 145 97 193 230 94 107 106 204 187 208 228 66 115 75 152 201 36 148 136 247 179 29 184 186 229 125 138 126 76 52 130 113 38 144 78 163 65 95 30 200 91 74 180 90 129 154 156 242 124 169 194 40 233 119 176 32 231 69 104 172 157 46 81 54 153 26 143 
130 : 137 129 157 239 65 120 234 92 127 174 133 111 183 204 189 89 166 186 54 170 95 108 153 224 238 207 219 30 135 221 45 25 237 88 136 228 51 86 194 94 125 78 123 154 177 71 191 134 90 64 56 161 162 70 121 74 181 163 93 100 109 35 151 147 173 107 47 227 216 68 84 52 205 233 48 198 97 57 34 75 106 218 215 
131 : 85 227 213 156 125 233 69 193 219 64 117 123 52 50 29 183 239 56 249 167 226 96 171 126 112 49 70 201 106 37 195 147 242 129 134 
132 : 154 234 80 160 149 239 39 92 99 106 145 67 147 85 126 62 77 210 108 95 121 103 130 235 236 86 231 107 97 195 177 202 139 197 47 223 78 30 146 41 230 105 60 133 144 225 246 55 50 127 119 238 155 188 152 148 49 156 93 116 79 135 56 207 112 66 25 168 191 125 83 181 48 184 40 26 45 179 114 115 164 38 233 180 242 140 
133 : 141 237 100 75 123 203 200 127 221 96 220 240 57 233 65 125 150 70 205 71 83 229 177 77 189 66 42 209 43 241 131 46 64 239 88 145 
134 : 96 227 65 41 249 138 86 193 186 184 206 171 208 142 128 62 218 57 192 56 58 92 194 139 199 44 93 147 27 241 153 60 188 160 154 54 204 145 88 215 211 123 230 30 124 233 155 
135 : 207 60 184 97 100 130 101 217 72 125 233 98 140 81 55 94 136 132 49 26 174 243 186 175 238 146 33 129 95 37 92 176 236 237 143 201 107 191 147 74 68 222 169 223 90 188 182 138 77 106 84 194 67 110 248 232 45 111 114 157 64 25 70 48 116 209 226 164 211 171 85 242 154 123 245 41 224 213 225 105 247 
136 : 121 187 173 208 192 162 60 77 216 119 71 96 67 195 100 74 175 122 236 179 247 35 140 200 136 106 204 215 85 163 212 191 165 61 142 227 169 228 233 98 150 112 178 79 193 209 117 230 188 170 97 135 128 72 167 
137 : 100 245 240 106 178 122 161 205 145 92 68 44 143 232 117 171 230 194 149 103 229 57 191 237 108 139 176 174 56 85 38 123 211 160 202 121 207 213 140 69 55 206 200 104 72 37 75 
138 : 179 145 172 215 210 88 130 249 234 134 89 241 190 76 47 167 202 197 171 169 225 206 193 191 242 211 131 41 128 176 226 147 70 136 140 42 86 27 209 29 116 83 34 168 181 203 105 178 81 174 157 163 55 164 30 141 113 208 127 182 170 123 221 129 199 
139 : 145 230 168 177 77 235 216 197 75 28 30 227 173 217 123 229 99 147 192 81 131 74 80 182 212 155 86 159 87 101 79 46 119 83 33 104 158 183 171 55 209 39 219 32 141 72 164 211 224 152 113 71 41 58 203 66 144 107 169 63 221 181 204 127 31 200 222 117 231 239 102 206 73 196 114 128 116 115 149 201 56 208 100 76 174 175 176 125 236 193 
140 : 189 79 210 170 160 158 93 114 109 173 35 81 198 56 196 150 161 186 188 232 51 124 110 148 137 146 220 26 228 67 227 207 84 135 25 140 43 130 131 178 115 195 248 68 31 48 121 125 77 50 49 217 132 229 169 70 155 64 249 87 247 126 212 62 209 41 171 208 47 143 36 183 175 65 222 74 236 219 237 157 233 57 88 118 142 44 184 100 166 111 
141 : 164 28 211 201 45 168 196 141 120 194 183 83 233 36 153 171 86 232 114 222 109 46 140 215 66 59 189 133 70 77 134 157 219 218 228 52 113 226 74 230 146 161 202 118 105 204 85 247 81 163 206 180 71 162 234 73 26 54 92 38 245 64 130 117 210 107 137 30 132 39 37 43 238 84 55 32 122 102 115 242 224 94 213 40 223 200 179 69 187 
142 : 161 84 117 156 221 167 130 204 112 39 115 170 104 127 218 114 99 233 26 58 196 109 74 212 61 138 158 125 33 171 172 136 157 245 45 143 141 149 88 71 29 235 132 242 192 201 28 154 155 57 30 178 31 194 180 151 222 185 203 35 165 153 48 195 72 86 76 90 209 78 110 229 101 82 
143 : 105 109 121 40 194 162 233 72 113 204 167 229 213 76 106 181 209 94 110 65 34 84 238 219 66 111 61 85 199 47 220 44 161 56 170 114 212 116 216 127 81 91 196 137 246 218 134 198 223 152 31 128 
144 : 84 56 185 178 165 208 116 112 136 233 215 224 229 160 60 231 45 152 167 240 130 212 206 43 89 126 187 50 226 221 129 168 37 79 197 115 61 44 159 145 65 93 171 180 40 111 131 104 148 147 
145 : 74 117 143 44 30 216 204 197 184 129 218 66 182 177 89 105 131 120 111 194 238 96 80 92 202 99 223 198 88 189 214 156 169 145 134 193 246 245 45 
146 : 227 171 202 76 54 155 71 170 68 122 210 206 84 183 146 215 157 199 141 60 139 185 73 38 180 178 221 245 108 142 103 165 119 46 224 203 158 237 154 61 121 124 32 125 228 137 75 114 164 177 186 136 49 190 150 63 239 93 200 234 159 70 247 175 169 
147 : 113 213 156 99 97 106 98 225 227 212 160 74 162 101 33 224 194 141 226 229 207 48 169 188 166 140 228 241 103 196 47 32 181 44 55 125 61 58 151 124 144 159 116 244 63 100 54 185 118 195 192 102 86 
148 : 192 193 137 177 233 204 111 67 151 84 227 215 132 174 69 196 159 211 187 74 56 142 240 202 81 213 203 169 194 
149 : 239 178 171 172 68 170 182 231 244 71 49 166 98 186 176 220 209 105 37 210 167 110 191 197 74 40 144 116 25 156 80 180 84 111 102 232 249 
150 : 30 194 235 99 133 130 208 151 152 41 236 192 111 36 87 164 162 226 212 126 219 204 52 123 64 181 127 105 175 144 106 45 233 90 242 200 89 167 215 222 199 203 124 86 134 146 97 232 249 202 201 125 154 238 103 77 112 39 173 178 168 82 129 180 140 220 185 95 119 25 48 84 234 59 132 231 31 150 101 81 
151 : 73 111 203 86 75 152 245 37 226 146 85 192 209 231 204 84 31 229 148 149 48 65 239 67 41 110 199 63 89 160 208 172 171 98 241 127 115 161 70 124 193 223 78 52 213 66 58 211 91 206 138 210 249 49 195 81 77 151 202 28 198 100 43 157 214 134 97 76 25 123 219 121 34 179 79 74 
152 : 96 218 29 104 235 163 53 230 135 203 153 105 57 169 142 91 243 66 176 209 157 144 121 194 249 152 43 244 93 64 42 115 76 215 74 35 58 238 78 117 175 59 33 41 149 61 148 154 196 162 229 28 
153 : 247 197 190 48 37 64 237 150 225 85 102 44 185 242 241 183 198 244 60 140 29 83 107 42 232 194 78 211 170 174 192 25 227 216 235 172 124 58 213 
154 : 104 172 53 194 189 103 85 190 231 51 240 167 43 207 200 32 83 191 176 75 61 151 26 156 214 230 142 119 102 117 74 84 163 48 211 209 105 216 246 138 162 212 249 114 70 180 145 87 210 126 28 178 208 123 152 218 52 159 202 90 68 49 38 128 221 127 110 77 233 143 135 243 107 97 
155 : 149 203 162 134 164 199 111 208 198 84 191 41 133 114 223 243 57 83 218 65 46 137 97 141 179 54 55 172 110 91 157 72 108 235 74 
156 : 114 177 208 75 245 195 89 87 115 102 46 47 227 203 124 45 28 247 242 211 169 176 109 237 196 32 205 160 139 216 220 37 240 41 174 170 105 77 163 161 215 29 142 138 93 112 229 70 
157 : 152 235 144 90 62 204 57 40 106 164 229 53 208 82 187 109 127 171 228 220 162 93 113 189 158 146 121 211 202 66 44 240 87 55 41 241 38 134 186 96 191 64 179 248 172 94 119 54 65 161 122 209 139 26 58 56 165 124 133 195 214 238 67 168 193 239 46 
158 : 177 176 97 149 98 232 103 66 220 85 121 222 52 242 41 159 46 244 200 96 59 147 28 167 54 170 208 144 70 56 132 88 99 182 141 191 179 139 95 234 65 213 203 33 196 187 163 45 110 39 62 189 86 75 94 58 152 
159 : 36 145 177 26 174 112 129 158 243 236 111 155 201 66 183 209 40 170 230 104 43 154 214 172 42 146 118 239 91 144 195 65 249 71 51 90 223 190 108 168 99 68 225 47 192 185 178 120 165 117 238 133 
160 : 206 130 200 112 141 46 65 208 244 150 226 79 124 107 237 201 113 49 151 27 88 192 231 97 215 68 185 47 148 188 155 84 
161 : 222 179 215 166 156 50 184 244 103 187 140 48 135 109 74 99 194 76 247 26 95 173 186 64 236 41 182 246 224 44 129 138 37 143 168 241 118 181 196 35 123 124 220 225 193 167 172 150 
162 : 52 47 64 138 60 189 134 120 126 106 29 115 153 27 73 107 28 176 149 66 142 152 56 156 225 143 76 74 32 212 178 194 204 140 103 157 198 214 35 158 123 81 226 154 159 80 248 34 241 187 93 247 86 164 155 49 96 184 33 110 38 30 104 78 141 98 245 25 196 131 170 172 146 36 162 84 69 46 
163 : 125 225 89 137 198 192 31 242 50 55 106 189 182 139 112 85 221 101 194 130 54 131 244 29 215 73 232 216 51 163 193 151 190 108 183 45 69 148 142 229 167 59 157 197 171 75 61 135 155 103 107 230 28 144 185 175 181 64 162 123 206 38 165 110 249 205 207 86 25 42 209 233 43 247 138 
164 : 207 211 145 68 35 238 95 144 195 184 201 75 179 229 130 104 82 241 174 194 40 213 151 228 167 165 34 139 42 175 109 41 223 93 219 168 56 204 59 25 105 136 216 45 247 33 234 176 43 66 126 49 87 217 78 89 148 153 224 242 137 73 236 156 94 249 98 79 54 147 243 129 
165 : 128 62 188 120 96 73 78 194 108 87 117 44 52 157 124 239 154 161 156 72 178 184 137 153 195 58 176 145 147 100 179 235 99 
166 : 202 118 75 121 150 30 240 188 48 190 34 135 53 133 31 200 214 70 241 245 178 64 231 217 239 198 41 221 142 225 247 55 155 87 134 86 220 49 140 78 246 88 194 111 234 112 168 72 38 137 107 243 242 42 101 82 185 138 182 210 213 184 105 186 207 
167 : 236 49 121 231 50 44 55 53 77 209 110 228 83 128 235 122 205 75 182 111 179 88 136 101 169 163 90 171 145 116 202 237 41 157 86 226 40 87 153 164 238 92 28 181 59 114 162 95 117 154 155 99 94 178 115 220 165 139 108 82 80 133 233 242 70 125 26 141 51 34 248 150 45 222 223 42 74 229 211 245 194 
168 : 236 222 212 164 147 28 98 231 133 163 195 142 245 96 117 153 110 61 122 237 234 44 33 139 40 206 184 56 220 154 90 249 29 102 223 52 54 200 171 202 144 129 35 86 161 87 81 125 240 233 175 157 77 108 166 211 159 187 192 104 112 30 126 111 169 165 204 188 162 124 239 95 178 238 194 41 45 177 228 69 114 49 73 118 213 173 201 246 146 235 99 
169 : 45 211 71 195 192 38 25 87 55 177 43 242 42 152 198 84 128 231 120 61 218 222 160 94 154 74 196 63 108 217 116 138 170 247 132 169 
170 : 164 137 186 53 79 189 40 210 244 211 141 116 83 241 101 188 50 215 163 204 145 176 135 155 73 159 209 67 130 98 236 66 123 92 88 213 200 217 111 45 44 29 42 166 228 57 132 234 175 48 70 
171 : 87 181 92 93 26 206 168 240 223 202 186 72 131 76 205 59 146 58 106 176 42 220 162 116 79 233 118 236 137 90 190 61 175 219 107 134 222 201 67 
172 : 91 183 207 170 225 201 171 211 120 187 64 52 220 62 86 219 77 42 125 29 239 71 147 174 157 26 146 131 234 110 75 175 149 205 112 214 132 179 46 54 107 73 241 37 121 181 47 94 113 40 199 61 222 100 115 247 223 130 244 106 231 117 138 190 87 224 129 60 177 
173 : 137 192 133 195 36 163 211 181 112 214 75 248 38 121 51 45 42 147 34 233 226 175 37 90 53 117 177 113 48 153 205 146 43 57 221 25 166 230 224 107 109 213 64 144 149 148 126 171 138 139 87 108 68 60 115 93 130 118 209 55 81 26 234 128 106 169 157 152 73 116 46 231 218 
174 : 111 139 77 180 67 197 105 182 62 27 121 150 83 35 126 157 112 222 94 110 53 179 207 100 213 46 177 86 97 51 138 217 190 181 172 189 25 131 219 36 173 206 119 103 98 143 118 229 116 198 162 220 57 136 132 211 72 137 122 191 178 
175 : 166 40 67 111 176 152 182 140 69 165 94 214 63 239 228 109 75 221 60 61 68 95 197 187 217 138 78 198 133 210 123 48 90 118 222 104 201 234 230 247 49 190 168 30 88 219 227 240 125 106 178 
176 : 217 47 74 246 129 89 59 124 37 202 70 78 107 54 167 230 212 86 177 119 102 28 161 214 144 128 245 72 166 49 208 191 154 84 183 228 165 44 106 63 136 179 96 164 231 176 158 243 
177 : 170 158 31 153 205 204 163 169 53 26 36 92 83 165 125 96 101 87 74 117 28 215 199 228 52 207 244 66 86 221 94 98 160 103 182 60 224 143 128 195 116 142 93 202 89 54 152 100 147 45 64 122 246 107 67 37 178 32 185 249 222 59 196 84 234 42 197 167 239 240 75 151 29 179 114 241 56 248 218 223 76 79 159 49 
178 : 97 234 63 51 202 66 160 213 217 70 220 114 102 48 144 96 241 231 71 106 155 68 38 46 47 198 218 147 151 194 216 184 159 74 77 116 98 82 40 126 204 167 196 113 64 
179 : 193 126 67 110 238 65 236 163 130 225 180 226 118 120 158 27 26 179 71 197 29 170 97 115 121 187 171 36 135 149 133 227 160 73 129 58 156 33 234 101 88 208 174 113 54 169 154 81 215 136 114 85 51 
180 : 82 78 28 167 159 125 84 229 123 36 114 40 241 128 104 68 169 210 44 59 90 168 234 227 119 189 58 76 198 60 91 217 215 209 179 246 100 223 117 233 115 81 157 245 134 42 204 47 160 149 45 195 69 39 54 163 62 144 214 131 224 222 97 192 111 186 218 248 199 
181 : 57 221 216 174 109 60 113 68 77 195 204 103 104 73 27 106 238 127 176 47 115 190 163 134 75 112 236 159 76 
182 : 144 165 106 213 115 166 50 215 109 101 81 186 26 169 28 76 249 246 220 138 145 235 189 49 78 154 
183 : 201 41 42 60 177 72 150 171 147 58 83 210 108 56 158 50 196 53 173 67 142 76 104 32 119 33 55 51 65 172 120 81 184 112 111 99 44 192 
184 : 147 123 178 38 131 109 119 194 186 233 211 196 153 40 159 201 42 218 59 76 182 155 106 232 101 227 115 213 205 228 210 58 169 120 97 46 108 208 84 173 
185 : 110 146 248 162 152 227 56 25 42 145 139 151 163 96 102 77 141 236 47 187 175 204 70 169 51 44 103 177 194 67 105 75 208 215 241 178 233 209 124 95 158 136 46 138 82 81 57 
186 : 247 138 37 85 96 103 90 99 125 214 221 248 35 145 157 158 178 65 152 80 60 196 184 206 148 154 191 189 118 38 182 44 192 133 26 123 172 174 58 147 42 33 48 173 228 183 140 155 87 242 187 109 226 143 111 131 241 234 76 36 150 193 104 201 238 100 161 156 210 167 47 120 135 110 112 121 129 186 163 114 127 113 144 136 
187 : 145 146 112 81 150 59 203 193 167 247 236 75 71 34 121 219 237 246 126 148 98 190 131 72 205 134 217 115 140 133 144 153 36 174 52 88 45 189 141 91 136 82 27 103 196 229 224 97 109 166 56 37 107 127 94 68 239 137 241 221 102 176 172 198 105 51 50 
188 : 247 215 83 201 63 79 174 146 219 159 25 145 123 166 65 229 154 87 197 179 101 164 51 224 138 129 33 157 125 185 132 195 100 163 202 168 141 113 175 134 212 235 228 249 214 137 170 105 30 35 172 211 143 209 246 226 41 155 36 28 55 160 27 59 85 38 97 111 114 46 156 99 243 176 244 242 193 204 196 115 153 
