0 : 27 199 55 72 59 180 100 164 219 202 236 41 159 110 54 90 32 154 53 57 31 226 45 92 195 50 114 82 150 143 127 167 161 223 239 138 79 146 28 135 144 126 44 128 206 25 99 183 104 29 198 194 77 249 34 62 188 112 108 170 124 171 137 56 235 181 105 52 123 147 88 175 30 231 38 151 225 136 37 166 60 233 152 33 243 193 43 186 65 69 207 68 191 232 222 205 84 230 
1 : 160 249 210 217 94 93 208 29 163 192 99 63 151 167 75 51 59 142 242 118 36 81 116 42 71 68 102 213 169 52 110 135 
2 : 47 27 190 234 185 208 147 155 189 68 80 196 206 124 156 137 101 70 72 123 54 111 100 138 30 225 153 90 132 93 89 149 25 159 233 170 229 103 115 241 104 184 176 195 58 48 64 39 135 249 223 85 181 69 150 55 144 60 187 51 245 143 169 211 177 191 77 45 122 148 119 83 157 136 226 29 228 174 171 126 186 120 125 53 75 246 235 146 117 173 158 113 139 112 152 38 118 59 86 96 33 71 62 227 121 81 
3 : 189 130 70 225 167 185 103 116 33 98 55 113 241 168 25 87 163 222 66 129 231 144 182 90 102 243 183 89 176 242 51 34 190 205 211 135 50 217 237 192 40 134 39 111 123 151 37 187 216 48 136 54 247 
4 : 88 214 225 211 91 40 153 241 85 207 175 75 120 90 197 66 109 71 206 236 229 163 129 48 36 50 42 205 148 114 131 171 164 126 58 193 47 95 135 46 249 154 100 43 125 55 136 245 133 138 143 147 102 108 200 117 142 165 86 181 67 158 188 39 134 97 111 151 53 33 216 195 84 185 208 238 96 201 172 104 167 
5 : 169 86 245 161 211 87 173 181 244 99 225 105 129 149 203 84 174 215 136 98 206 55 117 37 49 79 248 164 221 47 72 162 
6 : 40 240 41 93 242 210 47 59 231 145 197 237 149 86 30 43 166 191 80 163 89 243 249 85 226 
7 : 122 158 86 38 179 138 224 45 58 173 194 27 242 73 243 126 50 244 55 97 235 82 177 39 241 52 190 41 95 46 83 87 29 193 203 112 197 143 210 228 175 192 178 105 225 206 198 101 49 196 185 109 207 201 125 234 184 137 128 72 149 68 42 26 57 176 36 174 188 227 54 238 237 164 165 102 37 96 78 209 48 77 239 162 163 129 170 232 
8 : 43 71 127 54 212 37 185 39 66 165 116 58 201 184 162 216 52 191 139 151 59 249 78 140 123 51 175 70 226 245 88 210 214 235 29 48 131 189 87 121 107 157 217 240 181 26 82 
9 : 222 129 34 193 112 175 191 215 127 138 50 29 104 111 160 149 214 236 163 219 80 187 200 33 28 208 221 84 35 114 143 225 238 232 189 79 62 203 
10 : 109 35 229 217 99 74 145 151 156 188 89 40 158 122 213 170 63 98 115 178 167 163 127 33 112 171 179 244 198 116 108 224 92 100 102 64 133 237 193 78 135 37 139 34 202 91 204 184 214 219 27 225 150 70 242 47 
11 : 165 92 70 39 168 223 151 158 220 110 64 205 137 35 206 175 233 105 125 83 143 147 56 249 40 45 85 112 229 177 243 211 41 62 82 42 93 61 73 140 190 171 141 235 193 86 156 157 121 78 46 95 159 188 196 155 210 116 50 218 66 234 176 238 136 179 152 72 204 60 153 79 215 122 30 48 77 120 245 216 37 130 145 189 108 
12 : 228 33 102 51 203 136 71 99 65 213 100 45 194 157 113 176 80 42 142 246 167 209 226 169 90 122 79 125 132 178 238 221 116 166 162 199 217 168 59 187 133 188 201 115 181 223 205 156 49 130 53 204 242 114 50 70 240 183 89 218 198 75 137 84 103 81 192 197 87 78 72 105 29 91 85 175 52 200 206 165 227 27 234 216 47 39 127 225 140 164 101 170 111 25 74 43 55 76 
13 : 200 180 51 201 212 75 193 123 185 48 143 55 216 66 64 29 131 240 141 93 197 187 86 39 162 58 104 178 206 54 101 70 181 50 100 73 172 222 130 108 210 113 146 112 82 124 207 241 226 204 196 236 150 62 235 26 198 126 148 128 248 49 228 94 142 32 85 147 84 34 233 81 60 164 25 247 177 139 68 224 136 52 35 145 74 149 109 61 194 105 154 175 83 99 205 115 218 30 87 90 219 46 171 159 77 45 138 80 195 161 242 117 
14 : 180 227 187 212 89 204 132 39 80 220 44 123 128 28 47 178 241 224 117 105 71 81 229 109 143 249 27 196 
15 : 75 239 168 54 134 162 70 242 98 59 235 78 72 187 214 87 221 69 125 210 126 103 152 123 192 86 183 82 202 108 153 143 44 46 95 206 
16 : 46 175 74 66 184 137 231 222 149 183 36 223 169 227 103 230 111 101 41 37 224 106 206 201 200 192 59 65 197 226 77 171 107 94 229 198 154 148 30 123 98 140 110 244 240 144 193 202 220 73 60 83 126 104 194 142 186 128 216 125 45 153 72 97 218 180 164 69 80 249 210 133 67 205 185 179 241 55 50 52 219 25 115 247 168 134 32 172 76 95 165 238 246 136 159 51 91 204 99 248 85 102 207 49 48 190 44 203 96 117 108 191 86 208 242 239 105 
17 : 161 100 175 114 92 181 119 220 122 173 86 207 116 151 30 113 143 204 167 95 201 169 133 25 58 93 42 31 141 46 193 131 109 101 174 73 90 105 152 36 158 176 117 27 75 142 202 135 218 163 196 71 144 206 127 49 118 69 217 212 84 182 134 56 225 70 79 67 223 179 55 241 104 120 211 89 57 148 96 76 235 115 156 53 226 124 164 98 149 
18 : 63 199 225 44 183 239 97 76 111 28 40 192 246 163 229 119 182 34 244 218 89 220 106 135 100 57 30 103 179 113 189 146 90 162 172 46 217 107 221 207 228 193 60 47 62 139 68 148 248 29 203 114 235 117 166 58 133 74 115 27 25 71 247 41 142 202 200 205 109 181 151 219 52 156 67 143 180 42 101 96 171 164 70 150 132 129 160 45 167 99 241 232 227 208 36 134 77 81 234 65 155 
19 : 86 67 201 99 218 68 83 131 232 92 53 138 207 104 172 231 169 88 108 95 194 140 157 148 85 114 238 153 136 74 90 158 56 183 26 210 197 177 146 112 69 46 156 165 51 101 33 176 178 173 63 117 89 34 96 214 198 78 248 193 224 91 217 47 204 
20 : 216 129 135 68 227 65 133 32 47 87 209 147 81 119 29 197 36 57 114 184 233 33 203 208 163 85 111 95 121 146 117 123 98 194 35 141 93 63 53 191 37 170 154 219 185 229 38 187 41 130 40 106 110 234 196 226 243 162 221 39 
21 : 49 138 234 175 165 173 67 211 148 101 223 141 94 232 224 243 82 136 111 214 92 97 103 81 45 51 79 36 69 244 126 72 201 34 171 90 125 59 91 132 163 182 77 56 83 46 62 189 158 133 60 233 40 44 191 129 37 35 246 130 121 198 210 249 115 57 88 221 245 204 229 87 131 226 98 47 108 218 228 161 118 241 156 219 237 184 109 167 169 197 143 
22 : 66 238 222 108 27 246 42 227 187 161 78 212 85 184 170 114 179 134 97 224 55 185 201 195 138 79 186 210 32 136 137 193 172 28 239 207 235 149 236 146 148 110 62 211 223 165 103 86 29 40 150 91 221 188 147 101 57 248 163 171 44 225 64 130 135 109 124 48 243 145 83 197 84 194 214 95 71 141 112 117 58 121 106 167 241 80 34 240 120 39 81 199 111 190 143 
23 : 150 40 117 92 236 25 78 126 80 155 50 49 217 144 209 197 85 106 30 103 198 82 140 149 164 185 67 169 115 118 108 162 53 183 196 63 156 123 213 97 68 174 61 128 223 69 207 184 238 244 201 178 202 240 57 235 206 86 44 34 84 107 112 109 37 159 135 137 47 91 70 219 179 241 62 188 221 232 71 153 180 72 147 193 45 134 226 228 88 60 32 105 233 143 90 231 195 210 95 94 93 65 167 
24 : 145 71 159 35 143 55 104 87 243 154 58 125 219 102 99 49 163 189 131 110 135 112 235 34 126 70 77 117 187 196 29 245 64 185 144 82 216 184 223 92 86 202 111 206 123 147 61 215 122 157 227 170 168 178 165 59 103 
25 : 195 202 122 210 41 169 79 36 129 186 225 106 138 126 98 100 88 158 59 228 175 99 66 236 159 222 110 77 176 49 209 212 205 230 43 75 151 188 117 192 89 170 78 120 217 31 57 221 173 30 131 128 157 
26 : 226 100 26 196 197 70 128 202 147 136 110 81 173 166 76 73 79 231 117 194 221 234 185 77 105 239 97 
27 : 42 203 168 246 96 99 30 81 60 90 25 38 26 236 105 225 233 226 201 182 161 79 119 97 190 
