0 : 90 122 35 100 197 190 95 158 27 207 115 125 96 36 235 198 124 114 181 64 155 167 126 233 214 97 38 32 28 242 91 160 89 213 164 141 76 83 244 39 151 187 133 150 78 204 25 196 205 161 173 72 226 142 182 79 195 30 61 68 202 228 71 59 137 112 54 188 57 118 
1 : 154 139 127 85 203 165 141 240 192 65 152 160 174 239 226 188 129 83 237 34 66 51 161 49 114 208 35 244 56 57 76 102 80 79 125 132 86 58 26 101 210 68 142 50 151 91 42 219 117 218 206 198 238 82 179 180 224 229 248 223 87 166 47 249 193 204 225 189 138 96 232 30 145 228 159 126 175 
2 : 221 74 180 27 238 153 127 231 222 79 43 149 182 111 93 133 80 240 66 131 145 244 142 230 195 141 25 188 218 150 167 115 45 119 64 234 196 56 86 209 204 189 81 60 187 207 168 208 63 46 191 28 229 33 78 151 77 59 126 48 102 235 212 157 138 83 170 96 35 239 163 103 
3 : 117 45 227 120 38 49 103 199 36 77 180 119 131 122 186 245 67 137 40 62 43 58 101 48 127 25 59 159 72 42 220 46 91 213 89 169 206 44 80 84 229 160 61 197 107 209 242 221 202 222 205 198 150 97 235 149 248 218 34 76 31 236 135 185 33 116 108 123 96 114 142 104 55 190 217 241 162 79 50 32 139 224 66 30 92 
4 : 159 36 74 33 155 43 165 117 160 205 233 187 148 79 126 114 96 115 70 103 94 151 214 37 192 47 244 172 184 210 238 241 243 185 213 59 247 69 122 166 31 61 106 73 143 217 105 231 189 30 204 180 190 182 179 183 206 83 209 186 173 200 113 174 226 72 132 116 99 48 229 104 191 52 162 164 220 195 123 219 63 178 158 56 32 207 193 120 26 149 82 176 203 221 175 218 215 102 139 98 92 88 134 135 27 80 62 228 245 91 84 93 100 138 199 224 
5 : 203 67 86 176 66 42 90 60 114 219 63 207 204 206 210 94 128 161 83 48 72 41 91 59 101 133 166 33 247 39 181 123 208 233 43 117 215 144 147 174 221 168 110 130 162 155 53 205 131 64 171 175 96 177 50 93 200 149 95 141 75 109 135 116 112 246 118 195 137 104 106 73 68 26 138 34 192 244 
6 : 62 219 217 57 204 166 96 214 245 230 90 151 185 140 145 179 50 228 215 187 108 144 163 225 76 60 170 161 135 54 103 65 52 114 210 119 208 233 109 131 112 97 223 47 180 92 37 153 132 189 206 75 234 237 229 128 134 147 190 99 70 202 200 74 82 88 181 101 115 211 31 72 224 39 184 142 203 186 174 176 162 117 164 84 133 169 25 231 226 152 238 232 30 201 86 130 129 199 
7 : 93 227 90 163 169 202 68 128 222 36 185 84 215 130 27 60 234 104 244 140 91 141 122 102 183 41 35 230 192 109 86 45 219 51 189 153 136 199 143 101 151 214 69 96 178 233 126 249 231 245 74 167 131 170 188 166 53 95 200 237 112 150 173 148 181 47 111 67 70 80 105 134 182 25 34 32 191 156 125 159 201 81 210 204 108 164 248 158 120 220 208 228 65 44 225 226 247 217 85 242 193 72 30 142 77 88 129 133 232 235 207 197 43 137 58 241 50 211 223 110 62 161 206 
8 : 206 150 175 139 68 174 120 85 158 49 87 154 89 191 161 248 168 249 115 128 153 94 157 190 160 220 242 50 81 156 164 193 210 116 29 83 70 99 223 71 100 37 218 237 25 106 176 76 124 199 215 170 95 60 137 181 98 172 90 155 163 114 61 44 58 151 205 66 62 133 230 34 208 179 32 
9 : 191 148 108 184 249 171 112 205 117 163 139 152 234 84 128 242 42 207 190 230 165 187 226 216 46 215 220 62 177 208 126 225 68 228 116 28 127 150 89 169 39 247 235 240 203 57 49 175 172 51 248 80 58 94 29 123 142 104 141 97 133 189 92 138 
10 : 174 196 45 56 82 224 121 99 92 230 64 90 70 108 173 52 73 149 215 218 141 221 220 112 147 248 106 202 59 26 98 187 167 67 137 42 233 161 40 53 83 117 
11 : 92 40 128 206 95 91 109 67 179 33 56 112 53 220 51 219 185 161 230 153 150 143 159 37 226 240 82 196 
12 : 203 161 158 66 71 170 115 89 61 155 79 156 75 229 234 58 93 205 107 233 117 100 211 104 167 249 44 225 228 135 248 27 189 194 120 65 109 94 36 78 134 69 157 136 182 105 41 55 32 82 145 91 151 62 77 59 144 241 240 164 95 186 127 47 37 70 231 103 52 219 169 209 
13 : 223 142 91 102 154 146 26 100 34 188 106 229 112 163 79 65 86 236 136 127 111 135 141 48 158 185 212 41 78 114 204 167 103 110 172 69 39 181 138 239 139 244 149 246 211 190 231 186 179 126 25 227 201 245 121 119 51 132 88 238 160 81 108 140 145 63 
14 : 204 85 173 214 188 166 111 228 155 246 96 35 39 73 106 136 186 59 148 97 58 125 72 197 139 143 127 60 122 194 180 157 212 237 71 227 242 140 152 249 179 133 135 207 115 43 63 
15 : 102 50 64 207 149 56 238 195 234 175 78 82 73 115 187 98 193 212 108 106 109 87 242 69 214 143 217 210 62 192 35 95 208 156 220 163 226 209 171 33 169 59 43 159 36 191 51 30 105 196 118 101 133 170 28 232 124 53 153 249 204 231 174 139 72 179 141 166 131 205 65 216 218 75 93 168 40 158 52 85 31 233 39 34 225 111 198 58 172 248 120 200 222 140 211 230 90 239 125 32 63 188 183 130 165 
16 : 234 199 181 245 158 86 61 63 123 186 93 217 77 183 190 139 164 41 46 205 187 228 226 201 193 206 44 231 71 171 227 73 246 196 132 220 89 129 30 40 138 180 235 185 83 130 240 215 159 160 56 97 147 144 127 194 96 167 122 172 106 94 34 198 53 174 178 156 214 66 51 90 57 65 111 49 117 209 169 230 118 229 207 143 35 128 45 48 74 165 124 241 225 155 238 84 239 176 149 37 189 188 133 112 105 248 91 200 
17 : 154 122 235 182 210 191 136 203 48 112 116 221 180 222 197 238 225 155 27 148 93 43 108 133 147 242 118 205 212 141 190 44 106 172 185 56 232 
18 : 110 49 60 147 221 99 51 82 65 59 41 235 178 56 113 158 106 198 209 31 170 32 192 27 128 54 248 169 72 130 229 155 219 124 206 208 48 246 29 39 143 85 75 217 197 125 176 136 164 134 104 173 162 71 30 245 200 145 207 201 137 142 114 220 115 76 247 182 203 101 215 
19 : 56 29 103 231 224 36 108 145 122 236 41 218 247 50 181 121 179 183 40 128 238 115 104 35 187 197 196 109 232 240 49 28 133 90 27 203 171 78 199 79 52 47 46 55 117 168 61 198 207 39 83 215 118 152 94 64 194 204 182 158 98 33 170 176 111 143 210 219 91 216 76 234 87 161 149 135 186 140 175 
20 : 25 174 215 91 238 43 66 219 124 246 175 212 36 70 76 169 184 193 152 239 188 208 167 142 161 211 226 213 177 206 242 69 52 126 136 179 110 27 46 202 73 47 48 80 94 164 237 203 163 32 130 51 
21 : 208 103 95 168 91 120 227 203 236 57 234 138 211 99 125 199 41 116 105 198 200 106 71 222 176 58 86 152 85 43 188 190 
22 : 123 94 52 84 36 101 62 136 238 217 224 98 109 61 91 171 118 156 139 189 130 79 25 242 169 160 67 223 114 184 148 35 31 151 244 145 59 96 126 99 202 50 106 34 111 107 134 196 208 60 174 110 102 100 180 88 212 167 32 74 191 192 185 211 142 108 198 51 240 249 65 119 216 163 239 144 135 78 228 233 179 209 231 37 229 230 137 49 173 53 170 161 165 190 71 30 159 227 221 181 197 68 215 193 222 117 176 127 72 213 168 143 194 243 90 
23 : 203 199 35 240 113 101 241 183 49 118 40 190 154 209 98 248 232 197 59 244 201 137 217 82 141 80 120 238 55 65 233 116 32 150 126 97 149 191 155 136 129 109 39 57 228 86 174 230 53 225 93 210 44 133 236 115 84 214 153 78 200 95 111 128 165 145 192 87 247 235 85 187 186 62 90 29 179 38 249 105 70 117 226 220 213 
24 : 92 159 109 173 172 67 53 161 69 145 248 54 138 242 98 225 110 27 186 103 164 194 202 142 131 181 229 123 236 79 31 174 132 144 
25 : 98 232 88 85 95 220 36 221 236 168 65 120 33 248 209 114 106 147 49 240 153 186 137 56 215 136 243 101 201 61 68 170 234 111 63 122 149 205 174 93 242 148 94 38 140 175 151 46 217 131 163 172 222 25 103 133 245 164 191 223 132 237 71 203 246 97 110 51 26 211 145 214 83 105 102 58 166 216 109 185 228 189 123 160 27 206 39 213 188 152 55 113 179 238 167 84 212 134 121 208 117 177 
26 : 39 150 154 193 98 181 141 237 217 185 66 72 71 207 115 201 58 73 199 216 81 37 206 155 61 244 117 221 195 53 30 238 202 158 192 215 194 46 172 109 132 70 143 79 48 190 225 218 245 212 233 197 178 222 173 226 186 138 129 159 60 87 144 174 113 107 43 80 147 200 40 63 64 151 183 164 42 166 28 167 177 125 243 146 137 165 161 102 182 184 196 135 242 230 110 93 156 204 232 52 210 75 92 62 198 25 105 246 235 140 65 100 208 118 95 122 27 
27 : 228 62 222 213 32 158 247 56 86 209 242 110 218 235 102 176 106 134 74 153 63 113 215 75 44 166 61 67 96 179 246 175 97 
28 : 36 125 180 195 139 157 198 140 28 152 92 212 146 217 90 149 161 124 76 27 194 235 52 204 143 49 107 209 68 74 101 192 174 72 221 239 186 243 211 188 81 244 233 95 214 102 220 227 199 89 34 203 115 151 246 98 84 104 51 130 156 77 60 88 216 44 226 164 117 135 26 213 178 145 160 116 99 182 162 103 191 238 148 66 185 109 206 215 128 47 54 64 218 65 165 230 55 184 142 177 53 176 50 189 202 63 83 196 57 167 127 231 41 245 82 163 111 33 
29 : 80 148 247 222 127 39 138 212 125 43 58 56 157 238 66 161 105 97 170 208 101 84 210 246 103 200 42 78 100 152 145 95 129 177 55 144 81 64 
30 : 50 182 244 101 199 85 129 224 72 195 75 47 221 227 150 84 154 176 208 216 55 140 249 49 93 123 31 245 40 204 139 59 160 52 90 62 165 45 130 25 159 64 197 87 144 239 243 28 237 70 74 218 
31 : 212 174 113 184 45 101 31 138 141 154 165 234 105 104 171 53 176 116 233 125 73 127 70 118 166 43 201 180 88 123 247 245 152 48 25 249 220 150 135 240 75 130 112 192 193 69 133 52 121 131 153 181 91 57 225 115 217 238 114 190 40 239 66 146 26 110 124 191 183 203 129 37 60 51 147 216 107 39 87 210 159 108 155 89 71 
32 : 195 117 124 241 120 248 222 181 113 32 107 175 207 136 165 59 66 122 38 89 243 142 190 215 212 229 68 240 139 147 242 51 202 54 210 28 176 138 63 141 184 132 245 177 
33 : 49 85 248 116 142 88 235 41 128 210 227 175 56 204 170 126 243 98 149 103 27 220 71 53 25 132 119 50 120 36 131 83 161 152 154 32 121 73 125 185 61 77 123 177 211 224 223 135 74 176 157 44 217 51 244 37 237 222 198 66 189 232 155 169 186 40 55 249 133 122 43 38 102 91 158 109 34 72 246 64 69 127 188 226 78 46 79 190 82 206 159 178 240 39 90 63 31 203 195 101 231 219 179 187 164 124 166 181 112 33 218 57 138 212 202 172 99 207 134 
34 : 119 71 170 240 196 164 190 163 101 193 227 108 194 155 232 60 236 111 148 201 206 120 64 42 161 242 133 136 39 189 68 160 154 37 147 238 118 91 81 59 75 233 166 47 122 125 167 44 38 57 248 230 198 203 168 53 140 229 29 56 132 221 176 180 88 83 25 116 73 76 26 245 244 52 243 135 146 130 216 94 211 97 143 93 212 109 41 90 58 35 82 219 98 187 65 171 192 162 106 43 208 173 121 153 103 28 
35 : 181 29 139 86 189 174 165 133 121 97 118 50 233 131 239 223 111 178 150 88 184 76 137 69 206 146 102 244 58 79 234 191 220 179 61 236 222 140 168 35 237 125 127 135 99 180 215 100 238 186 84 167 193 130 107 45 98 182 33 225 246 43 183 219 173 108 141 71 227 172 120 198 65 134 85 115 228 109 110 126 25 147 224 37 214 63 38 209 158 59 157 229 31 169 142 211 241 52 160 247 161 138 82 153 46 196 60 47 204 62 136 103 83 113 195 240 122 
36 : 198 41 119 221 36 218 111 73 247 180 159 60 76 202 217 172 106 117 63 68 28 112 87 95 121 201 229 120 84 161 132 31 114 181 242 64 85 224 118 61 93 203 200 173 237 226 155 239 99 42 169 168 249 50 126 129 108 137 67 65 69 
37 : 87 170 206 120 49 209 140 67 145 28 143 162 41 57 98 166 191 242 177 149 77 213 160 125 82 204 66 85 175 214 75 133 156 229 129 158 81 54 69 193 207 239 90 192 163 236 187 45 53 142 128 240 43 27 221 119 26 223 40 78 115 247 70 93 232 185 180 197 106 173 172 80 134 141 208 178 147 95 42 155 144 73 159 99 100 196 58 123 139 199 83 111 210 181 171 153 124 37 249 94 89 237 152 136 224 92 
38 : 158 35 45 65 227 223 168 79 40 186 94 109 249 165 119 167 132 110 222 107 72 113 217 26 184 51 90 175 149 182 25 177 118 127 71 42 37 181 192 238 89 154 75 174 229 237 150 74 
39 : 74 242 101 46 131 139 246 97 80 241 169 236 195 82 161 159 165 202 145 243 199 150 221 72 230 245 65 42 224 234 109 193 39 214 194 84 58 83 110 177 102 149 128 61 26 121 178 180 111 77 95 223 141 170 43 123 167 37 211 125 85 103 248 176 239 112 144 179 185 183 76 138 219 64 69 168 28 75 154 181 160 157 
40 : 65 31 96 197 133 101 34 100 91 53 154 116 69 72 185 143 194 211 49 94 192 225 151 110 46 201 179 162 92 33 38 190 227 29 209 129 169 134 200 146 59 218 199 124 189 83 140 99 230 30 202 55 117 155 115 54 206 98 144 63 240 26 74 243 172 84 120 229 177 203 166 241 148 198 195 60 82 135 183 118 47 223 180 106 70 184 170 152 175 79 213 247 234 87 85 181 149 156 42 141 64 43 62 131 93 130 125 210 219 136 109 228 212 123 66 153 160 27 239 
41 : 193 235 106 90 115 153 117 68 140 207 74 103 214 239 105 135 172 64 26 206 157 189 57 33 188 204 180 216 65 181 225 151 156 114 120 136 127 84 59 53 150 87 210 228 81 145 93 224 69 129 55 191 240 227 147 209 184 175 171 166 243 139 38 197 223 237 41 121 79 195 72 108 98 42 167 71 218 35 174 132 70 192 247 163 186 155 123 143 
42 : 212 124 136 237 56 107 227 141 143 172 113 180 81 99 115 243 145 229 109 78 210 198 92 94 161 177 128 220 170 111 49 222 33 103 119 86 153 140 218 43 231 149 125 54 221 157 135 211 
43 : 53 147 239 161 201 35 70 77 219 187 235 149 32 233 117 162 138 79 67 51 210 124 114 228 49 113 64 182 194 238 211 160 30 128 118 199 215 26 110 68 132 74 84 87 204 206 104 63 29 193 168 56 88 165 155 52 66 225 197 91 96 143 28 76 221 
44 : 72 151 188 166 93 246 34 35 43 179 52 237 104 138 194 163 222 96 63 181 36 207 178 173 220 221 112 170 197 98 177 45 133 245 55 54 62 44 160 94 80 186 48 167 184 120 156 40 83 137 113 205 154 132 176 209 90 195 67 189 243 75 232 218 32 198 196 223 185 89 109 140 171 41 247 180 230 103 165 202 212 239 231 121 30 249 227 49 174 115 248 200 224 79 135 142 244 139 77 234 124 129 91 225 
45 : 32 63 183 175 93 131 83 41 247 221 55 119 153 145 116 198 212 192 45 234 239 176 80 126 48 233 89 33 217 218 191 47 202 56 222 27 235 215 118 30 207 31 43 94 220 243 190 69 163 44 223 124 25 29 150 170 134 166 61 146 155 36 35 213 78 161 200 154 167 149 216 227 241 111 230 121 81 135 66 133 194 237 185 127 123 180 210 72 105 71 51 88 184 96 108 112 177 53 209 26 60 113 130 174 
46 : 77 217 237 190 131 89 38 114 29 156 188 56 58 149 233 73 80 90 68 139 207 43 143 148 200 238 41 210 26 152 97 172 193 135 48 63 185 235 140 147 202 92 
47 : 85 132 93 182 217 72 230 247 178 194 138 223 152 197 160 44 43 53 33 158 162 141 159 56 124 185 32 127 128 174 151 77 191 79 144 161 35 113 41 49 82 140 225 54 227 196 31 173 169 234 80 68 106 42 190 157 105 65 60 115 147 218 154 202 86 207 78 242 91 210 163 129 139 37 52 81 109 145 239 45 216 170 187 57 95 233 126 92 179 171 181 172 219 208 226 199 246 59 203 87 64 130 135 89 134 36 103 66 26 84 50 205 55 235 175 121 
48 : 97 98 244 219 122 157 208 32 31 37 139 182 180 181 95 42 151 30 124 51 89 48 38 149 212 96 155 114 185 128 169 150 
49 : 181 233 89 178 33 155 172 139 47 234 192 28 72 184 169 66 230 150 55 196 74 222 77 36 144 102 228 191 195 180 103 39 190 90 98 127 236 25 201 78 27 58 240 219 143 75 41 101 249 244 158 245 140 163 92 87 84 124 171 232 248 65 151 217 138 99 82 69 80 125 194 76 203 129 213 177 147 193 145 200 173 199 209 160 113 43 117 164 227 88 109 93 32 154 188 54 62 94 170 35 206 96 149 224 226 237 243 141 64 131 118 205 
50 : 77 100 154 188 177 135 132 178 89 92 46 107 134 138 161 236 108 202 149 174 68 103 39 53 119 30 136 163 201 114 243 160 205 27 66 222 232 240 32 239 223 146 87 62 173 227 78 67 82 54 246 116 130 61 193 51 218 228 225 194 91 98 122 65 59 155 109 150 125 71 40 158 195 176 233 106 58 248 104 50 
51 : 131 229 61 46 186 193 164 201 66 47 97 91 177 77 57 227 232 101 207 76 83 88 136 209 185 180 123 34 115 182 153 215 26 183 228 74 67 38 51 226 233 225 63 151 35 230 162 86 173 130 231 200 
52 : 104 180 48 123 174 41 194 239 98 173 236 108 69 36 101 132 144 63 203 197 167 68 70 107 233 206 61 67 135 128 172 234 90 202 46 213 142 190 131 29 82 83 33 100 111 138 170 37 171 247 74 166 35 87 155 175 89 224 66 223 220 240 64 208 176 134 148 182 121 85 52 28 114 245 58 216 209 54 122 147 217 75 235 157 179 105 242 62 97 149 141 161 140 50 30 196 243 136 59 210 86 158 99 215 102 120 116 165 78 118 153 60 200 152 38 225 125 193 
53 : 170 237 66 146 204 181 100 92 103 44 93 248 249 53 106 83 64 217 213 45 158 48 244 203 162 130 39 190 187 172 209 231 126 219 208 68 
54 : 227 102 62 135 132 197 118 68 114 191 170 236 109 162 187 220 90 185 143 104 46 195 69 48 149 67 25 37 164 47 133 52 59 188 58 54 28 245 137 75 78 146 166 178 240 55 73 210 225 169 122 92 150 27 218 233 51 163 142 70 243 35 41 103 125 100 66 
55 : 148 155 100 98 183 172 122 26 245 89 38 36 233 74 156 222 235 187 204 194 41 77 189 73 153 92 247 159 113 27 86 210 167 188 126 120 158 205 90 47 228 71 87 154 54 157 160 174 184 197 78 150 218 139 177 198 230 65 200 52 30 107 117 29 43 170 
56 : 134 239 155 81 142 80 185 97 68 34 166 225 227 213 98 208 180 189 192 207 74 219 234 73 236 173 102 111 118 115 93 47 159 197 217 183 229 196 64 168 176 
57 : 109 55 135 134 32 57 70 231 105 40 30 246 51 120 96 61 138 74 181 140 235 158 85 150 161 188 81 45 141 190 203 115 211 90 64 187 152 80 54 112 223 234 122 76 165 89 66 229 153 184 238 186 117 137 151 48 129 217 230 174 99 244 87 157 147 43 41 88 236 60 128 126 166 233 241 125 198 72 113 220 31 226 102 36 216 50 58 77 213 245 82 225 143 28 29 132 92 145 179 118 218 214 182 156 84 100 47 
58 : 63 67 184 91 238 35 54 200 88 100 116 147 87 148 129 172 145 105 65 135 77 134 38 143 99 179 108 249 170 180 190 181 79 86 245 178 69 137 58 56 162 210 95 187 208 34 159 42 128 239 169 26 44 140 27 132 41 171 203 183 213 115 75 73 196 201 94 130 124 247 29 122 118 149 216 80 173 78 197 127 150 163 40 215 37 227 144 153 194 211 126 241 243 93 81 228 57 240 123 182 160 237 55 30 113 230 68 188 133 191 66 82 219 218 166 
59 : 107 113 218 137 120 128 160 47 195 67 98 169 36 220 82 86 48 223 229 70 126 219 100 99 44 226 111 89 105 227 183 179 172 25 55 192 244 197 234 110 175 40 178 85 26 68 241 122 191 213 206 119 177 42 224 180 66 57 212 115 182 112 129 217 106 232 50 239 207 222 210 34 130 127 35 117 158 235 109 76 135 31 168 30 104 101 
60 : 203 101 34 188 45 124 111 211 105 88 193 35 238 207 223 28 217 243 69 63 120 90 219 123 146 225 82 116 227 192 26 208 157 151 145 96 92 95 46 156 93 39 141 237 226 147 73 149 74 172 106 177 175 218 220 245 61 178 66 126 51 154 30 234 122 67 81 194 60 159 97 163 54 167 202 232 27 140 127 56 98 166 182 87 213 132 135 
61 : 235 172 176 184 88 137 143 43 210 104 98 45 146 214 236 82 112 121 153 86 220 69 27 26 173 62 71 156 191 139 113 238 207 114 72 78 38 79 106 116 84 44 188 164 213 131 209 241 127 90 31 28 51 243 244 93 130 180 95 204 237 232 222 119 
62 : 135 214 156 116 81 56 138 130 128 232 187 161 236 118 196 159 55 249 193 37 125 178 26 53 44 152 194 32 71 160 142 140 100 234 107 31 51 41 90 174 165 96 115 112 34 86 169 212 78 201 175 97 95 63 207 227 45 
63 : 64 167 219 113 122 240 121 62 49 232 213 183 119 142 54 236 68 134 148 125 161 70 102 74 198 155 248 146 177 130 226 244 164 26 165 46 189 163 181 67 80 81 171 193 144 220 83 109 184 56 112 135 111 179 35 246 34 139 186 41 170 39 141 93 231 53 
64 : 237 71 83 134 133 113 84 217 183 187 121 130 202 236 241 106 81 141 150 78 86 107 105 115 162 56 164 93 112 26 62 51 124 165 64 70 224 239 244 246 65 111 178 137 37 123 66 220 75 143 40 59 160 152 168 48 76 
65 : 98 204 31 248 150 90 183 37 85 226 223 72 164 107 173 144 67 118 149 122 224 97 193 168 79 117 167 93 80 198 138 154 56 82 201 215 39 219 228 140 134 34 60 241 155 247 142 116 133 159 175 130 103 232 147 124 214 211 113 172 40 28 120 36 27 65 185 206 238 203 92 25 170 191 220 221 160 71 174 157 69 212 64 145 137 61 182 123 202 119 86 115 231 81 106 78 83 213 
66 : 102 188 172 201 30 55 59 52 158 144 64 129 61 238 118 163 108 173 138 50 180 175 212 54 141 38 132 215 181 63 206 106 119 198 239 205 134 184 182 35 227 94 202 70 231 41 87 150 91 236 79 86 31 28 247 57 170 123 34 234 51 126 133 164 159 47 209 100 169 190 112 124 193 149 107 121 166 78 33 128 160 46 37 230 27 157 85 45 26 165 114 39 99 242 111 36 67 60 176 53 80 156 208 140 82 145 222 210 196 240 
67 : 140 246 212 138 108 219 119 225 129 249 227 101 236 220 204 37 36 72 207 200 96 52 145 59 165 47 115 184 35 105 141 245 248 68 192 114 109 157 113 93 82 34 210 160 104 247 208 167 103 194 222 218 223 166 100 76 185 238 195 182 173 27 193 203 143 58 40 142 134 214 154 146 199 213 133 180 226 174 171 117 147 230 38 216 84 124 162 201 241 135 233 155 231 169 71 170 30 128 48 177 56 63 25 211 33 50 120 43 188 116 217 190 28 110 179 176 57 205 97 235 132 
68 : 86 183 182 245 141 48 218 153 221 171 115 161 211 181 158 193 198 169 133 26 75 177 213 53 98 43 164 77 143 84 34 80 52 64 42 142 248 122 63 81 152 90 206 191 70 35 188 234 110 202 44 123 114 231 65 246 
69 : 180 209 53 147 57 87 224 226 135 176 34 246 187 193 167 86 91 204 239 43 126 221 222 243 217 186 134 228 109 46 197 48 151 106 79 195 133 156 118 198 90 234 149 237 137 59 47 80 74 111 162 54 85 245 161 182 208 112 30 216 244 127 146 152 128 249 38 177 179 64 205 144 145 235 72 227 60 27 124 117 142 201 35 41 174 138 141 140 170 29 189 219 99 45 218 203 52 55 211 191 39 178 132 213 230 102 51 163 199 
70 : 77 70 123 87 78 83 157 202 227 212 203 143 210 235 127 111 167 121 228 46 124 59 178 164 60 165 195 159 42 241 134 166 31 198 162 102 243 79 244 116 89 176 34 55 57 223 144 92 207 222 139 216 48 35 106 128 239 141 62 149 184 68 137 196 25 242 183 54 66 240 41 39 135 56 190 229 104 160 
71 : 225 39 45 175 134 246 171 160 141 168 224 41 112 153 234 54 164 44 37 193 58 240 214 82 238 70 133 163 87 241 116 170 161 192 242 73 215 35 130 84 120 63 105 34 223 67 158 127 157 188 244 182 113 187 237 109 210 183 78 26 148 202 83 48 53 185 220 243 184 211 96 216 233 189 137 235 228 213 180 125 155 142 135 
72 : 223 92 170 81 91 134 66 52 84 210 106 103 238 100 207 123 115 94 151 195 111 125 176 158 109 67 192 35 37 159 239 30 25 130 144 139 224 127 199 164 58 168 183 196 204 140 89 209 230 49 85 93 201 147 213 215 75 248 88 247 177 77 108 136 206 78 190 56 33 86 142 129 191 110 79 72 39 218 113 104 95 141 131 222 69 152 205 143 208 187 80 90 102 245 65 31 62 154 193 41 153 40 234 231 74 36 173 212 45 
73 : 109 134 69 231 133 110 27 138 188 222 52 126 121 239 216 148 143 98 234 227 157 129 127 36 59 83 180 123 106 111 249 31 218 152 197 100 43 136 214 199 33 166 64 76 244 65 107 146 170 42 232 29 202 71 196 203 92 108 229 112 117 179 104 114 190 177 168 225 75 139 113 86 73 91 39 210 186 193 145 48 182 124 81 238 34 230 50 224 153 220 
74 : 187 237 91 105 53 110 108 173 61 95 211 86 26 65 222 227 238 219 75 243 83 188 210 183 79 223 137 99 151 244 168 234 88 145 115 71 139 186 122 154 169 208 191 56 178 41 249 216 205 170 204 112 38 229 182 155 213 225 144 93 28 203 102 74 51 45 159 196 240 153 218 90 60 118 117 193 29 248 94 114 147 149 156 138 55 81 220 
75 : 196 64 191 172 154 25 175 88 84 92 69 96 31 47 248 36 198 227 56 225 243 192 72 193 62 44 68 138 245 215 111 
76 : 46 28 158 166 74 85 141 67 59 212 189 115 42 75 60 247 105 173 186 226 78 102 155 220 191 211 162 208 246 229 182 249 69 170 148 199 152 179 150 235 83 227 111 27 180 94 236 103 113 112 48 108 95 40 65 233 190 31 51 32 209 197 178 198 58 96 176 
77 : 174 80 76 168 202 246 51 222 104 169 216 100 124 138 226 28 45 60 196 134 155 86 38 152 163 211 
78 : 176 94 103 44 169 172 204 217 213 219 42 158 238 149 36 39 34 199 224 130 179 160 123 152 197 66 67 104 124 80 45 207 75 236 27 72 241 49 50 73 163 203 195 
79 : 56 212 157 177 45 100 28 233 84 216 115 147 96 46 30 49 211 74 239 105 194 207 195 43 71 238 247 81 231 190 83 67 139 68 166 130 63 60 181 182 229 77 213 33 53 25 54 87 120 62 39 201 167 129 235 29 44 236 162 82 76 95 138 61 191 51 203 134 64 222 80 155 32 144 48 164 161 225 174 69 125 50 192 90 215 173 202 58 172 47 121 149 127 34 171 142 160 122 158 118 27 187 234 136 93 92 154 114 244 243 
80 : 159 108 152 112 238 92 69 42 77 73 156 204 230 26 27 162 39 84 239 25 196 219 97 234 63 37 80 67 45 34 78 32 249 203 236 233 114 151 134 235 70 55 216 62 117 83 243 81 165 99 95 71 155 228 214 210 153 104 147 87 202 191 140 158 91 135 33 211 187 148 173 30 170 175 197 188 41 179 167 220 123 221 209 36 111 248 142 53 88 222 177 172 60 102 130 48 46 125 215 227 
81 : 163 149 178 114 112 157 55 190 243 48 51 136 234 205 220 53 198 60 246 80 131 97 99 187 156 236 46 144 141 61 168 54 182 115 189 129 212 95 170 49 188 85 164 33 79 98 121 87 34 140 223 113 206 127 237 143 59 77 118 192 50 64 130 226 153 150 165 235 142 125 232 228 104 173 221 30 161 91 103 145 89 209 70 44 117 233 96 245 
82 : 85 52 78 87 54 157 35 91 139 96 184 59 191 38 33 167 29 208 76 158 47 46 197 128 169 86 152 188 211 51 129 103 143 109 182 88 212 123 150 234 83 132 202 154 232 117 137 198 84 138 97 243 
83 : 65 80 90 140 210 112 55 160 159 58 199 212 27 230 63 166 87 111 200 185 86 28 119 92 37 184 41 217 198 
84 : 44 156 197 144 73 139 223 180 210 182 218 71 162 244 171 100 122 243 89 104 80 54 48 82 208 202 53 242 124 79 181 42 185 224 164 112 245 68 58 87 226 247 93 167 145 92 88 168 214 170 51 222 125 134 179 240 105 211 52 37 90 74 175 31 106 129 207 148 238 117 236 98 39 239 205 121 151 166 159 123 136 85 
85 : 160 116 202 193 101 159 218 207 92 54 117 222 82 186 66 170 148 230 53 168 165 181 188 40 244 78 46 241 240 214 228 64 88 85 65 47 231 211 189 233 73 81 44 171 212 191 121 209 60 153 147 162 106 98 70 190 96 74 151 84 143 178 197 75 249 128 111 89 204 216 112 99 105 246 235 122 29 28 215 91 167 69 48 220 34 51 108 126 144 232 123 132 107 195 137 236 161 102 150 158 149 90 146 224 238 95 39 
86 : 169 114 61 75 147 200 142 245 92 45 63 202 203 73 141 52 28 35 105 43 129 131 151 111 232 150 89 91 71 230 186 127 30 199 168 158 83 171 
87 : 193 178 137 194 190 215 130 62 67 92 202 195 79 48 245 102 90 238 54 81 51 186 244 166 126 74 235 217 65 115 85 43 99 228 112 59 165 60 161 109 25 50 219 211 198 218 133 185 229 227 32 73 129 88 175 204 169 118 247 145 146 181 34 173 70 117 123 196 89 27 139 116 225 241 132 144 40 119 242 179 233 41 158 140 45 201 167 187 120 128 246 134 56 182 82 66 226 199 136 156 176 53 159 77 91 162 170 121 29 208 84 147 213 36 154 
88 : 211 176 115 185 61 82 182 201 229 165 65 148 53 159 95 132 133 39 71 141 223 45 81 162 49 234 119 239 92 200 221 100 112 152 207 192 63 214 29 242 44 107 84 243 161 69 166 194 149 157 123 42 210 126 34 43 122 228 58 245 218 
89 : 91 186 78 29 155 207 83 86 177 171 108 33 189 77 202 97 174 114 52 237 118 126 54 184 149 139 99 70 180 81 93 214 56 175 234 201 27 198 183 38 65 181 55 227 185 117 168 200 123 213 
90 : 32 86 55 162 98 49 65 200 214 222 102 105 245 123 127 195 170 133 117 78 106 69 210 242 114 104 220 39 215 248 142 249 27 151 75 70 180 167 43 209 77 234 99 165 229 36 60 41 144 230 196 193 31 158 181 50 82 233 202 52 172 188 111 201 44 26 240 126 226 143 
91 : 48 113 66 103 159 30 174 247 148 34 220 146 76 37 219 110 58 151 156 231 186 100 149 32 77 83 
92 : 104 101 81 233 244 181 224 154 47 62 70 179 77 168 48 37 33 148 28 249 177 150 110 218 172 92 135 176 80 102 98 40 79 63 90 195 217 151 157 72 42 69 
93 : 197 132 222 200 165 175 141 68 158 137 217 123 148 120 104 179 47 40 131 78 57 100 209 189 143 85 77 201 154 62 28 243 213 114 248 136 192 190 239 166 170 234 159 181 87 66 223 53 34 41 208 61 238 88 32 44 95 38 174 150 105 182 178 102 129 169 54 153 157 128 168 97 144 241 43 244 64 91 113 205 26 92 59 167 71 56 124 109 216 171 74 230 196 185 193 93 81 176 69 152 63 36 184 220 240 
94 : 34 242 165 128 179 248 66 240 42 191 25 202 174 71 136 220 88 192 116 221 151 233 129 203 152 125 217 164 
95 : 60 36 169 68 192 164 87 132 145 71 176 154 156 148 244 217 90 58 146 133 150 143 57 88 46 187 106 212 202 111 27 221 203 95 160 49 168 137 26 165 41 99 72 29 182 238 25 30 151 220 152 52 101 97 
96 : 131 186 216 64 172 230 25 234 221 176 28 72 120 144 228 249 145 165 85 50 152 100 143 205 147 89 106 135 37 84 41 88 240 54 102 194 117 195 150 142 65 154 130 146 33 122 71 110 156 129 63 207 78 166 92 75 
97 : 91 219 160 220 44 114 247 227 201 159 51 93 46 234 243 38 231 212 153 122 113 149 236 109 235 205 151 245 216 82 29 217 59 87 221 45 190 60 48 53 80 47 178 79 239 120 50 165 141 58 173 108 207 118 103 143 172 77 129 158 134 179 157 95 75 182 131 237 146 115 37 228 244 161 191 198 177 192 200 94 32 226 83 128 123 197 196 99 41 135 186 73 137 249 150 71 42 30 133 232 185 36 211 155 210 145 176 171 111 64 229 174 110 248 28 140 56 49 33 76 139 
98 : 230 90 222 53 125 165 227 233 236 145 167 166 130 170 147 213 93 168 160 139 201 117 39 70 128 228 89 209 46 103 72 155 94 207 203 63 194 109 134 176 212 132 78 74 37 148 140 206 127 99 105 163 186 153 59 116 66 77 54 195 223 141 169 178 57 210 27 47 226 96 73 80 35 135 52 121 40 82 111 25 56 225 177 113 26 197 154 220 149 181 95 193 110 152 108 67 239 62 102 81 183 28 248 48 50 224 237 133 136 217 45 249 69 
99 : 128 179 241 91 225 181 230 60 108 176 78 149 96 214 145 89 25 205 107 153 166 218 35 167 210 232 182 33 87 94 233 197 95 192 191 31 131 29 190 144 
100 : 163 134 223 203 170 86 159 219 168 73 48 153 69 137 235 68 237 233 121 53 95 94 131 147 124 38 148 191 56 31 178 167 83 87 204 229 164 42 215 26 126 144 179 157 225 136 123 193 194 174 198 245 104 58 66 187 101 199 226 99 212 154 197 72 41 224 145 64 62 172 51 44 76 79 
101 : 141 66 52 214 108 187 126 171 155 241 36 179 57 144 159 164 89 117 158 58 177 245 221 130 37 134 28 176 61 188 68 84 88 224 237 239 73 39 94 173 248 34 132 27 90 109 236 123 38 43 127 83 153 131 46 198 56 191 72 125 231 194 128 99 77 218 167 247 47 234 146 111 163 232 230 150 249 229 133 185 204 82 216 
102 : 130 152 221 105 247 59 208 61 128 107 140 148 225 54 125 55 72 70 226 153 66 71 159 183 126 83 63 100 115 85 146 101 46 202 49 211 131 199 190 52 51 124 209 117 204 229 220 142 99 165 121 
103 : 221 116 71 125 91 148 44 227 121 140 168 182 202 135 142 124 79 94 222 39 136 161 232 62 66 154 205 177 194 55 130 57 183 189 218 90 86 187 83 190 45 144 146 27 215 29 
104 : 84 68 197 81 35 48 203 215 223 86 76 143 90 185 51 119 31 141 217 107 214 211 66 171 168 133 239 32 191 218 235 205 134 182 213 91 69 120 98 247 190 27 202 233 219 152 129 101 236 26 65 237 25 146 43 115 54 126 230 241 97 45 170 
105 : 186 160 104 34 166 206 128 185 237 71 189 139 229 152 218 41 234 131 246 188 245 65 208 137 68 114 47 62 88 39 45 110 209 86 220 205 119 241 222 147 227 191 58 105 141 127 38 57 150 108 89 212 165 236 148 146 157 184 
106 : 244 146 177 239 211 216 145 156 86 111 152 233 141 41 27 108 209 109 114 31 161 227 143 71 119 62 97 124 69 185 76 240 187 84 170 60 245 122 49 121 53 102 51 112 87 61 226 137 96 232 220 214 50 
107 : 160 29 201 108 215 52 133 156 83 115 197 77 171 233 106 204 41 207 105 103 45 99 125 234 104 96 114 220 213 249 243 161 191 137 34 94 230 209 110 248 134 75 86 129 39 33 172 67 54 189 229 162 53 198 190 97 241 208 74 166 167 138 101 187 117 210 40 124 244 157 47 120 121 143 212 155 218 42 69 26 222 195 179 154 237 79 149 73 196 88 118 203 123 100 51 112 98 174 228 242 224 62 211 119 28 
108 : 104 37 218 71 53 176 78 229 224 42 144 91 77 81 126 67 109 97 100 119 237 162 96 30 65 139 36 50 163 102 86 216 89 249 202 130 39 68 33 111 220 121 38 35 167 92 184 245 196 166 217 48 34 189 248 114 149 190 47 122 240 148 135 164 204 56 185 25 43 138 155 183 199 49 105 45 129 154 147 57 88 127 219 209 110 60 120 140 157 244 134 161 223 64 133 76 241 27 128 83 214 222 
109 : 214 152 126 165 136 82 150 109 249 78 129 91 87 132 238 237 26 213 218 163 127 211 46 231 176 100 45 107 67 208 30 121 230 93 206 116 220 28 159 199 39 185 124 48 198 123 29 32 225 162 190 43 145 169 52 157 187 248 149 141 134 197 105 235 239 
110 : 148 216 190 224 185 152 163 151 83 186 66 158 88 202 197 105 111 237 169 229 191 244 93 218 33 75 57 64 119 214 50 165 223 160 183 78 60 32 219 54 115 141 222 86 207 110 180 166 98 71 193 
111 : 188 229 246 32 127 226 53 113 180 242 211 65 144 47 156 110 192 68 45 236 184 218 135 209 111 158 39 91 171 165 129 149 152 147 102 174 182 120 181 89 106 56 206 66 81 44 205 37 126 139 227 84 200 203 100 122 88 234 132 230 103 238 82 164 198 215 232 86 163 160 169 107 179 243 85 72 75 80 90 189 114 142 170 99 
112 : 67 43 82 69 36 196 31 109 103 175 236 225 145 78 190 246 131 178 55 127 240 80 97 249 213 142 228 239 224 223 115 154 32 58 52 48 195 39 72 44 104 174 139 211 65 200 101 231 118 202 138 125 216 238 62 241 81 221 171 
113 : 41 171 49 111 42 141 136 206 158 147 91 37 224 212 248 125 78 58 151 40 109 119 114 26 53 144 107 172 241 117 218 112 163 150 153 95 50 61 74 227 123 39 30 240 129 62 199 135 190 183 244 120 90 88 247 64 101 168 195 182 80 197 128 51 219 152 60 217 161 223 137 108 167 104 214 70 66 211 186 132 225 56 230 115 31 164 192 76 155 92 133 110 189 102 180 229 127 121 220 59 94 65 82 45 118 143 178 28 176 188 145 130 233 84 198 243 124 175 97 34 106 201 46 203 
114 : 126 166 50 72 203 78 134 150 156 86 71 228 61 56 233 80 152 116 248 52 65 101 202 43 76 121 70 227 87 190 208 162 114 155 99 127 59 95 83 148 215 130 66 237 64 94 197 60 246 240 153 236 219 187 146 243 96 209 192 214 82 84 100 225 222 131 144 184 105 73 143 173 218 46 149 123 98 211 62 33 26 171 81 125 212 161 113 230 133 48 111 25 79 186 
115 : 46 178 70 59 43 39 105 90 92 128 139 88 99 29 164 151 228 244 150 243 214 87 187 236 149 120 193 186 48 201 32 140 66 175 75 168 146 
116 : 191 42 173 118 148 109 163 49 43 72 237 220 30 186 135 226 31 95 56 188 64 83 205 93 147 90 84 117 149 247 204 215 87 63 89 85 144 198 115 44 78 36 55 221 207 238 100 182 65 158 165 73 208 107 159 81 38 25 128 37 52 50 91 218 161 246 48 183 122 187 96 176 60 224 125 243 57 105 240 46 113 232 68 66 92 119 32 168 82 143 236 160 111 249 189 227 62 154 126 197 150 223 
117 : 27 171 229 131 128 67 242 106 157 71 102 93 77 199 217 63 134 206 50 172 210 168 169 116 203 95 155 25 29 188 33 85 156 165 138 34 130 196 143 214 191 218 231 70 178 181 233 122 75 32 47 57 163 90 179 189 80 126 159 175 223 109 202 78 167 183 64 154 205 221 162 187 142 98 79 48 49 86 144 31 52 197 244 94 235 180 87 84 119 108 164 121 209 
118 : 224 186 132 121 90 134 33 236 75 149 26 249 208 239 120 190 30 222 153 205 240 27 92 173 143 174 69 170 229 215 25 201 154 85 116 60 140 
119 : 136 57 96 145 56 191 81 62 169 45 105 193 46 174 143 233 129 163 203 74 183 245 179 97 25 132 194 146 76 140 91 111 131 207 222 206 108 184 141 185 100 159 186 165 216 164 238 40 227 137 213 89 102 44 93 118 223 50 29 160 135 224 154 220 246 47 38 90 67 219 104 204 211 70 188 217 64 138 68 196 88 240 200 202 86 119 155 85 110 109 114 37 
120 : 244 123 178 216 142 130 121 94 64 85 213 27 92 199 89 165 218 200 147 37 243 196 56 134 28 174 71 39 181 168 225 163 208 63 187 239 197 102 220 86 175 61 81 57 180 132 100 91 26 184 188 233 183 50 42 67 103 114 195 158 90 160 179 136 104 79 198 45 58 223 215 131 36 127 228 159 217 237 212 146 69 74 113 66 80 38 32 75 68 230 119 161 
121 : 219 71 184 166 145 99 103 43 190 137 248 132 57 28 105 63 148 237 49 89 40 41 222 162 188 32 119 118 25 229 179 70 221 181 101 76 75 52 191 55 110 243 125 158 161 236 185 160 211 58 60 131 225 29 247 54 45 61 249 174 
122 : 127 167 145 71 34 25 163 64 188 134 30 66 217 81 246 114 218 174 103 237 229 49 88 56 185 126 110 230 216 247 129 142 58 144 154 179 123 219 169 113 177 119 107 91 33 187 38 77 173 232 106 192 93 143 75 139 61 136 130 104 208 236 215 240 151 121 124 29 47 74 102 35 43 168 231 186 160 54 131 225 
123 : 87 136 83 249 105 140 208 192 116 88 226 111 123 241 165 206 50 67 175 174 84 129 194 232 137 187 193 177 228 59 148 169 54 243 139 170 144 42 128 189 221 176 100 99 94 39 51 236 233 143 121 182 173 234 203 120 56 74 57 66 220 157 218 162 190 183 161 195 97 188 31 95 134 242 43 53 73 244 86 89 204 238 209 212 155 71 110 215 247 145 118 
124 : 99 56 66 219 170 159 249 180 62 195 194 198 181 104 67 109 36 102 230 134 108 131 153 81 237 112 51 77 95 132 
125 : 45 54 136 114 73 242 152 147 125 51 127 206 247 33 151 102 213 130 172 154 171 99 179 140 224 38 182 29 108 41 43 39 157 92 95 134 165 27 56 129 30 47 193 143 164 244 235 50 116 59 231 83 158 248 44 180 240 166 239 205 146 219 31 96 91 246 203 162 36 216 55 
126 : 168 63 217 153 115 201 183 28 161 198 173 69 44 206 90 248 139 180 75 86 91 230 145 175 184 45 159 42 200 81 205 181 26 34 210 96 67 176 80 171 166 30 104 82 118 40 178 62 204 51 244 170 132 146 112 56 202 125 38 98 188 149 162 148 59 235 239 88 110 53 158 186 119 73 147 113 140 133 129 135 116 64 128 136 130 172 174 177 231 199 66 36 106 131 144 48 232 223 207 214 46 209 243 194 219 213 249 
127 : 164 61 232 165 181 44 236 55 225 188 115 148 154 84 113 150 194 138 161 88 133 221 152 74 172 118 189 216 127 212 163 31 199 91 201 27 160 180 67 166 109 45 227 135 137 196 75 141 226 33 78 203 217 242 80 125 200 247 
128 : 228 90 85 106 246 42 61 205 120 68 247 115 158 169 142 237 134 243 221 151 180 78 196 75 123 88 91 126 165 38 227 217 65 192 215 50 118 236 128 102 28 72 59 25 97 145 244 62 83 125 240 53 173 204 89 208 140 209 147 48 248 193 101 197 229 76 44 
129 : 132 81 191 56 217 72 28 109 231 146 137 26 105 207 124 38 136 39 181 197 87 51 55 171 172 126 151 130 240 182 128 148 67 
130 : 53 141 221 78 39 177 224 189 120 173 220 133 143 246 231 217 206 51 170 44 183 165 239 186 172 81 241 185 158 86 49 196 236 35 118 219 85 144 88 174 61 116 212 138 244 25 215 168 42 164 131 28 139 106 50 111 109 101 228 125 163 110 199 123 218 232 104 91 45 243 66 154 190 136 209 145 90 54 233 82 211 198 29 132 83 72 59 169 95 146 147 96 188 33 102 40 148 235 191 166 97 184 238 112 105 
131 : 114 34 152 115 155 50 117 187 168 145 104 191 109 241 82 169 228 174 181 66 141 198 56 32 208 126 163 97 128 55 211 214 47 52 85 190 236 226 166 148 106 189 62 164 95 201 215 192 70 75 160 222 186 94 165 44 196 73 124 57 238 142 30 43 175 247 112 223 237 98 213 136 110 116 157 68 80 248 207 249 71 229 122 243 137 90 77 185 
132 : 229 26 129 220 74 162 166 42 179 240 121 231 90 98 181 248 71 203 91 184 247 53 224 145 219 223 112 126 132 170 31 97 193 56 238 189 182 242 173 88 120 153 159 100 236 68 66 118 176 150 106 85 133 99 111 174 40 38 50 114 188 82 35 52 169 243 152 164 210 39 217 158 239 61 128 197 218 43 141 72 186 104 124 226 235 135 79 241 148 190 109 29 62 86 168 113 146 48 212 84 83 225 196 167 185 161 46 60 147 30 64 195 234 171 201 
133 : 154 39 85 141 33 177 210 215 232 71 173 66 214 181 233 26 64 43 131 239 86 230 57 140 34 93 110 152 195 208 83 211 111 201 169 72 98 224 226 84 55 139 29 
134 : 104 221 45 217 213 49 29 130 237 167 128 190 209 88 103 111 51 132 152 28 108 43 226 67 184 117 74 110 125 241 244 174 168 155 205 145 36 143 188 52 124 172 118 225 76 178 123 239 85 156 87 135 166 192 60 243 99 120 95 113 139 183 169 200 
135 : 94 153 235 165 79 199 39 31 202 147 130 135 170 191 129 188 205 156 185 76 175 232 100 66 136 166 55 
136 : 228 81 40 91 84 135 210 153 111 220 66 185 187 247 198 138 231 45 169 130 148 178 156 242 176 175 240 88 183 145 110 209 193 190 140 117 179 37 102 177 76 48 70 113 155 61 25 147 222 96 166 238 52 36 215 68 30 99 133 189 229 32 125 241 29 212 234 74 46 72 204 167 239 63 64 65 94 154 218 143 128 182 105 170 53 137 188 83 27 213 103 203 
137 : 131 168 109 94 48 43 108 206 232 207 104 28 49 126 180 196 179 125 85 205 236 33 127 240 123 183 211 219 83 70 71 204 103 59 235 170 110 175 143 201 65 130 35 116 160 90 245 141 194 224 150 230 144 199 67 182 
138 : 55 169 181 151 41 187 179 235 153 135 36 42 191 162 113 178 110 139 158 93 208 227 59 109 25 27 76 86 37 96 141 26 30 172 57 112 182 142 184 166 229 244 66 212 138 246 88 144 69 71 70 61 209 48 63 145 34 180 156 92 56 32 146 202 75 193 205 223 136 233 40 114 97 163 105 210 164 185 123 131 238 215 231 65 129 127 200 206 186 54 216 84 122 107 38 62 87 167 
139 : 51 86 106 64 79 122 165 181 246 80 223 184 219 175 73 45 52 41 218 243 42 157 144 155 33 72 76 212 226 143 102 97 90 166 67 136 60 237 194 208 48 211 232 186 68 159 176 141 104 108 182 138 31 249 183 170 53 154 225 164 231 192 199 171 142 191 123 168 27 118 197 88 98 189 150 234 84 206 91 
140 : 202 87 223 65 73 41 226 120 163 126 230 211 111 167 85 26 112 122 130 100 134 103 217 92 229 218 43 233 201 77 194 58 232 105 69 248 209 133 247 196 166 113 242 153 152 81 239 154 97 108 80 197 39 
141 : 89 153 55 124 103 120 134 181 45 162 131 200 132 49 37 166 149 180 175 144 237 221 246 245 189 168 174 248 117 76 33 59 190 207 27 118 74 145 63 88 101 110 35 
142 : 206 195 38 123 153 156 179 238 235 90 122 193 50 230 215 228 112 209 192 214 139 241 203 180 64 191 28 67 125 147 154 31 165 208 30 72 160 88 211 243 110 39 95 83 131 248 142 66 189 36 166 59 169 170 218 129 184 69 231 145 96 237 43 
143 : 134 93 56 136 79 117 217 156 111 150 158 125 214 249 165 103 76 53 105 50 228 87 101 63 95 100 119 216 237 139 47 193 122 176 91 29 177 78 39 143 40 86 235 152 160 236 94 149 65 196 124 233 67 44 66 246 73 203 64 164 55 48 190 
144 : 223 43 103 94 158 166 247 81 164 170 30 171 102 188 126 176 198 125 86 74 82 111 140 210 200 50 209 238 212 45 98 31 57 66 89 135 216 120 229 61 100 56 193 153 159 217 182 192 224 237 152 139 70 218 244 146 91 242 231 199 136 196 44 168 147 205 248 228 73 68 138 145 26 131 117 177 130 46 97 52 173 157 239 51 213 108 114 181 87 180 109 144 160 95 96 204 128 143 183 222 40 215 154 221 90 148 105 127 189 28 67 
145 : 244 34 67 60 53 37 193 128 97 59 163 137 80 204 134 172 174 93 155 74 33 171 218 152 229 45 52 51 130 107 236 140 199 186 190 61 87 64 114 44 205 92 72 90 95 113 57 54 88 50 238 141 233 48 246 162 91 43 62 221 29 102 181 120 66 118 65 217 156 195 235 240 179 73 164 85 56 129 223 
146 : 25 117 41 143 137 182 163 215 83 70 58 49 91 176 81 72 178 134 100 172 227 237 56 247 34 168 93 181 61 196 115 59 238 201 212 60 75 175 149 239 112 38 222 90 
147 : 66 223 168 64 92 174 155 175 74 112 157 77 90 190 172 170 186 96 229 43 135 239 201 213 140 202 47 62 173 93 191 214 238 
148 : 242 103 53 80 237 171 140 209 169 235 70 43 151 59 68 71 144 27 107 82 57 129 28 136 177 106 92 208 74 121 184 41 127 228 51 195 158 238 211 153 189 61 55 174 199 176 186 117 198 232 115 245 249 84 181 72 31 30 163 130 118 100 218 156 111 138 44 81 150 206 248 40 126 187 210 154 94 85 119 231 155 112 159 33 99 109 56 146 183 217 76 122 48 226 45 91 
149 : 170 188 208 232 95 76 135 118 38 150 83 51 56 62 191 111 42 239 101 122 248 136 73 166 72 79 205 154 138 61 139 186 115 169 223 152 214 35 224 129 105 124 59 225 32 222 249 103 201 40 39 146 98 227 50 70 30 94 137 172 96 171 78 192 55 226 199 175 236 37 82 81 110 217 60 100 119 185 202 99 89 97 200 102 144 104 134 
150 : 193 79 234 220 118 59 81 111 127 96 34 246 159 200 178 84 212 65 154 179 103 86 148 48 184 180 181 35 203 47 101 125 182 73 160 195 90 52 183 202 123 206 39 216 100 134 221 105 
151 : 79 72 167 120 234 77 118 139 101 28 151 63 52 125 133 147 65 35 86 199 121 170 162 215 57 180 122 43 116 229 148 156 91 230 96 40 232 100 219 132 152 191 241 244 84 242 140 62 160 248 163 200 181 93 214 235 207 157 44 141 42 239 92 56 
152 : 249 97 106 134 74 36 247 41 211 49 55 116 131 214 33 83 143 243 204 177 121 125 192 187 96 43 70 197 194 242 59 190 107 222 183 65 168 225 172 135 62 122 216 60 180 189 54 89 173 51 82 153 32 47 105 193 44 84 130 29 144 205 230 160 142 149 162 207 152 148 138 137 93 132 69 166 63 206 191 104 234 150 201 196 224 174 64 101 86 81 115 25 167 40 159 94 233 175 202 171 212 26 30 178 109 
153 : 163 155 45 54 91 232 85 148 224 231 47 177 152 74 134 191 213 38 80 76 89 130 51 100 193 145 192 197 160 92 124 238 86 133 182 111 241 180 230 161 141 227 113 210 31 115 109 215 219 249 39 88 138 171 122 61 116 93 173 59 70 101 217 121 176 75 195 185 196 52 236 127 83 234 223 184 106 25 114 218 132 135 77 105 56 157 172 221 36 158 194 167 118 110 166 208 174 35 84 237 29 90 43 103 205 79 222 58 233 81 209 143 
154 : 56 47 155 89 173 59 140 196 220 123 178 132 83 101 30 62 138 129 90 240 162 158 122 239 197 184 242 146 103 48 26 34 163 237 176 234 134 29 204 223 215 99 136 180 142 64 211 79 179 152 203 231 116 249 202 65 141 247 165 228 28 189 37 82 49 227 236 135 195 172 144 210 145 156 92 40 192 147 115 153 
155 : 136 139 189 172 247 154 246 121 128 201 67 147 52 211 40 183 231 205 198 30 33 83 98 105 219 88 210 214 87 78 79 177 229 54 146 150 99 204 202 117 153 29 41 132 81 86 130 197 232 215 34 26 156 163 165 68 80 195 84 151 233 104 94 238 221 170 73 168 171 28 72 173 159 203 116 193 200 167 182 32 234 175 194 133 224 176 191 213 111 226 227 148 236 77 186 74 110 155 129 188 97 92 143 199 140 152 47 241 225 126 141 107 206 144 60 45 71 240 49 181 120 106 51 55 
156 : 57 158 149 189 176 244 121 233 33 187 26 28 108 138 92 99 73 240 196 86 119 59 220 215 202 237 101 167 198 49 143 179 147 146 214 93 224 239 133 116 144 213 34 230 41 124 195 219 185 194 186 55 110 170 222 210 173 246 126 87 216 81 97 104 58 201 203 63 207 80 136 112 211 47 79 77 212 171 114 109 94 98 75 53 165 180 148 62 208 177 190 226 184 118 231 155 200 
157 : 80 221 175 223 82 136 35 85 171 200 75 225 144 193 36 243 234 160 167 166 71 134 63 185 216 50 25 169 62 109 38 195 99 249 159 212 56 147 123 102 87 213 197 133 148 31 226 119 78 168 93 145 237 230 142 238 179 60 79 58 218 236 39 154 207 140 46 96 199 206 90 53 122 106 103 126 108 208 180 245 246 156 217 244 27 67 181 239 163 97 186 248 101 86 74 107 118 188 40 138 176 232 165 59 54 220 37 189 210 214 28 201 94 205 204 121 150 72 33 34 224 30 137 
158 : 140 90 227 150 133 245 143 165 49 126 249 223 202 65 104 40 238 44 209 120 208 113 105 75 179 180 152 103 193 124 54 212 225 102 155 135 73 239 66 246 70 247 235 131 127 137 111 189 188 138 190 148 198 115 229 121 87 199 147 56 33 205 153 28 58 47 51 211 97 26 95 25 231 134 196 59 31 98 53 107 164 177 35 204 197 64 116 185 46 
159 : 149 64 25 180 166 132 234 168 153 188 213 183 98 199 113 229 174 89 129 34 190 138 141 137 62 192 222 139 208 45 97 53 176 
160 : 228 49 236 134 129 89 237 119 61 96 44 36 60 67 87 46 168 211 118 70 74 123 92 106 65 112 222 163 235 99 206 185 85 137 113 186 32 234 199 162 247 127 195 214 160 156 169 243 231 26 66 215 73 51 227 158 34 187 102 33 121 133 202 140 
161 : 214 33 153 203 246 61 43 164 74 204 142 139 175 105 228 69 116 162 159 127 99 238 104 42 102 173 219 49 163 35 247 189 100 81 148 156 230 65 51 28 136 193 191 212 242 93 39 208 124 176 216 210 67 178 108 168 38 92 60 174 119 133 114 30 73 222 145 233 198 130 76 248 146 45 95 161 169 36 226 181 154 190 197 131 229 185 225 37 135 249 64 195 66 59 144 63 79 48 232 184 50 77 78 207 47 243 192 70 147 96 88 91 235 25 111 107 26 120 
162 : 249 243 115 59 55 27 70 245 56 110 68 212 125 154 48 39 37 79 211 183 177 97 165 159 132 93 137 199 134 83 186 202 43 89 63 173 192 116 
163 : 43 39 32 170 46 158 162 225 98 70 45 199 127 91 118 44 248 69 220 193 226 72 151 108 104 99 83 233 224 195 137 174 90 119 208 25 139 217 194 77 61 222 202 167 96 63 76 247 149 230 49 95 179 160 188 136 131 
164 : 150 70 197 249 102 244 215 157 181 130 59 76 201 204 163 219 115 95 136 179 129 196 137 207 248 117 151 189 240 177 25 149 233 100 180 146 133 139 44 228 71 155 169 48 56 52 247 85 60 140 34 187 170 111 26 245 194 32 36 107 103 38 154 135 
165 : 58 124 235 113 214 150 78 148 89 96 97 91 74 126 125 69 249 136 88 199 248 162 106 39 28 55 71 206 147 77 100 95 184 201 120 53 180 172 104 32 121 218 226 234 209 133 247 151 67 43 122 26 87 221 178 
166 : 215 28 175 112 37 36 130 27 188 106 210 213 33 245 154 143 61 201 178 110 141 149 165 103 139 135 75 97 92 144 50 54 150 117 231 121 200 26 87 32 58 109 163 148 196 229 236 209 125 66 79 194 47 235 60 77 195 52 81 166 246 170 174 132 96 31 34 173 115 147 83 177 227 131 184 172 137 167 57 156 39 152 176 
167 : 64 248 75 240 244 97 93 40 239 121 232 56 223 175 235 219 161 73 32 184 77 165 89 193 83 135 38 136 123 221 107 45 171 72 183 157 213 29 79 145 43 95 110 31 131 120 237 243 49 141 25 108 106 67 200 143 137 85 30 206 128 54 88 227 90 160 47 28 167 238 87 94 217 140 149 99 109 63 92 166 247 68 129 37 188 147 111 196 41 151 35 44 198 173 26 195 122 103 170 242 46 112 159 246 182 218 204 212 155 100 58 118 
168 : 139 113 214 133 247 138 203 74 48 131 246 107 194 242 93 60 112 103 195 31 216 43 180 213 121 106 151 82 188 67 179 185 208 61 161 212 86 79 199 46 243 63 207 244 234 204 148 142 69 230 118 224 168 41 159 124 187 59 84 
169 : 246 62 190 229 166 40 200 98 109 110 180 115 89 73 68 221 199 172 171 238 53 107 139 41 147 124 116 192 181 152 177 167 144 159 205 217 49 52 38 151 121 51 248 208 183 27 103 233 102 106 245 26 118 
170 : 195 99 126 123 103 53 36 134 159 137 176 118 97 140 124 188 58 200 177 107 156 104 56 121 232 102 69 179 216 155 219 65 202 83 217 106 139 180 87 129 149 74 61 79 60 224 78 240 221 244 95 181 52 101 131 154 172 62 35 50 115 42 51 68 161 119 145 243 167 122 205 63 54 220 247 127 153 138 144 67 166 225 39 239 110 30 81 133 192 142 76 38 31 100 132 72 28 223 77 184 160 196 248 214 235 117 105 158 80 230 93 236 208 146 174 89 212 114 
171 : 233 248 30 164 162 50 77 69 183 220 235 128 197 222 158 125 214 87 122 33 62 186 161 32 108 190 64 195 91 86 136 54 116 78 56 141 168 213 223 165 176 47 132 177 153 131 216 98 68 159 193 145 105 204 209 37 104 196 144 118 207 66 230 194 151 41 163 57 231 205 232 211 191 94 202 182 135 45 100 160 137 229 246 237 70 249 
172 : 102 150 195 83 172 216 41 176 169 141 70 198 112 30 37 90 237 89 127 224 153 29 139 164 82 88 62 75 64 124 58 108 158 162 211 34 192 183 190 31 155 149 144 59 209 130 228 152 131 43 52 219 73 103 200 229 49 132 107 236 174 42 163 239 115 210 54 123 134 140 87 177 48 86 77 133 98 179 99 240 143 145 79 197 207 173 182 101 184 135 159 84 35 168 56 193 125 121 238 231 244 225 27 68 230 
173 : 127 96 195 151 214 108 150 192 234 75 223 144 199 79 157 85 110 50 166 228 237 139 72 26 147 28 145 119 239 41 236 30 206 78 55 171 208 82 210 71 241 58 248 170 114 227 156 179 93 107 91 105 141 44 212 215 67 60 249 167 59 233 63 
174 : 126 195 155 43 47 145 201 150 144 163 156 46 123 138 93 137 186 35 196 59 77 58 241 228 120 185 176 56 247 127 62 224 181 234 114 74 174 171 167 130 89 203 80 99 179 226 48 152 212 94 153 230 236 60 189 215 106 116 96 109 166 37 29 219 192 213 221 157 170 104 204 41 182 68 136 61 243 244 205 85 71 107 173 53 191 27 76 88 121 162 197 92 161 115 122 206 235 233 81 40 232 175 38 111 132 210 217 
175 : 121 104 84 159 186 188 57 237 176 107 38 242 180 77 157 109 54 105 139 160 205 120 136 123 52 
176 : 128 50 192 92 235 237 105 233 88 117 234 73 146 137 106 216 62 227 164 27 48 91 97 243 133 159 
177 : 152 82 199 108 185 60 57 90 142 241 130 233 139 67 97 69 198 80 172 58 150 65 238 59 71 212 230 209 214 96 33 30 144 165 178 129 29 196 171 103 116 222 50 232 215 174 138 191 153 43 125 118 213 244 247 234 53 
178 : 68 245 158 232 213 229 106 100 145 187 127 118 134 186 155 51 157 202 169 240 109 241 53 59 119 168 197 206 223 78 71 225 226 162 41 179 249 221 85 108 222 46 83 114 45 49 188 230 105 121 178 174 70 201 37 80 75 219 43 191 56 77 111 130 159 30 199 32 185 216 153 210 104 29 90 61 205 138 95 212 88 48 40 84 120 62 125 128 115 102 180 112 82 198 142 171 204 116 33 248 214 146 97 52 194 163 76 246 235 
179 : 92 195 140 149 58 206 57 50 202 132 134 41 144 154 36 205 33 165 213 160 169 214 135 116 49 189 
180 : 218 90 248 187 42 33 76 157 138 208 125 64 239 85 82 213 193 36 121 109 240 188 99 196 72 48 156 148 195 168 136 233 241 129 31 190 120 171 80 177 221 159 150 89 179 228 58 41 229 237 71 84 26 153 214 103 118 62 242 61 198 69 112 212 161 65 143 207 127 75 178 165 160 206 191 27 243 169 40 175 244 176 149 216 245 96 97 173 60 124 106 232 
181 : 163 55 107 49 52 50 241 109 113 75 31 221 239 140 85 182 68 115 98 170 155 42 72 175 136 106 
182 : 215 186 120 164 172 123 191 221 177 122 193 113 62 114 37 116 67 124 61 208 38 152 115 194 247 44 32 33 93 158 91 156 69 29 202 157 159 94 73 227 246 104 188 60 74 155 214 181 151 220 112 176 133 184 40 108 109 30 96 85 64 103 34 43 127 48 98 212 77 211 125 82 153 27 185 76 204 148 240 195 
183 : 147 143 243 167 27 216 32 96 81 87 62 41 159 64 234 153 54 52 85 43 186 78 176 245 65 174 164 76 162 50 83 194 244 128 66 136 148 119 219 142 25 114 217 222 60 53 55 201 107 241 171 109 169 86 149 168 187 195 132 89 160 173 91 45 239 184 124 59 70 67 31 145 223 28 69 97 30 218 191 33 
184 : 123 181 45 226 94 85 54 160 242 34 235 141 118 189 205 158 56 240 164 81 38 113 147 90 29 93 39 185 44 115 243 231 138 196 116 26 63 75 148 124 198 140 151 27 139 170 222 249 102 156 100 104 98 76 86 150 35 130 187 174 96 58 169 179 218 83 163 84 32 165 203 247 154 176 210 73 133 177 121 229 223 41 212 248 95 33 88 236 237 208 227 228 
185 : 124 139 56 130 217 244 198 101 98 107 128 102 41 63 33 100 189 141 216 193 58 47 234 224 83 161 104 87 111 30 164 197 218 249 122 105 148 106 166 227 211 116 203 226 95 60 225 185 205 113 57 247 242 143 210 172 233 91 170 219 82 221 202 71 206 123 215 133 125 35 31 191 165 229 199 156 245 152 136 243 108 25 28 93 121 36 239 162 134 90 145 220 117 137 126 43 154 188 38 147 80 70 66 168 208 241 112 46 40 212 146 49 94 237 158 228 39 223 88 27 96 214 
186 : 152 185 94 79 92 86 158 183 148 34 156 73 117 192 74 164 61 166 57 58 42 54 161 55 239 214 66 104 60 71 44 133 147 157 167 69 178 135 132 210 63 
187 : 44 196 25 150 243 72 74 206 45 125 46 63 110 71 235 232 248 55 108 234 144 37 31 197 92 99 236 185 225 139 221 157 241 105 226 28 84 132 70 247 188 56 32 
188 : 215 121 211 182 86 106 70 68 200 64 191 67 160 117 133 237 108 145 247 165 236 75 221 173 208 113 175 124 66 62 90 28 81 198 209 56 71 196 234 218 223 226 136 225 103 162 73 180 109 115 195 47 102 110 54 142 158 53 153 29 41 232 184 37 205 217 244 79 104 105 120 26 171 246 245 85 58 112 92 174 159 129 87 239 74 50 36 203 144 157 248 241 220 35 51 96 169 146 243 44 27 80 193 118 178 148 229 202 231 151 38 82 204 94 235 177 199 48 55 172 179 
189 : 178 67 108 57 130 71 236 114 30 238 51 187 194 124 72 123 239 225 61 120 77 203 129 196 201 54 155 212 243 117 125 102 31 214 207 131 174 179 96 47 245 85 163 100 223 126 82 112 226 229 141 206 228 166 
