0 : 173 172 186 91 246 30 215 45 38 59 31 234 171 43 101 193 115 108 239 79 142 237 70 138 153 195 132 123 34 41 106 133 144 216 240 192 102 208 28 165 85 205 203 180 191 80 188 200 177 69 207 58 129 236 175 156 158 230 95 26 48 162 226 60 166 109 42 248 37 94 220 117 105 122 223 
1 : 169 97 105 232 42 116 199 147 87 90 71 172 54 137 159 84 57 242 92 123 45 226 227 238 62 72 176 220 70 131 208 180 162 244 95 175 249 154 124 114 233 237 173 76 141 122 110 196 50 129 138 186 211 83 245 111 153 200 44 68 157 243 193 63 77 99 34 181 190 79 240 103 151 38 98 142 119 39 158 221 121 108 248 161 56 107 203 164 210 127 
2 : 109 116 175 244 239 248 70 234 30 197 218 158 199 241 63 72 80 76 111 100 181 102 242 216 65 236 67 149 41 93 115 35 87 114 47 108 86 168 184 44 171 229 49 84 32 206 56 145 37 82 131 106 94 221 89 165 193 113 156 243 101 247 205 27 81 34 57 174 230 204 226 85 222 186 160 178 92 152 99 195 110 91 105 202 
3 : 136 87 99 150 43 30 160 163 156 93 211 108 45 155 222 85 126 67 209 63 236 115 145 109 57 35 123 175 227 162 70 196 
4 : 210 247 181 113 106 230 225 167 146 212 244 33 121 132 195 102 221 77 152 153 154 63 49 79 43 111 180 96 131 51 54 188 122 118 26 199 105 110 206 234 62 228 42 182 93 237 156 120 68 37 246 203 82 29 179 186 129 101 60 125 92 183 245 83 158 207 150 162 46 117 130 97 164 
5 : 79 213 222 139 34 107 174 200 160 204 129 33 155 111 198 85 217 76 96 202 238 117 100 29 69 193 89 30 178 78 31 159 196 214 45 245 146 105 116 205 246 185 166 64 135 154 71 28 199 63 179 37 86 118 125 203 168 234 215 147 25 126 44 157 162 39 201 248 53 101 134 42 207 59 103 169 141 120 77 231 
6 : 74 157 42 225 67 109 139 65 32 224 133 170 71 193 181 54 51 84 45 178 85 35 63 113 172 58 232 154 169 29 146 239 208 77 160 116 46 47 57 121 28 179 205 100 60 26 72 155 203 246 125 94 207 90 206 175 211 131 195 106 217 69 118 53 134 233 68 198 49 218 184 213 136 78 167 124 231 83 248 142 73 165 95 143 103 38 
7 : 94 97 101 231 241 153 29 33 83 198 147 107 141 233 40 48 108 163 221 67 157 219 62 180 169 25 187 172 132 139 65 126 86 111 151 158 42 197 125 138 223 234 52 90 226 66 136 38 56 204 28 131 120 247 44 129 46 249 53 89 82 122 190 92 245 87 41 160 166 84 127 199 156 45 238 191 99 54 211 
8 : 107 183 246 203 46 244 211 110 135 222 39 214 146 139 97 208 89 64 161 25 106 37 56 109 44 228 87 142 164 101 195 196 51 80 144 96 217 212 90 34 182 175 199 171 126 138 143 165 245 86 204 27 119 60 169 202 32 128 191 198 31 163 159 174 209 35 28 57 247 157 190 158 145 103 240 178 67 42 98 85 84 47 177 
9 : 202 99 149 91 100 135 193 189 141 164 106 44 206 182 52 246 116 62 209 67 63 208 126 216 120 175 
10 : 214 222 171 173 73 27 128 224 110 92 198 97 177 42 159 202 227 247 182 244 180 127 237 170 143 47 117 153 166 219 157 213 
11 : 123 142 166 28 167 231 86 48 94 80 146 124 154 78 81 165 136 163 112 211 155 91 171 32 69 226 99 75 212 203 228 132 237 158 29 200 114 131 87 26 93 128 64 47 65 137 73 50 36 138 95 218 52 126 206 63 230 41 175 160 236 120 210 205 139 88 108 35 181 157 179 76 246 241 34 242 103 110 215 198 141 164 127 153 122 194 151 148 202 105 100 
12 : 159 49 130 111 233 179 135 242 177 82 244 204 88 44 53 216 217 31 234 210 46 162 76 226 95 52 121 127 144 237 129 180 72 194 140 105 33 178 58 181 142 96 110 41 25 196 28 249 239 156 169 118 223 132 161 154 191 247 109 150 45 114 98 26 79 32 143 108 212 42 107 158 128 39 157 203 145 84 35 
13 : 36 104 134 130 93 226 170 215 56 217 127 26 165 98 113 51 227 242 33 147 184 210 230 40 92 99 145 197 204 238 163 124 94 50 188 65 220 42 133 30 157 193 182 64 225 25 128 160 206 34 119 174 172 247 53 234 237 63 109 61 221 89 198 48 76 80 117 86 149 
14 : 213 225 56 43 103 170 88 177 122 249 191 232 168 111 167 154 198 131 123 233 53 190 237 206 70 188 91 71 29 94 102 106 61 83 200 160 185 180 150 174 99 105 93 223 196 169 34 120 77 140 73 229 242 224 72 162 101 25 69 148 107 202 96 60 187 39 59 151 207 153 205 38 
15 : 107 57 188 152 225 151 115 192 223 198 166 176 72 83 190 204 108 58 227 247 154 205 231 220 87 109 174 31 215 48 136 153 221 60 42 201 199 59 139 96 171 33 51 189 97 246 73 26 122 
16 : 61 206 237 97 74 210 67 106 110 118 197 35 27 203 241 227 198 113 182 204 77 123 80 147 144 29 120 142 50 121 238 51 249 183 184 43 231 212 162 127 109 112 78 200 208 141 189 174 132 234 75 134 186 117 154 216 81 135 145 240 243 63 225 151 87 39 140 138 171 100 236 235 248 53 239 172 83 31 38 47 107 156 176 60 95 242 72 104 217 56 93 73 
17 : 86 88 59 34 97 167 62 44 181 129 216 28 195 164 110 27 214 221 218 152 189 118 51 135 178 95 36 63 37 41 201 100 106 60 193 64 236 246 224 128 119 203 111 163 52 225 126 61 33 29 75 102 116 247 25 94 198 115 46 65 
18 : 189 203 78 186 91 202 223 45 104 158 170 26 182 139 86 74 248 165 140 136 188 89 156 161 160 180 25 121 177 51 215 85 143 249 46 37 216 231 41 50 110 174 97 47 98 32 59 184 224 159 54 34 168 157 169 154 76 172 39 82 31 167 55 119 122 222 131 49 135 225 229 166 101 205 36 62 93 115 150 199 193 
19 : 92 227 247 124 204 127 211 37 43 94 73 64 102 129 135 161 196 162 88 187 171 75 140 93 207 28 244 170 202 111 143 184 67 236 128 57 213 97 130 163 154 119 109 231 123 85 212 233 131 87 169 194 
20 : 162 47 142 108 101 54 93 48 76 45 153 170 62 171 39 68 209 217 241 191 116 92 227 183 139 126 239 179 155 180 178 71 188 164 128 
21 : 114 232 210 216 102 130 99 52 204 103 138 189 135 198 178 206 125 229 118 113 108 230 66 64 93 111 246 41 160 235 34 208 162 35 59 183 219 122 25 91 
22 : 201 101 150 133 142 26 112 246 222 87 97 226 39 69 35 96 127 45 84 158 103 64 162 48 248 206 66 121 46 57 44 130 111 167 197 225 42 234 61 128 89 113 81 140 189 243 77 49 55 52 105 163 207 187 124 40 229 215 54 212 235 98 106 108 110 159 28 175 200 79 210 247 74 166 192 131 139 223 63 219 176 95 91 
23 : 189 196 34 246 28 53 175 212 133 176 38 245 70 57 83 102 218 172 225 107 37 145 163 77 177 72 205 52 95 100 144 45 159 192 186 216 231 207 51 247 187 174 154 204 26 109 227 92 96 164 248 101 233 244 121 224 234 44 229 232 48 201 220 235 68 140 141 87 115 65 158 206 126 165 211 193 243 25 47 134 135 71 67 33 
24 : 228 64 108 191 185 104 193 124 177 44 81 58 62 234 118 86 98 94 167 33 216 84 77 242 30 60 57 196 239 90 166 59 139 78 46 75 195 121 136 55 236 34 35 135 38 87 197 106 137 72 245 214 130 110 
25 : 198 113 117 167 38 239 224 104 25 134 128 116 51 147 79 187 99 120 132 90 163 191 84 209 235 75 179 114 119 109 60 56 218 173 230 118 108 64 168 174 91 33 95 43 161 141 247 225 223 157 122 169 115 46 53 57 181 37 133 35 170 83 44 30 143 233 177 162 106 182 154 54 97 102 101 229 126 222 26 140 245 73 137 193 243 80 237 227 52 
26 : 29 66 235 193 177 159 102 58 88 30 238 56 75 225 214 160 147 70 76 128 249 38 203 164 200 106 73 123 142 237 239 145 48 150 184 117 116 125 152 224 85 33 172 83 153 205 113 77 191 25 198 212 220 176 111 175 34 210 185 213 57 234 189 156 114 133 209 236 179 215 108 122 98 107 132 55 54 131 154 67 46 
27 : 214 167 33 144 112 152 153 146 106 36 103 166 237 234 45 192 25 245 180 217 104 163 26 58 27 123 86 94 187 169 229 73 92 147 244 84 31 122 111 72 239 236 69 107 204 150 75 157 243 210 139 127 230 114 202 99 120 160 151 168 79 67 215 124 77 65 209 140 97 66 161 143 41 43 51 90 221 158 136 247 76 235 199 190 232 186 117 179 
28 : 145 234 47 141 118 230 110 39 207 151 152 229 139 160 155 219 164 183 76 159 177 36 140 98 181 224 49 109 53 129 46 204 179 32 203 93 221 138 136 128 240 150 146 35 171 86 178 211 95 233 96 154 70 194 123 168 60 28 41 66 192 
29 : 35 117 139 61 182 129 214 212 131 160 229 65 114 26 175 174 76 89 200 210 33 94 55 201 132 43 211 186 36 34 197 207 243 193 49 99 47 84 54 166 82 57 246 177 44 127 221 25 31 234 109 156 120 206 180 116 219 75 79 93 190 27 141 147 126 142 48 101 95 105 188 204 42 78 248 
30 : 57 205 161 93 175 222 145 65 50 106 138 206 150 191 74 49 27 53 162 115 107 169 219 116 76 231 62 178 103 131 54 164 168 195 183 119 97 134 181 125 139 193 104 87 78 63 174 108 140 158 237 60 42 198 56 173 188 
31 : 75 87 76 32 151 50 240 101 217 153 141 201 53 124 230 47 247 163 33 219 148 170 222 49 197 236 214 185 
32 : 142 193 61 119 62 233 184 92 202 229 45 59 126 44 236 237 70 90 133 164 165 182 63 148 227 210 56 38 172 30 131 152 189 206 167 99 198 179 187 73 153 138 32 26 88 149 87 118 150 154 151 223 100 163 37 29 238 139 245 220 242 114 50 28 111 201 67 217 68 47 225 113 211 222 243 162 183 79 135 203 239 58 78 166 175 57 125 71 
33 : 97 54 98 185 177 167 172 82 199 158 221 56 25 130 60 66 30 106 238 63 245 186 207 231 145 179 218 61 76 75 67 80 112 176 86 110 246 89 213 45 156 208 107 153 121 103 42 166 48 65 69 100 164 31 90 206 149 133 147 105 119 237 248 142 111 181 162 143 83 29 150 74 
34 : 195 164 95 198 188 129 125 178 247 110 58 25 214 92 241 173 180 152 115 166 203 197 167 51 181 132 123 60 31 40 138 220 244 112 84 59 233 38 91 117 222 135 239 134 221 116 146 61 70 34 238 
35 : 80 92 98 139 159 102 31 229 162 190 126 112 213 166 65 181 42 189 208 240 72 209 167 66 142 87 149 32 25 105 215 85 54 79 121 156 174 26 69 64 152 198 
36 : 196 82 207 200 68 135 60 208 45 203 103 95 221 234 32 213 43 228 114 153 140 169 33 160 188 
37 : 167 213 199 205 212 141 196 51 89 53 126 222 225 83 142 115 82 44 48 98 132 77 172 223 57 179 122 43 106 192 
38 : 175 227 103 159 183 198 206 219 160 247 89 77 97 107 84 128 184 111 211 209 213 244 122 176 76 52 101 66 162 109 215 104 49 125 106 113 35 99 148 44 161 36 186 25 235 226 189 27 137 150 102 65 
39 : 86 227 117 183 176 53 34 51 25 164 199 108 236 74 224 147 244 163 112 198 166 93 154 174 232 202 100 88 
40 : 204 73 93 208 139 175 55 245 169 26 123 147 120 242 115 124 125 71 187 133 181 207 220 158 64 140 63 215 145 51 27 188 213 72 152 30 228 43 218 88 61 185 99 126 96 94 35 29 76 177 89 155 211 156 190 83 112 244 137 74 81 246 68 
41 : 85 227 103 234 216 60 54 220 135 69 93 110 116 139 42 238 200 230 96 196 80 183 121 156 52 159 136 117 72 215 132 43 174 41 221 90 97 249 99 129 189 208 218 243 128 63 48 123 131 163 49 162 87 244 122 38 176 240 62 40 104 233 161 47 152 140 177 144 191 235 195 166 201 64 68 127 207 231 167 67 160 
42 : 157 40 218 244 59 181 33 154 139 45 137 222 115 193 99 135 126 125 240 162 249 98 69 25 142 217 232 180 
43 : 149 201 225 52 150 116 155 137 221 166 190 183 187 211 214 200 248 158 162 76 146 196 34 134 246 130 94 160 238 110 217 85 33 215 235 204 122 39 27 25 55 241 86 101 209 51 192 62 212 176 206 227 42 168 179 167 65 29 97 81 120 133 147 59 186 232 245 129 79 213 89 182 203 40 159 28 48 180 189 68 198 230 64 43 156 240 220 127 56 30 
44 : 147 160 162 77 111 31 248 92 133 53 85 37 51 74 150 138 205 236 114 148 215 64 193 167 183 43 70 145 217 233 132 222 188 223 93 108 75 175 44 90 122 
45 : 234 245 210 86 167 159 228 123 115 33 225 147 172 198 125 191 132 111 180 106 46 181 48 57 30 94 58 26 205 32 133 199 80 28 
46 : 245 181 36 35 128 236 130 136 84 185 61 98 225 49 73 65 190 116 162 221 196 93 207 132 131 249 224 124 60 117 41 148 142 59 31 193 170 72 158 216 146 97 165 37 206 176 184 64 152 145 53 89 201 62 85 67 29 82 241 30 52 199 212 163 171 99 220 228 197 34 88 111 
47 : 145 90 235 248 80 241 119 88 103 213 25 197 109 240 150 146 30 209 169 133 127 37 211 43 26 231 223 45 114 71 76 174 204 180 153 72 187 212 237 82 36 184 31 66 249 41 226 164 238 38 115 155 124 128 42 83 111 
48 : 97 59 187 219 89 26 142 138 234 100 140 34 94 239 183 159 79 246 248 175 52 30 64 243 200 130 218 44 167 55 37 126 88 116 155 133 205 114 144 172 62 181 227 125 48 202 149 204 171 
49 : 140 51 60 72 178 31 125 106 144 99 86 141 220 194 120 200 153 126 62 154 210 103 102 116 82 208 150 49 87 161 230 156 146 40 91 148 173 105 130 98 79 224 243 50 195 76 70 48 149 85 88 57 176 190 45 46 197 124 240 101 248 128 112 187 222 
50 : 183 86 88 75 234 68 220 184 230 237 188 166 41 155 65 120 28 33 67 219 180 124 249 248 112 39 201 242 90 53 31 98 208 50 178 195 94 200 60 92 192 114 163 140 235 
51 : 135 248 136 235 117 209 181 237 45 107 143 127 158 33 81 191 132 206 150 71 138 77 145 173 48 246 242 197 103 37 120 
52 : 77 196 157 233 174 159 224 245 247 135 95 207 150 171 79 123 80 216 136 50 220 52 202 180 178 161 94 73 51 103 127 142 55 86 145 109 213 89 146 176 204 130 60 246 203 140 
53 : 240 72 135 161 76 177 215 87 63 228 245 187 227 67 32 25 144 155 106 121 129 160 232 202 167 176 237 33 85 150 209 58 247 
54 : 151 58 170 137 118 30 80 49 183 147 161 224 150 47 104 155 81 109 178 123 63 242 60 174 206 94 82 176 100 222 72 171 75 92 238 247 229 51 193 70 199 45 77 236 97 88 89 154 84 41 141 158 67 213 135 52 208 28 234 85 37 138 173 
55 : 159 70 145 37 51 240 58 104 247 59 117 166 156 228 98 76 141 75 184 140 174 107 27 198 97 199 31 155 213 44 234 35 242 105 181 88 36 125 168 179 85 157 205 38 123 139 235 151 108 102 131 203 94 223 165 65 158 
56 : 159 98 161 224 33 71 244 38 243 52 217 113 155 154 239 152 40 179 135 123 212 230 112 237 153 107 42 124 57 51 114 162 105 94 80 213 160 189 182 91 149 32 187 34 137 176 170 166 73 209 27 85 165 204 220 128 70 229 193 183 35 145 64 173 87 248 164 83 131 241 81 
57 : 246 57 160 96 47 64 106 67 85 118 55 129 148 201 146 120 167 141 230 186 49 43 39 72 102 240 44 244 68 195 28 56 220 112 142 80 147 180 
58 : 216 99 166 128 197 28 129 48 100 153 85 235 244 163 66 107 25 192 185 30 213 116 82 145 225 58 165 167 31 83 69 154 89 206 209 181 228 63 75 109 198 29 178 182 74 248 149 132 49 170 239 191 143 71 41 
59 : 33 95 228 184 67 217 183 153 105 89 142 224 143 214 36 50 171 139 97 25 148 58 245 102 119 42 62 166 107 66 27 40 120 147 144 182 39 128 93 202 221 68 186 106 82 88 85 
60 : 225 66 129 190 237 158 171 40 60 127 74 185 144 200 249 82 92 236 198 174 95 27 170 239 151 201 73 161 245 197 135 194 230 244 187 130 248 118 109 156 195 167 25 42 72 75 50 183 
61 : 85 95 87 192 84 219 196 208 230 183 149 123 26 198 150 50 125 32 78 61 93 81 205 44 206 108 244 157 104 135 121 217 28 226 110 225 48 68 51 58 213 227 222 156 245 175 54 215 187 160 75 67 144 111 103 146 194 107 236 203 235 115 167 131 200 136 172 240 97 138 122 126 239 113 94 214 137 145 
62 : 75 150 148 189 197 205 49 188 212 180 201 154 55 149 153 187 179 140 217 216 161 204 68 192 206 48 131 242 141 157 124 
63 : 87 101 134 209 238 236 228 30 124 122 191 126 207 112 169 29 155 197 63 74 68 218 213 45 144 108 136 146 93 175 194 178 80 49 148 240 58 176 170 51 120 31 156 73 189 33 227 62 110 48 221 96 143 220 98 34 208 64 184 77 164 239 75 179 85 223 167 76 150 232 157 61 127 102 230 211 116 162 222 94 109 166 243 38 65 
64 : 200 33 197 37 215 66 25 205 229 69 47 73 51 136 196 202 219 48 42 32 169 233 38 39 167 95 192 75 109 129 239 98 230 110 156 97 77 177 36 201 114 244 153 137 46 84 152 134 191 145 131 224 68 106 163 104 231 128 135 
65 : 233 212 173 93 96 46 188 208 140 193 215 199 66 38 117 229 234 154 130 180 186 123 25 104 202 129 64 94 112 55 
66 : 208 39 245 226 43 73 47 224 69 57 249 48 211 190 169 96 55 248 115 86 242 244 60 155 108 146 103 116 195 239 178 102 58 74 153 238 129 215 148 53 222 29 193 200 112 191 
67 : 173 33 217 47 179 84 26 132 241 59 111 127 186 72 38 145 248 199 50 74 187 88 49 109 243 125 249 195 71 35 
68 : 187 151 216 229 75 208 109 224 76 189 209 35 241 228 69 118 196 177 249 105 156 66 42 120 74 44 
69 : 216 240 42 92 215 228 57 164 143 32 144 122 194 224 88 64 118 187 80 207 245 198 116 65 58 149 142 93 147 169 28 196 130 90 141 78 121 76 71 197 48 69 67 137 183 249 229 107 218 237 128 154 190 77 117 188 221 163 230 44 73 47 191 43 241 31 25 74 45 113 220 63 87 234 236 233 112 165 41 83 115 219 53 70 151 98 79 226 94 131 
70 : 76 203 175 146 63 135 212 103 60 164 186 130 182 238 230 213 127 25 172 243 67 74 62 180 188 95 56 136 65 125 96 27 236 151 91 165 174 33 173 
71 : 204 143 152 223 227 213 192 140 100 218 99 135 142 93 186 209 104 107 50 157 162 146 164 182 147 187 109 97 91 232 87 199 54 62 80 101 56 28 149 156 130 237 177 241 205 36 148 46 238 124 61 75 111 139 197 243 134 59 103 195 65 159 196 68 
72 : 112 34 84 56 134 49 90 182 62 119 231 25 242 229 116 138 118 67 48 73 95 87 146 185 201 101 236 166 38 157 52 109 230 165 161 179 80 168 77 164 181 178 197 117 171 180 220 184 224 82 61 28 88 141 
73 : 175 179 213 98 248 111 168 145 114 44 177 203 212 244 96 235 113 116 194 43 68 108 217 94 76 112 65 137 209 28 149 46 191 101 231 56 182 159 81 247 185 186 228 147 131 127 197 95 174 88 100 42 154 246 206 59 41 245 74 31 195 129 233 123 45 156 133 54 64 171 142 110 51 91 164 36 153 37 99 93 214 162 150 172 160 241 50 30 138 202 
74 : 65 112 127 204 77 162 109 213 63 168 240 178 44 157 110 138 47 49 183 117 123 210 82 64 217 86 34 184 113 142 149 115 174 238 43 94 156 121 89 85 88 103 153 139 118 229 227 28 60 225 32 200 186 56 108 76 212 147 241 171 195 177 136 116 243 207 58 98 206 55 215 202 84 224 29 131 226 173 120 244 148 30 228 102 209 
75 : 247 27 78 185 193 140 56 60 200 196 153 222 124 32 162 81 211 96 171 68 226 102 156 199 232 147 129 188 99 217 203 241 69 231 110 137 150 41 90 157 59 132 179 130 176 229 178 65 107 109 228 242 42 28 212 131 138 189 163 97 233 100 219 89 224 53 115 225 61 152 75 82 216 165 35 57 95 201 214 123 151 198 186 182 
76 : 34 225 155 227 203 44 111 136 201 72 234 129 65 55 93 58 192 33 56 182 104 231 90 96 74 223 109 243 217 193 94 47 29 45 186 152 31 207 116 173 138 218 249 101 141 188 26 78 191 194 41 120 92 149 103 67 131 164 130 128 214 
77 : 45 183 119 139 184 109 223 104 149 92 107 242 56 96 210 249 63 213 188 144 206 207 129 247 70 99 100 118 102 143 73 217 246 41 67 181 34 105 157 84 50 69 111 177 189 230 180 124 77 85 33 126 86 40 122 78 137 190 171 93 150 234 30 166 110 120 145 
78 : 157 148 187 109 237 137 64 77 103 240 180 166 177 44 107 115 213 236 195 214 33 207 63 244 159 49 132 215 56 241 248 46 124 114 69 82 231 154 133 198 93 189 83 152 199 
79 : 190 72 224 197 61 80 73 90 64 162 199 45 77 219 217 228 175 55 43 86 141 207 82 191 178 75 118 29 181 133 245 119 106 74 76 123 223 120 44 144 137 110 172 39 158 126 236 57 69 28 112 30 31 171 221 128 244 213 165 214 40 93 193 136 60 149 59 79 159 209 52 148 182 48 129 167 230 
80 : 217 228 154 43 169 205 121 105 159 232 195 65 77 225 152 150 209 126 59 139 110 135 109 52 231 30 206 46 164 25 97 80 222 142 114 229 134 200 156 165 61 84 51 236 104 144 128 90 149 112 242 235 118 101 213 192 111 176 244 199 178 69 35 113 174 166 49 106 172 89 103 64 45 151 58 182 29 186 31 56 36 88 
81 : 210 101 41 247 92 188 102 124 75 167 172 236 182 58 235 178 36 151 25 65 121 78 193 174 105 28 69 239 59 181 114 77 87 164 214 154 47 52 120 76 62 159 49 158 42 135 194 145 243 197 190 46 185 48 63 152 70 180 127 216 131 189 139 156 93 106 136 81 192 43 55 148 111 201 128 73 138 26 104 125 209 35 137 116 241 118 220 27 38 231 44 168 
82 : 37 52 75 117 78 69 125 209 39 81 101 130 160 36 192 133 48 184 165 53 143 187 208 102 202 196 201 217 105 96 232 123 157 244 29 25 193 62 229 47 80 111 152 115 191 227 65 158 30 71 49 61 138 113 141 114 140 28 159 234 83 153 195 249 32 127 247 68 220 119 163 
83 : 94 72 136 210 73 137 168 58 106 154 50 147 90 133 142 218 97 167 29 236 156 107 155 174 159 69 145 88 71 243 235 141 195 131 214 134 112 40 232 219 175 32 240 169 244 196 209 140 163 229 91 46 60 212 52 182 127 51 27 
84 : 187 76 173 51 85 225 195 211 231 138 120 242 217 214 183 63 144 175 82 139 47 226 191 54 74 115 135 230 25 40 172 181 
85 : 248 144 81 97 212 228 218 86 89 105 242 49 141 207 80 155 34 114 140 179 150 51 142 107 102 29 62 50 65 98 221 57 165 44 237 198 163 133 119 157 202 247 71 178 210 103 108 93 200 195 72 239 226 100 181 112 26 160 
86 : 97 220 102 182 216 92 116 114 157 120 33 154 149 34 168 165 86 203 143 69 107 84 80 147 183 207 75 217 176 144 50 162 105 238 233 170 93 229 178 111 150 192 191 99 82 234 119 169 115 185 42 187 242 231 179 67 174 87 172 39 61 38 213 218 104 118 72 
87 : 170 249 46 28 221 176 174 53 73 248 110 35 147 95 215 54 152 49 126 44 239 131 63 36 243 92 181 84 135 178 120 27 151 225 118 145 40 94 104 25 97 96 167 134 171 229 52 133 88 188 59 72 74 199 185 186 113 31 82 233 231 213 112 150 111 78 102 218 75 240 223 222 144 99 123 156 100 219 234 115 206 107 177 247 122 
88 : 66 81 101 26 195 159 89 140 30 206 91 215 183 219 121 203 92 182 25 103 176 31 65 208 211 242 187 132 178 116 147 204 125 83 102 117 76 162 119 177 224 73 55 74 210 237 82 214 191 29 97 142 63 48 236 47 35 212 243 109 218 112 207 155 241 205 171 129 61 172 169 186 138 134 238 40 
89 : 34 30 131 165 111 139 56 177 210 235 106 50 241 232 127 143 160 92 203 109 170 194 42 234 150 233 45 196 87 204 237 218 142 39 48 212 217 31 
90 : 213 153 131 42 209 78 141 243 163 179 118 193 180 202 152 142 29 230 103 138 148 211 79 124 32 197 216 46 39 52 113 30 229 54 95 102 117 135 176 81 240 187 149 168 147 206 232 136 112 
91 : 235 26 25 222 141 144 51 122 40 205 192 157 79 178 67 209 182 215 49 31 102 68 129 132 75 189 78 221 151 242 60 33 181 131 86 196 185 174 27 58 246 247 147 187 34 212 198 
92 : 243 174 59 70 181 164 185 161 124 47 112 65 80 118 64 90 125 84 110 114 147 221 201 107 218 132 71 224 130 104 105 206 76 235 234 149 189 95 87 179 136 233 82 78 226 48 44 37 244 88 216 146 175 40 79 74 214 220 109 72 51 117 166 52 199 129 154 100 170 46 67 191 27 182 108 121 
93 : 242 197 65 237 74 211 59 147 230 109 31 179 244 70 98 171 194 226 75 124 205 30 86 118 132 214 92 46 108 223 106 62 221 34 88 218 215 29 152 66 120 204 93 89 170 155 249 51 87 85 228 73 63 224 127 164 130 167 222 
94 : 78 231 151 48 171 204 153 86 146 144 39 100 64 173 101 234 188 95 150 239 125 220 123 145 223 157 194 176 83 224 236 237 178 249 68 87 198 230 238 62 154 131 97 103 25 244 57 96 215 143 111 77 36 208 136 79 133 
95 : 225 139 72 60 106 243 213 211 52 65 46 174 90 224 218 220 168 129 156 228 199 173 120 155 31 242 237 81 103 238 248 40 41 215 67 102 116 118 107 28 136 
96 : 125 101 206 229 142 166 94 106 133 33 37 43 78 35 27 233 242 239 48 97 203 153 25 29 92 205 124 196 228 122 46 73 163 215 138 83 96 69 50 123 128 126 104 210 38 149 70 59 121 231 55 232 52 165 161 74 99 72 114 132 67 135 158 
97 : 228 237 97 172 142 146 198 55 99 170 231 100 227 180 51 173 121 151 145 106 240 41 30 115 76 29 226 219 157 132 220 147 249 188 185 58 229 221 98 42 47 59 156 82 201 164 35 94 160 192 223 236 129 200 110 184 88 46 117 103 214 225 36 144 61 48 116 197 75 155 189 205 
98 : 138 83 101 96 200 206 177 44 238 248 239 99 244 97 148 82 63 164 48 222 137 155 31 134 123 226 185 171 181 156 168 86 243 57 68 128 191 92 160 165 105 207 33 26 
99 : 98 68 81 65 50 121 154 153 103 63 108 230 99 237 200 114 126 123 59 60 186 205 135 70 222 78 119 249 
100 : 161 217 204 51 169 41 81 105 177 218 67 139 117 193 232 230 228 214 149 52 79 35 109 242 28 114 98 207 145 90 135 158 127 220 141 115 78 183 211 42 160 152 113 213 239 30 134 136 189 205 68 240 45 138 225 83 92 77 56 165 137 219 168 233 125 65 227 216 196 172 238 60 159 248 173 39 210 146 95 191 76 27 
101 : 206 51 202 182 58 218 73 137 158 142 130 178 115 238 97 147 31 47 27 156 192 75 52 199 42 48 45 181 33 38 217 196 134 63 40 118 122 43 61 99 148 126 213 49 157 68 152 243 54 232 128 249 139 116 246 119 185 175 239 244 74 113 96 174 28 55 225 179 248 26 107 229 172 149 108 212 93 65 76 59 84 
102 : 206 148 98 70 129 30 89 137 34 141 115 163 194 242 37 202 102 231 136 139 75 71 144 95 183 158 223 29 238 38 213 219 143 90 110 249 243 196 76 48 65 134 53 60 174 87 204 122 109 222 79 50 86 27 94 239 125 168 184 55 157 248 121 236 221 59 
103 : 185 206 68 225 213 205 88 91 123 141 46 42 245 49 211 60 163 229 233 33 70 126 51 55 64 29 
104 : 163 82 119 51 215 219 93 57 63 210 79 121 166 80 204 67 116 190 191 46 231 74 208 201 120 211 136 54 232 218 113 122 189 26 103 248 177 181 114 214 149 249 154 224 247 243 48 145 216 244 195 202 168 131 64 104 75 137 235 71 199 83 220 30 182 238 
105 : 88 43 101 110 145 47 242 247 246 77 181 121 99 185 103 93 206 54 236 105 135 102 72 25 69 83 87 162 221 160 226 164 56 182 142 176 235 228 163 233 113 120 191 109 90 55 189 108 244 147 73 230 40 133 178 79 119 159 48 92 52 139 80 152 146 30 158 117 123 141 172 239 234 174 75 192 201 140 57 28 220 240 127 94 38 
106 : 169 75 222 178 204 34 99 60 197 110 145 49 80 200 239 128 108 212 76 114 54 42 73 166 96 62 142 100 103 104 26 52 120 209 167 121 25 40 177 247 245 39 171 232 153 137 72 101 65 44 61 53 140 240 59 
107 : 165 50 147 238 128 146 99 102 217 130 192 246 64 30 168 197 90 245 202 203 236 123 154 54 166 170 119 178 26 149 171 155 91 237 141 118 137 163 249 159 29 
108 : 125 226 113 111 33 54 26 213 220 248 91 148 93 243 35 77 89 205 44 139 239 102 150 227 112 229 183 90 219 173 204 32 164 214 249 211 174 79 134 137 237 159 136 241 210 55 235 212 59 199 116 127 143 101 61 230 244 108 106 30 45 141 60 221 208 187 149 245 162 109 193 126 232 140 94 41 180 194 51 76 169 246 147 119 
109 : 146 188 48 162 42 96 217 52 211 45 110 114 58 195 196 98 245 229 125 86 203 97 63 219 74 59 189 177 175 124 248 226 215 138 235 
110 : 135 140 47 173 223 39 69 183 245 190 59 182 166 87 94 240 105 25 97 186 144 191 128 205 238 156 169 158 35 241 230 196 48 82 121 218 75 160 36 195 76 85 108 154 206 107 53 41 73 229 243 141 162 200 127 92 51 
111 : 96 182 121 75 198 179 68 53 122 48 65 83 114 191 213 137 106 206 102 150 246 133 157 107 91 162 221 50 201 155 187 248 139 89 115 
112 : 125 214 87 76 188 68 196 115 145 164 32 191 163 195 103 249 60 53 211 237 224 166 233 102 80 147 152 79 219 104 47 57 174 205 210 207 37 
113 : 226 144 225 110 199 165 126 240 152 193 202 32 87 206 61 236 234 249 235 67 150 181 27 56 173 52 204 109 167 158 34 188 122 57 84 105 162 102 71 232 59 55 178 153 140 143 30 180 123 155 205 172 114 194 119 233 64 231 147 212 195 47 50 
114 : 221 172 63 81 74 191 122 108 177 148 205 241 33 132 30 131 103 211 146 226 125 242 145 64 55 110 90 139 57 186 209 170 184 216 80 214 128 204 206 141 154 147 161 249 173 109 130 56 58 163 137 119 62 27 233 180 183 150 203 168 99 244 157 229 54 28 235 169 228 100 166 96 97 72 107 101 193 178 134 59 140 84 196 217 126 149 202 208 175 45 
115 : 170 92 205 212 99 76 189 169 129 117 146 32 116 71 144 151 97 120 159 125 94 227 25 236 147 190 51 218 234 91 45 248 128 240 217 179 69 235 164 
116 : 78 157 51 115 219 40 102 54 224 92 107 109 136 121 49 69 67 167 81 239 29 39 135 194 132 98 77 190 236 215 30 83 162 152 214 26 55 122 186 229 181 64 211 179 53 159 209 93 154 128 146 245 244 48 96 148 
117 : 241 60 44 187 166 163 29 68 235 158 208 191 219 198 90 190 175 162 123 75 240 171 229 101 97 225 130 200 25 246 173 205 242 46 28 99 35 215 152 170 226 38 43 233 224 194 100 124 201 50 131 81 156 80 126 223 87 111 69 
118 : 29 149 194 79 191 126 86 53 98 162 63 125 90 121 209 205 100 175 173 216 158 143 219 118 45 135 
119 : 130 144 199 91 204 211 104 31 156 151 67 197 127 61 100 138 60 231 132 59 95 26 46 200 232 173 98 163 30 62 40 83 164 220 169 29 229 115 
120 : 34 225 226 156 110 94 193 167 210 185 106 123 135 179 175 87 73 47 27 243 161 114 72 241 137 148 162 213 163 204 154 61 168 91 234 121 126 130 170 32 
121 : 74 84 41 63 168 185 164 40 61 234 158 67 191 146 208 190 248 237 125 246 230 58 205 43 194 26 
122 : 48 29 170 32 74 52 204 195 198 180 211 42 239 117 178 183 76 111 41 164 108 210 33 190 248 133 88 114 238 150 189 37 206 202 102 141 194 64 179 30 78 40 223 244 113 77 185 90 147 213 148 55 103 110 226 246 160 209 146 79 89 171 
123 : 190 122 85 225 32 141 150 74 92 180 37 115 39 224 31 28 195 194 223 68 67 172 118 169 44 152 138 79 215 199 102 191 249 69 42 123 208 110 201 214 197 33 91 83 104 60 45 200 181 
124 : 203 214 47 100 50 238 62 55 167 45 54 107 89 125 46 158 141 142 236 249 157 186 234 96 185 160 208 166 184 
125 : 115 197 146 189 246 94 206 91 185 212 177 27 122 37 238 203 60 32 231 244 64 92 112 44 218 219 80 166 105 90 201 182 209 52 73 137 65 243 148 247 106 230 157 102 84 104 74 190 25 83 186 34 141 129 59 86 227 191 57 226 180 221 117 187 81 
126 : 143 139 122 163 177 135 76 98 244 77 31 87 162 180 172 241 134 193 61 181 227 224 118 136 38 223 149 240 151 63 202 56 126 66 125 245 140 108 219 165 124 111 138 201 195 178 243 206 103 144 37 221 57 117 199 160 
127 : 248 128 101 178 137 65 68 170 135 177 240 89 239 198 143 233 244 201 52 127 181 132 194 157 196 85 25 91 67 176 231 88 216 207 28 72 165 140 158 37 74 104 217 42 58 53 162 142 70 125 107 41 221 60 205 110 98 115 59 
128 : 115 179 69 26 62 198 46 170 194 174 235 58 172 241 183 176 199 208 30 33 80 230 186 206 218 152 38 123 196 105 64 184 42 63 200 232 217 134 104 239 73 72 107 59 224 216 65 66 189 163 162 215 227 243 185 219 158 209 188 146 67 93 43 242 32 108 101 234 153 36 140 97 91 229 247 178 70 149 111 143 167 109 175 222 237 
129 : 41 45 38 82 158 103 198 135 193 155 25 178 97 79 212 123 222 162 227 239 186 68 73 93 217 181 173 245 57 235 31 54 92 220 59 90 60 52 205 110 213 210 163 177 206 78 87 115 238 207 113 126 187 105 132 169 216 223 112 174 161 246 185 140 49 225 168 64 144 175 159 201 58 199 106 119 88 148 226 120 
130 : 82 40 69 200 230 67 101 54 38 27 196 106 79 179 43 133 151 229 154 249 59 194 190 236 241 240 125 183 31 55 72 58 181 167 97 178 105 104 150 71 70 185 136 148 98 152 169 204 35 144 33 212 42 160 202 226 26 123 34 195 113 129 211 45 132 161 73 78 52 112 188 89 232 225 215 121 84 126 86 57 168 186 46 193 
131 : 148 196 157 229 118 66 202 166 54 137 45 169 161 35 204 177 215 94 127 246 55 172 162 73 81 208 165 242 143 
132 : 81 110 80 239 112 130 161 104 25 247 244 37 164 28 90 65 210 79 153 72 57 115 62 107 238 242 
133 : 236 143 109 226 186 178 102 244 75 152 132 229 47 156 111 67 209 201 85 74 174 124 205 213 177 231 224 230 89 218 39 172 115 120 248 237 149 206 117 133 26 96 238 28 140 
134 : 69 145 240 199 28 39 46 221 96 140 153 154 131 237 137 206 166 81 155 68 177 229 37 122 130 225 179 235 170 216 103 128 238 181 168 210 61 243 200 132 203 77 208 212 185 70 196 67 111 133 72 107 207 197 172 78 211 174 84 187 214 89 126 86 109 142 117 34 157 220 65 159 76 160 
135 : 136 75 70 77 80 83 112 232 107 32 241 141 47 175 227 230 117 139 148 109 66 28 130 110 163 180 151 71 58 69 72 96 99 198 235 172 199 192 165 63 119 132 126 27 54 228 60 243 
136 : 160 74 35 194 49 179 162 140 174 155 172 190 177 192 166 91 69 131 144 182 125 224 113 167 51 102 205 45 215 236 233 170 216 96 208 223 240 126 198 97 27 188 88 214 150 53 232 171 227 183 153 225 196 75 67 
137 : 58 120 123 225 173 175 179 28 151 214 186 217 51 154 102 232 41 153 167 203 47 113 72 38 161 130 115 31 176 124 76 198 241 25 199 140 207 75 160 29 90 65 187 116 172 131 74 46 224 121 155 220 100 222 133 44 194 185 30 88 83 223 164 163 37 247 69 157 166 49 52 42 246 135 182 216 26 136 139 85 148 126 61 248 219 
138 : 244 148 228 205 176 152 66 123 178 141 43 104 60 107 54 249 81 184 86 77 72 64 62 125 191 97 98 172 128 74 78 101 29 193 196 212 57 111 153 140 45 243 52 90 42 214 124 75 80 59 89 113 87 186 215 197 157 163 76 49 151 190 93 116 132 44 209 
139 : 108 73 187 101 213 65 166 218 37 115 202 204 77 223 248 179 245 244 26 228 130 49 57 141 161 211 64 152 184 147 129 133 104 144 107 106 158 84 154 61 114 178 35 52 99 159 79 47 70 171 43 72 150 220 153 239 155 111 
140 : 219 199 40 147 118 178 151 234 56 223 240 96 34 127 191 153 242 78 138 59 88 212 86 44 120 139 248 113 157 236 
141 : 35 126 232 109 106 134 45 123 142 175 167 247 88 56 54 221 139 44 164 213 104 48 201 199 194 125 234 170 193 172 114 216 41 178 161 220 60 174 225 117 215 227 147 150 214 46 185 176 30 65 67 188 133 136 207 38 32 197 141 55 238 224 205 189 112 122 154 195 
142 : 159 130 36 126 114 205 69 243 120 237 95 81 204 62 220 111 61 240 153 164 183 25 57 35 96 186 37 245 129 29 199 85 213 165 169 116 46 68 73 55 42 210 51 170 140 219 121 234 112 38 32 124 76 226 177 194 40 115 202 225 156 113 89 214 86 208 
143 : 246 214 69 110 65 249 38 95 30 70 94 88 232 46 144 166 31 182 54 36 105 101 149 212 109 90 201 67 49 108 98 106 43 59 92 188 134 40 57 174 184 118 179 113 158 55 175 180 217 153 82 73 
144 : 161 55 165 231 176 114 182 78 195 233 146 117 240 173 192 226 79 128 215 76 134 219 73 95 201 212 211 223 205 193 40 
145 : 208 189 99 220 230 216 45 33 173 235 58 98 200 248 138 163 147 218 72 169 217 38 85 121 135 177 165 172 134 113 223 124 53 119 117 107 196 154 141 168 110 142 83 162 158 145 87 95 82 191 148 133 197 42 176 62 242 112 127 35 153 69 118 184 214 233 232 246 88 123 109 182 187 37 213 54 132 48 73 198 100 70 149 39 137 160 146 56 164 90 97 67 
146 : 228 158 129 231 171 215 136 77 170 241 114 104 160 234 222 122 76 211 217 209 101 67 191 167 105 78 182 186 166 103 65 55 153 29 39 108 132 38 111 127 223 240 213 63 56 235 168 34 210 178 93 41 159 198 226 118 40 154 37 133 207 197 121 221 141 25 83 60 35 123 
147 : 52 177 160 38 216 109 39 34 89 238 175 169 230 137 104 95 167 33 105 193 26 44 51 237 140 197 149 171 82 194 36 162 130 234 189 92 113 42 145 178 154 213 236 232 84 110 112 182 98 210 186 65 121 27 161 49 138 246 241 
148 : 116 216 191 132 99 211 62 107 203 108 242 208 81 70 105 213 160 73 244 157 29 233 45 92 75 50 135 210 43 33 124 159 232 39 76 68 35 194 225 88 31 206 117 201 95 240 102 103 30 185 234 228 249 94 58 46 158 65 248 137 212 183 171 27 139 218 111 
149 : 123 198 129 36 218 196 48 145 172 223 160 199 170 139 58 71 216 202 134 81 51 72 137 138 80 90 130 244 173 209 241 111 142 229 33 32 46 42 121 188 168 92 148 222 77 176 64 47 239 143 231 150 187 151 119 104 149 211 55 135 133 26 66 59 65 57 171 70 146 181 226 74 99 100 159 56 
150 : 196 121 96 128 226 25 233 102 98 27 91 113 147 94 37 136 105 245 247 84 176 207 41 178 107 138 48 43 236 46 34 86 185 175 82 28 59 54 133 87 203 122 88 230 227 101 68 131 151 135 201 72 161 47 222 66 36 83 142 132 103 159 58 183 165 63 221 74 65 71 124 
151 : 225 31 103 50 241 183 186 117 61 207 180 39 216 234 149 233 124 238 157 65 191 154 201 147 181 27 246 244 89 210 194 30 134 26 200 221 174 217 25 125 144 136 58 247 219 141 131 188 36 83 176 118 80 239 77 179 54 62 226 28 41 143 55 205 44 71 237 204 243 190 110 148 168 171 84 48 96 145 116 169 101 165 158 150 43 112 
152 : 217 98 84 86 162 239 94 80 63 212 155 61 183 29 226 132 41 30 248 56 138 110 236 62 109 157 169 225 45 82 76 202 87 64 203 159 32 108 178 137 126 92 244 193 216 243 75 166 208 42 59 135 48 184 115 81 158 241 34 223 206 93 95 47 131 54 168 91 227 204 233 44 27 
153 : 128 47 106 109 241 160 75 179 217 221 116 45 50 82 53 197 162 27 145 35 52 161 150 185 180 169 167 240 244 223 177 201 198 158 242 101 69 110 40 135 70 227 188 212 37 202 215 147 154 149 229 159 58 157 66 168 100 84 85 87 181 245 65 
154 : 118 214 60 123 156 85 107 36 137 102 151 127 54 240 199 62 238 236 138 226 232 75 177 195 180 34 169 56 246 231 46 182 207 166 29 65 80 74 202 147 133 41 99 69 91 143 126 
155 : 139 78 151 80 113 232 169 183 186 148 106 83 230 31 111 71 42 223 207 99 141 164 155 32 67 194 198 167 225 137 160 180 138 154 147 65 81 36 126 239 40 140 192 217 108 206 216 48 185 208 227 109 182 86 161 244 166 76 127 243 149 201 205 218 52 57 236 144 70 123 119 131 188 100 157 247 163 89 85 
156 : 220 133 208 62 244 158 36 243 140 149 106 194 230 29 185 248 78 116 231 247 81 28 182 232 213 167 151 66 43 134 85 200 146 249 100 221 227 169 235 209 44 184 154 71 93 131 46 65 234 88 42 237 86 229 40 189 166 145 60 207 214 136 240 156 188 69 49 45 228 
157 : 203 211 200 219 97 172 70 234 206 170 62 37 199 226 99 242 215 155 53 117 93 104 31 205 111 221 63 145 64 151 50 166 225 103 233 201 68 178 89 112 153 69 55 160 217 240 223 142 
158 : 51 108 48 148 163 226 185 186 158 184 136 230 42 215 58 237 64 69 92 103 187 74 164 39 160 196 240 78 101 211 214 142 156 153 161 
159 : 97 124 207 108 47 56 37 167 93 224 99 103 64 112 145 162 203 50 31 188 110 100 140 211 186 89 152 149 74 160 133 78 109 45 235 236 159 130 60 166 120 158 179 187 219 83 182 141 239 42 208 32 216 117 51 249 154 223 213 173 48 116 
160 : 38 31 204 62 103 237 150 234 125 51 191 220 113 130 49 151 117 58 102 161 60 114 76 40 105 228 216 43 164 85 175 184 222 52 61 196 215 138 209 239 217 210 87 235 57 74 194 242 219 201 28 119 166 126 109 153 190 244 156 134 72 172 224 123 30 230 53 225 94 97 96 183 118 25 75 197 149 121 202 213 71 203 90 248 221 44 122 34 26 247 231 
161 : 91 242 76 112 143 156 135 63 44 182 38 129 52 154 138 236 245 93 212 176 82 192 238 168 209 128 59 71 216 57 45 165 86 132 123 110 97 147 46 150 25 96 34 197 120 234 131 148 77 99 233 79 174 186 137 201 163 196 105 94 179 83 111 73 
162 : 135 82 197 136 229 111 165 89 242 176 201 240 53 178 51 183 26 34 222 158 199 206 70 83 189 
163 : 249 190 144 84 40 157 25 175 167 78 62 133 170 180 163 215 135 121 128 117 97 49 140 152 48 216 148 26 36 93 107 126 162 229 145 47 63 193 182 50 243 70 28 
164 : 238 210 29 209 172 219 169 189 93 104 63 39 171 199 35 185 230 28 89 134 194 131 144 95 200 176 201 84 198 76 226 175 52 59 123 33 118 136 49 124 
165 : 154 95 62 206 131 228 175 55 208 246 225 174 229 64 72 115 219 40 79 53 159 28 118 106 52 74 105 97 181 158 214 173 94 235 139 61 84 123 96 176 126 171 188 133 205 136 147 29 47 88 247 113 38 41 71 198 243 35 233 172 234 134 82 213 67 215 185 102 204 44 25 144 203 91 180 179 100 168 223 87 98 220 160 148 230 240 
166 : 151 231 141 182 33 217 39 56 169 186 129 125 103 82 80 92 83 47 67 28 199 78 69 40 205 70 102 232 166 174 185 45 96 206 130 90 195 75 65 110 191 74 228 142 36 179 147 
167 : 73 113 78 35 247 64 52 100 248 215 179 234 188 136 79 211 36 31 88 48 77 61 71 246 89 45 75 76 173 44 112 82 119 221 81 101 180 25 70 111 169 97 241 74 98 197 178 34 63 115 170 231 92 27 135 239 212 49 187 40 232 
168 : 216 149 38 247 142 76 221 73 151 124 209 146 86 109 206 78 174 141 110 120 107 171 161 184 195 178 173 201 219 214 51 164 136 154 79 
169 : 43 110 36 195 137 31 168 90 124 215 183 41 182 123 73 221 204 58 219 107 249 240 203 180 42 26 66 75 211 167 170 145 190 232 30 32 148 52 197 40 233 225 135 35 34 27 234 218 243 227 97 121 118 109 38 46 206 152 100 101 174 76 125 78 131 111 207 164 209 48 
170 : 61 57 227 35 103 132 159 110 199 101 144 121 222 181 197 231 115 47 194 230 182 220 201 157 188 40 173 81 228 85 238 239 210 221 32 67 
171 : 190 167 99 61 233 98 147 31 106 67 55 123 34 115 217 137 89 176 32 125 86 166 105 29 207 79 236 202 78 129 92 126 164 199 52 165 209 69 244 142 185 119 40 194 42 230 219 45 148 191 68 196 73 200 93 232 
172 : 154 97 64 201 83 75 160 36 62 31 202 142 98 186 185 170 173 234 162 119 118 159 42 74 70 221 200 210 39 29 33 38 184 121 58 49 146 227 215 180 71 140 231 57 55 103 169 91 183 144 239 125 56 105 126 60 110 243 84 61 117 
173 : 73 216 107 127 32 71 110 226 78 241 69 38 176 50 191 190 103 217 206 180 182 144 44 98 76 228 123 165 238 75 68 116 109 185 99 178 164 117 61 193 188 157 48 170 66 218 
174 : 76 176 55 233 63 138 106 92 126 230 223 197 109 203 210 52 60 68 182 150 172 159 209 66 34 148 236 185 249 105 121 191 48 238 220 224 134 175 127 91 25 30 100 104 
175 : 239 80 56 41 94 57 54 112 212 171 43 162 114 236 225 237 33 99 86 125 111 70 140 27 135 219 134 230 109 102 197 179 93 163 119 61 81 238 95 204 207 137 101 90 49 83 123 53 224 156 199 231 121 182 133 82 65 233 120 170 124 122 206 146 198 37 245 97 39 147 62 144 214 88 194 241 178 
176 : 66 181 98 110 87 182 42 40 232 200 74 140 116 70 47 145 221 61 243 229 210 160 55 137 39 239 32 209 245 230 81 188 86 125 113 85 138 82 169 164 25 
177 : 91 154 82 215 181 182 221 234 89 102 209 34 149 203 124 183 146 118 120 38 59 114 141 245 83 104 222 41 
178 : 174 155 63 230 91 81 182 219 189 103 44 236 168 209 38 72 202 191 142 112 226 221 224 154 148 35 151 129 95 149 190 68 158 249 62 169 140 134 106 248 126 218 93 127 220 
179 : 244 142 219 100 72 40 28 224 37 228 102 38 30 103 243 165 112 123 218 226 169 132 134 98 42 39 114 95 206 163 43 191 60 174 66 78 59 217 86 194 159 233 229 211 25 239 202 56 93 121 157 87 143 127 203 249 96 77 129 62 111 189 183 230 184 240 193 146 130 68 108 41 91 237 63 145 113 196 126 122 94 182 190 152 131 144 120 44 223 128 118 238 
180 : 65 227 149 60 72 132 230 218 139 226 168 30 209 70 41 126 141 138 49 119 114 108 145 208 92 134 115 176 188 239 118 82 237 53 71 69 109 235 63 178 35 205 144 216 97 198 193 32 84 154 98 190 47 46 50 156 211 56 129 136 133 135 79 245 160 121 131 102 232 106 246 155 34 241 29 143 112 187 206 36 222 152 243 101 57 96 125 
181 : 78 168 53 133 142 173 77 194 37 149 176 174 243 138 248 188 106 56 197 91 136 99 52 103 125 233 227 242 191 73 26 148 192 98 207 167 163 144 129 63 212 154 92 209 164 107 57 153 230 135 46 59 119 69 81 246 224 235 181 
182 : 37 168 104 63 186 142 39 130 137 136 107 203 212 57 161 132 60 187 215 101 181 100 133 64 81 229 31 126 196 173 26 149 174 51 111 248 87 99 176 209 55 119 220 135 
183 : 136 73 144 35 101 60 40 66 236 119 78 88 61 111 234 29 107 116 68 212 72 189 147 44 221 230 134 227 51 31 208 74 108 180 162 222 97 181 126 225 177 121 135 215 114 193 182 110 36 42 80 176 129 56 102 82 243 45 172 70 58 89 76 199 244 242 204 38 190 209 50 
184 : 96 201 114 36 94 158 228 118 83 121 122 62 233 229 100 219 175 70 67 152 243 51 240 28 47 137 93 113 148 64 189 31 196 226 86 239 109 55 112 211 195 244 210 164 80 41 157 155 225 160 207 188 183 43 156 176 151 69 135 88 177 178 101 231 77 182 159 54 89 202 190 150 146 81 49 107 169 217 87 52 
185 : 216 56 213 156 227 87 187 75 204 30 98 166 95 132 65 220 100 176 123 125 206 61 116 224 167 78 62 33 26 
186 : 214 122 104 125 148 114 240 47 203 53 236 218 178 205 171 158 100 115 174 78 215 97 70 219 113 151 233 131 142 35 80 82 165 120 189 54 55 208 186 239 110 234 204 32 57 179 248 86 83 64 93 194 74 37 98 43 101 81 116 41 
187 : 188 42 243 136 176 80 41 57 66 175 205 184 194 110 219 172 34 143 139 221 154 74 157 228 245 98 163 121 39 234 225 211 181 104 151 236 169 116 101 189 138 137 171 91 235 246 144 145 54 203 105 89 198 61 134 124 49 32 158 47 206 125 111 93 73 218 135 202 192 81 99 37 53 186 119 249 78 62 140 177 241 147 86 155 44 227 167 160 204 
188 : 246 243 169 245 119 185 240 81 174 188 178 42 176 232 234 51 225 46 69 63 90 149 244 202 135 196 54 25 148 
189 : 142 186 208 70 222 140 217 181 203 43 141 202 26 178 150 79 205 199 237 194 148 61 105 67 240 157 60 51 210 34 213 162 47 88 46 72 74 86 81 128 121 176 83 108 118 227 123 78 151 45 197 58 226 120 32 198 189 230 56 206 204 192 130 115 107 71 125 249 109 44 82 154 48 179 153 38 132 117 
190 : 172 129 41 214 73 170 207 27 130 44 145 59 246 133 248 81 176 55 215 141 119 105 88 31 157 196 190 66 181 51 156 68 192 125 108 155 136 120 28 139 174 113 199 
191 : 147 158 203 107 205 164 42 154 209 103 223 57 166 87 241 88 202 72 69 180 54 81 44 31 146 73 58 163 160 159 79 215 33 129 125 191 232 26 90 170 75 134 65 219 187 161 132 174 122 243 224 149 236 233 192 98 120 112 76 102 201 80 207 100 246 77 53 157 104 35 182 179 46 245 32 109 
192 : 245 58 198 237 143 179 152 38 153 33 186 89 140 159 51 193 40 183 150 241 218 228 188 44 69 133 164 232 31 207 185 59 88 221 160 158 238 132 46 67 47 131 52 194 168 165 191 124 101 137 123 111 
193 : 236 187 39 233 98 93 45 227 120 117 169 205 38 190 82 249 50 154 199 155 90 144 166 52 35 165 137 29 135 208 243 125 242 157 235 213 136 83 240 198 122 149 148 130 215 159 181 
