0 : 38 157 232 111 218 107 144 63 173 162 220 172 31 126 87 80 165 160 52 236 211 118 225 177 197 42 137 163 128 81 28 214 190 85 136 243 207 226 37 125 138 48 145 95 196 105 174 92 193 76 182 242 244 181 200 199 53 123 47 150 98 149 222 184 74 46 91 83 175 77 115 97 176 71 57 156 102 108 78 34 131 129 72 167 35 239 103 64 84 
1 : 107 67 103 154 36 226 207 86 93 214 249 206 212 247 49 96 90 165 65 95 157 129 91 201 222 34 229 38 99 216 44 79 152 121 169 108 236 174 242 205 32 133 104 240 132 125 127 244 43 168 144 58 239 159 73 131 208 158 146 233 122 25 238 92 71 209 80 148 31 225 106 114 112 76 105 203 230 102 167 153 219 171 241 94 183 156 223 190 
2 : 55 163 223 142 96 170 130 147 87 91 177 200 243 123 60 113 51 31 76 98 136 182 65 208 56 34 152 58 92 122 236 106 132 150 156 145 193 231 205 99 81 115 89 194 111 135 220 25 109 237 172 178 90 190 181 144 75 180 54 80 222 201 158 41 63 225 207 74 183 157 249 35 226 215 189 224 174 228 93 44 240 212 84 173 36 52 216 
3 : 147 202 44 212 46 54 176 97 232 224 161 59 213 183 217 124 155 66 104 225 157 138 86 36 111 94 42 191 188 38 184 37 207 79 123 208 128 62 95 103 196 153 49 222 145 41 211 33 219 150 114 177 
4 : 121 248 245 75 125 180 71 50 219 82 66 77 57 197 83 62 181 220 145 153 70 45 201 42 91 154 186 52 136 224 27 150 249 127 25 158 76 233 240 194 123 228 232 190 141 102 173 31 84 202 212 86 193 177 166 67 37 100 56 53 
5 : 185 190 133 154 193 89 37 47 91 235 95 171 249 129 82 181 52 124 239 63 148 97 50 214 132 116 163 127 197 146 209 220 34 40 172 61 56 90 32 26 39 196 205 114 48 35 102 199 211 29 136 152 225 186 177 243 100 125 88 202 140 120 156 78 126 33 92 167 143 134 223 206 83 138 
6 : 240 116 90 83 228 71 55 125 122 237 195 206 52 175 190 113 130 221 124 103 41 89 249 216 204 67 141 162 119 45 57 27 197 198 145 205 248 98 60 150 99 87 77 50 94 49 191 76 35 245 159 114 147 180 238 56 226 156 215 110 37 165 126 75 64 146 222 172 231 193 149 135 200 69 102 139 86 91 143 173 117 225 54 34 
7 : 236 200 243 73 84 131 69 93 226 218 245 48 61 30 242 222 97 74 68 178 144 117 130 132 181 55 96 165 57 150 92 203 47 174 50 216 221 241 153 109 159 87 199 185 75 157 247 217 195 122 229 214 82 210 134 211 102 136 184 135 141 148 119 52 59 186 66 244 239 193 89 196 124 167 42 86 219 240 142 26 192 
8 : 93 94 51 117 41 249 228 240 176 172 83 49 164 71 75 155 178 213 199 97 234 54 242 123 217 37 102 58 69 169 116 122 220 46 171 31 211 246 66 165 114 212 225 132 198 224 136 63 243 149 238 90 205 128 45 60 131 139 130 86 195 95 91 175 111 197 182 42 162 26 120 
9 : 249 170 206 100 40 42 97 157 145 229 120 239 160 115 101 230 193 143 135 92 234 223 58 161 53 177 76 77 128 126 91 152 72 196 55 198 154 224 212 146 37 190 140 95 247 71 59 84 222 144 238 85 232 166 192 31 173 83 49 117 41 
10 : 217 216 180 38 214 41 158 195 49 243 209 90 103 167 34 165 149 92 64 249 57 131 233 43 152 65 91 87 179 213 48 156 194 29 27 241 236 58 125 98 168 
11 : 130 72 202 45 58 175 237 94 88 216 153 81 197 115 176 149 46 182 235 185 184 101 33 249 82 64 113 194 139 190 92 85 69 35 231 40 196 99 168 154 70 189 84 242 51 79 208 142 97 240 230 141 66 171 
12 : 100 133 44 124 46 154 70 185 224 132 116 71 61 202 169 106 180 105 183 210 43 214 188 158 222 40 80 50 221 66 139 220 237 190 72 184 88 35 187 84 175 37 216 135 
13 : 58 219 203 123 84 138 95 32 93 178 160 134 91 107 184 118 57 63 38 218 79 146 82 73 55 130 83 197 60 116 113 195 221 156 53 117 33 208 28 167 112 56 225 215 30 66 
14 : 39 239 177 139 130 53 216 118 213 110 140 32 98 42 83 87 76 27 222 54 81 231 79 190 196 162 74 41 134 60 210 122 218 154 215 202 115 219 37 152 207 228 234 144 245 186 25 181 159 157 142 195 63 49 236 77 168 57 148 172 64 163 95 246 56 169 67 91 150 124 33 225 194 102 143 201 249 192 61 170 247 184 117 
15 : 117 70 143 84 73 80 178 246 183 142 120 152 227 177 96 235 215 223 136 202 126 137 176 82 74 221 201 57 87 39 198 231 45 55 99 56 196 166 28 212 153 33 180 148 213 
16 : 116 224 103 247 178 206 112 232 71 35 105 73 201 106 125 41 91 37 231 225 59 72 89 80 121 208 209 74 83 170 172 54 144 46 227 79 202 158 161 193 44 196 149 218 160 84 126 77 241 43 229 155 97 69 182 191 143 242 239 42 138 47 130 93 234 108 238 164 141 215 
17 : 103 193 197 208 157 80 159 109 113 120 178 180 99 135 47 136 220 127 206 163 36 215 88 70 124 97 66 210 238 92 131 149 83 221 195 185 235 111 46 100 199 123 236 91 223 175 244 27 141 128 183 249 38 121 186 171 143 184 57 189 164 60 96 153 222 167 63 230 110 160 147 107 200 52 146 116 232 49 129 90 
18 : 166 52 98 212 132 34 191 96 62 184 218 134 115 77 248 136 247 209 88 130 45 67 239 111 78 97 243 102 241 51 27 221 124 142 54 185 138 196 182 86 154 125 41 87 238 92 235 43 186 30 93 70 206 195 53 116 147 39 242 178 155 74 139 104 210 112 220 216 152 223 148 175 66 
19 : 154 245 147 115 226 114 214 179 150 45 181 190 219 61 180 191 34 32 84 171 165 156 119 234 56 94 184 42 217 143 96 48 122 167 135 50 44 82 233 155 74 125 108 235 107 242 30 26 189 182 183 70 95 99 116 63 62 195 53 25 134 204 136 188 232 185 216 197 36 187 
20 : 37 105 62 169 107 218 150 85 88 131 189 122 50 128 181 109 139 87 195 140 196 212 216 42 205 160 127 
21 : 249 218 248 115 118 33 167 223 224 57 187 200 211 119 220 37 79 106 142 91 62 246 34 175 85 151 43 121 116 247 53 230 107 48 164 56 28 100 161 141 203 226 184 49 238 202 215 77 227 174 133 50 73 165 189 192 214 170 
22 : 168 30 44 81 48 249 96 64 110 222 59 51 80 163 157 76 161 174 199 62 107 244 117 67 153 89 218 84 169 240 58 202 78 206 203 194 63 125 224 209 92 201 178 55 88 223 172 42 192 215 136 225 54 246 151 127 185 120 188 124 33 232 71 38 87 190 
23 : 149 240 31 30 70 156 75 52 105 222 33 79 247 166 138 126 28 172 246 153 179 235 39 82 231 143 206 104 234 55 216 27 220 161 150 167 101 117 58 118 115 88 196 228 98 26 86 185 51 137 59 209 219 189 148 
24 : 235 78 90 95 244 220 86 89 112 219 56 66 26 161 232 67 247 147 32 200 69 49 162 227 65 53 218 142 182 193 178 51 68 148 185 80 181 198 139 206 141 101 166 168 40 121 157 208 189 207 170 152 
25 : 138 196 86 116 83 129 114 238 215 191 209 168 99 225 59 137 106 173 37 110 90 85 216 164 175 104 102 246 78 124 74 63 198 159 186 150 171 154 172 133 182 144 
26 : 67 223 177 96 28 155 114 145 118 180 242 142 125 49 221 226 53 52 58 228 104 86 46 74 231 153 103 119 158 43 175 126 72 61 138 167 245 193 110 176 55 163 
27 : 78 237 172 89 202 194 230 200 205 238 124 123 169 178 162 90 67 96 185 137 39 174 68 40 148 111 27 233 189 84 125 132 49 55 201 54 215 236 33 197 109 108 122 186 247 80 176 240 182 118 106 42 126 188 217 64 219 160 149 161 91 25 85 131 119 
28 : 226 190 57 246 119 140 76 169 25 171 42 87 107 99 36 114 162 108 208 195 198 52 174 101 126 73 45 64 30 149 154 170 235 83 148 150 155 137 136 90 124 233 249 71 182 220 111 188 210 241 157 33 54 166 122 
29 : 215 229 166 175 159 72 54 86 226 61 239 194 172 27 100 126 99 157 224 155 73 187 69 64 198 206 56 177 96 241 221 121 188 85 233 191 51 170 158 137 204 81 165 149 148 34 49 70 235 151 74 89 47 57 210 87 104 200 207 35 182 216 171 179 193 180 231 153 247 107 205 75 66 238 133 55 140 44 189 134 62 147 190 223 201 185 42 
30 : 142 80 41 116 223 212 244 178 63 105 238 125 62 110 120 94 64 169 220 31 117 235 206 60 197 248 118 93 
31 : 207 41 26 101 238 99 33 46 48 240 170 81 200 217 190 225 66 176 230 51 105 192 126 195 174 109 139 181 
32 : 190 196 164 97 129 104 149 133 150 207 46 59 81 158 242 36 41 210 226 85 51 205 115 131 152 151 66 91 211 111 225 120 186 96 177 114 165 76 40 68 246 117 38 172 203 75 223 105 187 201 136 113 79 28 78 218 90 236 99 209 32 191 171 230 208 112 88 125 95 122 141 217 106 238 64 47 243 53 
33 : 75 43 134 121 145 245 41 88 133 244 62 71 205 117 86 107 222 81 181 95 209 34 97 214 201 130 227 135 92 187 94 211 73 246 157 123 122 83 63 240 195 150 136 28 178 36 191 78 204 174 233 84 148 162 173 82 137 217 39 
34 : 86 218 139 123 183 61 44 247 214 33 217 83 74 207 172 77 50 71 28 49 196 92 87 59 62 91 90 179 143 232 180 111 161 73 159 80 213 54 42 100 205 57 177 151 169 162 81 146 45 134 105 84 167 225 96 244 101 193 176 47 70 110 52 238 182 117 85 211 237 152 118 226 186 163 246 30 158 154 150 
35 : 139 108 175 224 207 58 25 249 214 127 148 26 235 242 233 180 113 122 196 229 62 60 109 234 75 215 41 219 232 64 99 48 81 236 65 27 43 54 92 217 33 114 39 210 147 102 159 216 128 35 133 94 190 117 80 171 201 93 238 177 78 154 118 45 158 129 141 116 167 246 157 51 184 55 53 218 185 163 142 115 59 132 227 
36 : 56 205 223 178 218 120 57 187 225 159 230 84 30 94 196 191 102 210 104 105 241 165 73 195 219 76 137 188 144 110 107 180 231 71 96 83 32 199 142 181 65 89 91 211 45 86 189 232 63 97 163 145 217 130 249 92 44 
37 : 113 124 206 167 234 64 179 86 203 240 102 228 65 109 63 114 198 163 117 173 125 168 112 43 89 143 157 152 172 247 156 97 207 130 94 187 36 108 54 148 44 239 225 237 244 232 67 248 214 199 73 132 88 84 235 100 194 139 85 212 123 136 217 190 205 208 28 115 174 104 184 147 106 47 204 95 110 34 76 236 128 150 92 189 216 245 
38 : 123 44 217 228 120 199 185 91 147 148 42 55 73 139 155 175 121 194 211 246 83 86 146 241 171 53 191 234 163 172 216 196 38 
39 : 222 143 197 63 103 159 104 116 112 134 59 122 224 71 101 235 150 89 94 28 113 161 202 199 174 247 80 84 83 245 92 
40 : 45 212 36 91 209 178 191 27 89 108 166 95 203 216 63 201 76 181 176 184 98 39 26 40 144 174 247 207 151 43 154 156 
41 : 68 146 162 174 122 92 172 154 44 125 215 76 77 204 129 203 216 59 189 235 58 123 213 193 187 104 63 80 
42 : 79 78 68 218 49 120 167 102 189 111 220 245 50 71 39 141 150 164 29 144 234 124 101 198 142 247 196 70 242 94 201 149 46 31 117 172 183 173 58 200 110 61 51 100 91 129 217 25 248 137 230 204 233 55 176 178 236 195 
43 : 160 47 119 197 164 154 241 233 184 91 49 155 172 123 93 64 60 131 137 99 55 167 124 194 147 128 203 130 209 88 198 96 243 98 191 212 83 70 156 33 134 171 92 221 39 75 56 227 169 25 67 111 29 95 28 163 231 117 157 105 44 188 114 236 68 59 34 
44 : 162 34 58 213 199 69 135 61 229 146 119 152 155 220 192 85 181 98 110 134 93 233 42 59 234 72 118 218 222 40 36 38 97 47 
45 : 126 52 201 77 89 219 81 74 207 152 39 190 239 145 186 47 191 110 30 69 70 222 203 106 233 95 36 85 161 182 133 246 214 240 76 213 119 155 115 53 189 96 215 63 176 168 128 93 208 148 149 67 146 159 61 234 48 59 216 129 170 184 151 
46 : 192 191 153 94 239 31 214 86 209 218 243 198 54 58 102 246 180 182 215 29 34 172 72 90 228 39 26 151 135 150 50 236 57 37 85 33 149 204 158 245 28 127 78 216 
47 : 177 128 94 44 79 108 134 201 247 236 175 245 81 40 75 233 62 70 50 59 41 231 116 89 125 61 141 159 215 192 249 164 187 58 239 95 86 182 172 
48 : 133 86 166 131 46 147 64 154 167 212 36 65 136 51 240 173 187 229 120 142 71 97 215 148 92 178 232 151 246 184 41 115 72 67 113 210 129 70 49 192 29 159 188 77 103 153 25 124 111 56 141 211 180 130 45 205 118 224 201 26 60 207 218 174 186 219 100 226 234 163 
49 : 28 123 113 126 214 207 87 55 39 220 121 118 192 60 30 100 238 245 99 43 136 119 111 106 160 37 29 211 
50 : 129 123 178 217 214 108 36 86 65 125 28 193 40 228 42 51 50 151 63 106 89 162 25 66 227 64 144 96 104 216 201 139 246 208 29 204 185 230 238 195 80 70 211 175 174 55 95 243 249 128 184 200 154 37 68 169 222 241 117 109 112 182 186 136 47 57 
51 : 154 153 244 149 132 188 136 45 102 225 61 39 129 100 147 60 222 220 157 87 44 51 156 148 194 79 245 98 163 230 110 181 28 86 206 93 175 94 125 70 77 57 233 166 191 152 55 101 59 62 53 202 71 236 213 231 47 205 80 145 177 127 134 50 182 155 
52 : 218 70 73 104 229 61 189 30 177 62 210 166 114 178 147 130 79 199 190 58 37 151 38 66 149 220 112 141 203 57 216 162 224 121 247 48 137 91 
53 : 119 120 148 130 166 94 139 170 212 61 69 237 48 239 121 240 70 231 75 82 92 230 244 173 76 150 71 145 142 153 124 89 112 202 140 216 81 180 60 248 102 74 174 203 99 219 224 151 247 245 210 207 243 40 107 211 
54 : 169 248 181 133 104 88 50 151 241 192 152 81 107 41 49 121 102 69 47 236 156 218 149 233 31 60 112 203 97 37 109 227 191 172 145 89 54 57 71 
55 : 128 154 78 76 140 96 241 41 174 27 136 29 118 142 203 100 115 40 193 84 177 37 182 162 88 159 68 190 148 189 124 243 93 231 141 111 172 31 206 161 119 126 168 32 222 220 26 176 150 79 47 46 35 175 179 36 42 152 202 199 101 125 138 61 67 210 167 43 173 221 156 49 56 197 249 213 192 44 81 158 187 134 215 
56 : 32 147 165 135 170 123 168 226 94 86 58 55 38 105 127 27 176 115 70 50 210 41 188 208 121 91 99 233 90 119 189 107 113 29 185 36 202 159 228 197 213 77 126 124 196 198 66 156 71 187 243 171 34 137 174 130 237 172 87 247 206 212 84 133 83 81 76 98 139 167 162 
57 : 163 231 139 191 179 229 62 77 176 224 221 180 91 78 142 210 29 49 188 120 149 38 72 125 246 144 103 105 39 26 118 27 161 58 225 28 239 71 169 66 202 237 88 30 104 138 145 195 93 217 232 185 170 112 159 132 208 67 110 86 230 43 109 69 236 121 
58 : 100 25 95 187 102 135 156 39 129 77 48 147 57 234 159 91 184 99 149 74 179 242 66 213 128 144 71 239 26 67 231 218 62 114 160 89 59 51 229 215 155 165 210 225 105 197 86 170 228 232 122 
59 : 30 58 238 232 235 222 135 171 170 248 47 80 29 54 46 42 120 26 179 114 199 231 82 196 100 112 69 115 198 216 98 38 51 73 180 59 71 101 245 88 125 205 181 109 123 68 75 244 186 131 139 164 111 201 191 206 61 92 76 60 165 102 189 36 121 81 220 64 33 110 150 119 134 99 48 166 160 209 146 
60 : 227 188 203 46 134 35 152 139 41 140 30 180 43 235 224 102 181 170 168 148 216 37 85 136 111 245 206 162 174 141 123 121 70 97 177 230 211 49 84 137 116 34 207 88 156 101 160 36 40 159 75 196 191 202 109 87 182 165 128 209 195 228 118 124 239 222 68 31 71 
61 : 143 140 193 240 203 47 229 138 142 208 172 119 32 61 28 26 123 160 242 84 239 58 226 149 29 39 186 80 103 81 117 83 55 77 
62 : 234 166 37 173 167 148 232 176 204 160 131 179 227 183 149 241 85 172 199 146 109 182 129 145 58 158 97 170 246 152 202 25 66 60 32 69 195 137 120 101 198 29 118 228 135 92 107 177 223 247 65 116 136 77 133 180 90 209 123 71 28 140 237 215 154 249 68 53 48 225 238 121 144 38 150 233 201 83 143 163 200 102 76 111 186 
63 : 109 198 242 152 74 130 247 155 194 111 71 204 237 197 69 58 146 103 118 49 125 46 136 128 110 54 106 185 57 150 66 121 191 78 158 141 32 246 93 122 114 44 188 133 64 169 161 105 219 29 239 231 112 244 220 186 107 95 42 190 63 178 100 203 131 160 145 96 120 
64 : 34 131 175 170 158 229 125 85 180 176 66 45 213 223 247 156 136 172 106 72 77 200 42 216 187 57 142 147 78 166 194 174 165 226 240 74 206 123 82 164 90 104 178 144 53 160 146 193 224 135 52 130 217 167 65 70 67 179 148 93 163 38 54 102 95 140 161 91 89 84 118 225 203 154 233 92 48 137 141 94 145 108 153 215 143 
65 : 27 57 104 149 150 123 245 31 93 41 113 182 161 35 122 56 134 82 111 173 203 191 124 193 157 176 141 76 175 89 147 105 116 77 170 70 32 246 211 112 114 96 100 30 69 34 153 99 207 138 
66 : 62 158 49 229 248 191 135 87 170 200 150 154 181 231 188 244 147 194 227 169 246 184 174 128 96 238 103 130 108 
67 : 193 196 101 36 108 81 56 74 187 66 153 117 120 136 156 182 113 159 27 25 191 201 249 203 219 138 87 233 242 225 238 42 214 93 194 137 216 152 96 189 231 47 208 128 165 52 85 
68 : 191 210 223 249 200 146 215 226 117 129 183 151 225 60 76 212 219 59 120 152 47 237 174 218 228 49 121 196 71 189 177 231 162 45 247 239 94 198 54 137 90 171 227 176 77 181 115 52 96 156 40 63 56 79 68 116 182 229 81 53 130 38 207 126 172 74 107 28 194 112 180 154 
69 : 101 142 164 181 210 52 146 213 56 180 202 214 64 107 57 98 120 133 92 247 156 195 87 134 211 97 170 66 95 199 236 
70 : 232 75 211 192 176 244 246 122 145 106 108 109 157 240 82 33 172 48 102 140 123 181 218 205 96 40 233 132 188 61 87 53 34 37 165 134 35 152 63 212 173 137 111 30 198 49 103 52 32 27 144 94 186 163 248 187 124 135 195 149 245 234 150 58 38 128 143 162 235 229 239 72 92 158 178 231 217 148 
71 : 107 239 116 56 72 96 191 176 152 140 73 121 184 171 43 87 59 148 52 100 240 160 215 108 109 165 179 127 146 182 66 62 129 201 225 228 223 248 61 67 
72 : 245 96 177 218 213 178 79 163 58 56 93 160 45 232 166 118 241 164 244 238 101 84 246 39 122 235 183 70 121 209 109 140 210 66 184 222 198 95 138 195 172 236 227 199 131 147 168 144 25 80 155 216 51 240 78 188 76 201 64 159 68 111 133 247 67 47 151 35 34 44 132 146 33 181 100 242 145 57 65 
73 : 65 196 118 206 71 233 28 92 109 104 238 85 228 152 79 185 33 236 223 38 137 151 117 245 200 99 115 211 96 173 72 80 122 58 81 217 98 
74 : 202 176 209 164 179 93 99 217 245 59 206 171 83 151 219 177 48 74 29 225 124 76 129 187 34 138 211 135 110 248 111 210 161 195 154 112 132 156 199 159 188 47 141 61 228 208 79 86 56 236 114 63 215 107 82 244 38 216 94 55 185 247 166 180 28 42 91 133 26 243 36 173 27 69 191 229 184 104 238 89 137 174 220 165 233 41 
75 : 47 223 89 117 182 241 200 217 78 38 55 238 220 32 125 249 122 197 247 231 177 171 180 126 229 68 168 99 77 188 134 183 29 96 129 54 82 114 162 208 111 59 115 212 97 189 155 152 151 199 242 138 58 119 201 198 164 79 90 203 53 211 213 109 214 69 76 150 206 70 227 43 
76 : 211 46 116 124 25 155 178 202 188 61 210 109 203 243 58 206 194 238 149 45 43 223 145 30 249 82 209 77 69 70 204 127 146 72 222 217 107 165 128 233 37 159 40 59 66 51 75 57 181 34 106 235 117 147 226 219 103 198 138 64 167 78 76 132 93 248 231 224 56 55 237 115 
77 : 191 47 156 225 179 243 77 174 110 92 160 123 88 121 207 216 90 136 249 177 236 60 154 240 166 147 181 35 122 233 155 102 205 190 99 247 107 114 104 223 75 241 214 183 62 100 139 212 103 152 173 189 180 133 31 165 116 50 
78 : 185 205 133 108 63 174 71 107 126 217 29 25 61 37 105 161 128 143 188 163 171 199 137 212 159 26 147 245 69 89 153 56 182 85 132 70 239 141 172 113 232 58 32 228 190 180 167 240 197 31 207 49 176 100 246 148 
79 : 208 212 172 87 107 63 110 147 118 192 34 164 150 184 40 53 135 223 238 210 213 98 109 91 175 
80 : 248 211 36 244 223 33 115 157 192 205 88 174 232 204 228 92 146 71 133 185 56 86 179 163 57 121 114 152 226 184 74 234 136 48 111 26 112 106 233 35 224 
81 : 55 62 246 191 132 160 143 209 136 117 90 174 197 84 52 231 126 245 189 182 105 135 183 120 225 223 33 88 188 104 145 147 131 240 51 219 216 193 46 26 224 25 238 227 232 109 85 48 155 122 40 107 176 159 229 129 201 39 91 243 172 157 29 56 118 199 180 228 179 69 
82 : 239 129 193 53 212 90 191 99 52 188 50 87 106 163 156 81 170 37 141 150 234 95 174 119 148 134 85 102 165 121 128 176 79 215 136 26 83 185 91 139 146 200 114 226 25 248 46 144 120 65 92 104 168 183 189 237 222 209 152 67 58 31 158 192 217 225 203 118 138 182 97 71 34 56 207 32 205 112 
83 : 43 136 119 41 229 176 45 94 47 92 86 132 52 50 241 150 161 139 198 131 191 221 40 206 99 91 67 157 155 220 148 211 57 149 100 188 117 184 235 194 114 185 66 106 169 189 168 85 122 205 183 81 204 
84 : 92 216 86 218 40 64 166 133 187 143 131 26 49 46 223 120 204 85 117 54 72 172 44 57 245 208 28 30 35 
85 : 64 238 225 139 180 48 74 26 115 29 196 150 249 85 30 236 97 232 111 210 208 35 184 165 182 222 120 211 204 41 67 235 128 160 149 172 88 119 231 175 69 57 167 148 108 163 156 117 216 176 95 173 218 217 114 93 71 65 46 191 219 131 244 96 126 79 154 103 
86 : 174 27 73 145 29 83 222 36 63 58 116 216 163 108 184 52 121 204 175 159 155 75 94 179 31 101 119 70 40 168 98 157 151 91 229 181 177 49 71 146 48 150 244 39 99 138 114 149 207 142 201 85 241 161 
87 : 158 178 73 145 233 187 93 147 63 99 202 149 130 109 182 175 89 210 102 91 54 232 75 122 25 148 216 107 131 119 47 219 244 161 117 116 127 46 33 69 90 234 28 236 200 86 62 98 146 189 137 159 195 167 215 155 68 201 225 87 38 193 
88 : 209 231 210 103 76 202 218 137 240 140 99 97 180 175 247 219 113 160 57 43 66 208 62 149 42 74 101 152 27 197 75 245 147 116 139 170 89 104 108 148 106 86 173 181 67 102 107 73 199 185 155 224 112 123 28 238 177 178 72 194 64 167 45 242 88 233 131 84 179 132 237 46 94 212 150 207 211 186 58 
89 : 46 238 79 169 179 141 185 243 30 229 165 231 113 47 152 170 226 108 98 224 135 222 143 71 121 212 225 111 105 171 247 207 223 174 163 104 204 136 126 240 149 91 134 200 87 123 197 205 139 66 142 158 156 55 181 138 38 26 
90 : 247 125 227 176 71 165 157 233 34 240 144 108 210 46 207 198 105 103 173 161 160 75 129 170 142 91 89 45 57 148 175 204 242 69 112 100 248 116 231 37 201 171 230 102 191 128 245 51 163 159 32 124 219 168 158 84 72 243 149 83 
91 : 232 245 131 56 238 128 249 227 108 143 117 185 65 87 181 105 46 88 173 80 63 236 29 39 244 187 240 28 189 115 92 95 67 116 197 225 51 247 211 50 69 140 106 229 214 124 83 96 203 123 62 174 36 218 142 137 53 130 71 127 157 186 226 126 76 202 231 194 221 171 148 94 109 70 166 27 110 239 178 89 164 213 
92 : 47 154 101 92 233 164 113 36 232 209 190 81 108 45 231 156 243 94 69 211 241 106 167 147 161 214 239 191 67 127 60 195 26 212 145 123 50 118 217 173 48 128 247 62 71 237 44 200 134 192 75 120 219 158 208 42 205 175 126 91 216 55 35 89 189 54 194 132 95 46 82 244 206 56 
93 : 189 153 135 72 206 215 232 32 50 147 154 28 109 40 217 188 133 94 127 179 63 230 197 156 62 211 129 212 169 246 244 182 216 213 185 84 31 194 168 78 92 159 104 220 110 195 214 228 57 46 237 126 55 166 112 223 140 86 29 83 175 225 89 85 128 96 52 145 239 138 99 42 161 234 201 249 121 245 226 77 142 178 
94 : 41 163 127 116 185 72 67 77 91 61 204 28 178 143 188 227 103 75 147 206 150 100 239 172 169 47 247 243 96 108 132 38 160 213 136 83 99 141 53 158 51 34 33 155 118 221 115 189 237 231 81 196 117 201 35 176 131 148 200 153 49 173 
95 : 35 110 100 125 89 32 158 213 117 144 198 161 97 233 124 138 145 229 95 79 56 176 116 128 154 90 36 226 63 155 38 55 47 77 178 181 190 71 168 53 67 59 69 205 235 200 102 221 237 217 83 160 122 208 248 132 98 141 223 45 149 134 
96 : 84 149 121 217 41 81 208 70 59 62 184 98 131 65 42 159 117 63 52 235 30 230 72 116 181 239 25 90 134 
97 : 91 164 86 50 110 132 77 222 187 88 108 177 152 54 44 188 134 83 66 130 249 96 161 229 123 146 31 53 223 56 239 87 102 29 149 227 208 220 136 68 92 71 217 204 139 155 166 153 194 122 59 112 170 245 100 93 
98 : 187 230 119 232 52 209 61 213 50 202 132 62 218 146 131 74 229 109 54 27 182 30 198 192 129 103 169 91 200 203 149 65 69 157 224 180 111 71 72 121 163 107 191 123 42 241 39 233 122 40 127 189 235 130 89 128 197 48 108 172 84 186 161 194 58 196 153 106 118 134 38 160 51 239 242 151 166 97 249 
99 : 206 183 220 58 97 184 75 135 82 162 232 52 33 169 32 194 116 108 182 173 205 73 243 110 222 212 181 203 248 27 72 76 133 157 246 111 249 176 43 172 239 235 56 29 210 164 70 
100 : 209 240 79 191 216 173 164 83 227 160 212 124 95 147 186 172 171 87 136 236 90 154 38 225 52 93 157 62 184 58 76 69 91 152 120 44 110 40 248 143 183 203 50 190 178 153 27 243 55 84 75 237 80 224 188 63 29 168 67 179 205 30 107 222 45 103 41 202 145 53 230 194 
101 : 95 191 29 240 211 72 39 104 155 141 153 225 227 235 172 105 185 204 41 216 119 70 207 202 148 222 86 140 62 168 171 196 87 233 76 98 125 241 136 190 174 175 134 169 203 234 46 69 236 66 58 156 145 147 186 81 43 199 113 82 99 80 176 38 122 25 97 219 31 158 64 135 112 170 111 126 164 228 
102 : 116 156 102 55 54 127 147 29 164 139 223 180 56 52 41 239 93 205 73 198 106 146 212 44 187 38 184 178 42 77 86 174 166 35 46 39 91 210 209 48 188 90 75 200 143 94 237 137 51 213 25 63 192 100 62 124 240 
103 : 182 174 164 128 59 233 213 141 38 113 66 42 240 117 215 75 146 88 201 196 225 149 208 55 175 123 77 153 154 61 237 228 103 136 93 166 232 82 203 40 206 226 224 172 163 227 180 214 229 152 168 236 45 167 26 222 189 249 161 97 
104 : 100 138 159 232 246 53 109 235 198 58 80 162 187 132 248 212 26 164 66 92 200 189 190 130 131 224 
105 : 227 211 133 147 140 106 198 48 122 163 176 102 222 56 70 98 171 201 247 162 54 219 65 44 107 241 61 183 144 34 181 132 244 129 57 120 164 86 154 138 152 210 217 100 214 109 146 95 119 221 76 223 235 
106 : 243 131 163 233 56 73 244 193 155 226 89 141 239 248 65 214 224 91 31 97 215 153 40 185 165 197 178 29 168 152 137 60 136 202 191 184 82 139 179 166 181 78 219 247 68 211 72 213 160 103 240 140 223 36 51 135 209 
107 : 68 185 83 237 87 115 52 245 26 199 153 28 198 164 106 230 247 127 197 240 150 144 51 193 30 43 80 123 213 203 179 128 126 180 228 211 59 94 63 56 140 36 226 249 111 182 222 146 91 134 235 100 171 163 65 79 29 109 54 77 96 175 168 46 167 117 224 212 119 73 66 129 118 183 60 133 200 195 39 89 
108 : 184 108 57 221 49 161 219 25 77 155 212 234 210 84 197 120 165 178 38 225 45 53 63 208 112 82 56 164 116 213 231 173 40 87 125 46 160 189 158 97 122 207 169 163 88 94 137 240 235 93 107 36 211 95 76 37 59 236 146 134 180 128 131 142 55 92 54 183 99 96 188 242 73 223 47 196 249 141 89 239 115 79 32 
109 : 200 108 85 127 178 64 150 34 152 159 26 82 220 217 201 172 180 246 94 72 155 56 124 211 39 113 234 244 236 71 96 177 93 37 
110 : 113 139 194 175 76 124 163 218 147 152 197 92 202 154 57 101 119 105 33 48 88 81 205 241 50 204 235 
111 : 108 160 34 189 29 62 198 120 69 104 134 153 131 196 141 84 192 213 92 182 237 52 221 45 162 154 116 207 86 181 96 195 203 115 40 212 186 177 39 43 53 127 217 
112 : 45 124 32 97 147 33 209 226 217 156 59 191 120 36 128 206 210 245 82 98 49 38 47 196 175 81 117 118 28 27 102 72 105 220 66 41 212 95 236 193 203 77 34 157 139 115 177 121 130 232 225 214 90 207 85 53 150 39 142 168 46 211 205 242 227 76 109 122 112 48 29 218 149 148 141 64 183 240 239 153 79 
113 : 157 36 67 212 182 44 147 148 107 246 169 200 29 242 178 84 192 203 70 68 134 141 153 175 204 42 195 213 31 40 64 139 201 194 163 
114 : 231 43 214 84 53 212 173 153 227 171 55 182 200 237 81 115 140 94 47 83 82 245 145 168 128 217 209 69 126 76 49 197 176 177 178 147 136 118 232 62 75 116 56 148 223 29 164 99 95 127 90 91 98 46 129 149 64 157 123 88 244 226 132 122 86 166 48 219 158 146 119 143 222 134 207 139 151 120 50 155 
115 : 87 61 148 179 101 35 58 208 108 162 182 165 50 40 133 221 167 84 28 184 70 127 110 196 154 144 219 198 194 132 169 26 195 210 112 213 202 29 222 114 
116 : 101 108 214 182 72 130 90 140 204 59 126 196 51 200 46 143 134 157 27 198 127 156 109 174 100 197 29 34 41 237 78 
117 : 165 202 143 84 41 232 36 237 239 223 226 52 205 136 139 134 157 190 131 212 104 235 187 243 225 179 166 244 180 169 51 195 236 231 222 71 138 160 117 245 142 29 217 197 76 105 116 132 39 146 98 149 110 27 218 54 164 178 151 25 58 31 63 82 96 69 168 126 32 145 224 186 65 121 103 230 122 233 59 
118 : 232 75 192 47 136 226 115 217 95 107 199 100 32 92 121 61 85 160 159 157 87 209 33 117 216 46 138 43 103 44 133 93 105 163 27 178 224 122 211 203 218 156 94 235 173 128 35 247 243 212 64 81 196 205 
119 : 59 176 145 142 143 133 54 53 247 136 165 214 65 200 47 87 73 178 82 226 124 153 81 173 62 157 118 117 86 75 242 121 27 206 211 112 48 151 39 30 132 244 159 197 74 156 116 36 31 111 184 202 149 182 95 140 134 219 175 243 232 108 147 196 58 237 179 144 64 110 68 80 208 212 69 224 34 192 
120 : 125 201 96 81 199 97 131 35 62 26 124 87 143 183 130 202 88 216 72 57 32 61 178 109 184 210 205 27 112 198 237 50 117 230 231 171 185 138 36 73 63 208 29 55 102 148 68 119 74 41 116 196 214 141 156 235 118 79 114 232 162 161 99 53 128 225 66 155 104 241 40 173 
121 : 82 113 79 105 92 197 60 56 237 132 236 70 127 151 101 246 62 249 80 175 192 238 68 171 142 59 185 27 143 189 180 150 182 91 49 111 122 137 45 98 219 100 31 85 76 199 239 179 29 215 172 188 204 161 65 210 135 117 166 119 194 207 153 72 77 41 109 223 37 209 30 89 47 202 130 201 125 26 181 155 158 164 55 170 53 
122 : 162 207 206 136 45 187 174 184 152 86 100 48 167 245 228 33 219 37 231 52 92 214 124 138 204 26 41 97 42 108 54 191 234 203 135 106 137 248 154 84 243 126 232 129 30 215 127 95 44 227 209 115 176 171 210 195 123 49 163 57 198 181 160 247 220 43 
123 : 26 213 133 237 154 109 66 199 68 55 130 87 78 147 217 122 200 227 246 170 169 148 132 108 190 125 
124 : 91 70 168 197 92 193 191 239 76 52 228 240 27 108 104 194 230 173 196 75 215 214 42 57 64 63 29 216 182 192 96 62 153 175 114 130 103 43 79 40 221 244 45 139 105 46 93 157 140 162 218 97 207 85 26 95 49 237 101 55 81 229 145 200 
125 : 79 59 123 148 166 47 42 41 201 187 159 167 121 120 170 122 244 205 156 179 155 149 150 88 26 72 138 195 37 74 70 43 113 57 228 180 69 101 77 86 194 164 240 203 40 207 196 242 60 229 160 178 54 
126 : 133 74 69 127 212 86 128 34 46 200 59 83 138 167 217 175 72 51 95 124 208 215 101 232 134 77 225 110 31 205 202 237 230 49 171 234 129 221 222 145 112 216 169 65 38 57 163 33 132 100 126 54 91 70 88 153 155 161 224 199 97 62 192 172 158 26 240 223 39 75 218 41 248 123 209 73 32 144 179 
127 : 239 241 73 33 170 219 47 204 205 209 59 249 67 144 39 184 94 57 35 80 139 202 31 210 196 217 238 44 223 55 61 220 69 71 178 194 192 190 107 132 120 108 175 84 92 179 229 53 32 93 118 208 124 203 122 86 82 51 88 102 200 199 
128 : 183 135 80 172 106 167 134 129 120 33 117 125 176 70 249 142 230 190 83 187 76 48 247 210 149 143 163 235 237 124 193 36 182 211 160 38 116 40 236 146 229 244 101 174 207 71 78 202 62 79 127 139 96 94 241 166 248 206 233 228 191 150 25 196 54 243 197 89 41 92 97 51 140 151 46 199 
129 : 67 125 228 225 107 215 96 197 101 245 193 207 216 89 180 140 36 214 235 145 58 33 199 48 62 71 188 246 63 184 169 213 114 175 
130 : 98 173 142 237 120 55 152 198 49 197 191 107 37 221 185 25 52 233 182 128 70 154 165 136 74 157 76 244 155 189 29 121 243 224 190 117 86 61 172 188 102 27 227 93 141 95 
131 : 31 178 183 113 156 58 39 93 247 145 57 29 134 213 197 212 26 45 109 142 179 162 216 161 223 170 116 184 181 226 87 160 199 148 62 137 136 192 214 152 188 237 
132 : 162 47 60 167 137 62 214 247 95 164 65 216 37 190 173 31 232 90 25 178 222 176 235 209 249 94 120 243 218 84 36 157 112 219 131 139 152 165 197 
133 : 225 128 221 100 101 235 243 93 46 29 220 68 107 213 210 36 230 228 219 206 116 77 87 145 57 217 175 135 185 103 222 202 48 208 144 75 88 234 187 30 154 47 231 196 198 209 121 133 186 150 180 173 179 50 151 138 177 94 60 126 28 72 114 166 99 146 168 45 239 248 171 86 84 62 61 33 
134 : 119 204 43 64 241 237 183 123 243 65 70 133 68 32 93 152 213 190 216 176 151 41 52 74 83 55 98 177 80 170 207 88 174 186 193 202 164 240 222 30 78 134 25 187 159 172 104 163 246 137 109 100 161 181 81 61 42 238 198 54 39 146 114 165 231 227 149 212 
135 : 71 218 246 221 217 148 116 96 123 138 216 219 193 238 27 229 156 173 48 54 60 35 127 28 137 50 103 34 241 235 107 55 239 207 149 
136 : 211 116 242 165 156 131 149 125 195 71 221 203 31 118 78 193 190 114 27 175 208 67 152 88 77 50 237 227 230 243 34 46 55 29 169 166 105 236 39 226 220 127 246 234 92 132 124 97 126 68 63 40 72 138 224 135 110 35 147 86 188 160 82 232 137 212 108 57 47 
137 : 61 57 185 64 178 111 184 62 113 195 244 161 196 122 52 63 87 232 54 96 209 56 75 101 188 204 90 212 124 243 45 200 
138 : 246 242 60 191 238 216 215 208 106 239 241 131 182 111 70 126 240 129 207 150 25 170 231 162 155 113 186 29 94 128 105 132 125 169 158 185 138 116 48 133 35 93 42 199 143 124 164 62 90 38 194 192 142 44 85 74 
139 : 164 244 155 110 206 60 190 177 167 112 100 134 224 219 192 109 48 239 90 73 39 140 32 149 92 230 121 104 40 61 38 186 180 243 226 220 169 27 245 166 71 174 197 107 161 
140 : 102 60 129 52 25 123 185 61 191 152 212 44 246 231 69 164 242 57 236 139 119 161 43 193 81 150 73 141 159 95 125 124 222 58 35 67 146 145 245 157 202 80 140 85 136 121 209 175 29 66 30 197 71 92 38 168 203 230 37 
141 : 51 157 35 96 203 187 41 92 216 56 63 133 53 194 192 145 135 137 59 147 44 31 132 197 196 
142 : 138 178 163 72 150 244 246 228 62 33 122 116 112 106 202 120 27 56 224 105 201 173 77 59 34 86 249 219 175 57 156 54 146 28 204 187 95 125 172 91 90 238 211 142 60 157 47 188 71 248 247 39 58 160 181 148 234 119 243 212 61 48 44 65 84 174 99 92 235 127 114 
143 : 135 166 104 146 98 41 196 99 40 68 108 142 100 42 180 170 220 49 75 72 227 79 141 234 216 132 101 171 247 34 110 115 33 160 112 181 205 163 116 84 200 30 187 
144 : 40 229 122 127 132 195 92 25 212 186 78 164 189 124 39 110 209 89 107 75 37 118 214 175 31 166 233 49 115 44 108 163 204 67 51 231 111 53 71 160 58 104 247 134 242 240 220 27 162 82 48 28 33 197 47 201 230 239 161 30 159 238 202 243 193 248 244 141 145 156 137 97 217 29 234 109 99 154 45 84 140 208 42 167 106 125 61 180 
145 : 25 150 200 137 91 124 190 211 72 184 65 34 81 208 82 174 233 135 68 143 164 160 38 106 121 197 189 54 26 217 93 212 133 111 101 114 44 73 209 63 89 42 245 167 220 171 178 194 146 33 188 85 204 103 142 67 183 168 153 110 203 247 131 173 222 120 97 157 237 170 136 74 225 159 186 176 215 105 116 248 32 128 127 126 55 232 
146 : 156 31 173 109 35 191 158 65 111 74 127 97 201 99 75 213 238 220 171 172 162 49 154 87 166 67 233 228 
147 : 172 238 125 246 152 55 70 206 108 184 182 48 136 192 189 187 96 46 180 107 29 170 101 112 162 188 243 183 164 210 121 78 61 51 233 155 177 219 134 159 66 234 240 176 116 194 105 40 131 168 88 94 156 58 132 191 227 141 110 232 27 71 149 52 109 203 
148 : 203 225 28 92 86 84 200 183 37 228 51 77 76 83 136 187 104 195 198 32 119 46 146 231 87 207 217 70 199 26 81 27 
149 : 61 54 52 53 153 172 246 155 51 77 83 45 231 154 241 202 121 37 126 142 141 108 122 47 46 218 115 59 184 75 72 197 243 118 220 104 147 65 97 112 235 182 137 177 38 90 81 151 133 107 136 134 76 68 157 95 30 91 28 139 84 93 27 209 225 70 92 128 32 71 239 
150 : 26 180 170 136 96 191 90 120 196 44 70 209 190 67 230 187 32 51 201 243 108 219 112 185 109 213 202 181 98 135 156 183 102 214 143 53 186 188 224 226 38 57 100 249 167 194 242 36 173 86 41 45 227 245 134 215 46 48 68 74 205 72 55 99 195 93 104 149 203 89 118 
151 : 48 69 177 25 153 138 83 126 111 183 60 239 149 36 43 219 150 29 133 132 159 120 40 197 215 220 26 59 127 76 62 33 248 53 147 110 152 200 42 188 190 73 231 194 115 144 226 50 201 89 28 180 140 71 64 122 182 142 216 104 238 47 189 105 222 37 103 160 168 206 176 30 94 77 98 90 204 141 174 207 92 234 74 68 225 179 129 
152 : 197 228 137 133 241 88 102 148 205 144 229 126 214 110 81 46 189 92 86 97 59 50 56 112 78 101 237 226 52 193 44 98 66 48 235 198 213 158 63 127 184 246 208 91 244 26 131 123 174 89 119 201 53 138 222 149 194 232 61 77 93 96 204 67 151 145 84 192 165 94 69 211 160 51 125 109 230 135 38 33 68 39 178 58 30 181 156 177 
153 : 145 159 141 172 144 44 89 53 77 106 187 160 153 46 57 173 137 83 54 56 142 86 129 120 243 39 70 221 206 31 72 59 188 27 174 232 161 25 228 189 55 64 108 180 245 210 125 148 197 41 36 
154 : 30 136 138 223 57 113 238 91 69 26 103 174 242 81 206 119 160 192 219 62 105 201 78 205 143 244 115 218 135 44 93 127 121 157 110 82 231 211 68 85 107 31 243 158 177 73 209 72 34 191 216 220 221 97 198 49 111 187 181 100 152 42 95 165 33 179 162 104 65 112 94 123 133 195 228 182 48 139 
155 : 178 97 239 117 249 174 172 181 156 60 99 167 123 85 50 104 30 204 47 190 222 102 82 67 89 184 111 76 83 187 201 237 229 180 63 199 110 191 26 170 218 80 65 171 87 127 137 56 230 212 38 185 72 192 207 225 48 105 86 119 62 53 91 228 165 40 49 153 188 166 214 95 43 149 136 
156 : 38 46 218 108 151 86 77 231 179 95 25 80 126 248 97 226 111 100 192 244 53 118 177 44 27 89 73 227 58 42 68 184 116 171 45 90 109 153 245 76 120 146 41 172 131 189 28 114 
157 : 209 61 192 26 47 103 172 33 142 156 80 46 115 143 235 138 118 178 195 73 84 77 131 120 124 91 151 206 226 182 95 97 74 89 25 229 200 
158 : 124 191 91 175 216 39 189 221 136 89 57 93 131 119 203 51 238 170 157 153 245 214 230 207 171 43 160 205 193 158 129 231 40 116 104 181 239 62 50 115 209 137 142 146 164 234 75 135 232 201 163 112 33 60 165 220 133 144 229 122 84 
159 : 102 76 31 164 78 81 83 167 75 143 59 64 90 123 221 88 36 87 127 198 79 242 82 121 62 180 65 187 204 179 197 201 161 138 178 149 131 97 98 225 169 236 190 77 217 109 147 142 70 140 148 195 113 69 111 177 29 55 226 132 37 194 182 93 193 162 115 25 134 100 39 45 137 74 220 53 213 118 119 99 237 188 192 
160 : 56 81 228 128 75 39 93 79 38 117 68 137 210 215 31 246 230 208 145 234 106 91 101 97 147 119 248 27 241 32 102 103 121 237 77 213 95 66 239 72 139 
161 : 82 35 147 40 134 116 117 110 204 106 119 94 120 47 86 107 178 48 206 126 233 169 89 68 194 50 140 146 145 138 193 205 187 235 197 155 136 114 70 97 27 100 52 102 91 67 165 98 39 57 172 44 227 219 200 77 163 58 123 75 90 142 236 192 237 63 190 45 232 160 182 139 88 158 105 112 240 224 248 230 38 46 
162 : 235 201 103 186 64 133 39 100 105 169 224 178 50 120 126 185 123 41 45 82 51 205 183 42 172 230 137 63 248 
163 : 42 45 28 236 121 226 36 35 157 198 34 153 194 40 231 206 152 151 124 237 55 75 48 144 243 66 148 62 184 158 179 216 72 74 177 123 155 154 110 111 64 37 189 
164 : 47 221 242 202 234 160 132 174 249 43 96 102 167 104 130 219 103 146 138 231 143 33 37 177 223 52 69 87 245 175 88 178 46 100 
165 : 249 66 242 104 215 170 103 168 226 54 61 160 129 85 52 92 148 228 86 43 161 240 70 245 235 208 110 181 78 191 232 214 87 155 152 211 68 219 75 29 98 108 139 167 39 229 42 
166 : 69 137 27 217 215 174 141 83 246 144 110 45 146 33 216 190 229 106 128 228 207 86 76 121 58 227 157 153 65 114 193 31 218 184 161 142 140 82 61 73 51 43 152 178 149 26 220 113 70 169 237 28 103 196 78 222 47 53 239 204 49 34 209 245 200 35 233 160 72 158 187 236 219 210 248 185 120 79 38 192 131 136 112 159 177 36 
167 : 226 243 216 212 142 67 123 167 221 33 117 93 178 73 100 233 115 151 101 234 119 113 69 200 96 201 56 153 75 26 230 158 124 207 244 140 63 180 214 248 82 195 194 47 79 175 159 34 77 64 71 137 35 39 184 
168 : 151 224 205 105 75 128 158 229 55 32 240 230 40 226 28 69 110 51 133 70 74 49 91 222 115 204 47 178 126 132 33 199 112 68 179 155 119 77 196 52 200 95 53 160 157 246 107 118 171 136 175 236 94 170 88 190 249 30 144 192 139 149 114 113 177 198 29 79 212 166 148 241 159 207 218 183 221 163 140 98 25 80 78 223 108 73 
169 : 37 248 103 200 89 119 125 220 50 237 194 229 199 78 204 70 64 56 175 163 162 172 67 53 197 244 183 217 
170 : 40 41 140 112 187 109 214 131 178 215 211 39 238 27 184 29 227 164 106 185 151 172 73 223 31 248 37 181 76 182 179 47 83 218 233 84 176 194 155 239 203 68 74 67 75 92 99 139 249 57 86 123 79 247 80 49 72 128 229 195 100 125 149 66 205 33 202 111 52 65 50 153 105 183 
171 : 104 93 27 245 207 89 168 92 156 179 135 61 212 47 201 243 223 206 160 86 183 232 97 116 139 118 74 112 114 185 60 178 220 115 78 53 190 126 211 194 50 209 66 120 40 219 138 152 157 59 122 77 96 56 241 80 153 227 249 110 196 248 210 246 159 239 244 28 107 193 164 95 187 63 68 189 155 214 67 111 62 
172 : 124 84 69 216 86 110 243 187 207 129 96 100 92 57 29 51 235 237 218 197 105 157 123 234 66 208 150 186 52 169 36 59 142 125 76 172 
173 : 57 124 104 151 189 244 43 134 150 27 195 58 129 221 193 67 88 108 183 41 125 154 137 200 34 233 163 145 246 107 199 118 206 179 68 235 180 170 87 117 85 192 186 60 123 229 45 99 106 40 240 228 178 74 47 131 119 190 245 73 217 136 96 
174 : 71 180 82 163 225 138 228 151 117 116 226 176 33 237 204 153 238 146 152 209 236 212 80 154 132 199 129 229 37 91 115 245 232 66 194 189 240 201 235 206 79 244 73 30 182 219 231 173 28 184 105 131 171 67 208 74 141 179 136 196 64 93 155 217 85 193 150 139 68 
175 : 152 161 213 89 45 192 208 37 222 92 78 96 122 215 43 98 204 236 172 26 67 243 218 83 147 143 118 49 141 150 180 123 139 200 182 73 186 148 183 234 230 189 84 185 125 35 247 93 108 126 137 169 207 232 106 113 145 174 46 195 202 80 114 191 33 130 86 65 34 66 69 201 48 63 135 71 109 149 61 47 58 
176 : 230 61 84 30 57 183 127 107 227 126 149 201 161 58 236 80 103 172 96 214 174 153 97 160 123 43 220 112 86 89 78 34 129 248 179 64 25 213 237 152 146 189 165 164 65 238 51 117 223 145 60 75 62 132 133 72 142 197 217 176 120 205 32 188 99 218 26 38 70 63 182 
177 : 88 108 116 90 228 224 155 169 149 188 209 55 101 68 87 95 65 30 225 210 167 49 230 125 28 110 179 52 40 66 97 121 246 170 129 77 207 51 96 122 70 41 44 195 84 165 37 157 130 47 162 180 103 42 196 187 100 171 163 186 74 245 234 98 229 
178 : 177 195 53 175 106 234 219 101 29 152 69 60 91 220 239 132 121 149 227 82 32 228 203 189 155 162 183 31 118 114 111 88 222 182 62 96 151 237 240 186 54 58 200 211 35 52 224 247 147 30 110 190 161 158 113 187 37 173 79 194 142 56 204 207 196 51 61 123 34 146 57 209 98 80 136 59 128 75 87 238 42 104 40 89 223 244 165 168 184 171 
179 : 189 125 244 172 26 107 212 164 239 73 80 60 168 55 160 41 227 111 135 191 134 29 153 210 170 236 46 28 47 173 96 230 69 155 211 202 45 61 219 229 167 199 226 112 97 181 49 185 171 51 42 44 129 82 109 130 198 142 246 62 145 137 235 157 217 83 38 106 105 152 146 237 225 
180 : 147 145 122 78 71 56 30 215 88 217 54 117 94 97 32 79 84 243 144 92 185 142 164 73 146 72 207 37 42 86 170 157 131 222 
181 : 38 36 142 172 242 25 193 95 186 55 228 207 64 246 187 50 121 168 222 26 234 96 138 104 165 184 240 106 
182 : 112 183 205 109 123 119 202 152 228 210 45 103 199 62 156 167 213 26 233 141 124 240 121 244 217 97 43 59 189 95 188 25 27 216 171 172 190 126 40 236 140 71 53 65 88 223 37 68 146 
183 : 195 209 171 27 146 212 163 236 104 37 63 218 230 173 141 101 248 117 199 166 185 110 73 216 88 186 119 200 107 78 175 240 178 103 106 201 89 95 35 160 122 177 249 147 52 193 142 211 58 129 174 217 225 109 181 59 94 31 192 42 176 246 221 99 205 90 97 139 182 134 242 227 150 60 244 81 156 
184 : 73 100 221 228 204 88 82 49 34 157 225 99 220 162 154 111 118 26 38 117 84 145 105 216 67 79 184 86 242 243 226 77 177 247 227 109 56 107 223 
185 : 79 176 210 126 205 112 194 156 117 48 161 170 63 33 139 70 138 247 185 42 45 169 198 95 243 244 75 91 149 208 163 150 97 115 56 196 186 130 142 184 165 127 146 44 212 106 31 226 193 180 173 166 206 89 191 143 220 100 82 137 147 122 39 25 69 245 174 64 221 218 223 
186 : 204 81 151 143 66 90 126 134 203 207 109 192 162 128 172 200 141 88 31 149 38 42 227 52 225 187 173 230 198 190 34 212 36 74 64 199 208 146 234 86 72 226 121 65 58 97 106 27 117 53 213 43 91 47 140 60 240 202 57 
187 : 220 105 88 118 194 72 99 171 67 146 30 163 97 150 245 35 158 125 132 39 176 47 51 103 46 45 130 157 121 65 108 59 170 193 96 114 189 238 49 144 246 167 210 109 56 169 53 188 42 31 29 117 135 95 235 66 231 209 247 94 137 221 92 127 115 32 89 44 126 242 249 69 112 148 76 102 218 178 
188 : 27 117 92 55 174 178 56 216 207 144 38 82 46 162 39 225 222 248 198 102 98 232 130 146 163 215 199 30 197 78 90 
189 : 209 193 207 129 167 27 152 94 245 212 187 169 199 161 53 150 128 148 46 32 97 243 55 159 26 153 197 95 244 89 156 25 113 231 107 166 164 81 87 59 227 88 222 68 56 76 100 143 183 233 121 126 171 50 158 135 246 65 110 58 237 
190 : 245 169 211 236 64 193 215 117 145 167 212 101 58 65 162 144 164 44 85 52 49 214 73 107 99 148 202 165 213 153 184 135 180 178 112 170 141 50 132 151 70 61 96 131 69 121 125 84 181 118 174 186 140 149 220 195 82 47 160 208 68 194 196 79 179 138 
191 : 42 87 160 177 198 201 225 182 219 69 40 228 190 51 47 112 28 144 171 174 230 146 119 196 166 148 173 30 200 140 170 213 77 157 108 231 94 185 167 80 242 113 73 165 53 187 178 156 232 224 212 27 186 176 244 33 193 214 136 222 175 61 
192 : 129 128 90 95 112 159 162 125 185 191 102 155 232 237 118 240 200 167 62 245 46 65 53 192 130 218 132 184 97 173 149 109 99 234 113 146 249 70 147 104 59 216 36 136 100 77 225 241 27 247 45 205 134 169 215 126 50 79 150 74 44 163 193 224 83 143 209 182 222 212 154 26 103 137 76 164 140 
193 : 188 92 128 72 78 74 80 88 81 143 156 73 127 104 197 120 148 113 60 203 99 242 30 237 76 176 97 183 172 152 239 32 141 232 68 111 26 201 233 140 95 190 211 53 122 
194 : 26 206 180 111 100 231 209 81 230 190 245 98 214 41 185 131 143 96 142 124 54 125 159 67 140 30 178 118 60 249 188 64 234 73 239 29 162 112 103 172 101 141 213 79 35 63 148 200 160 77 39 205 45 150 139 228 49 195 
195 : 246 220 67 145 236 132 89 78 45 61 197 139 202 214 172 115 175 105 190 74 222 51 242 182 59 151 148 102 128 90 200 241 219 60 211 171 161 166 215 85 58 193 184 70 157 168 245 248 95 204 
196 : 181 207 83 67 119 142 188 171 61 249 231 210 168 130 230 193 164 98 161 144 28 155 41 117 185 247 190 217 100 162 195 105 191 92 197 56 149 215 103 242 88 
