0 : 52 207 160 209 162 244 83 63 123 84 247 189 57 88 249 106 176 65 136 43 165 216 102 195 62 157 85 174 118 47 120 109 241 240 25 152 111 103 133 222 44 51 177 190 242 112 89 37 246 140 53 175 46 159 
1 : 222 246 161 95 56 79 104 119 173 87 150 143 223 208 204 88 205 165 196 35 90 170 231 142 242 101 177 110 108 133 97 50 182 176 244 59 
2 : 93 143 235 32 141 231 201 127 241 204 88 91 193 124 237 248 161 225 179 244 234 99 180 167 197 61 125 72 168 169 126 27 31 29 214 104 94 230 85 189 172 30 95 174 63 
3 : 240 223 174 59 203 79 229 93 198 173 155 44 188 115 63 243 68 213 215 30 239 145 204 89 227 32 47 76 105 43 210 125 190 90 169 168 36 172 152 48 245 181 84 167 130 69 226 232 137 
4 : 104 105 248 240 72 128 174 123 125 168 189 224 75 38 86 239 76 245 208 166 26 205 149 119 129 235 111 152 59 185 90 147 
5 : 156 219 224 225 157 82 117 168 155 76 108 215 61 244 43 93 25 90 239 80 47 105 113 34 179 41 79 131 209 86 200 49 247 50 99 135 101 166 100 230 176 154 175 243 32 197 
6 : 121 87 101 93 67 137 193 31 112 73 194 83 181 227 29 163 44 127 151 105 234 223 130 43 149 154 173 106 45 196 179 64 191 213 156 172 72 48 46 52 109 161 32 63 229 37 133 117 169 201 211 212 143 
7 : 202 130 184 113 249 151 77 190 196 209 153 145 194 47 205 180 210 102 87 25 92 226 97 219 32 181 68 45 243 93 78 175 178 39 198 33 192 115 204 170 229 59 109 74 35 247 28 73 165 220 66 172 96 216 131 48 43 70 207 208 42 215 163 245 100 103 149 90 94 104 174 121 85 61 81 
8 : 34 45 221 167 212 164 215 85 111 101 154 133 140 71 51 121 168 75 55 116 237 118 195 230 204 87 199 219 243 161 196 66 153 135 126 175 170 150 129 143 220 205 112 231 39 49 97 104 63 235 179 105 229 41 160 186 134 98 239 35 122 197 236 187 
9 : 199 108 53 154 42 182 178 68 54 112 49 47 213 168 66 237 212 130 106 45 169 143 141 183 173 206 129 193 245 56 144 218 76 172 39 88 71 211 187 27 164 162 104 109 37 119 93 198 126 151 171 28 70 96 159 80 242 233 201 25 163 134 216 160 224 107 
10 : 206 125 81 222 29 128 124 144 88 26 181 197 89 110 78 137 237 108 94 37 155 56 65 148 34 
11 : 242 127 196 204 161 162 33 48 219 207 172 230 132 187 57 66 201 171 240 79 30 218 231 168 133 
12 : 173 187 154 152 209 69 149 89 85 45 95 171 235 184 191 70 155 74 125 110 148 141 160 170 140 222 147 169 80 167 58 214 93 61 211 243 86 138 
13 : 90 151 185 112 130 126 60 143 68 121 244 210 171 190 137 162 95 73 42 127 35 160 123 168 239 187 189 232 45 221 178 49 237 158 142 56 200 30 204 125 226 157 40 108 172 78 212 240 148 224 91 44 107 181 223 
14 : 132 38 98 190 137 26 91 196 123 235 49 121 103 206 55 157 146 126 167 191 159 59 71 45 201 108 224 64 183 120 233 181 248 94 
15 : 106 124 91 61 246 173 83 128 58 101 148 223 72 55 98 244 137 222 95 229 159 78 53 228 207 241 25 146 212 112 236 76 248 82 68 218 162 189 107 193 80 35 221 40 149 74 49 87 217 225 131 59 116 210 198 52 208 88 54 237 199 135 100 65 232 
16 : 225 237 51 202 53 147 77 64 188 49 205 222 236 184 107 133 115 42 40 218 161 90 61 45 106 31 114 191 217 94 241 87 103 170 173 109 221 181 50 232 101 168 74 63 148 231 189 171 
17 : 60 145 87 62 59 85 84 125 230 73 163 71 42 209 234 172 219 199 28 77 32 46 100 74 70 193 226 224 248 44 124 99 202 149 133 129 186 33 123 82 210 61 140 78 90 122 25 104 166 112 200 57 52 138 114 86 227 204 141 49 
18 : 188 226 64 74 246 194 206 234 162 86 105 39 247 182 179 45 108 148 172 107 189 137 216 215 157 164 94 225 192 243 78 222 120 54 143 67 198 82 76 93 109 241 35 47 159 72 231 203 209 248 43 139 122 
19 : 188 80 79 136 195 241 189 132 100 141 123 110 180 145 53 131 122 106 208 48 117 147 115 172 214 54 153 58 127 65 231 219 55 33 121 171 61 39 73 72 236 248 38 30 101 128 40 99 217 68 174 235 52 192 201 104 
20 : 33 82 112 48 201 79 65 120 221 160 131 159 181 163 217 70 99 145 108 249 203 84 93 210 63 188 175 88 32 139 207 247 109 37 124 113 76 211 136 52 234 151 49 116 142 140 154 46 155 
21 : 32 161 84 162 33 176 101 123 217 96 234 144 92 149 69 236 246 146 55 174 199 108 214 233 227 153 28 209 198 118 117 
22 : 76 147 161 208 121 105 207 169 215 183 182 231 69 32 44 237 119 126 162 230 79 138 177 244 229 132 50 142 175 109 181 133 206 221 87 39 217 42 238 38 174 72 176 30 78 220 70 135 152 242 118 97 73 122 
23 : 244 192 53 189 162 140 98 161 137 103 243 231 62 50 154 89 128 138 172 52 190 236 209 143 31 109 240 229 200 168 99 97 134 187 64 235 29 39 183 173 145 92 158 113 93 115 218 157 178 199 131 34 222 144 216 139 105 232 118 242 126 85 40 95 204 193 214 79 185 55 108 191 116 
24 : 120 167 201 94 77 87 45 232 128 106 80 181 90 38 61 166 53 203 133 89 41 37 105 213 39 83 118 216 234 127 224 129 103 100 132 238 198 162 218 134 147 92 210 173 158 179 139 42 205 220 59 46 49 
25 : 27 155 103 192 210 64 97 73 242 187 151 86 36 216 49 217 238 108 82 167 38 193 205 29 219 213 227 189 165 26 182 
26 : 170 211 120 202 47 212 236 176 181 174 86 151 103 228 249 246 107 49 129 39 56 205 225 44 215 180 210 54 191 160 137 102 235 55 188 213 92 124 240 50 237 173 217 25 231 177 114 33 45 108 116 143 244 172 182 163 178 247 138 97 220 
27 : 172 57 49 159 205 106 120 97 81 40 59 158 241 234 152 230 80 66 73 206 247 130 235 227 204 212 127 179 161 119 157 101 135 62 248 191 
28 : 124 166 25 230 29 219 113 111 52 65 94 132 119 241 110 236 99 80 186 204 120 198 97 137 72 182 26 187 133 
29 : 66 87 30 35 111 120 62 61 72 199 217 206 228 200 50 85 195 238 198 56 93 103 233 166 132 113 249 128 157 82 142 230 176 46 239 151 171 212 155 148 102 218 73 53 163 97 51 227 76 39 197 232 99 231 139 146 162 175 209 116 144 105 167 219 138 90 214 68 112 205 
30 : 169 27 135 77 148 109 30 137 84 100 140 61 93 54 119 196 107 47 147 171 82 25 242 130 80 167 183 48 118 173 239 113 155 128 170 115 101 57 64 161 90 144 51 102 232 168 209 212 221 74 
31 : 197 221 207 189 161 193 184 95 144 164 179 91 141 159 248 119 44 138 57 81 39 101 194 172 76 64 195 56 130 
32 : 72 53 165 215 37 241 116 249 45 164 204 150 80 89 73 151 111 159 48 188 57 68 201 81 131 126 182 187 43 176 123 239 158 39 31 135 222 25 60 234 179 104 130 198 75 242 229 105 78 218 197 240 144 186 194 122 134 109 71 191 46 196 161 208 162 54 129 107 213 69 27 51 142 
33 : 70 215 90 93 210 245 124 152 131 96 106 223 132 129 157 39 203 31 51 238 191 102 112 218 228 114 130 237 63 49 45 165 97 61 
34 : 37 51 161 210 188 122 246 179 113 143 107 203 241 65 211 168 55 126 43 213 106 184 115 104 169 42 81 149 35 27 204 40 200 180 242 238 166 49 31 88 111 
35 : 162 75 26 185 163 78 139 191 65 53 176 107 80 226 121 223 64 34 233 36 215 88 62 113 85 41 197 186 188 48 28 31 83 247 230 135 192 178 221 70 33 243 166 103 205 126 37 111 189 
36 : 144 116 112 162 207 236 213 197 186 160 173 202 157 181 188 161 204 80 130 66 140 242 184 230 199 60 25 30 194 198 32 210 171 35 56 206 137 111 153 122 164 182 217 114 249 67 169 212 90 221 170 34 155 103 101 
37 : 173 208 149 67 109 35 51 145 150 61 229 235 212 113 237 71 30 42 60 211 103 74 34 72 206 186 162 108 159 179 217 203 139 249 214 83 183 89 93 172 121 58 101 120 132 181 178 25 140 157 193 48 242 123 131 201 189 175 47 136 233 230 134 236 45 65 82 94 
38 : 110 83 114 170 201 189 149 244 99 51 173 141 89 246 74 223 205 94 217 202 30 39 237 128 148 97 166 163 87 164 34 98 210 203 62 104 49 
39 : 186 60 38 185 139 121 87 161 33 157 244 150 174 247 240 85 205 81 86 27 52 39 131 82 225 144 73 132 214 101 53 28 106 69 211 34 120 142 239 124 155 203 126 241 243 231 229 138 212 146 
40 : 26 114 88 171 33 27 64 164 249 198 83 72 105 223 109 145 106 121 80 149 49 209 162 110 82 232 38 133 167 180 168 169 54 137 81 116 50 89 76 99 91 220 58 160 150 
41 : 164 181 133 111 235 185 93 129 198 110 80 132 131 244 49 120 116 171 47 218 175 192 87 62 99 52 136 45 76 88 160 239 68 140 193 149 154 247 109 115 36 210 208 214 195 122 25 152 85 168 203 236 202 60 
42 : 114 172 62 243 211 201 93 150 199 128 95 156 115 84 31 204 43 122 174 66 182 109 102 97 87 90 142 233 234 236 134 162 42 187 55 218 41 141 207 245 197 113 226 227 64 138 53 81 157 191 144 26 
43 : 220 241 94 109 171 237 89 32 180 249 136 35 248 75 232 142 95 105 196 113 137 169 71 207 49 191 43 117 72 131 231 130 53 81 79 172 91 162 68 229 26 153 51 223 65 42 234 
44 : 120 58 92 166 208 47 213 207 107 179 26 170 238 197 53 97 142 75 230 139 200 134 162 78 51 48 216 57 85 
45 : 75 182 157 187 191 138 180 88 208 123 73 242 127 159 249 125 190 44 58 135 201 224 84 93 154 185 168 109 194 52 118 145 74 205 117 29 47 126 27 91 112 130 245 56 72 99 101 71 223 102 30 170 
46 : 217 146 68 113 76 173 198 199 187 194 155 225 123 208 150 67 47 241 85 37 163 79 162 82 229 197 212 190 134 88 43 126 186 195 243 184 41 107 69 246 127 51 204 166 248 59 247 228 147 218 118 95 189 164 193 63 196 237 84 52 156 115 62 124 172 125 137 234 160 99 240 214 97 
47 : 195 136 112 240 64 175 161 173 246 138 236 85 228 69 50 45 231 135 143 238 198 84 167 118 232 104 29 151 126 27 209 53 243 38 205 142 181 119 194 37 163 177 193 178 149 223 185 116 131 137 103 96 166 93 189 150 62 244 52 121 242 153 184 247 35 78 94 117 83 197 39 
48 : 101 105 232 78 213 173 186 180 246 219 211 27 86 131 188 217 215 149 243 176 55 143 182 122 32 153 214 229 128 102 226 123 79 181 224 244 134 68 104 135 118 141 201 109 218 132 103 44 204 239 50 174 225 25 221 67 72 26 43 
49 : 181 125 198 179 33 199 246 152 43 245 119 47 79 159 226 70 56 142 217 84 121 174 34 208 221 191 185 141 
50 : 82 104 146 165 107 225 248 233 85 160 213 193 232 212 106 200 78 206 180 164 119 189 217 48 246 192 81 153 61 149 52 74 124 218 177 72 238 70 95 66 101 186 121 117 96 30 113 41 243 179 105 
51 : 241 64 85 247 88 93 133 95 186 233 132 84 83 143 41 65 220 202 57 205 38 175 221 40 219 239 178 237 128 72 53 161 
52 : 150 241 240 39 84 46 158 186 170 125 239 169 151 100 116 213 61 220 73 70 201 168 174 99 210 120 36 58 247 65 162 138 178 180 54 156 105 141 101 149 185 48 38 64 
53 : 225 89 182 58 149 204 69 219 135 110 121 111 246 241 202 147 112 126 54 26 116 44 118 209 214 97 207 145 96 103 140 156 195 171 38 163 
54 : 95 124 241 223 232 112 108 75 29 180 31 189 139 244 233 43 208 151 32 76 65 81 155 130 212 51 52 116 181 
55 : 72 95 131 102 124 166 109 198 153 237 177 78 115 53 172 107 125 152 105 50 226 112 206 169 241 220 225 204 59 40 34 79 137 74 33 76 174 167 151 203 106 
56 : 54 66 101 107 97 33 232 237 247 177 212 242 68 80 90 86 226 112 190 189 81 49 126 70 172 192 198 120 150 169 64 231 59 55 117 233 118 38 249 114 193 240 82 
57 : 152 46 93 176 157 177 122 202 205 153 135 106 161 86 100 215 91 62 201 196 101 198 226 138 41 83 51 110 94 114 231 84 137 136 133 74 204 181 39 37 40 223 234 77 98 189 128 141 216 108 167 199 73 171 
58 : 45 167 98 124 231 175 99 243 149 120 240 187 133 244 218 96 198 39 121 32 27 29 129 228 200 78 236 68 119 238 147 81 221 47 82 135 232 134 223 118 69 189 163 140 179 51 26 154 155 117 170 225 125 249 131 192 132 159 58 158 102 178 142 245 213 127 91 54 173 237 
59 : 247 109 93 47 98 133 114 211 99 95 214 215 25 26 82 37 153 241 150 110 57 204 100 136 183 43 220 200 89 166 248 139 165 217 87 63 69 223 243 190 64 159 240 246 216 129 221 
60 : 113 63 222 169 132 155 220 131 173 243 48 50 160 97 172 170 216 115 159 141 136 215 29 56 62 64 244 111 45 142 176 96 122 33 78 
61 : 248 75 97 218 84 210 180 123 129 167 204 102 79 111 49 107 57 61 156 29 34 217 169 110 43 219 122 135 60 191 207 41 106 232 194 212 201 243 136 224 195 231 96 246 206 223 131 103 192 134 178 42 63 85 51 65 237 236 40 151 166 119 121 161 220 221 100 165 230 160 153 226 198 240 44 200 
62 : 111 56 226 122 132 42 125 169 123 114 160 164 76 182 189 145 106 173 206 128 201 51 181 180 244 165 215 235 108 99 163 233 228 196 161 241 30 210 230 136 135 104 239 214 171 39 204 65 70 184 221 62 222 27 198 49 149 120 35 44 203 137 
63 : 247 153 74 245 84 207 154 127 216 162 155 88 54 156 187 217 214 201 208 182 171 166 220 241 32 194 46 232 87 71 215 181 236 38 224 151 175 35 36 76 199 82 37 243 79 149 248 221 131 61 140 124 200 110 90 62 115 210 226 
64 : 209 91 54 166 123 210 201 105 157 176 174 36 172 39 235 103 74 41 214 97 184 57 144 244 136 229 182 240 150 234 93 43 90 100 163 98 79 200 183 187 88 82 120 158 134 231 27 25 112 80 208 154 222 142 233 63 119 55 236 
65 : 247 178 223 160 181 138 221 231 114 190 60 228 165 212 180 66 26 236 50 70 91 204 116 175 229 224 81 31 115 142 170 199 131 73 103 237 174 67 
66 : 113 72 81 104 142 124 216 249 73 111 196 83 114 39 119 220 168 86 214 25 47 103 195 213 181 161 164 97 236 207 223 71 178 157 188 75 206 34 148 218 190 152 101 53 243 177 191 57 158 29 
67 : 120 194 33 69 52 89 117 244 73 210 110 195 115 248 151 147 71 67 119 222 103 102 44 34 72 173 92 178 148 200 221 169 27 152 78 214 68 66 197 28 91 75 167 199 236 80 88 76 95 198 218 107 206 196 46 109 166 228 30 226 136 235 243 
68 : 83 28 193 142 234 232 60 143 158 157 87 48 79 53 136 29 135 169 229 204 230 49 47 238 31 117 62 94 63 112 219 221 78 242 177 25 86 207 64 174 103 211 81 130 247 43 73 
69 : 156 116 117 59 70 55 215 139 111 64 206 183 158 113 207 152 228 167 157 72 43 194 197 191 84 133 249 195 245 154 86 105 33 98 166 47 232 159 227 34 32 219 146 118 134 189 230 49 
70 : 177 62 176 136 190 59 157 124 64 146 100 75 153 210 108 238 130 186 234 156 110 233 221 51 45 90 83 173 95 199 76 47 79 228 245 222 200 56 155 163 162 122 36 120 140 148 52 105 53 243 118 217 193 226 192 116 81 207 141 39 38 174 58 165 34 35 37 203 96 69 187 160 183 169 92 
71 : 82 195 178 86 28 175 37 104 238 134 96 76 186 242 136 209 120 45 128 97 222 214 207 36 163 125 228 197 203 25 233 192 147 170 217 44 130 83 146 248 168 249 115 247 139 185 202 155 201 143 231 218 235 109 206 205 141 32 99 119 
72 : 139 108 99 223 49 235 236 150 61 88 35 75 26 149 73 221 65 166 44 194 135 174 107 66 215 192 96 25 45 241 163 118 231 176 220 170 226 232 59 130 56 202 227 51 72 
73 : 203 61 78 112 246 96 54 153 137 34 116 57 132 245 107 42 221 214 109 197 133 71 87 115 79 224 97 176 215 159 44 160 72 182 156 155 69 74 237 235 192 58 217 228 108 183 92 244 129 91 99 204 210 41 199 187 101 49 
74 : 118 136 213 227 156 95 198 87 54 90 174 214 111 134 237 179 176 131 150 125 220 248 173 34 242 79 129 25 112 110 193 
75 : 204 171 185 143 34 222 27 52 55 140 73 244 37 79 75 120 152 180 114 77 220 219 177 214 106 207 100 117 130 61 147 217 49 155 97 64 43 183 122 72 58 107 47 111 212 139 241 36 92 30 187 200 161 238 163 91 166 90 203 40 232 98 198 236 
76 : 36 39 217 85 37 46 77 127 129 241 195 67 83 109 137 81 149 49 33 130 44 238 159 82 242 110 91 71 132 248 104 164 116 215 179 118 76 246 142 239 
77 : 188 55 204 135 247 167 201 100 34 246 128 144 72 224 25 131 56 115 186 73 187 76 238 233 42 83 155 104 67 114 57 90 71 110 181 84 
78 : 162 71 193 88 62 60 32 112 177 240 56 52 75 127 180 246 66 59 96 39 30 225 195 57 209 242 128 137 81 
79 : 98 68 184 37 96 206 126 33 214 49 32 50 71 109 93 35 41 190 40 161 27 163 213 118 183 73 235 152 64 185 239 218 196 132 46 110 115 
80 : 176 226 241 128 208 181 95 121 233 150 96 29 182 180 163 162 220 187 57 92 228 100 242 61 130 169 131 136 234 227 31 36 
81 : 155 144 42 163 68 236 146 136 113 64 39 60 171 149 102 75 98 99 147 54 198 79 154 72 93 168 226 207 157 100 140 31 125 222 82 48 70 87 232 143 206 47 85 103 224 197 29 90 205 50 172 110 210 234 71 96 118 160 63 26 142 120 132 177 240 108 44 55 
82 : 47 154 194 74 105 235 237 228 77 111 223 93 101 126 204 92 120 64 122 72 129 142 87 103 66 121 182 188 83 132 95 177 140 85 214 180 125 224 31 226 144 
83 : 147 185 144 38 220 95 52 97 25 82 210 90 109 213 129 113 173 96 177 64 231 53 218 98 194 221 214 160 201 118 88 85 239 148 206 112 163 145 162 225 121 61 224 191 197 158 92 111 153 157 65 115 138 83 170 123 46 189 152 196 133 209 
84 : 52 139 38 194 113 216 190 79 176 159 198 137 127 241 149 160 124 88 235 78 131 45 222 138 39 121 63 68 220 233 167 74 205 
85 : 72 175 80 56 248 178 200 96 122 121 216 184 249 164 28 232 211 157 75 202 183 109 30 70 245 199 238 71 79 104 45 88 154 99 27 236 110 244 194 189 81 127 83 212 100 94 58 219 138 98 87 246 215 186 95 207 217 169 113 132 182 239 240 69 116 114 187 134 
86 : 194 201 146 103 31 203 211 76 193 185 178 173 91 171 186 124 117 50 188 169 226 36 200 110 187 166 81 182 208 72 152 30 49 231 65 69 247 80 238 55 212 245 38 94 246 181 53 71 59 128 34 102 105 60 192 241 37 220 
87 : 228 201 53 241 126 180 153 64 108 54 73 149 184 248 42 206 105 134 27 95 129 113 164 135 36 72 212 49 130 56 52 138 243 207 62 131 127 158 227 245 217 34 
88 : 147 226 25 241 130 175 247 161 151 57 27 198 201 116 70 55 249 234 243 163 199 148 94 144 240 58 202 192 228 54 44 96 52 63 166 183 47 53 105 205 26 109 244 113 136 168 176 225 139 
89 : 195 31 86 39 119 114 155 184 27 139 212 236 214 244 140 110 240 66 109 208 180 194 144 170 113 98 33 74 233 77 87 248 49 228 71 70 245 202 105 241 131 226 187 52 32 83 127 199 238 231 40 153 115 143 159 68 42 107 182 108 217 
90 : 243 187 180 132 199 153 171 165 194 64 144 246 25 147 73 182 193 211 113 210 231 96 104 41 143 51 162 215 163 75 249 245 121 229 49 114 33 240 248 120 70 146 183 78 135 29 61 176 65 169 232 87 63 79 95 127 174 86 46 159 54 156 161 110 128 91 
91 : 61 125 50 205 149 221 243 117 179 249 34 217 208 151 244 206 115 153 132 130 99 113 245 199 167 54 181 92 82 116 223 175 86 156 89 135 108 182 224 165 
92 : 228 30 123 173 127 180 193 33 178 224 225 135 140 79 204 40 129 152 36 137 189 153 39 49 125 46 238 164 26 110 134 188 58 151 101 60 113 90 177 206 55 217 244 104 130 179 28 64 95 94 147 169 81 243 213 146 191 
93 : 103 226 117 148 185 199 139 94 150 30 221 137 69 242 80 228 82 86 96 165 91 158 81 207 241 182 235 38 43 160 
94 : 168 180 121 157 151 114 71 219 117 96 40 170 118 235 79 107 84 202 232 158 62 128 225 104 243 68 244 215 61 74 32 209 36 238 129 100 226 175 90 93 142 193 78 123 184 124 131 189 231 227 165 25 
95 : 201 218 204 88 133 162 150 34 163 145 89 63 134 120 60 118 115 176 111 249 154 33 186 197 137 127 53 138 31 207 141 230 107 241 30 126 132 128 90 48 86 240 238 185 173 125 244 200 245 121 212 56 45 143 
96 : 175 141 150 112 92 137 123 62 57 50 80 134 244 194 64 216 147 212 127 245 224 240 218 178 60 
97 : 95 50 201 138 36 145 181 183 237 121 55 131 75 137 112 32 56 235 64 93 45 84 60 100 98 184 119 207 44 188 66 198 197 154 179 168 80 123 
98 : 28 108 227 85 194 246 79 118 133 101 38 89 190 159 110 220 131 47 104 221 117 243 62 200 45 202 209 102 211 93 239 67 41 207 156 187 100 99 172 51 39 173 46 120 189 145 229 31 199 140 193 52 48 142 80 42 178 191 148 163 192 242 225 180 235 158 234 161 36 165 54 230 124 
99 : 48 138 171 63 235 144 178 103 133 244 167 39 47 242 56 126 197 25 105 139 241 217 102 131 37 198 119 166 92 120 26 68 163 
100 : 143 147 124 110 118 196 162 145 61 136 228 223 169 232 92 123 234 52 176 202 73 211 236 71 164 230 113 216 94 104 239 41 180 193 60 39 100 188 85 138 51 68 158 197 126 229 105 86 66 187 148 132 140 165 33 131 153 185 
101 : 168 143 51 222 148 90 231 213 241 186 57 66 54 119 155 187 249 104 42 164 154 61 26 123 103 161 229 115 138 128 211 64 158 232 102 101 81 239 228 224 122 209 107 173 92 175 151 153 47 95 140 171 223 200 36 68 93 246 124 80 191 48 137 159 210 35 201 180 97 243 
102 : 134 203 47 221 102 198 218 97 238 95 172 108 177 85 62 111 64 112 79 133 61 40 71 115 160 184 204 69 136 72 196 126 231 131 242 54 44 138 75 201 100 208 63 207 
103 : 195 81 220 52 167 40 91 146 103 78 47 213 71 151 243 118 173 49 224 39 147 171 68 248 87 41 132 180 154 113 88 160 233 241 122 98 43 
104 : 55 129 25 72 45 84 185 242 247 228 145 122 233 119 70 52 123 206 203 51 27 77 215 208 30 150 67 147 172 225 53 239 71 211 217 168 60 128 108 61 232 90 83 160 143 100 161 39 189 107 151 103 
105 : 223 74 126 231 198 206 55 44 237 247 140 78 142 221 106 32 29 137 238 215 87 47 171 240 212 85 179 207 219 161 89 147 34 191 123 230 61 176 213 159 109 144 245 172 180 96 50 30 65 
106 : 149 36 201 165 52 136 140 142 67 216 43 236 143 156 173 57 243 169 73 214 235 161 25 171 187 105 227 212 152 146 112 84 184 49 28 245 246 72 167 96 94 34 78 181 
107 : 232 78 157 112 216 115 102 104 199 26 66 120 71 163 180 219 54 211 228 155 59 208 173 108 136 34 234 225 224 185 69 25 134 220 215 96 242 146 191 95 174 
108 : 71 80 86 154 183 135 221 139 165 101 179 78 108 191 227 197 74 225 186 117 54 204 66 45 85 231 248 103 203 132 102 28 63 112 171 147 104 238 146 73 82 53 84 59 194 158 87 237 181 133 93 125 243 122 118 233 242 239 77 207 99 213 229 
109 : 214 173 121 43 233 69 237 198 143 88 95 210 72 118 61 27 166 172 179 158 151 96 39 201 84 240 163 70 128 227 224 238 137 169 87 85 200 31 152 218 90 164 229 83 215 208 81 117 156 115 98 
110 : 49 120 238 58 35 227 160 182 158 121 216 186 31 106 64 228 161 175 94 79 141 248 63 62 146 47 52 84 140 217 188 90 222 118 162 220 25 167 143 181 67 98 36 244 38 51 127 149 230 212 171 201 169 246 44 37 232 208 202 192 
111 : 217 163 141 226 198 88 230 211 241 44 210 39 151 98 73 175 176 118 79 54 202 91 89 233 196 179 68 145 188 156 48 225 248 80 237 
112 : 135 225 193 69 169 191 67 203 147 46 110 221 180 152 64 72 178 154 107 158 229 82 34 112 71 28 138 61 132 104 27 240 84 172 234 163 134 155 179 150 189 42 162 236 228 51 176 70 245 48 200 127 75 131 35 
113 : 84 125 100 58 214 59 230 219 203 39 110 102 60 227 109 170 53 136 38 44 197 62 238 52 184 160 76 132 210 128 47 45 111 73 233 78 138 211 29 90 224 188 205 195 207 213 51 223 186 31 191 55 175 189 133 220 164 202 217 221 176 129 194 243 
114 : 166 242 129 89 220 135 101 236 31 163 75 233 118 221 123 134 112 211 158 99 180 81 40 95 145 108 119 64 173 53 244 60 245 109 181 125 172 234 25 120 189 164 223 195 202 206 154 190 210 41 143 92 225 168 126 29 207 146 187 140 228 160 138 35 229 205 153 55 39 36 212 56 
115 : 180 36 66 105 225 249 194 221 96 144 104 203 140 116 230 114 102 35 167 247 242 103 43 52 233 77 141 178 73 59 152 109 148 164 240 44 81 181 153 90 64 208 222 163 65 201 122 151 85 75 200 84 68 229 248 226 209 69 126 56 173 78 224 91 39 76 165 80 204 53 40 166 
116 : 115 86 188 197 91 162 156 243 122 171 159 206 218 66 25 49 161 208 189 124 196 204 220 212 141 147 210 165 116 177 
117 : 37 139 156 121 181 226 88 157 249 41 164 224 72 176 112 129 219 87 102 196 171 52 65 247 95 131 28 105 58 32 99 73 36 236 57 103 111 188 232 120 192 227 67 91 85 89 40 43 
118 : 113 150 198 199 33 204 78 27 59 230 42 52 65 64 112 167 87 200 183 97 174 190 115 206 232 160 94 179 89 227 
119 : 109 55 84 59 65 204 25 230 47 102 233 168 173 133 138 141 28 246 81 73 120 112 45 95 214 61 211 203 89 116 79 210 64 93 41 176 36 162 245 144 150 82 159 46 158 80 156 155 193 85 
120 : 105 165 26 69 137 239 190 125 127 30 123 147 97 177 111 235 52 246 104 230 228 159 60 54 153 182 203 89 92 198 87 82 154 152 126 195 79 96 50 109 119 115 213 64 140 162 193 233 
121 : 172 90 238 136 235 211 85 133 80 33 231 38 159 163 104 128 245 198 94 144 71 98 146 175 86 247 50 161 224 195 165 228 234 49 217 237 81 
122 : 203 87 55 196 163 220 94 125 64 50 132 195 197 233 38 85 244 193 155 211 169 86 206 157 154 188 136 184 89 138 238 35 68 207 36 57 121 
123 : 54 69 86 40 43 70 25 238 57 121 179 192 89 106 245 125 93 138 173 45 65 143 127 78 153 91 182 114 76 73 119 180 139 226 156 176 83 39 36 59 145 210 108 222 184 216 37 52 206 154 241 84 110 185 96 202 95 61 124 214 79 239 191 32 104 220 159 148 
124 : 163 133 141 49 74 187 142 117 180 195 149 92 72 236 157 75 80 226 57 184 178 89 232 105 162 243 172 64 37 139 143 129 27 56 124 93 116 194 107 45 144 240 121 217 193 63 62 26 73 224 
125 : 219 182 92 81 229 234 180 174 193 61 73 225 186 122 170 36 164 70 198 46 179 79 75 150 242 169 127 223 246 120 216 142 96 113 129 162 152 211 55 88 41 134 248 137 209 56 48 203 85 
126 : 166 162 191 61 73 222 177 156 164 194 213 48 220 226 184 172 147 112 137 175 185 38 65 131 26 157 188 102 114 70 234 42 107 45 
127 : 141 189 202 128 106 60 221 144 108 54 213 53 166 178 50 78 197 130 123 52 35 179 26 243 147 36 129 219 157 131 203 230 191 100 64 99 45 142 62 242 122 65 
128 : 144 100 205 130 208 179 231 64 50 218 116 44 200 41 35 221 187 77 177 161 244 146 154 107 162 138 30 46 223 131 88 66 135 128 45 72 78 76 198 34 222 87 71 181 165 95 168 112 169 224 36 117 58 182 155 133 93 
129 : 113 225 49 184 176 55 175 37 81 196 228 203 224 213 109 86 154 100 236 151 106 140 156 52 168 80 249 181 157 42 87 74 243 95 230 68 47 245 121 147 110 162 152 76 43 183 69 60 233 71 112 231 127 215 240 209 191 54 51 26 148 200 145 40 36 247 82 129 
130 : 100 240 42 43 147 198 139 236 200 138 208 165 105 175 121 40 167 149 117 249 232 49 134 74 137 235 76 166 186 
131 : 123 151 240 144 121 215 44 86 171 165 179 220 129 68 73 96 246 227 145 223 126 212 203 243 146 160 135 194 53 229 221 147 
132 : 240 196 49 94 195 168 85 148 125 104 197 30 227 137 208 99 193 117 47 43 174 159 33 135 36 166 241 201 171 78 239 242 247 207 55 42 120 115 134 217 236 25 128 61 165 139 167 192 52 75 170 72 133 48 153 82 194 225 173 202 112 190 106 95 123 97 237 46 113 178 245 60 215 69 172 157 
133 : 169 43 96 125 38 112 91 99 180 42 143 92 85 147 245 129 150 159 135 177 118 179 76 172 205 94 88 123 
134 : 160 229 80 185 54 208 106 145 45 227 238 27 153 163 175 142 143 177 216 88 172 64 133 195 212 218 70 132 135 219 237 228 199 209 51 28 60 225 44 248 107 152 146 158 192 205 82 170 174 61 115 34 100 30 203 167 215 56 
135 : 86 107 123 29 214 119 238 105 191 28 48 55 99 207 224 196 144 222 95 154 104 87 138 39 51 90 172 56 218 163 40 93 
136 : 215 244 184 135 40 161 167 103 242 113 137 76 233 192 131 189 60 47 202 147 146 158 44 145 106 46 54 32 181 66 57 100 39 208 55 157 222 129 72 197 183 93 36 58 83 221 246 43 89 216 186 77 51 88 193 130 82 85 143 50 249 119 128 48 243 155 172 124 53 169 156 210 108 162 
137 : 196 137 185 56 28 102 105 107 86 183 238 96 33 118 98 40 65 204 239 85 154 200 243 63 92 136 156 145 166 45 101 155 57 149 125 94 216 247 35 83 79 202 139 100 199 148 52 97 47 162 142 34 64 82 128 182 42 211 167 72 227 213 117 32 
138 : 135 176 112 108 168 104 40 153 99 231 43 58 200 179 249 157 136 187 227 114 131 221 248 247 129 46 224 85 150 152 98 183 160 31 165 159 51 186 178 171 35 124 166 30 54 39 220 235 106 177 170 
139 : 166 67 123 86 44 149 219 64 232 49 85 203 129 108 177 230 58 180 76 96 187 127 199 82 103 151 191 164 
140 : 29 231 73 63 177 136 154 218 98 175 106 244 141 128 181 221 172 122 228 81 51 61 26 219 184 234 46 95 62 101 37 96 125 246 222 
141 : 174 196 150 170 209 93 220 108 76 171 106 80 32 143 134 227 100 68 105 148 200 189 206 195 157 191 212 48 245 164 35 239 31 
142 : 232 242 146 165 88 42 51 170 204 123 210 161 247 216 246 191 43 68 79 151 175 166 130 117 57 69 50 149 195 135 152 106 112 234 118 198 52 141 125 54 59 76 143 168 186 200 64 136 188 215 
143 : 175 73 119 113 211 183 60 120 39 199 41 108 121 245 225 115 187 171 148 209 55 210 230 112 145 189 109 44 243 222 214 242 167 195 
144 : 200 198 230 221 232 240 143 120 137 117 199 130 113 45 175 156 204 48 126 94 122 172 246 217 237 212 84 247 193 98 145 90 33 35 183 87 176 134 197 69 185 181 160 136 89 144 65 174 228 173 150 206 
145 : 110 162 74 65 30 28 82 195 232 217 80 173 168 49 165 131 106 149 210 79 86 126 199 169 172 75 222 94 62 78 167 176 235 230 116 105 190 87 192 183 211 50 160 99 52 177 
146 : 81 117 184 195 40 248 58 59 223 153 84 204 233 230 101 219 171 215 111 152 196 70 216 85 212 181 38 88 108 74 
147 : 212 167 134 71 110 74 45 115 119 181 186 149 247 51 232 93 105 150 198 33 104 29 35 210 64 213 214 44 77 239 124 130 205 230 166 111 126 206 40 177 246 148 49 235 222 225 99 180 131 
148 : 237 95 55 240 31 143 72 214 53 162 245 102 28 64 204 26 111 197 212 56 98 213 75 247 182 118 45 243 131 117 52 193 135 124 220 110 66 142 112 164 61 130 149 106 202 228 147 136 69 186 192 51 
149 : 167 50 173 235 208 234 227 72 109 134 222 242 172 168 38 160 189 241 161 171 193 75 74 61 198 181 205 27 90 240 186 151 135 67 144 183 232 98 245 91 218 226 141 247 170 177 92 104 239 207 118 82 176 233 228 87 103 159 97 219 65 41 34 236 68 152 139 146 195 
150 : 126 65 39 138 73 236 177 92 198 186 67 106 36 95 84 232 222 90 228 110 125 145 182 28 35 205 64 210 156 77 30 88 233 240 61 98 190 72 86 245 165 192 85 207 242 139 102 
151 : 34 220 57 238 48 77 114 222 127 43 70 87 103 105 189 173 69 132 145 214 196 193 237 73 195 50 162 71 122 228 198 113 207 144 33 117 30 232 
152 : 221 190 105 218 142 204 128 37 225 243 178 227 230 30 209 62 174 119 224 47 100 76 208 33 233 220 94 67 85 175 179 219 64 162 39 238 171 150 25 49 103 32 247 53 122 97 79 212 74 77 86 180 165 177 156 127 106 120 202 104 113 58 27 84 245 239 217 42 109 149 
153 : 78 180 205 237 61 134 190 157 50 166 36 63 186 244 119 104 66 127 93 200 218 135 154 34 41 144 29 158 215 140 182 240 86 40 
154 : 113 227 170 72 140 27 208 222 224 200 197 243 191 225 32 75 64 98 196 175 234 231 58 49 174 135 31 247 45 100 46 159 28 204 246 202 223 172 206 109 40 195 35 221 36 226 41 126 128 207 158 141 147 95 119 118 26 229 94 176 163 42 131 117 169 30 166 29 203 120 111 
155 : 37 43 147 92 105 84 207 85 106 181 241 62 244 151 117 178 209 134 149 138 163 53 82 38 90 118 55 156 136 219 65 124 190 211 29 135 132 174 120 93 201 26 176 175 172 168 70 109 191 188 198 173 220 98 145 166 36 142 177 45 212 96 74 34 31 234 213 203 
156 : 67 227 175 41 234 104 174 221 96 195 163 185 218 237 178 30 73 212 76 54 223 183 89 219 208 99 244 136 236 50 91 39 62 201 83 46 80 74 81 51 36 111 75 149 170 87 106 129 160 216 204 168 78 44 153 132 128 141 233 98 240 209 135 59 152 93 25 226 121 64 34 188 107 110 
157 : 220 108 85 177 237 39 240 29 110 138 161 207 119 62 120 46 165 171 144 65 83 133 229 118 104 189 90 245 128 149 139 188 158 135 37 71 102 153 87 194 44 122 26 112 179 126 54 181 219 134 137 35 241 34 53 
158 : 223 218 200 206 164 106 234 145 113 67 79 183 157 208 40 135 137 37 148 190 181 65 161 212 117 66 187 51 132 48 194 60 198 116 29 130 115 209 73 237 126 96 158 47 31 165 215 43 93 241 35 28 34 36 127 146 134 38 128 191 222 107 105 188 248 197 25 193 54 27 153 103 169 102 144 
159 : 34 82 217 184 75 227 193 235 44 42 248 247 122 207 127 228 80 93 48 243 119 170 116 47 111 64 157 33 117 144 126 121 175 
160 : 174 78 25 185 68 197 65 33 221 61 82 168 72 212 83 143 66 46 154 48 187 222 149 223 210 184 238 190 230 137 206 163 167 104 118 175 193 115 207 103 228 239 110 177 101 79 26 176 211 124 75 128 91 64 201 57 129 116 240 80 74 117 
161 : 169 151 33 197 52 141 194 137 65 34 46 220 145 138 40 231 239 144 191 247 135 224 246 165 229 115 134 133 96 139 99 154 127 124 153 
162 : 94 170 229 96 188 62 67 102 223 107 78 218 27 118 36 109 172 41 126 123 25 204 244 68 61 245 130 34 215 49 199 182 89 162 77 76 54 45 105 120 117 60 55 198 110 119 146 56 99 177 197 226 174 42 111 
163 : 112 42 201 150 211 121 246 204 109 137 139 75 148 57 96 48 106 31 25 163 99 190 116 236 245 111 88 122 34 145 39 81 180 244 212 135 184 183 157 84 140 207 226 130 47 35 64 224 128 
164 : 203 50 104 146 161 163 34 147 116 154 145 53 30 238 216 232 218 215 136 112 130 138 64 109 170 175 52 62 235 70 171 124 153 88 113 69 226 85 182 96 86 90 97 173 91 67 202 80 220 28 165 114 99 45 110 225 155 195 37 198 63 231 200 
165 : 67 220 243 36 180 48 166 128 88 241 178 123 32 40 189 167 215 213 179 237 246 39 231 76 58 159 217 230 223 29 111 170 96 194 186 163 106 145 66 141 30 182 195 72 
166 : 201 74 180 236 183 247 149 80 195 63 188 154 237 130 30 235 87 110 203 233 168 37 204 68 50 227 126 103 249 222 124 44 77 132 232 186 147 112 107 70 31 128 228 34 209 219 47 198 226 101 220 
167 : 160 241 245 192 48 219 46 211 161 117 137 207 122 45 163 154 54 185 37 116 26 57 40 125 47 88 134 179 101 230 136 59 224 96 140 212 86 133 235 222 108 68 
168 : 28 174 220 235 29 236 64 206 65 80 115 230 136 52 192 168 125 247 165 229 107 155 237 178 131 189 244 85 26 163 106 201 162 195 45 219 208 154 70 233 158 130 118 113 48 56 138 
169 : 144 217 132 41 190 128 145 200 246 88 222 43 131 90 113 34 42 171 82 68 136 240 75 237 47 
170 : 233 41 205 72 158 89 37 52 135 143 210 100 115 104 99 156 95 138 224 162 175 90 141 212 45 218 25 55 235 58 229 94 136 68 228 122 51 184 207 193 31 114 73 157 111 42 118 93 110 159 106 222 92 105 160 199 151 87 213 176 101 243 102 123 86 127 178 96 27 43 177 244 196 33 
171 : 116 49 92 225 204 200 109 89 76 54 74 130 125 151 133 106 184 215 236 227 112 48 209 80 137 110 119 117 142 68 46 52 45 156 216 181 245 55 65 135 239 85 93 71 212 66 77 178 246 42 190 180 185 195 50 100 240 187 101 
172 : 139 145 91 99 73 151 67 191 160 158 119 50 61 243 97 206 211 196 111 192 184 224 105 26 31 143 86 179 136 203 201 148 235 88 103 221 205 58 195 226 39 220 183 106 147 78 101 38 34 227 87 64 242 210 232 189 107 157 246 130 238 208 112 109 214 
173 : 99 143 65 83 131 172 206 29 69 139 155 198 152 226 102 195 162 242 55 210 147 75 243 51 31 48 235 56 182 50 153 150 170 156 111 126 95 38 200 86 49 100 33 81 130 125 177 214 28 72 239 58 179 84 244 184 115 132 57 96 212 183 60 71 92 157 104 127 108 159 88 74 
174 : 98 183 173 232 206 67 72 156 162 99 203 121 212 163 226 73 219 242 53 101 38 70 69 33 65 52 27 214 60 171 120 158 227 139 103 112 140 152 79 92 29 35 97 138 104 160 117 124 42 155 75 58 153 
175 : 88 62 42 30 50 66 227 179 213 92 161 101 52 219 77 96 206 135 129 197 243 99 95 190 134 137 212 196 128 171 193 82 209 46 98 189 75 201 180 249 147 146 238 244 70 93 86 122 144 204 
176 : 92 153 85 53 126 232 240 125 30 113 163 228 102 134 133 192 120 247 208 138 64 107 215 176 145 178 112 56 213 48 43 147 168 188 184 28 214 218 83 136 234 59 52 173 84 209 34 164 186 50 148 29 202 119 245 100 141 162 41 212 46 118 70 225 127 90 51 
177 : 110 237 26 70 161 246 57 146 139 62 202 102 100 111 61 240 196 243 41 216 123 163 27 234 245 87 201 241 98 153 226 141 104 157 108 215 73 232 46 239 155 112 
178 : 164 119 100 108 185 31 218 226 183 45 117 169 150 83 151 139 163 42 109 200 134 84 147 240 143 192 248 60 95 33 71 62 157 48 168 238 241 131 133 161 232 194 54 154 30 47 188 
179 : 56 88 49 81 51 167 171 198 170 115 217 209 155 249 176 37 187 179 42 163 139 142 31 105 58 189 122 248 45 232 48 246 150 234 35 211 226 175 119 159 
180 : 125 189 200 30 225 75 74 184 162 62 201 167 222 221 155 149 45 58 46 83 110 31 39 101 223 55 190 187 216 60 227 32 127 179 71 43 231 169 131 154 213 163 137 27 234 29 87 82 90 249 219 121 141 211 178 248 175 
181 : 154 51 235 193 175 54 161 81 92 210 173 127 33 240 207 139 26 25 213 187 234 237 118 204 165 
182 : 50 90 70 156 162 48 210 174 192 125 75 93 184 58 160 194 161 71 199 169 41 168 57 111 213 189 66 235 206 139 226 133 80 83 144 140 99 104 40 113 149 153 45 65 87 72 34 33 224 96 26 86 103 180 154 212 36 243 112 203 167 53 248 215 225 47 209 217 146 97 69 134 182 205 77 
183 : 204 43 203 241 97 77 235 143 103 105 239 145 201 129 225 155 109 74 46 224 47 153 209 208 35 44 197 212 62 180 181 119 72 34 159 50 49 73 104 213 33 61 
184 : 54 145 196 165 63 55 112 93 127 72 148 115 106 237 36 158 192 153 45 247 104 38 70 41 123 215 221 125 109 228 194 218 107 150 176 30 69 139 74 52 159 77 143 178 25 230 201 142 32 170 138 219 121 166 133 236 186 190 
185 : 154 185 78 221 192 90 242 89 206 50 130 210 91 247 59 112 67 164 88 37 180 137 66 54 241 107 183 222 243 230 152 203 119 100 102 96 44 229 160 106 111 220 74 224 218 55 139 127 237 92 
186 : 77 217 150 240 43 127 170 157 224 40 138 152 49 207 234 26 131 99 202 25 69 98 130 247 120 125 208 184 44 199 81 176 57 103 190 117 164 135 222 249 64 233 165 182 195 168 
187 : 129 72 59 88 213 172 34 149 192 71 217 189 218 57 221 53 169 136 241 148 159 43 199 112 236 52 223 135 170 90 219 139 65 79 193 144 107 178 87 50 211 41 44 147 120 66 245 134 204 38 116 63 171 145 175 182 197 231 128 
188 : 67 241 99 223 50 162 201 188 98 239 96 139 142 91 60 71 66 37 169 86 229 180 159 85 51 208 138 80 120 42 48 
189 : 106 204 142 191 212 79 130 46 135 239 200 214 27 165 67 202 184 118 52 221 193 186 116 240 110 30 37 210 194 65 232 244 42 104 140 224 188 39 89 59 167 
190 : 164 37 236 222 57 228 192 48 224 109 214 177 232 172 113 239 225 125 170 247 80 193 118 115 196 140 33 168 154 62 143 43 124 207 103 233 66 91 129 116 
191 : 95 168 167 238 246 74 172 25 151 180 198 181 234 28 240 80 188 221 209 242 56 222 216 208 52 62 196 195 114 130 46 126 41 87 42 109 162 70 44 166 38 50 49 170 43 217 147 145 203 159 47 60 94 99 205 90 69 247 220 150 88 102 67 66 155 206 224 239 73 164 92 71 120 
192 : 228 102 158 155 144 172 245 34 119 221 189 88 227 241 116 162 163 146 81 224 182 171 151 210 90 145 79 44 69 109 177 246 100 91 63 164 76 111 232 121 212 131 47 181 70 110 56 153 52 196 104 193 154 46 97 51 159 147 83 178 73 84 234 93 66 25 
193 : 231 55 106 181 83 169 228 141 132 91 99 211 60 233 68 220 134 219 214 241 143 202 225 221 80 203 58 226 118 81 145 65 147 199 191 48 49 246 129 67 
194 : 77 107 172 62 89 248 147 176 87 185 54 66 38 29 214 114 161 217 50 82 132 182 245 41 166 67 174 195 181 191 103 69 151 183 169 199 78 224 32 27 131 102 187 70 95 141 216 165 230 139 207 233 158 167 72 125 74 244 156 210 209 91 134 198 175 80 
195 : 146 201 101 129 115 245 121 134 113 188 246 88 110 116 204 56 39 36 120 196 62 81 68 170 247 210 53 43 86 104 78 79 98 175 76 224 143 171 211 228 38 168 194 58 47 105 243 159 184 158 153 212 183 112 244 25 33 238 152 34 202 191 48 31 
196 : 103 198 78 75 136 179 121 86 219 171 59 222 41 232 100 234 62 58 29 96 77 202 50 51 114 34 117 70 228 237 246 66 217 223 184 149 165 226 124 45 211 32 105 231 245 134 52 88 55 82 64 164 174 188 73 199 194 91 80 168 208 65 176 87 97 204 220 133 170 95 
197 : 162 85 45 71 196 182 78 129 73 100 102 92 35 175 141 204 38 39 82 217 202 171 216 233 26 147 107 124 47 248 108 122 43 119 80 64 232 120 81 118 146 31 77 164 247 143 238 88 206 150 153 187 225 121 237 49 161 240 48 234 40 25 214 227 188 166 128 116 91 169 37 163 111 159 
198 : 66 138 136 50 104 227 201 245 26 102 60 93 219 28 135 36 240 224 159 217 143 229 196 239 160 92 207 208 139 59 89 113 35 79 131 231 99 197 63 187 209 194 33 142 232 210 112 81 118 228 180 
