0 : 71 193 177 153 172 160 173 169 60 86 176 90 133 40 224 26 236 244 218 27 215 58 207 94 164 147 159 98 105 128 140 34 136 188 154 121 114 143 36 211 152 123 63 112 157 65 70 138 233 142 120 168 165 104 52 39 67 214 111 
1 : 78 33 81 154 105 27 153 124 207 93 191 235 110 179 177 249 215 98 39 150 159 43 69 245 152 206 182 
2 : 99 36 233 98 75 35 229 217 66 67 128 208 42 223 53 104 216 187 238 58 147 144 160 30 191 129 114 39 232 32 55 121 203 112 172 245 236 83 45 173 94 26 44 113 176 167 168 213 186 109 102 244 116 169 126 120 71 214 74 133 60 184 56 209 202 46 183 125 246 242 207 177 
3 : 106 157 244 40 246 67 134 81 185 189 187 245 47 204 89 44 118 93 160 169 145 30 123 101 127 184 153 215 45 233 213 135 125 147 111 195 57 85 142 77 64 164 43 141 179 26 156 120 143 62 168 228 144 196 227 191 172 61 247 203 36 104 242 97 149 202 100 197 209 163 108 229 68 174 65 148 82 214 53 95 113 176 237 240 87 132 
4 : 209 76 208 100 150 93 108 86 54 125 114 218 187 79 63 62 33 26 220 228 126 190 111 210 232 165 78 197 
5 : 108 171 56 193 135 211 73 170 44 104 93 39 248 61 48 188 68 186 81 244 111 243 27 249 47 122 63 71 42 200 35 238 167 58 173 198 235 142 69 178 163 74 162 219 230 166 28 141 202 31 133 191 236 64 213 129 88 153 90 187 127 247 113 29 195 70 139 125 147 77 97 152 174 229 
6 : 245 49 130 29 27 228 94 246 116 169 68 53 83 32 109 178 25 244 36 193 239 84 232 76 165 106 182 
7 : 114 218 188 74 248 165 139 71 128 104 193 133 54 167 156 159 223 176 112 148 141 129 105 57 144 42 172 111 48 189 100 137 29 82 87 84 75 92 
8 : 63 58 173 217 229 75 158 226 61 181 96 98 136 240 187 125 54 47 239 248 110 143 31 222 167 37 114 33 121 172 124 245 171 207 162 105 128 154 122 90 213 135 49 113 180 138 83 117 30 147 108 165 193 118 64 204 104 126 156 111 91 89 127 112 146 228 218 227 129 191 216 141 73 56 95 152 157 
9 : 249 35 57 64 199 36 126 104 122 32 157 49 47 155 172 191 248 210 123 106 229 176 226 213 127 108 198 132 202 241 140 197 215 112 
10 : 175 102 107 71 128 157 200 243 236 61 141 249 125 37 87 96 227 101 162 235 166 242 69 223 95 143 111 161 182 144 93 31 
11 : 106 113 83 172 137 48 240 143 176 165 218 120 182 229 225 144 112 238 236 234 102 129 189 53 44 39 231 179 26 169 69 47 28 167 222 200 214 82 203 34 49 206 141 142 178 133 124 116 185 75 119 87 154 177 171 63 94 61 158 248 55 180 60 148 145 207 146 125 186 62 57 115 33 52 107 235 202 103 249 219 
12 : 217 124 189 48 89 98 216 177 121 40 39 117 224 214 60 81 209 200 67 225 77 108 115 192 116 235 126 201 205 137 230 
13 : 140 94 59 80 218 219 73 165 175 209 174 37 99 95 220 62 141 40 231 207 169 25 84 127 221 202 102 153 213 156 117 107 53 139 194 118 178 57 232 240 77 137 113 193 122 
14 : 145 79 234 118 203 218 120 175 74 172 183 243 143 123 146 216 231 189 184 229 205 237 193 208 68 45 58 248 152 93 232 42 55 209 127 90 196 150 211 149 161 
15 : 53 216 237 93 101 200 68 133 108 218 243 129 214 145 107 127 117 193 154 194 249 131 132 94 142 
16 : 207 80 51 157 208 137 65 83 141 56 183 151 41 182 242 238 104 213 52 194 68 121 96 29 38 198 246 223 187 106 64 171 147 76 231 133 143 195 99 166 90 247 177 146 102 97 63 138 50 178 175 128 92 101 186 144 117 228 79 233 232 120 209 159 214 58 28 108 37 237 36 189 188 220 156 201 98 244 113 202 211 167 
17 : 102 28 249 238 154 237 190 58 186 156 31 191 136 208 183 85 120 228 212 220 89 140 232 94 118 143 153 97 38 169 26 60 115 206 148 184 236 139 108 158 160 152 222 170 233 203 27 41 50 193 52 34 78 75 40 216 144 95 234 48 171 72 99 91 224 246 105 182 126 79 175 159 204 179 231 223 66 32 127 92 137 63 
18 : 228 215 67 93 146 95 40 209 153 159 192 223 137 114 216 162 199 47 235 105 64 243 164 85 246 119 88 113 
19 : 105 186 172 51 242 142 184 169 226 235 77 178 127 146 44 27 230 48 223 111 194 188 237 54 225 190 69 181 215 229 248 86 177 150 227 220 200 82 35 95 157 199 162 55 120 125 124 160 232 176 206 193 29 249 231 59 31 80 210 76 245 
20 : 106 121 123 32 29 70 171 216 194 245 217 76 127 144 117 228 197 165 65 82 99 28 233 150 193 151 100 208 66 142 205 93 54 97 35 196 185 118 153 43 137 71 57 98 149 195 53 160 202 210 246 141 172 44 164 192 236 198 80 55 59 183 214 219 46 243 119 215 60 234 81 221 34 30 62 239 248 102 146 218 77 104 73 67 91 41 143 90 95 244 125 148 
21 : 151 198 94 150 58 73 157 76 218 167 49 86 188 33 118 147 60 126 25 239 219 173 191 170 154 212 26 141 186 158 177 88 180 148 232 87 123 169 242 213 227 210 117 38 47 29 214 176 149 30 55 81 208 245 238 140 108 83 146 155 40 111 230 199 125 226 82 220 136 102 240 236 79 122 84 174 54 64 62 192 209 165 92 35 113 45 182 61 181 187 115 204 244 133 99 
22 : 196 166 54 25 52 162 68 147 75 157 26 36 197 29 247 238 205 105 79 57 106 71 39 70 181 40 200 
23 : 227 219 177 102 48 31 140 71 78 42 192 104 89 67 162 242 172 61 163 27 238 200 212 209 126 85 165 211 215 229 233 249 114 54 118 248 171 87 184 129 204 246 
24 : 206 91 36 134 215 125 139 176 95 235 246 231 140 181 245 52 76 54 153 49 166 222 224 137 46 204 147 182 84 58 41 165 238 35 75 186 51 37 228 106 127 216 236 122 197 30 141 63 194 183 237 28 239 80 94 210 217 93 
25 : 177 125 94 62 128 99 234 29 165 221 55 61 173 31 73 205 148 124 198 242 171 44 181 106 166 116 32 163 101 178 185 118 247 45 41 190 193 126 160 120 194 67 108 174 81 232 48 175 243 144 145 140 129 136 97 209 87 96 164 149 233 68 220 245 65 107 47 
26 : 230 98 74 54 118 183 145 157 197 194 180 129 176 87 34 119 32 188 225 125 139 228 143 249 110 191 236 35 193 211 168 175 155 40 112 158 114 167 48 164 106 27 186 88 71 38 148 65 111 152 127 62 29 42 60 166 67 113 235 56 231 187 171 36 153 170 202 33 39 26 222 59 223 84 83 77 138 104 242 72 89 247 95 172 47 233 41 132 240 215 141 160 
27 : 199 96 50 208 214 145 35 155 179 51 227 46 229 243 84 157 232 105 225 172 98 248 102 197 58 
28 : 112 163 126 175 152 176 179 201 131 94 129 140 86 206 244 116 31 146 132 217 84 100 53 75 187 197 66 188 55 41 136 198 123 147 204 47 174 33 77 87 226 
29 : 219 52 57 49 210 245 192 30 63 138 69 163 173 128 161 241 189 94 78 171 109 220 93 185 239 212 198 143 86 242 176 211 182 112 107 136 26 238 234 180 59 231 71 33 64 108 76 101 187 184 235 140 156 77 131 127 37 158 214 177 195 40 217 90 
30 : 162 29 32 142 67 109 242 200 178 244 25 102 161 88 84 214 60 241 223 243 204 36 75 180 138 35 69 158 151 216 49 174 118 208 104 183 31 99 108 147 131 225 157 154 163 43 87 80 199 206 143 128 93 45 237 144 231 111 127 164 228 123 101 235 46 39 86 40 63 106 159 107 150 213 95 121 173 59 53 130 44 245 66 175 83 74 207 197 189 96 211 181 191 78 171 
31 : 48 68 200 43 123 58 147 121 46 94 49 179 62 117 233 86 96 33 248 138 79 245 170 84 54 145 232 190 152 56 95 131 193 100 40 118 237 78 174 101 224 164 235 151 156 32 73 188 97 220 102 136 71 217 64 113 83 213 52 206 153 167 34 104 142 231 176 165 25 29 192 194 187 163 180 221 172 125 109 126 173 135 181 31 140 50 160 177 69 89 
32 : 120 247 48 47 210 41 224 66 245 223 184 182 132 227 162 65 230 88 72 44 188 71 84 105 229 76 219 222 37 131 32 226 104 157 201 67 57 242 106 241 56 74 198 111 189 231 68 187 127 138 154 38 192 140 170 174 240 108 124 194 116 203 80 103 75 218 155 45 109 199 158 46 178 179 176 186 145 63 110 228 59 125 142 25 214 90 208 33 153 118 
33 : 39 230 142 152 184 225 143 192 189 132 149 145 235 37 168 56 221 138 63 51 30 150 114 164 42 135 186 98 33 223 67 104 231 196 134 206 244 226 174 172 122 41 137 95 119 35 31 136 109 199 102 204 248 74 241 207 245 94 180 52 140 128 177 105 169 88 227 130 100 176 112 38 195 141 120 49 124 76 65 131 97 
34 : 213 104 179 215 153 205 203 30 35 241 234 193 31 32 158 226 100 130 160 245 246 148 202 192 221 68 56 174 79 185 168 105 223 
35 : 97 202 131 149 31 152 199 211 40 95 207 147 189 94 124 98 100 140 51 42 223 203 226 106 153 146 192 248 132 133 102 52 234 84 210 196 77 156 218 25 66 159 116 129 231 137 175 101 73 113 65 184 165 83 121 58 
36 : 199 180 204 160 229 35 48 246 141 33 169 210 239 54 241 248 243 52 175 43 161 77 45 157 206 144 228 89 82 233 167 32 59 50 76 214 68 170 154 108 128 109 87 195 31 188 215 146 90 151 92 186 238 245 112 198 181 223 242 235 116 26 209 121 133 182 237 134 193 221 28 126 34 139 192 84 110 103 179 127 149 220 37 30 88 101 249 99 164 153 
37 : 206 120 230 129 151 50 204 234 161 133 101 60 137 88 236 34 77 71 135 141 68 177 42 41 54 80 171 100 65 26 197 227 127 36 67 228 87 155 45 97 181 40 180 165 216 140 47 231 96 195 123 52 142 219 38 244 175 217 66 126 95 186 104 143 169 128 118 37 196 44 189 220 172 130 48 94 242 27 
38 : 86 165 139 70 126 65 91 215 222 156 208 76 212 189 124 35 69 122 110 158 240 153 154 45 144 40 150 109 195 114 26 197 80 233 60 81 89 238 172 201 185 
39 : 192 109 107 105 77 150 66 60 47 133 227 59 27 82 163 57 98 111 25 142 89 130 209 102 136 80 101 236 121 132 110 155 137 143 230 
40 : 33 43 192 220 128 53 83 214 55 139 211 116 49 31 76 47 44 180 210 231 130 154 146 74 88 168 67 36 
41 : 187 224 108 84 197 167 236 199 92 237 153 90 149 190 35 198 123 52 184 185 51 79 133 65 87 201 109 44 135 206 210 163 202 82 83 249 215 27 233 128 138 195 121 155 56 156 141 209 89 143 112 248 85 217 159 95 204 137 161 240 219 142 165 91 171 47 243 192 216 164 38 28 53 179 200 
42 : 84 47 63 231 78 52 147 36 114 72 190 198 178 239 98 39 188 74 50 25 161 197 116 101 68 29 245 240 214 41 51 96 149 66 235 160 76 31 28 222 105 33 157 145 213 203 242 205 112 221 248 241 176 229 91 165 154 143 71 226 43 225 249 220 120 156 138 158 58 111 77 34 
43 : 45 206 169 199 236 85 103 71 133 101 52 241 50 166 115 32 27 28 170 67 55 165 192 51 213 77 58 215 144 123 29 188 37 114 209 249 106 229 222 181 47 147 163 168 198 135 217 155 118 105 233 130 189 44 122 247 124 117 126 40 174 80 234 162 111 92 191 
44 : 138 191 49 82 203 244 158 218 149 205 40 41 126 123 190 52 62 180 61 69 168 89 222 55 196 215 187 234 177 35 147 192 150 137 46 225 127 86 45 128 176 185 197 71 217 64 144 237 208 120 92 102 56 118 153 70 142 231 136 238 53 111 182 96 194 34 77 178 211 143 63 31 75 44 247 163 117 125 152 124 36 248 95 139 106 165 107 157 
45 : 206 210 146 147 73 218 123 82 191 31 70 233 151 88 199 75 134 55 76 94 165 182 204 243 212 78 170 203 238 161 32 64 59 122 217 171 48 67 91 157 118 162 219 209 224 196 77 104 43 158 166 234 179 184 247 61 39 79 235 115 83 105 185 198 145 93 169 132 232 126 222 99 248 
46 : 87 164 190 91 92 63 136 80 55 170 147 173 65 115 120 52 58 73 70 217 69 141 93 146 34 199 233 209 68 47 67 82 157 182 118 98 174 235 223 238 241 179 183 169 212 149 124 109 139 81 126 43 144 29 71 128 213 166 200 220 32 162 59 155 94 176 234 185 28 111 244 62 140 53 
47 : 196 199 222 29 173 88 213 37 146 109 48 205 233 186 119 239 141 135 103 245 58 219 221 211 226 102 118 44 248 227 42 240 151 225 174 178 101 145 172 98 95 204 120 124 197 43 133 223 59 206 82 87 69 39 200 51 
48 : 68 228 125 46 78 30 55 134 89 218 219 240 75 122 244 167 49 27 216 117 144 36 207 96 92 74 99 162 196 182 77 37 58 66 123 133 230 53 40 132 80 166 97 79 143 237 114 103 43 67 139 54 
49 : 111 62 101 40 143 177 104 194 169 109 221 120 28 155 207 222 166 245 230 37 87 144 54 29 53 238 64 203 191 178 139 48 247 
50 : 188 163 179 185 201 147 176 217 227 137 109 93 194 90 172 42 124 202 189 67 182 73 173 95 158 88 226 53 56 240 190 187 35 133 228 69 30 237 80 148 99 43 89 196 241 238 
51 : 174 204 126 122 34 247 96 118 42 135 137 202 249 83 77 25 110 123 65 107 134 58 75 148 59 94 248 100 97 54 138 136 127 161 229 208 70 165 108 66 60 222 246 234 233 139 113 237 232 102 183 
52 : 127 28 205 152 70 156 71 247 26 248 61 31 102 94 112 107 116 137 148 85 179 225 211 139 46 162 62 38 125 238 133 93 150 81 223 220 163 236 173 239 80 145 192 198 63 50 168 120 226 208 27 202 209 33 97 25 114 118 140 113 230 36 161 175 160 128 131 187 177 146 89 191 245 221 246 124 132 86 144 249 72 201 100 138 105 110 96 219 235 166 207 103 151 67 241 48 99 
53 : 26 210 85 27 75 107 106 152 165 249 139 86 58 118 39 215 220 248 181 25 153 35 70 114 173 188 88 186 101 217 195 133 110 193 235 232 163 77 104 62 89 182 194 151 47 136 230 228 157 98 90 206 92 108 135 117 79 
54 : 210 66 176 54 230 217 52 116 128 35 163 49 214 134 239 42 31 79 151 219 38 104 160 248 233 166 242 83 164 169 94 136 91 72 63 56 108 182 231 37 215 39 139 47 59 198 114 197 150 125 196 107 101 74 28 235 55 191 80 167 200 211 36 41 99 144 110 115 229 76 124 244 145 71 77 130 93 201 92 48 50 29 121 173 156 186 226 183 96 184 57 
55 : 105 108 143 245 138 78 90 82 94 98 120 181 57 233 117 159 50 99 68 146 123 151 89 88 216 86 200 154 246 87 242 115 129 248 217 145 46 130 236 197 229 77 184 102 160 153 25 187 170 205 171 201 36 124 232 222 127 93 144 51 224 209 38 215 122 63 121 244 219 133 149 76 241 34 208 239 116 212 100 175 234 103 31 
56 : 185 208 87 186 205 233 237 196 30 95 65 243 152 89 245 199 123 80 198 130 114 229 147 77 79 222 234 58 96 27 86 57 70 173 176 111 171 45 175 244 189 136 69 88 37 149 54 103 126 39 219 145 248 156 120 247 216 40 93 91 32 119 161 246 231 197 164 82 67 36 180 71 159 142 227 200 78 29 97 101 115 
57 : 153 181 124 236 53 110 25 244 115 30 243 206 44 228 84 212 193 138 41 83 57 89 242 37 157 227 64 164 161 234 91 195 59 93 197 35 136 203 98 247 120 68 104 
58 : 116 97 215 156 182 99 168 42 157 110 179 40 49 71 32 68 166 125 78 200 163 79 194 77 74 247 138 227 76 207 245 221 52 236 63 115 146 189 169 141 145 121 183 154 237 56 225 107 122 224 58 195 178 218 175 201 123 133 67 197 86 235 70 244 129 202 137 64 140 196 33 132 223 92 232 75 128 27 246 131 174 134 26 47 230 176 80 
59 : 102 86 150 39 95 115 60 29 66 173 211 141 85 79 249 28 34 147 143 209 56 192 35 131 164 217 228 83 170 177 204 223 71 219 245 101 67 99 57 163 53 87 37 234 45 122 74 210 130 212 169 216 73 136 75 197 108 202 54 58 107 72 144 186 30 104 162 236 77 243 187 229 68 125 65 46 213 59 97 116 224 198 
60 : 191 158 183 88 144 89 47 214 174 66 29 113 41 190 180 32 237 194 46 91 102 128 42 60 162 221 115 171 30 35 239 94 90 43 134 137 123 122 159 172 127 59 107 106 72 78 226 179 118 108 
61 : 249 171 73 207 194 182 55 159 192 140 122 222 53 156 97 211 99 148 47 125 232 164 128 120 147 181 173 57 169 86 88 187 199 241 210 184 168 121 230 180 197 234 196 245 94 244 65 52 37 104 146 216 123 103 188 48 248 
62 : 183 64 62 138 201 111 142 172 39 58 74 97 149 174 31 98 40 246 143 92 126 44 36 191 85 78 206 69 53 211 129 72 67 221 73 242 207 65 29 26 132 204 188 198 42 163 200 46 145 102 175 117 152 113 104 173 170 176 109 208 244 222 224 37 91 205 230 49 133 86 51 27 94 105 33 232 169 71 128 196 
63 : 159 205 221 108 91 98 186 109 96 187 145 56 172 136 71 181 214 54 162 80 157 234 35 45 242 125 92 28 73 25 116 156 180 105 115 224 95 246 200 244 37 170 49 197 66 194 
64 : 108 157 76 239 184 176 198 109 111 244 33 60 188 114 82 46 175 81 186 30 137 189 145 241 132 42 124 125 54 126 59 169 193 34 195 229 66 113 143 233 67 39 69 179 152 158 203 26 83 112 213 146 70 93 197 44 47 74 56 35 211 38 191 104 160 103 
65 : 163 240 237 100 204 182 214 203 185 246 94 92 231 114 32 178 154 57 132 159 140 186 111 228 225 98 155 215 122 50 151 233 189 25 67 147 188 179 161 83 224 79 208 142 157 247 133 138 222 56 158 212 30 223 107 112 120 244 149 219 160 249 53 49 66 127 229 165 42 167 115 101 171 84 28 141 75 130 
66 : 227 226 102 137 113 204 91 39 125 159 166 81 156 104 202 139 188 32 173 62 161 168 207 106 85 69 31 172 107 114 37 215 211 244 133 167 128 150 70 112 212 182 59 245 90 175 170 236 191 196 169 35 55 224 162 56 33 49 223 146 129 216 121 153 98 89 194 54 180 177 174 199 231 164 239 28 134 221 122 117 144 184 158 157 200 228 65 241 25 143 
67 : 25 88 244 101 37 40 218 83 128 124 145 190 104 122 143 168 161 78 249 67 76 236 134 62 153 
68 : 37 130 85 247 200 244 125 49 25 121 157 201 126 110 204 101 114 65 161 241 50 41 80 214 88 236 207 60 107 44 212 68 173 135 170 210 160 188 146 54 39 30 225 66 104 115 185 31 163 206 203 59 142 78 34 70 62 195 223 219 112 56 217 132 175 152 165 81 118 95 76 178 74 209 47 139 222 102 111 197 159 40 100 82 167 38 109 164 42 27 234 120 48 181 64 242 
69 : 102 70 193 50 47 135 56 211 138 128 230 45 46 245 181 144 220 175 121 192 99 100 248 203 145 42 207 119 62 190 101 148 229 196 36 137 93 227 75 87 81 25 223 247 142 158 98 83 173 124 239 159 157 164 160 118 120 212 63 217 92 123 97 95 154 85 125 167 51 188 237 72 197 78 161 155 166 116 44 112 180 202 206 171 201 29 86 244 182 232 153 152 162 77 183 
70 : 207 239 69 97 89 245 118 144 242 238 63 78 219 214 116 76 224 51 96 210 60 164 150 212 40 175 62 168 109 72 85 140 75 93 141 37 80 169 133 86 
71 : 120 71 43 107 72 210 38 47 171 236 127 83 183 214 185 180 244 203 225 78 61 219 33 116 182 104 81 155 48 131 168 35 49 115 222 228 103 34 206 159 67 151 242 197 109 202 82 161 157 193 221 79 200 121 114 230 63 128 101 199 123 110 
72 : 105 211 183 150 154 35 181 104 102 191 201 56 149 27 100 215 33 224 247 93 162 31 197 223 147 161 124 178 163 144 115 125 233 200 230 69 231 109 136 48 89 220 52 204 90 206 94 85 103 42 232 111 122 126 38 110 214 
73 : 81 170 25 60 225 34 238 234 186 198 40 54 87 135 220 125 42 56 86 246 153 160 120 106 210 91 65 122 78 176 74 52 68 150 92 187 
74 : 133 30 59 26 236 184 114 92 127 110 181 77 168 118 64 128 198 91 104 111 87 155 68 47 44 216 163 49 235 124 81 58 199 84 188 62 192 154 126 130 204 42 65 214 123 136 122 244 109 158 99 182 98 240 175 176 36 39 143 171 113 54 132 97 228 43 78 223 159 179 196 142 221 71 160 241 194 229 33 139 116 172 141 102 138 74 212 215 183 180 101 211 76 170 32 
75 : 128 210 133 147 209 184 102 227 70 89 218 91 101 99 146 237 35 71 61 108 215 216 87 86 247 194 153 226 231 49 130 125 123 105 178 186 96 214 201 
76 : 85 236 141 90 64 169 162 29 110 120 244 89 79 74 202 69 46 163 81 148 248 191 51 41 209 49 218 242 122 106 183 26 240 249 245 123 153 247 172 108 138 36 184 102 32 124 215 95 134 132 127 210 
77 : 160 73 50 56 52 92 184 46 83 218 198 223 86 39 126 244 216 166 165 212 182 35 167 163 227 72 127 188 38 145 64 42 43 77 207 125 109 82 98 139 113 87 117 33 155 51 183 71 103 171 231 141 226 241 76 229 136 152 224 59 148 187 206 99 79 180 185 130 245 196 28 161 55 81 186 31 132 138 194 93 27 178 30 129 44 199 
78 : 238 179 114 188 63 162 71 174 246 184 123 77 57 202 203 245 228 93 59 34 190 206 73 88 170 197 108 224 216 242 207 237 69 85 56 189 60 218 145 210 204 79 230 157 205 124 185 159 141 29 240 30 76 171 158 133 103 147 196 
79 : 77 213 225 173 128 129 95 57 240 102 87 141 124 175 51 247 172 184 191 148 56 91 216 202 174 133 30 80 171 230 100 53 70 33 218 82 72 146 99 151 187 156 52 165 145 
80 : 197 169 168 125 239 219 227 225 205 203 61 190 232 176 249 247 56 186 177 240 97 69 220 149 223 90 138 95 226 243 179 187 66 145 158 242 
81 : 125 86 216 246 51 74 61 30 113 174 208 39 239 115 183 204 236 136 121 31 200 116 162 68 66 109 48 122 214 213 188 93 54 72 240 140 178 79 71 195 88 234 59 37 36 149 224 218 70 237 148 173 
82 : 137 124 61 134 33 116 216 38 100 155 224 236 126 102 136 163 92 150 209 201 148 230 240 77 188 227 87 35 106 156 110 62 85 244 166 213 133 86 107 27 217 88 67 192 196 112 152 56 69 46 70 130 47 189 181 180 226 220 129 208 123 177 219 141 215 238 109 26 186 128 41 44 173 79 160 246 32 193 195 235 65 108 76 125 243 249 214 199 118 83 205 241 105 175 202 144 
83 : 113 185 98 187 94 146 101 109 168 147 89 249 183 36 29 139 49 131 194 128 223 48 221 83 43 220 207 232 211 126 154 136 199 160 88 124 56 46 130 61 99 82 
84 : 211 54 205 183 94 199 224 248 55 249 218 41 140 111 65 177 194 197 59 130 77 136 246 223 114 203 86 160 85 74 202 119 170 148 155 176 235 34 139 64 125 232 52 175 
85 : 153 194 167 93 72 85 149 245 103 168 42 57 172 158 116 63 128 55 28 164 185 156 169 206 162 129 87 52 215 150 125 237 166 192 209 117 109 98 120 70 208 88 46 31 211 118 233 110 62 181 124 227 50 182 68 25 56 33 97 222 59 144 186 54 35 83 48 65 90 154 161 189 216 26 51 71 236 198 225 240 234 60 39 
86 : 37 97 141 200 125 83 62 245 130 25 33 191 103 27 181 128 147 66 218 112 157 230 71 68 185 165 106 81 100 137 61 72 210 243 148 44 57 42 225 94 124 26 117 36 89 247 213 146 116 142 189 43 93 65 182 205 41 232 40 84 54 96 91 220 149 183 110 226 198 197 60 248 169 75 215 212 135 
87 : 189 27 89 52 145 109 44 245 76 123 157 168 82 153 161 210 26 186 83 219 221 79 160 119 48 183 45 94 39 199 100 117 
88 : 32 39 74 99 67 237 164 172 43 180 209 229 169 78 216 195 86 48 112 52 196 186 28 37 179 80 183 104 230 191 218 139 26 149 136 140 106 197 
89 : 33 104 87 37 88 82 231 209 77 153 212 47 59 173 34 100 197 86 224 120 161 194 242 211 201 139 167 136 216 237 124 60 217 166 155 131 
90 : 130 219 102 52 221 157 75 218 65 62 210 223 141 74 216 177 189 152 45 143 225 215 233 129 30 222 69 101 48 44 166 168 156 87 
91 : 78 142 144 232 187 110 245 247 138 150 221 106 119 173 43 44 120 64 100 222 163 246 182 130 135 32 197 210 201 60 192 188 241 168 240 62 212 48 154 169 58 151 47 238 
92 : 137 182 136 209 75 192 145 150 148 135 37 36 111 218 186 241 232 63 191 219 160 227 212 207 185 93 118 164 215 89 115 129 163 47 62 221 228 127 83 74 78 175 38 35 95 234 204 238 76 105 243 116 153 67 211 168 70 181 217 159 26 247 79 44 248 176 184 96 183 206 239 167 102 82 64 54 27 59 80 
93 : 134 226 171 142 59 218 173 179 55 175 32 196 108 162 208 46 239 54 133 51 192 126 73 222 79 63 58 120 236 140 212 117 105 69 41 204 35 158 206 88 128 238 168 139 242 122 231 85 44 141 227 109 145 220 247 232 194 98 31 64 138 68 235 246 244 86 34 157 217 187 203 205 48 211 90 237 243 
94 : 196 172 166 73 148 248 210 249 131 39 174 173 141 190 92 129 35 81 243 176 144 154 205 155 101 118 216 201 34 25 168 33 46 135 32 134 40 59 49 207 57 122 87 233 54 186 111 198 44 188 104 231 203 102 67 147 82 58 116 218 184 106 161 153 223 180 
95 : 108 43 203 160 201 170 149 104 235 71 204 202 248 97 215 130 72 121 239 154 212 167 46 47 176 100 59 120 238 243 181 61 152 223 141 124 66 237 206 131 78 148 113 53 101 75 200 122 246 175 38 249 31 171 118 221 158 178 95 144 63 91 196 211 166 126 81 85 129 218 88 135 84 50 87 190 225 48 92 90 
96 : 25 135 159 212 219 96 205 88 145 146 192 85 158 103 64 130 104 26 213 89 235 154 170 57 186 66 151 49 61 204 37 166 194 232 245 160 208 240 241 236 133 176 222 118 188 195 242 74 86 161 231 196 143 46 193 42 102 148 203 224 227 141 70 164 156 172 121 73 84 123 199 191 169 230 60 234 76 34 132 52 237 201 50 45 82 101 138 125 28 179 155 239 221 215 144 124 
97 : 34 185 136 60 132 236 38 219 203 211 209 31 246 244 215 41 102 68 156 182 144 49 40 106 47 135 104 180 99 138 121 242 25 105 70 175 101 61 84 122 37 233 137 166 57 81 193 164 216 220 116 153 212 240 155 89 71 225 199 187 127 30 237 93 35 232 95 114 168 65 204 228 148 207 51 42 205 125 92 141 
98 : 248 220 29 195 86 169 237 38 42 193 213 228 43 133 186 120 81 199 218 77 234 134 150 247 127 121 136 238 216 95 75 214 203 140 217 89 232 28 160 99 57 159 138 211 116 221 117 110 170 107 44 
99 : 41 210 55 225 172 87 58 153 82 155 91 234 59 115 130 31 175 167 27 189 218 224 222 39 60 178 42 93 70 110 125 112 166 221 213 229 206 83 66 97 117 148 220 211 68 100 52 194 123 163 
100 : 181 53 79 73 167 125 150 226 147 52 144 58 54 227 87 129 37 62 187 148 135 242 96 41 38 170 196 234 219 122 132 185 49 157 63 236 
101 : 66 193 56 113 137 195 107 177 74 242 82 126 26 109 139 152 212 199 172 110 62 227 105 121 72 32 184 129 40 157 39 136 51 238 174 73 112 37 145 125 237 29 59 34 96 128 124 127 187 216 102 94 95 67 134 118 65 
102 : 193 48 135 106 93 75 29 157 199 30 52 188 62 170 60 155 113 128 138 217 69 80 235 79 63 153 150 238 151 232 184 197 180 145 91 35 171 148 
103 : 210 180 220 172 101 160 233 145 247 94 176 108 131 166 104 182 188 163 204 222 152 128 170 154 60 227 85 37 146 219 155 34 98 29 32 189 200 62 242 125 216 213 138 100 58 107 162 174 243 78 165 196 133 63 205 229 194 47 209 224 46 103 231 61 42 211 207 99 228 134 234 86 168 65 115 124 75 184 69 
104 : 229 73 151 202 86 214 203 90 26 137 218 80 142 144 166 88 192 188 52 220 110 245 242 204 133 241 243 108 219 194 237 136 215 77 244 39 83 157 120 154 94 200 97 65 78 141 30 164 199 101 29 46 176 
105 : 236 103 107 56 182 94 79 167 124 44 71 157 74 48 110 224 212 186 223 116 147 50 135 219 142 30 101 225 188 208 102 166 198 141 200 
106 : 29 81 61 121 214 115 172 42 190 32 154 116 123 228 179 185 219 248 104 178 161 245 103 184 33 227 82 240 108 197 238 151 100 208 194 117 106 129 166 36 52 136 109 181 204 170 59 58 218 91 162 231 87 118 145 241 215 156 88 39 141 76 196 153 189 225 247 216 159 69 31 86 174 111 188 
107 : 105 100 154 73 122 118 224 244 195 216 113 91 129 248 76 48 192 115 69 90 155 164 175 65 53 203 94 51 130 135 36 188 127 44 62 75 30 120 166 151 74 202 214 107 221 112 236 132 227 223 142 153 89 215 186 136 156 
108 : 161 192 29 140 247 196 118 41 245 68 237 214 184 153 127 125 236 34 156 180 182 169 219 38 113 117 198 106 201 239 122 89 75 39 142 87 55 166 52 77 176 81 35 149 167 146 112 200 209 203 246 249 78 172 150 222 96 221 94 30 144 224 238 170 43 101 102 59 188 49 157 217 233 133 205 46 42 131 115 225 206 86 105 
109 : 195 84 154 219 224 112 69 183 74 174 87 41 205 172 123 155 40 78 206 140 100 207 64 184 122 196 249 158 138 136 186 124 192 182 119 66 223 99 110 32 146 193 160 88 147 28 225 202 214 76 33 176 36 177 65 204 134 156 153 231 180 168 151 82 145 29 236 133 232 27 139 228 209 117 38 43 159 116 241 34 58 
110 : 171 80 145 195 185 69 149 226 119 25 73 207 224 140 45 120 194 136 229 173 178 118 99 181 47 193 126 164 89 138 249 146 135 64 242 123 189 152 197 43 133 175 192 38 209 122 55 174 210 94 221 179 241 125 79 84 204 67 
111 : 225 61 199 130 235 211 139 245 80 82 132 206 134 47 174 52 69 35 125 129 173 247 170 41 141 33 77 237 167 43 137 101 227 120 159 246 97 124 220 178 213 200 86 108 45 162 123 75 68 208 201 242 83 84 149 248 156 118 154 58 127 78 186 100 228 165 172 157 188 73 212 164 56 180 
112 : 225 38 176 244 170 215 32 109 118 106 37 184 77 26 196 163 50 220 66 121 102 193 98 217 187 212 92 71 216 194 111 65 214 191 165 72 199 150 63 82 114 70 192 167 119 231 51 48 202 
113 : 153 45 200 184 212 50 240 72 48 121 205 239 71 245 44 134 82 54 169 84 132 238 244 229 227 27 163 124 35 175 160 217 69 47 179 202 226 49 185 187 116 58 143 180 115 174 63 99 224 138 73 78 158 139 141 32 225 128 74 234 218 203 51 30 161 167 37 155 40 150 147 232 159 97 25 102 89 162 123 222 122 178 66 228 
114 : 149 180 166 245 120 132 240 178 134 82 187 185 59 81 177 117 34 222 197 154 192 91 60 110 138 76 118 41 223 146 205 51 247 172 176 100 145 182 135 136 235 219 210 47 122 124 63 193 123 29 70 109 228 35 195 173 62 229 239 147 198 216 127 151 87 199 162 167 170 165 
115 : 137 75 74 79 40 76 59 57 189 151 243 204 140 139 197 48 154 94 201 35 173 188 176 233 41 77 71 88 187 122 93 62 101 72 221 30 50 34 146 185 102 112 196 107 216 135 82 37 142 118 100 136 67 170 44 53 194 225 66 239 134 80 61 25 205 85 234 65 166 223 145 78 242 129 141 200 97 202 164 113 212 55 143 
116 : 31 207 245 81 232 176 189 53 57 246 224 139 84 210 204 206 212 225 74 89 49 188 163 192 217 46 180 249 63 118 190 116 219 41 107 70 244 67 40 201 113 111 44 248 122 115 133 103 129 73 54 221 25 167 183 179 42 200 128 
117 : 94 93 221 111 83 237 72 179 175 187 92 88 145 139 210 224 67 25 177 142 35 103 180 233 131 136 95 96 80 232 186 174 216 246 133 33 196 225 205 188 217 194 236 97 76 245 126 124 167 169 168 75 
118 : 161 233 92 122 208 218 81 210 200 76 100 25 182 145 54 178 66 91 129 181 146 152 141 224 69 48 86 121 124 228 65 85 68 44 79 213 110 158 101 88 
119 : 176 244 25 132 120 114 206 97 232 111 247 139 126 238 113 109 107 39 209 57 170 234 236 159 136 54 199 60 62 237 103 164 248 246 215 191 185 166 216 202 124 37 235 158 133 161 53 188 72 160 
120 : 215 164 56 129 234 29 106 163 55 102 185 139 87 38 249 223 153 51 37 66 226 85 196 176 123 68 171 48 108 122 190 63 247 86 161 95 44 206 137 127 138 60 159 124 113 
121 : 105 127 40 211 37 206 166 74 159 178 240 78 132 182 111 180 35 172 196 239 97 84 114 158 242 208 122 228 70 85 225 215 245 209 243 167 95 77 163 80 168 75 191 203 103 153 88 238 51 183 185 55 49 52 200 214 116 151 66 79 99 44 145 247 143 170 161 120 67 45 164 
122 : 25 32 92 62 175 242 224 81 139 89 82 124 195 231 160 200 241 198 26 52 230 219 108 148 245 141 244 115 162 34 178 
123 : 130 36 35 242 54 85 89 228 161 239 90 226 247 61 129 38 192 197 183 30 109 224 42 173 46 120 139 200 181 229 236 171 127 65 159 76 194 72 167 131 160 141 238 179 126 180 98 133 39 231 57 116 217 118 71 240 102 110 186 78 92 58 243 166 80 56 212 143 64 142 29 202 53 117 241 175 84 95 169 136 218 211 147 168 115 69 
124 : 181 92 46 93 208 222 122 192 91 142 31 84 124 238 118 37 109 179 191 130 28 129 64 202 33 44 249 60 215 112 56 61 189 161 36 106 65 228 159 199 207 170 113 39 152 114 123 204 145 172 26 104 96 76 94 29 164 154 108 235 245 143 43 232 54 140 156 217 185 139 147 47 243 242 117 176 89 177 74 155 183 71 246 158 119 
125 : 37 132 169 115 226 240 64 27 162 217 83 166 143 237 109 144 100 213 32 200 68 123 61 210 39 151 108 70 97 85 89 188 183 49 86 219 131 141 146 234 
126 : 53 160 108 174 47 172 196 87 161 225 33 31 180 43 239 189 45 247 116 127 249 62 125 201 34 99 246 159 36 146 186 32 57 97 183 191 29 192 37 220 156 145 188 179 210 224 66 170 42 59 135 244 207 40 65 227 178 167 79 140 164 54 72 49 124 185 162 199 76 84 143 141 182 216 82 104 158 232 103 74 190 233 142 155 115 75 118 56 52 229 228 130 136 25 149 139 123 
127 : 38 146 193 149 181 69 191 185 77 32 28 98 168 126 152 70 203 226 201 60 119 129 192 139 155 200 51 153 248 244 135 56 86 237 121 232 140 211 174 123 206 102 145 204 220 78 82 79 40 124 143 94 114 118 127 183 122 115 246 91 30 42 229 128 89 202 53 125 194 108 225 198 219 243 162 50 214 164 63 158 208 25 88 117 205 241 73 44 
128 : 205 136 247 235 33 62 228 234 51 180 215 90 128 188 54 70 115 32 30 42 86 200 207 218 192 140 74 158 209 176 79 178 227 58 141 110 34 107 187 153 82 236 25 28 89 126 112 169 102 162 53 29 27 
129 : 50 175 53 248 187 231 74 145 114 57 54 189 79 94 181 75 220 186 240 163 196 249 92 87 60 86 33 70 229 27 190 164 125 127 214 157 244 63 247 131 211 116 51 83 222 171 235 
130 : 214 59 242 61 126 30 72 45 187 191 246 41 78 140 80 145 237 195 65 89 158 107 130 93 131 154 112 123 44 62 27 194 219 142 159 139 25 175 42 235 228 118 183 216 218 69 48 198 213 75 34 136 203 87 205 110 105 63 98 124 121 247 226 96 79 92 171 188 51 35 207 115 32 120 224 133 143 104 39 74 100 106 71 209 155 208 150 
131 : 123 160 125 100 150 152 178 86 49 59 87 185 204 238 44 228 129 241 26 171 236 141 32 116 180 41 92 224 130 137 38 200 182 179 74 27 34 218 48 30 220 
132 : 44 104 62 244 69 209 57 208 29 138 193 153 107 150 190 235 61 71 60 137 133 239 242 230 92 34 223 191 33 49 41 66 42 201 246 51 136 121 172 167 94 237 146 159 162 200 212 169 128 171 37 116 220 202 210 130 54 32 102 179 195 188 59 224 229 30 38 217 97 82 157 110 
133 : 76 219 234 167 101 56 122 210 189 215 127 68 34 43 25 112 123 149 110 214 221 228 177 124 51 85 202 244 59 159 104 65 182 248 173 209 242 67 49 238 207 80 150 187 180 32 208 128 239 155 52 94 191 31 70 203 106 195 141 247 211 135 113 162 217 88 156 33 161 57 206 175 143 42 48 71 66 185 
134 : 60 154 170 225 168 70 145 134 46 187 66 155 179 165 208 214 121 65 153 56 201 242 25 89 61 240 248 226 150 28 176 188 229 159 167 101 94 157 151 193 233 135 59 217 140 55 211 91 72 181 107 222 35 205 246 198 85 102 204 136 
135 : 59 55 120 184 29 128 25 229 72 129 209 177 36 70 211 41 215 63 108 239 46 66 163 122 148 52 181 109 204 47 71 81 86 174 139 53 223 183 205 28 38 248 182 32 146 
136 : 207 75 100 36 114 28 25 76 33 69 170 196 166 179 44 64 84 191 120 142 154 54 121 140 92 183 160 135 58 167 111 209 
137 : 143 33 234 225 222 134 65 142 236 107 67 100 170 162 53 83 202 116 176 161 158 216 244 42 198 34 246 88 69 58 242 109 188 241 41 94 159 75 201 240 131 227 247 149 76 84 68 245 165 231 29 126 98 138 
138 : 59 176 135 160 95 148 147 205 201 63 50 222 43 161 221 155 146 142 184 163 35 162 66 154 232 236 105 187 200 193 199 79 237 109 203 226 164 173 113 209 122 219 104 174 244 88 94 67 98 73 239 216 214 179 217 107 45 246 128 202 64 245 56 204 70 36 231 132 129 49 119 120 211 60 159 143 47 156 46 83 181 243 240 39 101 180 110 213 111 234 238 
139 : 128 28 142 120 63 61 93 226 66 204 38 239 180 53 138 58 119 160 146 27 36 124 75 212 141 237 168 229 174 155 72 149 175 206 113 47 213 153 178 179 83 
140 : 117 175 62 25 53 215 60 143 231 90 211 140 88 39 83 227 239 102 235 219 210 65 127 104 188 228 138 125 191 64 68 147 187 91 106 241 130 245 246 240 87 159 54 157 51 100 74 174 234 163 232 113 95 183 79 80 38 222 55 200 199 172 150 108 153 201 202 184 43 50 101 89 169 156 29 193 194 121 126 73 
141 : 27 100 93 243 97 218 237 28 163 191 230 135 206 187 233 127 134 161 88 148 130 117 26 133 32 238 129 115 132 34 242 228 201 106 68 118 60 169 55 57 122 
142 : 139 40 106 214 177 224 42 245 216 160 62 116 182 135 189 41 88 238 190 222 99 195 202 45 71 91 168 35 
143 : 54 223 131 92 70 57 98 49 26 166 87 85 211 126 237 142 134 165 33 120 36 193 235 45 244 196 119 110 51 122 229 29 147 212 132 103 145 59 91 232 157 68 96 149 99 163 39 115 113 55 111 35 209 171 181 220 192 180 156 94 170 185 218 179 167 105 58 25 64 203 43 130 154 210 125 197 71 28 46 161 37 202 102 
144 : 101 217 172 241 139 191 155 41 113 234 171 168 152 97 120 93 130 53 44 240 186 33 100 175 37 69 57 105 201 117 178 226 219 131 123 98 192 198 132 62 85 122 183 180 224 135 83 73 193 157 150 207 174 137 55 195 153 114 244 232 249 106 151 88 46 164 74 
145 : 238 71 35 240 45 84 211 86 80 236 172 223 101 128 221 40 51 89 132 60 199 202 30 244 242 33 194 83 81 111 164 174 27 44 249 218 85 117 50 168 57 241 185 113 69 210 46 235 149 143 119 138 187 52 102 160 216 200 206 38 106 47 170 59 201 87 123 182 97 25 121 131 112 
146 : 173 40 242 148 185 100 202 86 61 122 47 143 90 44 95 156 171 71 170 113 125 104 222 76 83 118 65 109 77 49 66 198 87 220 96 91 225 247 43 134 99 191 219 162 
147 : 167 219 119 210 109 218 131 240 41 213 193 152 156 48 97 235 161 243 159 138 170 149 101 99 82 83 189 103 190 37 60 246 86 231 237 47 
148 : 105 70 57 90 160 58 242 63 237 245 89 121 166 65 170 135 145 80 213 181 244 210 138 197 68 73 211 171 100 123 229 110 60 122 94 162 26 83 47 25 128 
149 : 48 247 85 192 145 52 100 51 208 49 144 155 88 202 112 47 223 74 53 249 203 44 194 92 81 184 214 190 217 164 38 215 149 95 140 54 196 114 146 200 229 167 199 216 91 174 207 83 138 134 66 107 177 121 160 238 142 36 218 143 98 69 178 150 55 124 221 34 56 135 120 
150 : 225 121 83 228 60 245 125 32 102 46 65 133 189 218 73 198 238 204 179 199 233 48 215 129 111 93 182 43 234 124 47 132 155 57 61 90 236 219 115 50 220 114 206 139 231 68 108 174 191 122 52 25 35 101 213 205 42 116 246 165 134 235 120 107 28 203 94 160 194 37 113 229 95 34 202 31 226 80 230 137 214 223 127 159 97 96 109 193 170 
151 : 49 138 122 147 63 187 27 239 120 86 96 216 227 117 179 25 214 168 154 183 161 245 193 35 238 28 100 192 153 241 196 129 104 230 203 233 213 223 89 50 207 150 106 164 45 142 72 162 174 159 32 237 29 74 226 209 206 194 94 221 64 
152 : 193 128 240 37 85 168 248 227 142 96 228 200 83 149 102 34 146 180 29 196 115 134 235 163 104 108 131 143 49 176 99 122 101 214 210 160 161 77 243 45 203 232 31 234 159 114 246 188 249 80 57 94 219 207 117 184 106 238 186 229 54 35 231 211 209 38 201 50 135 123 216 119 
153 : 123 157 178 73 232 163 201 25 169 187 144 117 108 51 98 204 86 214 126 155 104 118 102 61 154 209 43 129 44 233 35 213 225 60 191 239 77 139 171 168 242 80 249 124 184 151 199 49 63 82 207 71 26 216 68 221 156 31 234 238 95 236 125 150 33 121 75 240 30 205 229 72 28 183 96 55 
154 : 242 71 160 82 77 222 236 207 186 155 52 181 199 165 130 94 243 78 170 124 83 175 25 169 240 84 127 
155 : 34 203 206 199 141 37 98 92 194 225 101 35 222 51 224 158 53 77 241 204 215 163 25 66 113 243 245 29 210 153 182 120 78 94 
156 : 108 110 38 168 158 185 75 136 206 213 78 85 166 187 122 142 63 80 57 240 209 82 163 196 65 81 39 105 35 193 165 131 177 246 51 184 100 176 140 211 205 83 180 54 188 212 91 238 242 40 223 52 197 123 62 161 192 170 55 137 215 60 141 95 64 102 97 98 210 225 
157 : 202 71 49 231 247 101 229 138 134 141 243 234 55 56 225 100 151 146 29 157 129 142 153 65 226 
158 : 94 235 96 27 59 74 125 120 53 162 79 183 95 145 176 93 133 152 51 246 204 165 207 61 82 196 191 209 212 232 48 244 57 150 56 181 208 40 71 118 70 203 31 43 117 140 134 108 248 55 241 192 109 174 69 113 63 26 58 104 202 68 41 124 234 135 197 75 50 157 73 229 185 97 200 206 100 154 149 222 173 
159 : 216 243 79 154 99 246 136 113 81 158 221 201 227 218 92 53 152 114 102 229 91 43 213 157 124 71 196 27 
160 : 218 73 75 244 154 31 136 169 157 114 164 171 112 108 214 35 102 51 230 97 216 99 143 72 179 77 74 103 58 110 155 64 101 209 48 37 236 187 219 142 184 152 130 79 183 208 65 53 
161 : 30 243 172 120 136 62 40 181 57 249 175 37 166 113 228 44 84 74 96 180 125 189 99 248 145 146 38 171 178 161 68 138 63 83 241 93 121 117 94 140 27 91 204 236 97 112 196 202 51 66 164 129 157 186 87 60 50 43 47 201 190 187 88 173 28 58 226 215 198 184 144 165 238 65 85 53 52 86 154 131 95 162 72 100 
162 : 185 241 172 153 69 47 131 55 169 64 45 218 111 231 210 189 118 149 249 212 194 171 115 205 154 176 234 129 50 67 109 127 175 98 95 52 215 228 58 113 163 161 105 157 184 61 89 162 43 191 62 46 57 84 224 106 138 97 217 244 83 158 232 119 245 209 170 150 76 70 238 92 137 88 123 173 206 211 93 108 187 77 190 31 53 145 180 229 71 146 110 34 199 220 78 99 
163 : 66 234 169 133 140 52 26 199 163 86 54 146 108 223 238 186 47 58 157 128 213 165 126 189 211 154 195 81 104 36 93 219 170 220 198 62 191 145 138 166 180 231 25 94 151 167 35 227 164 160 149 102 76 29 130 153 184 135 65 112 229 124 74 33 40 83 190 171 69 143 99 222 111 249 95 55 218 32 103 119 168 233 
164 : 168 120 156 36 122 237 127 236 61 181 126 163 146 240 38 244 87 155 69 161 26 226 130 191 113 128 64 171 227 137 99 82 80 63 230 149 43 221 172 107 151 84 164 160 52 234 46 66 132 116 200 88 140 225 216 224 48 73 204 188 104 220 208 231 228 150 103 102 72 139 173 114 169 135 121 44 180 206 85 136 182 96 193 197 25 117 238 185 60 
165 : 191 149 200 119 78 39 91 220 53 94 182 169 69 112 210 28 104 229 152 208 25 181 29 242 185 231 71 129 226 204 205 211 139 46 190 76 35 227 136 132 198 155 232 38 101 102 51 124 178 27 249 164 159 245 213 40 105 223 141 31 82 95 248 113 130 133 87 75 
166 : 145 190 131 129 152 64 200 90 98 78 194 207 188 221 25 156 173 216 121 169 205 57 247 140 108 54 104 158 144 
167 : 54 147 53 216 122 160 200 173 246 249 26 142 120 217 98 179 209 215 85 61 92 107 156 157 146 205 25 126 158 137 115 168 238 45 65 99 132 119 77 27 196 225 58 232 78 192 169 176 67 201 63 150 222 210 242 109 143 175 41 33 213 57 105 243 50 31 177 221 227 165 214 189 236 223 129 75 220 80 35 226 167 231 178 190 101 141 138 88 69 183 245 62 
168 : 208 160 94 115 209 187 189 114 56 214 75 61 139 221 65 215 117 35 70 29 39 234 129 178 167 73 107 45 201 245 106 58 157 164 230 109 172 134 82 153 71 108 98 80 163 142 211 146 224 158 62 81 41 225 112 88 37 184 133 34 122 25 
169 : 192 221 140 69 210 82 105 131 40 87 242 241 155 88 89 158 198 199 126 49 171 238 91 213 107 141 148 117 218 234 
170 : 191 205 32 41 138 50 171 31 95 235 150 98 145 231 54 134 45 213 39 146 190 34 119 116 151 182 233 74 159 81 216 152 224 103 117 156 53 200 181 75 214 218 174 227 36 220 175 169 215 110 64 92 87 72 76 247 167 91 40 194 48 228 238 245 236 166 96 63 180 79 100 187 147 141 157 243 188 104 221 108 248 232 177 
171 : 213 123 163 55 46 234 157 218 74 186 145 86 110 79 73 197 153 209 233 204 30 62 194 236 107 176 129 33 136 242 78 128 178 102 125 25 224 117 238 53 143 216 166 124 112 229 154 219 138 171 28 208 67 168 146 211 181 91 174 170 247 142 29 96 
172 : 156 33 103 125 60 75 133 71 74 57 162 26 232 222 203 155 131 95 119 81 178 169 79 226 147 197 45 244 100 41 177 148 152 241 83 36 194 30 205 231 128 127 49 206 225 175 132 151 149 112 106 118 44 201 143 229 136 184 51 69 138 68 163 43 182 107 248 91 168 239 97 67 235 180 211 126 202 193 137 48 135 113 29 123 88 176 185 98 228 130 219 158 179 70 
173 : 135 122 104 241 73 124 118 30 37 177 232 114 156 27 167 164 130 43 140 96 29 59 33 106 151 234 
174 : 192 177 185 160 187 231 209 205 118 54 131 111 132 81 216 128 90 34 203 41 31 184 100 183 89 40 78 243 38 77 
175 : 192 53 199 242 107 173 155 227 216 149 123 185 154 103 122 137 226 88 67 50 168 120 219 238 174 237 127 
176 : 197 68 96 172 237 92 35 51 234 25 217 50 169 139 103 163 31 200 33 156 67 215 76 220 154 214 201 194 184 115 55 242 
177 : 210 168 148 29 28 170 244 171 69 248 35 31 203 65 82 136 97 58 143 166 75 204 46 183 155 51 72 116 27 47 81 158 208 133 41 67 192 78 122 45 216 44 200 149 236 245 141 91 230 201 217 80 240 182 150 128 151 48 156 175 225 61 99 174 64 161 147 237 213 214 162 231 249 199 194 224 92 169 131 181 227 187 
178 : 168 79 171 219 96 239 31 117 161 165 199 212 90 109 83 198 65 245 227 130 176 69 246 25 180 138 98 56 167 85 240 30 108 61 205 147 88 142 185 216 153 143 234 182 100 42 55 177 194 124 68 211 51 158 231 133 187 221 174 145 86 170 195 123 214 127 64 40 92 
179 : 219 183 236 80 204 182 83 34 33 190 57 77 39 29 189 61 103 249 164 46 159 31 187 166 58 242 64 201 145 169 53 109 25 38 223 123 247 214 139 131 112 217 245 229 178 42 35 149 81 209 97 167 138 40 49 171 101 186 231 27 216 210 124 143 54 98 155 95 63 228 177 133 50 241 
180 : 186 150 216 81 195 183 111 182 238 219 124 79 128 51 127 210 188 173 144 34 120 235 130 156 28 32 48 66 103 73 31 84 163 132 71 114 246 145 181 121 133 167 70 74 208 241 60 148 202 49 193 57 40 200 230 147 139 118 106 129 191 249 36 228 25 97 100 213 
181 : 166 232 39 227 180 44 147 67 215 165 45 94 204 225 60 63 223 221 122 195 37 110 220 175 201 167 27 93 183 157 71 179 58 117 70 178 56 177 49 171 152 78 187 146 84 139 51 69 73 97 149 229 72 87 81 113 234 123 135 173 26 91 103 59 61 118 29 66 31 237 243 115 169 36 182 54 99 188 112 126 218 156 121 68 82 116 159 
182 : 229 211 129 178 203 210 158 60 61 226 159 113 111 101 104 234 245 196 165 102 237 220 132 109 227 28 71 156 85 56 39 79 179 155 54 138 70 52 215 236 149 202 64 208 247 37 
183 : 36 243 82 134 216 157 238 108 204 99 187 226 199 31 141 179 115 180 215 168 26 85 27 105 235 114 221 174 29 45 143 89 67 133 93 189 193 75 239 208 145 50 34 112 104 38 218 155 118 191 248 205 231 126 175 229 49 206 111 230 87 116 61 183 98 39 224 110 207 58 117 232 176 135 192 68 51 164 96 172 160 94 
184 : 217 89 210 101 102 156 139 192 30 194 208 80 195 72 26 33 44 61 31 63 107 64 186 152 151 98 249 46 76 42 55 95 229 216 37 135 111 164 193 127 125 207 38 191 223 70 
185 : 47 200 225 195 32 158 149 42 79 199 113 172 179 131 242 74 175 214 153 75 227 218 141 240 50 36 33 49 102 176 144 236 245 106 222 38 152 239 
186 : 42 195 50 77 120 128 130 87 61 81 39 65 129 164 222 118 86 108 205 54 137 224 211 69 114 162 79 47 38 193 167 182 166 247 41 150 197 155 45 186 136 75 154 180 141 56 52 177 171 91 119 207 37 127 76 124 
187 : 214 173 249 171 163 73 216 37 47 222 184 208 70 71 220 125 162 179 168 177 97 34 232 228 199 66 170 109 174 169 103 29 207 32 36 186 56 35 57 78 241 
188 : 54 159 43 206 170 120 234 25 225 207 224 64 188 72 212 184 192 232 132 244 185 34 222 216 42 27 161 30 211 99 67 221 87 138 130 182 129 38 123 162 63 121 204 45 181 187 41 33 71 189 245 223 116 152 147 74 80 112 155 156 137 57 202 
189 : 122 27 127 220 109 30 148 172 43 249 32 236 170 228 174 173 82 231 102 112 125 113 221 223 227 129 188 140 38 195 247 142 217 66 203 77 80 75 133 90 161 72 190 224 212 234 201 215 238 169 31 35 167 134 73 104 115 86 168 180 33 243 65 39 54 191 222 240 78 103 128 219 179 41 183 176 193 196 91 248 44 108 206 117 
190 : 115 113 26 246 28 30 74 187 167 247 160 205 55 163 54 181 208 82 144 202 239 60 51 43 34 162 136 193 161 212 153 224 46 190 244 236 120 107 110 72 98 64 114 57 122 
191 : 92 129 83 37 184 166 161 75 38 103 247 220 121 46 47 95 45 216 215 234 178 236 214 246 26 107 100 137 115 123 190 208 209 36 167 195 194 42 86 210 91 64 150 110 93 213 217 132 51 
192 : 186 66 116 207 226 198 65 192 41 235 178 166 128 140 88 170 49 237 216 234 247 131 90 100 222 217 53 94 211 97 136 187 141 129 227 134 54 179 205 188 182 185 60 83 177 47 145 214 241 156 38 220 120 93 130 59 45 157 71 202 204 181 110 159 144 126 70 74 174 133 245 242 154 223 
193 : 88 228 204 120 242 206 168 149 137 155 130 170 139 227 189 235 216 106 25 67 30 193 80 54 195 166 83 194 81 61 154 246 210 215 126 185 226 142 200 90 196 87 161 112 107 96 121 159 42 105 95 218 160 201 59 231 64 243 240 27 236 222 66 202 40 117 48 116 138 60 29 208 180 182 70 131 
194 : 92 144 170 246 115 66 210 131 55 143 107 161 133 119 198 225 136 129 183 76 145 59 31 63 213 226 212 40 51 168 32 60 77 180 139 228 75 233 36 99 33 69 103 96 50 61 64 95 206 232 105 28 109 234 237 122 106 121 184 135 82 223 114 151 242 134 217 174 79 78 130 185 150 25 86 204 182 207 166 247 249 181 208 236 112 148 188 104 91 27 240 197 224 98 137 
195 : 67 63 111 34 42 55 74 141 32 92 124 214 133 95 225 29 152 227 224 31 59 58 89 52 150 248 177 130 186 129 43 128 212 66 176 131 161 188 106 208 85 239 97 238 144 56 113 71 77 118 216 54 146 151 206 159 82 246 166 221 155 213 242 35 79 114 61 41 249 102 108 80 231 178 230 132 84 174 88 226 179 116 207 211 86 237 93 187 192 140 173 36 235 241 
196 : 67 169 82 220 152 206 111 168 102 68 200 164 173 44 66 240 158 229 32 140 186 192 43 63 40 128 131 205 225 65 39 218 86 73 177 93 154 204 77 233 91 153 95 105 47 139 135 51 226 25 184 202 35 113 203 103 194 224 245 145 172 76 60 70 
197 : 180 111 246 202 168 132 93 90 138 164 35 192 152 36 227 112 39 170 84 146 237 179 99 85 103 201 185 117 222 108 68 160 225 91 75 34 98 236 29 235 204 45 162 28 206 116 92 64 105 118 61 54 104 178 228 63 140 191 219 95 110 213 69 57 183 131 240 247 31 65 167 134 226 135 137 194 115 102 165 224 238 208 130 217 155 239 186 211 149 199 
198 : 60 134 187 162 169 199 127 137 65 205 241 148 227 54 113 71 33 52 133 61 27 161 180 150 111 115 145 142 223 75 190 159 85 152 130 181 222 37 89 157 102 135 186 216 167 80 211 156 40 120 121 128 117 234 96 240 91 69 164 44 144 174 118 125 53 50 185 179 123 213 131 151 228 233 136 108 112 32 158 
199 : 178 112 144 155 140 43 96 179 175 84 120 233 215 28 158 205 126 89 83 168 41 80 127 105 90 216 249 106 122 238 241 87 109 49 165 70 232 100 116 78 
