0 : 83 122 97 86 221 213 171 60 121 102 139 140 119 229 193 209 175 181 164 59 195 52 247 223 132 224 166 142 54 190 237 217 197 110 37 64 174 226 25 94 29 75 68 207 51 56 80 113 234 150 92 231 179 200 114 41 108 143 141 155 88 93 103 35 172 67 218 44 116 215 
1 : 243 48 58 93 150 151 133 108 174 81 87 36 184 90 94 37 217 44 169 56 25 59 62 116 182 241 143 142 236 172 130 166 
2 : 161 132 101 34 147 223 202 70 45 109 167 31 27 221 229 172 111 220 60 151 219 215 217 44 76 51 165 203 208 249 174 224 79 245 190 56 43 55 130 136 197 233 246 152 61 183 135 68 48 222 75 192 125 144 150 80 168 212 115 93 100 153 118 239 98 52 164 226 89 175 46 134 148 231 154 173 237 234 230 128 235 57 124 193 59 67 32 156 160 138 54 141 206 53 92 
3 : 138 190 185 113 239 127 36 134 51 123 80 63 93 209 241 69 70 195 202 141 94 243 67 76 238 220 151 165 179 168 232 201 62 41 189 42 219 186 140 78 115 61 172 92 148 244 245 52 175 236 53 246 74 60 86 217 135 110 124 97 95 205 144 145 204 122 59 31 103 46 150 39 
4 : 88 204 248 229 114 61 189 99 83 239 192 43 213 67 75 116 50 215 135 82 230 96 148 243 241 193 194 73 104 141 191 139 187 169 137 120 195 41 211 106 167 48 208 133 244 153 161 130 232 34 131 132 160 39 118 47 103 143 197 150 27 51 174 117 233 85 221 97 223 246 178 212 
5 : 150 192 212 173 96 30 71 244 26 34 69 162 63 90 186 114 174 189 218 191 209 206 98 37 47 234 194 145 190 103 161 28 67 242 62 149 105 140 225 84 123 142 80 128 168 179 220 40 146 39 68 97 137 109 
6 : 82 177 76 224 125 220 197 208 188 55 150 103 108 104 215 147 137 140 245 31 233 227 27 187 248 229 111 124 207 161 77 159 249 99 85 91 196 151 89 204 41 228 172 62 148 164 244 68 118 67 144 158 44 48 29 132 143 58 169 117 212 106 246 175 201 83 54 213 180 
7 : 190 142 141 187 243 159 173 176 247 128 177 146 206 199 95 44 192 64 115 104 219 227 74 42 131 180 241 196 237 152 78 202 90 87 132 107 55 35 
8 : 28 163 167 162 156 166 228 90 171 136 33 147 116 241 62 216 50 175 189 45 78 209 131 119 201 226 225 54 222 129 227 180 110 133 245 233 44 124 127 77 69 42 121 36 71 130 140 218 139 89 122 210 249 87 155 
9 : 222 59 79 214 60 93 140 220 87 226 219 234 224 142 139 53 82 195 129 216 85 186 58 74 148 167 218 29 209 100 56 175 157 184 118 128 179 190 39 126 30 106 242 50 166 232 88 34 241 91 42 177 117 138 171 154 164 165 145 143 181 169 240 
10 : 71 149 119 191 232 36 58 130 218 88 40 153 174 204 102 44 74 152 55 187 248 184 158 148 176 221 169 33 213 79 123 114 118 177 207 128 182 206 246 65 189 117 29 140 143 32 180 212 64 161 125 132 52 171 78 192 
11 : 122 190 56 41 44 247 86 48 166 98 134 95 76 245 185 178 164 248 58 207 157 93 140 240 209 243 150 176 60 165 242 148 80 114 89 78 108 100 71 130 
12 : 68 193 103 183 175 224 208 102 157 228 47 189 156 54 180 186 87 155 163 248 249 223 245 64 120 42 172 46 66 124 108 126 107 32 211 184 181 141 209 129 226 94 44 95 174 169 230 168 221 101 238 170 215 26 25 33 135 179 70 182 91 162 35 204 242 234 131 43 167 36 40 159 48 52 133 84 165 80 31 105 115 109 218 194 146 136 207 216 202 205 
13 : 209 211 100 203 58 62 74 64 40 243 105 236 159 189 49 110 94 59 30 180 182 90 164 237 84 152 167 121 133 210 206 103 146 112 181 51 235 172 79 248 241 168 242 177 126 148 39 55 128 202 80 50 29 137 155 32 226 160 102 208 31 73 184 213 72 54 200 183 221 38 123 193 151 96 44 188 65 99 247 120 156 81 222 87 185 170 118 91 154 66 171 232 245 36 214 88 115 78 77 249 95 178 47 129 53 196 
14 : 132 221 207 222 217 70 185 211 223 247 73 242 103 66 176 153 99 39 33 171 173 74 224 128 130 183 170 118 208 27 110 97 202 102 166 45 156 197 89 206 187 36 143 53 230 155 87 86 151 227 234 203 178 175 28 148 76 228 144 83 106 116 169 161 237 129 49 152 121 64 113 182 200 114 42 75 43 
15 : 65 233 110 83 249 217 55 135 62 139 202 85 205 152 223 174 163 156 197 87 195 199 101 69 241 206 82 37 201 113 120 193 222 35 178 160 176 52 147 204 88 141 148 175 63 128 194 130 248 107 212 90 173 76 232 
16 : 234 116 30 34 102 138 81 111 195 98 93 199 73 197 240 56 225 55 64 46 232 100 155 109 104 219 242 221 144 63 119 172 175 131 79 
17 : 103 110 38 166 168 107 60 247 54 115 179 29 119 174 236 130 242 169 234 203 201 210 96 116 194 87 184 197 151 232 106 175 120 244 165 62 121 58 100 79 70 101 226 44 154 104 43 152 35 199 27 212 142 248 
18 : 166 61 198 117 180 206 231 185 239 100 211 131 226 58 167 49 29 190 77 27 63 33 181 68 80 207 242 133 127 47 83 229 66 148 244 157 168 212 45 26 74 
19 : 224 142 118 85 229 191 158 47 109 101 103 186 77 38 203 215 211 83 179 225 108 69 148 150 61 184 190 206 44 222 237 227 199 202 55 235 168 33 112 147 135 144 185 119 221 146 139 220 247 177 134 162 111 218 63 
20 : 95 159 205 55 194 48 49 116 131 76 222 133 92 172 69 66 148 234 102 137 104 163 41 139 32 170 212 171 68 158 182 123 46 226 35 132 80 154 83 190 155 36 106 107 149 192 65 120 63 126 39 96 99 40 176 118 230 140 236 58 30 52 108 43 201 151 74 59 228 113 227 114 152 64 218 53 210 184 241 202 71 208 75 229 77 89 81 162 122 
21 : 120 63 230 33 173 161 226 99 133 223 129 194 205 234 227 149 146 248 62 222 159 124 168 78 214 46 239 43 131 79 48 135 143 74 242 88 176 126 138 34 42 98 172 73 32 67 35 154 52 85 71 217 145 187 137 102 211 224 228 29 25 195 95 37 
22 : 32 128 117 52 132 220 225 73 120 204 92 85 151 193 244 115 39 119 104 217 139 106 209 105 38 110 143 34 200 123 113 161 48 170 223 76 174 133 185 150 68 194 166 184 183 40 63 91 29 
23 : 245 54 86 127 81 115 118 50 143 159 237 209 138 166 225 248 145 43 94 174 184 189 222 96 216 88 129 87 110 108 36 26 178 101 32 90 61 167 124 152 30 85 25 170 109 78 123 153 149 187 199 155 162 76 211 238 201 163 204 227 42 75 148 38 60 47 29 183 210 249 176 151 44 172 98 52 122 116 215 135 48 165 53 137 226 46 66 223 57 125 219 
24 : 142 170 227 152 80 71 217 129 100 35 232 88 116 239 234 163 36 218 171 30 154 144 196 241 56 31 188 70 121 245 126 225 136 137 26 82 248 63 60 141 220 200 206 72 25 52 143 115 122 213 49 43 29 59 246 134 77 214 78 
25 : 50 234 37 47 150 119 128 121 176 101 192 224 28 167 108 69 149 96 106 231 235 87 177 166 59 84 180 228 190 116 154 211 130 185 201 148 131 95 191 179 67 237 139 45 241 186 209 126 155 147 243 111 212 222 115 175 90 205 189 140 144 93 123 171 213 207 81 172 164 125 203 202 240 200 66 79 246 88 32 48 49 236 194 133 199 42 107 
26 : 86 130 195 197 119 143 174 73 201 188 35 191 231 41 186 59 100 144 247 121 200 244 215 221 190 151 160 78 249 131 211 53 178 138 127 33 122 161 203 164 242 134 111 95 116 94 198 237 236 93 117 163 185 
27 : 160 203 169 42 136 206 77 57 49 38 66 55 108 211 88 170 176 64 85 90 78 161 186 229 114 175 54 174 204 63 247 194 245 150 26 198 129 143 223 208 46 128 173 84 239 248 190 76 220 117 98 109 40 111 213 119 68 122 82 158 214 191 137 52 149 140 130 67 62 43 70 180 96 121 221 238 60 222 101 113 39 100 72 144 188 205 93 25 53 193 105 246 196 91 134 153 81 120 94 124 178 197 74 
28 : 76 137 146 56 138 234 189 228 182 219 197 208 161 176 133 52 31 130 206 170 151 97 101 193 58 163 117 98 
29 : 93 241 108 36 115 44 196 212 217 227 109 31 135 83 127 223 145 173 158 203 244 183 58 237 216 38 116 160 56 176 225 67 88 164 151 86 170 221 226 105 126 169 249 206 91 89 98 123 95 64 77 94 37 198 155 238 120 205 66 46 167 191 107 48 51 47 121 171 32 141 200 74 132 54 131 65 186 33 185 146 62 209 30 90 102 211 214 156 189 222 
30 : 242 174 204 200 66 31 179 169 157 195 244 139 168 118 67 128 217 86 37 88 219 64 89 158 27 135 93 239 182 228 55 215 220 43 165 160 190 51 59 147 111 138 107 101 35 54 216 129 77 143 178 48 186 61 114 68 213 236 127 133 91 202 210 34 209 26 94 173 109 87 80 249 42 74 148 97 32 136 172 33 140 196 176 131 84 115 145 104 110 47 191 188 234 76 62 65 156 141 164 121 238 83 184 99 171 154 56 
31 : 94 63 97 198 136 221 31 197 29 159 122 176 158 139 232 152 140 144 186 178 236 219 199 64 43 83 225 149 182 135 248 
32 : 96 137 103 224 123 124 126 90 222 244 160 156 106 177 218 151 221 130 245 201 44 115 158 104 155 118 128 189 209 217 72 49 29 56 125 196 232 150 68 88 220 85 163 99 215 105 216 249 81 121 225 241 248 194 79 228 195 170 212 179 78 235 59 74 161 60 31 199 140 58 141 173 50 100 98 89 192 143 64 112 39 190 231 162 41 95 136 210 187 63 145 119 127 166 171 180 214 52 38 32 134 54 202 97 129 114 159 154 167 34 
33 : 220 245 179 75 66 85 48 221 31 153 227 197 70 105 59 98 157 30 84 224 137 207 32 33 113 216 206 36 171 141 44 174 64 149 68 45 111 86 112 156 139 151 195 148 176 
34 : 54 242 218 84 206 159 63 227 226 175 127 247 133 243 62 220 168 207 36 155 118 122 167 111 136 165 128 126 89 77 83 78 87 187 221 31 58 115 184 189 150 41 37 245 99 117 157 134 34 137 231 183 239 142 166 130 104 53 170 91 29 
35 : 226 248 228 238 86 34 79 115 97 186 193 156 176 232 48 229 26 136 155 121 234 247 203 126 36 58 63 142 128 112 114 138 140 130 116 66 188 187 93 65 87 194 127 137 80 169 246 68 38 105 208 164 190 159 41 219 230 214 201 213 243 132 109 218 200 51 103 67 220 189 100 49 27 69 57 161 70 61 244 32 216 122 125 78 206 223 64 157 227 94 215 35 210 
36 : 219 175 135 63 74 196 30 176 36 236 177 195 94 134 185 65 188 240 174 230 243 53 141 133 151 25 216 104 123 138 212 245 97 140 70 101 244 179 66 69 98 87 77 150 208 67 46 209 239 31 89 231 27 247 248 131 139 192 197 225 132 75 45 170 202 229 165 122 199 184 149 125 51 249 201 29 159 83 191 50 126 171 42 187 57 99 33 194 163 114 68 237 207 223 124 32 143 109 235 238 169 
37 : 152 155 167 27 119 147 34 50 223 208 201 137 226 78 93 154 54 76 33 242 28 116 43 32 58 187 84 207 129 186 150 91 122 211 81 61 165 159 31 101 97 125 193 67 83 198 183 60 26 238 139 158 44 215 209 177 169 45 56 166 86 243 135 95 213 156 112 102 89 40 219 220 240 115 199 120 133 
38 : 40 207 60 158 68 120 82 244 121 128 43 108 213 198 72 85 143 233 157 122 57 102 100 166 245 42 168 224 181 74 133 153 30 99 129 86 115 63 101 32 248 107 83 95 226 89 215 28 193 223 169 53 230 192 66 161 165 240 154 216 105 171 210 177 174 88 221 242 110 52 50 90 160 234 176 197 
39 : 177 132 51 160 152 192 44 249 173 218 183 214 88 34 89 188 199 93 172 111 76 215 247 92 64 213 118 37 33 136 41 120 98 161 105 143 84 159 197 167 99 58 246 154 119 39 94 26 66 194 87 85 133 180 116 222 117 61 43 169 74 30 97 114 141 45 42 108 107 234 189 83 25 221 63 123 
40 : 215 128 167 118 193 145 35 40 41 225 125 137 169 98 211 227 58 88 122 164 229 61 78 27 212 206 150 214 223 186 115 104 189 87 178 221 144 184 55 28 69 106 246 116 149 228 72 43 146 70 112 59 121 235 200 196 136 80 162 234 190 29 103 126 216 173 139 176 217 174 60 42 183 73 132 247 187 179 108 49 26 95 188 82 224 156 185 25 219 160 92 159 127 148 68 81 232 209 157 192 202 
41 : 93 165 112 153 174 178 62 223 81 198 133 79 237 119 52 123 181 116 105 218 58 60 159 100 94 84 38 215 87 108 59 107 29 48 137 180 114 37 177 144 155 246 141 207 217 204 124 240 28 89 77 63 75 147 189 70 179 126 243 226 91 121 184 140 225 136 113 45 156 103 167 213 231 232 227 85 166 176 61 135 32 101 69 249 193 27 154 82 224 118 190 182 185 242 47 72 235 216 158 229 142 78 53 200 122 168 236 31 214 55 175 96 186 230 173 
42 : 70 240 170 149 41 118 73 65 154 31 123 169 68 209 167 110 136 224 203 103 229 97 184 134 29 72 144 
43 : 245 227 59 169 50 71 107 85 174 42 41 93 246 67 44 45 68 104 117 216 98 158 63 234 123 232 79 135 157 156 55 81 49 57 180 213 172 58 183 214 210 199 54 97 128 229 116 202 102 
44 : 111 127 27 207 95 172 36 87 176 164 124 67 188 114 31 163 112 232 174 75 102 108 223 145 50 126 161 155 186 146 91 52 117 183 218 132 134 141 115 237 47 54 69 136 196 177 125 56 184 158 181 35 153 238 242 85 
45 : 47 67 102 125 119 157 244 198 215 32 135 138 92 225 188 236 41 123 204 195 29 87 183 51 223 203 206 152 192 228 174 217 101 91 26 77 131 82 128 232 159 62 109 126 246 71 168 116 89 81 189 212 155 224 162 239 46 50 30 113 200 129 25 175 186 
46 : 58 180 53 199 113 91 142 186 67 191 124 197 173 54 66 135 147 196 32 131 134 235 167 158 156 230 99 82 239 145 139 207 219 188 183 244 201 81 87 187 95 
47 : 154 180 205 42 143 162 53 50 85 93 121 61 122 166 222 209 183 158 226 198 29 169 64 185 108 47 156 111 32 232 131 106 99 48 120 107 116 36 182 170 236 39 94 30 229 220 171 176 103 240 174 27 224 45 82 34 44 72 92 247 58 196 241 81 213 55 203 149 
48 : 182 199 167 191 119 147 126 103 125 133 129 189 39 35 43 164 101 105 220 40 161 59 207 120 236 246 168 84 75 60 201 204 26 30 190 195 52 158 230 138 89 240 54 142 233 155 235 166 115 227 160 83 90 
49 : 102 215 231 164 47 173 98 181 104 208 218 27 201 140 176 169 69 125 184 154 160 101 226 72 162 188 126 194 62 131 216 213 163 31 122 116 103 203 199 243 235 238 217 182 139 63 111 80 152 241 128 51 195 46 168 64 156 65 106 197 247 
50 : 159 78 135 57 206 189 173 69 49 122 212 52 207 87 120 219 113 126 188 176 53 201 158 160 44 247 95 221 114 75 218 47 193 172 138 68 166 136 46 238 89 61 25 225 116 150 230 162 111 137 88 71 169 140 51 105 123 196 214 152 115 165 171 41 91 235 245 27 
51 : 99 174 82 83 140 164 202 59 182 141 181 241 45 43 200 146 61 209 105 224 239 129 160 247 197 48 30 25 122 109 63 208 90 213 206 123 226 168 245 198 38 203 172 237 222 94 238 135 85 127 233 73 249 196 54 46 232 162 134 28 149 40 80 133 227 115 130 136 205 87 225 41 210 150 50 70 35 192 42 151 156 228 223 
52 : 57 222 172 179 165 139 141 45 53 196 59 96 177 86 43 81 225 170 48 83 64 148 95 228 206 243 160 129 248 52 236 231 65 192 207 54 44 110 90 191 126 101 162 60 215 241 107 187 182 125 55 62 27 208 77 229 246 
53 : 125 136 241 55 38 31 34 200 242 111 64 199 103 148 213 120 137 85 128 187 153 84 134 49 35 155 78 202 141 186 80 249 25 245 203 206 133 32 201 132 223 36 75 37 87 102 215 46 89 224 73 101 
54 : 129 63 105 142 188 72 239 178 208 130 29 222 185 219 71 144 140 199 45 150 30 203 73 127 146 230 118 49 107 246 80 114 197 84 141 121 95 245 236 195 229 69 248 172 165 117 134 198 31 82 151 237 36 42 214 133 53 37 28 47 50 110 89 249 109 81 180 34 101 26 27 220 79 218 212 160 225 86 217 90 179 115 61 64 60 190 87 124 171 244 215 161 182 
55 : 221 204 146 92 115 202 188 246 175 109 89 129 28 228 190 176 157 170 160 137 239 32 164 120 245 231 50 166 26 198 54 106 142 116 192 185 153 67 27 187 177 124 179 238 53 90 171 135 220 189 143 59 225 150 42 215 224 209 243 52 119 163 110 211 102 88 
56 : 161 159 198 232 65 47 125 208 164 116 135 193 118 105 28 201 244 248 206 174 224 34 99 74 245 130 171 189 109 202 242 40 146 101 222 50 183 195 78 93 141 25 199 103 62 203 158 85 83 178 243 173 27 246 235 249 225 132 176 111 39 160 64 181 190 89 71 138 185 186 204 211 213 63 140 
57 : 192 97 84 143 162 106 119 242 186 89 134 231 77 92 202 100 205 45 112 69 25 236 237 87 168 58 216 73 59 225 244 48 137 232 102 246 136 139 27 85 109 196 33 115 219 135 32 61 166 158 91 79 249 66 138 165 117 129 65 104 57 124 81 239 51 118 34 178 151 68 170 222 76 155 128 60 153 122 108 173 188 105 142 80 161 44 177 78 235 181 218 182 39 159 174 110 233 95 146 96 72 42 229 131 148 203 141 
58 : 103 91 76 88 85 226 62 47 33 61 236 25 182 34 123 130 219 105 201 75 149 230 101 92 56 60 29 106 71 203 188 90 110 225 228 111 242 234 185 95 102 245 36 171 28 144 227 
59 : 158 237 152 26 221 137 126 135 215 240 128 78 159 25 196 34 120 187 90 41 69 178 119 149 144 77 140 91 52 113 199 239 230 172 217 44 166 245 191 130 99 82 232 238 200 134 249 104 107 63 194 117 198 147 74 51 38 118 220 193 176 180 184 156 116 181 58 57 115 169 243 102 75 101 29 146 216 85 114 190 143 170 30 177 129 210 167 148 242 122 67 
60 : 195 229 189 171 234 51 135 149 100 38 200 93 148 117 169 203 178 181 235 41 237 157 120 196 119 91 227 36 122 236 160 202 128 165 49 167 217 43 130 113 156 159 226 32 70 174 173 170 223 152 197 168 86 55 
61 : 41 26 63 105 182 31 28 247 96 64 232 203 236 210 67 35 153 110 227 85 90 226 249 185 72 48 111 79 229 220 218 25 164 52 205 230 89 165 224 108 93 248 101 104 113 122 234 146 133 162 169 245 177 128 196 242 137 77 204 243 173 221 75 47 100 121 37 193 54 114 161 186 150 123 45 50 172 152 225 39 117 86 217 170 66 213 235 151 76 36 238 91 216 241 62 207 143 103 200 148 223 159 33 158 199 55 157 184 132 99 244 119 
62 : 128 41 204 202 242 188 170 68 214 244 192 47 183 100 146 121 86 179 197 171 88 238 46 95 71 249 34 74 31 104 243 166 39 218 189 231 209 216 236 246 210 217 89 165 115 108 196 235 212 201 137 226 
63 : 92 153 93 181 229 31 137 243 215 54 190 101 88 227 187 76 128 90 157 173 55 44 188 57 142 78 165 164 82 74 117 167 86 236 151 96 156 162 196 53 111 175 119 100 52 66 42 152 41 83 194 204 208 233 199 91 145 180 105 218 43 147 234 211 230 248 108 60 224 70 207 61 35 104 38 
64 : 41 151 87 74 211 221 28 33 133 140 144 156 49 141 142 184 172 95 216 53 101 56 112 128 187 231 136 237 64 32 191 106 67 219 117 30 83 99 185 180 190 62 26 76 113 229 119 239 249 246 145 146 210 213 105 25 228 183 147 225 66 195 63 110 204 85 198 127 51 80 182 179 102 222 52 58 45 137 212 50 154 247 149 122 131 
65 : 215 136 167 232 68 219 75 92 71 158 188 123 120 236 179 147 183 221 57 88 137 145 142 30 104 180 105 67 235 146 43 101 55 107 72 65 129 26 230 97 114 161 231 192 91 166 168 150 193 66 190 124 242 227 157 164 200 171 82 198 233 99 76 125 152 247 220 35 162 248 115 213 40 134 33 56 246 
66 : 47 57 37 244 120 238 79 173 134 46 182 240 193 150 71 119 129 30 237 185 86 96 151 32 83 70 105 28 155 242 196 220 154 227 107 156 149 176 137 44 33 76 51 205 246 208 74 26 158 159 64 31 179 102 116 125 166 230 103 224 35 233 135 80 170 169 124 248 163 42 113 90 29 87 58 84 91 38 189 226 101 75 108 161 99 165 77 231 
67 : 133 153 113 213 58 143 168 149 101 227 156 214 151 60 237 103 74 155 51 116 112 38 64 238 77 67 61 223 211 188 46 204 142 96 169 148 197 121 209 118 198 29 178 232 203 240 230 53 88 
68 : 113 131 38 151 32 220 212 99 161 213 83 109 221 145 248 89 171 246 88 193 196 107 245 105 71 242 100 240 136 236 43 243 74 92 50 66 241 155 198 200 33 142 137 176 148 117 129 85 170 184 108 36 146 153 164 172 138 102 52 30 167 133 189 81 143 168 230 25 35 65 128 232 227 173 125 67 55 231 70 177 233 206 160 156 157 78 31 75 79 59 237 62 215 27 208 42 205 225 219 122 72 204 112 116 101 51 39 
69 : 179 96 196 145 25 152 90 59 139 53 220 209 247 203 214 136 185 143 111 175 187 121 188 40 78 240 88 130 77 37 172 174 66 80 243 159 138 249 29 39 63 222 100 195 70 26 181 200 166 230 231 248 232 198 72 169 216 135 65 202 102 191 180 225 173 245 170 237 162 57 56 89 224 95 38 151 211 36 244 189 83 49 210 
70 : 207 201 168 198 44 242 146 90 80 224 99 130 179 89 160 212 32 217 152 211 52 48 37 195 115 202 50 151 106 226 138 107 215 108 61 39 56 200 118 100 175 76 140 148 144 235 223 187 153 25 213 210 53 154 42 239 214 26 35 72 29 71 221 86 103 209 191 165 31 186 133 121 203 158 69 41 83 43 34 197 58 55 64 120 205 162 36 231 62 143 176 228 236 190 119 149 102 127 147 170 110 96 116 182 248 59 
71 : 100 237 135 196 33 97 47 116 220 111 64 105 205 230 149 54 226 61 44 52 160 159 125 38 69 240 208 193 82 144 36 232 62 94 126 222 42 182 56 46 177 188 224 50 98 67 112 152 101 
72 : 160 43 75 206 120 176 66 172 56 154 41 53 95 89 161 33 111 243 203 38 234 199 124 115 226 156 236 218 99 97 210 158 150 26 110 31 190 163 67 179 119 98 113 80 69 166 195 28 137 191 65 88 83 189 187 169 
73 : 249 240 35 88 69 138 73 79 236 185 247 47 64 242 108 60 113 160 228 169 52 229 179 171 109 206 214 46 164 68 224 90 123 117 136 98 95 213 118 81 151 106 153 141 231 48 45 143 72 165 84 209 59 61 71 111 120 135 154 99 102 178 241 167 53 189 198 
74 : 150 60 106 51 57 29 27 74 25 135 210 33 197 239 162 245 224 219 81 175 144 104 75 126 223 71 43 55 101 87 129 114 174 132 141 147 89 
75 : 229 204 241 93 51 145 177 129 159 99 90 202 107 195 169 57 75 144 158 198 200 49 85 122 77 173 134 79 212 230 111 102 
76 : 232 219 242 159 171 92 73 202 82 124 235 90 174 168 184 41 144 170 140 177 248 221 65 36 244 130 78 182 108 212 136 
77 : 175 179 121 220 79 123 94 118 85 40 82 207 139 216 98 100 45 219 242 31 229 83 55 149 54 47 119 225 195 232 33 42 163 105 158 203 212 240 130 106 154 30 205 231 201 
78 : 203 134 44 93 36 78 219 185 67 143 133 123 227 198 63 94 238 49 64 100 179 182 33 204 105 54 161 138 232 83 121 125 214 
79 : 230 43 185 101 33 48 76 129 201 242 239 84 36 173 197 152 246 156 100 227 212 99 56 112 149 87 29 81 82 49 231 28 206 248 98 200 196 151 39 102 237 105 47 62 176 244 209 160 27 106 228 110 113 45 73 123 69 145 79 142 175 220 60 97 94 187 245 114 174 64 247 235 232 144 157 
80 : 222 171 238 217 149 111 198 51 105 227 177 236 231 73 139 37 174 91 204 220 125 210 120 183 212 96 213 25 159 53 146 121 243 225 113 31 122 175 79 209 26 88 41 110 119 228 126 66 176 150 170 47 155 207 38 130 246 184 84 98 237 109 74 62 116 167 142 48 135 106 157 233 247 64 40 129 158 235 224 218 153 
81 : 120 154 150 162 98 184 68 119 164 60 108 97 244 81 62 99 192 207 118 240 233 172 226 177 160 95 227 174 28 66 179 165 201 235 80 198 82 223 44 232 193 100 229 185 91 83 73 38 61 180 128 130 224 101 127 210 218 40 202 196 138 111 45 88 243 144 67 115 175 190 170 214 48 137 89 199 181 46 
82 : 97 42 133 88 142 181 227 70 197 132 234 204 246 237 161 33 111 217 109 35 127 138 44 105 80 213 78 64 149 207 211 59 55 180 108 196 49 43 134 67 171 101 239 216 100 195 194 231 82 205 236 95 26 169 141 54 50 47 210 27 233 173 168 160 110 39 79 146 30 164 94 191 226 60 48 182 86 128 165 229 209 76 51 218 208 87 58 178 244 46 117 114 185 219 176 32 126 156 116 120 90 83 
83 : 80 73 40 226 236 98 121 54 117 230 103 223 130 113 96 81 139 162 203 196 200 137 37 140 179 65 227 64 48 45 102 241 237 219 88 36 221 182 105 32 56 86 60 249 136 82 138 58 141 210 110 77 214 67 63 61 57 213 87 166 170 46 178 206 66 47 126 79 76 205 242 75 49 154 246 181 35 157 131 167 41 238 106 228 144 195 132 207 243 164 116 218 142 222 201 172 160 180 244 34 92 174 147 97 107 91 26 187 53 
84 : 213 109 178 77 184 96 79 242 171 127 88 202 102 239 29 63 209 121 98 235 114 179 99 116 233 245 196 167 139 47 231 170 243 153 
85 : 115 146 99 212 73 136 185 130 62 221 89 72 235 168 154 206 37 86 165 78 142 88 83 193 199 25 82 153 239 207 61 125 249 34 213 26 101 97 196 98 42 96 102 174 190 41 128 107 161 149 87 181 90 123 163 95 187 112 197 77 144 43 47 46 228 189 94 200 231 195 241 140 169 122 49 40 81 
86 : 166 99 234 134 106 215 210 161 216 56 179 139 191 244 88 142 103 185 152 73 149 208 35 46 70 193 207 154 37 221 245 145 144 121 
87 : 124 237 65 173 117 212 147 45 88 62 50 84 174 141 121 93 206 28 104 42 26 101 142 180 40 201 132 242 126 219 79 58 236 53 235 145 181 186 179 95 224 243 182 73 51 183 149 153 57 90 205 107 113 244 163 89 152 166 39 60 38 177 227 167 162 200 234 91 103 199 49 109 155 229 111 25 208 169 189 158 52 246 222 136 190 178 48 160 171 144 128 151 105 96 226 
88 : 238 234 123 223 65 33 74 198 50 210 98 27 47 153 248 89 211 182 36 118 101 85 242 162 236 107 155 113 62 249 77 117 73 87 138 66 115 150 142 88 128 41 206 133 72 224 199 129 126 84 144 82 189 171 59 163 227 239 193 70 94 228 53 190 42 34 51 139 92 56 174 188 95 235 44 196 222 221 233 157 135 230 187 96 169 131 192 191 67 216 151 110 35 81 195 79 130 64 
89 : 222 184 109 152 223 241 167 81 242 56 182 215 61 98 172 27 92 210 165 144 94 189 107 83 114 28 166 
90 : 134 198 171 240 144 221 150 176 95 187 96 226 192 243 183 33 82 215 109 84 165 195 172 213 83 241 29 39 57 85 194 63 99 151 217 46 135 31 103 239 87 168 245 235 146 34 242 162 216 38 141 225 27 247 108 72 49 159 60 76 126 106 47 177 64 202 56 220 121 182 132 246 61 102 58 54 130 114 101 238 123 188 59 153 107 209 190 129 227 124 100 32 128 53 160 120 105 158 203 230 66 156 139 43 149 74 41 167 25 164 104 81 180 
91 : 213 192 83 128 190 207 219 70 71 154 95 36 230 226 218 130 48 158 138 241 168 31 224 89 109 169 35 54 131 28 74 160 153 82 145 25 238 227 92 171 101 225 185 107 41 141 235 59 178 84 196 81 173 93 187 165 66 188 39 57 100 236 152 126 76 146 27 121 29 30 198 201 179 85 104 166 210 215 61 246 49 87 228 58 244 205 91 110 149 33 193 142 
92 : 71 164 195 27 204 96 203 238 235 148 122 47 174 52 43 168 84 184 77 54 87 62 236 167 55 85 66 245 103 225 73 51 61 249 
93 : 233 73 106 84 44 65 189 94 228 57 112 46 186 213 242 31 39 164 195 72 217 151 42 49 156 135 117 191 102 26 144 133 192 130 146 152 101 56 123 30 54 210 140 219 216 247 80 97 161 158 34 38 245 206 175 177 78 203 204 96 103 120 132 188 86 25 91 215 179 90 208 40 
94 : 221 94 113 225 135 243 73 248 162 61 76 116 46 149 231 89 241 122 60 166 161 208 192 30 132 165 209 59 28 224 169 198 92 215 83 152 130 186 170 126 154 197 195 176 167 38 218 128 51 151 120 164 213 91 
95 : 232 82 74 245 181 137 139 116 197 198 235 28 172 201 161 147 53 141 202 68 240 211 133 84 108 195 25 92 118 173 208 85 194 46 184 48 212 164 145 171 103 69 244 101 179 
96 : 175 141 74 240 191 85 239 222 213 192 68 25 133 160 195 149 113 185 151 45 190 48 40 135 69 225 139 179 172 119 41 249 44 98 234 136 224 38 122 50 62 95 174 228 55 112 35 165 223 157 173 60 167 120 227 231 187 238 214 53 36 154 221 81 220 75 67 26 230 108 138 198 140 128 83 161 226 219 127 58 200 170 52 47 77 244 201 73 158 236 180 162 115 79 
97 : 203 161 184 227 43 30 34 70 42 198 222 212 26 29 125 85 145 57 128 37 218 168 135 188 223 210 237 
98 : 172 199 160 78 47 202 213 124 190 214 140 165 144 39 28 93 57 83 105 40 46 54 77 82 227 246 242 211 150 114 145 181 26 60 116 42 112 235 33 100 170 32 101 184 31 111 30 201 220 74 237 64 234 207 67 53 81 218 180 225 185 146 29 230 85 233 61 244 79 80 149 204 174 148 151 226 228 68 55 221 130 48 69 188 84 97 154 129 161 88 167 103 147 37 209 133 212 59 71 131 45 25 191 35 162 177 
99 : 200 142 130 37 118 221 120 220 113 32 134 38 164 177 107 114 237 199 115 245 154 176 84 109 152 52 222 155 161 54 159 173 210 215 102 106 223 189 144 205 203 207 65 123 167 28 58 116 108 41 110 179 244 64 235 248 143 249 51 224 208 69 111 243 88 227 112 188 93 218 151 165 75 232 67 213 60 158 129 216 225 156 66 150 131 233 145 240 185 87 209 53 127 44 178 196 183 89 128 78 76 212 132 34 163 162 217 184 201 
100 : 114 211 159 64 117 188 174 103 132 59 179 162 196 221 34 200 39 47 215 203 63 67 79 111 222 144 41 82 199 116 204 152 58 149 209 66 30 193 234 45 78 124 160 244 249 35 77 173 208 56 237 153 230 44 236 53 227 42 101 146 32 71 88 232 177 55 108 80 33 106 185 
101 : 185 97 220 113 88 57 104 30 127 243 227 190 148 215 26 95 199 226 207 225 25 206 182 229 201 194 145 65 216 53 101 168 184 96 56 162 186 222 135 238 195 219 139 118 125 69 232 133 237 39 121 99 152 239 157 211 153 193 29 47 40 202 136 233 70 84 218 49 223 105 161 177 204 63 245 68 32 54 119 154 91 134 166 55 75 140 244 27 212 167 183 116 197 159 205 110 60 62 146 158 112 
102 : 148 125 142 114 49 103 157 110 166 135 113 25 80 199 83 60 101 84 72 203 93 153 48 197 130 189 209 122 151 211 50 27 224 204 159 102 171 
103 : 79 30 91 119 144 203 199 187 237 159 195 191 134 183 238 45 94 121 36 107 129 90 139 48 249 205 219 172 33 156 136 50 143 163 245 196 32 221 227 212 68 164 215 229 194 201 84 102 147 112 176 132 145 83 81 109 25 166 234 137 146 175 236 204 100 87 56 72 208 177 223 197 43 80 160 235 218 55 149 240 78 44 202 225 214 
104 : 108 156 163 234 55 226 105 80 180 140 212 74 155 182 77 83 147 71 174 227 65 211 124 151 38 220 122 110 93 136 42 68 172 176 116 
105 : 194 72 211 69 81 118 180 40 90 195 209 152 140 121 53 41 43 222 39 28 119 96 126 98 86 229 183 249 247 25 77 47 237 142 127 26 130 128 143 228 184 156 31 114 133 111 208 80 245 181 246 242 203 51 42 148 219 236 210 163 168 79 29 192 169 239 112 139 150 104 78 220 85 91 235 199 137 233 215 157 75 155 186 146 97 105 92 
106 : 212 164 199 232 36 243 224 94 101 89 222 32 29 86 92 169 137 130 111 100 242 150 172 195 229 72 192 155 42 47 165 157 70 123 84 233 209 207 186 143 96 95 53 132 152 67 34 173 104 124 83 56 196 213 85 216 184 147 141 93 231 99 80 194 158 175 27 182 245 46 49 82 179 160 238 227 37 
107 : 60 144 218 97 186 238 65 156 226 75 225 66 188 138 96 44 244 229 191 176 37 208 59 94 81 172 27 51 150 199 157 64 179 177 165 145 200 195 126 118 183 139 
108 : 93 116 76 204 215 95 133 170 193 100 151 176 213 44 236 129 68 155 25 186 84 94 88 142 172 35 224 121 77 247 73 203 108 166 165 26 167 233 86 124 225 234 158 168 31 45 174 139 191 229 82 182 241 107 54 143 27 206 244 195 72 75 246 59 128 134 120 138 147 208 39 62 220 218 154 58 117 245 237 173 188 249 199 104 145 37 61 177 81 211 119 60 201 66 29 48 99 200 192 248 184 141 216 159 65 122 239 217 40 150 185 
109 : 189 29 236 182 200 83 234 96 81 141 180 157 230 78 156 60 108 194 133 70 190 47 229 232 138 186 231 102 101 197 85 169 203 76 216 166 26 205 143 193 39 239 199 178 129 49 114 66 67 127 172 220 100 61 36 89 226 137 235 
110 : 126 232 101 239 67 176 135 168 242 132 52 60 240 116 201 139 147 192 79 182 149 112 134 246 244 107 207 58 98 61 154 159 124 205 68 93 26 199 46 49 40 170 28 97 190 144 103 202 166 164 157 57 143 213 186 219 215 31 185 220 140 115 214 100 72 54 228 96 91 241 223 78 47 86 160 70 184 
111 : 241 186 132 27 69 153 155 84 108 31 82 182 196 136 174 245 217 152 185 237 167 57 248 227 211 195 36 177 118 93 159 109 140 163 63 184 105 194 35 249 219 125 126 228 121 143 168 158 213 130 165 141 37 39 103 170 32 68 41 48 147 166 190 62 110 220 210 150 
112 : 230 141 185 173 162 249 73 205 72 84 214 153 164 242 245 98 166 111 224 190 159 219 110 121 189 32 34 
113 : 47 91 224 192 65 140 156 147 109 87 170 44 194 86 61 196 30 210 171 231 94 129 78 168 88 62 106 64 213 89 75 60 50 38 32 52 239 241 43 100 157 217 27 159 209 45 220 54 144 71 230 163 119 40 221 69 53 122 200 229 92 173 151 127 42 216 133 195 207 81 174 188 113 245 149 247 114 105 141 118 36 107 206 137 
114 : 179 110 51 206 205 187 197 60 131 61 136 175 247 154 223 243 227 216 29 52 200 93 196 111 85 101 228 80 77 38 213 160 164 30 55 180 166 174 65 201 26 183 36 92 58 210 62 37 177 184 147 94 139 145 96 54 87 125 73 
115 : 178 130 149 225 83 26 71 37 204 151 46 78 248 62 227 208 244 97 135 221 58 158 123 205 219 32 120 148 122 192 115 162 66 92 160 114 172 109 27 61 137 146 53 85 216 209 117 136 54 56 231 175 169 75 116 133 234 99 81 127 166 222 125 129 187 173 168 237 44 247 110 214 25 52 121 218 154 243 246 34 36 35 180 215 89 176 29 194 184 98 177 102 31 93 55 106 107 
116 : 90 53 64 25 167 113 189 51 34 130 116 123 244 162 80 55 56 135 69 201 77 40 152 163 39 43 165 185 70 208 
117 : 145 164 197 233 63 113 209 243 153 157 190 224 247 203 151 70 167 154 48 116 119 125 183 101 80 78 134 194 158 165 168 235 61 84 241 223 180 230 129 79 237 173 239 146 67 162 112 77 123 85 49 163 155 195 169 58 130 120 136 73 90 
118 : 102 160 46 221 192 183 137 199 70 140 125 62 88 201 116 173 56 231 195 148 66 40 117 93 129 134 202 104 147 226 95 74 132 80 83 141 189 239 
119 : 112 53 222 170 186 104 49 169 92 40 84 162 50 185 224 38 238 207 197 163 196 109 127 151 215 241 27 212 242 240 66 111 175 152 95 178 187 181 58 93 30 190 57 174 231 154 62 247 214 74 167 233 130 122 227 150 173 220 213 128 135 90 114 85 60 166 71 
120 : 142 237 107 135 197 158 194 227 66 64 157 209 72 198 110 71 29 217 169 125 192 103 206 62 238 83 162 184 248 236 177 52 36 68 129 26 118 204 39 212 199 109 151 143 48 31 
121 : 38 210 50 199 218 83 150 45 25 159 117 40 57 127 213 59 108 172 119 122 164 80 64 239 111 189 76 178 101 32 212 104 96 186 192 205 208 103 242 31 109 185 30 226 42 220 77 143 46 215 214 99 138 116 60 160 56 72 175 230 78 75 98 84 81 182 194 65 131 195 33 70 203 198 132 176 125 174 155 228 102 95 146 232 244 130 223 211 200 114 179 135 157 191 88 118 
122 : 241 163 56 86 171 65 213 178 66 109 181 29 130 104 68 242 67 97 197 134 34 28 114 180 103 173 227 233 158 61 184 237 223 60 91 63 191 174 132 57 236 202 211 232 32 87 74 107 127 131 120 168 117 118 206 166 102 123 92 188 169 176 45 215 31 105 209 48 133 246 43 35 88 147 199 111 50 228 79 112 64 208 198 
123 : 171 189 115 162 114 139 248 46 161 42 78 182 112 163 88 39 34 233 64 199 107 223 238 131 68 38 127 244 150 168 169 183 246 85 60 210 213 247 91 98 
124 : 200 60 109 87 103 72 221 220 235 229 134 70 88 40 137 155 242 107 207 232 240 94 86 128 230 149 95 67 108 143 75 124 71 
125 : 214 87 227 35 175 78 188 83 114 138 51 208 161 219 86 162 53 157 199 229 203 248 228 47 239 195 72 247 121 66 237 91 148 190 32 242 142 150 97 50 133 221 88 101 231 84 25 109 62 211 165 89 194 170 45 82 122 225 40 180 238 224 128 52 202 172 155 26 42 130 160 151 107 34 71 55 64 77 99 154 179 181 137 69 75 182 118 141 125 223 41 140 169 145 117 192 92 43 245 233 166 205 54 152 129 113 210 215 212 74 187 36 
126 : 68 94 159 143 123 125 198 209 132 127 49 98 175 215 161 25 74 236 85 200 203 219 47 87 165 191 32 57 133 31 77 229 216 114 136 37 185 28 140 70 146 243 194 72 158 61 225 142 84 210 170 148 195 235 187 156 249 157 154 163 186 
127 : 160 200 138 196 132 137 71 148 53 156 155 241 139 43 36 102 208 211 212 227 45 226 204 191 76 232 142 176 145 202 144 168 188 122 143 108 199 158 213 133 159 125 92 81 127 100 101 223 99 26 107 52 194 182 217 55 
128 : 73 147 239 32 182 63 101 223 99 104 156 93 139 133 88 114 132 184 199 179 77 79 160 193 213 105 130 30 170 131 149 50 142 64 143 134 112 235 188 242 98 69 190 
129 : 177 168 41 63 98 133 72 64 149 103 174 165 69 243 210 60 166 110 143 50 171 163 189 202 97 233 61 115 120 248 186 240 205 113 67 49 245 147 132 162 194 242 125 229 126 241 91 52 148 31 84 
130 : 101 161 74 60 163 34 180 103 97 152 171 157 107 53 131 195 217 177 40 218 216 144 72 141 71 230 169 146 108 115 51 123 32 174 221 77 248 147 235 203 59 55 176 56 110 193 52 113 105 114 167 231 25 175 219 46 229 210 158 135 
131 : 97 81 26 57 198 192 82 27 188 91 119 212 65 138 190 95 128 41 115 213 166 83 224 108 107 215 204 199 246 183 133 51 103 201 230 151 123 196 28 69 122 75 48 77 113 181 179 86 232 44 50 109 141 169 33 142 61 59 177 99 129 191 160 126 49 193 117 111 
132 : 84 239 209 137 103 50 160 109 190 104 159 144 123 106 176 246 164 44 124 96 53 71 217 52 58 148 105 33 149 120 111 127 125 88 158 108 134 39 222 64 130 219 31 67 40 205 114 131 226 175 179 237 85 241 171 231 207 48 238 225 26 145 247 197 185 166 55 235 248 61 35 99 215 191 230 146 174 178 95 153 195 70 34 113 60 143 83 66 189 169 232 220 243 76 156 203 87 110 181 233 139 213 186 37 173 77 162 
133 : 96 176 123 143 93 221 100 186 108 193 77 162 119 52 169 98 44 200 201 133 247 60 47 135 226 69 146 227 207 238 239 228 56 79 160 94 223 90 166 150 215 209 103 64 37 167 58 111 109 153 164 157 248 148 25 107 212 97 
134 : 136 91 195 101 66 232 187 142 213 131 233 95 198 202 81 181 155 153 172 78 118 214 98 230 188 192 86 234 228 161 148 106 217 69 43 56 185 111 104 36 210 246 197 71 204 150 41 216 87 167 160 110 60 57 59 
135 : 121 109 155 225 185 182 156 221 65 108 146 43 98 234 137 32 244 74 226 202 62 201 198 70 227 174 231 93 180 207 117 135 210 91 143 138 164 95 72 175 61 239 165 216 88 66 144 196 92 230 69 177 193 64 212 223 178 33 54 115 195 173 154 87 134 224 151 125 145 52 236 127 56 97 147 103 211 84 85 60 168 245 200 222 141 243 129 153 189 246 240 192 102 158 73 42 68 133 
136 : 61 161 232 80 233 180 188 66 96 163 53 107 79 142 236 147 217 224 222 115 204 191 127 162 221 43 210 69 202 76 168 82 118 223 198 173 75 106 231 126 141 78 148 31 228 137 87 41 207 74 128 197 249 133 179 105 218 51 166 185 241 50 195 237 94 131 67 
137 : 53 234 221 63 213 198 31 246 108 117 71 121 228 155 148 50 125 179 26 163 75 204 171 185 90 28 140 130 98 101 177 59 104 94 89 76 38 205 222 249 129 150 209 189 243 152 45 190 73 78 241 242 74 137 34 206 51 236 239 49 237 131 77 41 183 164 123 134 182 
138 : 126 149 62 33 204 229 115 136 70 227 34 77 94 223 121 64 170 161 117 213 74 203 81 243 46 148 76 28 185 245 176 209 40 207 125 31 38 235 150 104 71 53 202 50 147 184 180 157 211 143 219 83 232 156 186 175 205 58 151 216 61 37 247 118 139 206 36 111 27 138 146 154 42 54 242 224 26 63 110 179 194 29 130 239 109 215 238 101 199 159 95 82 116 92 91 248 124 120 39 158 89 122 197 134 
139 : 68 187 28 25 79 210 174 134 147 36 89 223 212 129 216 215 207 115 229 135 179 203 225 121 120 156 140 61 205 224 206 65 152 186 235 226 159 76 
140 : 208 49 58 84 64 220 37 52 172 216 191 127 125 223 239 157 184 91 71 42 161 57 77 105 148 185 200 101 165 140 87 81 217 36 130 171 93 246 30 158 193 117 162 153 169 74 51 80 213 188 135 194 175 69 40 143 115 183 33 168 31 234 131 235 89 241 41 211 109 27 142 78 224 95 150 212 88 137 236 55 154 29 73 210 79 141 111 129 214 121 182 60 218 114 75 70 232 164 128 228 222 26 244 116 231 248 45 99 221 119 
141 : 166 104 150 157 206 88 180 55 144 178 27 112 152 42 207 36 205 44 110 28 215 168 195 153 246 49 46 116 163 220 103 227 214 244 149 241 108 123 119 248 143 161 173 48 208 106 245 154 176 83 67 86 218 209 64 164 179 79 56 141 134 155 111 232 158 159 204 217 124 96 71 91 
142 : 153 97 192 235 140 200 210 211 92 205 243 180 195 183 105 123 169 213 199 39 226 29 222 102 119 96 117 232 184 201 171 82 162 188 26 135 157 174 236 186 40 159 64 182 219 191 160 148 67 233 179 166 196 239 223 46 112 110 41 106 113 104 208 48 218 115 101 242 165 89 224 109 203 76 124 125 47 150 84 100 75 238 194 163 234 172 111 151 237 202 173 198 42 118 230 241 142 156 44 158 155 53 81 120 214 108 77 33 83 36 94 190 99 130 177 
143 : 37 207 56 182 82 59 163 90 83 238 124 123 106 247 170 178 31 36 166 131 29 141 72 73 58 158 96 223 54 144 108 215 165 110 98 189 249 69 116 125 140 244 40 99 45 200 218 179 137 105 64 85 76 57 133 55 153 60 112 194 38 43 169 109 44 196 130 84 74 208 62 211 71 147 234 230 160 154 226 119 
144 : 100 246 140 203 202 155 46 54 195 102 178 204 206 101 167 81 97 87 67 32 248 105 228 237 163 72 36 119 84 136 244 98 99 154 53 125 37 49 162 249 180 65 89 115 138 56 157 205 190 51 27 86 201 29 230 160 80 219 141 222 64 
145 : 189 73 64 79 212 176 118 122 117 166 180 65 137 178 239 132 52 195 209 46 154 136 236 205 228 164 148 157 84 89 127 70 59 119 126 92 186 33 225 234 71 231 134 230 53 197 101 247 102 55 145 161 62 183 69 83 179 244 94 248 57 245 37 107 133 104 51 54 242 213 172 155 49 202 47 
146 : 78 119 67 234 245 130 109 37 47 56 92 40 205 154 237 48 220 170 79 200 186 164 163 218 141 249 101 173 97 167 94 64 33 233 144 82 136 74 224 181 28 110 127 134 246 31 25 151 61 57 117 191 236 162 174 111 120 128 148 206 176 104 215 93 152 90 91 221 133 213 123 179 219 177 140 108 65 229 239 137 182 188 129 88 225 231 
147 : 112 133 157 55 96 99 188 225 232 90 234 52 109 154 186 192 51 107 210 71 105 168 143 158 66 244 59 164 40 75 195 115 124 201 76 226 213 142 57 125 97 37 27 215 77 44 196 179 160 233 102 104 122 170 93 155 237 187 191 208 47 131 121 106 220 246 88 189 74 214 183 162 56 199 223 176 173 132 245 248 68 178 209 79 129 146 206 235 202 181 161 38 113 
148 : 87 96 143 196 63 110 164 51 112 158 97 217 163 231 174 179 113 76 99 44 49 80 146 54 228 139 144 47 114 140 78 82 31 186 241 177 204 165 230 119 246 37 68 150 90 221 93 71 36 43 118 104 208 224 88 199 185 52 102 59 161 171 38 61 198 41 32 53 189 57 220 166 237 106 85 94 
149 : 45 84 228 96 90 178 29 185 212 186 94 162 237 145 166 82 199 155 81 85 107 135 146 71 47 55 168 221 202 52 175 240 122 119 165 131 38 236 
150 : 232 210 56 149 107 86 74 31 103 249 224 112 139 71 236 41 34 145 155 135 84 163 211 193 44 105 203 205 171 188 150 58 79 70 137 116 62 140 69 220 93 164 91 67 83 122 63 183 87 42 43 143 124 110 213 53 65 180 174 50 118 25 235 246 48 64 144 154 160 38 40 181 
151 : 245 144 223 60 71 107 83 235 164 113 150 75 66 135 67 130 43 48 78 211 127 194 89 193 103 100 101 77 224 115 33 220 91 55 249 239 61 30 234 34 51 109 105 186 161 31 182 87 79 70 111 63 122 201 124 84 46 98 25 190 153 171 237 41 214 226 139 32 168 159 149 233 219 179 108 81 225 229 247 69 248 174 183 165 232 110 167 85 62 151 106 88 57 181 64 39 40 170 145 72 218 217 230 65 177 97 215 160 180 134 228 202 
152 : 163 95 161 31 249 33 228 192 197 224 212 157 165 104 162 103 86 235 88 90 57 65 170 193 240 125 176 79 77 123 50 30 227 120 196 215 174 205 70 220 78 61 85 63 156 134 141 158 238 94 182 171 45 155 154 211 42 37 107 67 167 97 233 153 201 217 160 208 210 109 100 89 236 75 203 98 131 68 218 180 198 118 239 244 219 
153 : 80 68 180 143 81 220 171 27 97 51 126 225 212 103 109 117 222 101 78 191 131 174 176 170 65 94 140 201 229 48 188 108 182 49 186 175 73 129 245 38 40 54 236 123 226 205 200 91 204 159 83 67 95 127 148 238 177 192 75 234 85 98 179 152 128 142 235 166 150 190 76 88 221 210 122 156 110 42 230 211 71 141 168 59 
154 : 127 157 155 105 162 195 190 100 166 101 44 50 158 180 226 31 135 126 91 185 54 94 227 205 110 111 239 131 246 82 108 107 72 47 34 146 62 64 63 39 222 248 103 235 56 29 221 194 199 113 74 213 228 53 106 223 217 97 35 134 81 112 218 191 163 57 115 86 118 40 192 41 84 33 232 152 93 169 68 87 183 129 247 28 116 85 132 206 
155 : 104 151 164 174 64 233 216 48 137 200 52 60 75 192 88 220 190 121 228 213 217 175 143 46 120 91 61 226 49 118 36 225 117 127 132 72 112 140 110 96 56 240 237 106 152 114 39 172 43 187 165 122 242 58 139 173 100 135 102 90 65 116 236 113 157 76 241 
156 : 189 203 31 166 146 126 162 129 195 52 227 108 90 87 117 41 114 128 228 64 247 167 94 98 154 233 65 81 133 36 38 161 236 200 196 156 105 219 147 104 59 
157 : 202 154 55 175 210 215 247 32 26 98 148 84 229 244 61 190 163 180 197 176 73 233 205 182 234 199 240 59 52 115 174 
158 : 186 187 195 159 27 120 188 38 237 145 241 99 29 194 146 236 111 158 95 115 134 209 125 59 210 175 56 172 94 239 73 140 79 165 84 160 80 151 216 245 153 212 97 92 76 103 136 208 65 44 48 228 206 240 144 81 47 225 211 155 247 98 224 123 75 218 223 193 180 220 230 167 105 40 147 101 126 141 189 200 35 226 202 78 83 174 201 221 196 127 215 164 154 
159 : 160 131 25 243 246 126 110 68 154 80 78 205 139 143 127 134 66 113 222 197 207 77 228 200 144 234 38 244 185 145 198 148 55 28 210 184 242 122 36 209 214 233 
160 : 181 64 146 140 69 242 228 186 133 197 63 159 103 174 193 35 230 95 86 233 139 154 232 227 152 115 132 
161 : 211 183 61 52 179 134 47 74 81 248 40 232 30 147 161 118 240 117 153 176 55 150 86 83 44 249 53 233 103 173 119 88 42 108 124 129 174 163 113 29 166 164 230 136 39 247 200 114 213 79 137 187 78 62 203 91 54 243 31 58 127 138 146 151 80 242 180 132 235 162 198 220 76 104 98 199 128 202 57 56 221 99 160 90 32 36 177 193 194 227 171 219 152 105 168 84 158 165 223 51 77 46 27 125 189 172 181 73 67 68 226 228 201 
162 : 88 26 113 190 193 164 78 49 150 209 145 61 135 152 36 66 157 221 202 125 59 44 56 241 203 27 246 70 101 96 170 216 82 71 139 244 77 225 87 229 97 165 182 127 234 75 129 131 103 28 245 72 211 100 179 33 140 116 199 151 80 107 222 236 60 141 200 46 104 110 34 149 166 169 247 204 163 143 156 232 30 224 188 40 153 37 99 90 64 214 
163 : 148 132 63 86 223 95 163 61 186 124 77 162 249 56 92 125 208 105 79 70 42 110 121 97 83 175 180 53 235 60 33 200 155 147 93 28 84 190 151 135 237 195 117 165 120 169 133 66 114 36 160 59 206 157 115 106 45 174 245 78 128 98 116 134 179 158 241 149 156 181 152 230 102 122 69 240 108 39 94 55 138 141 104 37 144 44 205 167 150 103 191 51 
164 : 247 27 111 33 28 46 101 32 117 184 42 210 148 188 43 240 183 208 178 137 154 91 211 160 80 145 30 78 226 153 120 182 65 
165 : 204 82 238 39 71 89 213 198 196 123 165 53 55 162 119 141 64 235 137 88 72 97 151 42 48 46 94 144 36 98 161 131 92 96 117 197 203 241 187 136 103 158 66 95 93 26 60 57 75 180 54 223 159 99 189 156 217 207 116 44 201 211 245 225 90 128 142 216 185 125 171 237 181 108 143 210 244 121 118 80 155 104 50 148 230 184 215 175 
166 : 183 187 135 192 75 234 133 78 99 248 179 173 55 207 30 218 92 97 57 80 220 155 153 243 203 166 110 241 121 103 228 86 184 93 168 72 51 244 73 120 223 208 74 188 104 197 211 59 90 141 157 219 27 32 52 185 162 139 175 191 239 212 47 114 145 46 189 149 88 123 56 138 142 49 28 172 164 50 79 213 231 182 102 181 152 33 163 83 246 91 34 156 66 43 119 122 87 198 222 201 37 214 229 215 202 
167 : 72 98 52 136 82 80 31 134 164 226 144 197 185 118 206 86 231 176 111 203 114 238 45 66 48 112 117 
168 : 245 94 201 244 109 38 205 53 157 82 195 98 202 73 86 116 156 93 27 216 163 58 70 230 214 152 110 225 30 78 67 179 123 144 178 135 55 36 235 241 212 61 145 
169 : 62 128 90 178 211 165 183 106 186 235 116 204 212 125 196 60 139 184 207 92 247 105 201 115 114 118 51 152 181 197 231 144 112 96 213 219 238 131 202 236 173 111 216 110 175 109 140 97 132 84 74 159 234 25 195 170 241 137 121 82 182 37 36 85 68 172 29 129 147 141 145 54 239 130 225 75 189 53 200 155 158 208 209 157 42 40 190 228 66 45 187 38 48 117 50 102 35 161 160 77 94 240 226 69 122 
170 : 227 132 59 47 167 48 72 223 75 197 234 181 125 116 30 144 43 108 60 143 215 217 243 110 161 136 103 198 155 86 142 221 183 210 82 68 49 148 207 174 45 35 67 162 145 242 65 233 87 171 92 120 62 203 231 249 151 211 170 69 66 41 165 106 95 71 83 114 202 50 150 140 
171 : 66 156 49 94 190 152 202 203 64 60 204 195 96 121 227 116 165 104 171 93 111 71 243 100 245 145 201 36 218 177 44 102 117 214 224 
172 : 201 162 35 219 149 107 210 241 223 175 45 72 51 141 29 64 52 135 243 229 27 167 238 168 42 91 70 43 133 137 38 231 249 33 94 174 247 40 30 142 196 106 211 93 100 225 25 81 34 159 185 147 245 199 143 176 84 89 145 50 202 164 130 90 58 28 169 156 102 248 80 233 215 134 205 117 152 97 186 76 99 234 140 119 104 59 123 188 41 218 65 36 224 47 
173 : 37 200 83 156 187 214 82 46 30 155 86 104 197 102 87 139 201 141 245 34 163 67 168 111 167 169 71 191 56 41 158 232 57 188 190 170 
174 : 68 34 44 99 205 218 152 26 183 170 138 32 166 136 160 118 126 78 146 206 93 248 148 140 213 233 70 109 215 229 145 120 124 62 237 141 217 211 31 173 134 163 101 77 75 245 104 131 108 80 151 35 128 29 221 27 220 147 25 189 133 188 132 231 92 
175 : 190 180 170 87 68 172 83 65 181 44 163 91 115 166 224 54 183 236 43 106 39 233 217 208 244 66 45 199 28 110 192 
176 : 59 28 160 70 137 185 129 37 161 104 65 86 71 55 178 69 144 249 243 220 110 90 201 130 89 116 63 92 199 189 133 118 181 134 50 194 215 108 183 224 101 166 114 40 213 41 147 142 80 107 49 177 43 171 164 125 227 140 182 139 192 42 159 231 209 77 200 44 54 58 186 62 96 211 223 113 72 151 56 103 219 83 165 169 149 153 121 150 128 248 98 47 124 246 202 234 167 145 175 195 88 
177 : 95 198 159 248 176 85 31 225 161 220 221 229 185 90 96 39 133 173 210 164 56 35 212 158 124 66 49 219 107 88 175 139 166 42 106 93 118 52 211 69 109 183 150 147 209 132 53 28 117 51 168 218 230 233 47 214 29 142 174 129 232 249 135 171 243 222 121 151 191 152 234 236 75 223 136 241 126 67 162 231 32 145 188 144 242 172 76 26 57 64 228 43 82 50 216 240 215 
178 : 158 207 26 227 214 141 169 59 170 184 85 98 147 193 118 182 212 83 236 105 112 117 109 42 196 165 89 208 133 176 203 148 249 40 221 189 230 
179 : 173 143 169 153 96 36 198 201 87 120 211 115 218 43 63 249 44 156 77 62 148 243 206 152 111 150 31 154 74 128 132 196 113 41 234 46 151 192 225 224 76 141 94 204 207 130 92 79 26 101 55 40 238 214 118 121 126 91 97 231 56 209 220 123 237 235 240 32 166 109 216 159 42 147 86 69 38 37 67 219 99 199 127 229 215 202 65 233 110 208 33 179 133 195 171 186 222 187 146 142 158 162 161 244 190 160 81 73 
180 : 52 168 158 173 179 114 84 50 206 241 132 32 195 54 90 105 86 28 75 191 222 67 79 120 81 36 147 204 194 38 152 45 165 229 58 91 184 164 237 137 44 69 142 
181 : 121 235 164 244 76 55 135 147 114 86 141 35 214 160 88 231 173 184 41 178 179 85 234 113 109 201 117 92 52 89 212 118 105 208 215 42 183 193 237 
182 : 158 199 67 239 57 73 96 249 128 142 26 103 114 204 240 247 59 127 60 164 125 51 105 113 230 195 30 157 66 245 99 232 85 140 197 166 241 58 181 50 231 81 65 207 184 64 78 87 216 116 169 41 72 126 237 100 77 227 233 170 176 
183 : 204 77 180 209 71 92 147 88 109 59 242 125 83 232 162 40 44 82 28 123 68 191 197 202 74 72 80 54 166 229 25 212 176 234 127 34 199 190 124 84 211 228 138 144 249 151 188 201 103 27 29 41 126 161 108 224 128 89 
184 : 142 191 209 110 197 66 240 216 138 227 122 31 136 219 171 90 53 44 160 144 242 46 146 45 35 92 168 
185 : 160 211 132 222 74 121 181 69 83 120 161 179 138 144 59 109 72 112 245 163 202 108 170 131 25 44 143 33 195 162 234 79 242 156 178 100 126 216 192 93 226 214 90 81 36 56 182 60 221 244 127 240 49 76 86 82 40 210 71 125 150 232 165 92 185 246 157 68 31 51 230 123 141 67 102 209 204 122 147 75 224 111 207 215 205 124 233 139 103 41 128 180 96 77 173 48 159 37 164 85 231 186 114 52 45 213 62 129 184 148 135 
186 : 124 142 96 216 53 198 110 227 177 159 219 208 151 141 163 187 181 206 229 55 202 248 226 213 228 118 132 30 161 123 43 66 86 196 82 145 239 29 42 36 
187 : 94 68 210 149 192 115 137 245 222 227 126 136 53 105 69 45 145 98 100 234 117 104 35 233 52 207 51 120 204 144 167 224 111 163 248 43 146 174 236 189 186 114 195 213 84 139 41 184 112 128 197 226 142 194 217 25 220 179 65 77 175 223 55 83 116 96 92 173 205 110 203 132 200 34 140 74 38 246 238 28 44 157 131 
188 : 124 47 238 154 27 104 223 171 42 59 68 99 125 199 109 222 79 201 246 230 233 64 129 35 61 85 183 131 75 216 225 
189 : 224 191 135 103 27 142 141 183 56 247 58 239 122 214 205 160 242 159 132 241 93 105 123 231 66 100 106 145 110 109 126 200 204 144 68 152 101 172 176 85 182 177 194 30 167 104 232 148 55 143 155 71 107 40 43 220 88 90 146 94 219 37 236 223 243 140 168 153 34 157 234 64 65 51 38 97 166 99 156 96 173 89 50 218 222 139 114 127 44 209 208 196 248 150 26 
190 : 188 92 63 215 118 34 99 51 221 111 220 212 151 192 97 137 29 31 211 123 43 85 41 88 218 198 73 140 157 86 141 235 105 234 133 39 74 170 203 42 122 71 84 199 82 100 38 120 247 164 163 25 117 232 202 95 195 210 75 66 78 183 
191 : 215 33 133 148 129 118 58 180 241 158 71 48 182 134 218 65 175 219 138 162 41 191 145 195 116 61 217 202 203 84 89 108 237 104 154 110 98 187 128 60 83 68 204 125 121 163 76 82 78 221 178 186 174 142 28 199 111 156 179 43 207 80 102 209 117 74 119 91 235 247 26 239 233 27 132 181 240 35 225 198 73 184 228 86 113 196 127 51 176 31 155 208 
192 : 110 240 196 71 53 96 179 172 83 195 130 161 36 231 86 206 170 234 39 191 46 210 165 148 99 76 70 222 72 146 29 27 217 51 169 139 105 81 218 166 52 194 182 67 87 61 202 95 203 241 73 152 192 42 106 162 235 50 224 84 28 121 55 94 221 118 48 93 140 47 102 156 30 167 122 207 63 37 137 243 107 59 98 186 227 125 150 230 199 108 154 54 158 216 128 144 142 155 236 69 201 103 247 85 32 49 65 119 
193 : 93 30 129 233 183 220 70 110 200 42 100 194 104 192 128 45 212 69 178 34 151 31 122 114 35 231 169 84 77 203 38 239 216 112 29 235 96 187 170 179 49 94 39 167 67 241 229 175 87 176 80 63 223 198 246 226 139 185 173 193 79 60 127 168 154 102 190 136 174 101 165 83 157 204 103 219 160 46 153 184 118 145 56 81 59 88 78 217 123 201 135 113 43 230 243 99 147 92 26 55 98 66 227 155 119 166 180 95 
194 : 134 231 148 170 222 31 207 247 115 53 146 99 163 114 151 41 202 145 206 200 60 157 160 51 25 215 102 37 30 236 175 219 123 110 125 33 199 58 241 107 122 223 239 169 84 77 216 76 35 104 75 131 130 204 228 136 238 224 139 66 137 34 45 126 138 225 
195 : 163 28 234 94 97 109 229 189 160 149 121 90 203 104 216 44 84 66 169 187 183 69 65 96 223 175 45 76 194 178 140 50 
196 : 222 39 216 45 106 61 207 157 72 104 247 226 139 136 218 135 156 79 81 109 195 160 58 202 147 186 99 172 71 235 144 215 193 148 134 188 169 91 185 246 190 103 47 94 56 33 168 114 180 96 187 131 84 212 152 249 77 166 241 221 110 97 89 25 178 80 122 116 118 143 137 119 177 183 200 150 158 213 194 40 240 43 64 155 234 214 153 236 83 70 92 34 27 192 239 78 121 46 189 124 127 201 175 123 206 232 100 210 
197 : 130 229 53 26 147 244 81 211 199 97 113 101 96 171 70 123 134 119 221 219 83 109 25 202 163 115 103 249 165 63 203 98 91 240 33 151 135 146 148 50 184 198 177 161 72 117 
198 : 154 67 171 38 184 100 48 218 222 84 57 187 29 205 142 93 166 219 128 102 92 137 181 25 90 64 54 76 192 89 96 126 83 230 119 158 223 195 244 173 164 179 228 189 197 208 30 238 74 245 130 155 47 66 210 129 248 204 103 35 98 165 196 135 144 249 107 152 122 56 110 121 127 242 55 174 216 71 27 214 161 69 36 220 39 163 45 194 
199 : 190 37 158 117 201 220 102 126 186 81 73 157 69 34 78 28 50 92 116 244 248 64 68 77 144 168 63 151 197 146 119 235 232 145 147 47 55 198 141 215 65 182 88 179 200 30 42 169 162 27 123 133 25 191 52 60 219 177 205 118 99 240 216 139 120 202 41 214 110 137 114 45 71 57 231 187 125 108 185 229 195 
200 : 145 224 97 121 174 84 169 161 183 44 150 75 56 221 146 210 180 216 112 82 30 96 95 244 141 153 83 190 218 243 212 149 37 137 108 99 27 143 64 38 76 35 128 54 49 48 62 238 57 156 223 111 110 167 133 205 120 69 246 86 202 147 225 89 177 168 142 80 144 71 117 115 189 201 42 126 220 53 129 184 217 230 140 176 233 67 160 52 81 163 131 33 45 232 70 59 138 116 164 65 235 88 109 43 34 198 31 245 173 73 85 
201 : 225 187 90 37 54 76 193 211 182 147 177 46 188 63 83 51 88 235 86 179 207 67 142 59 41 215 194 164 27 233 50 192 243 240 56 115 178 145 87 85 43 230 214 212 242 29 183 197 62 124 122 109 96 221 216 169 236 224 249 151 238 134 97 82 247 112 200 95 77 196 120 209 163 33 55 244 121 170 91 159 185 227 154 152 80 42 223 206 132 127 222 248 116 191 218 111 234 133 61 25 162 174 138 156 157 195 
202 : 184 176 197 132 210 188 244 45 214 137 42 41 28 119 196 211 226 223 200 48 80 78 198 157 126 131 236 160 203 86 27 91 218 58 124 179 47 118 107 156 74 90 147 172 40 183 68 133 115 103 238 73 101 92 235 52 98 57 125 180 89 206 108 171 241 32 173 152 158 44 213 144 151 67 192 190 122 43 127 71 85 222 130 55 64 110 178 
203 : 52 131 183 81 97 46 148 135 93 90 162 249 109 66 200 136 240 236 40 227 26 94 223 243 115 124 77 193 140 187 59 151 188 170 70 190 152 27 138 118 
