0 : 155 107 96 230 34 201 48 120 154 244 126 182 57 215 238 112 192 198 190 101 87 128 124 186 104 200 118 25 189 43 52 125 196 191 121 110 60 174 136 184 83 93 239 221 236 47 203 143 72 40 111 147 109 75 138 71 166 39 149 243 29 116 145 28 175 205 165 68 245 170 33 241 226 228 51 150 76 219 229 177 140 56 144 235 159 70 
1 : 137 100 218 151 206 182 70 131 90 73 195 153 234 128 49 171 190 127 140 33 39 159 71 25 185 209 145 154 201 230 228 207 188 62 83 115 88 197 210 46 141 116 161 200 26 84 68 164 121 172 143 148 123 180 170 59 53 236 48 93 136 246 187 241 110 
2 : 156 36 55 152 51 163 166 67 233 245 203 200 33 90 50 242 131 180 232 136 70 159 193 192 35 63 161 83 99 26 145 167 123 114 126 155 209 197 190 135 128 39 31 134 187 122 244 119 219 225 109 153 241 40 54 80 127 96 74 154 94 113 177 226 77 27 107 46 229 223 137 104 208 43 
3 : 96 247 190 217 26 208 64 98 157 189 62 170 81 180 90 97 104 174 237 87 32 229 171 211 238 36 41 244 144 67 141 105 83 213 154 
4 : 211 144 29 40 68 81 199 66 129 158 114 142 170 240 73 184 86 209 28 117 119 185 243 31 171 164 196 97 161 48 61 84 41 91 103 167 55 92 183 204 34 50 118 159 146 45 44 203 244 36 75 248 133 
5 : 215 83 164 131 174 204 200 154 127 101 189 67 147 177 149 103 194 47 198 213 27 187 223 196 218 145 230 163 110 69 148 172 171 130 52 84 133 140 207 39 143 66 51 212 217 91 221 246 166 178 206 120 122 38 74 44 98 94 226 93 155 88 220 
6 : 71 54 136 163 220 230 218 78 199 77 69 105 215 32 248 102 143 90 110 225 118 178 152 212 203 96 217 62 49 246 58 201 147 131 87 237 159 79 169 30 239 103 233 85 113 238 37 
7 : 121 158 25 150 237 165 31 127 247 114 119 172 89 118 206 66 109 62 239 137 85 35 217 44 171 57 161 241 200 246 104 51 28 100 71 123 226 221 228 76 99 64 244 
8 : 125 106 120 196 48 88 165 208 49 213 215 59 237 130 200 245 94 129 225 127 181 211 132 239 32 197 30 191 177 75 238 39 102 61 248 79 51 113 193 92 163 151 26 116 224 205 226 74 28 131 172 175 78 214 144 40 70 150 157 171 198 128 240 235 162 241 244 44 180 123 199 139 
9 : 242 72 231 109 243 44 52 215 119 218 196 154 153 148 81 105 129 173 213 55 182 127 230 145 133 227 35 56 235 228 92 204 177 137 38 58 216 39 114 174 139 147 207 222 166 45 214 101 200 190 150 144 225 248 186 27 203 180 99 120 232 247 100 69 223 162 78 239 51 33 65 25 192 128 106 83 64 136 199 68 143 
10 : 49 242 101 98 183 75 178 166 94 72 57 212 165 213 115 46 227 169 139 248 171 143 43 92 136 148 58 180 66 221 216 81 209 83 133 78 108 53 41 154 192 27 64 226 59 111 28 187 45 195 203 238 68 121 230 38 200 215 210 156 170 107 214 217 
11 : 80 152 120 227 83 85 140 241 221 79 236 88 162 141 126 139 153 118 129 70 213 191 229 95 25 158 62 45 119 207 91 145 240 107 179 188 167 138 75 192 32 172 180 116 155 100 72 60 174 208 101 247 237 181 177 228 220 44 148 201 
12 : 175 137 157 228 108 56 210 106 131 177 107 101 80 150 71 55 202 222 185 28 124 183 237 226 240 156 74 191 129 224 38 37 86 91 81 153 76 206 160 62 227 173 57 
13 : 156 137 184 39 219 73 169 234 153 36 34 138 56 188 227 62 196 42 114 247 49 159 102 121 63 187 148 55 243 126 29 25 197 124 160 50 185 210 74 110 152 139 154 93 228 221 134 43 31 61 89 105 242 231 193 189 171 202 182 70 143 37 241 66 26 119 94 209 212 83 51 133 157 163 213 236 115 
14 : 175 229 224 141 50 29 75 82 220 137 91 85 154 54 78 221 131 190 226 155 204 231 52 151 34 223 145 209 213 81 162 158 167 100 130 152 212 201 198 43 177 199 194 234 160 73 38 193 218 143 119 51 118 95 211 153 80 240 109 107 138 140 124 114 33 55 132 142 172 208 219 206 31 217 169 125 197 168 171 84 244 58 179 215 64 188 
15 : 214 155 207 236 144 50 92 56 180 127 123 200 164 136 188 42 146 220 81 229 201 168 138 62 196 246 80 75 237 48 84 205 72 58 129 29 66 213 39 135 161 51 77 211 233 190 183 59 126 88 222 208 37 94 175 191 142 172 102 91 216 132 33 111 137 139 115 248 194 57 245 203 
16 : 103 90 150 245 165 225 125 53 79 208 50 130 196 36 198 140 199 121 160 154 241 134 229 169 83 75 221 27 129 67 143 163 97 86 114 57 111 222 243 240 232 102 206 236 173 70 197 201 
17 : 190 228 40 80 127 61 57 205 55 244 136 175 93 36 131 101 35 174 179 105 198 31 195 63 98 26 54 147 74 115 220 65 43 100 164 133 232 50 92 212 167 242 27 34 44 211 246 150 142 64 52 79 207 47 245 58 182 225 130 88 151 60 188 194 29 89 
18 : 227 161 159 105 204 137 220 178 49 133 214 107 132 239 128 46 223 116 86 193 238 181 118 61 34 149 
19 : 174 50 196 92 60 131 240 122 59 25 33 71 185 230 103 140 65 145 66 228 246 237 177 32 170 137 51 166 161 74 233 64 129 28 123 139 156 37 219 
20 : 202 120 130 213 66 194 83 178 60 52 94 239 71 112 243 96 80 186 26 82 177 133 116 113 158 216 39 151 101 241 106 154 220 136 111 217 187 181 184 34 247 89 142 47 55 207 211 
21 : 231 107 229 235 138 193 37 180 177 120 223 131 171 181 222 242 206 228 167 230 126 227 216 199 51 204 98 76 110 209 141 197 104 124 247 159 190 53 63 176 54 224 113 173 97 84 214 82 55 125 94 35 39 
22 : 86 171 234 194 170 40 52 115 83 98 94 188 227 95 74 180 137 159 199 155 84 140 207 241 204 169 141 190 138 91 152 47 216 172 116 186 
23 : 118 105 172 82 48 114 78 232 233 76 144 197 166 208 94 40 209 161 55 228 90 190 77 221 28 59 109 216 152 39 178 122 87 38 126 44 56 206 174 116 
24 : 78 182 111 35 118 42 246 91 215 126 29 184 130 33 199 240 116 169 179 221 204 211 127 120 53 121 74 95 115 189 162 166 48 220 170 76 
25 : 230 204 134 186 228 208 182 41 68 180 74 224 53 227 93 62 103 187 78 76 183 86 226 156 148 28 45 70 158 35 136 66 174 161 205 231 197 172 178 142 107 222 190 95 201 223 139 39 32 151 60 
26 : 131 169 101 197 45 108 64 34 151 155 122 80 63 221 249 160 152 124 128 210 110 183 238 134 54 88 98 104 31 248 235 223 191 225 82 246 203 161 75 93 
27 : 35 96 108 155 222 36 123 45 110 182 187 168 181 98 113 146 133 156 216 82 198 201 56 132 178 199 116 97 186 33 125 63 121 217 122 25 190 143 47 237 99 203 206 59 243 38 76 200 118 129 230 158 91 170 79 90 126 193 42 154 207 62 235 128 241 37 26 112 233 147 58 109 184 41 174 127 75 44 149 223 115 151 175 144 136 
28 : 176 159 96 229 213 204 242 74 205 151 195 225 232 118 41 239 101 54 35 48 177 126 235 156 111 80 237 70 139 219 108 51 45 82 79 206 150 49 115 29 66 234 93 32 168 83 116 109 86 138 161 90 28 221 42 211 63 197 39 172 25 228 97 164 117 145 50 182 
29 : 85 194 243 109 102 230 42 186 108 192 47 74 40 134 46 159 150 181 95 187 118 242 86 91 170 124 114 141 238 45 135 165 167 190 227 244 80 148 211 140 154 72 217 75 204 164 166 173 156 117 59 236 52 220 70 94 137 61 105 84 38 73 155 98 233 
30 : 71 140 74 96 116 204 195 155 144 49 161 61 46 158 215 31 122 218 88 85 162 156 133 246 84 197 75 52 227 148 160 119 95 129 70 189 134 113 196 111 97 89 98 243 91 233 150 142 187 173 234 112 141 138 126 226 188 244 37 216 94 44 55 26 40 248 
31 : 145 77 72 246 137 162 245 135 183 220 161 242 180 200 168 241 32 247 192 238 235 95 40 124 222 164 105 179 185 167 175 144 240 25 81 79 248 75 231 243 85 120 
32 : 190 171 128 70 55 235 75 51 52 142 28 159 173 172 66 72 176 189 226 26 204 141 191 108 134 36 133 61 109 103 95 234 111 78 43 214 210 174 79 31 168 119 
33 : 75 226 35 167 97 171 150 182 67 145 149 113 64 59 208 30 129 183 119 60 116 36 131 147 47 63 236 31 135 234 48 72 248 79 156 
34 : 195 115 155 55 48 109 232 98 111 34 95 184 29 208 215 145 84 71 246 196 165 42 248 163 176 
35 : 34 125 75 52 129 150 146 122 37 121 166 200 84 198 60 183 240 180 219 31 188 81 93 229 135 124 202 68 134 44 147 55 89 225 103 221 97 226 223 213 184 38 224 26 153 168 49 159 98 187 41 27 227 94 195 205 148 142 79 
36 : 155 92 170 117 120 49 102 183 37 126 158 44 173 193 39 78 56 73 242 135 245 28 80 171 215 247 205 140 109 65 67 209 89 236 165 45 192 76 157 177 90 203 195 229 225 141 239 95 208 63 75 105 83 115 231 125 223 48 178 111 230 198 201 154 100 220 
37 : 173 129 87 119 185 122 104 53 201 217 145 41 46 125 60 45 214 114 231 153 147 222 238 86 103 156 143 76 56 127 111 140 88 48 208 200 224 235 100 239 209 218 207 169 215 92 54 198 134 109 194 172 160 216 72 192 96 107 139 193 121 176 138 37 132 237 164 227 51 29 50 116 168 75 
38 : 74 167 55 220 64 47 68 52 180 44 214 84 88 51 104 194 66 80 181 91 90 46 164 153 43 209 99 242 39 35 70 176 111 244 134 169 122 58 150 75 240 
39 : 217 246 247 82 117 219 208 45 37 131 55 244 110 194 43 46 58 93 53 202 234 129 212 81 182 36 128 226 130 60 132 249 174 168 134 171 96 49 218 185 34 113 26 47 221 71 50 87 
40 : 167 64 231 74 192 34 158 222 104 88 46 52 162 155 237 63 116 157 45 26 196 62 100 32 40 163 58 144 151 44 154 201 27 152 120 139 126 181 138 92 53 128 78 89 170 54 33 55 218 195 233 
41 : 73 249 96 194 226 52 78 123 61 155 40 217 48 201 138 129 179 204 203 142 83 161 173 237 164 202 200 43 225 141 214 130 163 63 206 169 67 68 152 191 29 117 215 54 234 108 218 230 143 140 66 175 
42 : 186 125 241 30 190 189 183 115 211 172 97 84 131 185 245 206 33 232 38 207 35 102 59 228 103 93 87 64 117 25 76 48 201 95 104 238 
43 : 156 105 91 224 104 69 63 42 41 244 237 158 204 242 150 151 232 93 247 144 155 209 197 109 235 36 45 89 238 195 52 57 228 245 134 221 31 62 218 202 227 159 72 44 222 132 219 119 157 190 217 107 173 182 65 46 56 206 229 234 201 33 198 96 70 122 223 73 
44 : 119 226 69 139 108 223 203 190 118 60 73 200 107 156 232 218 67 176 93 140 53 212 29 243 196 147 97 228 42 47 70 155 167 143 137 25 102 216 239 210 65 202 247 146 126 44 114 160 81 83 242 150 128 56 245 214 46 175 149 71 142 113 
45 : 167 64 140 180 83 196 175 51 223 72 192 231 121 155 160 141 115 65 229 132 46 131 41 220 164 29 189 205 57 30 129 143 60 172 228 215 52 25 187 67 188 26 171 242 224 234 206 156 34 154 95 32 
46 : 203 82 41 172 118 51 84 79 39 163 212 171 143 106 26 180 70 133 224 101 170 195 188 205 29 191 58 65 162 63 123 141 187 96 151 72 136 167 207 87 242 190 150 201 185 120 147 168 71 239 74 160 194 
47 : 171 248 239 46 73 149 243 124 214 74 197 25 154 140 163 45 191 151 144 58 235 143 43 47 89 228 131 125 113 79 187 141 223 221 33 137 65 117 231 192 63 67 
48 : 108 78 200 33 202 72 51 231 75 211 31 69 65 106 101 96 115 67 168 183 176 221 25 142 224 230 201 146 124 178 81 74 135 102 232 212 145 155 85 130 223 64 149 87 68 83 109 207 163 137 172 220 188 111 243 185 241 153 205 98 46 53 216 179 26 229 
49 : 27 63 223 147 231 226 157 115 127 31 209 149 81 37 109 186 242 190 219 52 25 214 173 227 238 95 172 145 221 92 83 72 230 144 239 76 130 51 235 194 64 30 34 39 97 148 120 89 38 188 236 50 118 207 28 54 
50 : 122 215 112 135 85 130 129 220 195 41 50 229 36 125 241 71 103 38 72 186 230 214 247 87 245 249 139 236 232 142 43 52 64 175 80 102 243 221 188 40 167 82 108 101 163 178 104 218 133 111 185 216 240 189 77 88 68 124 198 
51 : 79 84 85 240 82 63 207 233 154 205 70 176 36 157 99 166 228 230 245 229 216 184 104 39 170 100 151 35 196 141 46 158 135 68 110 38 236 94 132 172 206 160 244 60 105 150 74 76 95 25 53 131 128 248 194 163 78 102 48 51 238 147 133 41 243 75 234 204 189 164 199 200 193 177 116 195 30 
52 : 73 193 125 242 138 164 32 157 64 30 103 233 81 110 38 87 174 53 29 63 80 204 202 220 234 185 243 89 75 221 123 132 47 77 33 197 25 186 93 126 166 249 130 230 209 206 101 177 148 232 82 201 182 153 231 106 69 58 149 248 54 180 117 121 112 37 94 134 246 198 42 59 124 26 95 85 55 70 181 78 56 79 113 52 228 
53 : 133 171 134 237 213 74 112 117 206 200 45 157 156 207 151 107 232 229 177 219 153 231 85 39 38 73 87 198 54 190 148 224 141 106 222 93 31 102 109 154 145 53 175 77 34 104 158 32 58 223 80 46 123 244 234 220 218 57 144 163 42 49 246 165 204 216 136 71 86 90 95 187 249 137 96 180 
54 : 132 140 174 150 161 68 243 219 182 56 107 143 163 208 91 229 39 137 41 170 222 59 200 194 72 164 212 193 32 27 70 
55 : 204 188 96 215 155 229 146 87 31 203 227 206 185 98 243 76 126 230 38 235 106 44 158 144 160 108 48 178 222 73 156 191 237 211 103 91 200 64 62 86 75 122 145 65 137 177 83 157 101 56 212 136 100 40 54 50 130 113 219 49 55 197 208 246 242 207 190 244 60 128 202 37 
56 : 87 54 216 223 142 248 162 203 92 177 90 29 89 141 165 88 106 152 160 115 186 68 40 147 219 46 161 61 150 25 59 169 35 129 159 84 81 135 201 67 244 38 157 194 208 42 211 37 119 218 97 212 130 122 249 93 246 105 224 124 155 156 227 228 98 34 66 57 206 199 95 53 48 96 239 190 60 183 121 231 128 134 237 131 242 
57 : 233 137 139 227 159 191 129 174 106 237 64 54 194 93 115 202 49 37 221 134 52 35 74 225 187 211 199 110 101 217 114 161 111 53 121 99 65 166 149 103 87 130 83 108 84 123 151 102 36 168 66 80 117 248 135 205 136 96 165 72 51 79 240 214 226 34 44 235 242 133 200 45 171 146 178 
58 : 61 218 127 114 159 210 166 74 226 245 219 192 202 176 105 177 104 180 93 97 84 157 240 86 87 214 182 227 95 249 96 121 153 247 155 171 42 152 115 58 133 158 200 43 31 183 94 237 232 151 212 85 149 48 217 82 216 207 144 165 76 59 169 120 131 113 
59 : 175 142 42 80 27 41 109 195 165 66 93 114 69 189 94 45 35 235 126 96 72 113 196 155 60 106 86 149 240 91 187 141 77 87 57 210 128 115 83 231 92 74 64 48 84 205 215 32 120 51 164 123 151 160 171 
60 : 43 85 58 61 201 163 126 132 176 65 114 67 156 153 230 73 81 59 227 169 161 249 181 226 49 133 191 103 28 38 71 76 197 198 232 188 123 209 55 154 92 237 27 119 111 91 243 40 166 239 152 135 183 146 134 245 159 128 25 101 248 
61 : 80 159 26 100 210 46 223 85 121 105 190 56 205 200 152 33 60 115 109 224 125 81 49 186 111 144 70 142 222 181 219 197 45 57 234 195 157 216 138 237 112 174 83 90 97 114 244 218 209 245 103 150 194 28 117 50 133 208 82 236 149 154 187 87 
62 : 38 148 245 97 195 65 39 84 48 207 171 240 28 118 200 57 180 192 232 133 121 239 26 153 177 33 197 45 157 
63 : 237 178 71 135 145 69 246 229 33 201 121 43 35 222 32 81 146 38 72 75 54 208 183 48 62 143 
64 : 125 91 214 55 244 37 142 41 145 40 193 191 102 204 107 109 185 63 198 54 66 120 218 56 245 152 224 132 144 117 217 157 39 137 230 101 232 236 208 213 129 80 42 202 134 238 44 76 38 100 148 79 160 174 103 225 180 221 93 108 235 
65 : 232 209 245 128 91 235 107 119 225 50 226 224 141 71 84 200 193 64 157 73 41 25 222 132 108 223 176 142 99 158 186 198 93 194 134 70 127 85 169 58 114 36 180 177 230 175 52 240 77 115 233 191 63 32 47 218 172 105 182 219 78 131 97 181 122 137 146 30 170 160 54 112 227 163 150 203 121 228 201 98 136 40 33 139 61 65 
66 : 101 39 194 60 105 173 150 75 112 92 94 114 242 195 35 186 192 132 152 58 238 67 52 155 41 130 30 98 240 196 235 33 140 218 142 113 165 96 210 70 138 77 185 205 136 61 245 163 87 34 214 157 209 66 53 223 199 184 103 110 82 123 230 29 197 139 190 84 216 116 44 137 118 62 48 28 233 148 90 80 73 
67 : 231 181 225 148 127 228 196 245 35 38 188 216 139 187 135 227 103 90 48 193 212 39 55 246 70 226 59 161 124 213 84 126 132 146 170 134 36 131 67 169 215 199 242 219 232 47 248 147 63 87 179 31 61 40 112 221 163 204 72 25 98 75 208 88 195 144 197 49 85 41 201 165 97 229 243 37 173 
68 : 163 66 149 179 202 170 143 243 207 39 150 236 227 134 25 230 84 229 78 155 224 246 95 168 57 141 218 68 105 91 44 159 205 110 132 215 138 167 130 65 67 206 192 140 42 152 92 180 111 160 43 102 171 187 34 178 52 45 51 238 58 158 27 226 142 64 213 133 153 26 89 46 184 122 35 245 203 49 108 225 172 131 94 183 
69 : 43 244 109 169 102 29 210 174 161 63 128 242 120 230 155 87 191 116 83 33 40 140 127 98 232 146 165 53 138 213 218 42 123 57 203 113 38 160 168 132 221 164 130 74 56 86 31 
70 : 225 100 146 194 161 109 67 127 99 82 43 40 122 233 189 57 162 244 30 51 52 92 103 201 138 208 135 75 134 84 28 177 32 140 204 235 123 86 231 119 70 25 151 144 42 62 136 54 26 223 72 106 172 101 185 157 197 112 210 222 234 154 53 171 249 50 155 48 113 209 148 184 139 247 128 55 174 213 243 
71 : 243 238 134 248 196 132 35 98 67 47 103 161 188 164 53 159 61 48 92 191 40 123 141 107 146 200 74 73 32 102 207 242 249 58 49 137 117 177 186 202 95 109 
72 : 202 101 111 33 194 210 79 91 95 124 68 221 87 102 72 141 130 247 203 187 99 185 64 105 240 157 67 239 235 246 80 26 30 241 27 139 112 148 38 48 85 
73 : 117 163 115 73 248 184 126 188 148 56 90 228 143 193 32 195 219 99 236 43 166 222 123 216 83 36 246 
74 : 234 246 65 117 148 244 123 112 156 34 195 59 43 186 79 80 126 235 211 222 106 230 219 125 218 210 77 170 202 151 236 188 39 108 124 119 27 227 66 172 37 131 181 187 249 237 201 231 84 160 109 196 223 239 89 180 50 87 26 169 36 98 206 161 143 155 113 116 
75 : 208 210 192 217 154 114 162 175 105 132 92 109 196 164 83 129 211 124 75 139 58 37 68 127 140 180 35 88 171 197 98 181 169 232 99 188 170 236 166 62 63 78 191 69 142 89 234 72 149 230 205 242 156 82 153 61 244 207 245 221 50 42 194 73 178 102 141 126 66 228 160 176 81 
76 : 28 213 92 235 162 61 109 228 87 58 176 30 211 68 133 33 96 134 90 91 34 81 73 215 191 131 217 159 100 209 101 130 154 155 77 143 239 166 129 110 123 29 170 205 145 105 25 200 141 171 229 144 226 140 158 174 
77 : 207 183 220 198 173 221 79 166 246 222 204 33 70 216 195 138 247 67 189 52 197 150 91 154 136 114 212 164 82 126 209 151 101 
78 : 208 44 77 120 241 182 72 28 140 70 237 159 29 74 103 166 193 209 65 87 121 42 227 127 84 135 136 54 114 82 104 174 124 196 181 231 56 173 129 206 47 139 158 170 115 99 202 183 161 172 167 57 207 201 190 214 67 222 48 50 142 141 210 246 55 30 73 131 198 225 149 78 247 107 66 153 116 199 
79 : 134 119 64 235 97 136 170 32 226 70 216 99 186 232 89 197 84 194 137 152 243 223 198 169 25 211 177 125 43 58 103 215 229 185 132 133 159 88 147 138 193 107 236 33 201 39 189 187 113 48 224 141 61 164 144 121 150 148 244 47 118 
80 : 119 43 158 184 107 111 237 75 174 179 198 192 52 45 235 186 126 36 203 141 155 146 104 55 138 34 189 134 212 214 135 181 211 123 92 40 159 137 180 243 191 199 29 225 69 161 208 
81 : 143 124 167 163 139 70 153 211 32 208 195 184 233 140 54 155 126 207 177 75 232 112 162 71 92 214 53 102 158 164 45 
82 : 178 42 175 179 249 33 66 157 164 133 119 56 171 239 69 63 72 49 91 212 154 213 27 151 229 143 64 55 223 158 110 48 111 128 
83 : 171 141 75 183 201 92 135 145 123 147 226 111 120 31 134 174 178 98 150 221 89 131 156 179 96 247 68 67 197 44 245 194 196 216 43 48 230 102 26 65 119 87 129 163 71 215 
84 : 167 205 98 107 46 102 34 86 73 99 246 175 79 215 249 125 185 58 170 158 82 122 95 243 244 161 126 109 63 194 84 202 180 147 151 91 75 131 103 28 26 85 145 222 
85 : 80 40 154 223 243 150 49 228 76 35 170 91 185 165 104 176 202 45 140 229 208 239 211 177 193 117 241 111 182 75 172 61 41 226 232 47 129 85 127 66 94 167 181 51 225 189 33 132 166 210 97 147 187 215 212 105 245 186 135 125 25 134 32 156 86 112 126 234 57 153 138 63 110 161 155 242 
86 : 174 35 233 61 153 135 128 91 242 184 154 171 110 181 142 189 236 209 130 180 86 166 59 79 45 89 66 44 126 131 108 133 246 127 40 163 245 244 199 39 143 92 98 
87 : 53 80 226 52 174 121 137 147 43 152 177 48 105 83 210 221 72 231 118 97 230 172 145 142 109 183 141 91 111 60 167 57 115 139 217 199 225 169 153 56 157 62 176 66 198 138 107 28 106 87 112 189 67 182 94 102 55 40 120 154 186 179 133 30 149 195 227 233 124 131 197 
88 : 178 27 73 94 44 225 168 208 156 195 109 95 114 103 244 66 99 56 76 227 217 174 128 207 154 41 172 65 117 106 30 80 131 146 45 187 167 134 204 234 28 50 49 79 184 152 67 149 77 224 116 171 226 203 140 88 240 210 60 148 212 181 238 223 222 237 197 72 132 38 74 230 236 120 133 40 64 85 32 68 63 220 159 86 
89 : 247 240 120 123 77 103 185 194 168 189 236 73 158 167 59 173 151 100 219 205 227 55 171 204 130 203 27 131 231 190 43 
90 : 30 160 170 151 187 94 63 139 201 184 99 105 172 147 133 51 174 67 60 100 185 236 207 195 65 180 153 163 213 47 166 121 152 
91 : 127 125 164 199 134 100 196 51 38 192 234 232 66 163 177 240 121 197 116 247 208 151 103 169 39 95 114 45 31 230 54 227 239 166 50 77 82 104 154 152 243 195 146 187 52 149 101 202 157 47 238 143 242 29 37 168 183 191 
92 : 141 148 49 93 149 172 39 184 104 191 71 81 168 150 82 207 118 115 160 111 26 196 84 92 116 151 96 45 54 179 193 186 213 75 161 171 128 231 229 189 165 247 241 198 201 180 210 197 220 123 58 199 209 51 187 52 40 147 80 50 230 129 237 204 109 
93 : 51 55 159 167 175 153 205 170 54 100 77 47 235 119 155 29 118 124 53 120 134 71 246 198 230 203 123 200 149 160 212 138 137 156 228 133 62 227 165 102 111 37 154 
94 : 116 195 169 85 152 93 70 96 149 233 52 165 56 102 59 161 154 101 64 122 129 95 164 51 84 176 82 183 207 227 99 30 189 214 39 27 123 31 194 125 188 157 40 248 156 199 106 112 26 89 43 63 46 62 245 203 211 237 213 103 133 104 249 48 115 35 145 
95 : 72 172 49 244 196 212 189 89 73 146 57 64 173 48 208 240 246 98 210 177 238 237 162 56 76 176 144 120 54 180 148 126 147 38 42 41 194 241 137 200 85 206 50 95 75 46 124 215 145 164 242 58 128 186 169 217 92 82 157 166 
96 : 209 128 29 100 211 173 167 172 193 125 153 208 243 132 171 135 103 212 49 221 76 102 168 152 67 58 51 142 30 54 91 117 133 43 143 183 229 203 180 238 119 37 121 70 83 57 74 205 94 185 195 36 69 226 41 
97 : 243 67 54 159 234 100 191 188 198 89 113 197 193 202 174 28 52 138 68 128 83 146 153 123 149 223 171 168 110 145 114 97 190 131 71 53 237 80 105 112 50 148 147 
98 : 75 196 210 96 239 35 153 107 187 124 63 37 189 150 79 157 249 169 219 191 220 50 77 198 190 206 158 27 174 208 64 222 193 115 39 177 228 170 212 197 94 126 91 
99 : 76 83 99 135 185 38 63 173 59 221 27 75 73 188 31 44 142 112 138 129 200 156 74 237 161 118 157 119 49 120 147 66 26 41 209 236 186 216 34 101 241 136 79 95 195 143 126 175 169 162 32 70 81 42 91 107 178 198 225 167 35 55 177 50 238 189 29 204 123 199 227 191 134 
100 : 80 207 47 220 27 64 83 121 74 40 151 181 73 186 167 97 168 184 25 37 34 88 75 161 174 99 154 38 126 45 116 39 52 122 213 111 
101 : 205 221 54 143 35 164 61 40 150 28 70 154 71 162 158 73 36 234 173 91 42 25 32 113 197 38 48 90 56 63 107 59 241 235 185 53 50 87 86 66 160 238 151 139 147 92 236 198 232 51 103 146 248 127 200 141 69 209 130 135 121 169 174 95 187 97 26 211 207 152 58 76 30 166 118 
102 : 32 118 102 193 160 134 93 180 123 62 75 109 94 197 76 245 37 233 203 135 248 199 142 235 98 239 56 176 224 243 168 196 195 138 143 106 230 247 87 68 116 50 154 112 104 101 55 31 244 114 212 136 74 225 166 172 129 30 200 164 232 144 242 219 240 185 159 47 139 80 130 113 99 177 34 117 186 213 122 184 133 153 89 188 72 
103 : 35 173 188 50 177 235 128 152 208 182 43 116 147 58 151 60 44 175 236 85 168 195 222 239 59 94 213 218 190 72 162 133 242 69 193 83 41 138 63 29 53 95 130 98 49 200 36 196 142 82 240 247 66 108 167 234 31 144 101 238 178 105 198 27 62 112 169 96 192 124 132 45 51 
104 : 37 80 173 216 34 130 204 35 242 134 175 193 52 72 47 143 109 127 53 81 149 49 200 146 31 197 132 139 92 97 148 171 90 110 141 114 223 172 60 122 150 238 71 29 210 247 45 213 44 118 131 187 55 234 36 221 41 104 151 168 115 38 116 147 186 230 
105 : 240 53 126 48 52 90 151 75 223 63 238 215 184 123 210 115 137 225 166 246 83 130 36 158 145 92 235 118 34 124 117 96 172 35 133 134 183 153 69 219 243 25 200 32 122 148 140 155 26 161 191 160 187 232 227 242 37 171 224 121 29 167 125 100 135 87 
106 : 192 212 74 97 94 107 78 133 50 135 41 39 140 47 152 202 141 243 75 71 193 208 247 242 66 89 25 51 165 73 63 
107 : 191 106 98 124 66 39 217 30 243 204 189 160 241 206 32 231 245 226 52 170 236 102 128 193 175 88 34 210 234 111 212 31 91 78 165 221 76 114 183 178 110 211 100 239 203 77 180 227 62 214 126 83 192 44 143 145 222 113 63 147 73 249 131 65 182 181 199 48 33 176 144 188 
108 : 130 215 218 95 196 55 214 163 185 102 56 146 78 93 178 149 175 219 212 155 39 162 75 193 209 166 237 76 242 90 233 62 112 74 174 229 49 172 51 211 246 116 225 40 188 179 220 182 38 153 63 164 159 50 228 183 140 243 213 207 36 42 192 91 73 66 124 173 171 247 226 114 
109 : 180 160 81 173 138 39 158 53 67 56 37 71 224 182 30 178 198 153 216 176 112 240 150 194 108 96 50 105 242 35 120 162 122 77 156 64 238 233 219 192 244 196 204 113 107 144 234 163 129 94 100 226 184 214 73 237 130 149 99 152 177 201 83 232 213 97 72 126 90 
110 : 154 126 211 103 156 233 133 64 87 155 144 168 153 123 66 214 175 172 185 45 237 173 143 47 79 51 152 132 54 55 215 60 58 116 165 49 96 82 40 56 78 244 63 203 222 131 225 130 176 169 76 100 57 117 26 30 227 198 105 48 178 221 75 59 180 25 149 33 127 88 241 192 112 159 187 
111 : 152 233 231 51 219 209 163 54 217 62 189 158 132 227 223 100 87 91 119 207 144 204 234 208 109 65 199 46 165 120 29 50 184 97 145 175 92 112 159 137 37 41 169 85 197 70 193 147 110 235 67 52 96 142 
112 : 202 210 36 192 156 180 237 140 63 39 162 165 116 119 41 238 173 225 143 176 102 216 246 80 61 200 113 232 222 235 157 220 248 33 132 123 188 236 177 189 85 46 51 70 82 84 59 161 167 206 27 89 195 100 112 169 105 64 121 48 203 57 142 104 147 118 76 40 125 95 201 205 194 204 67 93 94 218 
113 : 233 186 116 185 105 138 228 154 166 128 107 226 93 96 117 149 83 77 72 67 25 247 212 131 147 235 62 134 98 220 230 162 26 41 33 87 237 245 188 221 95 55 76 156 49 193 179 242 30 81 80 28 148 115 213 64 88 225 38 239 47 139 69 35 216 231 199 141 232 51 57 168 145 164 181 121 177 146 60 
114 : 82 111 211 95 200 34 242 121 68 202 183 149 139 234 30 231 39 187 199 75 216 209 83 92 27 232 134 107 69 158 31 118 221 225 97 104 76 110 127 115 191 194 56 109 196 182 114 33 42 195 204 50 100 63 180 218 67 128 220 49 227 223 40 239 88 176 249 208 77 167 197 179 74 138 140 170 72 181 150 73 217 207 
115 : 123 151 97 94 102 39 189 167 168 93 233 180 37 70 190 54 134 206 227 114 116 122 31 29 197 50 240 45 246 174 119 132 224 35 117 163 89 104 216 99 121 66 112 155 181 73 80 33 204 118 249 232 136 171 131 237 214 84 218 170 221 86 92 72 241 200 236 51 217 178 
116 : 240 205 178 219 140 207 79 210 139 162 57 136 56 172 83 101 174 202 168 104 222 48 89 129 190 138 234 200 187 177 94 61 164 247 235 80 195 40 137 166 145 182 223 84 141 241 108 37 181 90 35 197 221 105 152 213 85 54 244 119 66 124 95 185 170 216 120 156 
117 : 100 101 72 194 122 146 199 217 224 200 142 98 99 127 207 172 55 243 197 249 151 54 246 103 109 242 63 77 176 160 247 140 44 108 167 110 50 177 193 225 202 143 27 126 81 209 162 82 59 166 39 248 42 170 171 131 159 74 47 214 30 66 56 40 147 49 155 64 173 75 107 144 33 
118 : 38 118 243 70 113 190 167 101 146 44 141 163 203 57 33 137 87 35 105 121 109 245 125 106 34 226 25 99 156 36 224 133 189 72 
119 : 113 232 234 197 191 38 178 199 74 111 217 37 61 152 40 248 130 60 25 212 66 168 36 86 208 71 39 151 239 26 188 189 228 94 59 102 196 80 153 103 222 244 129 43 105 90 187 201 114 218 
120 : 47 147 227 40 32 70 97 57 235 35 149 34 98 48 246 172 151 119 162 60 174 103 177 231 61 170 168 213 191 87 124 150 244 49 65 81 56 88 
121 : 190 111 98 234 83 60 215 130 89 88 52 182 32 232 123 50 55 39 86 219 136 181 25 54 157 227 223 94 152 82 233 191 214 177 38 135 184 92 99 84 226 104 134 168 
122 : 135 217 51 225 86 220 82 87 126 248 211 119 71 113 216 88 95 223 47 59 174 108 103 240 48 77 189 139 141 241 70 66 117 53 243 158 181 150 202 57 187 199 41 171 27 183 80 25 99 118 231 81 28 179 137 124 61 45 178 134 62 60 245 115 58 228 105 75 221 50 205 
123 : 74 109 93 241 32 229 178 204 96 208 85 34 151 149 185 214 138 235 108 240 128 237 176 146 216 127 52 161 75 137 126 38 27 64 86 129 162 46 91 230 65 120 105 88 165 113 139 144 89 231 56 173 191 221 
124 : 90 191 188 79 179 210 173 110 151 207 189 25 41 31 52 206 128 247 184 190 102 174 93 162 172 76 233 132 249 199 193 30 51 104 74 109 170 133 34 27 229 157 140 195 239 91 95 218 168 131 187 142 116 194 159 65 50 82 80 213 123 42 223 139 73 103 231 63 183 248 
125 : 141 171 209 97 135 151 113 168 133 119 183 130 140 64 233 41 87 243 115 67 184 134 116 212 175 86 112 244 239 206 132 169 193 215 246 69 241 190 117 100 205 177 93 75 221 57 121 185 73 157 46 104 110 214 226 202 29 103 
126 : 103 224 45 63 214 144 220 244 49 84 128 136 191 186 161 118 42 133 190 208 141 96 40 241 36 154 59 243 115 230 228 104 226 165 117 147 204 221 71 172 68 70 229 167 111 90 25 112 47 116 216 134 78 248 140 95 225 123 163 34 155 105 89 66 232 151 102 169 56 108 137 153 74 211 91 26 177 206 164 81 188 113 54 
127 : 223 151 127 32 96 84 128 189 92 120 85 158 180 29 94 172 195 160 75 228 196 77 174 204 226 25 218 159 69 242 153 194 148 240 233 27 109 161 244 136 222 100 202 115 60 236 45 90 217 70 65 185 241 103 117 146 141 108 224 41 205 34 215 95 192 101 219 129 55 80 221 234 118 206 175 104 171 230 99 238 113 208 166 119 178 
128 : 122 44 98 160 118 43 180 216 79 210 159 156 101 73 51 86 117 178 38 78 187 116 89 227 33 174 100 125 164 66 49 173 155 137 61 80 99 
129 : 49 152 235 50 205 176 224 220 43 179 28 209 210 86 185 200 90 216 117 75 78 69 140 211 56 169 62 215 134 115 202 212 26 104 108 60 201 
130 : 85 25 137 190 30 240 216 176 238 75 55 143 162 148 64 91 97 126 215 33 95 206 228 72 133 39 233 182 132 31 192 58 63 
131 : 236 55 195 113 56 154 189 172 128 144 186 143 167 36 232 248 133 209 234 235 207 161 197 171 48 30 90 76 67 241 70 102 101 69 191 118 115 162 31 181 185 121 151 
132 : 71 108 72 200 149 90 117 85 234 163 210 88 60 152 104 127 150 239 229 114 95 151 116 51 249 49 226 132 33 48 57 235 145 56 41 190 137 195 99 155 45 183 118 
133 : 58 198 238 88 149 173 95 123 73 246 229 151 33 230 75 64 241 224 247 200 131 63 26 101 207 186 91 190 74 195 245 225 106 176 156 249 235 211 35 216 141 146 215 183 80 124 132 67 233 139 234 150 163 34 158 212 228 78 44 184 76 161 43 144 42 166 168 164 243 214 96 
134 : 119 233 222 124 56 244 55 89 202 27 148 225 195 207 59 37 217 100 43 199 34 82 39 47 224 249 176 118 167 219 41 166 208 172 189 111 216 44 62 120 30 151 204 226 51 231 63 223 181 188 80 142 192 67 81 78 127 61 97 64 175 218 143 178 135 196 145 168 136 212 65 236 180 191 246 88 241 150 
135 : 233 163 84 147 245 109 42 169 125 231 206 208 126 238 144 173 100 35 184 145 214 110 115 132 116 174 96 139 216 58 30 178 221 222 103 112 198 229 75 128 107 98 130 176 
136 : 249 102 191 215 131 197 135 239 231 140 161 234 180 106 55 33 31 51 134 89 48 181 123 130 164 124 54 245 66 199 153 202 243 223 203 159 76 169 77 62 244 114 91 232 157 217 226 237 
137 : 89 181 29 63 106 186 220 62 70 78 121 51 225 111 200 84 142 199 148 175 165 57 204 185 166 176 69 34 79 218 77 80 33 123 189 38 138 71 241 141 198 81 229 201 120 202 247 193 239 194 242 73 
138 : 159 83 95 229 212 180 185 67 164 186 104 248 183 84 56 163 174 207 176 50 223 132 230 153 25 175 203 124 243 239 211 68 48 79 88 191 160 150 78 196 235 126 100 231 151 53 219 41 28 121 155 156 85 188 200 202 158 47 162 86 80 115 129 33 194 75 165 99 169 118 138 60 226 94 
139 : 170 70 238 206 117 126 76 155 173 156 131 42 197 191 32 53 41 136 242 151 87 195 230 62 121 68 64 99 59 125 46 174 104 
140 : 130 229 179 55 240 209 196 69 82 51 41 143 35 117 173 136 210 70 222 243 224 203 32 146 145 228 39 98 225 88 144 176 237 206 115 131 166 42 66 198 163 172 139 68 79 87 75 189 54 
141 : 143 208 54 226 193 172 90 238 56 95 205 83 101 57 212 175 59 220 134 221 160 182 111 207 247 177 194 215 217 33 149 201 232 108 28 129 123 61 239 148 236 233 145 60 136 200 196 53 63 30 39 203 87 158 45 181 117 94 231 25 113 
142 : 235 106 125 241 227 127 71 169 96 198 50 54 155 229 132 183 180 209 53 173 237 87 142 56 43 51 
143 : 218 223 174 73 119 122 83 41 116 158 135 173 138 88 96 66 67 110 239 58 242 215 162 144 185 74 126 203 145 192 36 161 130 34 247 93 225 210 236 159 184 128 190 186 127 85 120 59 235 129 219 30 160 213 200 40 232 78 80 233 103 199 221 26 228 82 89 149 152 220 224 63 153 84 37 49 65 69 77 44 42 211 86 60 178 202 
144 : 220 31 159 85 139 79 218 232 96 98 222 246 169 70 176 129 93 170 164 242 219 130 46 110 175 229 174 118 166 78 234 227 205 66 123 189 191 183 37 82 45 184 101 39 80 186 199 153 64 143 185 56 47 247 63 108 119 201 50 89 134 194 180 104 238 223 73 40 122 
145 : 183 47 55 75 49 130 45 134 78 32 42 121 39 156 220 143 41 198 133 97 175 180 50 230 197 67 120 209 177 70 140 73 72 86 136 218 182 188 48 117 172 212 214 167 162 
146 : 82 247 243 98 225 160 181 152 113 66 100 61 49 109 77 136 149 230 170 129 195 223 205 83 134 116 229 50 163 34 194 153 87 120 96 73 142 144 169 190 38 102 48 224 128 216 212 198 
147 : 101 97 42 100 120 104 205 77 74 220 191 80 117 197 40 243 34 234 147 33 70 55 210 233 68 190 135 83 84 248 26 65 213 122 53 246 127 232 81 73 155 193 39 88 145 130 115 95 75 167 46 67 44 198 32 175 179 133 176 229 58 102 158 164 178 131 149 228 217 
148 : 205 141 125 27 120 129 233 189 37 211 25 173 99 146 108 97 96 227 215 184 155 102 44 170 92 75 69 29 61 217 101 130 164 64 114 136 188 107 87 72 245 187 66 181 203 236 111 204 103 149 246 105 212 169 218 192 85 31 122 123 231 202 28 221 104 190 220 119 175 68 115 82 109 51 
149 : 227 208 215 42 165 181 196 41 187 53 109 26 57 91 240 188 244 33 235 68 47 161 130 103 119 216 173 113 82 111 78 249 67 27 112 51 142 116 159 129 115 154 55 133 194 219 120 166 213 85 128 155 66 151 180 73 197 239 138 
150 : 44 61 192 115 155 239 242 179 193 145 182 174 224 149 84 42 127 151 130 150 37 163 27 165 58 220 57 225 50 237 194 55 118 75 26 114 240 121 230 65 214 248 59 34 246 90 222 60 234 131 120 152 201 72 153 138 141 178 215 112 99 199 161 88 125 172 208 245 116 170 49 137 73 147 64 66 213 92 41 69 
151 : 96 68 62 186 132 39 190 167 87 164 197 144 124 112 216 91 185 135 218 147 228 191 194 129 52 29 36 44 172 208 221 209 237 114 90 61 181 227 73 51 63 152 192 215 214 128 203 196 139 188 84 165 104 57 127 99 35 40 155 241 74 236 163 166 195 160 170 94 70 244 111 86 223 213 42 171 101 95 
152 : 179 124 233 54 211 209 40 82 123 81 171 186 217 32 110 216 112 143 117 168 181 173 170 30 34 142 196 106 247 230 150 149 52 204 122 183 73 79 97 41 180 212 38 62 59 132 84 104 176 115 153 172 246 71 108 185 218 131 76 214 232 244 95 157 208 206 190 192 48 130 113 223 174 139 
153 : 91 95 121 154 195 98 242 126 235 185 248 66 142 104 71 134 27 111 102 182 35 221 150 127 249 116 220 43 42 234 186 50 225 203 129 174 85 39 
154 : 245 201 249 187 34 159 99 95 51 100 231 240 152 56 50 161 210 82 37 103 217 138 92 70 199 162 
155 : 83 169 102 44 147 165 120 138 130 163 129 207 89 185 94 104 245 229 98 156 76 189 52 200 212 205 112 236 182 110 88 164 40 38 82 242 199 54 50 143 25 195 39 190 101 162 178 227 30 135 123 70 192 97 187 146 193 234 216 
156 : 206 103 185 78 52 47 98 72 142 166 128 240 105 204 112 82 43 163 223 168 171 217 113 85 167 198 131 174 229 151 38 183 88 36 148 216 169 178 94 54 40 87 51 199 227 164 200 61 58 127 176 108 177 67 232 90 215 207 106 249 100 235 123 62 172 182 37 218 196 236 29 247 91 248 93 242 149 32 220 53 
157 : 138 195 227 124 202 206 218 102 101 192 213 38 25 175 233 196 110 167 43 248 224 77 216 217 137 164 135 166 247 140 189 147 
158 : 56 97 143 211 72 236 224 208 70 214 137 174 34 151 147 106 183 226 215 92 66 79 81 115 105 247 199 112 125 201 187 248 71 94 198 203 
159 : 57 146 198 107 95 25 211 186 93 132 69 131 194 155 172 237 78 113 110 32 44 73 45 94 137 136 81 111 208 246 145 77 164 235 236 163 83 160 148 108 203 224 133 189 143 231 105 141 245 46 71 175 226 171 116 204 230 173 170 232 56 54 191 128 64 74 67 109 200 59 117 
160 : 82 86 115 84 98 191 131 182 241 26 73 167 50 156 29 213 188 157 212 159 178 224 48 30 33 101 237 128 164 90 163 95 75 194 123 135 105 80 93 179 176 170 185 160 246 53 54 77 59 104 149 92 57 143 119 175 27 
161 : 226 42 168 220 179 176 105 85 38 200 209 230 119 238 174 216 224 221 122 169 61 52 109 110 150 225 111 204 248 186 161 74 112 31 113 190 73 60 239 218 51 37 41 198 164 217 55 94 71 96 195 26 232 36 189 147 196 163 103 34 134 233 76 124 53 104 214 130 30 212 116 182 78 65 145 138 
162 : 236 44 137 123 234 163 26 233 79 207 164 227 31 216 232 180 68 54 107 141 142 88 104 192 102 116 165 176 120 209 84 151 228 159 200 92 220 73 87 
163 : 223 151 32 65 77 129 125 158 243 117 114 91 83 25 233 35 229 43 84 38 209 166 122 230 226 45 68 88 201 67 231 40 137 66 82 180 203 179 105 86 50 200 143 42 213 234 163 87 97 118 238 57 217 169 63 193 148 187 196 113 89 110 204 78 61 108 100 235 224 28 236 128 71 37 228 186 115 119 
164 : 220 78 171 90 186 179 227 174 176 145 126 75 218 170 203 127 150 115 50 67 181 55 77 108 198 195 
165 : 228 151 140 72 152 132 210 246 108 92 105 69 190 138 81 126 62 194 224 35 168 178 186 147 163 244 154 89 125 45 53 199 239 65 164 133 37 68 223 193 57 142 79 222 167 98 175 172 165 158 41 215 26 50 90 109 148 191 160 70 174 241 166 136 61 63 58 123 107 112 46 202 162 115 153 245 97 60 219 236 87 124 78 247 84 
166 : 233 84 60 205 55 93 170 173 127 125 185 123 183 175 199 151 71 28 196 159 126 112 87 158 111 96 59 224 157 57 65 172 203 191 201 86 110 164 95 85 180 36 129 64 141 200 215 35 90 138 194 227 209 220 33 116 140 137 67 176 130 38 
167 : 56 176 74 135 167 127 117 198 67 47 114 223 224 131 99 213 212 48 54 43 242 42 162 155 227 164 41 128 32 91 220 147 69 232 30 192 234 218 71 61 120 175 190 206 209 36 152 236 29 153 97 204 168 217 195 216 184 226 148 81 225 169 89 38 28 78 247 64 95 210 141 111 237 177 49 215 110 249 182 185 79 
168 : 206 117 141 95 232 205 120 233 236 155 231 212 143 86 122 184 101 226 164 216 85 187 52 192 112 54 68 61 46 156 217 150 160 144 50 202 234 113 220 
169 : 158 155 119 84 206 130 149 116 35 89 170 165 56 195 83 183 118 217 105 106 69 99 164 181 135 157 175 167 188 244 229 72 224 79 87 202 59 187 134 192 81 82 45 73 194 154 44 171 96 128 249 190 204 66 209 168 176 237 248 243 236 54 141 
170 : 68 151 32 98 142 218 189 211 165 169 187 63 28 238 166 176 132 163 54 118 135 208 134 80 144 66 29 89 213 60 69 75 64 198 150 159 71 196 99 192 31 39 191 96 152 179 26 87 46 240 30 61 210 100 78 197 168 131 139 177 226 86 106 182 146 41 244 207 217 209 120 190 48 194 145 25 223 77 73 160 76 242 228 37 
171 : 199 33 148 222 92 83 206 97 110 237 109 178 41 213 242 131 99 227 96 125 70 182 211 241 215 91 155 52 233 150 187 35 88 205 89 217 106 243 177 143 57 172 165 156 141 216 27 170 204 
172 : 228 93 241 215 136 37 78 232 85 245 201 159 172 91 65 46 180 164 73 203 53 148 174 124 198 
173 : 222 30 244 130 36 225 55 241 97 50 54 26 48 220 179 237 41 47 73 34 209 208 219 192 110 71 76 
174 : 157 199 42 218 186 225 117 165 68 50 69 222 245 128 234 159 87 106 45 146 150 221 28 89 208 231 192 169 61 144 102 112 121 171 209 123 185 98 183 107 226 193 190 49 133 224 143 236 179 94 149 211 83 181 198 166 
175 : 145 62 226 154 244 203 36 240 99 167 53 46 151 33 130 201 125 55 76 197 73 134 25 92 182 52 91 186 78 200 155 170 179 192 127 121 166 111 172 51 188 198 220 211 63 124 90 42 80 79 
176 : 230 69 218 179 200 100 248 113 175 107 79 123 32 39 204 161 85 154 142 183 197 118 38 28 195 27 120 237 55 235 58 249 215 64 198 45 61 125 138 
177 : 141 183 157 41 28 31 212 189 75 118 181 119 161 153 101 152 209 87 233 106 186 203 239 88 211 43 81 148 199 125 133 49 80 52 84 235 73 62 
178 : 193 204 211 217 28 74 104 53 92 220 48 124 51 73 66 123 70 189 61 56 247 131 122 37 223 161 114 201 75 167 62 141 115 112 125 237 197 148 168 119 130 236 198 232 163 243 117 187 63 155 160 143 36 82 
179 : 104 66 221 209 234 159 197 138 94 137 31 226 46 243 140 72 227 149 97 193 124 73 123 139 57 108 195 115 212 244 155 161 200 26 41 199 52 103 154 80 65 229 107 
180 : 181 219 211 151 118 244 236 148 180 26 169 73 235 226 79 102 161 242 209 116 96 114 145 243 196 99 144 87 217 142 86 139 134 42 117 190 176 68 106 97 121 224 218 197 124 62 43 204 100 129 233 155 189 36 146 40 245 206 33 80 152 201 232 
181 : 26 211 227 234 186 137 192 173 69 109 66 155 210 165 223 55 163 214 36 44 157 76 98 138 233 181 142 47 81 33 240 239 168 93 85 28 244 154 235 88 228 25 43 136 56 147 220 125 67 133 218 131 236 202 106 41 230 201 158 122 118 57 40 121 141 117 129 87 32 159 58 65 83 
182 : 142 216 98 73 112 177 111 80 130 243 95 57 36 139 194 74 108 97 219 159 242 157 150 87 128 137 35 124 178 65 200 204 93 201 206 168 26 25 41 85 248 217 233 135 69 43 221 191 149 241 239 34 237 105 90 70 71 27 198 58 45 52 99 96 40 81 236 238 226 235 182 144 30 155 
183 : 130 126 25 113 167 48 245 90 207 190 147 75 200 212 240 109 202 62 181 201 160 54 216 32 185 238 188 162 35 247 161 221 94 101 233 211 36 47 170 92 150 195 121 57 225 60 85 98 114 168 203 117 110 70 191 135 115 124 81 134 52 43 215 58 157 192 186 55 183 96 224 51 169 151 142 177 197 172 210 239 206 
184 : 58 62 84 135 65 161 117 55 222 71 248 207 111 75 54 151 166 106 93 68 39 227 209 204 131 91 116 104 130 181 150 167 79 64 102 103 165 245 110 44 160 170 240 48 196 
185 : 247 107 92 126 58 138 221 122 89 235 202 204 124 110 66 57 176 59 46 140 175 129 238 210 34 139 52 49 188 169 27 148 174 64 211 73 145 229 33 82 68 144 193 136 119 207 225 198 158 223 56 70 30 76 130 84 85 168 134 226 232 194 187 151 51 99 97 40 197 77 67 192 237 234 227 167 36 172 
186 : 168 150 217 156 231 39 249 211 144 51 158 101 187 111 180 45 29 215 80 151 206 153 218 233 229 
187 : 26 247 211 166 242 128 72 151 192 49 53 112 121 62 219 174 197 61 59 40 179 154 74 96 194 193 29 183 82 223 116 204 148 238 108 237 54 172 224 136 170 190 86 75 80 32 132 39 
188 : 151 168 184 202 198 49 213 27 206 183 129 43 148 68 127 78 53 185 99 96 191 67 32 47 163 88 41 187 139 80 158 216 110 194 172 61 133 204 84 100 208 226 199 95 166 81 146 33 62 71 150 218 92 132 176 214 236 233 232 143 160 207 182 94 119 169 82 189 248 165 193 197 87 217 111 118 122 222 212 46 173 229 135 121 215 
189 : 186 112 126 43 205 178 224 146 93 135 212 192 157 206 88 122 91 54 174 211 100 64 150 221 55 78 249 
190 : 41 213 78 30 116 95 185 157 158 211 99 27 113 47 181 240 34 179 96 127 25 225 129 32 66 203 137 60 180 148 128 169 241 230 178 93 112 198 130 120 62 218 51 214 82 36 102 52 219 238 227 166 65 159 105 64 81 136 79 243 199 
191 : 106 99 25 163 112 219 141 194 117 187 61 96 50 153 220 238 222 171 121 208 201 224 183 152 211 43 215 226 52 185 95 138 144 54 113 32 151 134 159 162 42 203 47 173 189 87 30 206 77 34 247 178 188 110 71 181 129 216 177 38 33 145 148 243 73 115 63 182 118 72 169 
192 : 48 243 75 241 162 164 187 69 139 233 93 161 245 223 87 111 61 204 108 148 211 201 167 224 217 145 83 228 94 101 220 122 100 52 184 73 32 216 147 169 129 149 163 194 102 74 45 133 179 177 37 50 168 131 44 
193 : 81 35 242 236 135 74 200 225 33 80 224 181 120 125 48 201 130 152 237 124 110 61 92 72 142 131 113 129 158 194 39 243 79 141 54 118 119 218 169 127 232 149 76 134 47 104 75 161 234 98 96 
194 : 64 122 31 134 136 62 72 75 147 40 51 158 126 186 124 66 205 152 26 79 27 168 139 130 200 43 140 99 170 204 102 160 132 70 127 238 212 137 96 213 247 56 104 224 193 73 59 145 244 
195 : 65 176 84 57 110 140 249 210 247 94 38 88 151 77 32 155 106 201 147 183 164 142 108 171 243 136 228 59 52 192 101 121 208 31 133 39 72 205 43 209 244 173 25 61 163 141 
196 : 212 167 175 193 52 131 92 163 104 204 134 214 119 149 202 158 217 116 100 171 185 165 58 208 166 237 108 137 74 150 230 242 180 106 98 49 238 190 107 146 80 97 241 179 223 66 206 33 25 203 125 155 90 123 239 229 56 36 
197 : 146 248 101 57 71 131 74 83 82 200 132 76 88 229 111 48 103 105 221 136 236 218 102 53 45 224 205 141 161 241 225 213 150 44 114 51 157 54 60 120 249 62 184 187 70 179 231 180 65 119 80 61 169 246 188 152 110 199 220 130 153 176 59 112 42 117 
198 : 78 92 171 87 36 116 203 200 113 241 226 238 107 214 184 149 183 72 148 142 169 243 193 206 249 174 40 132 82 80 
199 : 46 238 196 191 140 124 34 152 42 51 180 243 114 57 176 45 108 185 174 116 248 40 136 242 199 29 31 182 69 59 195 81 66 74 198 134 63 237 25 168 158 62 233 213 61 202 197 118 227 127 230 84 72 150 211 167 107 41 151 209 
200 : 70 122 105 93 205 125 112 131 212 115 207 183 107 236 184 88 80 224 108 221 219 153 188 43 73 156 58 114 50 57 129 175 40 135 233 147 243 111 137 62 142 162 225 168 201 117 90 231 61 59 174 87 36 192 46 25 218 189 144 45 95 244 79 191 134 92 146 195 119 72 60 56 86 30 199 65 215 230 35 44 246 
201 : 26 38 39 242 41 161 118 114 230 229 199 107 213 216 220 148 115 61 238 87 57 167 92 135 43 218 
202 : 108 138 28 53 225 153 36 163 243 231 142 148 136 158 87 40 247 42 220 214 107 143 159 26 57 90 67 41 206 167 73 248 
203 : 50 118 45 221 182 58 115 53 165 128 222 237 212 127 196 132 171 61 97 246 49 121 126 39 95 239 190 35 52 40 86 180 94 210 102 144 72 185 148 176 139 57 117 218 158 112 183 207 138 140 150 120 152 82 184 228 
204 : 181 77 150 176 85 107 228 160 25 39 173 223 178 118 209 68 224 69 230 204 86 169 226 146 158 87 236 147 94 73 125 61 242 211 154 238 180 222 117 233 75 166 92 141 206 106 167 164 130 142 54 90 84 133 120 156 97 195 46 151 123 38 113 96 135 237 26 208 56 126 52 
