0 : 224 217 32 59 183 91 249 69 200 141 218 184 244 204 222 41 227 192 102 199 26 137 248 166 52 237 118 132 58 67 33 151 116 241 175 158 106 38 
1 : 93 232 195 208 51 94 240 112 49 193 146 133 115 110 92 41 81 211 76 74 210 162 107 198 230 143 39 144 216 33 71 90 157 209 130 149 192 164 134 54 213 106 181 44 30 145 188 229 77 207 152 231 140 234 137 142 113 84 223 91 
2 : 191 238 110 62 162 41 133 230 26 143 197 178 52 149 50 245 237 218 136 79 55 25 101 176 157 187 167 134 216 69 32 240 172 49 89 210 34 249 74 129 173 177 220 142 77 234 206 151 132 28 64 194 155 232 121 227 30 199 87 37 75 181 95 40 51 56 113 106 104 66 33 94 48 159 35 99 126 175 158 39 61 217 192 195 130 103 184 127 188 233 137 43 63 
3 : 46 28 98 206 189 138 223 247 135 35 196 154 117 115 246 229 208 65 222 166 113 88 237 92 146 71 199 54 141 213 44 185 174 62 217 81 194 74 167 48 78 82 114 218 234 42 83 183 179 164 49 177 188 130 190 36 182 153 31 170 207 107 133 131 173 39 90 66 67 93 61 228 155 200 100 27 159 52 209 187 181 161 85 210 99 79 148 193 108 171 101 169 94 124 51 233 102 226 216 41 30 160 198 121 29 118 103 104 95 176 112 175 231 230 64 37 
4 : 108 61 158 58 154 186 200 27 239 248 79 249 196 191 245 128 42 29 92 213 119 235 135 39 63 56 174 247 37 132 232 242 80 202 81 102 204 118 88 32 246 103 59 70 40 199 241 44 244 121 65 31 180 201 146 35 159 36 126 129 51 69 212 166 67 238 84 209 229 96 161 222 97 71 
5 : 153 208 225 26 66 200 48 231 241 44 240 184 220 165 81 46 189 62 65 164 151 118 38 86 39 78 183 58 185 230 104 54 232 211 160 74 115 36 205 202 248 79 131 47 72 238 132 226 237 95 228 68 136 152 171 70 121 123 179 120 147 159 223 215 93 89 137 63 73 
6 : 27 138 231 146 180 31 83 43 143 91 171 56 216 45 48 227 167 225 57 184 85 190 54 70 224 174 209 164 178 41 61 69 98 189 166 78 141 195 95 160 112 30 206 60 244 220 103 100 221 131 215 233 37 222 33 214 210 205 65 42 182 165 88 196 82 53 58 153 207 186 203 129 124 179 108 145 111 64 87 109 26 79 187 198 192 249 
7 : 246 69 70 187 232 215 118 67 34 135 137 180 94 170 120 205 132 29 211 72 169 220 227 234 40 51 188 58 162 186 207 104 35 61 213 155 168 200 194 49 199 138 28 174 52 192 131 103 27 212 110 166 134 71 43 178 85 221 233 84 243 197 149 92 39 159 123 48 90 82 59 157 106 113 91 167 238 64 145 230 198 175 74 115 193 229 241 109 37 133 33 148 96 65 119 95 63 53 225 46 161 201 30 237 146 235 122 124 144 127 57 183 236 26 172 56 247 216 38 73 111 112 171 
8 : 146 158 124 94 242 75 230 237 131 34 176 240 93 174 224 219 196 143 161 76 236 165 100 199 109 200 25 148 74 137 62 179 247 159 49 150 197 190 31 27 130 164 84 95 228 182 120 212 82 96 89 162 211 118 151 189 92 248 67 56 66 147 208 186 101 69 77 241 206 235 238 126 115 184 70 233 209 166 73 178 72 181 35 193 45 121 30 227 140 32 145 112 220 41 57 39 63 87 188 106 226 55 246 79 203 245 134 167 85 201 232 60 157 107 53 42 88 81 132 153 
9 : 121 187 102 112 158 50 165 197 36 53 41 33 232 127 100 104 74 48 242 88 68 219 212 160 27 152 147 243 103 206 26 71 67 199 220 176 98 105 138 178 111 155 63 184 137 129 168 34 
10 : 131 81 188 245 247 43 48 68 33 211 221 58 239 113 74 236 206 231 86 233 67 199 143 121 101 88 151 194 230 220 117 53 
11 : 191 195 158 198 243 214 86 167 94 64 121 236 33 68 96 160 88 69 102 213 53 241 50 148 170 77 151 233 124 237 223 152 106 104 216 71 220 205 227 162 89 206 58 117 87 54 173 141 
12 : 76 248 116 221 127 155 185 29 25 156 136 103 206 80 38 129 41 113 53 233 130 193 44 78 91 81 137 214 68 215 114 93 208 150 60 79 48 132 203 100 110 239 243 187 43 160 237 241 184 73 54 238 152 74 188 177 164 112 117 122 62 196 31 105 225 216 212 33 180 28 217 124 32 213 222 143 107 201 42 144 140 
13 : 56 70 114 237 28 139 238 211 173 152 103 78 243 181 246 118 44 45 33 84 48 58 219 209 164 160 55 99 191 241 161 183 73 142 74 208 169 149 39 213 170 226 112 100 94 90 59 97 66 134 171 77 72 75 245 147 153 144 115 239 231 210 87 79 195 110 187 230 223 215 190 218 81 105 92 184 145 141 233 29 140 82 200 52 117 137 220 212 120 162 199 196 249 179 177 189 172 248 91 67 65 228 26 129 30 116 62 154 242 126 96 69 37 107 93 202 138 244 133 224 236 148 43 
14 : 242 73 91 215 201 184 174 48 233 213 243 205 45 192 209 66 204 160 152 231 85 63 113 175 89 102 122 41 223 182 123 227 99 127 58 146 148 133 130 116 225 75 230 109 147 57 194 214 35 110 119 221 51 118 161 126 206 74 138 30 238 180 49 125 29 107 168 37 197 199 104 217 170 28 185 105 72 228 86 219 176 25 218 164 220 177 163 64 121 59 234 244 120 150 153 61 111 31 39 249 128 78 134 96 203 
15 : 217 238 183 162 109 226 41 163 103 244 62 35 194 128 224 198 87 97 229 74 222 166 114 73 230 110 49 90 79 161 174 223 78 85 154 185 45 191 246 131 141 151 221 135 157 197 237 134 249 164 158 
16 : 98 233 180 54 72 91 234 140 179 78 201 198 52 196 44 211 95 26 135 151 138 90 215 152 143 164 188 74 82 195 216 51 235 221 83 129 174 57 147 56 69 192 125 218 28 25 207 121 112 46 236 87 238 77 177 110 230 155 118 102 29 246 71 227 208 172 30 170 50 124 122 103 38 159 47 68 206 204 115 239 61 40 104 142 209 
17 : 54 29 244 149 212 25 164 209 205 162 192 146 62 69 96 140 214 94 109 60 154 157 142 126 220 104 131 65 101 88 134 247 74 93 61 77 133 156 136 233 43 31 228 128 189 108 177 105 241 114 46 215 239 176 232 198 186 197 245 242 83 48 187 145 206 196 49 33 36 97 234 40 125 57 170 26 183 137 129 213 208 191 51 217 103 163 138 81 95 119 155 82 231 80 106 
18 : 146 51 202 179 84 189 218 244 29 101 185 118 124 35 105 112 42 59 126 177 142 32 28 204 132 173 52 239 134 31 215 120 155 103 46 133 127 168 92 247 207 164 243 91 178 160 141 106 77 76 161 233 205 72 224 102 33 175 176 241 211 60 165 217 44 54 79 206 196 119 228 121 219 83 82 90 145 
19 : 40 55 34 167 219 87 113 63 75 192 139 120 79 65 246 206 129 183 248 137 114 80 58 184 62 142 200 226 161 83 216 238 154 29 233 76 205 173 35 214 196 92 247 134 95 57 73 94 72 186 49 53 108 145 249 130 222 237 239 170 217 48 176 42 30 131 245 109 229 171 104 157 203 175 136 28 162 44 124 
20 : 134 147 69 52 121 146 40 111 143 108 217 58 79 154 122 29 187 156 195 68 27 48 98 71 88 78 93 180 184 72 202 119 213 145 228 234 173 142 199 247 109 246 77 226 159 224 124 61 55 161 196 62 232 117 185 245 30 96 219 35 65 162 80 236 26 94 139 104 144 160 95 31 214 188 130 128 70 46 210 194 241 218 167 129 170 97 92 238 105 201 47 51 33 66 49 216 132 172 235 100 110 56 193 169 90 123 86 237 138 116 140 25 63 107 101 67 212 175 120 
21 : 179 177 237 158 181 77 161 111 102 75 48 103 178 101 238 66 167 155 199 89 213 219 180 243 100 105 134 90 171 58 44 88 85 230 165 233 195 223 64 133 42 170 135 122 68 217 35 52 73 248 57 129 202 107 104 93 70 206 118 71 151 41 175 212 50 33 140 125 148 51 76 225 189 26 43 27 80 25 36 246 40 119 46 152 112 39 126 182 110 154 
22 : 245 67 176 113 221 226 45 212 211 137 58 249 32 135 57 152 140 138 181 104 205 248 97 79 129 53 173 167 37 208 55 240 70 110 136 87 31 82 26 93 146 241 145 52 191 165 219 160 34 195 225 166 120 39 193 127 235 206 227 204 154 158 174 184 222 229 150 163 142 236 187 202 106 85 247 238 170 214 203 185 108 101 84 62 125 177 196 112 29 144 33 190 49 78 159 50 80 128 100 168 244 
23 : 244 204 92 242 214 74 211 161 114 111 168 86 116 115 166 248 238 164 95 58 37 183 215 56 123 231 66 42 50 49 213 120 190 208 217 146 62 79 249 61 101 132 160 129 104 87 93 182 142 136 243 235 198 158 205 201 245 150 227 108 216 219 91 75 
24 : 60 230 160 236 210 92 45 57 131 224 113 38 194 162 79 128 229 29 143 95 69 217 138 80 193 164 87 198 100 141 84 110 27 136 134 177 233 133 216 44 88 31 59 65 249 153 221 178 34 56 184 218 152 173 124 74 154 215 83 223 26 248 175 196 146 72 67 142 166 151 35 176 89 168 199 207 239 192 62 90 246 195 54 50 51 64 66 179 107 112 156 99 212 43 189 201 231 
25 : 133 227 199 105 246 25 56 122 221 78 87 47 158 90 42 94 115 238 156 101 225 162 114 207 57 160 76 213 194 211 91 204 240 53 140 86 191 147 121 169 183 28 195 135 69 44 127 248 73 132 200 190 210 152 98 60 234 145 175 193 41 172 108 68 65 84 40 154 30 123 189 230 167 231 212 62 124 165 184 174 120 77 182 39 181 151 50 45 219 75 208 102 150 161 247 67 128 88 222 226 164 209 27 192 89 166 215 139 38 74 197 228 83 220 
26 : 45 208 154 150 193 39 43 178 194 73 214 199 95 83 229 133 157 34 223 44 211 119 200 103 141 225 81 54 
27 : 199 140 51 208 107 142 138 137 79 115 67 216 146 116 233 103 90 33 98 57 82 62 125 198 189 46 162 167 185 126 123 85 44 223 186 95 136 209 114 232 206 161 152 147 75 56 121 183 239 234 170 145 59 71 42 97 175 94 187 141 193 38 89 101 106 220 159 171 60 197 119 118 240 135 150 242 157 88 196 112 99 117 179 192 188 156 153 109 144 160 244 93 47 127 181 35 191 169 55 245 124 227 243 64 163 143 211 235 219 200 249 132 228 73 40 241 65 61 74 231 50 29 
28 : 55 83 49 36 217 144 151 124 27 38 177 149 240 237 87 234 233 129 119 107 33 169 235 214 62 86 70 95 111 153 184 187 141 60 
29 : 156 118 94 170 48 177 158 84 140 174 117 34 37 54 70 40 67 61 148 87 135 98 231 79 58 169 197 80 36 125 101 236 200 198 241 38 71 160 64 157 121 137 234 221 218 60 114 90 134 59 124 222 164 126 128 229 82 224 180 240 88 43 75 89 166 33 111 62 162 99 72 91 182 178 78 193 223 247 50 106 41 73 122 136 29 132 192 123 110 239 66 167 237 
30 : 104 117 219 169 72 81 164 198 202 55 118 226 183 222 215 116 53 41 28 247 97 172 197 59 179 98 160 157 240 106 125 199 27 209 220 111 37 77 241 163 228 188 126 182 127 191 136 115 216 225 140 103 71 201 180 244 132 105 238 49 189 31 78 119 
31 : 72 209 84 101 207 219 30 116 89 62 189 137 222 173 52 186 107 133 79 196 203 55 193 134 181 111 67 155 150 141 143 78 66 230 26 80 127 232 146 38 212 199 33 201 91 112 104 171 135 139 69 140 68 217 164 215 185 213 106 208 188 54 113 64 239 216 180 35 151 136 163 234 202 47 221 114 192 51 74 149 194 125 82 25 103 95 231 90 247 39 123 243 224 44 29 28 126 228 223 42 46 187 161 153 142 58 121 98 184 220 174 206 50 
32 : 179 97 82 217 59 158 242 247 222 139 239 162 35 147 47 214 203 234 107 114 194 150 211 90 86 30 191 157 237 185 36 165 119 208 120 71 159 144 62 106 180 111 121 184 63 65 206 123 140 212 215 188 169 39 199 66 249 53 167 173 166 122 124 155 142 52 117 60 246 74 79 27 186 126 229 190 101 182 230 176 204 32 163 193 148 68 161 81 181 118 220 112 141 207 37 43 83 153 103 213 227 154 223 127 88 61 198 170 178 99 69 225 174 130 75 58 233 151 197 89 102 235 
33 : 69 131 122 170 76 117 101 166 53 167 222 141 85 59 214 95 58 244 229 187 215 203 56 86 120 70 140 149 186 153 208 142 227 185 209 88 144 42 176 182 118 119 162 213 173 50 79 63 29 72 156 65 220 202 198 60 146 91 111 128 246 32 210 25 225 114 172 143 145 49 87 164 77 160 54 80 62 240 233 178 75 241 184 125 92 242 138 52 44 168 199 194 113 38 107 179 93 206 81 232 212 57 64 99 133 
34 : 235 122 162 177 61 27 68 97 58 191 248 92 172 133 204 89 31 240 190 46 49 124 245 39 206 198 236 77 175 205 210 149 232 161 237 234 
35 : 149 209 158 117 52 71 194 151 28 160 101 59 166 126 37 43 107 155 229 186 122 176 51 145 230 84 136 46 41 55 177 168 128 202 64 249 164 100 195 89 72 54 196 246 170 68 239 190 248 26 32 111 69 192 61 167 47 73 63 76 125 212 81 199 171 103 113 180 141 95 116 206 56 157 234 112 154 131 225 93 152 27 228 179 44 210 75 105 223 159 134 74 
36 : 65 188 97 178 129 83 146 212 170 34 136 43 226 189 198 126 193 215 131 32 223 93 119 195 156 89 208 171 204 145 61 186 187 249 202 63 196 244 141 185 60 67 134 169 190 137 213 29 238 201 87 175 135 229 94 239 133 197 222 78 153 40 219 75 82 159 84 181 31 80 27 121 167 245 139 125 95 62 123 42 101 79 148 50 37 225 68 165 240 194 116 114 154 96 237 248 100 138 110 149 26 182 130 66 207 120 206 151 45 234 231 220 88 72 46 52 
37 : 184 151 113 213 148 108 56 121 49 234 150 233 181 232 119 55 248 105 192 141 206 137 243 71 171 109 173 197 99 133 48 106 75 230 125 41 200 145 57 
38 : 97 197 92 150 131 117 118 46 61 236 193 199 58 149 49 104 177 204 85 115 139 247 231 125 230 93 166 40 133 203 176 186 34 132 88 64 120 165 184 116 78 95 27 84 170 141 108 183 151 168 174 30 75 109 210 71 35 237 77 228 229 99 248 47 171 240 226 173 217 119 70 89 202 159 26 201 86 156 90 158 110 37 105 33 222 82 160 214 180 107 242 54 36 154 126 235 205 238 62 69 224 225 76 164 244 55 25 106 233 143 246 
39 : 245 98 107 79 197 93 104 140 40 158 193 207 231 172 128 223 113 209 34 240 42 32 130 37 67 39 244 180 171 71 120 110 65 73 124 213 114 
40 : 47 110 133 219 69 214 164 63 114 193 248 159 75 58 162 90 116 153 141 166 95 157 245 152 38 98 213 132 178 76 87 210 123 126 81 72 130 237 49 127 96 85 83 66 54 201 184 42 174 194 185 73 101 223 99 242 227 89 183 88 198 52 203 238 191 148 230 45 221 209 212 92 140 234 240 186 172 124 137 165 46 188 71 239 91 215 222 147 36 173 225 226 80 235 200 228 246 97 48 109 122 169 61 187 199 104 25 243 168 
41 : 217 237 229 144 110 184 111 171 121 116 160 196 246 105 73 174 43 129 134 38 147 149 124 133 226 234 95 207 89 182 249 67 225 131 64 140 88 139 127 79 181 193 81 247 244 204 91 232 33 137 221 35 99 156 109 146 75 150 202 115 103 197 32 135 113 142 179 25 130 83 209 69 108 93 151 169 212 187 27 167 233 195 47 39 72 123 71 186 37 63 222 172 141 
42 : 226 160 220 127 156 237 191 241 67 89 93 100 247 75 208 235 86 83 49 185 87 112 167 183 176 217 131 32 107 
43 : 138 28 96 121 70 232 87 41 177 104 132 61 162 150 29 117 145 58 165 97 52 76 49 183 80 210 205 217 79 134 233 192 90 36 59 102 149 139 198 158 110 193 51 182 207 131 60 136 187 118 122 222 247 135 114 69 81 50 199 83 35 168 93 174 164 185 240 48 224 229 66 54 68 216 55 236 
44 : 60 234 86 63 142 106 127 249 117 231 83 85 134 50 144 58 69 35 132 214 145 206 164 148 99 32 67 191 120 44 213 98 71 52 178 123 41 247 146 157 151 242 181 101 205 103 57 107 208 39 65 170 78 223 59 168 94 72 129 37 27 80 232 89 75 42 38 91 121 97 197 241 
45 : 243 88 95 138 38 204 200 180 245 35 109 171 105 232 133 103 166 83 203 183 118 165 176 137 131 81 145 63 99 28 248 121 36 179 60 73 175 167 134 55 172 120 
46 : 82 126 211 190 227 241 171 238 113 216 106 101 200 130 151 206 246 244 58 57 89 138 242 167 108 33 218 229 54 226 
47 : 231 94 160 53 129 75 185 138 163 176 197 166 65 237 238 55 29 35 130 45 72 116 118 34 126 234 124 66 194 235 213 39 146 215 103 195 92 106 93 150 95 87 86 167 143 134 228 145 91 184 159 242 144 64 47 188 192 51 77 60 33 102 218 157 137 68 115 109 246 175 46 181 212 154 227 57 148 183 226 162 85 230 43 155 123 71 88 219 221 187 114 214 98 232 205 139 78 199 82 50 99 223 107 190 202 
48 : 102 125 124 214 206 106 38 90 120 41 160 170 47 182 172 186 87 246 177 55 31 137 64 229 122 199 119 210 213 66 138 202 244 176 216 217 221 77 
49 : 50 101 88 134 198 47 193 126 34 217 239 63 164 181 57 66 233 155 115 212 77 68 40 135 145 82 209 30 37 167 241 133 159 127 237 48 55 95 137 205 246 203 94 188 83 86 105 131 116 210 65 173 107 28 58 132 229 113 207 171 243 226 222 158 147 247 76 136 235 75 223 64 110 103 231 72 31 206 61 179 177 84 99 195 141 142 220 67 154 238 225 150 244 185 120 230 187 114 144 43 108 182 216 51 190 36 60 183 161 53 100 162 200 165 104 93 234 
50 : 113 47 26 146 50 226 140 66 203 189 135 128 241 149 166 180 173 58 100 240 223 159 174 198 169 70 127 25 106 242 45 64 65 59 171 68 224 182 34 73 93 126 153 186 179 134 167 31 53 227 199 79 60 56 78 97 184 61 157 33 40 192 86 147 108 30 209 74 156 85 101 27 35 154 188 37 177 29 51 125 87 222 142 165 102 248 119 139 55 216 178 143 115 71 151 176 118 103 201 230 104 116 235 98 194 200 208 244 44 215 237 89 131 232 43 
51 : 153 84 160 146 186 114 217 189 39 27 71 230 78 248 236 54 93 175 154 89 210 214 166 41 124 205 184 130 201 242 58 30 137 63 188 240 165 172 85 67 231 203 219 215 151 70 168 118 98 155 138 239 156 32 161 196 163 132 142 79 76 241 177 92 237 159 37 171 193 128 51 233 53 122 64 
52 : 177 188 132 180 117 63 168 186 216 120 190 195 102 109 128 162 62 82 96 61 183 227 104 235 36 208 89 131 133 106 72 248 58 108 137 47 200 68 118 54 
53 : 144 82 45 32 120 210 74 162 79 132 94 126 95 102 141 36 155 43 192 48 193 219 128 107 26 227 65 81 96 49 198 190 217 188 218 174 211 140 130 224 68 194 33 125 54 136 78 228 234 112 167 109 214 154 173 245 176 133 184 233 53 127 98 156 69 
54 : 44 154 140 209 199 225 139 115 232 122 235 239 205 102 167 144 108 110 172 124 138 33 218 107 223 183 243 62 26 217 82 198 141 158 83 55 
55 : 150 195 113 222 232 156 196 119 79 37 93 171 127 137 214 123 185 140 148 229 181 166 62 91 179 154 147 54 240 186 43 209 87 211 96 239 40 158 142 68 92 82 109 217 172 38 69 184 206 45 221 56 33 244 84 205 64 178 102 247 173 190 193 208 75 175 42 235 50 122 124 199 234 47 224 238 180 189 188 86 212 187 198 106 72 203 157 155 194 25 182 226 201 31 
56 : 68 166 96 216 63 198 121 244 234 75 97 158 178 40 154 48 138 92 123 145 44 47 139 205 102 191 141 108 238 131 227 27 185 32 153 208 33 187 140 103 107 236 215 132 245 42 207 38 189 113 84 235 186 60 228 231 144 89 217 142 98 127 82 146 53 28 203 243 137 182 36 
57 : 118 127 113 104 233 117 165 166 201 63 121 75 179 207 105 226 146 34 106 198 164 152 60 66 236 84 218 79 151 33 42 52 173 44 85 214 169 73 76 140 205 144 245 221 244 29 68 225 130 183 110 154 159 190 93 125 100 210 228 92 246 35 108 124 120 126 129 61 30 119 58 122 133 83 46 242 156 193 38 74 143 26 168 208 62 97 196 81 230 
58 : 228 73 247 140 77 222 51 162 104 132 246 219 40 196 81 181 89 46 106 236 221 75 167 120 149 110 90 143 205 101 43 244 121 138 185 175 67 83 97 223 38 148 135 192 194 203 200 163 94 186 134 119 153 240 154 226 166 245 113 114 117 54 130 70 229 41 170 124 141 71 72 174 155 66 36 93 160 30 190 125 31 201 248 206 95 215 208 213 100 176 37 147 27 78 225 102 52 65 235 109 63 111 146 50 184 183 165 198 151 39 103 150 231 242 107 62 180 218 58 108 249 
59 : 150 236 151 147 227 216 48 42 112 225 110 126 77 145 136 116 245 84 96 217 59 122 195 103 134 166 28 213 218 85 91 209 55 199 186 223 72 240 246 46 93 114 239 173 212 192 222 131 184 117 144 57 49 113 81 51 45 193 40 226 201 88 204 194 82 41 141 64 185 211 215 128 214 189 200 35 156 63 108 162 180 118 198 135 79 168 71 67 52 176 125 62 
60 : 181 249 121 212 175 136 41 147 234 248 142 44 241 216 221 67 203 164 184 146 152 95 172 165 61 125 192 117 90 133 213 88 25 33 27 106 189 183 180 230 26 119 197 143 243 231 45 188 128 208 245 127 166 186 237 48 157 
61 : 65 163 161 206 209 174 220 175 99 195 101 102 60 219 118 25 237 151 94 157 40 39 88 93 213 44 141 126 38 42 104 114 244 153 185 208 148 79 172 130 224 170 214 125 225 36 97 232 154 202 35 231 89 197 66 186 84 48 240 54 81 52 228 37 117 49 105 74 196 235 201 26 83 221 103 110 123 215 100 57 53 166 243 158 210 245 63 29 191 138 135 85 50 30 178 242 177 127 183 156 56 180 80 233 32 134 171 164 146 90 194 169 
62 : 64 186 245 33 114 218 162 248 48 50 95 78 35 113 174 210 158 156 53 128 150 229 160 247 172 187 182 85 32 141 30 130 99 71 58 226 109 41 153 177 236 63 100 73 234 72 75 149 193 36 57 212 111 74 61 224 91 31 227 223 143 118 219 204 197 127 119 97 87 146 46 104 47 79 225 89 83 228 34 45 142 108 203 152 161 176 151 208 209 117 139 49 178 92 28 164 37 54 56 194 69 217 154 238 183 82 196 131 201 222 
63 : 187 71 30 168 195 194 202 180 53 143 44 235 242 102 249 217 58 129 179 125 214 134 126 146 225 31 100 155 148 115 131 89 113 41 199 240 112 189 172 118 29 84 233 28 152 159 61 32 215 42 88 203 70 200 206 56 97 182 40 93 117 162 156 244 224 43 114 120 104 140 197 109 170 245 216 121 67 51 157 238 204 135 201 165 74 127 46 96 226 116 191 110 207 59 34 91 229 82 138 183 107 72 177 
64 : 175 52 245 199 70 49 115 165 225 216 230 37 121 194 192 235 152 161 188 185 122 79 118 227 243 220 134 144 131 208 48 214 94 116 140 55 217 142 30 222 206 104 157 135 31 249 239 
65 : 50 90 168 118 106 59 145 172 75 209 214 161 186 236 182 183 123 146 89 245 73 163 52 37 243 117 29 211 56 49 57 96 147 235 51 170 244 150 134 97 101 54 227 166 
66 : 236 91 123 95 219 237 134 217 197 178 69 115 42 171 44 242 195 32 235 48 206 106 152 164 184 33 120 60 85 228 232 121 226 207 170 203 109 88 245 70 90 38 127 57 196 150 98 
67 : 122 212 36 33 39 76 90 32 103 102 214 50 179 249 117 222 164 205 131 53 91 52 145 203 239 143 200 174 105 89 85 197 151 226 245 201 231 59 73 156 137 120 153 159 
68 : 105 55 227 203 198 167 46 146 226 191 213 177 134 204 199 234 37 121 90 240 174 231 189 164 125 
69 : 166 196 104 126 34 162 169 159 130 216 51 245 215 66 120 134 183 239 30 203 86 40 102 99 190 188 113 103 114 176 174 79 191 76 91 32 226 
70 : 162 65 161 79 60 104 62 48 204 216 184 34 64 36 35 108 54 110 159 83 223 145 193 212 149 166 132 56 246 188 220 240 228 115 154 141 209 139 70 146 185 98 150 197 238 189 101 137 91 198 217 44 211 218 181 136 133 45 93 151 103 199 96 190 194 90 175 201 180 111 208 226 167 169 
71 : 180 219 227 90 220 245 176 88 27 204 99 208 189 48 28 95 67 111 214 129 132 193 194 64 240 223 139 115 109 200 218 121 171 216 145 231 131 86 173 104 152 160 234 43 192 182 65 229 73 196 66 157 221 222 37 72 233 174 
72 : 68 99 41 139 72 148 151 108 94 225 32 80 178 90 117 249 247 118 81 241 136 221 223 134 162 122 230 172 120 
73 : 62 58 32 190 146 235 212 206 155 183 63 99 234 184 38 238 221 232 163 49 35 126 85 214 110 87 51 100 179 31 220 173 108 200 124 178 79 25 36 245 52 211 199 121 223 172 45 93 29 127 152 209 39 106 187 142 243 118 147 123 145 77 30 239 67 136 225 114 151 113 57 198 196 115 105 144 128 219 97 116 193 33 170 176 73 186 197 241 248 41 103 112 130 149 182 64 224 102 181 88 72 83 
74 : 151 179 123 69 81 196 135 109 34 116 91 78 56 85 130 120 88 75 157 105 29 186 225 215 36 221 149 219 195 63 41 61 96 82 197 165 164 40 53 110 185 154 168 170 152 192 140 38 156 146 226 191 238 119 242 113 208 190 182 73 72 175 48 231 27 111 86 90 153 103 141 174 94 33 45 39 161 87 240 60 42 245 76 100 127 213 55 98 183 159 237 188 198 248 31 178 32 139 
75 : 79 82 61 96 226 100 191 249 160 228 202 182 35 108 78 127 169 217 112 104 235 107 154 102 69 121 221 176 77 200 126 122 147 73 246 118 113 208 215 231 90 120 128 50 158 38 196 189 141 51 119 138 54 43 129 60 184 149 74 37 49 165 103 125 198 75 140 194 210 72 136 203 145 185 186 111 142 25 201 87 159 209 173 114 68 80 70 233 52 83 180 236 55 187 204 
76 : 204 203 160 235 134 240 36 26 164 105 233 121 173 89 176 147 159 175 81 237 186 199 177 151 150 170 85 118 86 71 31 162 189 120 225 182 103 58 33 248 64 239 41 40 111 115 80 130 179 149 207 219 104 198 78 127 213 42 
77 : 178 48 186 137 240 245 55 126 122 49 185 168 142 101 75 123 164 219 47 195 112 95 80 121 218 223 53 124 143 42 157 174 34 29 103 176 212 163 78 228 128 206 239 172 199 65 232 173 105 76 181 139 41 58 72 216 200 248 188 160 96 60 249 204 79 231 162 114 120 61 54 213 97 56 44 111 67 51 104 64 125 35 147 179 207 26 159 109 110 182 73 106 198 165 99 
78 : 211 113 136 242 208 98 40 35 140 27 114 126 47 160 233 124 45 221 100 219 170 25 72 86 99 224 109 200 234 65 116 239 141 228 154 212 128 227 33 122 205 101 75 73 190 244 89 165 132 119 213 125 97 104 173 188 53 194 50 142 
79 : 172 104 86 79 191 136 222 180 120 117 95 99 171 105 77 51 156 154 223 101 147 127 90 140 93 92 246 45 139 115 69 225 236 188 235 145 82 204 72 170 244 98 144 50 61 46 83 25 160 245 198 177 228 232 91 116 75 63 135 56 94 143 227 153 141 213 52 195 179 229 184 220 100 55 190 112 124 84 237 29 80 48 113 103 102 150 39 60 67 239 231 42 176 138 125 49 54 109 28 37 162 96 118 81 36 32 62 158 164 194 
80 : 236 172 141 143 205 26 201 140 98 134 169 59 179 174 203 189 31 44 211 86 147 42 36 153 188 225 92 159 111 237 191 246 145 85 90 27 202 173 55 76 243 240 249 193 
81 : 131 129 144 84 55 81 216 60 184 158 119 136 102 101 26 79 70 29 180 96 210 37 214 205 115 66 89 243 135 193 
82 : 227 89 79 35 30 129 237 115 248 120 58 60 82 170 159 205 150 209 238 200 61 54 65 168 114 144 92 85 183 91 195 38 90 47 136 189 220 64 233 107 229 154 239 172 198 100 158 148 127 223 141 97 208 221 249 99 80 69 32 111 131 123 28 27 52 242 57 74 217 68 247 81 132 103 234 203 162 175 33 214 146 126 236 94 152 190 164 
83 : 72 39 154 139 28 86 152 50 142 59 187 97 33 241 124 182 156 174 193 41 67 52 192 112 199 157 223 144 101 107 69 82 49 80 98 198 179 46 129 114 204 167 229 53 27 71 91 35 58 140 127 175 63 123 200 248 73 148 116 81 245 147 143 243 149 183 95 181 239 228 196 70 211 173 213 232 38 122 212 105 164 
84 : 42 91 166 127 228 122 224 187 51 75 146 53 215 55 126 154 244 99 172 88 141 240 222 118 56 245 223 213 192 69 119 137 101 173 219 104 170 39 208 25 232 152 241 182 30 243 132 236 207 45 178 174 70 142 159 81 48 72 190 162 199 64 221 35 185 196 65 108 133 54 
85 : 99 167 200 235 59 65 27 69 220 32 239 68 72 35 244 201 190 129 223 70 216 186 131 103 74 107 66 63 64 144 219 37 233 180 246 214 196 109 84 227 179 248 120 217 218 113 134 101 229 173 138 116 135 128 112 118 234 121 213 42 44 228 133 49 111 73 38 151 243 61 199 137 62 52 178 29 247 150 185 91 191 210 125 115 102 149 165 92 81 110 119 193 147 183 136 236 206 139 83 31 40 39 98 202 160 189 163 177 28 238 53 88 222 95 122 205 154 245 
86 : 248 140 113 211 50 52 128 41 220 194 175 151 178 206 155 173 189 126 66 118 132 68 238 209 56 195 25 48 226 60 232 59 228 37 236 120 62 109 224 91 161 40 181 158 130 205 150 243 36 35 74 73 70 186 212 185 149 28 227 217 116 104 44 184 183 231 86 219 112 27 32 222 163 152 154 99 223 148 167 136 87 93 160 49 235 38 67 207 215 123 47 169 100 134 42 124 65 55 45 101 242 131 174 64 159 234 61 125 76 110 157 177 83 111 225 229 
87 : 74 53 169 62 118 114 233 159 73 48 170 163 249 98 203 234 218 182 232 140 135 40 64 162 119 157 134 91 121 131 138 70 160 176 36 29 105 99 242 248 156 112 86 190 59 209 149 183 57 33 220 172 124 167 65 243 81 56 225 193 95 51 76 237 54 174 194 26 239 199 129 181 115 245 66 46 83 184 139 210 127 155 38 137 192 67 168 213 42 106 41 94 125 189 206 188 238 52 186 128 179 130 87 214 150 202 71 97 61 222 224 80 50 104 211 200 28 191 226 101 198 103 204 
88 : 26 216 93 194 159 209 34 107 167 80 131 56 184 186 204 46 226 178 59 31 104 154 116 205 103 179 144 49 135 140 117 239 96 28 58 249 84 188 207 119 130 47 118 161 61 48 163 81 86 228 199 231 212 68 196 143 138 169 39 44 174 124 244 155 88 148 152 74 113 221 41 146 149 220 145 77 225 190 187 197 185 54 242 109 233 132 202 137 218 55 33 214 158 72 
89 : 59 158 175 42 108 173 168 169 88 101 43 36 70 210 164 217 248 67 69 182 206 159 198 221 128 241 133 246 123 71 185 99 134 63 89 202 35 218 127 192 174 180 126 197 243 72 145 44 100 105 155 48 114 146 215 50 26 150 157 77 46 74 91 234 82 231 132 227 28 121 84 244 115 117 106 90 151 103 143 79 220 152 209 191 208 194 160 116 98 141 41 214 81 207 135 52 204 
90 : 144 231 97 136 244 194 242 161 52 75 36 92 37 61 171 94 127 173 80 123 233 185 39 168 74 229 147 146 90 232 243 131 119 122 107 217 209 
91 : 162 33 28 227 100 86 241 112 87 36 32 71 181 192 177 26 165 155 64 75 193 200 237 180 144 211 130 69 57 173 151 166 244 82 222 49 175 186 29 240 205 98 76 229 78 230 121 
92 : 116 238 29 190 197 180 245 232 199 158 121 170 188 31 183 74 182 247 50 90 131 205 214 117 233 97 45 156 194 61 46 65 106 175 100 37 242 231 157 220 130 235 75 140 47 207 54 142 202 80 93 28 66 42 187 237 234 89 223 244 108 145 43 169 40 88 196 137 161 162 120 56 91 70 179 84 227 215 135 72 32 167 148 126 41 219 112 178 216 195 185 248 181 171 221 228 67 151 209 125 176 71 141 224 119 81 222 146 236 132 210 149 144 60 95 204 62 206 217 172 
93 : 177 81 185 154 135 98 226 244 224 103 150 91 162 69 200 208 88 124 125 26 216 100 235 157 43 155 112 246 28 147 206 167 214 76 118 209 184 73 144 99 211 93 158 172 36 165 156 161 198 169 219 205 180 86 245 108 85 191 
94 : 195 111 178 179 174 230 137 241 164 248 151 116 214 199 131 210 92 225 158 112 51 212 142 80 35 48 203 86 36 96 30 213 197 49 61 71 69 45 93 167 44 152 41 84 59 180 126 196 66 232 143 240 55 236 201 70 194 27 46 238 244 43 125 168 110 33 163 38 103 243 121 223 171 172 74 159 177 221 156 94 128 97 130 
95 : 43 80 143 88 34 117 130 57 72 179 70 136 236 65 225 116 108 140 118 173 98 79 95 31 224 111 160 147 210 146 90 249 69 89 40 149 37 223 174 50 148 58 197 159 36 204 195 161 192 55 228 198 104 60 151 63 239 112 45 144 208 
96 : 187 110 221 48 179 125 35 81 183 205 240 248 51 195 202 246 138 108 99 200 159 157 69 112 198 104 31 226 160 245 220 86 87 68 236 194 148 70 47 39 121 190 45 164 229 165 232 85 225 146 94 61 171 199 41 84 214 210 154 102 203 78 38 181 107 238 189 168 91 49 92 52 28 56 79 103 197 89 184 88 141 29 201 
97 : 191 73 169 62 75 51 176 230 124 32 156 162 120 198 63 190 200 236 243 179 133 128 96 49 208 108 71 132 82 188 209 28 239 38 126 221 121 88 216 171 205 163 50 109 197 125 234 150 33 92 168 37 212 159 187 122 85 118 115 164 90 56 
98 : 29 192 74 179 62 116 105 198 147 111 79 75 223 214 49 146 65 90 199 170 93 106 201 83 217 118 91 57 27 240 188 129 138 149 33 92 38 72 204 166 130 127 168 78 43 82 153 115 236 48 173 152 35 213 175 107 207 30 108 169 189 109 151 219 51 239 232 123 228 
99 : 227 118 90 225 137 97 194 237 135 51 87 178 133 34 174 163 42 77 106 40 147 165 146 152 169 203 50 74 112 216 175 37 200 199 43 205 38 201 204 116 115 139 187 131 158 46 188 129 59 189 244 211 232 
100 : 110 173 81 149 208 246 216 112 163 195 68 174 124 85 130 31 159 181 55 126 52 28 99 44 91 239 50 160 204 242 125 56 157 33 73 92 49 45 213 220 82 228 215 117 76 139 236 119 132 205 182 178 40 29 128 151 129 116 161 233 83 53 71 240 180 80 51 41 156 206 114 184 226 131 248 183 67 77 189 158 188 61 121 219 46 200 229 166 145 100 32 225 65 141 169 223 135 187 221 134 79 88 197 70 57 74 54 227 27 172 234 167 154 193 209 96 58 244 118 
101 : 124 205 232 112 93 78 190 36 216 213 105 65 76 189 182 186 94 46 88 63 228 165 49 104 125 220 60 54 208 225 84 238 69 166 175 200 35 92 27 139 229 155 246 170 144 217 81 53 149 151 119 201 41 147 146 120 204 142 122 28 132 247 89 109 62 156 194 38 47 168 243 25 61 234 96 187 212 115 30 183 40 237 85 227 153 73 244 34 107 223 233 150 50 181 37 148 108 242 70 172 245 99 
102 : 103 166 117 149 145 135 40 105 205 210 243 213 167 28 123 221 37 141 202 76 27 112 151 51 155 170 180 107 89 200 153 29 163 127 53 106 246 132 181 160 225 199 238 137 195 115 182 94 44 247 64 136 121 227 78 172 140 194 235 139 116 92 192 223 46 101 220 241 129 33 197 148 185 198 87 191 228 183 91 90 174 206 133 114 209 222 26 82 48 178 159 125 41 118 73 138 99 215 62 211 110 184 124 234 72 67 193 85 219 134 147 36 190 74 38 88 239 75 158 237 60 
103 : 122 180 120 62 217 219 125 183 39 88 206 123 214 26 77 51 131 160 222 140 98 200 54 74 226 136 38 192 143 30 44 91 45 228 76 224 32 181 239 116 218 241 113 28 151 25 84 70 146 112 189 156 111 168 48 154 36 126 201 89 233 141 31 207 197 56 212 27 211 227 173 204 165 67 69 132 57 37 246 221 33 108 130 63 59 103 191 157 40 187 158 164 65 43 203 175 110 
104 : 207 84 125 133 131 114 239 97 65 79 134 145 35 141 39 108 86 162 100 44 188 63 77 202 105 150 165 56 140 82 99 106 48 190 208 147 109 157 172 54 177 67 163 81 243 183 152 247 85 159 232 194 210 90 199 87 176 214 50 55 164 149 98 191 80 222 61 153 117 169 193 226 104 102 203 138 192 184 204 144 137 101 228 235 231 223 241 92 51 
105 : 143 129 29 102 68 165 194 199 40 193 168 177 154 87 206 107 145 71 249 64 88 153 146 26 74 226 144 184 46 183 148 80 220 170 136 161 
106 : 185 194 239 110 113 98 69 127 75 139 62 205 57 207 201 77 178 245 159 188 42 51 225 162 202 136 64 27 
107 : 120 213 216 212 45 179 62 145 128 47 231 32 65 156 94 203 137 210 185 143 57 206 53 80 105 211 74 40 89 112 71 88 113 31 101 147 96 169 173 33 160 54 42 131 226 93 242 119 99 75 124 219 186 87 150 60 97 63 248 95 55 35 157 240 68 183 193 66 41 218 67 122 180 107 91 106 39 244 205 194 192 207 102 73 138 51 44 129 79 197 217 48 141 158 196 225 46 233 85 201 232 221 220 34 238 37 246 115 
108 : 234 145 156 115 218 154 143 66 224 170 51 121 142 236 151 88 203 200 56 112 95 175 155 108 197 195 103 25 239 229 40 70 129 110 42 99 241 214 75 208 228 34 127 158 148 124 227 96 232 116 189 173 35 107 159 84 90 31 172 166 94 80 87 28 153 91 93 136 81 212 98 185 140 53 132 104 33 196 128 138 109 221 248 237 231 187 123 157 223 163 
109 : 237 53 130 121 159 70 81 223 192 188 108 34 26 217 40 175 235 126 71 27 243 184 72 231 168 181 131 113 51 246 239 224 54 84 50 229 249 244 124 115 122 93 228 214 117 144 92 87 58 110 35 61 189 236 48 57 178 190 209 196 106 151 112 234 161 183 47 135 125 42 149 90 49 109 142 202 88 200 195 164 
110 : 52 55 62 187 133 83 128 158 182 124 130 209 231 79 114 72 111 27 217 56 198 126 195 225 175 147 206 86 120 190 37 108 63 70 65 247 127 237 122 66 179 90 109 152 184 176 45 172 192 242 208 38 178 57 125 136 202 73 241 171 229 197 47 244 219 148 160 118 67 226 223 246 204 245 174 239 151 155 145 106 248 43 215 100 207 36 97 119 39 40 107 196 54 34 135 142 77 
111 : 104 245 191 236 204 70 147 110 53 169 157 41 219 30 52 121 132 134 32 232 176 86 160 78 34 227 138 150 117 38 119 244 73 190 203 56 220 68 29 228 180 69 28 60 33 136 50 178 231 48 79 200 225 115 129 131 210 31 166 212 75 158 49 92 109 42 187 46 51 74 234 116 226 107 89 84 103 127 27 163 159 123 151 207 58 25 229 101 45 235 125 64 36 181 177 211 77 54 174 126 168 113 120 223 164 91 248 44 243 172 
112 : 181 123 58 170 50 63 145 224 131 98 108 137 126 113 85 211 201 236 176 204 159 245 74 135 82 
113 : 125 201 148 235 193 243 161 144 110 133 62 241 159 247 162 63 92 78 128 95 57 61 91 194 167 158 115 43 42 112 205 
114 : 30 70 96 249 248 35 76 53 143 183 246 73 198 84 47 134 32 50 120 37 199 113 160 177 97 210 82 83 52 171 201 99 36 222 208 156 75 51 103 164 244 227 247 133 85 33 45 155 89 179 81 118 172 46 158 211 200 218 65 206 202 87 163 49 129 184 116 220 105 119 234 107 78 147 106 26 195 140 149 235 141 79 204 102 72 189 40 123 135 205 62 122 185 153 167 31 
115 : 117 244 140 122 141 26 71 27 163 166 30 173 153 52 187 193 85 92 180 53 156 81 220 49 159 102 192 61 225 239 94 221 196 123 168 228 200 230 100 164 218 103 157 247 46 188 160 194 136 116 199 41 227 37 243 
116 : 234 196 67 192 248 186 77 200 27 218 168 175 145 81 190 56 84 70 164 170 201 249 60 212 99 73 204 86 65 171 123 46 110 63 25 36 35 130 96 93 42 40 178 45 
117 : 228 208 108 218 197 88 77 130 63 140 201 72 221 78 114 125 242 104 151 211 149 28 220 236 170 143 193 79 109 100 187 152 155 227 248 212 135 105 231 246 189 148 186 198 70 126 205 188 69 84 191 27 118 232 58 32 107 120 225 194 199 165 59 80 98 
118 : 109 151 148 181 201 73 41 221 64 88 60 208 209 126 139 222 111 229 205 40 35 146 33 149 211 204 38 217 248 147 45 123 101 84 177 70 66 207 155 112 162 36 169 144 76 238 194 245 185 131 
119 : 33 249 61 223 86 232 192 127 154 121 143 65 203 101 187 160 70 94 133 190 46 62 119 90 214 201 225 34 57 205 146 237 199 239 81 48 188 151 217 149 165 104 248 73 194 113 26 135 54 210 60 244 158 110 196 173 172 42 49 238 246 87 178 168 150 144 186 100 148 221 130 164 53 182 114 243 93 63 170 115 206 240 142 97 132 167 75 108 32 191 131 169 31 35 112 50 37 83 208 233 245 230 166 180 161 117 145 235 193 95 
120 : 136 198 133 182 176 206 74 114 68 130 78 53 67 153 225 150 183 166 230 54 32 209 65 31 236 200 214 45 179 81 43 196 239 28 33 193 
121 : 203 139 117 145 131 187 50 63 123 229 214 185 41 121 169 199 109 146 25 188 113 65 114 110 76 88 111 90 226 47 176 26 
122 : 122 220 53 64 67 68 184 94 248 63 35 54 237 36 233 230 234 164 213 45 156 97 243 211 171 207 130 148 208 188 77 58 186 161 74 123 28 101 136 30 196 39 37 142 129 113 131 49 38 162 151 134 166 241 193 108 191 190 152 44 83 204 225 239 126 210 119 92 222 127 66 42 128 182 173 98 163 60 231 177 244 62 51 205 175 46 65 120 118 32 90 195 135 221 183 26 96 179 109 227 
123 : 56 171 39 106 230 29 70 78 172 167 192 176 162 196 203 133 131 209 66 241 104 130 99 100 229 161 139 208 215 142 63 42 132 206 222 121 101 182 103 72 141 169 225 98 27 89 149 69 239 166 90 187 199 115 134 40 124 37 186 127 200 51 216 236 33 32 202 126 210 128 191 212 154 46 244 77 175 183 75 108 96 79 220 85 110 137 240 145 91 117 151 122 102 114 54 38 159 223 95 36 163 41 221 185 
124 : 159 125 167 31 62 40 172 114 32 29 131 142 36 237 239 95 204 41 227 57 169 248 150 82 226 118 189 241 127 243 79 72 117 122 201 161 111 143 240 186 91 69 101 49 173 45 171 174 65 88 212 134 196 149 97 126 33 39 213 247 107 206 133 37 231 225 164 170 179 53 222 68 207 119 214 216 224 35 
125 : 86 91 191 179 145 42 131 157 79 247 81 96 194 51 241 36 25 180 173 166 49 146 219 212 68 134 140 56 172 85 115 82 122 144 46 32 137 182 43 149 105 168 113 185 50 153 143 59 53 225 151 218 104 117 133 207 94 106 156 139 123 
126 : 76 86 55 139 151 144 170 201 105 242 157 246 174 224 206 83 138 25 184 237 215 66 149 199 247 52 101 32 26 88 119 84 93 232 40 78 133 36 126 154 234 181 168 222 127 159 172 100 123 148 120 219 189 192 49 183 118 103 81 150 27 51 196 227 
127 : 106 134 144 125 36 45 37 108 200 154 97 145 117 62 179 202 99 173 192 77 126 227 139 40 119 188 113 217 64 120 74 131 98 197 167 210 80 87 215 199 83 164 55 
128 : 95 150 84 33 68 38 126 63 43 119 148 100 105 28 204 155 146 54 34 66 131 58 98 246 214 106 152 70 25 36 78 132 178 89 188 110 182 82 211 223 249 172 222 60 195 27 99 149 231 220 206 193 175 32 157 144 56 228 225 244 226 42 30 
129 : 249 199 74 113 232 191 158 107 212 61 144 134 58 234 195 211 102 72 25 125 168 230 188 160 104 139 50 120 169 57 109 129 190 196 47 88 204 39 59 200 127 164 198 83 105 46 187 68 85 80 156 45 38 237 231 172 183 206 207 210 54 78 248 77 155 184 226 114 
130 : 149 54 193 243 95 135 50 132 172 154 27 165 71 84 188 73 102 244 139 226 64 201 68 198 232 138 176 231 101 110 133 182 114 207 29 199 49 26 105 82 247 210 118 136 195 144 145 196 56 237 203 156 42 137 72 179 200 168 58 157 236 191 41 37 227 112 111 206 81 161 221 148 152 31 242 113 215 39 140 79 51 103 70 77 75 34 158 186 57 213 174 143 225 38 209 184 78 
131 : 164 158 51 37 90 210 177 147 184 148 145 53 63 64 78 189 114 87 69 152 116 118 122 66 103 61 214 236 107 230 212 237 242 244 112 108 181 180 228 234 194 224 55 80 70 67 85 143 223 31 139 183 219 94 105 171 186 182 56 83 25 175 151 38 248 33 222 215 40 240 113 247 57 32 220 163 190 62 92 41 99 135 141 153 160 239 121 136 130 106 199 100 43 245 231 246 187 26 82 146 200 88 208 178 206 169 195 129 
132 : 94 230 189 236 198 147 91 209 108 211 101 129 102 166 146 121 71 196 83 87 50 35 136 58 98 161 73 132 242 183 112 177 238 119 157 225 34 117 51 68 26 85 176 173 191 243 248 
133 : 45 201 143 220 109 238 62 221 240 249 29 127 224 178 186 116 123 92 137 107 68 203 175 147 231 120 40 179 50 239 202 159 133 39 131 210 46 196 215 199 208 217 228 55 28 241 31 89 26 54 86 33 185 209 34 205 53 173 126 168 106 211 212 93 194 74 174 245 183 188 
134 : 243 245 40 209 236 135 145 123 131 90 151 101 87 110 77 96 75 126 213 221 119 190 144 150 181 55 177 158 160 85 125 139 155 207 172 167 31 72 185 109 52 65 68 182 122 70 205 148 249 62 47 103 89 59 198 78 30 112 35 130 100 153 132 149 152 133 242 29 200 217 117 32 238 95 216 237 94 115 38 51 43 223 180 116 220 166 214 168 239 66 121 186 134 225 233 49 183 234 137 212 194 74 232 192 113 86 69 247 92 202 71 39 28 53 204 163 157 228 36 54 184 191 48 203 
135 : 47 156 235 167 161 147 31 114 29 144 125 165 195 88 60 63 200 232 163 225 185 102 177 51 78 110 115 244 108 143 93 168 175 142 204 197 81 99 62 182 118 172 187 55 155 135 128 171 127 199 109 122 56 32 59 82 28 162 223 41 136 68 202 212 36 227 229 173 241 65 133 238 170 221 35 120 245 183 26 219 196 248 119 164 85 237 217 106 54 249 184 101 234 158 39 117 208 80 246 174 33 76 84 166 207 111 132 154 180 239 192 169 77 92 40 83 123 
136 : 77 57 101 74 248 193 205 31 221 184 154 87 98 149 194 144 52 104 151 93 73 27 206 229 201 65 114 169 128 202 94 71 148 59 181 30 189 188 117 217 28 125 
137 : 207 49 119 180 197 37 190 110 127 79 221 32 227 172 65 175 89 142 34 29 25 170 196 95 158 241 231 230 214 163 183 236 200 39 111 71 105 215 135 156 99 182 209 181 246 35 44 47 147 249 224 203 201 206 160 68 245 73 177 140 54 131 247 186 69 107 50 128 83 208 232 40 91 125 86 51 193 121 66 52 100 
138 : 138 114 184 107 31 247 91 69 188 66 246 61 232 104 29 49 195 120 113 105 59 128 210 244 224 248 158 179 141 123 164 227 140 27 111 245 218 236 143 150 134 55 76 162 54 73 131 238 80 78 102 243 127 228 68 192 99 72 53 
139 : 175 245 166 198 136 73 56 127 228 139 126 155 45 97 53 120 90 86 221 119 78 223 43 54 68 33 202 93 50 185 148 132 36 140 27 157 246 211 65 135 35 197 28 105 178 103 216 34 224 204 160 70 227 122 55 62 64 39 57 76 133 174 193 152 208 181 82 205 207 163 88 104 85 226 237 179 42 38 168 212 150 188 213 111 138 129 219 46 141 49 171 194 247 234 192 89 79 74 173 112 109 40 241 75 94 240 117 203 25 217 37 124 151 215 41 29 106 102 220 210 
140 : 95 142 160 156 61 45 89 70 126 53 234 51 116 198 212 143 177 238 205 114 106 214 94 187 37 147 97 77 215 172 82 235 99 91 119 225 112 247 93 54 185 204 118 222 237 181 131 146 211 49 239 137 32 152 38 213 109 129 127 43 55 175 136 111 98 66 101 92 223 149 117 231 71 161 65 90 193 232 
141 : 29 234 243 100 62 235 165 133 73 51 214 93 150 134 151 187 55 103 205 95 35 84 60 163 78 63 40 247 225 41 176 181 115 56 96 108 238 90 154 167 25 81 232 198 142 249 230 168 216 94 183 102 242 101 92 212 164 158 185 129 91 180 226 69 146 130 106 57 121 248 233 204 206 128 175 66 
142 : 80 221 126 63 71 182 46 211 161 173 176 183 94 78 99 30 206 47 38 54 144 89 101 127 214 152 235 70 236 141 43 49 61 98 33 170 150 179 106 40 165 154 96 27 184 76 129 115 200 113 247 100 32 60 153 68 104 226 
143 : 90 114 127 134 118 91 205 211 201 149 221 38 60 196 30 80 173 190 229 174 76 172 119 72 78 199 73 103 117 51 202 184 206 52 224 48 79 67 180 113 62 137 164 168 247 124 29 212 87 240 82 33 57 64 227 85 92 94 54 170 220 
144 : 104 246 106 119 61 193 107 68 116 150 125 130 40 70 180 94 199 156 201 211 75 148 48 240 186 66 127 161 57 37 231 213 51 54 33 134 178 214 143 41 114 249 113 165 184 157 83 59 204 108 218 
145 : 118 156 205 193 146 59 150 188 181 68 213 27 237 47 90 154 144 30 142 26 123 113 180 242 165 217 177 42 83 67 170 135 121 58 125 143 81 212 235 51 38 201 214 104 198 79 172 229 
146 : 128 68 50 222 210 151 124 81 137 242 199 100 80 150 95 148 159 143 41 120 138 165 176 175 76 164 56 78 156 125 109 34 54 243 146 247 26 218 134 53 29 220 70 62 149 61 244 139 84 177 169 129 187 59 229 135 75 198 154 228 52 42 162 44 163 77 51 180 161 147 130 33 167 227 240 67 182 235 155 74 126 241 99 224 66 197 114 85 236 184 136 152 94 86 118 123 96 205 140 46 141 97 166 
147 : 214 169 146 213 114 149 43 97 139 153 200 78 135 242 122 220 101 62 141 134 121 192 227 26 201 58 199 133 127 138 160 143 152 191 181 130 77 50 32 165 29 221 65 73 202 28 57 74 116 105 226 150 183 125 59 36 95 34 206 129 239 208 216 47 40 123 197 35 233 109 184 89 172 187 170 79 41 27 25 92 106 48 223 44 52 212 126 119 189 111 88 131 231 147 154 30 67 39 103 171 31 98 56 164 158 136 228 185 94 60 69 222 145 238 249 132 204 86 53 107 195 118 203 230 
148 : 155 185 29 137 229 123 64 37 74 196 87 34 70 44 209 108 236 113 119 136 151 75 128 102 230 183 249 133 28 27 180 138 72 222 153 101 26 30 238 168 96 31 208 233 111 172 47 
149 : 69 211 143 29 247 168 142 32 177 223 146 77 139 198 227 183 209 208 35 70 75 164 114 200 191 239 46 72 215 232 55 43 237 97 186 216 222 150 64 41 202 60 50 243 108 82 203 109 30 197 167 132 90 33 210 224 129 178 107 81 113 155 127 172 85 128 53 145 133 174 180 98 92 230 116 169 100 220 148 219 112 123 188 152 56 241 136 240 
150 : 140 189 206 234 50 212 103 220 98 116 34 142 48 173 207 32 106 190 179 122 129 94 240 156 136 65 248 238 35 170 231 46 155 225 215 33 97 89 105 201 187 167 45 71 31 74 90 194 164 72 118 183 247 121 237 93 157 85 86 59 134 222 52 202 63 219 199 150 192 171 242 146 76 223 41 243 43 208 210 211 37 79 228 176 96 75 88 119 149 184 229 70 44 36 145 221 191 39 95 66 124 185 144 165 239 40 67 227 236 130 55 153 114 233 113 138 151 
151 : 81 222 40 70 53 230 94 140 102 38 169 211 50 130 141 220 205 217 118 212 239 67 181 122 107 33 196 152 231 234 186 158 104 62 131 59 41 170 58 114 241 219 100 173 126 74 165 151 26 182 223 83 240 153 155 109 36 
152 : 26 220 202 43 40 174 195 249 239 67 129 122 159 190 80 212 98 96 131 247 169 127 55 163 152 241 66 177 106 214 111 104 126 141 108 34 175 36 156 135 105 228 102 86 62 168 200 224 196 180 48 39 167 74 148 210 81 118 84 178 191 187 222 171 124 235 150 160 113 116 157 165 179 56 183 184 207 243 33 236 237 37 99 123 134 115 203 85 121 144 230 147 199 197 164 87 145 68 
153 : 151 173 36 152 41 69 214 132 139 148 183 77 209 122 29 53 76 225 153 229 154 96 107 180 115 109 26 113 34 123 233 102 32 124 144 95 167 120 44 194 
154 : 168 225 92 79 146 71 247 150 189 75 101 246 88 242 86 144 228 160 224 181 68 28 222 233 25 172 56 34 248 244 209 143 207 102 241 230 194 182 74 188 161 165 99 105 41 93 130 220 164 27 236 191 30 72 203 45 201 166 210 114 108 170 151 173 148 70 52 33 123 63 226 198 197 53 113 176 104 38 64 35 157 116 211 213 109 229 131 82 239 87 40 200 
155 : 212 236 130 235 214 215 119 156 79 227 242 217 243 105 103 233 145 159 173 31 123 65 172 83 98 35 126 
156 : 179 90 29 102 91 158 228 98 103 245 200 122 211 35 49 64 30 237 66 196 86 202 205 162 151 199 166 77 125 220 210 121 173 159 76 41 192 174 191 167 40 61 131 33 92 135 146 69 117 242 59 99 32 185 80 184 51 239 48 60 34 193 104 148 164 247 28 65 132 27 229 107 212 142 215 85 201 208 207 169 227 225 168 217 154 111 183 223 152 180 
157 : 94 140 65 201 125 39 229 182 129 233 107 96 45 128 170 225 222 52 243 209 80 175 214 85 150 204 77 69 186 208 138 161 219 40 108 152 56 64 196 92 72 179 183 154 166 88 120 227 57 242 245 105 174 168 37 63 119 144 83 249 213 30 181 192 100 157 36 240 42 142 235 173 133 95 146 188 41 148 118 97 205 93 124 169 232 206 145 132 61 158 177 178 141 74 114 193 241 67 127 210 86 101 216 231 165 198 25 130 98 73 99 234 49 38 215 172 156 163 211 160 76 
158 : 134 102 81 51 125 139 201 163 72 176 207 162 63 26 142 185 215 31 138 147 249 196 150 62 48 57 131 192 178 245 92 219 88 101 156 49 148 175 38 248 136 216 36 173 124 39 205 55 184 210 239 113 231 135 87 204 140 206 84 118 128 122 25 117 77 158 35 137 141 120 127 179 46 64 165 112 145 157 133 75 183 154 227 243 
159 : 140 106 211 43 39 172 82 95 169 120 87 179 55 30 176 154 54 192 146 243 235 93 31 237 133 143 247 215 110 159 26 231 119 101 
160 : 193 52 102 72 41 112 168 80 163 82 148 53 145 167 56 229 187 155 42 78 191 160 225 171 71 68 223 98 236 147 43 60 233 139 63 141 45 166 110 143 199 217 249 33 32 215 79 189 96 201 77 126 74 115 54 107 196 87 26 212 246 50 25 200 130 88 232 109 116 226 204 89 125 224 55 135 228 66 59 70 81 172 183 62 220 241 129 91 242 94 118 76 122 238 36 180 106 132 179 120 108 198 194 75 248 227 47 169 186 195 192 123 202 243 214 175 213 51 234 158 35 
161 : 237 82 53 99 63 224 128 184 130 202 117 133 60 186 222 33 119 155 105 30 160 177 66 68 185 109 138 245 102 194 192 238 61 137 126 158 76 147 175 142 46 87 129 189 220 248 249 136 31 246 229 81 135 48 198 118 113 34 52 231 69 143 35 235 170 145 168 132 204 218 26 120 116 228 131 
162 : 246 128 188 52 29 184 201 214 79 120 149 160 129 88 118 174 176 94 112 245 42 199 248 239 181 157 80 58 27 242 139 233 178 123 161 115 206 152 137 131 121 165 189 202 197 243 125 147 194 218 141 247 195 130 102 37 59 78 244 100 180 192 85 77 61 74 133 155 87 30 171 151 96 92 210 232 63 168 51 76 
163 : 156 25 169 108 145 92 241 208 65 90 177 216 50 235 118 221 191 40 44 147 109 188 213 33 70 215 
164 : 27 184 210 220 231 162 222 67 246 238 186 76 117 175 169 126 78 31 236 25 33 151 215 177 155 193 185 172 153 190 29 43 249 66 195 176 228 143 219 142 116 191 204 65 150 97 39 122 171 127 101 88 37 106 144 45 227 167 245 
165 : 155 205 29 201 145 217 40 101 218 149 85 105 132 220 183 104 56 120 136 106 35 111 66 28 188 243 191 108 39 152 225 99 180 146 38 247 25 139 221 69 68 97 169 34 125 143 168 245 119 215 153 54 127 222 135 92 57 117 37 171 176 48 129 107 83 81 67 166 70 144 200 194 224 31 133 80 228 52 244 186 142 62 229 63 74 173 47 87 219 227 158 95 30 210 165 189 197 233 206 141 137 154 199 249 82 43 182 79 73 198 45 151 202 100 162 109 41 91 190 86 71 193 147 
166 : 200 162 143 70 113 140 66 226 187 195 236 45 127 161 53 172 163 76 83 191 62 175 92 29 231 67 
167 : 247 185 30 97 182 248 212 84 89 187 193 62 119 202 161 65 177 249 93 190 66 99 95 147 229 234 77 141 191 169 82 85 160 86 155 237 208 35 74 129 25 131 64 104 71 178 153 110 96 83 107 149 144 203 128 139 45 242 49 115 29 238 27 38 32 76 223 189 48 205 126 184 199 60 194 54 26 225 40 132 226 222 183 55 52 91 51 92 151 44 69 195 168 158 142 111 118 125 166 61 219 46 123 211 233 171 33 135 39 159 109 218 220 114 150 102 213 
168 : 90 75 183 99 176 142 239 81 93 193 203 222 244 74 76 211 162 73 224 145 228 31 172 70 152 40 139 223 127 80 134 25 132 77 71 97 120 42 39 173 82 98 200 
169 : 227 117 150 180 194 96 100 35 189 179 81 243 224 154 44 182 134 184 37 246 216 32 218 238 26 74 108 71 60 129 105 57 202 58 158 223 66 135 212 203 87 33 173 132 95 
170 : 135 34 155 231 209 152 37 98 60 234 53 201 121 132 124 74 138 147 172 56 204 207 229 91 84 175 33 97 63 199 30 224 48 205 50 80 38 111 239 168 183 243 158 123 47 219 52 235 29 217 28 40 216 58 240 149 249 94 192 220 107 43 171 32 106 167 61 100 90 193 131 148 36 213 68 225 110 185 73 122 173 126 136 105 57 206 153 170 67 214 177 72 242 76 248 31 109 139 
171 : 209 216 245 236 213 212 106 177 93 121 25 154 100 138 117 195 102 49 47 203 68 88 64 210 144 54 130 186 41 94 168 77 142 27 218 200 63 159 172 87 97 199 158 111 225 
172 : 33 166 56 46 146 27 128 137 40 63 100 165 57 220 136 58 224 45 84 70 73 218 221 83 148 226 231 167 77 
173 : 130 109 74 166 68 29 142 34 43 211 230 174 163 206 214 35 200 114 120 108 136 123 78 241 115 70 188 26 36 146 102 41 218 249 113 30 172 154 66 64 32 169 180 215 89 178 179 116 118 33 139 103 170 177 187 77 183 81 212 80 245 39 62 195 193 59 150 243 128 246 197 152 209 148 144 119 182 99 57 205 50 217 55 73 192 110 222 213 151 138 90 176 237 228 173 208 156 60 220 69 45 
174 : 139 195 160 192 141 60 227 59 65 241 35 244 52 107 44 180 176 228 90 61 243 179 136 163 158 170 157 63 209 175 173 222 99 41 113 93 82 221 46 212 232 96 89 156 172 86 85 214 207 205 246 125 102 226 223 94 182 178 106 167 134 122 235 95 166 58 218 64 114 
175 : 151 69 103 98 108 244 174 214 175 35 76 213 60 50 91 127 195 200 181 102 90 176 36 179 210 109 218 217 55 33 158 212 146 199 34 208 183 219 30 152 56 160 
176 : 166 51 248 147 225 31 67 55 61 220 115 129 144 88 208 142 150 148 171 71 214 110 177 234 233 118 108 194 200 44 216 58 247 101 114 246 52 152 131 64 34 191 161 167 185 193 32 127 76 87 153 141 103 
177 : 47 99 207 188 202 122 30 213 110 165 208 163 91 195 244 242 191 58 105 198 151 177 197 118 42 141 97 102 109 196 43 37 212 134 90 186 236 101 64 149 116 166 63 246 145 117 84 59 72 240 172 45 
178 : 230 153 183 132 179 198 103 199 33 195 117 124 185 29 167 85 130 140 77 81 202 206 214 194 222 147 100 169 211 118 237 143 164 75 210 135 25 68 187 224 137 232 201 189 193 74 99 71 205 161 178 54 55 175 35 106 221 113 88 
179 : 52 233 220 30 26 45 188 193 32 209 84 105 164 190 66 229 228 93 135 81 214 168 41 71 176 27 198 53 75 33 157 79 236 136 163 124 72 238 196 35 42 187 39 101 36 200 211 
180 : 50 105 216 87 222 245 44 47 142 243 61 92 191 45 215 248 247 79 166 29 158 36 156 170 163 195 220 28 197 94 218 127 49 74 188 206 115 86 165 30 65 178 148 185 167 233 78 110 126 246 219 56 71 210 82 147 55 37 217 150 116 173 69 125 39 187 212 153 40 190 109 89 227 152 124 120 176 106 66 62 100 203 111 84 208 38 241 48 101 236 193 136 119 99 
181 : 158 150 135 108 46 74 114 155 168 44 50 42 48 209 186 210 235 101 69 31 89 70 228 128 61 169 163 233 201 204 194 
182 : 141 151 142 25 243 232 205 79 89 169 131 67 63 114 42 126 75 180 60 190 88 109 132 33 188 148 59 57 77 164 112 118 26 116 70 222 119 210 86 181 71 35 212 47 155 72 100 127 34 249 117 31 135 220 122 52 172 64 66 158 32 87 184 160 137 65 196 81 157 50 94 124 235 115 200 113 136 162 73 93 62 
183 : 137 204 140 135 64 214 92 161 198 61 154 151 116 164 159 178 169 111 105 177 39 122 181 146 80 125 49 148 31 68 126 158 109 245 104 35 233 248 188 243 206 166 205 217 238 223 183 228 246 57 63 170 157 118 213 73 132 120 106 29 82 155 78 168 81 97 153 70 55 196 77 50 231 172 195 202 160 144 75 108 230 79 244 103 99 203 249 69 134 26 192 59 143 220 74 207 83 176 239 227 65 28 52 145 91 189 224 186 45 219 76 130 235 94 128 210 95 37 93 226 27 162 
184 : 61 42 175 101 171 95 138 127 69 170 157 97 238 243 168 176 150 33 200 220 124 207 213 113 25 222 149 139 229 192 235 184 174 199 191 91 209 212 233 94 83 75 39 172 205 58 117 41 224 193 148 245 70 118 119 45 183 244 182 208 135 81 239 230 116 85 190 88 100 237 248 51 232 162 
185 : 103 122 105 64 116 162 160 27 186 62 140 120 193 171 73 95 153 211 143 60 209 218 109 175 44 176 194 39 214 126 152 208 165 177 131 127 56 85 205 137 238 157 128 112 221 33 133 139 192 124 224 185 237 189 107 74 164 121 147 52 233 104 132 32 54 200 49 123 118 242 136 235 145 182 93 236 172 138 212 167 220 117 156 111 146 81 201 89 106 248 79 184 75 25 187 71 63 217 38 45 69 115 
186 : 93 114 182 88 205 235 162 89 166 195 227 135 104 152 29 103 49 199 248 72 39 184 176 209 121 45 157 62 188 111 101 140 118 
187 : 211 159 166 221 104 216 154 70 169 133 134 189 87 67 207 150 220 213 153 66 118 222 49 110 227 132 74 235 
188 : 84 230 54 161 176 170 44 72 145 157 95 42 247 223 249 82 185 241 94 83 177 93 74 124 110 99 210 107 199 40 69 103 183 242 101 233 108 97 146 26 62 46 105 
189 : 136 237 62 248 121 221 52 192 58 245 92 93 199 79 246 83 208 42 214 43 194 132 239 249 205 28 211 207 234 228 131 41 91 226 210 193 137 142 241 166 189 76 160 157 150 46 64 38 148 154 135 155 159 114 231 47 219 100 163 162 236 128 25 215 140 204 44 247 106 198 117 218 181 89 98 240 209 
190 : 56 201 94 182 162 241 219 237 233 110 213 55 44 98 156 35 30 126 66 167 215 93 46 105 81 114 137 150 157 153 96 95 158 38 170 159 249 228 113 155 184 221 231 224 160 139 164 197 47 131 52 42 212 129 214 97 37 72 217 176 222 227 58 73 180 154 175 168 41 191 135 99 28 232 74 234 243 185 189 101 193 146 40 247 225 174 65 128 25 196 133 169 163 
191 : 193 41 188 54 242 45 155 161 89 116 90 173 154 120 94 133 83 232 243 25 153 128 142 127 91 195 145 102 105 249 79 228 49 196 143 207 202 206 211 166 158 77 203 76 189 198 191 69 212 246 114 75 110 81 167 62 135 216 30 241 134 97 137 73 147 39 230 178 180 124 159 233 
192 : 186 139 237 93 113 151 176 182 165 148 214 103 205 142 210 79 143 197 91 109 83 81 94 26 68 97 201 75 162 192 60 179 76 25 158 203 86 77 199 64 200 104 52 171 159 157 150 218 88 206 65 146 101 228 43 196 
193 : 141 171 195 104 189 33 242 91 236 198 121 35 132 115 155 111 140 67 169 201 202 154 184 238 209 99 78 234 182 37 52 102 167 127 41 103 64 227 243 114 136 43 62 214 39 65 138 90 199 55 86 159 208 68 108 163 213 235 69 217 204 126 59 142 218 128 232 
194 : 162 74 106 126 64 219 133 226 98 194 222 31 105 56 193 205 123 121 50 61 90 163 239 110 197 130 164 232 80 169 242 91 38 36 134 201 73 125 93 181 84 237 66 206 160 191 27 131 
195 : 127 48 155 190 195 28 52 133 34 139 54 207 99 215 57 199 146 168 203 32 61 87 167 33 176 68 
196 : 139 228 26 145 105 193 58 199 45 122 137 166 187 50 162 104 84 210 144 100 236 107 235 179 149 243 62 32 226 52 176 196 93 132 197 238 73 88 153 240 221 112 127 216 80 130 234 63 167 241 229 160 33 36 195 220 99 151 61 244 217 71 222 245 136 115 148 190 169 29 154 121 86 142 91 134 202 223 185 81 48 28 57 59 249 248 89 156 215 98 37 201 239 106 44 168 214 53 39 152 178 218 31 66 184 97 74 225 
197 : 80 207 166 132 103 36 236 55 43 42 124 66 69 72 202 214 84 134 154 220 238 77 215 223 106 104 47 129 184 118 125 100 46 83 62 221 149 212 73 190 209 243 45 245 85 153 174 192 217 82 65 44 211 71 74 249 35 156 122 193 40 201 115 157 146 93 213 179 231 144 33 141 234 59 189 172 163 91 219 121 242 128 137 150 90 123 235 196 127 86 203 136 51 70 170 64 227 133 247 229 186 88 199 159 177 92 230 32 
198 : 204 98 132 189 190 61 65 223 207 64 143 49 74 56 179 199 128 70 214 183 158 36 104 92 135 139 231 151 237 142 163 29 224 242 47 44 226 239 107 197 72 31 168 212 159 58 246 169 230 161 26 193 45 218 201 86 167 155 154 205 88 185 
199 : 34 153 213 87 212 130 100 26 216 209 69 78 28 199 53 122 232 239 56 57 55 133 202 223 243 248 176 86 119 43 158 38 185 25 156 81 75 96 64 99 218 47 27 
200 : 96 205 116 35 121 153 184 246 183 211 57 168 230 221 243 63 208 152 179 199 62 89 25 234 112 140 228 27 88 32 177 68 203 51 113 45 
201 : 191 80 147 144 248 167 91 134 70 50 32 166 204 86 101 228 25 100 221 66 130 160 170 139 183 28 36 119 84 90 217 107 140 176 154 227 37 98 236 196 182 121 104 77 137 55 171 246 69 61 224 223 30 201 155 187 131 142 152 165 157 49 200 159 173 43 40 163 237 44 136 198 218 60 125 51 189 180 105 56 63 185 57 
202 : 132 55 220 239 105 204 125 89 124 135 223 33 212 207 119 58 171 189 136 208 182 49 81 160 59 164 42 203 70 26 233 249 30 196 82 173 130 176 153 88 247 162 151 193 76 205 206 195 221 244 108 161 177 104 110 94 77 114 68 57 209 234 129 191 52 227 25 218 113 148 198 66 51 83 93 50 34 174 169 38 246 87 236 111 168 121 128 228 112 137 122 72 181 179 242 47 202 63 170 116 120 180 158 165 123 31 90 142 166 
203 : 97 117 179 50 69 132 171 232 217 99 234 245 124 174 149 45 189 212 123 230 91 128 146 88 100 238 139 78 75 55 67 204 235 63 
204 : 120 130 128 185 248 227 169 105 25 28 207 70 174 240 110 239 194 170 121 64 136 217 244 37 220 38 35 94 222 
205 : 145 48 29 34 50 65 236 208 109 175 113 150 90 71 144 132 94 64 228 106 151 139 95 68 138 199 164 168 87 198 245 74 160 130 196 88 248 46 82 180 191 121 40 218 42 182 210 220 231 119 229 56 39 240 207 70 172 60 140 219 115 212 54 32 249 98 91 103 183 41 47 232 223 184 195 27 114 137 209 226 217 234 244 133 146 96 214 156 206 213 181 142 188 215 169 100 125 77 149 81 202 187 171 63 76 85 25 33 192 239 105 35 49 153 152 
206 : 55 216 237 113 131 168 64 225 101 228 93 163 58 135 242 107 120 49 40 224 139 140 153 29 188 123 213 211 57 81 180 152 151 198 127 150 142 83 100 232 214 59 244 227 126 156 129 235 41 33 71 109 158 215 114 67 53 162 108 42 204 103 66 31 174 104 226 184 73 239 157 47 
207 : 112 77 37 107 200 111 87 224 115 195 31 137 201 207 206 48 222 104 188 29 247 44 181 114 51 99 131 219 191 154 71 229 57 213 151 133 237 102 128 117 30 110 
