0 : 71 89 116 201 50 135 140 83 121 115 242 236 222 197 190 72 186 39 29 160 76 141 62 173 127 177 94 58 205 136 162 164 84 194 169 118 168 230 90 124 234 207 245 195 161 182 211 123 200 156 49 131 247 163 52 217 226 133 223 25 176 87 100 138 101 212 192 130 171 
1 : 31 97 77 37 70 199 237 83 182 218 39 211 183 149 132 181 247 139 90 95 195 152 121 157 107 240 232 172 217 40 84 186 220 64 102 69 80 30 88 146 203 79 230 91 111 63 161 178 144 249 99 138 36 74 73 81 
2 : 60 103 85 210 181 137 66 25 189 142 163 83 35 47 158 156 54 128 144 95 154 107 37 59 71 82 172 223 125 27 119 145 102 218 194 165 133 146 196 205 131 64 105 167 55 236 152 110 78 31 203 109 248 
3 : 45 43 121 165 204 86 118 207 234 87 202 58 84 50 203 99 107 197 79 178 104 69 246 91 151 95 30 38 80 166 88 187 92 188 110 40 153 82 172 25 186 148 64 27 66 39 239 249 224 167 225 33 139 134 235 130 141 150 74 90 125 208 117 191 106 68 31 140 222 97 155 198 61 100 199 214 219 241 216 146 42 101 78 156 212 154 223 
4 : 245 176 137 41 62 123 79 133 221 38 223 164 222 56 39 238 202 58 86 84 30 195 185 32 110 34 177 100 127 201 117 196 63 103 74 214 66 99 168 116 121 216 157 107 181 111 248 249 158 169 114 28 236 97 160 189 144 108 45 104 98 124 87 231 
5 : 71 161 238 31 210 169 174 179 137 201 229 61 124 60 209 232 191 139 230 58 186 194 225 115 98 126 244 74 93 180 91 145 135 165 149 222 63 171 130 188 144 
6 : 126 72 221 175 74 168 167 105 208 116 118 166 82 129 117 155 102 30 154 144 164 110 224 81 76 176 238 172 
7 : 40 187 213 238 233 79 204 36 241 165 196 153 51 248 140 33 70 135 160 219 218 121 182 125 90 
8 : 89 81 146 116 33 170 55 157 173 151 78 58 183 121 222 124 27 108 50 119 214 153 172 207 181 31 84 208 68 67 66 184 131 241 177 91 197 176 156 171 213 
9 : 25 236 173 240 120 188 158 172 61 133 117 191 66 168 104 42 119 71 98 39 49 179 27 234 175 190 43 65 100 249 96 145 122 29 32 227 204 114 62 247 248 200 85 79 82 50 211 184 195 189 241 140 176 
10 : 225 215 212 102 184 52 160 209 115 48 144 60 227 195 181 62 113 155 142 53 129 190 41 238 183 231 224 37 77 199 164 61 69 45 189 125 85 83 205 197 39 198 241 32 135 187 188 218 88 140 235 95 
11 : 39 68 234 132 165 240 139 27 233 98 76 239 62 36 84 160 218 26 90 115 144 186 152 179 138 171 204 232 194 146 245 176 174 157 210 190 191 83 37 79 28 169 121 217 29 231 126 47 85 64 133 227 102 72 48 81 219 213 88 94 49 225 93 149 114 112 202 203 60 196 150 97 69 156 142 154 229 52 124 44 155 
12 : 178 40 245 211 117 38 190 146 244 123 133 129 233 217 59 91 180 243 116 221 228 44 62 140 90 
13 : 94 42 95 213 205 170 158 69 237 202 85 232 124 45 75 236 25 228 242 34 178 97 247 118 150 40 229 36 78 93 233 131 88 196 29 108 84 103 132 30 137 89 110 79 133 92 184 90 177 193 215 180 71 142 64 238 61 226 190 73 41 66 209 188 157 77 195 38 144 107 83 206 101 31 162 224 181 102 
14 : 216 237 119 133 48 226 118 46 233 45 239 109 131 26 150 143 58 156 41 159 122 53 123 246 236 214 108 189 161 132 178 32 64 211 83 146 168 179 148 35 220 61 232 65 171 100 204 172 36 89 116 140 167 229 182 157 183 
15 : 31 234 227 216 207 46 44 89 144 28 123 97 87 110 189 172 61 92 120 119 39 248 122 86 231 141 145 82 160 148 94 159 146 29 230 203 247 60 198 139 212 105 241 67 153 93 202 95 213 130 181 117 165 244 226 
16 : 73 155 25 234 198 218 88 101 90 93 149 243 31 184 183 204 50 173 62 203 145 113 244 147 44 150 34 246 238 191 153 70 142 176 185 125 159 32 229 247 118 200 215 148 220 107 224 109 212 162 103 100 98 211 27 87 135 41 47 206 120 26 51 83 222 188 160 
17 : 228 27 117 46 37 243 32 93 161 53 28 166 60 131 181 222 210 204 35 41 162 176 155 235 180 241 123 96 244 74 56 62 112 110 200 223 202 248 171 55 156 109 45 137 173 126 163 195 218 199 206 89 87 108 172 40 164 132 212 138 197 191 102 134 
18 : 156 137 210 114 103 117 152 223 98 43 204 35 180 203 239 222 25 157 58 177 124 185 116 56 246 191 237 240 144 66 118 201 216 193 74 39 31 143 149 45 97 32 84 195 61 247 77 249 41 47 148 186 50 141 105 226 231 
19 : 117 198 158 203 226 60 64 90 197 130 78 141 47 140 171 63 181 162 37 124 142 102 214 148 166 224 128 144 173 211 139 199 244 123 113 125 237 67 81 74 75 84 68 241 248 239 249 38 152 161 33 219 160 180 222 105 191 186 189 204 107 194 34 146 174 209 145 
20 : 117 51 224 67 101 182 139 155 100 164 114 157 249 218 226 174 116 172 38 71 156 160 46 74 50 34 152 173 228 186 135 187 232 43 63 151 245 236 111 129 159 189 27 231 134 89 138 192 70 149 175 108 148 131 105 237 52 193 190 130 86 
21 : 168 211 230 197 219 127 105 107 25 242 185 224 72 245 181 160 98 216 148 132 226 145 203 36 66 212 206 183 150 95 42 57 40 199 155 193 64 83 87 46 112 170 240 217 135 182 81 61 198 49 165 45 174 38 54 186 114 208 249 202 171 222 
22 : 178 55 169 70 173 42 182 174 27 68 91 210 77 104 140 175 204 113 158 33 135 227 214 132 97 
23 : 218 37 42 177 169 127 206 107 131 121 199 152 93 120 135 128 53 147 130 146 122 220 195 216 209 168 158 75 105 213 94 167 63 92 198 26 163 247 226 232 202 32 101 56 82 229 233 87 164 125 109 60 133 119 143 118 185 243 193 33 165 123 34 249 200 76 148 27 221 43 244 141 67 126 203 57 154 239 
24 : 177 136 39 179 156 217 31 87 122 56 205 77 98 69 193 168 101 208 44 83 196 200 227 180 117 202 163 108 53 143 173 75 186 239 139 154 118 229 147 203 29 109 43 106 130 166 165 127 188 189 46 185 74 129 145 210 62 59 236 64 97 219 155 84 144 191 197 66 178 141 65 73 172 91 102 60 170 35 164 212 92 
25 : 130 207 140 87 29 153 42 198 131 183 39 176 236 229 186 85 233 246 107 239 203 89 95 116 194 163 200 56 139 210 55 61 53 38 231 224 115 136 232 137 44 248 65 158 154 202 45 144 97 187 180 84 129 240 244 58 206 103 79 173 114 124 57 63 145 
26 : 137 238 128 27 205 54 153 57 185 93 217 115 146 78 91 232 35 167 29 70 76 92 143 249 72 123 110 71 171 55 240 198 105 248 53 230 192 
27 : 214 33 54 193 161 191 186 233 43 173 188 106 237 60 200 213 159 208 153 176 248 242 240 126 168 44 160 72 35 81 123 204 115 129 121 231 30 165 167 41 206 222 108 192 212 124 112 91 145 61 189 158 101 94 40 166 86 97 149 217 224 47 99 199 175 130 85 84 218 181 210 139 102 227 
28 : 138 191 131 137 83 55 98 248 70 121 168 212 96 214 182 240 241 114 219 25 111 108 100 235 84 148 
29 : 188 175 73 78 164 138 146 132 211 123 117 181 249 127 107 204 142 152 232 189 135 128 166 74 59 97 96 228 245 45 53 77 32 93 65 103 155 56 55 68 57 197 141 147 84 119 227 196 48 91 153 219 27 139 144 163 145 165 35 234 136 114 60 116 217 179 81 220 247 176 237 198 120 37 205 168 209 233 62 95 49 122 184 148 226 
30 : 28 233 130 147 224 204 249 75 33 25 207 60 229 181 46 131 117 73 160 241 199 162 42 227 30 186 217 244 35 173 148 214 184 114 124 119 106 168 134 51 38 105 45 245 206 170 52 248 66 111 44 216 78 53 136 102 127 43 151 115 231 176 40 58 165 220 71 31 121 243 161 50 129 203 183 166 107 100 81 49 242 
31 : 139 223 219 111 174 135 158 237 45 65 200 229 40 59 107 157 130 81 183 176 41 216 57 102 225 146 217 77 33 44 117 61 166 218 38 85 153 186 206 123 212 193 55 58 241 161 175 46 78 239 127 242 105 190 136 246 209 126 119 205 26 177 43 100 198 75 
32 : 51 52 96 118 232 171 105 34 124 224 156 27 77 83 66 89 220 216 169 130 177 178 187 188 100 184 36 45 243 157 194 128 172 61 190 44 26 167 75 97 213 237 136 141 64 193 245 92 113 183 59 98 43 150 33 225 88 87 29 247 72 140 37 217 201 168 126 173 108 165 241 147 162 79 155 
33 : 180 62 104 46 52 222 142 243 50 99 141 119 218 159 232 247 236 149 143 138 79 25 94 206 144 172 51 228 38 26 203 67 30 61 106 200 100 192 121 86 216 83 164 217 81 115 63 64 212 151 77 168 129 42 167 241 95 213 116 82 156 211 171 93 205 66 78 101 
34 : 114 94 189 47 192 80 164 131 203 76 205 69 159 239 110 224 165 112 246 236 201 57 229 72 85 62 98 152 74 195 78 230 67 148 136 199 154 115 235 103 126 240 118 111 107 187 206 30 233 58 64 102 100 196 237 77 106 211 87 176 247 161 162 134 232 60 99 50 249 177 32 49 113 63 190 
35 : 190 242 114 63 92 199 234 217 100 150 48 70 126 163 211 110 88 25 102 51 61 33 167 182 192 83 161 203 76 189 178 235 118 220 165 170 66 139 82 240 73 243 125 30 84 143 146 247 57 112 173 142 36 168 221 93 29 183 32 67 204 49 152 101 109 54 185 206 96 42 223 215 
36 : 191 64 240 163 118 146 33 34 202 133 228 221 196 141 70 238 215 96 134 198 194 201 224 123 164 167 45 48 184 38 99 126 102 149 226 124 80 150 152 93 84 101 66 182 172 199 246 71 153 155 214 207 145 151 205 42 178 234 203 188 55 219 227 26 248 59 85 169 77 57 119 81 170 72 46 130 37 95 212 244 94 181 236 27 107 31 
37 : 84 130 108 174 233 60 78 125 168 109 150 179 28 159 214 243 171 132 120 167 196 231 193 155 126 90 169 82 110 118 119 228 39 96 226 37 241 221 30 80 97 38 104 
38 : 121 174 35 131 190 49 203 157 210 218 191 108 94 134 132 230 39 199 40 100 62 122 126 34 238 93 70 142 169 102 158 87 173 85 124 109 81 176 99 60 249 201 78 156 140 
39 : 107 148 192 179 166 225 175 178 140 39 112 96 150 51 183 93 180 59 87 244 220 61 193 67 71 161 222 89 243 100 143 117 214 73 199 45 28 48 155 172 165 211 115 240 142 164 224 101 206 145 194 78 235 152 241 181 98 34 190 134 219 151 64 182 216 167 35 132 33 92 91 144 195 146 226 246 154 29 177 50 54 204 133 32 25 215 174 113 127 55 
40 : 242 137 231 215 158 133 70 153 71 86 186 166 171 195 156 206 159 129 77 152 174 58 39 240 87 235 213 55 90 112 160 49 147 131 44 168 36 232 66 187 74 179 72 214 226 136 243 207 246 111 53 85 127 91 
41 : 202 96 163 65 30 56 213 151 80 36 179 161 191 104 175 89 154 190 111 184 46 26 86 54 162 41 45 223 118 91 99 236 40 234 103 228 200 44 52 243 125 139 159 176 172 69 247 48 33 182 42 71 137 37 171 198 145 210 226 133 246 152 
42 : 208 209 72 57 164 243 31 87 40 76 95 42 141 123 219 173 218 213 90 61 108 175 168 177 240 157 82 222 234 207 179 58 130 49 152 153 91 185 155 99 182 226 199 100 132 84 160 193 97 245 93 44 169 105 37 115 129 244 191 229 35 190 94 65 55 224 124 
43 : 29 152 38 161 249 231 101 95 247 180 160 241 52 164 79 166 217 214 136 83 141 220 218 208 106 76 195 187 248 202 68 148 188 146 184 43 242 33 192 30 170 57 193 174 197 126 61 112 227 45 245 137 155 236 153 26 40 182 92 117 221 104 228 70 58 108 207 238 77 31 100 181 223 121 42 134 62 240 140 147 49 237 116 168 203 143 127 239 90 
44 : 198 220 117 54 209 141 148 239 231 197 206 40 189 228 27 111 97 71 37 226 69 235 219 205 136 42 171 242 185 50 222 145 28 151 63 64 105 192 48 177 32 106 188 73 66 233 130 169 207 87 243 227 236 84 52 39 170 74 143 201 179 157 61 200 68 154 101 119 65 108 123 34 72 53 155 178 113 165 241 96 232 245 128 176 158 
45 : 134 241 132 39 236 73 218 179 151 53 137 220 237 233 225 242 187 34 44 197 30 173 181 104 217 215 95 77 62 96 211 232 35 157 38 216 91 246 249 124 171 51 245 128 114 42 150 164 93 89 180 239 185 163 196 167 43 83 209 198 136 147 146 112 240 135 168 226 127 248 176 138 70 78 
46 : 41 168 148 121 63 229 28 59 244 27 145 103 149 159 177 35 74 126 240 236 65 216 90 169 212 129 26 68 204 93 115 173 189 214 38 225 64 66 223 128 99 198 49 114 164 191 98 171 75 84 122 186 203 70 219 224 170 130 110 138 
47 : 209 58 246 241 83 118 42 243 146 66 81 116 179 125 152 26 73 46 134 113 80 54 210 150 53 158 185 207 192 222 184 157 149 220 228 237 151 103 107 178 44 156 45 30 227 145 204 195 212 67 62 123 
48 : 228 95 45 123 110 116 82 190 232 97 36 135 248 90 58 158 144 153 178 140 69 195 31 51 211 34 75 229 63 238 217 196 169 202 192 88 112 106 155 152 128 166 61 70 74 68 131 220 102 57 100 41 201 147 119 89 42 48 40 246 94 93 133 239 237 231 56 208 214 130 71 98 105 142 223 83 138 28 
49 : 186 156 42 91 107 141 37 231 205 182 220 212 25 93 100 155 35 80 132 196 210 143 167 245 44 38 192 68 136 164 97 55 123 58 
50 : 209 114 125 89 152 49 192 217 180 187 170 228 34 69 31 109 193 101 111 65 236 232 104 148 139 201 98 240 130 151 70 85 72 138 124 199 177 
51 : 161 48 144 104 247 107 111 72 151 58 175 248 60 31 225 202 30 158 39 25 109 244 178 212 201 
52 : 105 146 168 160 138 171 217 200 107 55 247 106 230 177 110 149 159 33 135 248 81 249 215 219 151 238 77 173 169 57 153 145 109 128 35 108 117 68 164 222 227 
53 : 183 239 164 194 41 78 74 212 94 138 189 88 134 69 135 35 195 196 37 36 177 25 202 102 105 227 188 
54 : 149 232 197 223 239 209 173 185 194 233 210 238 216 190 45 95 158 167 138 40 177 215 66 129 131 67 213 141 235 110 28 107 226 108 56 176 32 53 29 117 111 119 114 36 62 43 150 64 104 245 143 41 163 60 165 225 86 99 54 135 48 92 97 220 171 206 207 201 234 
55 : 241 47 126 157 93 247 115 187 172 108 224 153 203 162 189 105 99 181 211 97 150 128 182 72 36 144 221 96 54 35 171 60 130 245 25 68 110 147 89 118 131 44 102 26 82 132 83 38 119 220 210 180 113 76 242 95 146 84 166 206 73 33 
56 : 137 197 43 173 195 217 227 162 49 161 123 211 231 168 56 187 51 31 235 97 63 183 82 199 32 244 120 128 181 243 156 67 136 105 103 37 50 236 99 117 140 166 85 167 171 239 
57 : 144 233 198 133 249 152 98 86 220 101 42 83 100 125 116 145 173 109 155 185 41 123 25 95 201 215 189 247 54 59 237 225 89 55 57 207 78 162 88 218 181 97 172 120 242 169 199 40 226 81 151 117 79 246 80 238 248 195 115 166 209 228 114 118 158 121 244 214 111 66 178 197 149 176 106 104 
58 : 117 163 47 84 231 166 188 148 75 249 139 43 238 42 169 66 172 229 91 202 100 211 232 210 189 182 27 127 186 179 212 104 34 190 122 233 161 162 116 216 67 137 136 227 223 82 243 33 114 135 240 125 192 218 203 220 119 32 176 134 38 89 206 204 173 168 131 70 178 69 71 230 245 160 126 36 184 141 44 195 121 107 53 219 64 
59 : 228 156 135 75 54 231 155 211 87 212 45 226 70 167 197 111 132 35 187 47 220 53 26 59 213 242 105 210 55 49 43 74 84 79 126 98 244 34 40 163 165 78 230 214 133 94 29 169 82 170 41 50 235 100 
60 : 189 34 77 84 86 102 202 116 176 155 96 112 104 107 201 58 126 241 177 235 239 117 91 106 208 140 55 120 196 222 174 185 82 193 44 210 168 218 212 73 89 
61 : 83 53 55 226 68 189 245 118 78 231 93 116 111 212 233 225 207 106 76 201 101 249 87 198 171 45 237 196 81 52 88 27 158 227 176 
62 : 114 180 190 72 153 60 184 221 154 64 167 34 81 183 244 214 229 121 208 56 195 217 74 130 144 80 164 232 42 55 191 32 231 78 85 223 161 35 197 99 234 95 138 65 66 199 58 51 236 185 141 53 192 105 122 159 61 194 156 162 249 246 233 171 68 155 115 230 108 240 189 33 125 117 38 50 93 37 109 118 83 119 
63 : 41 217 60 186 166 50 136 61 225 143 158 237 147 82 67 29 127 58 62 140 85 40 26 141 55 90 245 109 167 34 233 47 172 161 103 174 221 108 97 144 198 73 45 48 71 118 134 193 107 100 155 38 190 170 219 179 121 148 142 56 59 194 27 43 32 239 35 175 95 211 192 146 185 98 126 222 
64 : 78 173 187 167 107 53 202 153 54 59 238 198 87 146 76 30 249 209 179 91 89 148 52 192 40 58 162 154 44 163 129 33 63 60 93 222 216 176 77 220 82 233 221 241 61 135 64 126 227 
65 : 170 126 158 198 157 248 33 142 145 80 47 74 190 52 29 84 180 116 36 121 90 31 30 102 156 236 57 127 91 70 66 185 227 55 76 85 67 98 194 182 147 165 150 117 35 112 
66 : 48 35 38 239 247 177 113 85 171 60 102 91 75 186 83 129 241 218 37 135 242 62 50 214 128 56 188 151 235 57 205 25 47 243 31 232 153 77 212 161 162 65 114 126 155 222 72 146 70 100 104 45 217 182 174 33 127 148 71 210 163 170 40 183 223 61 118 203 136 53 220 
67 : 104 67 167 148 72 100 168 222 59 101 171 75 144 133 138 234 143 233 216 246 184 89 169 57 197 130 221 125 33 173 158 45 40 61 46 172 103 230 160 212 240 219 239 232 162 39 117 191 107 41 139 93 77 124 198 244 116 164 207 150 241 209 94 210 
68 : 195 142 218 208 152 97 82 230 203 26 192 180 25 240 131 50 39 162 221 196 225 249 118 27 197 124 79 48 239 169 60 228 136 190 47 128 74 53 217 189 112 122 220 143 105 205 222 242 90 238 119 104 34 183 65 234 77 153 213 243 117 167 164 147 184 145 141 49 107 198 163 185 187 166 63 32 101 214 92 44 87 173 
69 : 212 208 149 87 70 93 249 191 238 171 155 173 86 35 152 63 194 135 139 65 233 33 61 45 231 198 207 227 160 206 223 235 110 29 192 30 166 60 202 27 224 92 245 153 177 99 148 48 75 196 199 175 185 119 49 109 28 115 39 
70 : 66 49 92 29 73 81 179 156 71 128 54 59 165 107 143 25 223 82 112 96 141 150 103 83 130 115 42 135 26 124 201 184 120 
71 : 202 57 98 195 101 212 182 146 26 40 93 63 199 97 95 104 123 174 71 176 166 125 168 141 27 213 47 217 116 206 86 153 159 84 221 109 113 85 52 242 191 45 218 225 90 117 31 138 203 197 96 
72 : 117 164 111 31 103 200 229 211 190 167 73 129 70 209 206 217 63 246 199 207 101 133 148 50 121 245 59 158 35 83 130 194 80 236 219 181 154 67 41 25 166 169 107 249 
73 : 75 116 139 52 80 141 246 107 91 126 137 195 239 82 86 68 81 56 98 31 158 120 163 32 131 210 67 125 123 222 244 99 214 145 217 88 196 40 48 53 103 202 241 49 92 50 156 182 237 28 95 162 193 208 94 234 87 230 189 190 161 100 69 108 83 171 215 153 122 236 
74 : 76 39 71 110 247 101 59 58 239 148 166 42 121 140 246 165 176 78 216 85 198 35 67 108 230 77 45 65 95 170 115 244 229 201 168 136 132 72 
75 : 124 60 233 52 68 197 57 35 110 100 185 46 181 206 140 132 219 134 137 169 54 156 222 200 210 85 220 128 221 230 188 122 238 150 112 201 33 218 78 45 190 51 170 148 83 90 29 133 244 143 63 174 41 212 213 149 147 239 117 249 182 84 145 80 102 119 88 127 216 30 89 203 71 193 205 65 146 231 165 
76 : 87 207 115 151 155 140 186 94 175 25 211 217 129 242 63 131 28 234 82 47 79 159 169 42 95 137 65 62 67 209 239 
77 : 207 191 112 157 130 217 92 99 211 141 87 198 231 124 230 34 171 237 52 101 222 174 58 35 181 138 84 202 70 185 234 146 175 155 197 213 159 182 118 126 93 203 148 241 156 113 206 95 43 154 121 212 165 242 106 161 36 240 38 232 105 163 28 177 246 110 151 145 247 140 108 172 139 37 195 192 224 74 219 122 25 136 229 245 160 
78 : 62 158 245 201 28 175 85 81 159 101 87 182 224 93 232 216 43 235 210 165 63 105 162 180 64 32 209 218 243 225 42 152 34 118 25 167 161 116 117 74 163 213 187 126 69 154 249 39 168 132 125 
79 : 170 62 29 58 201 146 74 171 81 158 222 33 49 200 124 80 221 72 176 107 209 85 152 106 34 66 97 122 229 147 63 
80 : 167 72 122 135 151 45 119 136 90 108 65 81 43 147 70 144 38 71 129 140 52 85 200 66 145 49 179 36 235 157 221 
81 : 26 206 151 49 249 129 212 94 60 32 208 183 192 196 58 189 187 193 47 89 135 207 25 124 242 246 188 75 40 57 34 247 108 235 177 216 103 118 63 142 127 80 148 152 43 157 50 102 116 119 105 194 134 238 82 228 71 226 48 74 
82 : 243 34 166 53 32 222 94 52 81 189 219 195 71 230 154 215 84 171 248 227 169 124 236 49 122 146 103 58 85 147 46 120 198 148 100 118 50 242 207 31 203 144 113 65 212 98 80 54 201 186 193 56 200 143 232 211 151 105 96 178 36 213 66 223 88 210 136 78 138 121 112 74 107 134 102 176 226 220 228 108 92 142 
83 : 124 181 149 183 60 85 28 87 27 157 105 242 208 193 121 118 138 249 109 43 126 101 45 81 141 94 93 248 172 153 54 113 204 173 145 84 234 228 38 102 218 67 72 211 99 122 63 70 246 92 136 209 239 79 175 97 98 50 174 76 36 238 73 203 83 129 168 229 65 104 29 214 31 154 156 111 182 223 144 178 119 30 115 48 82 217 232 47 244 
84 : 124 199 85 229 242 204 193 31 243 83 228 167 188 227 63 84 249 231 180 152 123 64 166 154 79 178 191 215 87 173 194 211 75 214 55 56 81 169 100 212 35 241 185 202 141 122 115 186 187 205 146 176 134 90 126 145 73 190 36 66 144 150 109 62 160 101 237 234 40 57 60 
85 : 208 92 89 221 227 234 137 61 193 176 80 148 76 172 177 178 106 225 28 69 117 131 87 248 43 154 133 36 164 114 138 48 230 157 38 217 101 211 125 207 151 84 153 242 93 246 188 72 59 71 239 222 127 34 31 170 116 220 39 185 190 228 51 
86 : 128 35 112 208 161 139 193 58 34 187 40 48 55 33 239 135 102 203 171 98 227 26 91 103 234 142 56 211 197 180 43 60 158 53 164 105 54 249 38 104 59 205 121 248 221 241 82 199 184 66 235 214 137 245 186 92 144 127 114 37 76 36 87 99 110 173 65 107 157 198 39 196 136 226 84 68 134 73 31 30 85 191 75 69 93 129 
87 : 105 45 101 110 41 209 186 25 164 95 151 236 247 184 76 232 133 195 161 174 97 190 43 230 115 58 162 120 35 205 78 37 148 65 
88 : 120 76 237 43 146 172 74 39 197 88 151 73 181 206 248 118 208 130 131 228 238 199 115 30 145 138 180 65 69 64 189 182 47 240 239 207 211 
89 : 244 173 76 214 147 186 35 112 207 130 162 138 83 61 159 223 55 116 26 32 246 60 56 191 92 114 41 
90 : 183 182 105 79 236 163 219 74 99 195 76 139 66 107 171 217 193 146 30 175 189 241 168 188 185 206 106 231 199 42 144 67 100 101 162 77 51 110 28 97 123 202 164 53 52 132 207 181 186 93 176 32 187 152 108 201 240 204 31 122 157 85 46 109 137 
91 : 205 180 160 129 240 221 119 131 84 201 147 54 105 149 70 204 55 110 96 175 28 218 198 227 82 97 37 81 102 121 194 69 133 193 136 99 151 68 74 90 
92 : 197 194 55 40 51 78 115 120 152 209 38 80 128 155 148 100 218 101 174 140 163 141 217 179 95 87 227 122 236 189 59 136 134 161 198 173 
93 : 127 86 161 183 141 90 39 185 45 210 187 224 56 222 93 108 121 188 186 100 48 209 220 171 103 181 213 219 51 38 242 193 26 243 179 169 131 53 111 91 196 192 52 80 34 82 46 138 28 198 167 115 128 113 231 123 178 139 87 32 75 
94 : 37 49 229 216 39 190 230 136 88 239 214 223 181 200 231 31 78 133 119 82 105 126 204 86 35 111 
95 : 188 247 107 240 193 116 95 170 74 80 47 120 53 84 139 176 117 60 234 40 138 112 127 195 86 62 232 59 160 110 185 46 165 246 102 67 66 154 128 83 105 97 44 54 152 143 78 48 244 168 134 239 162 118 141 153 227 65 90 81 171 233 245 248 218 204 220 63 104 149 225 51 99 211 175 79 206 94 190 151 45 205 26 124 203 100 
96 : 100 216 114 31 121 232 79 106 201 204 187 83 33 38 110 46 77 65 220 124 55 133 199 151 161 245 120 180 143 45 90 189 210 162 249 209 70 135 59 130 226 179 
97 : 111 68 25 213 124 231 193 127 192 85 90 223 89 137 243 76 55 183 163 69 40 92 159 187 109 149 198 99 106 169 58 185 229 138 152 237 214 199 112 122 79 39 128 202 246 107 233 75 206 67 88 235 98 49 225 102 168 43 208 57 118 242 195 245 72 114 232 44 248 142 175 46 33 239 34 78 93 119 123 244 
98 : 36 145 212 235 224 56 110 182 196 119 38 148 124 246 118 213 204 82 42 193 214 225 239 29 74 80 130 147 136 245 115 106 104 78 151 144 202 199 97 172 122 165 116 59 
99 : 61 38 37 112 208 234 81 89 198 26 194 161 33 170 124 215 203 74 164 105 200 134 147 104 135 129 193 211 239 65 52 122 207 111 204 184 230 69 154 201 196 41 240 
100 : 46 137 245 73 174 92 76 102 41 193 236 109 170 90 74 106 135 125 129 100 161 240 116 61 151 81 80 200 246 183 103 91 89 230 64 225 157 32 208 212 65 203 215 162 26 186 165 75 169 188 148 213 67 69 36 118 132 42 86 30 
101 : 229 146 29 179 223 126 152 112 88 53 105 132 213 79 99 160 90 162 71 96 55 235 101 44 196 166 248 249 118 201 91 144 39 234 183 224 74 186 173 51 43 47 64 50 165 81 93 38 153 109 49 156 137 25 117 48 158 240 121 167 199 169 170 67 94 238 182 148 63 87 209 192 219 245 125 45 80 30 97 200 221 59 198 163 211 178 
102 : 124 78 93 51 97 28 226 35 216 139 133 108 240 67 55 34 196 36 117 249 31 126 60 103 160 247 43 58 234 237 116 165 140 54 143 202 73 52 128 207 27 123 61 190 184 40 200 239 235 30 110 163 204 87 175 129 106 65 244 181 91 172 57 48 26 151 156 113 88 225 44 201 245 49 
103 : 219 40 183 156 112 238 86 245 145 229 149 46 102 101 85 172 249 30 190 200 139 50 204 225 44 33 234 248 217 32 
104 : 179 217 52 105 221 158 225 156 133 92 151 215 104 176 62 31 246 95 65 89 119 149 86 120 99 244 153 183 180 169 212 46 168 226 187 245 172 93 37 249 69 224 248 108 76 39 148 152 201 193 182 191 177 29 188 228 160 
105 : 95 121 210 107 40 247 92 80 198 89 244 87 236 62 231 135 116 42 122 28 43 54 129 147 196 157 192 84 228 218 117 50 78 88 56 106 36 211 230 222 58 82 108 115 215 75 65 197 94 167 127 137 170 120 200 239 223 242 130 105 132 69 53 67 44 49 110 133 134 141 136 186 152 41 123 193 153 59 178 128 
106 : 101 110 88 75 84 71 114 236 131 154 241 40 59 107 51 151 49 203 96 156 159 47 189 166 165 45 174 132 94 
107 : 95 234 165 237 134 35 222 218 39 133 129 235 213 228 216 171 189 162 76 153 105 214 241 160 236 104 49 75 99 113 103 44 106 179 173 91 143 92 67 176 186 32 101 79 245 135 239 167 139 
108 : 246 66 235 214 134 175 172 147 156 94 123 130 190 127 210 191 163 219 29 212 230 144 87 231 36 59 198 118 174 
109 : 229 89 102 214 201 120 41 123 215 169 175 88 188 103 212 83 176 119 226 92 28 93 196 70 43 199 193 148 49 207 115 132 25 30 29 105 65 48 228 219 240 243 220 195 162 47 204 40 242 159 134 165 231 87 147 
110 : 181 58 44 37 79 95 128 57 46 26 197 73 137 217 103 155 157 207 38 118 80 194 85 94 189 49 50 60 195 185 141 105 227 97 32 98 54 173 176 51 169 42 131 188 221 202 82 74 154 
111 : 129 149 73 25 153 192 135 194 54 105 170 66 224 179 48 67 219 193 69 195 151 233 176 130 243 81 75 62 98 190 35 82 79 165 145 65 191 80 248 220 123 94 178 186 60 205 163 237 247 162 
112 : 84 216 243 209 191 245 211 231 56 64 171 222 156 221 219 213 169 237 113 107 181 28 210 131 218 183 122 247 43 230 73 163 
113 : 74 106 242 126 35 157 179 45 69 171 146 85 166 29 180 121 204 31 218 243 203 53 228 96 238 26 155 226 55 237 65 137 170 58 50 51 131 99 222 72 129 77 197 230 156 62 84 49 63 201 61 220 141 144 
114 : 163 100 248 152 62 223 238 66 216 149 239 188 214 123 185 210 171 207 52 114 166 246 131 134 161 133 32 79 120 111 190 162 25 67 196 168 186 191 36 98 44 167 61 118 72 30 117 230 33 132 193 236 144 126 215 110 212 68 145 180 204 129 56 
115 : 150 161 123 79 116 233 180 197 138 122 103 222 65 58 59 237 236 153 73 175 148 66 119 211 57 207 
116 : 109 88 152 95 177 84 98 82 187 27 247 246 234 194 90 155 192 37 206 114 170 183 99 107 42 139 31 169 38 41 33 87 213 34 128 176 221 171 205 
117 : 158 128 146 190 44 192 208 58 216 54 25 32 242 38 109 245 165 80 156 124 42 241 228 142 207 162 121 148 167 219 97 150 154 209 233 205 114 174 155 168 96 
118 : 219 45 113 63 60 155 227 225 39 56 57 52 212 168 51 234 104 55 142 97 188 226 138 48 93 240 200 75 115 82 197 46 130 202 215 134 129 86 159 196 162 122 157 69 148 111 180 242 90 237 37 35 244 186 241 166 223 94 89 230 
119 : 39 55 172 228 178 245 103 132 119 222 97 101 207 165 31 229 32 28 168 51 155 134 62 118 64 159 113 109 163 124 136 139 142 209 87 185 84 57 230 131 188 129 218 67 173 198 225 58 34 61 150 105 231 108 170 164 
120 : 181 149 146 143 82 197 171 25 78 64 153 184 211 52 209 142 190 99 140 203 179 128 163 216 234 114 141 167 121 51 204 218 217 210 214 131 122 98 162 202 177 188 47 31 220 63 196 67 54 65 115 152 161 36 
121 : 134 31 230 229 217 167 237 222 225 166 148 143 40 234 235 72 59 116 129 66 176 51 152 118 62 157 193 69 223 91 56 204 165 187 218 246 161 83 200 188 201 113 140 67 36 33 39 205 86 239 100 240 87 97 227 88 232 170 186 248 64 38 52 120 211 172 92 214 50 203 80 199 179 135 124 178 202 85 114 57 238 192 102 174 28 153 145 
122 : 148 235 202 226 55 97 129 75 103 52 241 112 83 58 194 240 183 50 34 95 25 96 107 73 143 144 242 190 90 56 205 213 72 150 33 160 39 146 221 189 239 98 101 178 27 46 185 84 227 246 
123 : 92 116 141 135 171 101 178 73 148 63 189 137 247 249 77 166 215 203 75 53 222 200 125 158 82 176 207 188 191 110 128 102 100 248 132 196 108 177 169 153 107 58 119 133 143 212 173 43 226 95 220 210 172 93 205 78 79 61 41 217 163 232 147 235 246 161 55 149 31 65 66 64 134 
124 : 169 111 236 135 46 199 214 52 112 213 146 107 247 138 248 191 127 195 79 65 150 42 166 77 212 62 170 160 124 43 178 144 222 37 48 71 173 159 97 153 53 186 209 56 70 218 225 165 118 244 39 85 194 122 58 72 190 143 91 60 83 162 219 141 210 133 47 88 25 105 207 44 152 151 196 181 
125 : 182 28 131 50 122 143 183 69 128 162 160 187 105 249 54 86 98 156 189 37 89 180 40 215 99 102 149 107 202 119 217 116 145 137 114 67 207 194 125 129 146 27 184 87 157 238 55 26 140 231 240 192 213 96 77 167 166 152 176 227 43 124 208 247 229 226 94 212 126 84 198 127 70 148 25 83 175 57 139 203 163 46 121 62 142 76 210 150 80 
126 : 179 106 143 216 166 53 205 114 208 123 81 127 110 121 218 199 190 183 204 45 38 163 90 171 36 62 172 245 238 94 219 148 160 169 102 108 186 125 236 89 195 151 189 77 28 144 175 76 212 64 188 247 240 49 30 31 177 37 43 88 63 39 52 134 142 174 70 168 29 149 56 235 41 73 227 101 92 
127 : 124 148 53 170 240 113 213 166 211 233 203 44 133 50 225 145 215 69 237 35 165 216 30 57 219 185 249 188 178 89 98 156 179 54 28 56 108 134 136 239 247 212 60 126 90 245 112 93 177 180 196 25 221 103 123 229 109 176 
128 : 239 242 226 204 236 77 171 193 101 80 117 127 225 145 209 155 34 163 201 224 221 43 83 90 85 27 56 68 233 160 94 44 245 59 31 115 129 
129 : 151 97 41 120 99 55 247 89 63 215 214 104 144 220 122 230 105 165 162 60 50 61 75 147 212 
130 : 94 32 142 185 230 216 53 128 175 130 83 127 80 243 184 107 84 118 241 215 101 50 246 213 28 156 92 47 73 106 227 93 194 70 166 52 159 247 120 145 135 66 113 69 147 179 203 48 89 239 138 155 133 172 86 153 212 30 81 219 56 96 75 150 157 195 211 204 
131 : 183 112 214 49 118 213 56 228 72 237 120 71 151 167 185 133 29 136 67 86 223 172 241 75 175 245 59 92 177 38 82 66 242 232 114 203 202 235 182 111 249 218 26 65 31 80 196 236 190 238 215 140 225 158 63 123 198 88 180 93 81 145 173 95 124 85 138 224 41 52 25 122 194 54 168 40 129 44 154 231 102 143 64 226 
132 : 133 201 167 113 57 42 186 183 217 214 118 82 143 125 228 199 210 241 83 173 237 224 151 158 191 
133 : 222 101 190 204 161 72 25 213 234 70 232 48 175 141 119 73 60 69 170 62 116 216 99 27 52 
134 : 31 192 84 28 99 97 163 221 83 175 103 227 210 35 156 139 173 134 219 30 114 161 231 240 183 128 27 153 130 32 234 149 177 154 121 213 182 62 201 107 162 33 171 74 124 235 233 51 53 46 132 247 102 
135 : 244 176 80 128 152 246 141 139 206 154 158 32 224 177 44 86 30 165 223 233 39 213 174 61 121 101 90 201 199 119 168 49 48 188 193 169 42 146 47 109 222 63 210 46 110 29 242 36 
136 : 152 114 133 138 159 72 59 122 64 118 158 167 200 66 216 209 144 62 210 52 187 140 57 192 58 
137 : 178 219 228 213 51 75 120 209 156 147 73 137 157 223 106 124 173 92 131 94 177 235 34 134 224 67 136 33 166 195 196 102 129 54 159 179 103 47 123 49 216 29 201 46 193 140 
138 : 196 90 238 111 118 169 115 245 123 158 69 28 116 140 207 81 83 109 147 172 93 66 72 27 185 214 154 106 40 187 
139 : 70 191 180 184 183 52 63 53 162 210 104 69 99 214 57 181 79 29 226 68 207 128 129 158 56 98 176 62 193 78 220 86 91 201 126 43 67 108 152 106 37 131 242 195 40 185 44 170 138 122 55 84 247 236 175 178 113 132 97 81 146 204 143 136 232 142 
140 : 87 85 70 176 69 215 221 155 192 83 128 97 25 230 227 81 102 122 218 170 68 231 195 32 89 99 226 49 71 240 184 243 123 129 162 33 133 146 228 60 167 109 208 61 239 181 74 211 37 246 165 204 248 147 113 134 42 95 51 55 168 106 80 58 107 224 30 40 186 125 137 205 200 118 172 144 130 65 232 143 
141 : 100 214 153 217 36 147 34 73 109 124 241 219 196 129 191 136 231 91 42 151 40 25 146 175 189 65 82 121 30 215 229 27 163 216 172 194 242 185 210 128 137 77 115 
142 : 247 83 192 28 135 65 170 153 179 58 95 124 175 156 146 164 226 27 151 78 81 33 119 134 43 57 217 196 132 157 137 213 76 209 77 131 219 178 106 35 143 121 129 104 
143 : 72 81 84 122 99 247 31 95 215 164 183 89 155 245 225 126 194 35 37 103 49 106 142 146 216 52 158 185 187 117 93 98 180 47 128 204 238 163 143 159 127 85 203 212 104 100 168 88 218 220 119 82 70 87 133 96 229 240 196 230 112 170 129 77 234 110 151 184 167 73 86 120 209 206 
144 : 118 115 176 37 107 194 160 102 168 50 27 226 189 206 46 117 81 147 200 207 235 218 135 88 129 35 184 127 45 208 25 153 225 68 131 97 86 209 93 74 89 221 72 54 77 170 136 193 69 240 146 217 230 172 83 213 100 197 144 233 155 169 55 224 167 138 246 104 145 
145 : 196 163 153 171 25 85 157 105 177 66 211 188 96 58 165 127 210 33 99 239 113 186 129 137 38 82 32 70 193 238 154 95 26 100 131 230 229 52 244 108 233 179 128 67 123 144 206 40 120 90 53 31 182 245 195 140 42 115 133 50 107 151 236 217 39 174 43 231 88 173 126 178 57 74 225 134 156 135 243 158 203 187 41 200 121 69 
146 : 238 236 112 29 70 50 177 30 99 224 101 239 78 225 129 220 243 52 145 73 104 34 245 171 181 68 159 168 75 134 119 127 124 178 77 179 184 141 55 109 221 202 
147 : 165 29 227 139 113 111 45 26 114 166 196 169 149 138 219 126 107 152 51 247 66 42 105 72 163 143 93 67 147 125 94 44 32 231 242 130 194 210 142 129 151 28 122 133 218 98 224 160 236 156 148 
148 : 49 46 53 148 66 176 94 159 34 56 111 119 205 73 172 59 78 167 31 202 55 58 68 233 178 110 203 165 143 128 81 200 124 224 196 229 184 170 181 163 222 129 70 197 102 62 126 39 43 75 219 247 87 162 228 135 42 183 67 161 198 226 89 138 
149 : 33 185 67 81 187 184 60 171 130 57 103 248 25 148 31 192 183 198 176 247 98 65 39 133 50 137 206 104 193 113 189 132 131 44 77 45 82 59 244 79 178 170 96 236 158 197 191 201 208 241 202 116 211 123 105 
150 : 83 241 87 149 60 111 174 205 201 151 163 215 243 46 199 192 97 134 31 90 43 94 74 196 135 72 150 140 85 65 58 69 244 25 73 79 49 92 139 41 212 228 26 164 193 221 123 81 190 84 101 64 206 32 248 39 173 229 67 114 195 126 203 170 40 127 232 113 233 188 152 237 186 120 218 225 53 184 157 
151 : 213 46 124 39 205 31 72 110 186 223 235 233 159 244 188 36 168 206 74 178 59 145 79 167 111 161 80 129 212 75 246 97 183 217 98 160 142 105 211 177 27 28 136 100 114 133 64 221 26 60 245 227 131 82 180 87 130 153 151 73 220 190 44 89 230 241 195 169 170 141 81 58 50 127 90 65 104 216 63 152 96 135 238 112 77 53 85 
152 : 222 156 149 130 140 119 47 192 62 169 136 94 243 181 54 151 96 58 184 186 84 138 27 80 172 146 242 83 248 155 159 75 56 
153 : 65 84 88 189 244 48 90 35 207 150 219 196 140 27 129 230 131 39 163 117 132 243 52 46 186 201 151 168 66 68 47 143 28 206 55 113 208 239 202 156 116 227 220 38 178 211 72 124 216 34 59 92 45 58 161 33 225 70 107 105 172 108 69 102 232 26 
154 : 238 156 38 209 79 75 50 242 134 42 93 100 64 221 57 26 160 78 103 183 74 122 243 51 46 247 45 53 43 164 208 56 231 196 58 102 175 119 227 49 135 39 236 158 157 207 138 232 89 95 162 212 215 202 48 87 170 140 186 145 129 173 190 97 32 174 210 166 77 
155 : 237 154 153 110 117 80 136 172 214 103 235 35 62 155 189 29 192 98 106 34 101 78 156 54 127 90 234 177 201 123 233 175 171 27 84 53 59 139 146 173 116 73 25 220 239 211 109 57 203 174 30 157 36 93 222 142 129 131 47 102 182 191 39 225 105 107 92 199 97 46 83 
156 : 76 67 164 150 232 74 145 68 211 27 94 143 118 128 152 167 142 154 226 146 235 168 185 54 114 155 141 51 193 181 88 238 223 191 206 115 61 
157 : 106 219 80 128 59 92 34 166 52 39 134 247 197 159 225 101 68 133 40 194 33 56 205 241 115 248 86 117 72 95 38 173 110 230 218 189 141 84 150 188 243 183 167 79 75 190 139 41 210 161 165 60 174 36 220 184 25 226 142 42 148 211 178 215 213 240 
158 : 165 237 225 83 188 159 85 76 211 236 82 160 117 86 77 50 115 235 89 49 208 213 209 157 25 129 231 134 194 56 205 94 158 53 32 46 184 71 96 103 228 148 127 116 201 54 121 78 140 180 215 93 240 84 189 112 39 57 37 155 132 87 162 216 187 105 245 38 67 70 144 182 220 198 243 197 142 241 150 174 52 48 40 131 234 164 248 175 242 
159 : 46 205 135 117 154 236 125 139 157 101 61 35 187 95 105 80 234 227 66 137 202 161 198 77 27 41 136 167 138 142 31 184 245 58 162 164 51 45 217 224 165 212 183 130 71 123 247 189 248 
160 : 233 66 131 77 37 200 105 102 60 187 177 155 146 30 160 69 128 71 58 210 169 245 84 67 242 32 35 135 125 214 215 229 54 143 152 181 212 112 91 153 55 190 25 73 43 79 196 115 219 171 239 38 198 118 117 121 213 88 95 104 208 49 234 157 166 235 202 72 45 168 158 140 221 163 126 109 83 130 57 90 
161 : 223 190 49 205 67 141 217 104 229 112 32 208 31 44 60 132 203 236 177 64 247 234 89 246 50 175 121 143 41 119 163 27 33 201 110 162 100 207 146 40 84 138 83 222 149 124 151 52 197 94 142 133 42 
162 : 213 211 46 60 156 207 106 37 89 169 245 128 160 48 181 171 38 92 79 183 55 234 221 75 187 101 206 100 138 80 69 122 98 95 236 34 131 
163 : 168 107 189 114 147 203 167 25 40 113 240 51 210 154 74 216 106 205 104 169 41 43 170 159 166 35 171 100 103 226 126 201 231 160 
164 : 49 122 177 56 220 114 67 88 106 145 136 196 227 222 90 141 186 48 152 193 221 40 130 124 204 166 85 111 69 209 176 55 105 184 68 125 159 169 94 206 146 157 225 119 65 165 100 36 211 245 75 210 91 231 104 57 243 189 86 238 224 142 217 101 96 26 154 93 61 133 179 38 137 27 168 112 29 151 109 148 163 147 81 
165 : 243 109 93 52 247 73 225 26 49 70 92 171 244 235 222 210 130 65 50 155 82 133 106 202 86 165 89 136 79 153 185 245 156 181 55 216 74 205 124 33 184 231 
166 : 39 86 70 66 179 59 47 82 109 43 177 69 105 140 183 187 138 213 63 92 113 96 115 110 56 248 119 207 240 51 204 152 192 174 32 242 139 161 28 196 182 202 128 
167 : 33 109 48 78 241 121 202 141 165 152 166 50 45 191 216 156 237 71 157 74 44 203 246 228 214 36 207 66 
168 : 219 102 67 249 239 62 210 238 86 237 163 217 88 87 235 146 72 135 65 85 111 141 227 213 122 207 92 28 220 77 177 130 25 231 129 248 75 138 29 180 40 124 233 94 123 159 115 212 38 188 
169 : 167 104 214 204 91 156 220 81 249 82 154 101 180 216 106 232 151 190 127 68 175 177 134 58 72 242 80 172 247 73 185 150 77 
170 : 56 232 124 79 83 89 130 98 46 165 211 241 49 186 133 27 185 101 129 177 95 114 117 26 171 147 226 32 142 197 
171 : 191 196 115 158 218 221 80 194 211 202 45 127 88 133 226 50 171 114 99 75 73 84 198 166 247 29 105 245 165 246 243 67 177 59 69 79 188 233 227 63 142 122 64 149 52 143 134 238 169 55 25 76 231 34 205 242 35 138 82 86 249 94 154 160 189 
172 : 247 151 243 121 165 98 222 213 71 54 130 109 198 154 34 175 70 118 114 228 96 216 220 163 63 186 128 139 171 229 94 208 79 27 89 248 147 
173 : 188 171 69 215 189 26 40 91 161 58 153 229 127 167 177 162 174 176 42 51 207 212 107 57 147 64 72 239 46 156 100 90 182 218 80 102 130 116 120 138 226 94 55 97 170 101 186 144 106 109 141 54 84 192 128 164 183 178 71 53 159 79 77 246 194 88 87 70 122 30 110 190 160 59 213 142 61 126 233 83 45 219 125 216 60 
174 : 55 209 164 49 72 120 127 108 112 147 169 115 213 93 116 102 187 89 248 60 168 29 202 104 90 84 65 44 36 153 25 200 39 75 128 86 68 137 225 181 
175 : 33 145 210 110 220 207 183 27 132 40 141 169 121 59 91 204 247 44 140 134 101 72 97 115 88 42 114 103 142 126 28 217 162 146 66 221 125 105 242 156 
176 : 249 244 66 217 179 73 218 184 87 81 34 200 80 172 185 111 230 63 157 197 50 114 169 224 25 127 89 38 156 205 36 225 196 117 39 148 134 115 178 160 26 131 239 240 221 108 56 76 91 142 88 44 229 118 30 133 52 48 191 180 212 67 98 166 201 62 103 176 235 158 94 93 188 100 90 187 232 214 194 54 
177 : 85 176 45 247 54 237 74 167 199 56 70 232 29 48 80 59 131 33 172 187 202 97 186 47 164 95 103 27 153 134 78 214 239 127 227 25 203 205 125 62 40 64 169 181 150 32 124 139 88 
178 : 88 160 92 26 118 120 131 155 47 205 179 103 158 159 249 168 166 219 80 89 133 70 218 50 91 157 66 53 231 44 203 105 69 97 233 236 
179 : 183 131 179 112 194 71 57 107 92 232 123 210 87 231 100 113 166 188 61 55 223 168 170 191 95 144 203 115 80 101 205 56 217 145 126 86 239 51 155 240 153 91 174 74 185 41 215 219 81 143 47 120 248 207 156 234 64 162 94 83 139 135 146 140 69 233 
180 : 56 173 240 29 42 83 107 144 70 147 211 120 149 184 134 123 51 228 33 95 233 26 247 201 157 121 199 220 160 203 200 208 246 171 99 71 146 138 185 64 37 85 79 80 86 224 
181 : 109 53 73 107 227 122 26 191 214 132 124 236 128 174 243 186 246 234 249 192 196 58 209 108 153 183 121 164 91 78 35 194 130 133 180 
182 : 99 48 227 103 191 64 85 100 184 215 105 140 240 159 135 131 65 116 151 177 226 74 130 127 172 137 67 245 81 179 56 157 96 229 182 87 201 142 117 173 210 132 113 82 59 223 192 66 124 160 134 199 41 49 214 206 207 38 55 39 112 30 171 202 211 156 31 57 126 231 163 33 185 234 200 161 150 238 152 158 78 162 115 241 123 125 232 34 
183 : 184 145 178 211 132 28 228 248 127 143 101 56 55 47 233 123 247 189 95 153 86 26 42 197 104 129 225 78 85 31 157 74 115 241 73 135 65 83 150 
184 : 114 86 210 126 194 185 47 50 213 113 215 121 91 90 53 207 124 204 158 141 244 58 229 92 32 106 97 196 222 240 125 216 165 139 149 84 95 140 96 104 208 183 138 167 246 108 43 184 160 55 109 225 179 166 102 161 163 131 182 239 162 94 219 35 25 206 49 243 176 218 89 57 212 80 148 76 107 143 123 98 77 228 230 46 247 103 
185 : 232 119 151 66 90 32 205 77 111 54 137 39 240 238 48 59 41 174 73 234 247 103 71 201 118 214 47 211 217 196 28 
186 : 200 126 217 244 192 139 120 199 153 121 241 67 108 123 58 222 223 43 186 179 188 52 110 228 201 184 149 98 54 72 143 227 125 158 
187 : 113 65 146 54 229 180 130 144 152 77 126 138 114 57 68 39 151 184 216 242 133 84 228 243 171 89 88 73 72 191 206 230 143 129 175 217 70 220 158 240 101 127 34 208 141 233 204 104 223 118 99 66 163 75 92 149 169 225 235 63 221 244 198 51 140 95 85 160 
188 : 207 202 67 163 248 50 189 176 59 233 109 135 146 46 56 73 80 193 89 239 164 210 40 85 167 172 183 37 243 116 122 49 137 139 153 154 203 68 90 111 63 238 219 98 231 65 196 134 145 223 30 42 32 244 
189 : 89 57 215 211 194 119 36 118 203 140 167 47 187 183 163 34 46 106 226 101 243 130 191 66 124 26 59 71 198 87 60 247 223 56 148 33 100 234 77 186 248 45 
190 : 90 32 200 227 66 161 180 124 109 84 172 139 203 54 86 105 48 232 206 197 222 112 162 142 177 
191 : 143 74 136 198 224 246 188 65 49 197 50 166 125 138 236 127 118 64 90 89 56 45 217 191 181 100 237 41 225 139 233 
192 : 186 38 249 131 109 104 66 61 80 174 188 185 234 178 168 162 103 94 124 244 115 128 49 206 48 136 181 226 179 208 29 190 153 112 133 91 36 229 215 78 241 192 227 217 57 182 121 130 113 166 86 235 76 236 141 220 171 110 212 107 218 167 183 127 169 163 52 237 203 53 245 30 89 175 46 
193 : 135 117 56 92 171 72 79 247 228 195 112 108 105 46 161 201 78 104 151 40 208 234 184 170 154 89 232 178 64 111 160 57 68 168 51 240 99 32 67 119 128 224 205 93 36 155 
194 : 115 51 29 27 169 216 197 179 59 134 193 189 125 116 30 199 105 150 174 113 153 127 207 183 26 81 71 114 152 192 48 198 139 93 126 54 47 53 157 42 58 108 144 217 25 83 206 194 233 35 107 36 243 156 241 96 121 210 160 230 247 149 75 55 232 63 
195 : 75 55 110 69 231 89 150 221 121 186 219 247 180 202 41 101 97 242 72 124 125 63 114 115 71 173 48 70 176 134 144 232 103 37 167 95 190 80 56 172 91 210 153 127 213 67 185 215 189 199 60 51 163 35 235 42 162 148 161 58 135 73 139 28 248 126 57 245 33 131 174 166 214 224 84 
196 : 246 237 223 160 116 153 199 232 40 167 66 69 171 89 74 152 196 221 65 60 177 181 201 104 247 172 132 55 215 184 108 236 168 103 197 130 195 203 
197 : 73 68 131 184 91 47 218 201 204 149 74 155 98 55 101 126 121 163 63 114 197 75 172 107 217 244 190 120 56 113 117 30 152 177 189 168 67 200 188 146 156 
198 : 181 228 79 36 165 35 224 97 67 123 211 135 137 47 176 81 229 164 34 119 42 93 127 186 203 242 238 151 72 202 43 220 60 132 115 129 192 190 247 111 82 74 94 231 200 59 214 28 121 54 130 166 
199 : 246 106 170 169 235 228 155 180 64 187 107 146 38 205 133 104 68 202 121 147 158 185 48 193 219 230 153 240 215 124 81 109 135 122 31 203 54 239 42 113 58 36 222 127 56 67 191 86 173 
200 : 238 197 218 107 242 176 64 190 62 32 124 206 130 73 126 91 40 38 51 113 188 72 148 44 49 135 155 82 132 85 165 166 212 112 57 
201 : 149 222 169 202 132 230 168 199 172 164 142 232 246 100 221 187 229 109 42 126 173 148 124 144 176 101 117 139 226 135 191 121 183 61 99 238 205 123 107 114 214 174 160 62 228 155 122 86 192 119 190 203 
202 : 125 114 80 197 167 83 198 61 107 73 227 157 26 99 55 239 109 117 53 50 98 59 182 111 78 196 195 115 44 35 43 160 127 221 72 164 202 34 142 36 54 150 106 144 112 146 159 108 141 180 58 
203 : 166 59 214 225 80 60 169 223 44 247 84 248 104 63 157 227 79 180 77 53 217 244 39 238 121 93 25 82 161 31 97 27 85 91 128 153 83 219 165 50 213 110 240 150 68 64 130 41 49 65 185 187 184 178 111 32 200 122 174 107 211 220 28 210 152 118 189 145 135 56 181 112 
204 : 104 40 50 231 172 96 52 184 84 166 107 150 139 122 232 62 165 121 58 61 219 211 234 87 146 88 48 247 116 197 56 128 176 185 98 49 141 127 110 242 134 196 159 51 149 76 228 97 
205 : 113 59 93 105 154 116 167 132 235 89 195 106 159 238 180 222 199 188 174 196 87 79 49 190 207 38 173 193 83 30 27 43 112 55 57 130 152 172 236 189 176 141 135 151 101 36 147 148 241 39 47 31 138 230 29 124 164 64 86 46 155 73 150 169 97 34 201 32 74 109 103 137 33 
206 : 127 114 116 51 60 197 32 27 208 176 121 88 229 90 247 130 31 175 179 92 118 102 182 155 224 109 52 77 34 225 148 218 112 246 115 153 40 81 33 142 57 72 173 174 191 192 30 244 234 183 216 230 172 28 93 145 228 74 166 198 232 170 242 189 159 163 147 143 137 217 156 86 210 100 123 98 162 119 62 220 
207 : 105 161 38 183 60 96 245 125 112 35 37 33 116 216 63 203 68 170 230 25 94 159 55 114 179 187 148 43 36 171 194 83 97 140 70 235 88 103 107 160 131 
208 : 29 176 240 209 180 202 199 32 170 165 58 191 146 163 41 134 98 26 150 172 55 184 190 73 143 118 125 188 44 181 224 152 243 145 186 238 234 48 123 195 122 105 223 157 175 196 153 149 110 47 194 75 248 69 115 185 215 42 51 66 30 121 101 93 205 242 235 36 213 46 135 222 226 161 35 31 80 119 79 52 151 116 28 216 
