0 : 231 86 246 114 31 43 197 126 27 200 212 127 155 221 46 175 61 122 213 234 115 226 157 146 182 60 241 147 158 83 49 215 184 71 138 81 93 85 243 47 225 90 186 136 152 73 237 242 196 223 95 92 148 174 220 48 77 181 193 84 211 108 156 232 244 98 169 40 218 133 102 117 65 142 72 51 135 160 177 139 143 
1 : 61 26 245 40 41 149 240 188 170 223 220 60 183 75 204 82 178 109 219 224 43 154 37 42 56 108 126 63 143 228 169 243 111 136 
2 : 173 170 162 98 205 125 100 58 198 120 241 145 88 104 92 211 180 85 134 117 216 155 235 222 138 243 171 64 52 242 
3 : 80 86 229 233 185 239 135 44 248 132 164 123 122 69 51 87 119 133 145 186 57 231 197 126 171 67 201 235 62 136 114 52 157 194 160 245 147 78 172 35 217 111 38 219 84 34 46 140 81 212 25 238 85 188 40 225 75 82 183 198 153 98 155 55 
4 : 164 202 168 49 66 99 185 109 63 191 209 169 194 184 128 59 52 119 122 219 136 161 227 159 162 102 189 94 73 77 245 110 170 137 175 211 80 180 36 65 96 78 172 32 158 210 249 56 58 103 246 45 166 181 125 98 225 124 197 234 72 241 220 147 154 221 233 192 150 81 83 226 239 44 75 132 57 214 
5 : 25 84 185 116 41 235 178 219 58 77 103 28 191 148 42 242 92 35 71 142 170 173 157 222 114 144 79 166 
6 : 177 228 226 82 155 179 131 150 68 103 209 38 99 249 125 69 171 141 208 61 139 78 100 52 48 97 102 244 164 72 167 71 163 224 181 126 242 104 64 137 214 46 47 182 174 215 199 136 175 235 202 27 178 156 88 190 101 134 33 110 232 193 39 146 194 130 238 227 121 183 176 211 91 92 120 160 225 60 143 53 74 28 151 57 
7 : 171 196 230 125 214 120 139 87 153 109 204 242 238 133 185 236 122 237 248 183 31 227 174 34 94 42 62 89 134 168 164 67 121 136 170 
8 : 151 209 88 171 200 131 120 234 204 164 233 175 153 188 248 174 67 77 236 102 170 196 114 218 36 47 173 104 44 177 81 74 221 94 201 184 169 89 25 53 58 132 119 240 226 35 126 133 65 172 228 191 166 217 232 80 237 152 32 247 97 117 70 134 183 83 222 203 124 144 186 82 205 155 160 71 68 225 181 227 
9 : 146 135 137 196 143 188 249 165 48 46 51 107 200 127 150 153 212 210 197 133 148 71 187 93 231 168 191 100 68 199 
10 : 179 67 111 112 83 100 39 26 202 75 104 28 115 76 128 25 149 210 130 125 81 192 77 168 189 63 117 196 138 244 96 89 218 58 41 64 123 27 232 185 42 191 38 116 230 84 88 113 167 53 228 161 219 140 85 184 223 171 136 247 207 217 177 173 222 30 106 212 86 163 34 137 79 66 141 216 118 126 131 144 50 170 119 74 78 91 94 129 124 165 234 197 65 158 151 
11 : 133 157 97 226 107 248 235 50 45 132 78 213 108 172 238 230 188 116 224 210 86 184 146 194 36 112 142 237 170 77 169 72 71 122 32 100 156 37 148 99 128 158 70 198 190 25 178 206 66 173 239 138 183 211 75 31 189 88 175 161 129 174 33 221 160 46 58 103 229 95 43 136 96 102 114 28 150 54 168 55 228 34 134 
12 : 26 176 233 184 108 206 30 213 50 146 208 221 53 34 122 115 36 80 65 96 192 158 194 162 232 171 87 161 98 183 203 190 66 140 42 141 174 175 227 212 32 189 111 136 211 125 130 117 145 188 46 99 144 92 217 31 39 89 182 178 121 102 64 234 112 110 139 83 88 126 242 201 163 
13 : 224 175 185 186 209 207 63 59 223 40 231 103 93 204 134 33 52 155 208 140 88 222 247 162 188 199 212 241 116 111 68 
14 : 102 164 248 25 148 156 55 220 28 126 225 198 50 40 197 120 180 154 90 234 243 74 89 71 53 162 94 185 42 235 194 35 36 31 223 178 188 207 118 44 153 189 96 131 169 196 47 119 204 99 52 227 151 59 69 34 67 51 85 122 212 205 49 241 77 170 132 215 218 86 211 155 209 113 214 30 173 233 116 238 222 192 78 
15 : 56 207 139 228 184 177 133 229 152 195 142 130 47 67 91 25 218 181 74 117 244 79 64 132 92 36 201 225 129 186 240 161 114 169 57 127 192 147 189 77 185 107 108 59 119 222 248 190 110 118 48 198 52 83 53 233 85 106 191 33 
16 : 81 158 116 138 141 55 155 82 134 86 224 203 215 132 52 171 217 38 195 185 46 242 137 126 162 165 105 232 183 220 175 27 113 115 249 53 172 62 169 101 32 45 236 221 159 110 79 193 128 237 88 226 210 108 90 235 84 241 164 127 43 186 30 174 
17 : 146 133 60 227 33 203 121 175 157 98 242 107 179 166 80 129 110 206 97 232 29 90 120 44 247 43 193 36 77 238 233 83 137 104 201 223 76 40 210 154 81 231 94 106 92 243 235 63 108 125 128 199 134 126 31 55 82 79 248 130 161 100 85 109 52 207 138 244 181 221 39 246 48 96 153 49 245 205 58 57 220 25 124 200 64 217 147 249 56 202 78 159 70 208 
18 : 80 214 208 124 200 139 217 249 111 247 38 243 166 212 198 144 186 108 157 153 244 28 76 40 169 115 194 32 242 69 221 174 78 54 146 51 218 226 91 84 25 172 232 106 145 134 71 235 27 110 125 215 72 127 165 67 62 79 203 140 44 170 167 173 63 234 73 82 113 
19 : 48 222 237 209 104 161 203 135 124 214 65 43 230 239 238 39 86 94 134 44 213 246 93 212 167 114 87 139 101 83 129 25 121 175 190 81 143 100 244 158 73 42 138 123 186 117 40 69 174 56 
20 : 43 106 59 84 174 169 111 27 115 146 70 212 62 193 231 121 41 224 201 130 155 87 112 51 53 46 207 39 98 247 45 172 205 178 40 25 190 75 182 93 204 83 135 80 203 160 210 163 57 241 183 215 221 143 140 198 131 158 208 81 56 125 
21 : 108 215 130 145 153 139 138 176 182 65 114 154 189 38 27 53 48 156 72 241 64 240 146 214 69 209 58 73 77 213 46 75 225 68 242 79 29 177 97 172 115 125 74 50 35 
22 : 181 102 173 141 97 177 203 91 232 127 116 131 34 136 96 175 42 145 94 170 194 51 240 206 61 32 190 237 
23 : 208 54 244 173 69 200 104 193 83 137 228 37 44 32 103 248 63 110 66 165 29 176 161 100 36 153 149 45 25 167 60 245 224 52 123 26 235 195 126 158 206 226 78 225 188 180 212 214 146 189 231 48 91 129 81 162 67 31 230 242 247 246 159 55 237 236 56 174 68 111 190 107 156 112 101 95 115 229 65 130 143 172 40 139 64 38 221 191 76 80 28 144 
24 : 40 69 126 244 193 152 172 198 200 202 135 103 67 140 144 229 199 150 176 142 41 160 209 65 230 122 151 221 61 179 29 174 167 100 117 154 114 62 170 171 241 59 77 249 159 128 98 195 83 113 158 239 56 236 136 149 58 153 186 34 243 115 219 95 44 245 146 75 51 119 155 118 238 28 168 36 33 178 57 183 161 70 106 213 
25 : 30 240 114 80 204 82 236 93 233 225 39 116 53 154 42 59 162 101 249 173 50 141 91 235 87 70 169 121 174 85 119 83 
26 : 208 196 61 245 187 96 211 147 78 223 169 76 163 197 40 123 72 195 164 126 69 210 236 88 222 145 62 213 154 133 201 171 115 172 
27 : 59 86 107 61 191 48 87 77 56 137 190 74 232 183 148 207 170 91 248 197 230 94 146 249 160 66 117 31 233 201 243 129 122 65 216 104 156 95 246 84 234 159 69 83 72 42 134 40 43 41 224 155 34 147 226 46 78 222 184 132 213 227 124 194 52 235 167 177 182 133 100 240 35 33 223 192 32 163 98 50 145 110 25 29 
28 : 60 204 208 210 73 207 131 245 141 96 106 222 26 226 196 54 97 130 190 52 63 31 71 28 153 91 39 98 206 223 178 219 119 231 65 82 34 176 68 
29 : 122 135 157 149 234 194 105 208 65 51 88 43 143 168 96 71 83 176 164 39 52 102 142 32 97 140 25 216 200 85 236 130 196 72 184 187 239 125 113 147 37 86 146 103 160 129 116 159 227 188 92 91 128 106 214 41 197 
