0 : 88 62 113 206 103 183 140 246 225 34 247 212 154 130 185 84 202 211 58 224 198 40 74 90 42 157 35 99 172 135 234 160 205 184 174 44 189 171 59 89 215 54 208 55 163 31 114 156 147 150 83 164 207 132 91 170 57 248 242 158 190 193 36 152 94 133 146 82 112 43 167 143 223 219 100 65 237 102 220 116 245 155 79 29 148 137 53 92 110 117 
1 : 27 195 103 246 241 62 38 169 92 82 137 197 40 31 48 182 163 110 107 61 131 39 119 180 25 95 60 168 36 141 71 208 164 153 185 105 151 243 238 157 78 57 219 122 194 58 72 148 158 145 108 77 90 33 49 111 50 42 231 121 125 93 188 128 240 178 159 165 154 130 80 86 228 68 176 65 100 29 133 226 30 149 99 230 64 171 35 160 115 114 
2 : 242 195 123 231 209 149 85 241 127 135 66 113 157 223 213 188 210 158 42 206 33 141 186 27 63 128 179 93 151 207 90 244 178 217 74 189 230 57 236 104 94 137 38 164 118 238 34 89 43 28 154 162 202 79 54 122 171 190 49 77 165 129 227 175 184 37 114 191 246 31 39 240 95 87 53 140 138 81 44 30 65 203 
3 : 135 214 243 56 83 235 173 208 142 216 108 125 203 121 72 40 226 210 31 139 201 180 236 141 113 77 80 99 164 228 220 127 169 223 123 153 35 91 143 27 36 115 189 148 54 221 90 247 47 144 110 192 193 245 94 249 138 37 
4 : 238 60 162 177 72 147 171 27 230 160 141 58 202 128 51 101 163 55 142 198 214 121 138 133 190 54 25 50 153 243 200 139 205 161 221 130 26 233 115 83 154 183 222 43 168 116 75 204 34 81 
5 : 105 170 160 217 123 156 174 175 192 138 127 115 199 143 78 117 179 247 40 110 73 137 136 88 51 225 235 106 42 93 180 228 140 218 242 173 122 130 193 77 
6 : 53 57 63 162 227 171 117 129 64 175 58 211 195 86 138 232 181 168 59 125 81 38 41 159 209 35 
7 : 240 68 65 34 242 191 123 235 209 166 138 41 37 83 30 230 97 155 129 159 198 215 162 89 52 171 203 214 75 57 144 60 102 219 246 189 217 157 130 221 181 126 200 149 125 169 119 86 109 103 206 28 116 76 33 192 51 243 249 167 207 81 223 71 96 238 50 87 92 220 163 
8 : 96 29 210 130 233 81 37 144 51 207 237 41 83 197 66 180 88 80 133 122 38 119 78 65 226 74 118 229 48 59 225 201 145 202 63 182 153 191 239 166 232 193 249 45 162 199 227 222 235 27 161 55 61 163 39 73 186 206 79 217 26 149 245 76 87 238 40 54 44 117 165 84 120 248 228 183 108 97 72 49 85 109 181 188 
9 : 204 27 206 181 205 65 153 155 127 126 74 33 218 102 116 40 171 99 190 241 199 29 30 138 34 193 167 59 123 38 37 50 165 92 
10 : 221 159 235 238 106 191 56 88 179 185 126 178 216 32 184 211 41 194 146 200 123 119 97 246 150 201 233 242 79 
11 : 73 128 111 75 36 43 100 145 158 26 176 47 45 110 78 167 104 204 157 192 134 245 139 96 60 34 87 28 228 71 112 90 183 61 38 72 103 58 117 212 200 209 64 102 208 132 184 76 166 227 223 165 146 66 234 153 106 226 193 89 222 182 93 187 
12 : 181 93 164 71 237 50 174 97 205 165 126 222 68 39 247 81 136 168 229 157 79 96 245 37 243 60 219 45 200 198 128 240 139 104 155 53 72 32 142 76 52 183 190 
13 : 203 144 186 210 229 201 209 109 135 125 39 170 81 128 242 106 184 226 42 62 200 195 205 55 182 71 147 138 164 45 194 189 202 64 237 153 179 61 79 
14 : 173 61 184 172 79 39 197 123 78 85 112 70 114 44 102 106 200 35 125 92 194 33 103 40 63 245 246 158 82 171 129 211 45 179 66 55 117 249 89 62 228 183 164 81 163 25 147 64 235 84 87 
15 : 41 147 155 125 93 206 170 113 190 90 161 235 212 171 31 209 180 200 185 104 108 162 159 98 186 116 55 101 223 179 68 193 
16 : 65 80 29 136 71 128 173 60 183 30 104 134 84 86 148 209 48 149 217 79 66 224 124 121 105 88 82 204 75 116 200 33 156 91 81 231 40 89 214 129 137 27 125 74 50 94 51 210 38 141 184 119 39 192 205 151 187 150 76 195 155 96 243 78 110 135 185 176 152 194 
17 : 194 54 144 155 77 96 69 175 106 45 38 178 196 141 42 171 203 95 110 113 169 208 213 244 56 143 154 132 64 83 228 32 223 117 153 148 187 85 152 29 57 88 184 138 37 162 218 122 150 75 145 124 226 81 237 151 202 72 163 209 176 238 46 179 125 116 243 188 41 
18 : 183 167 199 210 121 205 137 52 38 106 37 204 33 102 227 53 188 147 34 219 78 113 221 148 197 31 126 68 
19 : 78 99 31 223 98 89 232 118 116 182 85 152 70 184 214 137 243 139 208 218 69 65 148 178 117 227 123 77 201 53 231 27 49 166 109 71 129 249 100 185 125 114 219 41 173 150 200 68 45 239 159 224 79 220 26 153 193 246 179 134 44 60 228 158 230 216 238 48 204 54 120 39 156 209 57 29 194 189 119 50 197 169 217 215 61 176 196 111 
20 : 71 166 31 75 216 34 68 246 46 38 205 86 108 61 206 125 167 233 145 128 153 96 99 55 165 102 236 41 
21 : 166 220 181 108 224 171 188 102 69 185 99 46 118 66 124 120 216 114 76 194 202 148 97 25 95 98 53 103 211 217 145 198 201 58 37 138 80 234 182 26 121 236 212 150 176 162 86 196 200 144 209 173 71 243 249 94 205 155 207 177 167 56 38 235 215 44 74 87 187 83 90 68 214 142 186 183 226 39 100 
22 : 175 196 49 118 95 249 64 228 181 136 186 233 86 163 137 52 54 190 31 116 89 117 71 69 214 205 194 142 156 98 41 112 192 244 92 110 96 240 210 241 169 184 53 119 57 97 73 109 236 62 115 234 166 103 93 200 32 66 123 77 239 88 45 
23 : 133 142 227 239 106 217 103 203 35 57 241 132 117 160 154 38 122 144 146 112 29 242 218 109 213 131 147 149 76 204 68 197 54 27 71 32 81 178 177 73 141 123 222 110 240 53 34 72 94 188 171 
24 : 135 79 132 244 144 195 71 181 232 221 82 32 109 108 33 51 122 66 203 45 35 194 160 151 61 140 206 167 239 164 176 158 150 112 227 149 148 74 186 96 152 91 125 107 222 213 211 83 27 119 46 165 245 146 199 138 249 143 120 129 57 87 41 228 104 243 212 52 180 218 248 209 196 69 139 126 214 134 162 156 39 159 58 114 100 47 173 191 
25 : 138 233 205 176 83 191 87 153 123 221 241 69 55 182 89 131 130 28 201 82 150 215 209 149 74 139 168 222 109 116 136 216 190 26 224 112 249 238 57 91 219 88 70 56 181 236 229 63 169 137 34 42 186 47 
26 : 70 192 43 123 144 116 133 93 56 67 241 142 161 49 239 243 236 37 222 145 204 147 68 143 184 107 64 42 71 79 36 205 229 108 97 77 168 30 82 181 104 140 110 39 65 159 90 177 29 248 94 44 118 62 153 51 244 173 157 207 213 92 48 182 221 105 63 202 31 158 74 83 195 137 135 109 
27 : 163 128 68 100 67 231 65 168 90 194 245 55 237 235 207 162 145 119 214 195 114 126 241 115 34 124 139 161 202 39 58 175 222 150 228 69 109 166 94 246 117 229 209 108 49 47 103 
28 : 91 89 43 167 130 231 202 99 29 63 207 166 229 186 100 215 164 46 35 108 196 170 154 217 111 180 113 208 47 140 141 77 152 39 70 123 120 62 232 144 90 
29 : 159 124 223 229 96 85 52 78 247 84 48 95 88 135 187 76 144 74 108 207 165 131 50 214 212 199 196 180 30 93 145 246 44 72 185 102 158 61 206 220 54 134 
30 : 148 191 96 158 142 228 193 135 208 219 124 79 178 128 220 97 90 81 115 140 159 61 181 173 46 102 88 199 170 188 240 89 44 80 127 52 133 214 35 43 224 239 241 72 139 118 42 39 76 99 34 77 91 144 
31 : 89 158 115 25 77 198 177 87 220 155 104 33 161 215 83 121 27 249 167 26 225 116 66 95 190 
32 : 73 51 193 232 206 85 156 221 136 230 100 162 249 28 29 118 134 241 123 46 175 38 72 106 244 95 212 
33 : 134 163 135 154 155 226 181 141 85 200 204 210 130 242 148 65 120 237 157 145 86 83 54 197 203 161 66 115 88 215 35 45 125 211 169 182 68 137 229 168 99 214 216 248 93 132 222 238 187 57 78 246 189 100 30 
34 : 114 177 91 151 229 89 108 223 201 237 197 79 100 94 139 75 51 97 164 207 63 182 95 136 183 120 240 206 147 33 44 31 
35 : 26 131 52 228 247 155 140 235 81 207 218 77 196 151 80 127 159 177 84 105 236 114 206 179 241 62 88 112 130 146 85 
36 : 102 148 229 163 55 242 189 155 42 207 61 214 106 88 170 217 139 33 220 123 171 240 66 169 28 239 179 59 153 178 56 92 43 62 224 54 86 131 205 52 
37 : 98 133 146 81 212 169 29 207 83 239 190 198 67 225 205 72 224 62 200 41 109 63 214 139 132 97 118 147 90 164 27 245 182 64 188 178 176 110 236 231 71 
38 : 163 219 88 187 183 222 78 155 36 242 175 205 111 184 131 60 25 238 195 57 92 172 177 94 139 41 120 203 231 227 153 149 229 216 215 193 129 173 191 202 211 145 220 207 55 70 81 233 74 209 138 90 121 206 27 35 225 
39 : 172 107 67 48 119 176 142 49 41 121 90 78 80 104 146 97 249 194 118 204 134 245 131 138 212 74 223 34 82 70 170 85 191 140 150 84 222 211 61 159 187 65 123 206 179 235 180 151 47 55 229 183 96 40 237 120 99 81 109 157 224 195 155 32 115 79 167 240 216 
40 : 82 131 92 172 42 94 160 45 161 189 56 105 155 183 164 32 135 101 224 177 197 59 139 241 176 39 237 165 43 38 65 55 174 138 133 114 95 220 93 185 48 144 112 166 41 170 152 180 151 58 136 243 187 195 248 106 35 143 242 249 246 31 228 240 26 113 104 
41 : 77 164 248 172 199 67 85 54 145 153 200 135 92 115 107 97 64 202 94 245 39 249 134 118 196 117 106 34 227 89 86 213 191 194 146 128 84 124 193 152 242 198 53 100 217 184 93 148 236 216 136 129 90 38 159 171 29 166 160 219 181 127 75 229 137 87 125 234 71 
42 : 127 30 107 71 162 185 237 219 33 79 245 186 151 170 198 88 231 244 77 157 99 175 35 56 180 224 238 147 164 138 63 82 230 211 133 214 216 41 26 161 192 38 248 199 50 96 64 171 32 159 193 129 247 158 134 135 179 111 83 93 103 197 65 109 169 76 
43 : 137 192 226 243 103 195 172 135 104 38 127 164 27 62 153 99 140 132 49 158 60 87 48 117 143 246 45 71 229 131 50 63 68 109 154 100 111 214 53 35 94 155 41 161 51 223 198 248 142 212 110 42 231 210 74 121 139 95 201 205 163 82 79 134 219 188 114 182 166 209 199 29 169 
44 : 195 184 171 228 72 156 94 97 245 206 45 38 236 30 102 170 163 109 145 101 132 41 227 148 235 192 174 238 223 144 137 126 44 247 241 69 198 67 188 150 165 136 58 229 243 222 185 225 242 76 118 70 153 100 103 112 215 
45 : 57 176 61 118 200 85 158 185 237 86 205 129 45 40 77 42 65 25 233 191 26 161 163 211 116 81 100 36 58 162 195 122 207 151 182 55 34 150 248 113 157 183 109 106 213 27 95 198 235 246 32 142 156 73 133 97 189 124 164 206 63 144 203 192 136 167 69 80 37 215 105 201 140 178 79 48 218 230 242 212 208 186 
46 : 112 193 214 205 61 145 43 50 208 148 198 129 155 224 196 95 97 192 39 194 127 76 168 178 52 179 54 113 187 136 138 25 59 135 
47 : 47 208 195 40 26 101 191 36 75 110 85 224 145 117 237 178 234 81 142 197 179 70 221 69 62 217 71 205 167 59 165 132 28 121 111 56 98 209 159 189 80 223 229 242 238 106 134 118 88 140 96 102 206 52 115 147 199 124 203 30 200 153 87 34 61 193 60 192 76 169 27 74 213 152 235 97 57 215 201 177 108 120 38 226 249 216 219 151 49 66 
48 : 166 143 83 160 145 111 136 245 32 202 88 31 172 39 102 185 104 150 184 59 149 86 40 30 192 79 232 147 174 89 242 195 135 239 226 200 107 133 58 63 81 225 127 165 123 152 68 217 122 156 209 229 80 69 42 205 47 71 48 220 213 33 85 
49 : 80 131 188 226 223 65 34 215 36 189 112 187 48 56 183 150 52 214 163 114 220 201 246 44 99 27 194 59 75 222 144 47 25 106 224 243 211 203 53 197 171 182 63 157 97 60 88 248 45 81 145 61 76 37 139 68 204 143 35 146 50 62 79 109 154 31 178 102 26 212 172 141 225 160 111 227 136 142 235 121 38 135 165 138 185 
50 : 226 136 162 38 128 107 134 26 150 214 59 143 146 108 188 249 106 46 156 101 82 165 56 130 135 144 112 
51 : 86 69 180 135 181 130 75 172 103 47 70 210 137 127 118 189 56 248 64 46 220 99 82 89 81 
52 : 132 66 142 181 154 115 127 129 104 39 61 161 195 184 179 185 191 108 145 58 183 109 237 202 210 
53 : 148 90 140 141 219 83 175 80 222 119 205 201 32 108 86 43 246 134 230 150 151 124 130 214 235 128 88 204 238 231 242 121 229 54 217 196 158 180 123 57 45 202 70 166 154 162 190 113 168 226 29 207 199 145 161 198 69 98 106 74 38 220 60 244 36 33 137 171 59 208 183 85 92 174 136 125 163 139 186 189 
54 : 144 245 74 72 146 239 130 76 248 48 186 106 207 228 190 113 103 75 193 127 249 100 86 117 176 169 204 96 44 118 116 78 134 198 53 26 159 162 160 122 229 145 
55 : 227 107 149 47 137 99 224 34 237 232 229 112 27 76 170 143 164 93 116 48 211 51 136 96 121 154 185 200 206 192 220 241 49 81 172 122 
56 : 96 81 137 161 106 215 147 221 135 58 95 188 109 31 145 125 129 194 80 54 134 146 247 49 48 34 133 229 65 168 97 50 172 178 246 55 85 
57 : 151 124 143 126 109 219 241 43 70 115 234 213 182 118 26 107 64 62 223 97 195 190 25 192 88 209 54 141 208 56 127 218 227 61 78 101 94 217 176 142 148 206 28 147 230 145 189 137 153 221 105 67 140 203 83 27 89 114 186 220 71 55 191 63 69 181 65 87 178 42 171 32 157 170 131 235 185 91 30 93 211 
58 : 249 222 173 184 138 85 101 246 109 239 136 117 196 226 245 46 190 96 80 135 65 133 27 167 116 83 213 34 238 150 228 69 48 179 181 225 86 182 163 107 156 102 53 143 162 202 210 188 120 127 111 200 30 178 198 161 95 128 215 204 60 29 
59 : 228 99 123 148 100 157 233 89 58 44 57 146 86 94 133 238 237 71 73 198 118 107 239 103 110 141 137 158 114 149 169 241 127 222 80 72 83 136 37 224 91 185 42 28 
60 : 186 225 38 109 245 29 30 122 61 56 58 115 134 117 93 63 164 214 112 59 47 156 60 149 39 238 85 135 202 228 98 197 66 46 218 27 92 169 177 216 201 110 83 205 
61 : 101 124 69 132 149 85 162 181 50 161 170 243 235 62 148 163 134 68 203 26 86 97 37 151 197 98 58 118 93 34 225 41 49 54 244 47 213 209 165 169 232 231 249 108 129 174 122 53 43 247 45 71 214 107 74 160 33 113 144 42 177 92 102 193 136 159 
62 : 169 47 103 106 141 162 120 36 231 126 155 100 199 146 93 173 137 159 26 143 109 149 207 45 152 86 168 87 236 61 63 175 56 187 214 76 156 142 40 53 184 198 151 128 165 132 244 148 201 225 32 230 239 112 223 197 210 212 194 39 138 69 72 118 83 202 183 64 218 200 104 
63 : 38 112 166 33 90 170 241 122 57 149 174 117 51 36 31 133 235 91 208 236 48 183 144 47 81 139 230 93 40 240 42 158 185 119 113 167 227 155 127 246 146 164 211 200 224 71 129 225 203 192 79 88 120 217 184 
64 : 244 112 161 227 123 98 72 236 207 185 217 82 164 46 101 79 31 58 242 223 65 222 245 96 212 53 196 75 188 152 107 47 229 174 237 128 29 32 165 195 43 52 176 54 175 74 87 70 80 159 131 201 73 35 
65 : 181 127 115 179 48 65 63 156 138 140 75 183 56 228 203 70 104 113 172 218 174 84 150 130 144 52 
66 : 92 193 162 44 30 241 237 120 164 242 156 66 141 150 46 131 229 40 132 95 35 55 233 89 170 216 232 210 86 49 118 64 200 230 38 158 152 122 116 115 126 206 119 218 244 148 197 137 58 169 201 94 45 145 147 50 63 42 209 149 100 65 67 33 128 182 165 223 155 87 
67 : 53 174 122 128 120 198 176 26 205 132 164 142 100 166 42 202 58 190 55 80 192 167 146 25 235 149 210 238 37 221 249 90 48 158 204 247 46 66 157 72 114 45 199 125 62 211 123 69 183 130 180 56 34 154 177 93 68 224 234 239 97 168 44 111 153 151 207 43 108 91 181 106 228 243 141 81 35 29 47 101 186 144 89 52 162 115 129 140 
68 : 43 126 27 64 246 160 50 36 152 242 112 107 167 37 46 176 123 115 125 243 178 170 134 193 219 165 249 211 154 171 209 187 42 185 198 132 226 221 231 76 223 149 180 172 144 
69 : 237 158 240 54 32 180 149 103 154 96 170 36 55 233 177 118 75 116 25 130 102 127 41 98 209 178 153 39 235 140 119 38 82 146 230 157 249 165 126 201 
70 : 146 119 86 136 92 111 210 243 59 249 143 152 141 106 222 217 56 195 187 66 104 239 54 73 232 68 78 
71 : 98 148 39 228 244 53 201 36 149 79 37 225 150 152 188 145 155 50 157 41 199 124 189 55 111 63 130 84 90 185 114 25 102 104 65 194 206 248 120 231 59 52 136 26 125 115 108 173 134 245 38 46 109 246 99 
72 : 67 60 120 126 134 55 115 175 153 198 130 69 170 183 226 63 64 186 156 128 92 220 57 247 73 43 108 209 31 161 167 65 232 30 58 101 162 125 32 160 107 105 144 35 216 71 194 178 112 46 45 114 215 79 185 113 227 200 202 219 173 206 207 44 182 176 201 91 171 119 168 234 87 229 135 246 116 90 208 81 68 78 233 84 179 230 70 192 
73 : 230 146 84 128 228 204 71 118 193 32 154 167 140 73 67 142 188 125 86 98 246 232 199 187 106 243 57 245 30 233 215 130 44 213 189 104 90 52 201 225 49 78 
74 : 243 107 160 26 147 98 72 85 167 93 41 124 206 83 239 137 199 202 190 79 133 33 119 136 216 34 66 87 242 139 80 181 230 187 207 84 45 48 131 172 110 
75 : 32 103 115 144 120 163 75 183 39 207 166 172 218 87 237 162 209 51 168 245 67 240 132 25 105 130 48 208 56 230 54 201 98 192 55 210 178 85 150 138 60 99 223 89 170 58 213 235 202 147 102 112 62 185 212 171 
76 : 119 189 40 221 62 166 178 108 229 116 245 238 190 134 66 214 160 120 228 133 193 201 38 114 34 
77 : 61 198 126 25 210 107 127 208 237 124 166 31 97 111 207 176 81 206 82 203 236 38 175 235 104 119 134 182 151 183 184 48 62 227 159 122 125 138 136 241 102 66 194 216 30 94 91 98 59 161 137 218 150 189 75 
78 : 116 118 245 123 159 163 131 45 172 177 92 33 189 67 176 134 130 167 125 41 99 141 164 107 59 207 126 149 86 73 139 235 208 138 244 171 145 183 211 191 194 237 77 230 160 82 156 94 81 57 48 71 93 168 108 236 216 117 70 240 133 112 40 88 104 152 
79 : 168 78 175 97 49 174 216 119 84 179 81 239 134 162 85 243 187 167 48 164 75 144 130 176 96 181 184 244 194 93 157 226 
80 : 91 59 249 45 39 50 38 49 168 156 170 127 41 201 244 101 141 126 26 187 56 215 75 140 153 79 202 97 47 55 162 143 146 29 53 31 96 164 212 233 108 142 34 64 77 68 220 198 122 57 144 189 133 172 123 87 188 228 131 
81 : 199 225 34 190 182 76 231 73 95 204 56 93 89 205 177 170 45 207 82 185 180 142 39 69 215 128 47 249 139 58 90 174 141 242 104 160 53 78 133 171 107 91 55 143 80 241 167 220 214 42 
82 : 42 27 71 79 64 109 179 60 26 61 183 125 93 234 165 229 104 140 156 159 92 119 147 157 143 197 100 205 95 224 91 29 135 243 
83 : 89 249 91 106 127 141 214 116 152 118 63 139 104 53 135 34 131 129 144 26 78 55 189 197 239 66 223 203 39 96 92 25 242 153 51 130 125 43 156 48 94 123 182 185 115 213 109 206 126 58 212 188 168 227 218 221 68 117 178 205 204 146 149 142 128 60 108 143 71 42 102 234 38 174 244 170 230 228 97 246 154 166 235 121 99 111 57 81 
84 : 129 204 33 73 209 247 29 66 81 83 137 39 150 60 230 243 226 63 192 199 234 135 238 144 79 143 80 216 177 174 65 32 233 110 122 157 103 52 172 249 77 176 148 132 120 70 215 108 131 244 179 182 200 40 155 96 229 181 208 105 173 100 128 27 97 225 
85 : 234 87 59 82 102 239 60 149 77 176 81 217 247 148 107 70 225 135 222 152 198 138 51 92 140 88 195 193 188 52 119 26 48 45 98 124 204 61 132 42 229 37 46 226 130 55 235 121 136 91 57 122 84 245 118 95 56 249 211 80 103 172 161 220 248 228 191 44 110 224 30 190 244 182 199 68 
86 : 202 184 29 112 44 48 55 32 59 139 169 159 125 70 58 175 249 216 89 138 180 111 192 204 86 53 38 187 174 124 156 83 231 40 37 62 176 96 92 39 123 68 185 132 208 41 206 245 213 232 79 210 78 36 240 211 241 152 114 116 81 161 131 63 33 227 105 130 248 190 199 136 102 238 91 
87 : 36 106 143 99 55 114 129 32 79 83 155 57 139 180 122 218 124 101 153 95 217 123 205 68 230 242 104 144 137 169 82 50 33 161 103 193 212 146 
88 : 99 37 220 32 161 175 158 80 121 211 131 73 213 179 107 232 144 46 61 100 243 86 126 176 110 66 180 241 156 142 186 247 200 91 27 194 54 224 140 170 67 136 173 52 43 48 53 148 178 141 124 185 29 31 93 38 230 75 147 50 152 248 166 181 132 112 210 204 231 221 182 234 34 123 155 89 189 
89 : 77 200 216 192 160 198 234 98 37 206 140 193 153 223 205 211 116 170 53 66 72 218 38 227 172 136 247 114 196 30 80 84 176 145 236 76 42 131 212 27 171 119 52 159 99 220 109 209 141 95 124 144 63 50 231 
90 : 44 202 161 26 216 158 227 67 128 208 27 83 140 95 70 138 63 156 190 229 66 194 191 164 179 59 146 36 239 213 52 122 130 104 61 33 113 236 53 94 49 160 38 142 159 121 46 219 167 126 79 207 132 107 247 80 25 31 99 162 188 
91 : 124 220 184 179 199 156 229 152 164 53 78 112 144 27 101 80 151 162 30 39 100 120 77 197 159 216 196 41 94 222 246 121 138 119 111 165 154 186 66 113 210 43 172 55 171 249 57 194 225 90 187 193 25 62 198 126 221 79 35 158 26 204 226 208 45 48 36 169 88 127 235 95 75 192 83 195 31 234 185 166 
92 : 38 202 206 215 116 73 95 46 107 131 44 33 47 189 171 173 153 31 136 85 40 198 26 229 30 34 166 162 78 161 88 132 37 53 82 62 226 39 134 207 149 239 123 192 179 223 25 151 84 100 64 89 180 114 186 247 119 212 208 182 113 200 188 228 125 241 147 155 118 129 177 92 81 234 
93 : 127 73 197 110 42 78 149 214 62 221 67 245 132 152 210 47 111 64 155 115 211 241 109 126 150 174 108 84 219 165 57 122 230 114 139 229 193 142 156 234 141 182 201 59 
94 : 162 182 217 210 118 218 77 115 153 203 225 228 149 128 216 75 156 188 78 202 123 214 43 30 179 86 167 190 56 62 224 192 169 184 145 104 130 93 244 246 230 57 122 28 212 234 233 46 135 26 
95 : 243 235 200 160 82 147 202 130 211 231 198 113 58 234 142 212 29 90 166 222 237 85 227 192 56 155 229 54 241 43 86 61 81 48 92 127 31 182 75 128 44 158 79 191 71 91 76 164 210 183 219 249 100 
96 : 48 201 69 44 46 205 156 150 216 154 101 183 134 215 42 27 115 242 128 214 190 184 127 204 200 228 137 226 170 103 174 234 146 28 229 217 148 249 209 43 172 168 30 102 62 74 239 52 73 47 57 34 219 224 96 97 140 139 245 36 122 225 144 149 206 110 198 111 83 171 55 
97 : 35 203 88 44 107 26 36 229 138 37 128 58 204 28 148 161 191 155 171 158 210 143 233 113 33 27 184 166 102 234 127 103 132 187 232 
98 : 99 152 60 170 89 166 171 244 95 194 209 119 158 145 38 62 178 225 222 154 69 41 52 180 164 30 157 243 163 240 207 107 48 237 224 51 76 74 125 249 140 188 27 86 247 220 217 181 101 182 37 71 232 129 102 61 137 141 246 82 183 120 105 184 32 59 214 173 113 122 68 202 108 230 
99 : 240 186 135 121 99 46 192 83 150 243 181 184 94 233 173 160 52 36 248 47 180 232 166 43 169 226 68 48 91 245 72 187 154 229 218 174 45 237 197 25 100 37 40 85 208 231 242 216 29 151 221 235 74 161 179 107 101 202 227 145 
100 : 203 70 146 115 109 225 204 120 131 28 185 104 194 91 152 90 206 103 248 59 87 170 118 106 119 112 237 25 227 215 99 161 186 229 197 101 64 77 184 156 166 124 33 213 128 189 159 78 200 209 228 239 47 71 247 80 180 154 73 132 49 
101 : 131 81 193 196 94 43 184 105 245 102 37 137 130 198 46 214 35 246 218 247 61 39 92 222 231 202 111 224 143 189 161 27 177 152 107 145 36 124 233 146 195 86 32 244 50 28 67 63 186 64 194 47 29 45 179 76 112 153 117 203 118 219 181 75 132 126 51 135 248 172 114 100 210 48 30 249 141 150 228 84 108 55 101 180 170 
102 : 31 60 97 89 185 247 202 218 160 175 128 132 51 131 56 147 38 35 181 241 106 109 136 216 92 105 143 68 64 112 82 193 213 187 165 158 119 70 42 210 182 201 
103 : 72 246 44 235 52 194 244 67 38 31 117 174 26 47 71 215 181 74 118 236 155 112 116 108 54 159 122 178 189 97 105 123 248 142 126 124 137 91 33 129 146 51 135 210 240 224 204 115 171 167 46 148 37 134 45 76 34 99 36 170 58 190 162 78 151 239 29 234 80 218 133 136 169 197 32 221 149 28 177 
104 : 200 249 227 30 194 196 93 67 179 189 94 42 199 139 110 166 109 211 102 37 187 60 81 156 212 45 119 181 191 115 222 61 151 185 123 188 
105 : 75 25 101 118 39 90 187 93 203 179 148 186 149 122 230 152 38 76 58 221 192 46 178 114 138 116 70 34 111 123 155 66 98 109 36 45 35 235 241 169 48 107 180 199 167 80 156 44 157 64 206 41 185 53 150 174 168 96 188 
106 : 233 103 62 200 140 226 201 123 39 49 212 139 56 73 35 192 225 81 105 177 96 189 27 171 86 119 44 127 90 178 154 79 172 45 235 195 245 48 101 191 70 214 223 118 156 38 229 110 26 164 25 
107 : 162 31 136 210 215 93 187 206 167 213 183 34 73 128 195 197 99 134 104 193 174 143 87 121 62 33 117 51 211 54 204 28 249 155 82 175 63 154 37 214 86 182 79 92 32 61 74 119 
108 : 27 69 152 214 30 174 166 58 92 212 247 204 213 135 199 25 85 153 234 157 186 188 108 26 39 205 126 35 185 178 90 192 
109 : 237 101 28 208 42 235 120 124 215 87 147 46 107 182 169 166 155 193 135 65 26 59 180 214 240 51 163 49 234 94 159 177 39 143 204 29 168 249 132 152 41 115 85 68 69 50 139 80 96 213 44 53 
110 : 154 187 115 130 243 46 110 41 188 146 42 149 172 88 101 181 107 205 160 235 225 167 198 169 55 83 220 37 136 166 203 43 65 
111 : 114 57 151 160 120 118 125 161 242 29 52 99 85 100 220 105 36 37 228 163 216 33 61 143 246 31 129 140 214 98 141 48 206 42 235 
112 : 84 211 82 99 107 109 102 115 67 215 187 140 130 48 66 36 239 142 168 235 100 133 145 157 143 73 
113 : 212 247 127 57 154 49 189 238 112 102 226 178 46 29 170 123 192 149 56 187 95 186 121 174 218 142 146 71 145 28 43 173 118 191 162 
114 : 104 155 182 105 220 204 163 185 201 141 190 237 200 46 147 186 97 139 131 192 181 43 36 96 238 178 244 37 156 58 132 134 119 179 233 66 151 35 79 146 32 88 75 208 222 112 206 84 113 133 177 
115 : 49 127 67 53 141 210 134 187 245 128 146 231 230 168 122 214 229 101 59 167 60 212 162 147 29 88 118 182 189 164 117 234 62 40 68 125 81 235 138 184 228 87 83 116 173 
116 : 221 98 173 104 107 238 193 185 97 187 172 55 136 231 225 117 161 116 106 103 180 80 196 26 235 198 246 129 233 101 64 109 93 77 242 48 218 142 113 127 35 247 43 40 37 169 203 236 28 167 30 188 230 29 239 51 58 202 240 94 115 118 148 112 84 210 216 243 73 99 179 31 244 192 158 123 211 204 45 156 
117 : 31 113 183 208 68 107 226 187 46 95 55 117 35 125 76 28 243 155 105 171 152 27 231 202 249 227 112 203 209 65 100 236 206 92 143 99 245 165 135 218 229 110 235 237 133 38 45 74 43 241 96 193 166 179 197 127 188 101 42 177 153 172 184 186 207 181 228 81 239 168 64 32 147 180 210 
118 : 131 209 134 218 81 198 28 145 86 151 242 113 78 105 140 202 172 235 149 56 241 77 88 155 191 54 97 132 195 32 41 39 201 127 176 68 45 40 84 165 37 160 111 159 248 117 231 143 89 122 29 243 76 95 205 53 168 161 208 48 31 55 219 46 173 212 239 130 35 108 101 66 170 62 128 150 33 142 42 230 196 229 44 
119 : 165 29 187 211 125 114 219 213 86 113 132 73 55 188 227 141 212 62 181 155 223 127 152 144 249 44 128 93 200 49 122 185 
120 : 245 234 57 219 112 138 175 111 74 84 95 155 168 218 25 215 42 223 157 33 127 227 222 34 36 196 93 153 100 137 110 63 105 85 40 94 48 228 104 158 61 238 114 142 117 199 204 193 165 200 172 143 120 181 77 123 145 148 246 179 190 209 121 28 150 26 213 98 35 76 90 116 171 207 147 115 62 186 170 130 27 31 54 83 184 108 51 96 
121 : 133 159 72 33 232 68 39 184 202 148 62 188 119 151 26 42 208 206 80 239 165 224 221 179 58 78 66 48 67 127 249 147 236 226 103 74 69 61 113 225 246 126 138 129 65 193 213 27 220 248 243 187 116 46 192 85 223 247 195 140 219 111 157 191 90 142 104 25 144 57 135 235 44 115 196 162 241 137 200 
122 : 205 54 84 196 216 28 99 73 235 135 51 122 185 39 93 165 32 176 100 108 48 183 61 236 80 128 81 242 233 86 202 166 193 101 62 118 204 203 102 214 243 44 124 178 38 30 42 103 181 167 45 213 116 133 159 187 
123 : 145 209 218 167 175 181 85 184 172 75 225 89 220 129 126 113 31 78 227 142 30 130 213 162 235 207 189 232 105 88 109 76 68 223 159 233 185 65 52 152 40 102 195 174 204 80 42 64 29 199 106 67 165 121 59 155 38 
124 : 182 96 194 90 240 212 61 51 138 91 206 119 173 162 54 201 219 71 249 239 200 247 158 209 190 230 177 223 123 106 89 30 83 84 165 248 76 117 178 98 34 85 150 145 135 139 168 110 79 243 74 80 179 198 204 134 221 78 39 141 231 66 70 41 107 183 210 37 227 113 159 132 241 166 244 246 97 136 164 175 47 163 72 153 185 167 169 
125 : 127 169 242 37 148 68 144 246 178 36 176 192 140 49 167 200 227 177 39 114 31 243 153 151 245 206 159 54 100 79 146 202 53 60 141 74 56 102 78 55 117 161 147 213 137 81 194 191 41 62 27 236 152 40 59 
126 : 33 157 190 154 220 223 108 235 59 57 210 96 41 161 107 50 123 49 156 127 244 134 124 29 73 130 36 226 70 56 212 119 82 162 136 31 128 236 132 242 89 135 174 201 63 121 62 99 40 38 42 243 233 159 34 32 248 183 153 77 44 215 84 231 100 175 182 228 91 227 111 225 
127 : 193 146 39 82 86 227 123 220 185 85 96 55 172 112 150 177 233 145 221 248 83 77 241 137 73 200 62 69 125 195 243 249 212 164 107 235 198 98 218 206 40 30 136 213 101 72 151 
128 : 229 40 171 131 81 43 247 75 238 161 112 183 153 190 225 71 186 182 234 28 191 209 203 53 140 96 176 142 65 216 103 56 118 84 98 63 
129 : 175 32 190 36 242 186 51 192 243 122 139 101 125 172 228 92 225 140 134 198 154 87 151 158 206 78 156 62 217 210 159 58 66 93 234 216 67 161 31 245 224 124 145 194 98 212 135 169 211 201 97 132 152 61 129 241 133 170 40 72 46 37 41 60 39 107 49 25 44 57 247 109 185 81 176 142 
130 : 179 239 149 34 223 159 110 137 30 139 166 201 206 43 240 81 72 226 112 75 124 187 116 67 65 205 143 156 183 44 121 245 234 229 61 176 163 45 119 84 79 88 169 237 185 168 47 228 247 46 202 132 232 235 58 
131 : 231 123 29 78 58 104 59 131 79 34 72 82 155 160 165 223 118 154 42 197 98 44 96 109 48 143 63 208 91 186 201 113 209 181 193 200 
132 : 136 182 215 211 46 82 150 105 50 238 58 117 196 170 189 137 147 163 143 208 63 149 187 221 216 131 94 52 227 95 160 85 102 233 190 79 201 224 67 185 125 118 235 176 132 115 135 59 92 
133 : 80 237 233 27 48 207 121 239 26 137 43 176 178 57 219 188 155 148 60 198 92 115 190 163 70 244 217 79 101 211 56 76 67 74 117 106 236 156 82 68 183 81 162 195 228 95 
134 : 166 242 201 191 69 63 222 133 141 105 67 143 115 186 243 147 99 35 61 182 45 30 232 236 134 215 145 116 217 150 248 111 196 114 108 190 149 160 132 64 224 213 48 41 33 107 130 199 32 126 225 241 54 125 218 79 31 90 223 36 27 231 98 53 85 163 87 84 246 198 203 161 57 168 119 205 179 155 136 151 51 
135 : 161 156 130 230 30 170 174 167 106 122 154 136 138 119 236 234 141 196 55 226 112 25 208 209 212 162 57 107 224 184 233 
136 : 246 123 240 181 145 104 243 86 25 175 165 114 156 54 180 215 226 187 189 105 188 89 138 228 32 176 57 81 111 109 93 244 140 100 119 249 78 229 124 35 106 157 199 41 130 56 216 193 97 211 150 134 141 55 174 101 91 103 99 79 116 155 115 208 39 232 207 231 122 223 200 218 90 242 27 51 107 201 71 118 213 177 186 161 28 
137 : 83 206 204 34 77 126 207 43 113 39 152 41 133 162 99 121 224 66 105 96 146 205 227 31 212 93 151 55 70 71 35 217 175 120 230 154 170 183 223 109 168 45 136 246 56 181 51 242 192 149 216 58 30 243 135 
138 : 163 118 130 49 113 115 74 224 151 104 50 72 206 192 108 191 166 242 88 86 39 195 137 33 233 153 202 80 156 249 247 183 230 79 240 
139 : 73 64 221 58 230 129 29 232 55 214 54 97 117 202 33 156 239 236 185 210 115 245 74 199 119 32 79 111 42 112 204 49 59 90 186 82 123 122 93 106 153 223 159 60 143 227 28 45 135 116 160 76 98 25 242 65 169 77 191 40 207 125 212 224 43 
140 : 82 129 148 142 206 137 34 109 166 56 241 150 139 194 78 178 174 32 246 87 224 179 123 65 211 143 30 180 
141 : 37 82 145 67 96 116 155 41 51 133 229 72 95 119 45 215 59 179 249 99 103 220 227 78 208 153 192 30 81 117 224 57 180 223 29 90 87 36 
142 : 211 60 175 145 110 171 31 218 220 30 45 249 176 233 242 84 199 132 75 160 53 71 150 80 41 102 151 50 131 159 161 205 108 87 54 89 143 92 63 155 165 202 224 197 
143 : 96 239 81 130 97 90 57 86 144 233 28 131 110 30 220 25 245 207 114 213 119 127 93 72 240 50 153 44 210 228 100 180 168 
144 : 222 134 234 190 213 163 72 175 51 104 37 180 108 139 151 70 115 81 90 135 235 158 66 35 42 77 111 38 127 117 62 196 97 242 116 
145 : 71 185 231 57 234 146 168 84 220 50 134 129 159 208 217 44 72 227 224 67 100 164 195 158 104 204 172 
146 : 127 242 93 120 146 80 45 215 201 171 147 229 140 203 210 102 84 128 101 218 190 154 123 66 183 188 62 135 206 219 167 162 90 222 55 179 148 223 185 
147 : 194 58 221 158 101 109 47 70 201 190 100 120 230 85 48 60 106 114 50 119 89 222 66 209 35 107 228 187 247 140 203 188 117 130 162 249 166 
148 : 151 28 229 77 144 246 73 111 134 47 102 204 101 70 124 249 63 45 226 178 78 97 232 147 39 
149 : 42 166 133 61 79 121 145 196 202 124 102 66 112 84 127 77 87 245 225 142 81 218 141 201 175 89 183 131 210 198 78 249 217 167 153 224 158 193 103 
150 : 79 213 57 104 209 228 167 34 217 65 249 150 88 154 131 42 247 98 86 120 195 149 245 212 35 241 121 201 230 173 237 160 26 62 110 106 28 240 205 211 124 164 91 69 102 130 185 113 123 126 32 183 180 175 225 53 103 187 76 222 184 227 161 223 193 176 92 200 118 60 105 72 129 135 197 77 238 125 194 101 232 111 146 84 140 48 246 178 56 39 
151 : 227 189 225 238 241 203 110 130 86 163 136 166 151 145 120 117 218 214 77 106 65 78 35 54 69 79 92 133 165 149 55 188 212 231 94 41 196 144 27 137 124 237 173 217 243 240 52 111 103 170 73 61 
152 : 47 190 62 110 75 93 84 141 192 122 133 115 167 68 247 55 224 154 53 88 175 195 196 31 203 244 144 104 159 35 214 42 153 249 101 117 80 146 198 230 
153 : 248 119 218 206 122 109 59 33 230 71 89 79 74 146 83 61 138 200 39 196 184 162 177 56 234 243 67 176 194 64 112 203 69 126 108 239 47 168 143 158 113 205 101 157 73 228 
154 : 135 47 43 109 161 225 114 53 152 70 25 94 236 111 117 163 189 187 39 149 237 28 103 96 210 
155 : 194 53 154 110 55 117 218 127 103 187 97 235 240 161 216 129 177 223 146 174 207 204 56 199 40 208 163 47 76 243 158 148 212 160 59 234 209 87 150 81 38 122 90 176 138 220 93 121 134 74 156 231 224 137 227 66 180 247 128 42 68 31 173 111 101 
156 : 58 170 156 216 178 172 96 246 41 98 238 139 25 181 60 226 111 69 204 214 218 167 150 47 169 206 198 134 219 160 242 120 128 91 79 192 99 100 72 116 190 127 203 183 168 32 140 179 74 118 249 163 132 62 162 217 86 121 180 157 90 51 122 196 177 237 77 71 151 159 92 83 209 208 124 
157 : 60 125 75 120 96 38 144 114 143 168 41 45 70 92 248 47 43 205 155 175 152 101 106 185 100 193 104 62 
158 : 113 33 55 78 95 25 30 165 127 75 34 48 26 178 27 52 169 186 85 131 245 193 236 204 175 195 154 41 153 89 80 83 230 217 218 92 43 235 156 157 142 248 211 208 189 228 35 222 102 128 67 172 181 148 197 239 37 191 100 185 61 215 117 44 28 190 129 138 84 110 63 60 64 147 159 120 168 47 96 36 206 220 196 243 179 
159 : 189 90 209 109 175 176 116 144 50 26 170 244 187 33 71 186 103 114 208 204 163 132 152 177 77 60 169 86 76 180 
160 : 92 197 162 70 67 208 45 220 95 212 231 116 177 147 140 219 62 78 46 89 41 233 130 157 155 190 236 210 
161 : 213 57 67 47 100 123 105 111 137 209 224 153 133 44 56 160 80 37 197 113 45 169 63 186 232 78 84 193 139 226 121 34 
162 : 131 199 84 221 153 167 238 141 86 142 166 203 205 176 30 128 101 190 69 118 56 196 79 239 27 227 78 89 103 42 170 133 28 214 152 80 225 38 70 140 136 171 154 149 121 129 66 213 209 226 100 146 
163 : 147 217 221 50 151 99 129 48 100 27 33 29 164 75 179 183 47 204 141 41 171 149 190 199 228 222 161 191 192 95 128 209 197 98 244 198 145 38 202 119 248 133 71 241 110 46 135 109 240 88 67 236 127 111 54 156 66 40 146 115 186 157 108 97 84 102 175 116 114 237 25 30 82 87 69 245 26 170 224 227 158 234 
164 : 27 204 98 183 224 200 202 90 65 171 243 102 74 161 235 246 59 159 85 47 236 28 94 203 155 79 147 100 96 196 75 126 152 184 247 58 223 51 34 237 25 49 210 136 172 232 244 205 131 178 249 39 114 190 181 91 195 211 226 57 52 
165 : 211 163 144 88 64 225 219 221 234 120 55 42 59 197 82 56 179 97 232 182 180 103 105 78 185 220 227 230 161 247 57 35 214 245 29 240 139 84 130 215 98 69 174 127 152 67 86 148 248 231 50 176 199 66 200 140 175 146 183 167 241 61 136 122 90 235 153 173 209 32 49 164 193 48 81 123 172 195 
166 : 113 168 94 37 88 155 41 164 187 166 201 215 78 86 174 115 162 126 27 196 214 167 53 48 42 97 64 134 90 83 84 225 74 68 235 72 151 
167 : 98 151 85 155 228 139 170 126 156 90 25 171 196 216 141 201 136 84 33 31 240 231 105 79 144 159 203 209 164 63 38 176 132 111 129 189 172 97 72 75 180 220 73 128 112 193 89 167 34 110 41 35 222 187 195 61 36 169 145 69 217 96 119 130 125 127 182 106 
168 : 31 222 173 69 156 80 208 37 193 160 249 122 209 27 106 168 61 26 243 240 99 64 73 54 95 92 233 216 67 34 196 30 241 155 187 124 141 87 236 32 159 35 81 185 244 200 134 28 118 194 40 48 197 174 82 102 190 107 245 201 181 195 186 219 126 
169 : 71 162 74 67 214 136 107 30 89 122 112 169 191 213 103 202 182 235 120 63 105 26 140 138 100 178 175 219 92 161 181 45 229 238 75 
170 : 89 202 186 195 79 83 139 125 91 97 209 42 193 201 192 52 96 43 41 167 248 115 46 185 215 61 188 216 69 121 153 136 171 187 54 174 143 223 80 146 70 98 107 102 131 144 222 66 157 27 113 242 200 120 196 227 57 175 63 33 55 90 117 
171 : 179 195 42 155 36 169 142 108 32 185 55 234 246 182 25 215 96 224 77 154 178 51 217 165 241 229 150 71 26 172 181 186 66 200 117 43 249 205 148 151 35 130 101 64 153 97 29 91 230 61 222 158 95 233 226 168 197 237 160 149 40 100 126 53 204 141 59 170 174 52 247 147 89 102 56 159 209 93 113 219 84 111 88 49 68 216 
172 : 153 225 184 159 104 163 55 44 146 165 164 222 203 74 190 127 244 183 196 130 108 161 63 62 220 56 107 189 125 81 38 136 201 198 185 237 41 170 211 30 95 171 121 181 245 116 242 46 69 
173 : 62 154 74 102 77 127 70 109 175 85 82 238 246 231 213 218 121 125 48 160 249 86 143 36 149 190 52 31 50 115 236 217 247 229 
174 : 64 247 212 59 150 83 25 69 160 55 68 95 237 102 186 133 37 39 197 107 120 200 151 129 202 218 38 193 209 47 141 54 208 75 213 172 249 98 246 161 171 154 181 174 41 217 245 195 
175 : 218 102 246 112 195 133 32 121 209 164 242 108 227 103 123 175 111 80 224 235 104 239 245 101 234 172 105 124 170 135 71 44 155 63 166 216 140 87 173 247 94 182 205 42 77 39 125 38 197 220 147 29 95 34 107 82 85 128 139 138 163 162 33 137 28 131 237 219 122 68 25 31 
176 : 213 249 236 245 229 42 211 246 74 61 170 161 109 203 37 114 105 244 101 190 126 58 144 156 173 137 119 153 86 85 127 226 41 53 225 51 180 117 149 62 195 81 82 168 50 30 181 89 59 48 237 136 71 69 64 118 77 235 207 56 104 219 227 185 128 35 75 188 206 113 83 108 223 196 146 36 32 92 175 179 
177 : 77 67 217 197 45 228 33 200 120 51 61 137 194 196 29 96 202 151 156 115 195 99 62 94 129 97 186 64 87 213 226 119 104 221 146 50 152 229 73 210 247 49 147 56 65 136 79 174 75 198 39 
178 : 245 175 176 150 32 235 120 146 240 69 249 174 199 98 168 107 159 246 90 140 215 86 35 147 155 232 76 93 109 28 49 234 170 224 233 188 122 110 212 184 221 99 247 225 48 237 134 223 91 137 185 57 78 34 136 70 162 106 94 25 182 190 203 177 36 
179 : 230 91 81 208 193 175 30 82 92 102 168 157 182 184 115 192 178 100 44 242 56 128 39 164 221 226 222 74 234 170 237 177 49 145 144 139 238 67 236 88 172 212 174 111 90 215 122 133 41 104 143 151 129 
180 : 100 137 88 28 67 125 120 108 95 143 38 243 174 179 79 30 26 74 194 236 52 91 176 86 226 152 27 90 
181 : 93 94 88 39 161 242 216 129 211 147 188 76 247 139 79 182 221 202 156 215 245 181 86 82 201 131 158 227 64 49 123 54 74 117 203 55 112 152 155 208 137 27 45 67 133 109 126 243 170 213 193 26 241 249 153 192 107 234 98 81 190 
182 : 62 131 145 42 172 84 109 117 208 231 164 210 245 234 206 134 49 68 113 178 154 202 236 197 180 130 141 179 92 142 97 64 45 214 170 77 140 186 230 73 31 226 106 123 195 181 26 190 99 240 101 185 100 59 96 124 87 199 54 28 246 40 139 198 161 217 50 83 192 36 104 189 88 174 58 91 218 211 207 155 43 
183 : 135 74 85 158 124 98 164 243 222 56 88 30 237 239 177 184 77 230 43 241 140 146 47 118 119 27 218 219 102 96 61 128 132 245 57 210 65 62 59 194 157 168 73 70 134 172 200 103 178 214 45 197 159 113 75 167 100 179 34 207 209 105 108 232 221 151 125 205 227 192 48 213 187 126 169 202 
184 : 172 245 222 121 129 38 150 146 190 167 173 183 82 26 77 34 128 29 52 138 214 177 113 109 157 46 137 
185 : 234 217 62 110 43 181 112 174 131 53 30 223 97 149 100 95 78 154 148 207 176 86 211 29 35 84 192 37 172 216 183 236 27 85 42 246 197 209 239 140 120 81 231 173 26 52 242 161 245 167 40 124 190 248 102 36 60 162 129 143 221 50 132 188 177 71 225 166 194 83 205 227 228 185 
186 : 177 148 157 113 50 237 139 89 220 216 128 239 194 68 41 48 213 38 188 184 187 56 115 37 218 31 141 36 125 176 214 75 247 121 203 131 167 105 76 81 165 104 126 205 96 208 53 25 73 88 110 206 186 193 26 91 64 72 27 35 51 83 134 201 127 97 199 231 149 249 223 101 196 61 221 87 69 
187 : 219 112 147 225 193 151 101 170 140 246 68 74 168 248 232 70 160 192 141 104 33 184 216 185 35 156 152 78 25 204 62 224 100 129 176 128 133 106 189 131 238 228 245 54 181 148 77 71 36 137 110 79 57 221 162 94 42 111 109 198 80 208 158 174 49 60 32 75 202 67 105 223 173 61 195 212 163 153 203 84 58 237 135 81 
188 : 231 215 249 185 213 221 190 32 156 149 200 40 244 199 115 74 232 216 189 29 92 170 68 43 241 128 37 102 34 229 
189 : 197 237 199 232 97 89 81 32 206 230 190 161 134 146 159 39 186 234 244 241 187 140 87 162 88 51 223 145 67 137 210 192 151 238 216 43 50 202 123 56 243 138 211 228 246 133 90 28 44 83 248 52 55 107 94 110 85 153 46 91 102 235 93 77 120 239 212 166 124 172 220 208 84 191 127 47 154 227 63 
190 : 199 58 127 79 137 119 187 176 181 43 60 120 183 124 163 102 228 161 76 203 117 152 83 189 140 73 242 147 169 146 222 223 77 41 36 67 118 197 
191 : 45 184 65 139 134 140 194 51 220 241 112 142 40 245 138 34 175 92 107 67 35 174 54 93 77 137 182 173 122 89 180 236 233 133 170 224 143 50 66 29 249 129 57 164 210 144 90 72 185 52 117 199 207 
192 : 104 25 57 191 141 186 51 97 45 151 241 87 107 42 68 100 142 249 138 126 203 30 119 137 66 194 200 28 77 232 50 134 158 213 224 35 90 94 128 240 159 210 222 244 217 154 219 175 92 27 157 164 243 99 234 53 91 170 198 80 184 162 245 76 85 70 165 118 82 114 
193 : 188 203 109 72 152 218 161 78 76 68 37 236 26 75 172 210 242 191 79 224 102 48 235 223 213 178 180 131 110 245 134 92 42 132 29 234 200 74 
194 : 154 47 80 205 123 33 226 143 220 55 98 50 200 128 61 243 144 63 124 109 194 65 100 147 85 26 62 237 188 234 
195 : 154 232 200 27 120 218 247 227 77 147 167 106 51 32 97 49 105 26 81 214 171 130 115 142 124 125 102 225 114 25 119 183 71 64 223 144 229 206 240 139 187 205 31 104 80 197 100 161 239 137 55 194 113 109 129 122 246 56 76 
196 : 218 162 202 107 82 153 58 111 187 231 65 135 223 120 235 180 174 163 87 234 112 36 214 54 191 219 69 229 42 32 76 170 100 85 212 33 118 53 238 151 188 185 239 143 98 91 150 35 128 134 193 71 155 124 129 216 77 237 125 137 196 169 30 205 102 34 
197 : 105 224 39 32 235 61 100 106 136 45 118 37 159 184 78 240 98 52 242 173 208 175 205 166 51 141 176 160 241 46 68 103 128 113 42 186 75 101 217 80 137 116 180 35 67 220 123 79 66 119 
198 : 229 172 246 69 177 249 187 139 233 28 197 94 47 51 71 33 112 239 171 79 105 57 181 148 151 232 119 68 114 210 130 59 244 247 220 218 99 202 225 136 173 46 95 215 165 211 97 122 127 146 184 240 193 223 138 107 54 100 78 175 213 102 133 164 169 195 159 132 228 63 104 
199 : 80 208 239 26 134 38 92 131 240 122 165 195 138 117 237 204 137 113 119 243 66 55 50 194 149 126 235 163 107 210 229 146 180 161 179 99 
200 : 244 203 184 91 81 83 175 106 73 109 111 47 107 137 113 228 208 162 49 189 234 236 121 164 138 42 193 154 89 161 213 69 176 136 51 240 206 125 84 180 103 183 190 199 243 114 112 141 231 229 54 104 37 134 
201 : 194 159 232 137 92 189 119 152 129 30 130 241 219 180 215 217 192 57 29 94 45 141 148 205 97 179 135 242 76 246 169 235 113 86 39 65 26 
202 : 215 176 85 57 99 64 59 32 58 120 226 105 128 94 98 28 188 104 92 165 71 118 102 173 119 158 129 91 243 39 49 141 186 212 209 208 202 170 95 100 38 196 146 200 67 76 123 222 184 68 149 225 81 238 151 179 52 87 203 180 144 117 60 248 70 124 162 219 107 182 207 62 229 168 234 
203 : 151 165 61 177 200 78 141 186 224 179 68 150 129 99 86 163 28 197 32 209 103 219 60 146 81 95 89 176 174 125 238 39 88 43 194 59 218 162 85 131 245 168 158 227 185 201 83 171 110 74 126 230 100 101 76 117 157 115 199 107 47 223 92 79 170 67 243 30 208 247 58 198 119 167 212 48 220 114 45 182 50 246 148 161 34 244 249 
204 : 111 232 171 163 223 58 55 42 206 201 126 53 109 61 154 204 114 175 220 208 46 198 180 77 32 196 210 106 131 218 83 70 29 185 173 33 57 45 95 40 47 37 229 93 56 141 78 
205 : 224 234 38 209 167 131 108 81 178 229 32 118 246 189 137 112 140 96 51 207 142 231 208 84 98 201 162 73 169 47 237 226 93 28 74 146 220 39 197 114 25 78 200 101 31 76 215 248 154 183 242 46 
206 : 194 153 248 183 47 26 157 133 164 89 125 190 62 219 35 182 81 227 155 68 208 213 185 119 44 234 117 184 29 189 195 101 144 142 143 203 111 31 240 221 58 95 233 154 51 82 180 228 141 49 187 236 56 109 127 200 178 171 169 69 107 91 206 241 161 166 85 160 247 66 197 168 73 179 63 123 163 175 140 74 242 204 131 
207 : 193 166 199 155 136 88 82 27 30 170 248 46 171 235 158 227 77 141 137 25 111 41 172 69 190 230 84 163 203 93 245 207 90 
208 : 31 58 154 140 139 49 117 94 45 208 185 80 32 201 71 149 121 198 52 218 43 194 81 243 170 212 65 144 248 199 156 234 165 141 
209 : 185 179 30 76 63 175 48 159 65 158 162 54 144 37 112 134 211 56 191 174 153 95 69 124 74 
210 : 105 186 122 163 160 188 219 235 100 81 181 155 203 233 184 182 57 166 27 107 227 69 175 30 106 195 43 119 191 103 78 204 65 112 75 113 101 80 212 120 209 170 238 223 231 62 94 161 34 108 127 214 
211 : 181 161 75 90 196 109 71 156 192 33 112 245 45 136 46 247 80 98 68 141 178 234 225 242 158 193 214 95 39 133 188 157 244 56 217 153 92 
