0 : 38 217 212 58 209 115 132 35 63 163 100 141 78 127 226 112 51 42 125 179 159 200 30 27 224 234 210 166 65 161 186 
1 : 62 148 126 205 240 153 206 192 197 142 82 103 135 117 109 119 66 100 96 160 181 195 139 176 68 188 249 105 46 170 93 83 71 173 212 161 88 141 56 39 208 54 177 164 134 127 152 231 112 52 178 199 213 45 78 175 211 168 207 150 217 102 51 187 76 58 64 222 75 133 50 99 79 35 228 65 227 59 166 236 244 226 172 61 38 81 69 
2 : 212 67 235 84 118 101 134 243 170 237 172 154 129 199 89 196 114 206 228 116 213 75 31 125 248 40 120 238 110 76 54 215 92 131 152 91 219 236 104 249 
3 : 241 90 248 204 146 69 126 27 206 200 168 83 240 211 177 228 114 28 157 57 242 231 98 227 181 172 135 159 96 71 210 133 226 129 166 209 33 128 246 102 118 31 245 207 78 243 222 237 213 247 180 84 103 101 188 48 88 113 225 123 152 106 
4 : 220 34 132 161 179 157 150 57 124 35 172 244 176 222 230 168 219 241 246 189 167 99 229 45 116 139 188 120 71 95 103 137 104 227 131 201 100 127 239 170 121 134 183 59 169 122 173 140 101 82 66 79 106 52 113 28 237 27 37 129 231 114 211 119 80 25 178 62 148 72 236 111 93 158 180 182 63 92 36 225 166 89 130 226 242 32 84 77 88 192 190 69 58 74 200 60 
5 : 205 118 57 152 160 56 81 224 42 150 245 196 221 180 62 178 52 188 198 29 246 175 162 228 86 202 109 189 209 107 243 133 130 155 
6 : 59 248 44 215 163 51 168 37 151 193 227 195 242 153 106 34 141 237 100 240 87 246 230 134 50 32 63 115 186 62 187 27 217 36 70 179 235 220 145 54 247 181 110 92 47 173 142 136 85 31 77 48 244 127 121 
7 : 165 218 130 101 136 117 228 211 83 67 229 232 239 166 203 212 46 215 44 241 81 33 107 123 231 196 89 114 145 207 224 128 112 205 147 122 158 58 139 66 96 39 100 150 223 163 154 34 176 98 76 99 249 121 159 91 29 65 198 132 26 246 189 149 142 79 216 61 77 32 64 40 71 119 113 204 238 41 214 43 135 52 172 72 93 146 210 219 63 182 178 217 59 
8 : 219 93 80 138 215 89 127 161 187 26 67 224 58 193 185 50 153 149 218 150 54 114 111 122 197 62 226 33 107 103 99 242 
9 : 78 50 35 54 219 148 65 224 64 200 73 139 126 193 122 160 47 243 215 34 124 191 60 228 152 111 58 63 108 140 154 162 196 226 104 155 51 105 212 42 103 88 222 95 178 159 30 181 45 147 137 129 110 249 227 93 61 112 82 202 136 174 164 71 248 113 101 230 121 133 85 67 114 184 70 89 75 141 31 176 76 69 240 165 57 120 203 94 86 123 206 149 38 81 231 246 177 223 238 221 142 107 213 
10 : 139 83 121 179 157 212 86 58 39 41 208 87 237 137 190 240 216 130 221 225 224 55 214 25 126 127 192 56 91 189 70 131 173 235 109 206 75 232 230 133 28 62 77 52 35 151 200 44 149 59 118 245 82 125 197 
11 : 226 139 98 150 155 44 52 88 73 48 25 144 164 53 30 207 225 89 181 175 43 209 199 69 60 171 86 64 27 180 232 195 220 54 146 125 36 96 161 194 67 105 212 103 242 77 244 70 57 26 224 198 191 248 113 29 102 92 134 183 99 100 218 178 110 117 151 163 170 189 123 149 94 231 66 47 126 82 177 187 49 233 41 172 28 176 201 135 90 120 204 137 78 186 38 145 35 109 71 31 162 108 79 
12 : 153 58 152 110 117 179 85 122 123 74 188 79 142 131 95 235 96 133 146 245 168 104 63 172 140 241 107 91 173 128 44 36 47 204 201 196 118 149 102 31 193 232 184 70 186 239 212 34 75 162 114 165 38 25 113 
13 : 203 67 133 41 160 196 140 204 235 59 47 195 166 106 101 213 36 42 82 71 35 127 247 51 100 43 152 69 117 60 137 200 72 177 233 54 108 156 237 84 63 249 38 190 107 240 176 58 197 138 223 86 244 110 48 158 218 226 81 165 65 148 215 219 207 191 118 28 74 159 184 76 83 128 85 145 
14 : 186 239 248 157 26 32 135 89 128 102 214 225 240 153 95 69 211 179 215 99 87 213 155 60 84 35 94 210 76 245 123 145 56 178 174 73 149 45 117 96 143 168 241 
15 : 229 212 155 94 175 92 71 149 61 105 143 170 194 29 237 202 190 208 26 153 82 221 171 120 235 183 226 67 59 225 146 100 129 145 66 224 93 51 232 45 119 87 164 219 83 57 89 138 242 132 130 135 142 52 211 88 239 181 176 161 167 203 37 231 173 210 172 107 31 81 204 128 241 207 108 86 165 99 218 60 220 110 70 177 236 98 72 166 249 73 32 240 118 199 179 182 230 188 185 134 158 84 33 53 245 55 234 192 109 178 48 
16 : 140 94 220 153 39 165 123 240 101 40 76 46 60 227 191 57 225 146 232 189 168 103 74 89 200 121 176 154 195 202 120 77 88 45 248 209 171 97 147 70 91 201 169 117 213 35 55 170 32 79 50 71 235 141 249 183 132 73 66 231 217 138 114 162 
17 : 55 62 39 158 36 178 74 125 95 53 209 238 44 207 29 224 222 48 52 142 107 127 193 88 129 143 184 134 223 108 116 45 50 226 38 155 32 102 233 171 225 75 242 179 201 78 216 41 192 33 166 144 104 237 59 82 151 111 57 73 
18 : 145 203 229 154 46 97 194 34 184 93 32 159 66 27 112 228 204 148 205 234 65 151 48 73 62 142 180 168 44 134 64 199 58 213 181 208 200 42 161 175 232 28 221 236 212 207 29 94 147 136 68 79 63 80 140 133 132 191 67 113 190 150 169 129 49 86 195 101 82 110 215 55 218 166 122 146 77 56 163 182 123 211 69 104 192 241 37 206 38 202 
19 : 223 29 70 199 54 245 75 131 226 31 118 102 61 45 63 120 211 182 173 186 216 151 85 108 92 177 124 117 162 88 178 64 101 98 
20 : 38 43 86 215 230 67 39 90 111 201 132 41 228 64 233 187 178 30 112 198 190 96 146 77 192 91 128 141 144 54 72 209 168 51 204 
21 : 230 243 175 214 181 136 239 117 246 150 153 54 163 86 87 96 124 57 101 172 154 37 155 146 227 192 118 128 114 222 236 185 105 91 209 160 84 97 234 59 81 67 139 149 219 211 156 212 248 226 168 130 
22 : 68 171 161 86 230 227 146 165 54 203 52 94 92 107 188 151 87 220 26 85 198 166 67 150 76 217 38 29 110 206 109 141 60 101 182 
23 : 153 242 68 44 121 181 126 98 144 174 207 224 70 213 100 58 42 52 193 88 127 86 95 62 225 60 48 211 209 30 78 34 238 150 246 73 202 64 216 134 74 89 27 28 128 191 198 245 123 104 49 82 147 206 154 69 51 180 109 120 
24 : 177 55 248 210 102 165 36 34 119 100 189 96 128 150 216 64 206 48 184 117 169 137 143 246 65 243 219 105 173 83 115 101 242 194 38 129 42 228 82 236 84 175 62 170 90 109 108 244 125 147 70 37 227 58 56 121 112 138 71 81 25 201 148 28 239 35 179 159 238 145 220 155 79 190 202 67 132 188 27 106 146 113 156 97 
25 : 31 185 99 25 33 175 145 192 218 117 227 69 122 89 130 223 166 85 183 55 107 238 105 108 43 194 136 164 200 121 248 129 236 53 78 
26 : 70 201 210 64 28 55 38 106 62 56 198 119 229 246 230 195 137 104 242 132 49 220 215 136 32 204 202 165 207 149 83 186 162 156 84 154 93 96 183 72 99 103 178 151 74 118 233 113 26 129 160 107 37 227 235 87 98 157 177 142 43 108 61 159 140 101 219 150 188 115 182 
27 : 175 43 120 94 182 96 93 119 29 208 30 213 126 197 72 150 138 42 111 240 132 243 177 34 104 56 159 207 155 244 98 228 25 122 125 66 142 106 35 73 130 31 87 51 218 44 80 61 53 131 181 165 157 77 113 128 105 114 187 205 33 186 156 
28 : 152 141 101 73 128 119 219 55 165 145 151 156 186 70 126 216 92 179 107 191 133 122 237 233 182 198 180 30 144 132 185 158 194 139 210 172 143 155 66 235 62 50 162 72 192 184 96 202 223 29 68 42 166 25 93 170 31 41 48 134 103 154 124 211 44 81 230 148 159 83 146 26 177 32 130 38 90 212 243 71 228 229 114 161 51 100 60 116 244 
29 : 136 129 192 111 198 28 133 43 149 201 155 51 168 100 220 243 186 180 203 64 221 29 247 199 209 55 85 110 196 174 75 241 128 240 83 233 235 27 80 103 176 112 
30 : 88 28 106 228 65 160 162 161 184 156 117 93 149 163 72 52 183 244 110 66 167 34 26 214 198 38 123 64 243 84 63 239 179 249 158 231 105 81 
31 : 247 195 162 160 159 78 82 132 214 182 156 152 242 47 89 148 200 135 103 186 221 222 101 99 216 212 232 183 55 171 230 158 40 130 196 205 204 154 161 178 36 175 25 243 104 137 215 30 136 208 64 98 102 224 209 168 70 38 139 42 95 177 126 118 120 94 77 112 211 65 57 145 74 207 165 122 172 206 76 236 110 128 97 194 
32 : 102 197 74 199 35 27 117 150 113 184 229 155 51 207 204 29 212 195 179 226 249 95 190 85 139 45 193 167 135 144 111 134 70 131 146 84 127 156 239 218 119 224 231 59 91 160 234 90 223 178 137 77 80 50 220 175 152 192 159 143 122 202 92 200 188 44 244 243 210 88 34 177 232 230 75 203 158 58 125 36 215 100 63 140 201 96 97 165 208 198 32 79 126 99 147 104 107 39 
33 : 240 95 80 228 154 130 72 88 202 68 203 61 134 63 147 41 57 98 101 25 184 93 31 221 211 183 66 235 222 111 56 36 170 81 161 79 205 90 209 122 249 53 185 144 49 138 59 197 167 65 54 85 108 126 213 248 70 35 143 189 55 132 34 164 152 214 107 102 177 112 77 244 218 109 179 187 227 123 46 232 180 69 92 103 145 163 64 133 51 158 200 71 82 60 73 30 118 76 
34 : 111 122 214 204 241 66 144 201 105 99 159 249 139 82 171 220 41 140 227 35 169 121 43 114 219 230 84 70 167 88 239 232 32 199 141 102 
35 : 86 136 146 228 115 81 72 239 152 169 108 247 31 214 135 156 57 224 26 94 154 162 121 95 67 243 215 248 124 226 127 59 120 82 236 230 221 126 173 122 130 137 233 210 144 227 150 139 197 113 133 38 178 
36 : 205 216 199 150 186 136 101 85 234 190 237 151 110 228 187 105 225 147 191 163 242 30 178 75 32 155 100 158 38 143 31 93 95 97 41 174 224 207 166 172 46 183 83 157 164 51 70 241 142 89 181 243 73 135 63 57 33 91 117 226 235 112 185 25 56 48 239 141 232 229 156 215 84 72 212 202 159 58 167 42 79 132 221 195 130 222 210 
37 : 212 45 78 146 245 133 170 155 150 217 156 234 173 68 25 142 92 196 36 62 65 222 93 152 229 120 169 129 154 71 85 38 231 124 246 207 214 72 35 204 237 80 41 89 224 34 123 122 116 91 114 61 132 209 167 76 136 135 77 178 87 
38 : 213 60 147 133 158 80 203 153 89 42 205 204 40 218 210 113 97 166 124 51 121 119 220 25 76 70 201 163 99 94 92 145 148 73 172 96 226 117 225 43 142 47 114 216 214 160 102 98 246 123 179 144 178 85 44 108 65 129 159 126 91 78 185 196 132 217 35 81 100 86 181 232 93 90 245 211 116 118 212 57 161 127 234 192 208 41 215 198 72 191 164 176 186 49 157 231 
39 : 59 28 139 186 41 30 184 56 53 81 40 51 165 161 237 43 104 152 225 140 219 102 137 190 199 240 66 44 150 210 197 231 89 243 25 46 241 151 174 175 84 155 121 67 229 95 49 37 34 74 183 58 57 126 
40 : 160 96 126 205 195 117 220 158 36 39 121 95 65 97 127 98 156 25 162 57 223 176 31 84 139 215 169 153 75 104 191 157 82 217 194 134 32 246 119 222 203 34 143 53 100 218 172 204 207 64 50 76 210 196 171 
41 : 125 41 209 192 206 48 172 155 70 89 130 124 193 145 47 87 148 190 105 243 240 184 106 239 248 69 212 98 97 223 67 228 33 109 242 50 160 220 34 238 142 79 95 233 96 43 116 78 38 36 203 118 37 207 
42 : 184 248 176 34 192 156 45 178 92 147 69 174 161 200 74 244 243 141 25 63 249 135 194 67 137 196 42 195 144 235 110 120 52 102 38 172 83 198 177 75 79 78 117 224 134 207 100 197 166 163 61 214 26 101 217 
43 : 32 93 39 162 222 228 126 132 213 198 211 67 216 82 178 190 200 75 157 218 189 172 135 103 74 40 159 
44 : 93 124 236 67 30 47 207 239 204 225 179 45 76 42 25 56 249 55 49 181 146 102 185 240 206 242 218 191 92 198 119 241 38 156 75 208 84 228 142 116 28 195 74 245 213 99 203 
45 : 207 90 44 120 203 133 55 226 169 127 225 124 101 82 245 227 109 85 155 102 237 26 25 182 188 166 177 220 205 217 152 128 215 104 211 194 135 235 208 65 142 153 70 189 195 244 92 209 34 63 79 131 236 202 46 242 59 98 48 143 31 89 175 118 172 60 145 219 213 162 88 35 61 91 119 204 123 146 249 36 247 28 83 157 183 68 54 29 184 239 43 
46 : 174 27 236 181 190 87 153 112 136 246 232 239 145 63 94 79 226 164 195 92 206 177 186 221 178 34 205 119 137 156 71 245 158 215 172 65 224 220 170 240 244 198 52 32 185 143 138 183 70 101 154 202 197 238 219 151 31 182 83 139 82 155 78 134 37 68 38 191 163 72 225 194 77 109 218 124 248 208 176 114 180 90 100 120 44 126 30 74 152 214 128 35 132 233 243 105 76 150 73 107 110 229 50 97 247 171 162 93 
47 : 97 88 230 152 211 109 81 174 180 135 172 219 117 138 56 31 162 144 246 38 89 186 229 221 123 142 94 126 239 236 160 248 159 61 130 191 102 163 249 212 148 52 96 78 68 222 224 44 175 151 116 166 69 147 209 112 156 228 189 214 111 206 136 115 226 55 79 33 36 146 28 25 54 154 205 114 70 157 71 27 106 204 59 60 137 167 176 
48 : 133 163 242 195 100 69 67 216 99 39 203 122 240 31 68 71 167 142 217 107 97 198 159 44 197 113 90 55 34 108 57 76 151 222 177 126 83 138 124 66 188 115 237 226 156 110 146 72 80 160 180 114 244 149 85 152 84 248 49 25 46 154 56 166 153 181 219 214 91 185 103 41 93 238 241 137 33 132 173 215 64 118 131 162 
49 : 215 115 234 123 191 60 203 225 110 82 49 30 121 124 66 204 218 155 173 197 209 232 182 221 114 168 233 206 165 166 216 106 118 94 28 230 210 27 186 45 102 32 42 224 249 152 75 137 127 242 243 214 199 163 62 56 153 38 175 116 154 239 88 97 99 164 142 83 229 57 35 172 64 135 69 53 51 70 157 44 132 237 131 159 150 96 211 238 136 72 117 101 167 187 63 54 184 48 111 126 61 
50 : 158 227 182 98 77 194 28 110 53 128 112 163 249 66 236 70 240 150 234 69 125 55 61 198 183 156 211 49 224 185 124 248 56 106 26 62 235 232 83 32 50 65 170 181 76 141 242 190 35 147 174 51 101 96 138 43 29 
51 : 179 186 244 162 83 129 95 99 241 238 159 94 68 100 242 208 80 236 181 25 29 175 228 110 109 153 84 198 237 33 32 130 173 118 78 108 37 193 158 203 121 70 122 209 88 69 43 105 218 233 46 147 53 106 221 226 182 167 160 219 187 210 65 76 
52 : 64 124 119 70 160 36 224 233 232 130 184 69 245 105 219 217 48 185 165 237 170 183 223 137 149 87 26 226 178 128 126 205 47 136 177 202 127 107 118 30 150 234 173 146 235 104 
53 : 248 169 219 102 249 141 32 109 190 176 44 199 67 205 156 98 144 45 89 37 39 128 26 76 95 34 110 145 166 158 25 147 103 112 177 247 171 203 163 125 149 184 38 120 175 165 197 64 99 218 92 130 174 181 94 90 53 47 200 49 173 84 232 137 223 55 82 180 233 36 198 157 167 209 77 231 207 155 50 70 238 192 126 185 230 96 204 66 56 68 136 183 188 119 54 195 236 27 129 189 229 69 
54 : 170 72 112 213 165 243 194 107 69 167 183 97 77 28 249 58 40 41 134 204 153 155 247 208 29 119 210 38 130 207 227 52 233 230 115 49 149 238 50 215 73 79 74 48 198 199 83 229 128 197 248 161 51 86 
55 : 221 81 197 25 168 185 207 76 236 134 122 242 86 173 130 216 103 193 35 32 246 142 175 28 205 154 100 184 170 56 143 182 47 70 169 140 157 112 211 209 191 179 145 120 67 220 203 118 213 111 156 204 136 59 219 98 115 195 201 227 80 101 225 33 102 172 230 46 39 44 
56 : 163 200 102 202 42 48 75 246 186 77 178 203 215 109 72 142 112 66 59 36 114 80 191 150 58 174 157 104 236 35 217 71 38 60 93 156 218 173 117 62 119 82 226 88 87 106 161 155 135 105 171 245 52 61 176 242 
57 : 244 223 114 62 249 142 240 161 96 109 81 207 33 40 32 228 108 234 159 239 72 48 214 160 97 201 51 163 173 179 165 113 145 152 106 122 31 88 87 59 41 137 233 99 138 188 49 245 237 29 27 221 28 132 46 69 135 149 196 123 124 107 90 202 189 164 58 104 203 79 127 169 103 118 52 42 85 181 167 178 216 195 82 78 80 194 73 146 227 211 102 225 131 209 218 44 74 217 148 105 
58 : 187 99 33 240 122 248 192 234 239 185 86 27 101 169 80 30 157 196 38 94 152 58 237 75 62 212 110 76 115 186 29 108 74 179 227 49 81 130 25 87 114 183 139 154 184 205 70 133 53 180 104 163 162 129 112 131 57 26 223 153 203 174 66 178 159 100 35 140 228 221 149 109 243 209 44 52 182 77 119 
59 : 26 137 203 158 63 96 193 35 79 95 184 83 48 115 130 169 69 125 117 143 159 146 246 149 136 102 168 139 67 228 78 30 84 89 225 197 227 152 90 242 74 171 164 241 86 201 141 157 186 40 128 129 120 134 25 36 142 195 189 46 55 206 231 51 212 71 145 196 121 235 92 155 88 175 147 160 174 33 132 112 76 64 60 176 111 182 220 138 98 
60 : 90 71 95 169 25 76 158 78 163 101 145 64 116 176 42 132 102 82 88 108 34 247 120 104 81 84 221 87 185 162 106 31 231 126 182 111 68 241 148 174 245 135 175 130 232 211 240 203 157 75 50 40 212 238 98 124 213 55 229 80 216 77 137 
61 : 32 93 108 168 41 118 184 129 178 202 181 73 175 174 233 148 198 176 94 40 210 212 105 117 204 89 88 26 246 241 56 60 66 230 182 248 141 78 156 226 215 140 61 113 82 104 115 157 79 240 169 65 52 46 125 216 25 114 54 229 126 34 130 189 143 112 145 142 121 
62 : 192 231 238 76 237 96 77 62 32 247 184 142 126 144 66 171 143 112 83 198 128 140 82 36 93 224 242 44 134 179 239 67 214 117 131 111 160 90 105 150 39 227 141 169 68 132 74 124 50 245 218 115 127 246 196 49 223 230 167 87 225 123 139 59 28 102 71 193 208 233 149 186 145 220 178 195 249 43 61 72 153 168 174 98 215 202 222 190 114 213 33 99 88 48 172 110 157 97 185 51 
63 : 221 71 141 118 217 53 202 239 163 69 35 173 243 52 142 229 89 194 206 157 185 164 153 99 129 178 67 92 28 102 30 228 148 91 223 170 61 213 128 106 181 62 167 176 189 45 94 50 227 111 184 72 93 88 42 186 169 191 158 130 187 131 65 210 188 97 196 78 95 231 134 149 161 104 156 197 66 107 245 59 101 115 225 248 160 190 86 127 
64 : 115 239 140 236 31 102 109 56 34 83 156 203 36 87 179 74 145 235 220 151 72 159 134 103 42 77 181 122 35 45 211 169 153 139 233 105 190 219 88 226 241 53 237 143 154 90 197 119 232 135 216 30 182 171 146 168 128 79 132 225 184 76 191 60 100 37 222 161 148 91 165 75 185 123 114 40 242 247 170 205 193 183 217 198 61 
65 : 99 230 168 50 187 165 159 96 167 111 114 53 154 121 128 59 105 89 134 218 57 95 148 200 135 86 65 91 80 235 77 180 103 184 175 25 145 39 112 195 243 198 81 132 48 63 212 126 83 127 120 26 142 44 174 224 239 46 64 222 237 33 125 
66 : 173 91 64 63 125 166 130 237 157 55 227 159 111 49 45 189 37 221 136 171 217 99 202 120 95 158 25 143 187 68 40 79 155 148 153 214 131 133 231 232 132 112 207 142 177 215 
67 : 75 47 37 84 163 173 35 202 34 109 223 125 38 219 167 227 77 36 186 48 182 226 79 137 97 135 99 218 159 237 169 66 141 238 225 103 181 94 89 119 69 59 185 164 
68 : 71 169 161 148 100 156 58 142 200 53 76 162 218 228 50 168 95 188 122 173 115 152 74 121 235 230 77 118 83 120 106 222 231 37 67 107 159 189 229 63 196 178 102 43 236 52 57 164 78 221 33 187 136 214 84 139 30 154 
69 : 222 186 91 106 155 165 107 96 223 74 231 25 76 49 70 100 87 58 85 80 220 159 169 187 172 149 113 211 234 125 84 248 249 50 139 83 39 129 136 240 191 
70 : 205 189 187 171 222 227 224 82 114 219 141 229 211 172 245 153 194 197 163 36 66 248 145 81 168 59 135 70 91 98 139 236 69 243 156 30 186 116 178 39 129 233 46 125 238 147 89 170 63 138 62 110 108 165 93 38 210 35 146 
71 : 120 187 84 108 189 208 218 173 241 198 223 148 32 210 172 207 230 38 83 199 116 135 57 157 195 237 166 122 214 186 169 35 181 77 160 235 96 200 33 37 242 48 176 178 36 226 92 56 134 53 59 70 142 233 125 191 246 91 201 217 40 93 144 119 31 50 89 165 161 244 34 143 27 67 224 163 110 139 220 249 206 99 55 182 154 162 158 117 219 171 216 51 129 71 61 131 240 185 41 151 175 81 179 202 
72 : 229 77 55 219 104 35 230 164 134 57 38 198 78 51 65 116 69 83 66 40 105 50 195 239 184 162 79 103 44 155 241 227 114 119 126 140 156 210 128 207 247 168 180 187 218 216 30 109 205 135 202 98 152 71 
73 : 123 124 85 46 69 86 70 130 178 228 26 134 44 157 88 89 215 189 148 48 39 110 146 181 234 52 80 197 68 247 37 199 191 73 173 198 56 107 204 160 200 
74 : 49 60 134 95 165 69 48 53 51 124 64 240 228 191 162 238 130 144 99 186 108 28 94 209 27 104 171 123 161 159 212 184 106 244 188 36 88 248 176 74 86 222 229 193 110 43 167 241 187 125 174 85 178 119 226 138 114 205 89 146 80 75 127 105 230 57 200 
75 : 40 214 58 75 229 141 94 186 87 92 121 203 61 33 103 41 135 230 238 39 93 83 42 177 222 48 71 153 152 249 112 98 
76 : 135 31 28 187 223 240 88 224 87 37 138 122 94 145 40 90 241 172 151 63 123 214 51 215 153 232 226 35 137 79 118 156 114 221 61 56 201 64 207 84 72 173 247 111 80 119 243 140 211 41 33 236 144 136 120 92 102 237 
77 : 91 245 125 150 162 79 225 59 35 124 115 136 187 81 71 230 177 118 123 126 30 74 138 100 201 246 39 129 144 49 38 108 97 61 82 231 121 48 226 31 175 192 89 25 111 212 42 218 70 238 127 75 102 112 155 142 110 204 237 151 139 122 72 141 27 134 158 78 191 56 220 160 51 170 233 68 248 239 224 69 221 93 241 190 164 174 90 95 109 44 29 57 33 148 
78 : 117 101 176 68 98 54 49 171 37 115 195 172 199 110 211 120 100 249 106 165 126 145 184 140 124 84 228 73 221 116 105 132 123 213 
79 : 56 66 195 32 201 223 33 104 172 212 228 227 29 50 199 153 180 96 237 169 27 233 118 89 170 246 133 81 220 245 168 34 138 186 214 52 185 84 59 101 100 179 156 193 155 241 124 232 206 159 247 173 175 152 57 178 107 114 191 36 243 51 116 83 242 102 94 177 154 
80 : 51 194 241 68 103 198 36 47 129 88 33 179 132 173 148 217 130 249 64 90 62 108 34 167 115 182 35 41 70 
81 : 146 37 174 74 105 213 151 110 191 242 52 80 243 140 60 33 160 226 234 204 29 94 219 228 192 38 153 236 130 90 132 42 116 27 167 148 238 145 34 98 206 26 237 241 173 40 70 231 87 137 41 82 77 128 200 199 214 69 118 157 212 81 71 57 72 
82 : 67 184 203 128 86 192 231 66 183 172 105 171 93 109 159 148 57 213 71 133 242 39 164 197 206 33 219 63 245 36 112 200 64 248 145 34 204 150 195 236 198 225 243 90 27 41 134 144 240 155 127 224 193 182 129 202 88 120 156 61 29 126 50 209 223 237 117 
83 : 137 82 218 224 146 246 98 97 28 163 219 67 245 56 182 233 61 234 85 201 117 46 111 99 100 65 122 75 130 34 108 103 210 149 41 169 203 244 127 177 180 31 150 63 230 83 159 147 241 173 44 74 123 77 155 236 175 134 55 92 115 58 249 87 206 205 38 153 148 170 37 110 229 45 193 141 238 145 54 213 242 57 200 183 164 43 231 191 204 186 202 124 89 32 226 168 240 217 51 225 52 152 176 27 157 
84 : 62 166 57 198 108 163 93 28 237 40 150 69 107 158 122 103 241 244 200 234 98 209 213 110 170 182 206 193 131 138 45 63 177 100 205 156 188 73 127 227 27 143 235 223 181 112 111 151 60 81 74 190 65 187 129 39 202 211 197 26 96 72 120 56 42 175 242 224 101 55 44 64 180 50 61 41 116 201 97 46 221 247 58 121 184 146 38 219 53 106 31 47 243 135 167 
85 : 61 180 176 53 229 67 241 154 152 163 46 121 161 202 95 217 147 234 186 115 216 222 83 164 108 45 55 231 197 
86 : 81 215 46 159 128 146 45 168 192 245 207 133 110 158 156 229 104 72 202 198 94 161 232 180 79 56 175 164 204 84 138 125 
87 : 99 160 222 142 246 54 205 168 218 148 37 180 116 111 115 32 166 203 122 196 162 87 244 179 79 104 118 64 185 29 193 149 114 188 181 191 153 106 60 197 169 109 127 135 25 50 136 164 192 170 131 154 216 150 239 242 100 189 152 110 221 31 52 241 42 101 89 95 238 98 119 47 209 156 140 67 245 68 133 237 81 225 58 113 128 94 103 224 
88 : 79 73 25 173 133 218 186 50 217 103 89 111 249 162 131 71 37 108 220 110 57 138 216 222 56 154 54 105 232 185 227 60 101 123 191 145 35 120 85 115 247 224 70 189 106 159 239 90 59 205 135 177 228 178 91 230 172 74 95 43 86 
89 : 193 135 181 84 238 41 157 191 35 132 170 106 228 28 153 148 67 100 139 123 217 54 129 43 91 
90 : 149 188 210 114 225 127 59 97 100 83 217 241 208 207 96 246 154 165 60 69 198 202 62 94 247 243 38 185 200 164 136 206 71 213 150 39 232 25 47 84 32 34 224 187 70 116 76 199 31 135 180 126 115 159 226 28 35 163 161 78 95 211 222 112 197 169 54 118 98 33 55 138 77 44 144 57 134 221 90 88 86 240 61 
91 : 222 36 163 156 34 140 210 51 73 121 191 38 232 95 105 239 46 213 44 161 41 108 203 178 176 33 171 47 130 165 186 187 207 233 249 214 82 155 208 202 240 122 78 127 40 221 133 141 139 152 169 39 68 206 179 48 113 236 42 
92 : 209 143 60 100 235 138 58 124 244 231 187 152 51 46 148 158 50 112 59 212 62 45 71 224 248 168 85 36 136 205 111 35 200 123 130 72 196 122 56 99 163 232 125 42 146 166 68 
93 : 222 167 132 202 81 203 159 110 180 54 34 109 41 129 148 39 212 69 182 194 102 204 197 134 190 160 226 36 101 175 173 103 38 189 153 75 185 44 224 74 91 192 122 138 29 198 56 93 33 155 135 217 40 89 157 207 114 208 172 128 205 220 87 
94 : 97 75 157 81 200 61 88 110 147 174 201 140 137 145 45 73 55 28 245 239 199 66 70 112 216 92 220 208 47 89 102 163 101 71 237 116 206 244 114 33 125 133 225 183 167 35 215 134 235 60 218 227 56 241 143 122 93 169 138 30 144 79 131 
95 : 32 84 102 163 233 52 169 225 227 60 127 159 151 153 246 217 184 150 112 213 50 166 97 122 152 49 193 192 39 98 172 179 75 79 168 125 116 31 107 106 124 119 212 162 176 218 178 104 27 243 138 62 42 201 165 185 234 239 73 63 244 187 45 118 157 
96 : 102 218 130 103 167 248 141 39 33 113 153 135 82 29 60 241 122 161 191 234 74 95 43 57 228 144 32 101 109 107 140 243 139 124 237 202 64 222 49 198 216 105 158 119 125 90 152 71 48 245 239 145 190 89 79 56 180 160 
97 : 228 134 118 66 245 98 51 131 31 73 192 234 117 71 247 137 169 115 184 170 92 110 149 79 152 215 151 64 162 202 135 239 129 101 132 52 233 240 136 107 70 
98 : 43 199 93 175 196 30 184 154 88 246 167 72 231 220 241 166 119 139 81 247 195 113 202 111 27 205 47 118 108 224 80 221 41 192 190 75 198 40 181 152 104 37 49 157 97 98 140 170 77 76 213 151 194 147 90 125 155 131 63 100 116 
99 : 72 32 122 67 82 226 64 149 203 145 76 213 223 246 198 104 249 135 144 242 102 140 230 91 238 212 178 231 202 152 155 188 117 154 43 244 133 63 205 190 121 199 191 168 110 224 35 39 90 220 38 200 74 119 100 42 233 179 180 28 146 128 127 148 120 105 239 197 54 216 247 115 112 61 161 189 185 141 92 79 101 162 45 221 134 157 225 
100 : 84 94 228 218 63 152 176 130 78 116 227 149 133 167 125 230 119 97 197 223 104 160 244 81 214 75 151 96 106 64 118 55 41 113 211 121 29 191 232 165 83 61 213 114 205 170 127 245 189 192 111 142 56 120 209 108 246 32 247 169 146 99 153 87 212 162 240 164 181 200 138 
101 : 26 163 223 108 209 59 154 236 222 90 40 54 225 92 99 156 115 135 158 190 155 96 84 50 232 234 220 86 104 43 55 80 171 88 98 189 249 160 217 238 138 113 202 91 188 176 145 211 122 70 44 112 109 65 227 165 63 150 71 172 197 175 195 200 75 240 97 183 64 229 214 199 178 187 210 242 151 93 198 140 56 212 27 32 83 248 120 102 61 184 241 228 53 119 237 94 103 73 149 
102 : 80 219 164 218 28 56 185 239 65 72 201 98 94 194 207 226 86 170 238 211 71 105 110 198 131 107 141 122 135 82 172 127 182 
103 : 228 126 67 58 137 159 119 194 172 168 74 61 146 64 248 200 104 141 48 148 122 133 157 41 106 112 142 42 40 51 147 179 77 215 78 
104 : 242 138 73 119 186 225 33 70 184 222 233 97 54 204 30 69 153 131 193 91 147 245 133 166 170 66 169 67 211 150 146 32 241 141 78 206 226 79 194 68 107 102 75 178 200 123 172 201 63 142 196 121 37 58 237 43 192 224 239 110 173 122 232 46 61 50 85 98 77 238 124 125 148 95 221 65 29 135 243 183 246 
105 : 46 244 55 136 58 36 54 198 111 228 202 170 113 213 158 83 157 223 188 232 167 82 106 238 146 68 247 141 27 200 43 227 103 91 108 89 39 79 187 134 99 161 177 218 204 230 120 195 92 87 173 152 219 222 29 243 155 59 69 70 153 148 38 175 84 185 132 40 208 130 206 129 101 35 241 42 93 239 95 192 61 71 81 150 236 166 41 160 118 183 53 249 
106 : 112 190 141 80 221 235 167 158 71 142 72 238 53 35 111 220 178 135 38 131 118 204 132 78 182 95 102 98 200 67 50 245 101 60 33 140 113 165 56 39 192 214 103 57 127 90 232 188 37 226 145 122 130 144 227 210 201 207 211 74 246 108 179 224 45 237 139 73 239 195 
107 : 83 210 176 149 217 105 118 74 48 104 62 94 159 117 52 40 247 173 132 121 221 114 140 138 122 126 245 204 54 174 89 203 115 73 167 112 43 190 86 185 70 195 38 186 87 37 71 202 101 235 199 147 44 193 148 197 238 61 66 222 248 226 239 184 82 246 27 225 75 65 244 146 205 155 92 224 109 97 201 213 72 33 207 28 
108 : 212 181 236 164 142 100 28 210 98 152 101 154 45 140 121 71 133 153 248 46 235 83 49 41 150 78 187 148 88 174 157 231 228 234 185 91 229 184 
109 : 180 37 222 118 171 34 64 97 43 212 157 117 38 102 106 174 237 168 186 189 95 29 205 138 182 167 46 184 40 92 229 120 48 245 151 
110 : 58 197 219 75 120 239 181 248 139 93 207 204 246 115 166 102 231 155 162 144 161 127 138 237 48 216 59 110 213 150 178 189 64 199 94 180 121 67 235 234 140 114 60 82 107 118 63 164 91 105 208 241 245 151 247 84 215 169 30 90 160 198 92 172 223 153 112 165 45 77 88 183 191 43 62 137 111 176 147 
111 : 43 45 47 243 116 106 225 80 176 126 123 222 55 74 148 178 48 125 216 49 160 105 63 167 143 203 246 
112 : 122 138 121 237 150 223 204 42 245 202 160 180 169 205 78 95 55 184 79 100 218 83 232 145 48 73 173 47 186 127 115 89 212 67 225 30 174 50 143 185 149 105 203 207 77 165 243 35 123 228 120 74 247 151 108 181 179 197 59 175 242 27 82 220 193 107 178 133 137 29 114 63 43 233 167 53 206 213 102 87 141 124 155 39 86 101 
113 : 216 91 247 213 95 244 178 141 174 77 89 205 130 155 38 40 195 83 107 227 182 113 57 39 124 67 79 223 230 161 152 173 180 162 165 102 181 191 186 104 41 231 74 33 96 222 51 157 28 132 34 62 177 45 90 176 122 249 100 197 214 59 
114 : 214 171 74 217 102 170 178 123 132 116 181 97 149 86 158 117 179 41 27 79 51 226 162 85 234 83 227 200 174 222 220 95 127 215 126 245 147 153 207 134 44 151 29 63 186 43 121 115 73 34 89 172 141 205 47 204 91 146 237 243 154 202 94 212 169 242 56 42 203 120 87 177 189 157 211 65 53 101 77 194 49 25 64 155 168 142 239 241 88 232 152 131 52 145 
115 : 75 51 93 29 239 74 63 199 102 172 161 148 229 61 78 176 59 200 181 108 196 191 106 48 155 162 54 109 49 185 178 110 149 189 25 136 99 154 145 240 242 207 222 175 45 128 125 208 69 77 35 152 166 104 43 171 80 236 221 118 246 153 103 79 159 86 193 235 71 83 218 165 238 202 121 85 34 113 234 233 247 243 62 201 91 143 179 137 248 28 187 96 140 142 170 217 112 216 225 212 
116 : 123 164 108 111 26 242 87 57 245 197 85 29 94 244 175 158 177 100 238 115 174 98 30 227 55 109 28 161 119 36 207 120 230 76 184 52 77 232 66 203 46 73 191 195 92 60 31 183 138 247 114 226 54 75 50 199 225 48 243 97 222 131 141 96 154 159 117 188 198 118 246 156 223 70 239 79 41 233 90 80 112 
117 : 199 114 181 248 225 45 31 75 231 155 174 103 61 135 234 200 211 173 36 220 122 152 154 48 77 62 169 166 100 39 66 142 96 116 
118 : 112 54 156 87 196 159 180 223 184 193 106 124 48 72 236 134 45 142 86 169 158 99 141 93 51 188 44 232 47 32 111 137 52 116 243 26 100 46 122 85 97 244 95 249 29 218 118 203 28 230 103 132 42 192 84 205 229 115 165 78 171 161 34 136 174 77 204 
119 : 106 29 165 185 143 243 75 62 192 54 152 181 211 66 57 233 46 44 158 171 50 86 157 153 236 137 207 190 237 238 160 234 167 48 80 189 32 151 138 247 132 51 248 196 81 105 83 79 131 128 101 114 119 95 182 26 36 200 104 222 142 217 180 92 225 188 65 116 125 53 100 63 226 111 76 154 249 174 33 201 40 28 127 218 56 
120 : 199 239 74 242 234 233 80 66 176 247 185 57 235 174 86 200 154 190 125 213 204 167 139 240 65 163 127 212 181 189 131 134 27 
121 : 71 83 68 165 25 227 223 67 96 46 139 91 82 140 152 93 242 205 233 219 66 116 147 129 125 195 56 37 192 30 162 53 106 97 40 247 196 
122 : 56 105 81 71 95 186 47 234 224 111 151 39 89 83 241 156 57 137 67 31 159 41 198 150 73 34 127 154 88 134 223 131 112 63 203 235 226 147 228 51 246 217 27 145 78 96 208 225 248 75 52 194 176 221 244 189 138 116 197 69 140 192 232 94 195 118 85 61 238 36 82 101 166 28 86 216 157 149 122 33 91 50 90 126 114 161 128 155 123 72 233 214 64 29 48 215 104 
123 : 102 210 103 72 50 244 70 113 49 53 172 155 27 80 182 185 221 151 48 195 229 150 29 170 180 112 54 59 147 194 236 56 228 86 135 232 216 94 99 162 65 198 60 238 149 43 132 230 64 37 83 79 75 199 189 233 204 240 231 77 157 98 223 212 108 249 183 190 209 82 117 211 100 129 31 87 121 30 191 146 104 176 219 57 34 193 85 242 234 110 115 44 33 165 58 46 130 225 51 73 138 168 92 196 111 124 42 
124 : 243 241 38 65 205 167 34 82 87 127 61 51 95 111 172 35 49 245 78 183 239 247 133 58 160 45 112 41 196 169 67 55 162 107 32 101 182 144 80 184 240 189 44 25 175 46 86 150 152 139 
125 : 204 44 54 217 173 111 246 238 170 160 26 190 114 69 193 60 33 128 145 41 178 215 37 235 45 221 49 228 50 151 154 39 213 63 98 159 230 208 56 
126 : 112 181 237 131 45 200 58 127 147 222 117 111 47 211 87 231 159 162 235 202 114 172 55 33 217 201 122 118 155 206 161 247 28 25 80 85 219 92 230 59 191 126 128 121 106 248 30 34 221 65 197 96 229 74 183 171 108 196 146 52 246 100 149 232 120 46 51 67 37 35 187 138 50 176 44 73 210 150 199 228 60 189 240 75 195 152 208 192 109 174 166 39 
127 : 106 201 110 70 237 87 218 45 165 96 131 161 166 54 67 128 121 241 204 29 191 138 84 33 225 234 174 173 81 68 25 32 133 163 66 
128 : 228 177 108 34 178 82 94 26 45 208 238 119 102 28 106 48 133 72 118 202 67 68 109 139 162 91 80 249 191 44 132 41 31 204 121 160 25 81 147 65 73 225 42 96 163 90 52 37 209 75 137 193 182 98 216 127 125 63 157 217 79 246 30 130 112 77 138 240 59 49 215 229 184 50 74 120 197 242 192 230 93 56 71 69 86 95 244 152 154 99 124 55 140 245 213 36 104 164 156 123 60 35 40 234 218 176 47 199 188 134 
129 : 218 67 99 140 169 79 118 40 71 127 42 137 39 83 243 181 189 90 88 156 195 121 179 122 81 231 84 115 133 66 114 165 64 123 233 58 215 111 173 59 162 143 86 107 202 145 240 223 68 160 32 150 244 60 43 239 36 159 69 151 101 248 176 235 125 112 206 100 75 91 149 31 134 65 73 26 128 187 234 180 63 220 211 141 54 129 222 57 152 89 148 102 56 199 61 120 167 157 72 198 33 230 106 170 105 44 147 166 126 185 
130 : 164 152 228 102 95 56 182 184 174 240 46 44 157 114 183 145 247 48 236 133 107 155 239 80 38 221 34 131 160 163 55 202 58 207 98 206 103 201 42 134 195 130 27 172 146 238 222 241 51 141 121 248 176 63 231 37 81 73 127 181 86 
131 : 228 157 167 47 30 116 124 122 129 197 75 191 31 109 135 248 172 230 103 61 136 92 111 72 70 62 83 201 146 123 67 39 158 206 73 249 27 112 202 74 126 86 225 35 216 37 49 133 155 165 113 210 36 164 182 220 233 82 60 117 53 88 114 149 237 91 189 177 160 179 246 127 93 90 178 200 56 46 54 207 77 125 176 162 131 219 151 204 161 245 196 118 108 94 247 203 
132 : 137 109 230 126 27 105 119 58 114 248 49 178 90 172 63 186 163 193 158 179 242 57 216 157 59 142 117 68 33 226 164 25 206 211 92 31 165 138 136 223 221 32 56 182 52 232 171 154 153 89 176 148 243 247 174 159 201 29 195 152 131 74 44 65 222 72 184 76 
133 : 209 47 62 176 46 37 107 40 38 205 95 77 248 50 188 191 174 66 69 218 203 48 186 111 139 136 217 245 106 78 55 149 167 32 91 195 120 223 157 240 45 154 65 93 31 87 68 102 196 82 116 49 63 92 86 163 74 114 147 115 226 70 41 236 224 181 178 123 242 29 210 35 84 213 177 206 54 96 232 104 161 228 241 208 57 148 72 166 155 128 246 130 146 56 121 64 160 151 105 187 175 184 51 73 193 142 145 194 165 
134 : 78 137 63 28 211 133 107 36 86 134 26 98 205 173 39 191 224 43 207 238 92 157 190 57 178 233 188 29 245 148 232 64 139 171 58 195 96 227 135 218 119 136 247 45 67 99 95 85 83 61 246 181 91 223 42 87 143 216 217 34 166 123 184 240 147 113 97 197 163 
135 : 42 190 25 48 153 241 45 58 75 149 165 194 152 161 200 221 146 184 72 206 116 101 242 114 226 125 197 105 195 173 202 136 227 80 201 233 140 189 232 229 234 170 207 180 113 188 40 122 210 69 212 91 182 70 32 133 139 98 239 57 88 214 74 142 237 171 216 97 222 132 159 
136 : 194 223 224 97 167 65 195 218 233 165 136 99 184 196 71 98 66 176 168 231 243 206 83 137 30 166 193 248 138 43 155 84 112 221 44 32 129 86 203 140 242 239 182 238 116 61 139 211 188 147 45 58 170 31 174 201 74 204 93 191 94 47 225 111 28 53 209 123 246 220 192 100 179 245 113 213 118 128 29 183 244 180 69 241 210 126 171 134 154 132 39 79 80 135 214 185 87 35 219 162 142 200 157 55 37 186 237 106 130 
137 : 65 32 44 103 69 210 209 126 248 35 71 178 224 150 157 133 106 172 137 202 101 33 51 54 156 100 66 177 226 43 228 131 94 40 232 58 165 233 182 162 139 26 81 50 85 229 164 29 219 213 136 92 242 160 176 249 
138 : 40 60 215 108 173 31 225 133 203 67 115 34 150 58 205 212 105 48 244 109 182 120 106 156 242 158 217 131 54 167 193 190 93 29 86 214 63 135 192 66 127 35 229 42 44 52 102 224 77 33 191 153 160 59 216 
139 : 206 135 185 44 210 222 41 66 174 218 139 86 128 78 85 152 158 202 165 71 246 49 211 109 132 43 88 92 220 105 61 179 212 195 114 107 125 214 157 149 155 102 51 111 191 93 239 120 235 126 241 38 236 169 46 145 65 34 103 166 55 69 242 223 87 187 45 75 94 167 193 91 53 89 82 217 96 28 63 36 224 60 232 196 221 209 160 83 80 57 142 228 67 68 40 121 215 143 233 123 184 144 119 171 
140 : 78 208 152 72 74 216 176 59 235 49 43 184 213 147 128 228 81 137 220 136 158 153 195 91 87 175 246 229 245 121 171 109 125 238 164 82 197 124 225 233 130 116 57 237 234 39 173 96 36 227 119 168 240 88 186 149 212 221 68 103 26 
141 : 126 218 64 192 98 75 118 124 162 46 142 201 156 158 30 181 44 204 247 101 63 43 90 145 144 103 159 55 91 117 26 108 48 114 52 116 168 234 182 113 183 76 215 216 224 178 74 71 68 161 109 133 107 205 169 220 248 191 104 78 35 130 32 229 196 61 127 40 70 246 197 157 242 106 67 180 232 194 39 164 213 188 172 84 228 163 47 31 62 151 51 210 
142 : 170 249 99 116 72 208 135 191 181 165 130 183 59 184 195 120 137 103 51 91 173 38 169 29 131 234 237 248 153 32 133 152 177 198 199 239 156 78 55 45 61 225 95 65 63 73 71 26 136 114 93 148 86 143 232 36 142 138 41 87 125 162 44 214 163 157 228 158 109 201 146 218 110 50 190 96 70 102 127 168 230 179 150 126 178 107 25 48 34 49 123 33 122 121 40 60 167 200 161 58 204 64 159 205 129 149 154 147 193 
143 : 190 160 88 122 240 170 244 54 87 53 199 93 133 142 193 231 182 26 175 45 42 109 178 158 249 214 234 230 243 226 215 155 113 197 143 36 56 173 194 119 29 222 216 
144 : 101 217 38 146 74 225 60 140 148 210 203 207 71 123 54 28 115 249 56 192 35 237 105 59 39 235 213 153 53 119 80 245 27 199 126 75 206 222 103 173 109 229 107 143 149 78 195 86 147 158 185 44 242 120 114 125 241 43 214 155 132 33 223 181 124 220 216 84 154 189 122 211 50 36 151 72 234 197 55 98 97 68 113 248 81 46 164 228 129 121 193 152 134 246 177 127 236 83 34 106 218 29 209 233 204 102 176 137 179 
145 : 85 73 226 53 205 166 129 167 39 77 203 204 88 193 55 38 239 26 138 217 175 76 105 221 192 236 114 174 133 134 164 72 188 41 231 230 158 50 96 69 173 126 177 115 57 67 199 102 70 183 80 109 82 181 191 245 84 56 202 44 116 97 216 65 200 219 242 225 210 148 112 229 131 60 
146 : 127 159 171 27 158 195 111 187 200 201 243 134 101 198 120 156 133 128 103 136 57 222 216 87 89 77 168 238 83 167 226 138 177 91 117 190 135 219 79 154 119 229 146 51 58 245 126 147 176 45 191 204 160 217 214 62 165 246 212 49 150 149 71 54 155 
147 : 96 85 239 233 82 213 122 203 118 38 62 176 204 196 186 173 129 226 190 31 217 211 156 201 77 63 218 25 199 228 235 137 47 141 94 193 177 178 100 145 238 29 132 59 41 128 202 134 117 191 110 155 168 115 103 234 207 36 144 74 179 84 40 70 130 32 149 229 97 57 161 181 60 42 170 52 80 244 219 195 108 243 90 86 101 208 142 151 
148 : 49 180 151 197 187 98 174 110 216 61 194 32 67 119 178 229 189 59 25 118 135 73 213 95 111 173 139 209 219 93 191 228 113 149 45 75 221 182 202 170 131 175 41 76 181 230 237 66 132 218 72 84 150 184 223 34 247 227 201 91 
149 : 191 202 153 211 204 216 205 87 123 143 157 62 82 68 101 141 186 187 125 231 61 214 74 34 39 60 
150 : 136 171 219 223 117 25 96 122 177 224 170 46 209 204 34 88 97 206 82 168 155 103 179 183 99 143 241 233 111 215 212 172 174 157 129 190 43 184 38 92 199 213 109 54 131 36 33 178 42 200 35 220 56 218 27 186 123 232 216 100 93 53 60 249 217 44 145 201 222 89 67 150 152 119 28 52 193 153 235 229 65 160 113 133 154 51 69 70 231 187 194 156 86 134 166 181 39 185 84 45 48 
151 : 125 176 126 30 57 107 112 144 117 138 232 121 225 241 60 63 81 104 99 194 80 134 85 152 103 97 128 211 114 228 186 91 106 64 214 109 39 175 58 165 55 147 207 181 236 217 159 98 110 201 189 41 76 62 247 68 172 31 25 244 36 223 143 113 163 49 205 26 188 118 83 195 69 52 246 34 82 75 190 245 123 167 
152 : 145 185 209 195 241 121 236 156 161 36 157 65 202 108 218 61 188 174 57 214 117 81 232 114 32 225 75 153 118 187 245 190 59 134 211 175 249 247 91 200 207 46 50 137 139 34 151 193 56 227 
153 : 32 213 181 79 53 87 218 226 93 106 67 80 38 118 201 100 147 82 214 216 102 107 30 89 116 154 27 125 208 173 187 101 148 28 159 44 72 180 210 33 37 195 150 111 217 138 134 77 184 
154 : 241 187 203 107 78 34 28 79 26 208 116 181 232 217 238 41 93 175 42 120 77 133 188 145 178 51 99 
155 : 88 119 29 211 247 218 108 220 58 117 101 248 231 80 146 226 149 245 129 241 109 228 38 41 86 151 57 168 77 240 40 122 123 207 208 204 39 158 233 194 100 244 170 190 54 55 178 68 116 92 64 206 94 175 239 152 43 200 36 120 195 213 111 102 209 133 51 85 212 110 171 28 144 153 137 49 224 157 201 176 67 222 237 173 
156 : 177 75 101 195 222 46 227 248 175 123 128 208 131 161 199 79 236 207 191 145 169 146 121 109 178 68 240 152 73 106 114 85 243 83 133 98 211 220 172 111 151 138 119 54 58 216 226 26 108 59 102 163 84 130 148 164 155 30 245 206 136 96 224 183 244 185 57 60 157 134 156 86 171 95 65 159 173 193 168 67 31 201 218 170 41 78 47 93 158 249 213 103 63 137 135 
157 : 248 121 198 72 63 161 91 213 30 149 87 39 42 244 246 237 110 29 28 62 130 58 242 185 164 214 66 192 220 73 35 153 168 187 190 159 216 152 79 204 147 88 94 177 145 60 232 249 175 223 122 38 193 48 189 86 165 78 221 211 61 212 148 227 82 169 210 128 33 215 228 107 196 229 174 49 141 120 199 222 225 236 59 34 150 102 144 65 104 67 180 205 44 
158 : 94 60 39 133 43 84 114 166 230 88 98 52 232 33 57 89 137 108 202 51 153 221 154 75 109 41 190 162 66 118 105 71 188 129 194 163 169 189 50 228 181 40 72 241 116 209 85 157 110 213 218 168 210 167 229 171 130 103 121 238 172 81 240 216 99 164 34 150 170 203 161 45 178 142 136 97 25 207 112 69 180 174 198 127 90 91 63 176 246 197 200 122 145 78 245 74 131 47 234 73 123 61 226 
159 : 52 119 194 202 151 236 234 81 187 235 72 139 169 27 249 172 248 123 209 207 73 140 233 171 211 157 196 166 168 116 228 115 79 61 191 135 58 75 36 103 192 223 50 242 120 205 181 121 155 127 54 175 44 136 38 137 86 200 69 97 113 70 195 239 222 51 213 59 183 174 153 105 100 165 154 128 122 232 142 64 107 220 
160 : 230 76 105 226 83 187 102 145 164 67 72 201 115 52 25 163 49 69 233 38 37 246 138 58 140 148 55 217 174 77 147 80 167 143 203 116 50 106 56 213 169 166 129 236 199 81 202 
161 : 108 102 59 78 152 131 115 43 70 209 110 243 130 246 158 219 201 109 170 122 82 176 58 132 128 236 224 125 214 139 116 124 232 177 167 181 151 247 218 
162 : 164 207 59 125 203 26 79 238 46 202 114 83 155 93 204 192 239 247 136 206 168 172 179 169 130 201 234 139 148 167 111 101 70 73 42 45 240 212 105 132 57 
163 : 89 61 183 114 197 216 217 79 147 63 67 83 249 157 69 72 164 228 165 240 218 187 101 229 212 181 70 107 206 49 74 87 25 201 143 242 166 221 118 51 77 129 194 190 191 200 41 33 55 
164 : 138 241 228 125 153 55 83 156 249 216 78 33 45 50 201 244 93 140 94 234 62 29 159 182 111 179 80 130 59 144 
165 : 129 97 203 111 62 41 34 179 116 105 44 233 109 107 192 67 61 52 169 140 100 134 139 229 231 63 96 49 46 223 137 210 72 45 
166 : 174 173 238 249 152 105 184 139 99 91 89 237 107 244 209 207 199 114 38 145 154 159 119 58 32 85 228 27 51 147 156 136 192 182 141 79 31 71 42 36 90 40 220 33 41 84 191 129 103 80 146 206 46 28 49 245 43 234 78 172 215 63 219 158 189 214 67 110 155 62 187 197 176 76 135 163 241 97 69 247 212 170 120 200 132 57 
167 : 95 211 210 107 230 223 125 56 30 141 54 46 229 114 91 131 34 164 194 202 182 174 52 147 49 231 249 118 213 143 123 204 57 200 197 69 51 199 44 42 29 127 99 212 129 207 233 45 189 120 217 245 39 146 163 106 100 153 203 61 196 96 121 31 214 128 166 183 38 83 193 74 86 40 113 134 221 215 87 105 238 139 32 155 64 50 116 65 119 237 185 97 206 
168 : 49 99 190 122 210 182 39 91 73 61 200 242 120 202 100 51 199 143 26 138 226 40 237 60 145 118 35 105 79 159 126 219 57 135 191 134 157 166 160 62 156 146 
169 : 162 25 153 114 55 59 91 110 28 103 207 229 45 70 125 185 117 81 183 203 173 127 43 178 35 242 42 199 76 93 54 89 205 80 165 143 122 65 90 148 247 105 196 222 219 164 234 101 167 106 26 174 159 116 245 200 168 53 118 240 214 94 58 95 221 194 87 34 220 146 142 50 181 150 223 132 135 160 180 158 226 188 
170 : 89 167 105 139 71 146 221 46 129 98 147 130 141 241 227 100 203 118 193 210 136 36 172 78 177 79 215 58 104 123 165 120 162 155 72 65 185 109 201 145 56 213 187 75 237 29 37 112 101 153 208 240 206 52 191 173 87 82 152 114 94 91 135 231 233 83 61 35 43 47 195 216 158 45 41 204 42 26 108 243 116 199 64 122 132 127 151 131 68 190 186 96 232 219 73 192 170 236 235 55 182 102 248 194 
171 : 70 43 184 72 67 52 119 50 125 142 133 181 136 202 126 168 232 62 107 153 103 132 179 236 47 244 90 75 245 91 42 37 246 222 167 204 219 188 115 210 213 34 
172 : 192 212 209 170 195 207 85 83 38 25 82 221 216 199 42 115 87 59 102 147 157 222 69 225 203 153 156 190 241 62 140 149 131 28 46 235 219 101 198 245 177 52 73 248 129 124 123 
173 : 214 127 53 205 212 47 117 30 223 235 218 34 160 72 163 180 161 116 186 204 142 230 237 247 43 147 28 69 97 152 106 133 40 45 171 201 75 244 96 167 86 162 184 157 48 59 239 71 79 219 227 109 190 144 137 101 41 211 128 188 42 141 249 192 194 26 83 89 164 51 136 173 110 224 54 208 197 
174 : 212 26 114 100 28 180 194 89 202 127 219 181 107 177 179 76 151 163 209 230 201 104 55 96 69 214 220 40 31 176 171 136 140 80 130 198 118 58 224 110 29 97 48 99 193 68 168 169 134 106 49 144 47 78 239 150 92 72 
175 : 43 69 151 206 231 134 65 124 55 81 167 228 159 184 196 154 216 91 160 110 222 123 176 149 145 155 64 185 105 74 107 221 191 236 246 215 58 136 29 94 173 210 39 193 194 
176 : 132 206 171 111 228 189 35 106 163 84 31 191 91 56 119 219 103 72 172 200 218 69 27 167 109 214 235 204 237 243 64 52 198 73 147 166 62 244 196 233 99 173 248 240 165 161 55 249 90 220 227 183 212 94 153 177 223 110 30 117 45 170 222 164 232 81 57 121 116 122 133 124 197 107 215 89 75 242 85 114 211 140 158 131 108 203 25 176 39 32 169 246 142 50 185 54 102 76 138 241 143 181 
177 : 61 243 194 226 90 75 64 118 137 126 185 188 149 242 201 132 233 55 28 130 162 160 84 237 56 176 48 241 40 196 108 246 191 177 44 236 
178 : 181 172 187 60 72 195 89 145 168 189 35 146 96 55 114 215 180 157 230 204 93 135 151 206 207 106 246 236 119 68 121 227 92 78 171 166 122 241 231 177 218 97 140 238 87 229 47 243 143 110 191 28 85 105 201 232 116 223 44 79 124 57 222 100 37 234 242 138 153 104 71 40 33 38 164 161 173 203 101 200 80 198 115 156 91 
179 : 128 244 113 98 187 35 127 163 190 48 95 149 144 87 108 229 207 85 205 223 237 140 124 62 204 242 185 126 155 121 159 63 112 81 76 75 195 194 52 180 78 105 32 41 232 148 136 114 69 193 111 80 39 134 74 177 129 248 209 
180 : 128 149 70 196 67 103 228 197 118 209 76 244 226 124 167 56 63 217 57 145 232 90 129 39 93 74 159 85 241 60 107 50 111 43 249 193 46 84 237 163 177 172 245 141 233 114 229 236 205 225 135 58 121 59 157 227 52 83 218 240 150 184 29 133 214 108 96 202 106 
181 : 136 98 187 49 218 154 43 104 143 192 185 120 194 152 249 232 225 92 36 164 68 159 149 213 161 121 58 85 202 125 162 35 29 128 151 201 45 206 127 138 148 145 40 126 77 188 190 94 171 59 245 79 212 220 30 189 133 181 195 80 109 71 191 119 183 46 93 198 73 216 110 158 78 168 203 243 63 76 173 27 147 100 178 38 200 62 240 
182 : 232 115 26 229 80 169 184 138 46 75 183 84 226 158 41 159 188 81 178 170 206 185 122 247 192 99 91 187 151 
183 : 82 240 85 40 120 222 213 171 99 86 152 197 87 237 160 162 174 69 188 42 56 132 149 54 141 233 98 62 61 165 63 58 84 184 48 196 26 242 202 68 177 105 192 111 81 164 79 41 163 45 103 115 66 215 65 123 90 198 148 129 157 73 118 60 180 70 117 53 193 78 195 189 97 156 29 234 114 220 175 31 158 101 181 100 59 
184 : 209 87 88 170 213 62 143 206 103 187 153 79 242 134 120 53 220 215 35 36 145 147 139 207 186 111 203 231 167 33 164 235 
185 : 177 115 51 198 92 182 121 185 36 235 178 40 233 106 187 71 103 176 49 149 112 223 167 59 157 199 134 230 143 140 77 93 221 43 144 147 209 205 52 141 30 80 132 163 67 130 188 25 152 105 213 37 201 31 160 174 95 214 73 191 
186 : 75 47 71 35 46 226 117 112 203 204 175 78 52 183 145 59 134 69 227 122 53 135 240 147 103 217 80 88 84 236 91 197 229 188 222 101 70 191 109 207 192 235 43 245 142 174 158 195 248 138 171 95 102 210 234 74 231 25 223 120 216 219 129 57 34 92 55 32 176 244 225 27 36 199 243 127 72 170 99 96 44 190 139 89 180 177 111 141 247 123 208 187 100 37 118 115 67 110 161 56 49 90 168 
187 : 198 151 32 243 204 162 109 44 220 213 140 244 186 167 181 235 80 144 159 173 95 187 72 34 103 107 197 126 40 85 29 131 51 165 76 232 217 225 150 157 120 147 
188 : 101 51 31 94 58 105 246 122 228 237 238 25 63 136 28 115 72 73 64 121 48 99 177 214 152 154 26 175 242 194 182 234 123 55 215 96 145 230 46 181 233 33 195 141 129 109 139 196 147 239 37 131 179 32 203 81 29 202 201 90 
189 : 232 240 167 37 185 183 221 130 142 119 226 84 149 206 71 40 34 198 104 63 148 173 45 201 125 87 249 32 162 111 
190 : 153 34 32 44 187 83 142 75 111 60 89 48 104 45 96 97 141 95 35 157 131 42 204 206 219 27 61 116 
191 : 108 214 136 63 180 121 233 199 165 112 181 200 137 192 211 50 184 247 77 248 178 159 185 80 76 32 149 223 72 98 244 175 237 132 169 209 176 177 172 62 28 38 216 87 89 208 249 104 135 69 33 57 242 115 73 120 101 215 93 123 238 141 190 161 114 222 35 145 113 84 52 128 226 48 151 202 138 122 134 246 75 196 194 140 83 166 221 39 127 187 126 168 49 210 188 40 205 162 183 116 198 71 234 212 207 206 67 156 186 56 150 
192 : 45 192 161 99 67 127 123 159 25 56 65 69 27 83 245 105 77 244 169 29 50 75 150 198 116 47 71 216 125 
193 : 137 247 115 97 168 242 124 107 164 112 52 172 55 82 181 66 243 210 238 142 145 26 95 122 111 216 31 246 236 227 79 127 113 67 152 28 170 117 44 248 84 53 184 151 220 235 80 161 157 110 88 109 215 221 206 207 158 89 135 249 104 70 240 140 131 49 77 71 59 78 191 232 147 116 182 165 101 86 156 92 208 36 33 201 76 
194 : 76 169 177 202 156 55 172 222 232 201 127 147 206 242 240 62 205 84 96 141 199 211 134 173 216 203 146 81 235 165 135 181 64 189 225 82 143 249 35 101 25 
195 : 60 205 48 57 188 118 126 228 29 224 128 107 207 156 39 240 189 94 138 176 178 26 46 201 149 145 214 110 104 70 231 99 131 141 158 210 137 223 89 164 27 146 52 222 71 162 80 175 217 49 25 143 30 163 212 32 67 134 124 97 232 78 51 208 75 147 42 54 37 184 44 95 155 218 181 76 113 239 55 45 83 31 33 
196 : 146 148 67 49 87 199 245 143 140 54 226 153 137 205 51 240 57 118 129 114 132 127 104 160 80 47 36 164 37 206 
197 : 145 249 108 55 206 167 45 146 82 141 63 202 54 160 245 168 88 192 46 239 115 99 64 210 129 195 92 112 74 66 53 102 134 25 107 47 214 113 73 231 105 170 51 243 70 220 104 125 75 117 222 42 83 123 89 201 77 58 48 44 188 232 33 138 246 
198 : 224 160 170 211 138 179 132 210 135 196 204 184 240 214 72 64 234 115 133 199 60 178 247 99 227 89 241 59 111 45 34 165 35 168 143 85 
199 : 208 134 39 140 28 67 115 100 118 73 55 207 193 75 60 235 137 58 129 223 110 170 177 165 176 45 163 191 248 159 143 220 204 244 181 123 35 131 84 72 173 141 224 133 56 218 175 68 109 113 101 135 52 
200 : 33 42 28 233 52 36 109 49 70 96 35 244 234 94 59 217 133 209 181 120 112 46 75 223 169 176 91 130 
201 : 162 129 81 114 116 109 117 147 97 85 43 214 178 103 215 57 195 55 90 196 225 157 217 226 150 37 58 45 120 234 54 149 237 238 66 239 184 247 107 173 144 241 93 89 96 246 202 28 224 39 95 218 232 200 53 112 249 230 174 67 229 75 137 179 199 26 48 142 216 197 219 180 122 170 29 164 125 25 138 44 115 148 35 101 154 210 146 168 47 50 240 40 186 68 121 62 104 
202 : 42 224 72 196 109 113 213 161 127 86 238 106 112 65 39 36 33 155 244 75 192 137 83 170 118 169 60 105 153 64 100 197 249 76 108 232 48 124 186 215 194 111 191 121 30 164 231 200 216 141 71 221 122 148 183 84 204 54 
203 : 133 171 106 185 62 210 184 38 203 118 174 143 193 169 224 121 100 208 60 43 101 172 248 98 99 57 77 232 197 74 130 242 239 187 116 164 223 70 55 216 221 227 146 157 78 245 50 246 209 173 225 159 68 72 111 97 
204 : 209 144 55 114 183 245 249 70 108 43 109 46 57 80 56 130 170 33 217 185 220 94 153 161 169 73 232 93 113 51 199 239 58 111 103 152 167 61 49 187 228 137 233 126 159 179 214 68 85 59 166 188 248 135 140 236 240 197 28 125 180 32 134 38 
205 : 62 41 60 84 160 235 67 115 205 162 220 74 49 121 203 173 145 85 138 78 150 216 50 157 96 154 59 225 233 238 
206 : 210 217 64 195 155 136 214 168 167 47 63 175 118 193 133 112 37 26 46 85 121 205 39 245 83 192 56 74 171 32 84 172 119 160 231 177 31 87 246 150 218 50 99 143 70 198 27 166 120 142 55 131 101 181 77 204 243 52 122 57 92 230 183 
207 : 156 57 86 56 70 63 244 66 231 99 161 83 227 187 82 72 171 150 230 32 126 204 87 234 134 65 190 118 38 59 76 119 173 221 213 226 35 222 179 42 121 
208 : 201 202 88 168 213 136 32 39 244 205 203 176 42 149 114 164 111 78 198 112 121 184 69 172 200 241 143 36 144 133 242 227 221 86 151 174 60 161 166 193 120 167 87 33 137 247 232 245 152 28 103 106 74 48 130 102 62 93 155 207 234 248 225 240 126 190 228 195 59 117 99 140 194 127 79 55 219 229 63 95 104 211 30 178 97 
209 : 51 105 176 134 69 169 178 222 42 211 198 140 57 116 183 47 119 162 187 52 26 108 167 228 168 89 142 205 237 136 131 127 175 213 221 99 109 39 86 196 30 95 74 179 91 148 44 96 55 227 117 217 249 158 94 36 79 137 34 216 38 110 159 203 188 244 101 71 156 64 238 164 59 224 78 157 210 106 246 70 87 141 48 80 146 235 155 113 98 241 170 200 230 174 240 103 60 112 68 173 129 154 62 56 31 
210 : 205 114 111 149 94 152 224 184 227 236 193 249 55 141 242 36 150 200 175 207 157 86 233 238 27 232 40 59 98 161 148 89 45 92 129 120 68 174 87 134 108 241 201 173 69 162 110 208 82 172 118 234 54 53 211 47 74 244 228 229 206 125 155 176 190 122 25 117 116 247 230 165 48 132 131 31 144 142 124 
211 : 242 50 157 26 245 182 195 99 135 230 71 233 193 206 106 73 249 123 204 216 154 65 190 137 109 131 197 36 211 79 28 219 152 47 120 58 185 91 35 229 105 33 191 37 81 69 189 94 133 85 134 141 226 187 196 62 78 192 235 166 103 108 77 
212 : 44 51 105 34 67 185 171 197 190 215 68 32 110 230 213 108 96 66 191 148 244 147 98 209 205 56 137 65 38 54 80 139 228 196 46 79 162 227 48 41 107 234 193 60 99 58 33 182 172 154 136 237 151 170 132 117 123 180 184 124 76 233 130 226 90 202 111 212 28 157 95 118 201 164 25 220 231 91 74 192 62 134 179 100 114 160 131 57 150 64 83 176 156 152 143 40 104 53 140 183 
213 : 139 181 128 125 35 241 238 180 46 144 212 240 182 206 28 227 57 161 45 86 111 189 106 77 53 103 154 209 150 71 147 162 109 214 136 179 
214 : 146 88 222 163 125 204 246 223 160 82 209 207 165 64 47 71 227 70 56 188 179 141 25 197 152 30 105 43 203 133 172 135 42 231 41 123 136 66 161 145 183 174 65 117 236 128 34 73 33 122 184 121 113 167 102 99 44 51 83 201 150 233 26 193 226 76 242 166 103 67 175 239 144 32 247 195 54 104 244 157 248 97 228 243 59 186 53 138 28 
