0 : 107 248 28 139 203 34 164 88 188 213 114 150 94 128 90 140 96 125 192 200 147 105 168 52 42 224 231 202 161 146 33 179 121 183 180 245 238 217 56 113 215 120 53 199 99 86 222 187 205 
1 : 225 118 33 107 203 116 97 108 177 152 249 68 184 135 175 53 132 111 142 139 147 101 88 206 63 69 199 246 121 209 146 27 231 57 144 169 46 34 247 95 228 86 92 25 151 192 202 
2 : 140 135 92 52 101 36 168 204 212 248 183 144 227 65 78 194 97 133 238 160 229 131 139 87 60 208 155 126 203 95 53 107 215 211 201 77 175 165 86 216 110 70 75 63 188 245 74 
3 : 64 159 94 85 243 201 226 48 98 132 232 208 133 223 49 96 25 103 239 164 135 58 29 184 128 113 197 100 70 30 181 179 158 200 237 234 154 165 65 34 75 195 97 39 228 51 117 93 171 36 142 56 105 90 116 91 187 44 235 231 89 156 207 52 213 147 185 214 170 124 92 
4 : 132 141 86 64 249 36 135 238 30 42 162 112 120 212 118 185 58 243 44 97 45 61 117 173 148 183 224 248 143 163 220 75 100 196 55 147 229 222 128 146 41 202 213 232 105 34 89 
5 : 159 41 85 95 59 26 40 198 216 183 65 168 84 111 33 144 79 248 68 244 211 163 32 206 119 239 46 56 229 128 150 157 31 209 64 195 61 176 212 173 236 186 54 28 180 177 200 225 178 138 172 30 243 223 201 105 62 92 
6 : 116 210 122 110 25 200 193 36 242 90 61 238 95 246 147 33 236 137 73 127 232 221 186 124 169 132 46 162 243 166 55 174 178 208 35 126 163 26 244 204 114 171 117 170 158 157 247 65 155 234 32 130 70 44 228 237 98 31 220 133 54 188 109 107 51 245 125 41 48 235 143 47 37 58 112 93 160 102 
7 : 53 94 151 74 170 123 243 54 144 65 108 38 40 203 140 87 116 236 176 117 76 202 133 227 36 32 248 39 92 111 169 33 138 186 81 44 51 60 
8 : 49 239 192 53 114 226 123 122 57 101 143 178 28 38 223 73 30 202 228 83 115 128 112 154 125 108 51 90 243 104 208 68 78 130 40 29 
9 : 231 210 222 158 179 52 97 66 82 113 239 75 62 30 141 142 199 241 140 94 148 45 182 205 151 70 114 50 159 49 40 161 247 39 111 67 127 65 215 101 
10 : 140 232 192 41 191 184 123 154 144 237 188 141 92 161 30 47 87 221 199 109 38 131 223 159 71 93 106 88 210 163 126 224 186 213 166 111 212 150 76 29 103 137 120 220 243 124 194 108 81 148 218 155 209 165 86 245 164 147 230 160 208 
11 : 152 165 217 46 227 144 76 109 206 179 121 93 71 55 90 213 25 154 241 50 61 30 166 68 102 172 88 178 190 107 181 96 130 139 246 87 228 200 83 65 106 119 226 153 175 211 210 176 195 86 230 38 120 147 98 105 158 163 
12 : 73 114 50 63 245 140 204 172 192 218 212 138 126 57 236 38 203 81 115 123 143 142 181 200 241 64 243 109 75 242 37 121 164 91 78 46 41 72 55 150 125 173 211 87 193 141 110 219 207 239 196 26 153 248 238 65 27 148 67 69 174 32 53 163 88 190 45 147 42 184 59 187 160 202 112 227 113 189 83 
13 : 225 49 210 47 93 74 152 51 146 136 206 213 120 50 239 162 182 247 108 196 242 184 27 223 158 72 75 140 62 156 236 31 214 175 226 129 231 132 133 232 235 61 33 130 85 193 64 111 
14 : 207 34 137 46 132 141 177 51 76 101 130 140 57 25 65 178 62 66 235 110 107 158 160 189 152 154 149 109 246 155 236 240 146 45 63 67 31 52 90 138 199 159 216 218 228 56 151 30 203 78 81 
15 : 74 215 52 58 119 38 163 124 199 230 206 244 157 112 234 73 135 195 85 99 168 213 30 49 62 225 167 191 155 186 90 232 220 176 33 69 173 68 84 178 115 239 201 154 87 113 78 175 169 43 221 137 100 54 50 150 205 184 235 103 122 214 148 139 
16 : 92 148 233 110 220 198 210 240 201 234 74 127 156 214 52 123 90 158 163 27 236 122 150 112 106 59 29 61 31 129 242 224 91 77 249 190 36 44 107 207 126 206 125 130 101 103 203 47 95 113 154 70 
17 : 147 49 145 216 157 27 74 205 71 185 85 115 84 171 233 80 64 184 28 88 134 221 177 108 219 191 78 225 130 136 146 230 168 50 164 46 82 197 44 212 180 179 135 245 210 61 144 26 102 142 173 211 138 48 181 73 214 137 172 236 68 94 
18 : 238 160 40 213 158 216 25 108 207 55 127 57 195 41 128 248 249 168 234 153 163 76 48 29 182 45 208 28 240 170 110 79 169 44 78 73 124 88 42 26 71 27 52 62 156 134 82 51 97 210 47 33 193 146 92 200 189 142 30 229 87 197 96 
19 : 35 85 72 51 141 81 142 245 209 121 162 215 178 62 145 47 140 67 182 31 133 99 83 175 211 126 149 41 223 30 201 159 131 54 111 123 186 185 116 206 168 38 91 210 59 102 213 166 180 113 125 92 28 205 171 132 137 119 94 176 70 216 157 225 177 231 43 173 57 34 194 146 147 229 110 40 
20 : 202 183 120 239 198 236 151 71 53 165 221 83 106 224 249 208 92 44 124 97 61 139 121 123 76 101 201 91 90 77 185 245 160 48 219 114 111 150 41 29 161 133 67 125 87 129 31 119 113 74 109 209 126 182 136 173 130 86 241 222 162 217 170 32 75 35 58 175 223 164 231 
21 : 149 187 206 80 190 29 66 210 102 116 167 37 101 92 120 73 100 134 62 229 235 117 194 146 33 107 98 156 198 153 43 151 70 76 242 131 44 208 124 157 155 166 55 216 46 26 68 95 30 225 246 173 214 213 42 231 50 67 31 169 51 84 145 178 222 212 233 108 
22 : 239 82 174 96 201 77 173 62 52 70 176 116 57 36 55 129 155 190 79 48 166 137 187 183 178 83 78 100 172 54 69 104 214 67 50 43 157 212 238 47 197 192 175 229 150 228 75 102 41 153 64 103 86 33 131 42 60 59 71 98 25 73 27 202 133 181 136 142 185 32 215 61 198 139 85 93 226 160 184 97 
23 : 100 92 97 41 244 65 73 27 137 90 191 59 154 34 44 138 109 171 62 32 99 115 114 68 113 
24 : 110 87 27 143 155 54 185 29 30 84 98 151 173 76 206 122 179 57 28 178 72 218 108 56 168 31 241 119 135 221 174 88 105 209 246 243 26 163 75 99 83 71 201 211 131 224 161 
25 : 220 238 213 115 87 187 230 42 98 200 30 227 83 174 114 199 101 195 168 94 61 188 36 159 232 
26 : 142 85 98 189 101 49 26 47 209 73 54 74 71 123 59 70 107 162 219 116 88 214 158 206 32 125 115 181 224 76 86 188 46 103 197 51 243 172 165 58 151 244 195 137 199 
27 : 107 121 190 123 60 41 120 88 202 213 232 247 191 35 235 42 111 146 165 33 212 59 226 127 147 189 38 71 195 240 29 230 167 224 206 78 159 164 248 222 244 204 128 246 184 27 93 238 68 122 186 133 157 181 243 183 
28 : 175 172 210 181 57 162 202 107 231 156 109 78 196 163 84 112 110 130 35 192 136 66 190 102 27 235 42 113 236 203 94 222 121 25 116 189 171 80 167 193 234 74 248 184 125 182 29 179 114 173 120 89 52 237 220 32 214 152 134 48 178 115 26 140 55 194 67 51 60 105 226 85 166 228 143 77 36 33 71 
29 : 114 172 25 115 88 128 56 221 202 190 26 186 173 183 111 104 107 169 180 188 109 247 211 204 61 125 224 30 112 244 76 105 67 134 106 163 34 201 215 47 219 82 162 91 79 122 218 241 49 233 31 209 170 246 
30 : 65 139 164 180 56 45 76 146 87 225 128 125 163 88 174 35 147 195 222 182 101 196 207 160 152 79 175 170 179 73 116 232 236 218 151 113 242 198 200 100 119 141 
31 : 223 48 70 202 122 218 243 82 192 57 54 208 101 248 130 180 230 104 88 233 46 173 77 165 126 131 222 35 85 39 115 220 105 164 111 239 94 32 55 92 216 91 37 
32 : 148 226 93 188 157 81 44 220 74 40 142 55 104 132 198 73 118 64 185 87 113 197 184 84 246 151 216 173 162 160 195 47 48 103 121 95 29 172 183 242 
33 : 153 217 174 187 138 202 122 166 235 233 200 230 190 41 30 133 196 214 135 48 155 207 237 59 93 171 84 134 101 164 94 142 102 97 221 70 112 121 146 192 170 239 51 182 63 67 205 44 56 125 
34 : 43 64 67 33 50 68 210 81 150 105 237 181 124 242 189 84 112 139 32 115 172 58 96 34 114 196 226 130 140 131 116 86 80 106 218 175 148 
35 : 94 238 84 30 114 144 34 81 234 167 44 124 239 64 103 231 133 85 180 59 210 216 108 58 143 102 247 202 208 62 66 39 41 111 248 33 47 169 233 155 140 184 171 73 
36 : 142 167 191 215 143 99 177 108 26 48 136 93 240 211 51 210 239 83 173 144 165 203 118 66 197 38 35 125 228 157 120 41 124 175 47 85 137 82 105 29 50 57 208 172 69 166 180 238 220 246 171 148 62 178 187 169 132 235 140 179 241 
37 : 150 199 140 166 48 109 65 186 198 182 235 45 87 238 173 32 52 205 130 188 105 125 212 73 76 79 133 230 135 136 176 31 59 172 114 55 131 223 244 113 160 25 171 66 63 152 229 82 147 142 54 101 211 194 88 192 190 164 81 100 226 221 71 146 126 234 58 228 185 36 165 197 35 145 84 
38 : 76 49 205 67 161 75 201 158 249 101 50 216 147 37 26 62 47 171 79 224 135 209 99 232 194 66 235 246 71 140 174 138 166 241 127 142 180 204 207 108 154 68 94 223 247 107 202 179 248 124 193 163 
39 : 194 54 213 127 101 208 121 243 27 160 106 87 181 202 145 210 142 215 25 150 44 175 47 199 209 50 88 40 149 225 65 187 51 200 144 53 61 84 123 59 177 162 229 204 169 29 171 74 49 
40 : 212 37 103 210 173 67 33 122 160 187 39 208 138 111 218 223 115 25 107 178 132 202 211 120 35 203 162 70 79 188 99 164 110 185 90 53 201 127 220 155 94 139 145 167 243 141 245 114 133 124 117 
41 : 158 163 168 62 214 137 197 160 105 209 96 55 84 150 87 65 37 90 207 146 245 219 53 191 240 79 26 201 230 67 140 110 88 228 82 86 196 115 180 56 225 229 161 116 211 94 224 39 192 164 66 242 42 139 243 172 179 210 31 40 176 145 167 78 231 121 208 80 35 155 141 221 108 54 157 
42 : 239 64 119 101 236 191 241 140 172 163 150 62 116 196 111 223 227 115 214 222 152 120 25 235 97 233 109 220 149 173 154 184 106 205 30 132 198 78 123 146 238 234 121 46 246 180 128 130 144 195 81 249 51 63 243 
43 : 179 95 146 247 239 80 39 163 81 143 112 121 160 220 96 42 197 149 210 128 116 62 183 198 187 248 61 186 233 30 124 74 223 37 137 91 150 138 66 28 176 101 108 83 196 246 117 200 43 162 
44 : 97 82 177 151 76 178 214 99 69 226 166 173 66 139 74 138 64 197 149 246 223 234 47 204 115 194 181 224 152 182 79 87 235 188 241 247 165 116 208 176 171 93 147 207 159 49 232 170 125 77 169 123 102 192 238 142 28 128 41 112 25 108 78 40 48 80 225 70 
45 : 184 93 92 32 43 145 39 227 69 74 144 40 248 110 81 90 87 232 84 243 246 133 169 134 174 211 170 129 78 166 88 142 45 200 29 196 242 187 157 223 118 176 59 161 194 27 95 38 177 130 179 210 64 47 91 52 168 105 57 165 111 226 120 30 190 66 214 115 148 99 119 
46 : 219 107 96 58 54 208 110 69 151 244 133 212 81 176 204 240 80 224 146 60 171 92 138 181 101 239 41 100 118 91 175 129 57 173 196 230 150 56 87 246 61 210 186 220 161 158 170 106 
47 : 40 94 216 135 215 128 174 129 92 50 97 52 190 130 228 120 210 115 59 126 209 83 186 173 145 214 208 31 110 169 211 136 122 55 194 162 
48 : 219 195 172 89 132 27 84 32 60 222 41 128 174 153 200 97 92 210 42 202 50 64 70 121 82 181 201 242 241 144 159 51 243 36 108 56 26 157 112 212 
49 : 145 151 128 104 83 193 203 114 81 59 154 194 199 141 46 156 217 95 38 34 110 61 161 116 100 113 50 201 236 130 207 153 78 57 244 241 179 54 177 157 33 211 143 159 204 165 198 160 
50 : 96 166 213 110 153 176 144 227 147 118 95 177 137 41 54 163 167 109 243 230 164 225 218 98 247 76 45 72 121 119 44 132 68 136 142 85 185 33 120 106 138 202 134 39 201 186 170 214 210 48 217 140 125 108 67 89 94 
51 : 64 104 78 198 153 233 106 109 234 68 194 79 164 53 38 119 91 156 46 67 49 81 244 149 242 130 28 147 171 152 208 168 193 63 99 142 207 45 
52 : 213 106 218 187 161 121 181 63 109 108 88 198 169 38 180 168 77 78 155 146 184 225 147 81 171 125 127 216 206 223 51 130 219 123 122 86 70 118 195 133 67 95 85 62 200 35 153 222 237 189 240 202 170 31 54 238 66 199 142 132 197 163 210 242 173 39 246 75 228 136 
53 : 185 141 236 44 219 48 138 241 140 34 78 104 229 67 139 177 153 149 225 220 193 99 41 203 117 183 127 157 75 151 87 247 234 222 221 60 182 130 235 245 158 147 237 32 95 152 212 
54 : 45 165 40 205 80 215 91 194 219 244 170 35 116 193 88 140 241 42 112 69 240 174 103 131 31 108 184 227 52 208 246 49 63 95 158 51 201 33 106 222 99 43 58 66 127 81 213 234 148 90 150 200 237 87 138 86 187 
55 : 120 25 170 172 183 77 68 55 85 103 203 57 41 202 249 192 219 100 98 86 106 112 46 96 197 119 217 143 208 124 190 
56 : 237 245 221 223 235 73 220 179 69 105 96 162 228 156 149 48 216 71 159 163 122 98 74 204 67 247 50 209 
57 : 62 145 157 242 36 90 55 200 247 44 193 128 147 220 219 43 67 184 74 243 163 86 40 118 223 122 78 248 139 47 159 60 171 101 42 201 53 66 115 131 206 
58 : 209 148 218 93 119 130 55 88 160 100 169 33 97 172 86 190 48 67 207 139 201 140 26 108 79 59 236 68 193 203 221 50 129 81 62 197 247 111 234 166 71 150 96 213 187 52 133 224 131 82 153 121 99 135 248 186 205 124 66 184 109 
59 : 164 130 36 203 139 71 225 202 124 243 220 140 78 229 185 242 91 179 127 138 83 158 151 84 89 226 175 191 26 68 37 208 107 171 64 80 88 141 123 67 178 214 54 189 128 42 234 112 227 52 172 144 61 149 152 196 169 65 60 237 134 239 
60 : 213 124 144 75 129 72 47 176 137 126 222 187 171 218 86 200 235 184 73 241 93 55 162 56 239 27 61 123 158 96 79 44 139 76 63 106 246 92 48 108 135 74 207 174 153 77 151 193 51 32 120 225 196 164 210 223 249 
61 : 139 84 166 240 248 72 209 217 218 31 202 242 151 70 66 179 187 211 233 169 116 134 173 160 28 106 156 246 38 54 37 68 83 228 102 30 103 29 119 182 
62 : 151 209 101 200 191 189 177 213 49 60 204 185 126 147 107 31 105 226 75 68 26 127 233 202 32 82 134 240 93 219 33 122 84 55 194 138 97 246 76 114 120 34 184 137 211 187 59 196 208 166 222 115 39 129 217 203 116 190 212 63 244 72 50 152 155 197 74 173 92 207 65 79 139 80 109 148 176 165 51 52 30 117 
63 : 180 47 132 242 231 55 173 226 116 177 128 114 229 126 204 233 198 210 43 244 146 86 123 66 201 243 245 167 235 112 134 74 131 165 216 190 113 31 122 37 98 36 69 225 156 189 117 217 106 83 96 105 247 219 168 53 138 
64 : 72 247 82 117 111 198 83 152 128 56 220 85 219 81 243 76 232 107 92 157 143 179 115 49 202 123 177 169 221 
65 : 115 44 107 124 58 32 189 216 54 238 77 56 166 160 149 81 178 241 196 192 128 230 105 137 198 86 29 52 41 152 75 97 82 48 227 67 91 174 209 145 225 242 249 50 191 247 185 43 59 46 34 95 99 177 140 118 93 33 222 112 110 214 98 122 207 62 175 70 223 202 169 243 204 159 173 206 218 37 183 31 
66 : 158 74 90 104 112 200 69 206 231 192 52 92 186 60 68 197 128 143 34 79 175 183 119 62 41 211 141 136 105 116 64 50 25 
67 : 177 169 34 68 199 105 179 245 75 172 54 242 48 104 183 246 123 221 60 51 243 140 121 186 79 155 52 220 125 124 222 96 67 
68 : 28 183 168 202 99 247 178 171 27 72 219 221 102 35 245 74 160 163 215 81 242 37 235 41 116 108 244 177 151 59 195 62 42 149 216 211 190 191 106 162 94 103 90 51 154 104 112 117 57 123 196 76 79 205 86 210 241 133 176 93 193 213 246 239 70 173 236 167 218 226 172 101 53 234 91 238 65 
69 : 87 210 221 88 179 111 226 146 180 31 94 240 139 209 222 74 116 34 41 58 36 97 157 130 246 
70 : 53 129 160 73 108 187 125 172 134 114 191 93 216 142 195 210 40 185 76 26 119 103 25 150 188 34 222 77 102 123 82 169 57 39 209 97 189 165 145 50 190 242 162 236 65 
71 : 90 180 45 230 29 60 73 89 204 242 172 83 171 199 168 183 189 135 153 132 203 31 184 55 33 235 210 25 196 105 166 34 51 108 50 155 53 195 175 106 82 61 122 
72 : 210 200 30 180 192 89 221 74 152 240 173 96 69 27 29 145 218 62 242 61 153 84 122 85 90 183 212 190 51 59 101 25 247 67 136 223 241 77 125 41 113 57 155 187 98 211 87 146 191 28 53 245 80 
73 : 123 83 72 76 189 225 134 108 160 47 209 203 237 111 142 36 195 54 198 129 224 213 42 235 218 223 113 227 217 46 74 33 75 179 186 58 175 77 174 153 28 122 204 161 219 48 155 200 35 148 124 71 156 241 185 181 69 146 52 141 229 246 98 152 243 
74 : 181 223 47 244 97 40 49 82 29 159 122 177 70 106 72 172 66 195 162 210 147 169 27 187 198 233 90 189 44 128 145 213 89 226 76 85 139 168 206 144 205 112 127 135 186 179 221 155 108 174 69 129 176 115 191 143 217 247 105 75 200 158 35 133 42 243 31 224 220 132 201 
75 : 136 92 181 223 248 228 205 234 102 108 130 137 233 127 186 226 231 118 166 149 62 227 249 93 179 235 199 244 126 43 219 67 145 138 48 135 157 239 33 32 51 156 168 81 197 88 224 144 46 167 190 85 215 216 230 220 146 26 214 169 111 56 246 200 218 36 72 69 163 83 105 71 116 66 86 172 114 58 198 
76 : 154 82 177 103 97 202 28 247 106 186 222 54 134 76 143 56 217 95 209 213 176 230 232 233 191 75 161 182 29 96 63 221 25 71 130 112 206 159 93 46 229 83 208 87 121 226 170 118 216 162 67 192 157 
77 : 131 231 199 150 87 171 103 129 64 101 55 161 36 244 210 38 86 112 116 201 197 172 221 206 235 73 50 248 31 62 54 191 240 99 107 126 46 30 117 145 57 111 158 65 238 53 138 205 139 177 83 135 109 94 142 95 247 182 214 194 79 241 47 193 77 195 45 119 133 
78 : 70 86 178 59 118 195 142 73 211 121 167 168 181 222 173 60 155 93 184 124 144 47 162 46 183 225 213 135 
79 : 193 170 227 238 51 152 173 184 165 76 28 185 183 236 124 34 111 241 108 244 169 128 95 144 116 230 229 32 89 199 85 101 71 162 47 44 174 175 77 131 151 64 107 
80 : 154 153 249 216 57 149 180 27 207 210 206 99 240 74 33 46 126 237 89 110 152 85 56 247 91 111 97 34 139 179 53 159 26 133 96 162 32 115 28 193 63 40 182 82 181 128 219 221 112 212 109 66 86 239 125 231 189 130 185 127 65 29 184 107 217 187 73 121 122 87 
81 : 239 180 234 229 71 144 146 106 118 57 89 133 249 217 80 35 169 38 82 116 98 67 218 158 162 128 233 37 47 53 198 137 102 46 36 194 30 228 220 135 
82 : 223 47 42 142 129 58 198 208 92 71 149 245 97 165 84 100 43 153 48 148 85 249 140 194 67 244 52 231 39 113 164 107 235 26 90 116 159 57 93 126 123 175 114 239 111 
83 : 168 190 230 218 78 180 231 220 99 238 48 188 93 138 202 53 80 132 126 235 248 164 40 184 139 79 83 44 181 115 94 106 150 167 39 178 217 237 179 166 41 26 
84 : 193 223 51 75 129 28 188 148 70 120 185 168 96 240 182 248 234 83 154 111 203 32 198 161 247 191 55 133 230 238 72 
85 : 106 77 184 203 152 135 248 181 163 224 245 58 225 118 185 113 214 234 29 112 213 233 153 57 235 26 231 132 183 187 206 175 177 155 61 230 116 150 115 157 228 140 97 122 83 201 114 52 81 28 78 30 43 186 46 133 209 146 95 161 63 50 179 92 182 139 199 174 172 60 
86 : 103 130 114 30 216 243 66 208 121 44 178 122 52 61 110 224 223 26 48 85 72 200 71 68 190 134 151 133 120 144 128 125 138 100 162 235 76 49 
87 : 142 51 88 206 54 62 179 31 32 78 207 37 147 85 236 219 204 135 65 196 243 70 76 225 158 211 208 248 229 45 213 46 61 235 183 205 42 130 90 153 224 77 214 116 110 109 58 121 150 190 131 71 63 103 95 192 141 124 126 49 160 221 168 210 197 181 97 56 93 132 203 38 
88 : 27 93 202 86 171 83 99 49 35 177 68 52 193 215 232 104 129 89 189 102 175 46 70 140 100 149 67 137 50 51 245 158 29 109 221 73 80 208 217 117 107 199 241 196 31 168 44 95 41 207 
89 : 95 80 102 114 146 54 130 37 157 32 66 97 81 155 47 239 46 68 211 133 74 42 84 135 174 161 171 154 231 164 88 202 136 156 151 38 93 120 214 200 226 166 142 206 181 27 111 75 61 82 56 220 234 241 
90 : 106 150 202 139 84 183 48 92 164 76 123 248 108 98 174 57 246 232 51 25 205 58 128 138 120 230 104 166 63 209 99 61 115 231 137 151 227 112 173 192 68 28 201 
91 : 51 230 69 53 213 34 217 107 119 186 33 124 205 120 89 165 103 110 104 166 219 182 204 100 73 199 212 211 192 239 102 233 225 61 191 
92 : 133 103 166 121 241 107 125 83 219 218 31 204 136 101 245 68 177 69 48 85 164 172 191 45 28 198 54 217 81 149 169 240 115 100 97 128 106 29 105 208 41 152 114 47 30 157 56 43 221 159 119 225 129 174 144 95 62 
93 : 218 72 189 206 191 59 115 158 208 126 236 49 223 230 70 163 205 73 204 248 111 249 106 113 147 131 152 166 183 38 202 186 32 219 103 146 33 71 77 67 37 87 44 29 119 232 168 112 68 233 26 83 94 151 27 99 211 159 184 240 162 201 51 150 157 
94 : 141 116 122 75 147 102 54 184 240 177 107 120 155 39 225 44 185 235 159 186 230 31 148 231 146 47 60 189 245 247 84 164 100 41 160 238 106 243 124 
95 : 195 245 63 144 114 54 206 83 116 170 70 142 108 222 185 200 35 211 227 126 239 40 233 214 217 166 32 101 135 33 111 187 66 148 93 123 243 52 158 232 188 203 177 160 
96 : 31 145 158 64 141 76 107 152 169 179 231 60 97 201 28 61 96 57 41 232 93 245 207 123 29 79 85 100 189 110 230 208 154 129 164 67 46 139 130 91 142 55 68 102 42 70 115 157 175 117 87 191 160 178 222 188 48 181 229 122 197 161 35 103 94 
97 : 57 131 111 86 132 70 183 27 195 78 125 201 172 79 214 192 248 139 103 148 63 98 202 129 83 231 33 245 62 180 143 196 102 75 74 59 204 177 154 199 85 142 156 100 147 137 170 82 178 91 236 89 136 101 167 93 134 
98 : 211 228 108 40 153 208 194 103 191 172 214 242 87 91 120 158 131 151 152 124 221 80 107 168 154 34 133 170 249 96 126 237 71 167 32 95 202 55 229 98 179 212 117 222 166 185 118 61 146 43 64 35 204 143 140 187 49 176 175 81 199 150 26 178 113 216 
99 : 37 28 235 122 192 186 176 215 39 219 75 147 174 103 161 157 143 64 164 183 229 185 168 32 126 162 190 
100 : 96 246 97 184 76 148 192 147 145 228 245 238 208 206 82 197 77 203 104 242 114 59 180 191 88 223 42 47 
101 : 145 64 58 110 243 86 226 227 242 197 91 128 65 29 171 172 96 245 34 178 175 179 166 137 28 54 232 222 200 231 177 37 207 68 215 83 132 85 115 203 61 210 78 80 170 204 246 249 82 212 121 135 36 50 75 187 162 186 
102 : 30 177 172 134 29 68 241 159 61 53 72 36 143 54 138 118 228 175 215 55 50 158 238 173 163 176 90 101 227 64 192 127 194 95 103 126 
103 : 190 163 60 218 68 230 35 232 45 239 158 142 36 62 119 151 131 31 243 178 34 181 226 219 115 245 
104 : 106 157 125 205 120 246 45 132 243 214 245 233 68 215 232 62 33 192 199 61 141 159 109 27 171 224 178 162 249 70 119 54 146 40 93 222 143 164 173 124 236 202 123 76 26 35 237 187 95 208 
105 : 160 246 144 217 25 140 53 116 88 187 124 43 153 26 235 158 56 247 87 42 226 192 77 189 170 163 28 204 188 156 194 234 72 65 181 191 154 177 109 241 75 79 
106 : 183 212 144 174 178 200 194 119 58 188 245 230 209 77 48 67 31 195 93 133 63 30 169 66 120 98 243 118 193 156 81 92 155 173 201 208 148 
107 : 55 233 216 56 234 139 129 114 101 220 159 65 77 206 37 98 202 193 100 90 82 64 228 45 214 221 166 72 50 74 190 
108 : 223 224 237 122 152 178 69 127 230 54 76 72 93 36 66 51 150 143 189 112 42 197 92 138 145 121 61 168 186 125 109 243 242 77 249 131 105 79 136 38 129 246 194 44 134 114 83 166 
109 : 236 178 39 195 28 79 102 194 190 248 51 217 38 172 154 88 224 74 103 173 222 246 54 27 107 67 177 192 124 25 96 184 134 239 117 34 136 158 
110 : 86 81 217 79 77 117 128 230 40 87 112 45 170 172 245 191 111 98 126 187 249 56 221 176 241 203 143 74 107 197 99 248 100 102 210 127 142 150 240 47 54 90 68 211 233 196 104 
111 : 97 145 132 248 25 94 126 220 222 50 79 105 62 194 49 134 40 239 226 247 214 29 58 98 135 89 67 218 46 203 240 155 61 212 171 75 82 45 80 139 160 123 41 33 59 215 183 36 241 87 53 128 187 131 148 191 205 163 57 162 35 174 43 225 28 237 130 154 111 150 83 168 48 86 181 221 
112 : 28 103 101 172 49 212 115 33 126 187 165 55 195 29 245 56 178 129 160 116 70 210 35 75 109 91 38 211 154 30 117 58 168 61 119 37 158 53 88 144 248 133 190 232 242 223 139 132 215 112 147 122 142 246 229 68 188 54 200 86 228 100 82 27 110 207 194 170 137 47 57 203 151 90 199 173 120 244 164 143 
113 : 172 49 180 85 125 96 215 224 239 127 115 72 36 89 153 79 235 112 230 214 205 208 122 116 35 192 170 68 219 196 71 108 104 181 163 67 216 
114 : 94 167 40 93 69 245 44 173 42 140 146 138 35 98 81 108 133 139 233 166 132 244 144 86 126 150 232 192 231 50 136 194 82 87 237 125 51 97 217 131 206 248 221 158 90 77 157 208 71 
115 : 112 118 82 148 36 231 64 207 122 53 56 193 51 27 128 129 220 222 184 237 50 143 175 227 200 201 28 245 55 218 40 173 139 242 171 72 98 105 204 132 170 90 117 167 219 165 144 76 106 159 25 169 33 101 205 157 179 70 38 96 183 92 42 228 211 46 149 180 235 47 39 97 203 
116 : 175 47 237 170 68 113 92 72 79 162 165 239 139 98 248 101 112 91 42 38 89 69 29 167 147 30 86 217 117 227 199 155 102 28 64 192 45 160 174 145 76 235 129 119 50 149 183 156 186 55 166 159 53 161 236 
117 : 88 86 169 178 146 94 138 181 149 36 122 197 137 175 76 90 176 164 69 215 211 128 227 89 224 244 237 190 42 93 70 207 173 32 242 214 26 170 196 232 228 53 248 198 154 168 203 155 153 192 95 151 80 202 209 150 145 56 182 135 115 195 114 189 78 123 113 127 75 140 112 117 142 148 177 
118 : 116 117 47 49 166 229 86 126 69 164 121 233 70 93 235 244 209 60 224 34 203 133 148 161 214 
119 : 46 242 124 28 152 232 158 139 51 172 130 58 33 211 80 173 209 35 236 188 166 123 63 43 177 82 120 
120 : 128 239 175 83 30 222 45 43 34 190 72 227 154 161 48 41 181 245 29 144 153 158 207 159 208 46 246 31 36 66 241 135 74 148 65 114 138 100 129 174 93 49 84 233 102 105 168 113 107 228 85 25 67 115 202 126 71 94 226 98 195 219 73 231 122 99 101 249 155 164 193 162 121 52 166 62 97 230 145 
121 : 182 98 160 140 79 100 91 28 43 226 128 229 77 72 48 82 36 103 218 50 83 200 147 146 201 
122 : 241 47 49 93 33 249 218 88 210 30 51 160 195 147 184 94 219 188 199 197 167 62 238 135 85 159 117 96 74 144 104 46 108 
123 : 199 158 161 146 221 124 102 200 220 58 136 167 145 208 36 74 73 96 209 34 121 178 123 179 119 41 190 53 211 197 171 65 153 175 142 247 101 106 187 189 237 225 64 100 133 183 154 186 157 148 39 215 166 180 87 120 243 248 94 213 227 224 233 105 122 37 45 25 
124 : 151 66 50 243 60 146 147 108 44 61 176 118 234 26 126 121 168 205 103 186 143 136 62 172 200 242 235 89 29 208 231 185 203 81 138 117 25 188 217 41 100 47 158 246 218 77 240 223 99 142 153 144 196 167 177 248 220 79 43 39 184 36 28 32 157 130 37 225 159 245 191 150 104 140 169 
125 : 132 104 159 39 217 233 192 137 89 74 114 108 199 205 60 56 62 232 239 147 32 50 248 175 150 185 182 110 139 164 30 42 145 
126 : 208 41 106 156 229 143 140 167 130 43 32 165 77 163 114 150 76 225 111 102 85 139 142 181 124 230 227 232 153 58 145 57 81 31 97 136 185 240 149 235 151 157 209 54 206 56 249 200 83 184 127 
127 : 173 79 52 169 164 247 47 80 160 40 100 231 95 44 85 148 166 39 175 69 29 77 93 115 233 57 183 224 81 65 213 236 151 245 146 193 246 94 59 234 238 34 162 216 235 125 130 67 243 111 35 198 223 215 55 152 70 197 122 229 153 240 119 136 207 220 83 176 113 208 75 170 150 142 227 
128 : 93 149 204 68 234 199 119 218 132 39 185 224 220 44 155 88 245 42 76 43 82 238 246 237 106 56 122 147 131 112 203 194 182 178 141 210 229 216 59 32 175 61 191 168 162 186 99 54 113 167 115 183 196 51 148 244 
129 : 62 101 202 130 94 28 160 164 72 227 233 175 131 209 218 48 61 243 76 183 65 146 192 151 165 102 68 206 193 153 207 172 140 98 225 249 125 90 211 155 87 222 163 29 50 189 187 53 79 47 144 240 133 226 80 70 73 31 152 46 
130 : 146 128 149 158 111 81 120 59 67 238 68 49 135 177 165 202 247 65 82 124 115 50 83 48 147 189 101 40 240 215 86 105 76 244 29 207 66 173 227 39 234 164 239 31 184 171 69 150 185 108 226 206 129 179 133 122 63 
131 : 60 110 152 112 61 129 187 53 33 84 87 70 163 48 91 194 185 225 196 106 27 220 82 96 243 116 223 209 201 109 193 137 143 71 64 80 32 148 118 136 227 135 100 149 120 203 93 123 199 248 57 117 
132 : 214 240 181 113 200 220 242 46 246 62 57 87 248 166 173 106 61 48 176 112 233 102 234 235 236 69 26 28 52 
133 : 72 81 207 228 52 198 213 141 179 66 100 182 156 238 78 71 112 33 236 165 249 96 229 49 209 177 163 73 144 208 113 124 102 
134 : 234 156 130 64 109 93 132 165 233 182 106 51 218 236 180 169 83 196 139 232 126 119 142 87 177 240 90 34 237 144 140 235 122 170 
135 : 193 46 57 232 83 133 34 159 137 192 98 188 124 49 162 181 219 115 154 118 74 209 99 204 212 33 180 129 
136 : 75 49 92 176 39 112 79 109 231 230 26 101 177 164 221 144 29 77 99 48 172 123 185 174 187 211 210 91 96 90 60 44 71 100 190 147 188 202 158 157 47 30 155 138 133 169 214 159 46 213 87 126 224 181 57 194 173 93 122 128 37 45 72 80 118 
137 : 167 193 75 179 40 117 180 196 37 172 35 184 50 28 164 141 88 168 147 108 186 134 79 34 49 42 54 144 130 209 155 132 126 190 175 97 105 243 107 135 216 161 148 89 208 30 128 145 25 182 85 91 94 136 137 203 176 159 166 234 78 223 210 26 233 183 227 
138 : 115 140 190 213 41 96 248 188 216 226 168 204 108 122 26 229 120 184 35 50 79 134 207 73 54 143 111 136 119 145 
139 : 225 116 173 26 142 76 103 139 205 84 194 28 237 210 30 75 62 218 192 81 160 203 92 95 113 127 204 80 111 157 134 53 197 169 88 50 119 150 185 131 143 105 71 40 38 183 98 128 43 246 165 
140 : 45 231 132 184 49 191 233 28 195 176 109 38 197 179 177 150 242 166 193 164 237 114 82 34 61 154 43 241 182 145 98 155 153 187 71 81 201 196 213 103 47 124 26 247 200 107 225 126 85 70 202 181 245 54 168 32 91 174 235 93 108 33 121 42 209 127 203 142 129 123 115 211 208 134 79 
141 : 199 235 67 188 195 54 236 121 216 223 166 167 55 84 40 225 198 73 80 145 131 68 46 120 132 207 109 134 34 176 244 96 92 210 249 147 31 211 248 58 65 159 164 63 233 78 
142 : 108 181 182 33 44 207 82 244 31 134 208 200 30 197 223 130 220 154 241 92 43 226 173 112 46 79 203 94 119 85 38 193 60 78 247 95 50 36 70 59 93 167 239 28 148 169 160 211 171 140 143 41 81 142 54 86 175 75 227 164 113 100 97 222 76 180 186 84 
143 : 169 75 56 116 173 129 216 204 63 30 100 154 120 119 89 229 85 192 158 31 121 62 86 182 184 65 175 163 207 199 157 61 66 141 246 104 71 138 83 27 126 197 162 34 137 219 47 51 110 117 97 171 130 147 181 48 140 151 153 227 231 217 52 91 109 88 118 211 41 234 178 135 
144 : 43 34 86 39 114 168 92 193 66 156 220 223 55 97 104 110 216 207 201 147 165 108 64 218 160 189 155 233 119 79 134 199 172 144 137 236 122 169 145 95 25 221 38 138 232 162 132 176 190 68 192 141 118 113 81 74 49 88 142 42 107 47 188 203 187 126 128 127 226 61 120 32 146 37 70 87 83 224 242 
145 : 189 39 132 218 240 175 161 118 229 134 135 227 141 193 92 100 209 74 91 129 217 232 137 192 169 226 98 87 35 196 216 126 191 249 119 65 190 43 180 71 210 64 243 184 145 96 25 148 122 223 160 69 30 36 109 79 
146 : 166 211 199 179 136 247 202 53 156 218 214 67 133 115 132 126 144 192 212 94 30 194 130 242 128 34 160 140 42 237 63 149 146 44 98 147 154 36 
147 : 191 46 80 197 98 146 112 113 223 116 82 81 33 167 29 243 88 207 107 144 239 177 245 234 247 76 208 90 174 211 141 169 35 186 74 151 120 68 51 129 182 192 175 72 118 78 225 183 
148 : 163 47 138 224 84 245 218 56 197 187 102 35 140 121 85 204 162 241 247 165 208 249 54 150 119 221 168 161 237 246 36 93 227 103 173 166 78 248 97 158 143 192 94 155 112 175 52 27 188 127 43 82 45 202 89 71 157 159 105 135 200 116 79 70 
149 : 54 154 179 185 133 96 61 176 218 53 104 241 36 142 49 84 190 146 163 39 242 38 55 152 50 42 86 75 25 141 112 206 134 66 103 125 132 43 109 136 162 128 217 30 44 231 69 126 77 219 120 222 72 51 188 172 91 71 131 118 178 249 180 45 233 
150 : 197 143 208 219 157 224 90 111 46 207 153 84 167 124 28 215 43 49 154 44 216 80 107 249 56 31 226 42 137 200 91 165 174 45 85 61 238 195 234 245 51 110 81 63 146 159 162 25 39 196 246 57 236 130 33 198 161 94 108 
151 : 225 165 48 240 159 121 228 133 213 207 88 107 109 187 209 151 83 184 238 79 231 161 127 68 162 176 132 175 245 234 180 128 232 150 203 34 182 174 148 77 136 62 49 164 105 94 247 104 227 95 91 206 157 61 177 125 193 111 134 190 153 140 92 29 215 204 115 160 37 73 99 80 69 119 185 170 
152 : 247 91 191 127 50 97 238 45 142 25 102 195 65 90 157 72 194 165 112 123 88 167 178 163 118 27 189 246 87 174 154 136 68 129 219 216 105 155 120 244 83 119 145 99 212 54 245 73 34 26 76 162 188 181 184 204 
153 : 198 31 244 42 229 158 249 154 100 153 175 118 138 184 126 43 211 70 68 33 247 174 30 39 185 155 159 34 227 183 56 66 81 201 99 224 234 82 146 38 55 207 192 79 182 
154 : 81 107 134 164 44 48 149 240 158 103 171 151 154 237 179 117 153 208 213 102 26 98 75 226 115 70 30 210 215 183 239 94 80 200 214 140 114 167 90 191 85 61 100 125 65 190 43 66 238 132 119 194 193 225 84 187 138 227 112 105 116 64 232 174 60 144 137 150 124 205 244 199 157 162 49 
155 : 28 151 154 116 188 130 38 49 29 101 143 193 73 91 247 160 72 102 44 233 181 214 39 197 100 153 173 240 132 191 88 113 135 168 163 97 224 196 57 218 159 36 148 152 27 31 86 212 55 165 207 194 78 59 185 186 204 48 37 167 120 245 83 125 210 127 176 93 54 94 128 241 92 45 174 62 95 149 74 219 89 
156 : 45 110 35 119 49 226 89 234 28 80 102 32 176 235 116 169 57 213 109 183 125 104 25 60 247 51 95 44 114 153 195 48 192 27 182 123 245 122 138 
157 : 189 143 65 241 217 152 200 146 32 175 237 243 122 167 156 47 55 132 151 127 196 212 226 153 45 166 126 114 59 201 171 169 34 236 44 26 238 25 213 244 30 123 69 248 142 
158 : 101 236 64 53 217 231 149 116 95 230 157 87 59 98 127 102 32 206 124 162 144 227 119 243 238 143 161 210 128 129 139 57 152 244 247 84 184 142 194 167 60 146 156 148 85 202 83 50 96 113 131 140 48 82 138 176 
159 : 126 95 221 160 238 201 56 72 68 206 210 69 81 159 60 176 245 188 55 127 41 51 120 189 198 36 164 31 220 27 161 30 209 239 46 98 70 77 104 186 222 138 224 225 195 122 79 52 
160 : 235 75 131 237 82 106 108 177 29 203 146 156 226 69 95 138 154 242 91 84 223 179 160 57 121 222 174 36 141 209 135 163 188 193 31 39 233 182 175 67 110 247 111 78 86 227 130 210 101 236 212 85 230 214 206 68 113 56 61 220 
161 : 248 182 158 103 85 247 111 171 184 153 210 203 80 197 78 131 213 199 181 46 205 32 231 86 169 44 222 89 235 109 221 
162 : 57 176 207 28 117 103 143 81 220 44 85 25 229 172 225 159 49 66 238 36 133 79 120 193 84 150 201 230 41 129 100 60 113 198 216 148 
163 : 222 89 195 248 117 138 50 75 28 145 96 77 157 29 90 198 240 110 234 65 167 149 51 128 100 232 74 170 112 103 151 87 194 38 221 164 235 185 94 243 215 45 44 119 180 105 161 143 34 191 245 206 137 
164 : 245 95 86 88 237 110 34 76 115 47 151 59 63 211 214 99 193 92 176 43 203 226 208 111 102 235 62 44 35 33 209 160 221 52 197 105 206 119 127 147 202 75 195 131 167 121 90 31 38 50 67 227 27 246 138 116 159 122 152 57 222 192 
165 : 128 74 124 35 138 47 77 142 53 220 58 154 247 57 59 227 85 188 106 146 226 41 71 66 158 249 244 233 140 125 196 235 123 68 238 203 95 65 236 176 34 159 25 44 33 80 135 177 99 122 246 189 101 202 116 181 36 175 214 230 207 198 219 229 90 63 131 83 120 27 56 172 161 73 193 84 152 144 237 200 48 191 
166 : 60 247 104 231 191 210 75 162 110 241 173 45 87 107 31 26 121 156 86 245 179 238 51 42 124 78 118 229 
167 : 217 168 109 146 229 62 222 89 113 38 64 114 166 178 119 151 241 128 196 230 130 242 154 56 126 211 122 105 240 190 65 79 66 42 34 182 102 186 41 214 226 225 39 207 161 50 181 75 220 132 103 67 117 189 78 58 127 216 35 237 124 28 70 104 47 61 236 219 72 118 173 111 175 
168 : 153 179 130 30 242 95 107 47 88 167 121 217 77 34 89 84 151 27 234 108 128 218 98 187 248 149 48 216 239 100 79 92 177 26 125 164 109 32 105 227 148 249 43 201 170 138 173 35 221 57 53 63 195 67 69 93 112 168 163 119 96 135 46 126 232 
169 : 130 29 94 69 32 241 243 136 55 192 105 190 109 100 59 164 196 225 98 156 238 157 104 166 144 236 214 67 40 235 31 101 56 87 173 152 60 201 216 212 177 37 106 81 148 88 248 180 202 48 97 84 184 204 160 228 188 33 132 66 79 222 65 
170 : 227 97 37 243 230 199 35 159 114 240 41 87 55 220 177 45 171 108 74 229 153 155 179 169 142 132 188 191 102 116 196 154 90 231 222 138 40 94 76 121 163 117 206 85 173 148 53 128 152 77 145 170 186 103 135 34 107 95 180 151 233 104 46 98 184 50 118 51 28 236 72 62 83 174 89 239 181 66 
171 : 73 224 183 190 30 216 90 225 125 222 182 249 155 80 49 131 178 101 161 68 173 142 193 156 184 200 76 195 227 79 134 32 220 34 46 204 149 148 37 176 124 55 234 153 145 
172 : 82 125 57 171 135 141 138 93 162 56 193 194 155 152 215 66 62 161 80 61 206 113 199 146 234 133 86 154 166 95 205 197 218 232 106 45 92 203 120 88 231 224 176 144 188 181 221 186 242 112 131 117 128 46 36 37 103 89 209 137 172 129 71 211 26 53 178 58 70 79 223 52 177 189 236 227 74 213 
173 : 95 228 190 196 96 238 73 56 61 207 123 83 31 245 217 179 154 34 75 114 87 175 224 98 102 25 170 160 107 90 151 99 174 152 117 81 29 40 197 243 246 222 131 226 219 218 221 185 32 133 66 135 184 132 177 233 168 234 157 231 239 225 28 92 101 241 52 65 113 60 72 148 155 139 44 
174 : 44 156 111 129 98 246 124 235 240 202 64 163 85 169 42 104 49 189 46 139 93 133 221 206 66 113 62 83 110 214 50 212 38 237 89 159 144 180 223 194 207 105 192 119 243 32 178 147 217 170 61 131 102 236 197 68 60 59 195 51 127 153 33 182 30 79 112 239 174 152 185 103 25 176 
175 : 248 143 238 125 39 206 215 85 205 104 135 226 91 78 46 234 241 209 114 71 51 221 166 99 101 75 32 95 102 172 54 88 92 77 189 110 41 31 153 145 82 208 28 224 74 83 61 176 191 116 115 49 149 68 170 131 87 163 29 185 186 156 98 179 192 236 187 148 33 123 124 162 52 48 231 178 79 218 246 57 69 126 
176 : 35 158 186 124 234 229 118 232 210 104 95 59 184 175 114 93 48 162 28 188 52 75 55 27 228 161 70 117 103 119 230 67 
177 : 95 103 135 106 75 100 90 86 120 109 174 226 228 200 246 159 219 111 110 39 87 182 236 233 60 190 114 248 239 84 141 243 147 179 229 99 31 163 105 247 142 183 157 169 208 
178 : 139 238 54 230 143 79 221 94 87 59 172 144 132 52 190 149 93 30 95 46 75 206 185 82 89 151 61 223 50 58 121 107 68 129 78 249 228 216 215 47 125 162 67 195 192 135 39 38 227 31 229 49 145 70 
179 : 81 61 238 194 84 97 91 53 51 27 242 142 164 104 172 136 166 215 65 212 219 93 111 244 105 248 50 106 196 52 152 193 56 37 79 121 66 148 74 195 233 214 230 213 237 46 160 45 39 217 100 203 199 43 149 131 155 209 120 135 144 182 130 25 235 159 112 128 161 221 224 153 236 110 34 150 
180 : 199 157 41 246 116 176 225 98 50 35 152 144 130 238 146 219 95 232 30 141 217 75 162 143 229 43 201 128 70 44 168 210 193 84 38 58 27 63 221 127 173 187 49 213 226 155 183 156 207 54 202 147 131 182 94 76 62 
181 : 156 26 131 249 50 100 214 70 74 98 51 124 245 244 161 101 49 145 149 73 172 246 236 166 87 141 130 237 178 94 233 147 95 217 126 30 76 235 207 37 181 113 86 188 82 55 203 106 83 107 122 
182 : 142 110 32 150 146 40 208 48 73 162 125 117 193 213 166 101 236 128 182 77 26 76 88 188 65 138 41 220 68 183 203 71 231 34 219 57 229 155 212 173 190 118 38 120 109 96 232 58 123 37 210 74 104 194 159 63 133 27 59 
183 : 87 163 114 78 203 172 26 146 74 161 99 249 180 167 37 213 204 91 156 225 200 190 65 175 228 238 181 84 206 219 199 189 
184 : 206 139 177 81 201 72 163 166 54 131 26 95 98 133 61 74 210 36 156 147 44 244 208 79 138 115 123 170 202 116 158 248 198 182 137 53 125 143 57 214 77 144 180 38 120 34 59 96 203 184 103 119 197 97 75 224 76 51 152 155 35 249 232 157 135 162 127 247 130 46 153 66 211 86 188 37 187 50 45 27 43 242 
185 : 46 241 114 138 101 100 213 243 200 37 95 170 38 184 141 217 128 135 87 96 102 60 77 183 179 176 144 174 71 154 173 30 238 33 
186 : 182 112 232 237 192 142 62 201 81 110 54 213 203 147 100 158 35 178 128 120 130 215 65 156 72 73 40 
187 : 229 222 225 148 187 26 118 147 176 32 161 125 94 216 59 181 218 220 182 112 206 208 172 226 203 121 91 68 173 163 184 151 84 196 80 75 107 194 115 209 67 131 88 71 54 221 232 82 116 77 60 
188 : 123 183 184 205 94 109 185 204 132 100 223 89 40 95 38 99 45 62 108 154 105 67 136 66 71 134 39 114 76 115 26 65 116 195 
189 : 220 162 246 25 134 102 81 80 82 137 35 43 50 128 186 184 130 207 40 142 131 165 53 219 199 122 192 150 236 
190 : 66 72 83 130 31 73 182 126 183 93 108 154 116 148 176 221 41 95 144 141 229 184 207 57 200 179 52 139 65 115 230 68 203 218 201 90 205 26 234 75 213 180 29 198 
191 : 42 33 113 81 96 111 89 71 158 187 67 84 86 162 173 142 74 118 198 245 27 59 242 135 218 149 52 209 123 79 73 40 109 
192 : 33 60 118 196 232 200 248 137 178 228 114 187 146 69 104 179 220 120 117 82 110 241 229 149 41 165 240 172 100 133 83 48 
193 : 151 117 149 122 208 233 249 190 134 244 211 97 162 217 225 42 127 231 145 173 106 137 55 37 126 192 70 54 246 152 189 33 221 96 245 
194 : 134 96 55 117 69 203 219 164 114 213 86 31 94 128 221 75 211 36 143 214 53 146 199 206 60 200 66 57 50 123 249 205 49 189 244 139 171 45 118 37 166 191 197 73 162 41 167 39 95 145 195 29 161 103 239 155 175 181 112 132 84 59 99 152 102 216 133 184 35 201 193 231 240 
195 : 119 206 207 153 171 195 133 184 68 150 74 78 108 242 165 157 145 232 239 246 72 31 125 203 189 148 144 249 163 233 93 54 204 182 110 100 136 
196 : 165 193 80 160 244 216 37 155 115 28 54 133 69 205 102 85 106 139 94 82 43 112 134 113 219 38 104 180 57 148 188 170 225 153 235 176 52 129 51 240 146 123 131 59 194 187 91 71 111 124 246 127 238 182 95 128 93 29 26 172 64 40 152 190 
197 : 166 125 228 53 34 200 242 120 74 137 97 229 102 246 158 55 47 227 147 237 66 67 139 116 225 138 140 115 172 224 175 150 91 232 93 71 135 176 33 240 54 239 235 149 238 81 50 249 78 196 204 107 26 56 48 146 32 
198 : 249 132 173 45 155 193 128 183 78 58 52 64 88 95 35 240 120 209 227 100 157 30 90 65 167 148 196 197 74 79 36 194 248 29 47 122 210 174 68 115 44 243 184 179 99 241 123 186 25 96 230 195 54 63 161 221 131 33 82 153 158 134 181 112 188 162 26 201 92 
199 : 94 160 229 57 75 233 41 121 206 231 164 119 186 230 172 150 100 218 147 68 62 152 196 151 116 47 45 228 245 130 60 117 242 157 142 103 49 39 90 189 141 71 46 82 137 144 220 143 158 124 191 132 35 78 102 163 154 148 213 236 180 177 204 107 83 176 166 170 114 128 
200 : 81 118 116 53 183 236 215 51 239 103 141 142 86 187 155 117 175 28 35 140 129 192 25 191 190 171 197 120 247 249 95 198 79 
201 : 198 242 43 54 186 49 100 195 133 56 243 217 29 90 66 141 93 97 59 189 121 48 81 187 125 64 212 45 80 137 165 161 233 134 71 55 106 107 196 152 96 118 176 105 79 234 99 178 160 225 119 115 65 192 41 145 169 89 94 92 104 202 129 78 51 142 173 
202 : 196 25 237 192 123 247 203 81 174 112 186 67 248 29 157 146 90 183 66 136 72 127 86 137 201 161 32 236 213 150 42 78 175 206 244 47 52 118 100 104 133 223 156 48 185 193 60 88 
203 : 244 122 217 223 93 81 177 135 238 214 63 80 75 197 195 53 136 249 200 151 36 226 222 102 71 149 237 126 98 96 55 198 127 129 232 176 124 205 186 74 155 57 154 76 170 196 95 133 66 92 171 246 
204 : 180 84 100 188 219 94 127 128 115 30 71 61 204 103 114 216 35 171 175 136 126 236 195 157 97 206 245 105 134 99 125 67 159 217 53 87 190 83 166 62 192 121 238 41 66 122 222 81 218 152 33 153 227 176 156 201 214 197 55 31 226 51 210 88 138 232 90 102 74 233 60 143 89 
205 : 238 201 186 243 52 104 133 178 234 78 132 215 169 107 225 220 204 219 155 224 146 67 237 51 48 139 40 194 143 144 58 37 74 188 142 101 159 241 214 55 98 216 170 38 46 177 156 195 176 213 172 166 65 196 80 129 77 240 205 154 130 112 200 42 167 136 81 135 197 84 202 59 66 222 82 175 76 149 141 140 
206 : 175 103 77 28 116 112 55 26 114 125 204 129 98 32 233 60 215 35 249 85 221 152 67 101 149 133 84 168 73 161 91 64 110 
207 : 167 138 214 237 145 189 121 96 130 54 44 246 148 160 178 95 216 150 171 98 190 106 47 26 53 158 241 141 210 88 51 199 239 114 229 205 111 173 147 179 203 122 70 71 36 231 52 113 215 249 196 31 221 180 38 128 181 152 227 208 134 39 49 80 234 56 185 42 233 55 137 146 35 238 247 127 
208 : 112 245 56 218 103 159 151 31 162 145 207 216 156 49 153 174 44 167 223 130 176 26 154 163 169 202 109 88 180 85 69 32 89 226 113 164 108 82 33 224 136 80 115 133 73 140 203 90 237 213 128 221 214 91 25 196 139 114 143 146 60 217 97 99 158 166 116 
209 : 232 29 26 229 249 53 154 78 130 171 234 109 92 181 146 110 202 148 145 233 159 180 73 80 224 
210 : 149 219 126 62 214 51 105 159 177 136 132 162 200 59 84 71 170 201 134 166 222 115 114 176 236 55 195 97 80 231 32 182 138 28 208 142 230 157 98 30 245 67 225 29 106 211 101 93 31 185 78 184 209 158 
211 : 129 53 188 219 94 42 106 47 238 31 180 218 249 28 99 175 75 37 66 232 233 138 105 110 86 216 95 49 76 134 145 65 221 248 26 220 196 187 226 143 128 202 182 148 176 204 
212 : 103 86 168 198 132 164 214 193 88 121 60 83 167 112 95 221 104 105 67 205 207 247 81 232 237 130 211 61 120 144 161 135 143 29 223 174 236 240 28 
213 : 55 70 111 168 54 188 155 239 29 100 68 128 97 117 34 25 65 86 218 226 153 220 221 35 172 60 241 177 238 235 146 50 62 57 215 102 140 131 206 183 47 107 132 170 108 189 122 184 123 138 96 157 202 87 43 
214 : 85 92 167 141 175 72 50 55 76 221 113 32 124 214 66 142 237 213 29 34 193 123 90 204 138 96 
215 : 29 212 113 65 130 27 52 207 188 215 88 217 166 205 194 187 244 228 198 64 134 62 81 51 73 208 68 42 156 246 128 123 55 103 227 75 138 235 85 168 104 220 114 211 243 66 186 214 157 149 182 83 59 93 201 164 172 124 126 84 129 173 203 222 109 161 190 226 213 143 120 95 36 159 127 197 135 248 28 74 162 
