0 : 139 241 174 104 27 169 52 183 171 210 170 197 231 80 112 173 132 213 133 237 35 172 64 160 65 71 54 60 86 50 165 246 242 214 122 181 111 186 56 37 68 87 209 116 29 117 125 191 128 129 131 161 32 36 88 159 158 46 219 73 153 33 193 205 118 49 98 238 239 167 201 42 249 143 208 140 137 190 58 96 235 135 79 41 95 25 148 84 240 40 
1 : 52 162 121 193 38 192 188 215 125 45 244 80 153 180 160 211 93 152 29 139 131 112 77 198 127 190 233 49 166 138 197 235 107 158 222 70 200 179 203 165 239 221 191 155 98 147 202 242 81 57 58 94 105 75 68 219 106 117 88 76 56 208 136 96 31 216 173 174 212 
2 : 152 139 125 133 237 249 89 105 204 59 75 67 43 183 96 232 49 236 245 197 219 37 243 239 179 86 52 64 203 206 88 41 180 178 231 83 198 216 167 151 128 34 90 110 142 134 192 241 121 79 165 119 48 116 220 201 73 159 118 131 115 224 242 33 132 193 235 130 99 196 61 240 40 78 189 120 31 70 140 226 92 97 108 109 141 184 
3 : 106 189 83 191 165 45 115 246 141 94 60 143 49 171 55 43 135 210 99 178 96 161 153 177 241 185 202 40 226 82 126 117 62 91 65 84 244 37 225 92 132 137 41 113 27 129 200 198 93 229 201 220 243 123 109 119 29 136 81 190 25 147 76 42 172 223 97 72 71 151 28 158 140 196 232 120 242 98 118 127 87 57 230 75 224 33 247 148 218 122 134 56 36 73 51 192 159 142 110 160 219 
4 : 186 135 54 217 165 103 162 244 76 84 154 232 194 234 166 187 60 33 123 237 93 82 141 249 50 185 189 231 211 121 218 204 69 96 152 170 122 246 32 78 238 89 90 247 
5 : 157 129 128 245 75 87 81 51 205 147 241 231 159 202 44 224 172 169 116 125 109 35 32 239 74 97 142 117 42 225 160 218 186 166 145 211 192 199 227 132 25 64 95 249 238 163 115 208 126 28 214 149 153 221 229 121 155 203 138 53 40 194 93 78 131 143 83 201 39 55 76 222 70 191 96 127 45 60 183 133 33 158 156 173 151 209 31 235 68 168 232 
6 : 156 139 107 196 120 57 170 52 167 153 87 187 158 36 142 114 97 35 33 116 26 76 66 197 235 211 147 73 
7 : 232 75 181 201 29 36 79 229 222 185 188 123 238 39 234 142 33 51 149 125 178 147 160 28 233 31 89 207 136 137 111 25 99 40 217 208 148 154 245 150 72 155 95 157 244 67 249 113 66 200 100 215 97 132 84 175 52 143 248 163 131 126 43 138 119 
8 : 127 94 110 112 164 221 43 28 148 88 119 180 144 168 33 240 62 115 90 211 77 83 68 71 205 40 61 30 98 248 204 236 191 172 102 108 84 244 212 
9 : 39 154 139 133 207 67 64 91 167 58 163 231 110 113 175 85 245 118 155 126 47 203 226 40 243 59 129 172 219 197 120 171 248 234 35 34 125 103 150 202 169 102 112 54 92 27 156 25 70 42 192 73 108 176 173 81 166 78 232 96 143 132 205 147 249 149 157 159 240 43 160 188 228 179 230 84 185 87 82 235 30 148 44 199 123 32 216 101 65 71 49 62 141 79 94 122 109 212 116 50 
10 : 133 40 54 189 59 229 81 49 142 36 69 218 99 188 247 154 200 195 92 34 26 217 182 207 66 213 230 175 237 180 57 192 
11 : 104 192 62 229 121 68 82 137 31 80 97 165 159 153 118 242 88 133 148 42 69 37 116 175 110 168 143 65 232 248 126 113 180 108 107 93 240 204 246 32 34 182 146 75 60 161 154 90 170 139 131 162 40 30 127 239 92 245 61 155 120 205 177 176 187 45 196 33 123 191 79 214 50 169 55 100 27 171 46 101 74 188 134 178 173 94 217 201 183 215 219 105 64 99 54 202 111 130 103 57 163 129 223 157 66 
12 : 204 45 175 49 217 113 82 123 131 32 69 222 150 83 101 170 154 42 132 38 205 209 119 216 33 75 86 58 157 159 194 219 237 245 229 105 152 43 156 212 72 138 51 146 40 208 183 57 169 232 178 91 53 104 210 230 59 35 
13 : 192 114 229 43 236 231 207 208 119 106 135 178 151 221 85 180 219 58 71 240 69 143 123 186 60 130 187 183 242 137 127 199 87 205 226 77 126 88 26 116 157 230 244 33 46 141 222 212 160 176 161 84 41 81 52 190 166 232 40 142 134 203 140 102 152 147 184 
14 : 223 165 41 226 224 170 127 235 204 200 102 76 52 113 118 212 160 56 133 207 48 164 146 216 28 100 214 150 244 71 59 117 58 179 144 188 109 197 175 51 110 74 27 158 236 96 90 205 105 184 171 178 238 115 246 151 187 66 89 44 139 240 97 45 67 221 103 180 169 241 107 176 
15 : 145 80 178 138 153 39 152 105 174 191 183 127 28 176 72 226 187 133 115 42 151 227 234 34 229 241 237 189 52 199 38 96 50 124 116 70 161 65 121 77 244 27 135 35 86 67 48 62 137 230 66 167 141 148 87 150 125 179 196 95 106 203 93 206 146 243 140 186 51 214 166 158 173 219 41 40 97 224 109 222 55 45 
16 : 111 236 174 189 143 67 113 158 101 157 135 224 178 187 136 106 245 85 208 39 139 73 171 53 244 246 185 77 59 203 240 108 75 103 81 88 127 57 200 237 33 201 227 132 58 222 209 121 192 51 55 79 226 38 98 29 196 86 43 34 74 191 165 48 235 89 177 124 154 117 125 47 207 221 26 164 180 179 194 217 129 104 166 64 142 65 218 146 94 44 215 45 93 231 56 198 131 169 230 212 153 170 223 140 71 128 216 
17 : 27 152 218 50 38 222 211 68 110 118 203 114 71 160 121 85 122 96 163 48 193 219 29 207 226 217 40 134 233 221 169 54 130 240 83 117 187 30 198 214 49 126 177 64 65 249 74 129 97 188 101 236 155 239 26 206 105 43 143 95 107 228 213 195 113 146 145 140 78 220 157 106 28 99 91 131 60 46 111 179 47 137 149 92 59 231 116 158 51 200 58 151 164 41 88 
18 : 118 55 246 71 177 134 171 202 58 211 214 147 238 129 81 225 224 212 97 36 32 190 207 222 150 220 196 60 135 191 62 92 91 98 101 145 49 31 249 37 149 217 130 189 240 67 194 148 40 228 209 44 244 168 235 66 201 243 167 166 226 131 72 241 140 248 74 68 87 76 64 89 186 204 35 175 180 
19 : 112 224 122 147 93 46 230 66 29 247 68 226 231 115 171 76 221 70 241 223 114 184 158 32 168 89 149 120 176 25 39 209 30 188 133 92 203 162 42 136 151 170 215 150 245 69 229 183 118 121 152 157 235 178 159 56 156 127 219 167 232 181 138 
20 : 102 160 170 214 89 163 80 200 107 31 133 87 108 49 40 136 144 98 154 42 124 223 97 211 56 76 212 32 121 143 139 188 111 247 114 128 48 145 34 126 39 183 142 166 205 26 25 81 177 246 46 231 137 216 119 73 204 192 106 60 167 68 93 225 55 54 44 113 131 65 147 94 109 37 206 101 77 
21 : 105 124 40 225 165 197 103 190 201 135 112 93 137 149 232 33 234 92 169 248 133 175 220 122 172 198 247 107 48 64 176 178 195 95 114 226 110 55 241 49 109 242 91 123 140 244 45 96 84 67 60 223 174 80 249 35 82 37 171 98 99 97 131 118 245 79 236 161 164 155 139 120 213 156 217 235 39 57 119 207 59 166 227 134 157 188 202 184 154 74 29 
22 : 163 118 185 112 52 176 104 55 150 45 196 165 233 125 149 102 91 69 35 190 61 72 40 116 237 231 128 103 174 179 44 97 141 155 212 209 76 217 73 36 56 80 71 123 215 120 142 225 146 105 193 83 223 205 85 75 172 130 246 124 110 54 177 243 187 144 82 198 182 139 
23 : 142 161 207 51 172 97 93 208 154 227 115 168 152 150 246 166 95 26 74 70 229 86 178 83 238 249 240 141 139 151 153 42 157 134 212 170 33 45 146 71 210 25 241 156 237 173 158 221 41 92 143 32 169 226 160 79 203 66 103 239 35 147 217 129 119 199 57 76 234 72 175 62 218 144 120 96 224 140 125 111 195 40 67 193 244 219 133 242 84 53 101 197 204 
24 : 104 36 225 248 159 37 52 139 228 153 122 66 50 203 44 236 197 125 64 175 246 82 155 33 90 26 101 141 32 152 40 189 220 198 83 191 134 143 54 34 135 169 170 188 61 119 196 241 27 193 211 230 165 41 237 149 235 74 199 207 112 86 226 186 145 154 114 108 147 131 183 124 77 215 84 53 109 167 190 138 78 110 194 158 247 233 120 181 142 201 146 63 187 222 48 148 60 65 107 118 
25 : 181 230 187 124 195 105 147 95 93 68 246 30 35 236 227 219 72 142 55 168 222 214 131 98 127 203 62 45 63 87 107 64 110 28 150 151 75 69 122 117 125 141 128 223 70 148 167 82 54 29 48 85 44 177 103 213 134 182 92 173 47 160 61 104 126 25 198 218 206 132 191 100 43 
26 : 211 56 26 118 117 77 31 159 100 145 98 175 164 129 205 103 132 125 68 43 139 177 40 39 197 60 196 121 193 99 184 44 72 181 241 73 218 25 57 183 28 107 171 228 35 158 119 110 249 157 174 111 130 248 
27 : 32 35 123 147 60 62 39 25 197 93 49 81 170 144 65 156 90 104 34 239 67 192 122 210 102 234 116 218 249 128 177 180 235 232 203 246 225 52 100 214 217 57 238 198 215 226 171 211 112 91 221 43 229 196 129 179 109 145 63 157 161 247 167 199 191 97 133 143 236 132 175 136 184 45 127 240 
28 : 93 131 49 207 174 237 67 155 247 114 197 109 108 243 158 116 214 28 31 133 100 81 188 36 30 37 146 223 45 144 193 177 239 166 60 186 124 59 89 40 102 242 66 73 139 27 181 215 152 178 199 121 241 191 212 143 149 129 203 184 25 98 110 95 170 
29 : 95 121 159 248 209 130 185 100 241 166 175 107 157 162 181 76 37 172 208 238 196 129 242 215 112 247 91 114 191 163 84 83 73 239 63 183 230 237 149 120 234 36 126 98 123 29 78 87 127 64 122 27 180 213 148 195 81 74 116 142 47 167 222 92 101 158 219 42 206 53 199 40 164 41 25 141 151 154 
30 : 118 100 216 30 39 168 180 71 157 234 176 127 83 209 163 42 189 79 32 124 44 64 125 146 144 116 106 153 69 27 49 138 156 220 76 179 182 244 31 61 171 175 103 160 222 211 136 35 154 207 238 196 242 73 205 60 84 165 88 117 152 65 195 72 200 55 227 221 54 36 141 97 67 201 62 91 57 134 193 235 151 145 159 109 50 85 243 188 190 43 81 225 142 78 94 40 
31 : 39 56 221 220 184 228 64 88 209 183 59 38 98 114 65 95 45 144 119 241 75 176 151 200 236 48 125 244 169 73 84 115 232 168 247 231 190 136 78 106 191 124 137 58 214 107 109 54 146 
32 : 77 223 205 38 28 63 119 114 125 171 26 159 219 150 233 60 51 135 208 160 85 82 166 227 65 35 204 143 210 224 177 50 116 241 180 57 62 100 153 158 232 217 124 39 162 189 134 88 133 48 76 216 201 152 131 78 196 74 222 94 188 46 236 42 30 66 207 179 142 155 146 197 195 95 122 75 234 181 235 221 240 126 218 229 167 108 37 141 101 104 215 41 168 245 228 120 230 194 110 27 184 164 144 129 132 246 202 206 174 
33 : 119 135 83 72 166 207 206 179 97 153 67 43 223 71 164 196 107 174 144 200 181 73 55 93 230 62 124 120 249 157 210 205 69 118 142 129 241 100 33 139 104 127 49 34 227 204 185 141 116 154 109 63 27 147 232 47 37 110 186 245 238 195 134 115 173 35 140 187 175 243 150 126 98 77 189 233 38 36 171 191 111 130 46 136 211 123 234 96 224 143 152 138 146 159 176 225 161 209 106 192 163 
34 : 71 236 120 224 30 200 229 47 171 43 69 192 178 193 233 165 222 149 110 202 235 29 102 230 162 206 179 111 150 125 210 27 74 160 101 198 244 90 56 105 137 152 211 59 75 92 161 163 248 223 191 68 108 33 38 146 61 159 77 138 164 
35 : 32 79 181 155 218 192 132 103 30 34 67 204 237 165 163 183 49 200 173 112 107 159 201 121 122 100 180 75 169 134 135 215 80 
36 : 110 224 235 119 42 146 206 63 153 243 150 164 118 39 30 236 247 209 194 197 120 227 133 145 149 218 48 94 198 93 158 168 88 31 117 201 204 166 43 61 175 232 142 195 155 169 
37 : 127 178 63 214 191 55 139 216 154 31 143 162 200 103 33 120 142 156 104 175 126 166 150 137 119 208 112 160 41 108 50 87 217 100 151 135 163 230 25 121 136 36 215 171 107 37 235 238 157 148 205 29 122 181 46 69 220 244 115 179 110 133 61 241 204 223 225 
38 : 184 44 111 234 80 90 69 35 30 229 101 219 128 230 174 239 96 153 138 134 26 187 113 70 105 56 54 154 110 116 213 72 242 28 27 162 130 166 98 209 200 117 84 201 160 31 157 99 193 131 180 68 170 129 175 202 61 149 106 204 74 197 25 248 53 192 103 224 216 114 47 235 212 241 249 142 207 190 145 49 226 55 46 
39 : 43 48 61 37 111 243 108 53 87 73 51 67 212 223 58 112 200 160 69 129 245 206 159 194 97 171 75 166 63 131 109 169 66 64 174 116 
40 : 219 138 69 206 227 210 225 86 124 90 232 114 243 145 230 83 239 103 27 168 222 246 97 99 48 218 28 235 198 78 200 63 183 160 121 104 85 117 157 199 178 100 177 51 128 61 226 80 146 241 236 41 238 49 37 172 187 82 244 223 31 152 94 46 221 155 237 73 57 112 74 116 52 62 84 162 215 120 205 29 35 144 159 92 50 214 118 233 132 170 142 195 54 96 245 111 87 30 44 140 207 53 106 129 180 220 68 26 240 202 176 242 175 224 
41 : 95 67 108 35 167 61 59 172 240 211 215 201 245 175 104 139 57 66 204 100 210 48 138 188 51 208 196 43 244 207 124 74 123 69 173 136 40 
42 : 72 233 51 222 37 128 213 38 142 65 146 244 47 248 158 176 173 164 186 43 162 171 169 218 44 238 56 66 212 
43 : 222 144 230 248 81 194 237 234 241 245 54 55 249 46 142 181 36 94 153 61 233 163 147 239 140 59 66 122 242 119 170 165 212 89 148 64 100 47 123 173 112 38 213 117 202 131 160 176 105 205 196 155 118 93 85 92 115 136 102 182 135 150 121 49 86 158 87 154 27 236 189 228 71 72 134 143 208 174 187 210 33 183 175 203 77 39 146 48 95 120 37 80 51 78 235 193 179 126 138 103 67 56 65 159 216 223 133 75 243 106 206 
44 : 32 53 66 95 185 117 226 237 241 144 111 50 89 79 204 98 220 134 180 118 170 168 181 116 115 203 143 97 46 192 128 106 175 137 119 167 99 176 156 221 26 136 90 213 207 87 223 230 217 142 161 121 200 202 149 183 169 84 196 70 105 29 59 62 91 76 30 189 31 123 47 239 172 209 129 85 
45 : 104 170 175 82 42 38 106 114 164 179 73 91 111 121 67 227 139 51 238 232 153 120 77 115 148 199 191 112 156 207 81 107 137 151 116 59 72 210 129 41 99 171 119 79 182 87 126 184 233 43 163 46 124 249 246 196 216 208 243 166 44 144 89 142 186 78 214 83 239 
46 : 82 34 154 170 207 161 107 92 185 123 102 148 48 54 115 99 42 211 89 70 210 114 165 228 96 113 44 173 33 162 76 204 172 199 200 182 103 219 230 218 214 68 205 25 193 194 69 149 150 40 215 98 217 227 120 66 57 121 49 151 159 229 184 226 242 116 139 87 131 249 130 174 206 175 201 39 73 56 183 237 93 137 97 85 105 50 59 202 158 79 74 197 144 58 62 128 46 80 167 32 36 169 155 28 
47 : 83 141 95 49 191 97 167 111 198 129 38 105 88 243 42 65 159 26 205 143 245 161 232 209 79 215 92 54 200 213 207 68 98 
48 : 34 174 93 237 204 59 131 242 234 55 115 173 183 185 238 38 167 98 36 216 133 88 230 202 175 152 77 80 104 189 198 160 51 235 228 32 136 236 56 192 199 67 49 245 39 146 43 247 213 116 130 45 229 225 219 86 166 84 243 137 127 206 112 30 207 101 37 140 214 124 125 47 106 205 114 197 110 154 111 97 69 221 156 64 135 172 212 163 50 153 240 119 74 81 79 159 201 60 76 75 53 
49 : 218 55 154 203 199 236 46 118 156 247 114 38 107 128 134 146 111 141 137 152 98 208 74 122 211 56 72 26 112 162 95 234 177 136 125 129 174 155 71 160 195 32 183 29 30 180 206 121 232 99 133 244 213 75 151 85 243 219 170 78 69 73 248 47 106 182 237 176 93 62 214 202 173 194 
50 : 32 202 209 92 238 48 112 236 53 227 239 85 191 57 220 140 36 145 90 133 171 30 132 153 142 197 147 195 72 201 80 141 31 173 128 176 50 34 180 120 104 174 28 97 64 234 223 154 56 231 108 75 137 149 35 205 42 
51 : 41 183 88 51 199 29 161 111 174 171 178 233 128 235 122 119 210 87 34 191 78 39 249 151 205 190 90 76 116 31 138 70 85 196 131 153 135 158 240 91 94 75 234 246 228 107 230 103 118 50 104 212 143 44 156 147 154 181 63 
52 : 73 66 218 109 187 104 124 140 214 199 233 125 226 202 166 87 230 186 210 236 128 130 194 158 69 212 161 52 156 170 94 48 53 146 60 34 206 117 41 177 246 143 245 47 198 46 100 27 90 249 56 241 68 120 
53 : 50 57 116 100 212 114 67 77 238 47 161 138 72 210 28 195 156 70 137 188 184 153 120 94 51 226 89 197 59 213 80 199 202 107 236 63 214 151 29 205 167 243 222 27 149 223 172 168 79 187 231 152 158 245 98 88 115 60 49 40 134 102 48 65 162 194 225 211 186 170 46 34 218 32 237 26 192 132 105 235 230 248 73 190 207 78 42 198 124 
54 : 111 117 148 203 229 195 242 142 209 94 198 145 84 125 162 243 197 81 71 68 213 32 110 124 42 77 28 228 99 
55 : 27 203 233 102 52 72 165 30 41 167 95 127 202 134 54 174 42 182 142 125 93 144 33 154 122 247 126 88 94 25 208 32 75 145 160 239 111 63 194 186 115 213 223 205 156 155 114 157 162 249 101 172 46 90 175 136 178 76 161 116 248 60 
56 : 235 192 46 148 111 56 43 190 200 206 162 89 39 26 205 147 133 220 47 91 122 97 208 160 219 249 63 136 119 193 224 30 72 41 95 180 65 144 38 127 132 198 68 165 149 240 145 62 123 99 135 98 130 69 167 163 151 61 218 204 90 85 60 211 42 88 137 187 182 141 166 87 231 49 188 108 134 242 196 212 226 194 59 54 104 230 153 191 
57 : 108 34 109 176 29 223 94 130 183 242 42 244 136 218 101 56 107 213 238 229 25 32 85 93 30 70 235 69 55 203 192 240 189 205 72 137 177 106 179 40 99 87 169 141 76 75 209 45 66 138 64 227 172 148 127 207 217 145 245 164 112 60 116 157 168 62 97 53 206 120 35 215 181 225 156 
58 : 172 89 96 236 168 246 217 26 208 234 138 36 128 163 94 61 244 68 200 99 247 219 60 102 86 137 110 183 39 131 127 85 152 189 66 214 105 239 238 130 149 120 140 227 174 100 243 88 167 228 186 229 43 249 62 49 31 56 29 187 145 53 154 46 74 240 156 55 176 147 225 210 134 136 162 135 209 75 32 206 150 71 103 41 104 33 215 166 107 232 119 38 50 160 153 190 164 67 90 211 
59 : 249 98 172 200 67 188 216 108 64 241 111 32 103 213 81 39 186 209 96 141 169 196 160 210 183 163 166 30 224 190 207 104 243 123 88 206 174 146 246 202 46 27 76 135 176 83 198 109 211 193 138 179 153 151 140 93 58 45 85 225 191 152 180 199 215 56 120 80 38 71 127 227 230 100 194 73 139 159 161 25 245 106 134 149 154 234 33 
60 : 194 183 35 93 61 31 62 110 29 125 169 116 178 82 131 223 195 148 89 136 87 182 215 108 102 147 239 168 55 64 204 66 75 120 30 226 145 114 60 227 162 34 206 48 97 122 236 167 123 244 63 43 203 45 79 84 53 117 166 85 111 130 90 190 100 185 32 179 44 156 121 109 129 57 126 235 198 164 205 134 221 192 115 95 153 51 142 238 151 47 119 135 208 191 141 104 98 37 68 219 50 138 207 157 176 248 76 170 249 
61 : 116 184 137 226 128 84 88 64 70 69 118 99 33 190 77 151 112 174 237 25 134 47 200 227 39 232 29 132 211 109 37 230 143 68 139 44 209 43 87 62 103 198 122 126 154 125 170 90 78 165 107 83 28 188 97 228 56 231 124 93 216 189 223 110 164 155 76 121 238 130 247 244 104 34 213 36 173 59 
62 : 148 163 169 142 223 170 234 84 246 47 38 123 107 36 31 134 68 153 236 71 235 132 157 139 72 199 213 197 113 150 126 53 79 109 180 125 154 214 196 43 70 81 131 152 51 26 104 155 175 95 179 151 205 52 105 227 229 108 178 59 122 86 101 102 39 136 215 217 130 171 237 74 181 87 200 156 
63 : 130 249 88 25 221 167 60 172 122 194 132 46 229 48 96 40 117 105 208 198 203 104 241 142 158 114 91 163 63 225 72 228 121 183 58 248 34 146 204 44 170 79 84 226 185 65 90 111 137 153 45 67 200 43 76 242 30 219 85 174 211 240 247 33 125 138 35 81 159 144 233 140 173 147 78 123 154 222 98 97 220 133 191 29 39 94 164 127 207 59 
64 : 146 155 81 238 149 141 176 219 110 200 201 125 98 230 161 204 222 140 74 150 58 175 160 83 229 67 192 194 241 171 76 184 97 93 185 187 34 182 126 232 71 56 239 102 244 163 88 167 122 87 245 79 144 198 68 117 191 95 156 231 178 208 100 64 139 70 203 121 164 211 120 46 82 61 190 105 32 84 157 65 212 234 145 142 37 131 158 236 243 89 183 109 49 223 181 112 101 242 106 172 226 119 54 237 206 147 72 
65 : 47 132 46 67 189 222 162 65 86 226 38 42 68 163 90 64 101 53 168 114 227 190 246 113 92 80 234 104 96 145 40 169 206 157 137 118 70 238 105 170 160 208 
66 : 201 84 81 172 163 148 200 53 242 238 184 247 65 50 31 192 59 160 104 93 39 138 196 186 171 98 52 157 34 82 193 114 112 67 28 185 226 102 124 103 241 234 127 70 168 151 120 94 118 27 195 
67 : 198 115 132 69 80 92 131 236 75 223 210 216 126 121 237 189 239 135 68 141 57 152 234 108 194 87 208 78 117 215 238 211 86 224 111 184 195 240 232 89 
68 : 218 126 219 234 31 187 128 247 160 171 82 105 158 51 132 38 29 239 237 174 232 227 175 185 189 90 138 42 156 37 205 55 84 213 
69 : 165 53 111 228 162 189 171 44 40 93 122 39 113 120 91 143 219 125 244 106 193 246 34 98 76 66 166 55 142 223 79 170 178 49 38 85 226 56 144 168 112 70 42 52 68 65 136 109 118 77 202 71 60 48 231 233 75 88 176 26 138 212 183 159 35 
70 : 68 154 113 121 217 67 169 107 78 175 55 81 230 179 139 99 36 127 61 212 40 109 110 147 243 129 216 191 199 219 193 71 28 196 114 27 111 244 141 86 151 124 73 58 221 197 146 37 51 83 143 163 94 194 50 115 125 158 177 185 234 171 119 183 215 210 95 214 174 207 104 241 101 85 187 225 42 213 149 150 133 66 170 209 
71 : 98 28 59 113 109 77 164 33 206 157 84 233 43 181 174 66 155 160 170 89 132 30 40 120 123 76 199 183 209 138 248 114 64 50 118 224 143 47 61 198 45 116 165 193 237 70 87 223 215 31 27 49 230 125 175 207 162 105 168 53 25 172 153 55 91 217 134 210 95 234 63 104 
72 : 114 231 42 61 243 64 66 120 31 91 156 197 184 97 249 217 128 99 86 141 185 39 190 98 27 69 172 58 104 143 207 125 201 155 71 165 154 200 108 167 223 206 105 107 87 67 182 225 89 179 30 174 60 192 219 212 115 237 93 63 180 159 205 106 88 241 153 169 75 54 
73 : 63 37 101 173 77 120 87 55 182 44 168 143 202 241 30 68 33 229 28 237 25 162 147 138 62 144 43 96 26 56 177 58 159 165 239 203 155 135 98 74 248 150 66 57 114 231 175 124 223 131 109 225 153 
74 : 246 173 244 220 77 188 144 44 217 88 82 53 226 180 86 104 218 200 161 126 125 59 210 98 115 192 206 182 45 90 190 110 237 205 224 78 209 124 
75 : 212 72 60 114 189 91 186 40 232 174 101 190 62 185 45 131 89 188 122 220 249 229 78 170 172 165 51 241 94 75 44 28 195 208 84 26 113 57 106 74 181 119 56 191 59 95 39 227 68 30 127 98 37 115 248 49 143 217 132 200 213 34 203 77 61 243 193 196 82 128 167 109 47 135 86 102 202 140 239 161 153 171 58 123 198 110 67 184 35 99 
76 : 130 210 182 136 90 137 89 110 242 161 40 214 63 209 246 56 236 45 173 143 228 141 177 218 115 31 239 230 237 194 224 201 102 178 240 106 167 174 169 216 86 195 162 145 55 185 61 46 200 219 225 211 65 67 78 48 59 217 84 28 91 129 
77 : 174 137 176 158 77 27 210 69 106 34 55 97 85 206 131 204 58 28 25 84 139 196 144 141 80 60 122 170 65 26 31 241 72 63 157 126 45 147 136 43 74 186 120 44 105 207 29 203 70 107 195 42 115 78 213 81 168 152 30 59 53 178 140 193 173 221 212 217 127 46 87 73 142 86 118 240 75 
78 : 237 58 39 170 201 36 69 168 241 101 232 229 31 99 30 132 142 234 187 113 152 238 225 249 208 157 44 165 248 202 144 60 205 102 70 109 217 209 28 185 218 46 182 197 161 
79 : 148 112 63 245 74 195 218 98 66 101 50 198 191 75 204 149 230 162 33 213 78 139 127 68 235 144 179 217 199 104 214 64 169 77 177 187 170 224 171 220 246 142 137 25 193 184 95 69 34 93 52 30 
80 : 34 136 132 158 157 129 124 178 195 241 128 192 146 104 180 126 74 87 109 141 147 214 29 115 163 248 95 174 39 121 47 235 96 92 97 173 59 148 203 72 119 134 168 199 102 44 52 221 171 175 108 67 183 137 231 56 189 144 69 229 240 123 237 164 66 220 107 113 226 170 114 50 234 209 35 196 78 246 43 217 193 218 116 186 127 230 143 118 40 207 169 110 111 133 176 225 135 188 100 57 222 68 58 101 156 
81 : 104 127 109 236 249 166 41 159 148 69 81 171 219 193 35 125 130 56 40 117 175 76 101 121 29 158 170 112 132 122 245 86 239 195 38 27 161 211 184 230 47 208 97 182 105 82 30 53 141 34 42 110 36 167 194 
82 : 52 82 140 194 207 167 33 100 47 45 197 110 94 245 191 157 39 103 42 160 219 188 35 142 237 136 98 79 121 
83 : 42 244 50 94 199 115 73 133 83 39 205 66 186 84 219 58 34 239 164 80 215 38 165 228 88 157 120 89 229 181 113 204 171 216 146 139 63 150 172 156 169 217 71 224 230 159 37 238 31 44 86 225 145 209 72 118 249 32 54 142 70 99 144 47 81 140 141 76 51 247 123 96 175 57 168 232 198 240 102 131 206 182 190 191 101 35 197 234 30 78 242 223 48 132 207 112 154 121 210 218 148 153 87 
84 : 224 116 189 111 133 163 185 114 161 169 78 69 154 138 30 121 160 95 226 182 144 228 76 241 135 172 152 174 57 56 202 74 83 157 68 
85 : 106 150 67 65 32 232 201 37 231 133 155 162 30 64 128 166 142 200 114 182 102 202 26 187 213 149 228 57 83 220 38 127 80 183 222 99 40 25 165 225 88 233 47 43 107 147 
86 : 240 244 125 142 140 82 163 220 160 48 241 65 202 143 60 249 106 246 189 161 137 79 77 198 248 108 235 107 118 122 164 157 69 174 243 171 103 33 101 94 219 224 
87 : 199 243 94 62 201 118 93 246 239 141 67 119 27 241 186 116 222 138 124 55 151 218 234 81 192 178 149 219 242 213 44 32 38 247 25 61 104 236 248 122 127 191 165 140 170 137 204 206 159 220 95 42 172 80 64 77 88 166 51 47 148 136 185 235 174 233 40 237 49 90 115 92 66 52 173 
88 : 173 144 51 164 199 245 52 84 163 30 78 195 143 170 206 39 111 47 53 114 67 66 50 76 209 192 94 64 79 108 227 118 131 115 61 191 69 148 136 213 202 205 59 203 211 29 129 68 167 85 91 238 88 137 172 196 182 102 200 25 120 142 46 210 175 184 41 123 169 152 225 38 106 
89 : 232 129 90 84 149 81 198 73 223 70 153 105 156 80 107 239 137 168 102 60 130 51 38 242 110 124 216 190 236 202 25 27 164 201 136 178 179 141 54 163 48 244 234 37 241 138 68 231 71 214 191 170 166 180 121 49 144 34 160 126 85 205 146 44 125 
90 : 231 111 184 159 152 196 113 39 203 41 185 133 209 235 236 55 94 85 47 222 149 45 240 202 134 201 217 25 109 71 34 99 176 215 29 88 237 118 119 142 186 212 151 30 89 232 148 211 221 49 
91 : 25 219 113 144 177 134 85 166 244 128 71 38 97 159 167 192 65 182 217 154 62 184 143 121 99 245 138 118 91 247 57 234 239 209 225 33 120 176 66 49 249 35 73 55 221 200 51 232 106 153 105 152 131 142 107 77 53 48 190 110 94 226 165 50 215 174 207 205 43 189 240 83 59 216 
92 : 221 112 220 171 188 169 203 249 206 154 223 126 28 122 151 135 38 131 133 185 164 155 55 204 213 229 69 248 136 36 86 75 
93 : 78 92 201 152 81 47 164 149 180 160 162 215 71 170 174 105 163 37 58 31 165 29 101 66 115 236 154 246 128 211 30 69 86 239 189 122 234 
94 : 243 73 155 208 158 245 244 172 98 130 224 166 86 34 116 113 132 239 207 70 161 190 57 138 148 187 83 65 189 29 193 109 114 80 125 111 236 233 179 52 203 204 182 213 247 100 210 96 62 186 154 35 146 129 53 55 91 103 58 141 206 134 136 119 220 216 27 127 
95 : 120 158 167 97 107 42 101 230 112 139 201 119 54 80 143 216 50 162 68 58 75 59 205 126 231 212 239 49 47 186 193 67 128 233 92 117 146 155 237 198 26 71 90 161 34 78 180 40 83 25 93 147 246 157 141 127 244 109 165 
96 : 108 202 191 148 173 168 166 45 179 229 74 200 76 199 107 117 62 115 105 232 189 46 99 235 193 194 92 28 42 180 219 
97 : 226 151 241 186 95 72 104 213 182 197 235 54 145 128 83 158 130 249 90 45 74 214 108 41 193 113 116 50 48 216 162 190 136 206 121 132 49 175 152 127 123 80 171 150 111 227 76 27 59 60 119 140 37 
98 : 31 118 246 103 63 142 161 35 153 122 62 189 182 219 104 165 55 68 179 125 144 194 133 117 184 218 151 191 228 248 128 234 177 81 
99 : 242 226 148 138 122 59 105 227 241 198 31 84 29 60 72 152 201 140 235 114 182 187 184 180 27 171 137 124 223 153 58 206 194 142 197 164 106 240 54 133 160 161 26 66 134 175 57 68 191 168 63 88 
100 : 141 100 217 163 88 113 137 181 101 77 166 200 102 144 105 203 172 68 128 93 40 194 51 162 173 169 180 45 189 242 151 246 150 225 59 136 84 
101 : 179 212 49 159 89 74 169 204 154 66 147 214 180 197 52 223 43 126 91 46 218 72 57 188 198 28 183 127 102 44 148 97 130 233 201 40 173 99 104 222 88 215 239 58 196 182 189 150 26 248 158 32 207 187 64 96 114 190 61 156 149 
102 : 166 154 223 220 200 79 156 40 248 179 74 170 165 241 163 114 196 140 213 141 205 97 127 230 64 187 168 217 
103 : 221 126 190 50 230 133 136 116 142 77 143 236 139 145 111 135 205 211 214 128 56 78 44 241 247 41 232 229 110 109 173 208 246 94 60 28 62 174 172 127 38 134 198 178 71 61 52 65 25 55 58 195 57 199 176 82 48 112 97 155 154 30 231 147 99 130 102 138 165 101 45 156 144 183 43 107 63 76 234 206 200 31 66 51 167 103 225 
104 : 154 28 223 115 174 78 129 65 214 156 88 188 179 246 128 137 187 233 37 244 238 44 79 96 211 164 171 42 186 103 77 106 100 215 242 91 40 221 71 116 47 34 150 157 166 234 90 111 102 38 141 159 133 39 204 51 209 153 63 135 54 236 138 220 74 160 27 201 163 25 57 176 49 41 70 134 239 36 172 148 142 247 145 181 52 249 146 175 203 35 94 177 235 191 53 119 240 212 
105 : 60 84 37 173 181 96 231 43 123 209 46 142 204 58 147 151 182 103 144 232 71 99 188 83 126 217 
106 : 25 82 175 67 105 93 33 31 154 34 29 198 36 137 150 182 75 153 240 185 90 242 149 70 91 89 142 246 192 48 86 115 68 187 169 125 43 65 131 59 189 119 220 223 144 38 231 35 26 120 78 206 180 56 230 73 162 215 203 107 218 60 172 71 213 178 127 110 94 217 27 111 152 173 145 123 160 167 
107 : 150 208 162 69 32 43 36 195 50 148 101 103 227 97 178 147 239 206 231 176 167 79 166 93 92 73 51 151 174 58 214 200 149 137 65 154 230 221 118 232 60 45 83 108 70 52 224 64 157 203 133 25 186 246 34 220 184 211 104 219 194 144 237 127 46 89 181 49 124 198 129 
108 : 224 47 67 199 100 196 185 173 131 147 108 90 63 93 98 202 152 233 84 238 101 208 68 239 88 226 183 34 151 124 246 142 189 66 213 219 160 174 29 103 97 232 70 105 106 158 64 69 241 39 243 57 156 217 50 182 58 56 83 244 204 237 94 43 128 99 85 92 65 82 113 206 133 216 164 87 120 176 86 221 181 123 180 79 107 200 175 114 60 116 
109 : 76 115 138 92 43 158 90 191 59 50 212 105 36 224 78 41 135 32 183 120 151 99 149 39 190 171 145 126 101 210 
110 : 186 117 243 78 206 64 164 54 167 208 220 187 66 130 145 138 122 201 124 146 197 233 224 87 153 247 36 128 104 209 230 142 73 101 31 113 134 195 112 70 178 34 158 192 225 200 
111 : 147 72 77 44 80 65 59 69 171 63 240 55 153 47 163 235 136 194 173 97 148 68 165 138 230 190 101 132 75 115 174 118 42 231 45 239 197 154 201 71 198 196 74 249 225 60 241 203 205 134 221 145 234 226 202 189 172 104 107 122 180 245 91 142 220 210 141 158 164 117 106 
112 : 117 106 216 82 58 139 189 33 108 188 115 45 157 248 69 29 90 213 224 59 167 156 99 177 244 153 190 91 116 223 68 129 63 61 234 123 219 74 113 166 25 85 97 60 233 67 46 145 149 226 92 110 71 27 43 40 38 174 201 28 51 
113 : 161 157 117 199 48 60 80 154 150 111 129 225 164 179 130 229 59 34 132 151 131 112 148 196 228 221 167 135 79 26 32 232 138 203 43 49 103 169 144 188 42 29 77 195 54 75 78 237 244 38 66 159 120 40 153 97 126 71 236 
114 : 78 132 42 64 140 204 169 82 195 227 197 180 58 206 154 240 226 80 147 74 29 88 178 76 89 54 166 239 135 91 241 57 134 110 46 194 33 221 131 137 228 108 232 246 36 79 223 235 90 193 106 153 212 160 121 93 173 119 112 25 115 30 151 45 95 146 26 167 171 143 156 161 
115 : 47 173 239 185 121 115 54 162 164 117 41 136 69 85 243 197 199 59 88 102 82 202 151 218 191 208 168 49 111 26 45 63 43 77 203 228 37 71 242 230 140 35 145 180 125 201 190 64 212 204 116 210 157 209 207 108 146 176 249 122 248 30 38 220 196 187 129 107 61 124 132 177 170 247 90 165 137 244 72 224 62 215 27 66 154 193 76 118 184 227 94 93 44 135 144 205 39 101 55 143 
116 : 159 104 45 180 41 208 167 183 198 207 70 86 227 118 114 144 169 50 181 157 109 59 127 196 101 135 201 143 134 213 53 39 141 30 151 132 239 34 162 115 97 75 173 99 150 35 184 131 197 194 60 112 191 92 32 174 25 177 28 76 158 26 110 165 73 247 128 228 63 94 186 179 58 116 233 103 46 66 204 164 100 84 42 149 195 205 113 61 210 229 85 38 57 27 106 166 129 152 230 72 224 90 
117 : 178 28 113 27 221 166 136 149 72 192 114 96 159 231 188 103 189 117 218 29 196 177 39 183 191 223 61 115 237 85 153 89 210 209 248 74 201 240 62 66 82 171 78 235 241 152 145 34 165 232 50 92 132 170 190 146 207 163 139 137 52 30 238 229 169 86 227 172 122 157 226 31 100 25 176 144 69 162 194 58 
118 : 117 158 73 205 216 81 165 95 31 230 193 79 120 80 136 105 140 153 109 200 39 195 28 51 59 241 92 36 242 223 115 163 224 56 149 114 70 143 162 145 245 170 72 154 168 69 123 96 151 48 219 90 146 99 147 208 226 30 214 206 220 126 103 197 97 112 89 207 116 65 60 102 43 184 74 44 63 138 217 204 106 181 57 133 236 190 111 53 198 75 192 228 98 248 238 
119 : 56 206 116 86 201 194 231 84 64 110 118 145 247 189 66 49 181 203 152 25 32 214 100 106 48 135 67 90 133 92 131 47 91 224 198 146 240 41 
120 : 60 215 168 234 216 120 149 161 227 193 180 222 142 90 68 220 203 202 191 162 198 104 53 238 195 103 43 38 117 219 119 170 44 47 141 32 183 86 174 48 71 224 36 173 52 179 157 132 240 121 107 245 221 185 65 232 204 129 200 56 150 46 45 247 154 101 139 188 212 138 239 172 118 31 42 166 133 41 152 171 235 57 192 83 64 218 201 30 128 
121 : 174 79 127 98 116 182 160 238 200 134 188 71 168 232 81 248 230 126 197 206 246 194 32 118 47 111 97 214 110 153 163 247 146 62 48 217 241 68 94 249 77 175 41 222 33 57 207 240 154 237 189 225 177 64 213 219 196 85 103 169 155 148 136 52 223 170 51 229 139 133 210 46 239 
122 : 164 199 57 183 173 97 227 83 55 109 187 133 33 224 190 200 161 111 226 228 150 222 249 89 142 27 128 220 229 241 112 152 168 125 43 129 69 116 68 171 63 244 25 146 92 218 79 209 53 214 149 205 66 181 202 213 
123 : 224 192 153 178 50 155 186 55 164 136 134 236 249 210 223 151 99 116 98 119 214 233 75 131 143 238 126 70 193 120 182 138 97 142 245 221 38 124 37 191 160 96 242 83 150 54 205 28 89 195 169 29 64 109 232 60 171 202 36 31 91 204 137 80 227 170 121 108 175 103 
124 : 111 242 174 216 68 69 168 40 86 96 117 30 202 27 181 66 58 204 152 92 82 93 36 55 201 138 154 189 57 137 101 100 29 62 165 115 215 226 160 179 114 77 149 240 194 25 142 37 237 56 213 166 198 110 146 43 54 99 246 63 238 35 106 227 112 187 206 197 120 133 87 91 89 84 163 41 169 46 104 210 190 83 127 26 124 243 141 153 235 145 195 228 225 44 78 47 97 147 81 85 105 200 234 125 64 248 182 74 207 233 131 75 231 
125 : 74 146 64 37 232 102 106 246 43 70 204 56 138 182 97 212 147 186 214 109 116 217 236 213 169 92 124 176 216 128 133 50 239 228 162 172 224 244 94 185 46 161 165 234 79 247 163 188 139 55 166 121 200 135 68 90 33 91 107 179 
126 : 64 90 179 83 174 54 48 117 114 112 223 177 182 220 164 107 142 108 191 224 157 92 151 58 207 115 200 61 232 100 28 230 67 42 167 218 176 30 172 46 147 78 198 187 239 97 74 196 163 225 119 231 217 242 129 203 41 208 184 181 205 226 206 96 204 57 27 166 159 193 148 130 43 76 113 155 94 99 128 33 211 37 40 95 141 156 171 120 229 29 72 50 51 248 49 150 188 189 214 59 39 233 63 247 
127 : 172 195 175 168 105 62 147 180 164 131 215 223 107 245 201 56 45 134 72 61 116 64 99 156 179 53 84 34 
128 : 218 152 55 202 214 100 248 118 210 131 75 227 246 205 176 195 157 144 54 32 165 173 102 239 108 155 53 79 134 117 123 180 68 77 249 63 41 91 172 243 217 244 147 212 184 242 37 44 116 38 235 82 141 163 48 109 94 161 221 87 76 145 50 188 104 106 192 166 200 89 228 182 171 70 105 98 84 119 40 233 
129 : 168 35 214 34 218 151 137 149 172 36 196 140 110 191 204 123 44 178 146 55 105 231 136 93 241 68 124 243 62 27 160 182 173 37 143 25 118 128 163 181 229 164 103 53 57 85 235 129 111 91 209 113 47 176 72 142 52 101 98 185 94 186 175 78 38 206 107 40 141 76 117 245 226 187 237 30 150 45 213 97 58 51 203 211 242 157 31 247 33 193 194 135 212 158 49 145 215 219 106 233 133 125 189 131 130 223 
130 : 114 44 122 240 42 109 133 66 41 219 214 62 89 218 186 234 197 130 116 108 40 208 237 232 113 227 203 118 147 68 213 173 142 221 144 60 164 216 178 38 247 82 209 243 76 37 95 249 224 25 51 106 229 32 242 128 153 90 85 222 
131 : 209 138 172 92 214 60 108 195 166 133 64 230 125 147 73 149 207 206 81 135 38 104 44 111 164 163 100 113 240 122 105 178 151 124 249 227 78 43 
132 : 207 161 83 158 163 60 243 47 162 71 69 111 26 68 205 154 164 176 38 171 193 148 242 121 220 174 170 244 88 
133 : 116 65 31 173 203 163 74 38 91 247 137 53 227 194 156 30 232 154 93 136 139 32 190 145 114 153 151 58 77 64 229 34 241 240 158 39 99 159 47 55 169 205 204 175 195 52 119 108 180 115 127 60 199 101 118 56 161 88 224 244 80 120 176 67 149 218 213 100 95 140 35 243 82 28 63 106 187 182 27 105 130 69 29 188 219 33 147 131 70 86 45 87 98 184 112 211 78 125 124 238 90 144 202 178 246 
134 : 63 158 150 178 38 141 51 165 152 237 183 105 138 37 205 134 223 62 162 149 139 101 187 249 46 230 214 
135 : 144 245 117 173 246 216 46 107 147 192 64 99 152 234 213 140 73 156 184 80 244 52 32 224 223 150 167 158 247 92 239 189 199 72 59 226 55 
136 : 77 146 236 53 240 145 130 69 222 197 42 192 229 179 111 122 97 44 149 201 154 220 242 227 243 29 79 144 107 156 46 134 196 49 57 75 160 210 247 84 173 38 248 167 159 137 105 152 132 123 28 118 81 91 117 74 180 245 40 141 47 82 209 200 126 90 249 41 153 119 213 162 187 78 93 178 155 215 95 231 184 139 25 237 124 
137 : 111 231 195 36 58 26 102 236 38 146 169 34 37 113 206 218 179 198 64 101 90 162 41 91 210 127 142 167 159 249 109 47 124 170 110 83 103 125 194 166 160 93 152 126 177 156 28 143 79 178 187 45 120 211 174 112 200 227 56 62 239 136 207 100 163 99 155 234 121 77 106 129 71 80 55 72 223 224 184 171 241 233 149 59 76 123 94 154 43 95 131 205 89 122 133 128 33 116 229 40 196 158 181 164 230 
138 : 162 144 137 39 188 185 38 193 45 204 31 106 82 211 116 36 141 125 168 131 189 126 190 205 148 119 151 176 90 32 156 159 79 187 154 105 183 51 218 173 135 186 57 182 181 238 43 
139 : 174 92 109 52 124 192 158 219 66 138 211 224 29 76 107 84 182 128 87 243 157 37 93 214 74 229 89 80 68 40 181 185 48 86 149 202 133 205 246 58 162 175 215 119 114 88 60 56 113 115 203 153 209 36 28 154 245 125 62 143 118 196 63 116 183 121 171 53 247 110 166 104 38 
140 : 50 172 39 139 71 51 86 140 44 138 72 96 127 74 56 76 147 196 242 150 116 194 122 82 123 33 154 156 188 79 112 41 129 108 
141 : 192 219 130 198 165 157 80 33 227 118 134 177 63 164 172 231 158 114 193 143 246 168 147 145 102 197 45 34 140 119 133 100 28 61 209 109 222 115 49 77 124 202 247 239 159 116 59 240 98 87 73 233 155 26 217 148 120 215 160 108 196 236 52 184 156 200 125 173 126 54 43 75 47 71 
142 : 115 182 66 102 127 147 87 71 106 83 235 28 80 246 236 107 193 117 143 174 171 105 82 137 234 104 196 249 101 128 212 81 214 200 157 248 96 154 45 160 247 217 100 56 167 156 88 94 228 227 37 199 158 208 165 192 97 72 223 136 50 122 35 206 98 145 232 172 61 225 131 201 224 190 245 110 183 175 30 166 93 68 177 53 191 141 229 73 142 152 202 86 119 92 33 222 118 126 
143 : 74 134 131 161 210 65 57 189 69 98 175 93 132 32 124 249 173 226 91 209 44 90 223 60 138 216 198 222 136 126 48 193 28 129 125 165 45 87 73 101 219 61 116 62 148 231 246 186 181 64 114 85 137 192 207 244 221 76 112 40 180 51 118 166 227 47 241 75 78 163 
144 : 49 115 184 226 39 82 33 54 196 50 205 73 151 154 93 59 175 44 125 183 207 242 28 139 240 129 137 192 111 105 231 107 89 110 221 81 169 146 90 166 219 127 87 145 29 186 78 170 123 144 25 136 232 132 121 247 200 102 124 118 66 100 148 113 79 40 27 86 236 98 120 94 53 88 92 99 109 174 135 168 41 67 52 179 244 36 223 42 114 238 246 70 178 224 163 214 211 209 61 48 150 104 91 167 
145 : 178 103 175 110 119 36 125 86 198 33 78 64 182 40 185 31 218 209 193 227 73 118 157 98 117 108 106 180 146 89 51 114 39 141 76 155 134 35 189 126 55 71 90 69 52 25 186 216 204 158 167 177 210 183 87 113 201 
146 : 46 36 201 178 43 156 223 235 135 169 134 77 130 117 101 129 108 62 238 95 147 35 226 165 82 80 247 41 189 76 37 220 145 162 194 202 142 91 170 215 157 193 136 166 30 153 187 140 51 207 242 116 133 81 154 126 227 47 152 28 119 
147 : 226 153 219 97 96 171 218 209 128 37 223 87 129 222 89 164 34 109 182 213 242 179 50 53 201 174 92 82 145 148 202 36 56 140 237 216 228 241 143 158 72 98 165 159 107 47 71 93 214 194 235 183 90 240 110 238 152 58 84 
148 : 33 233 46 213 100 227 133 134 226 176 182 162 85 103 138 211 50 125 152 35 183 66 160 159 170 187 131 44 143 242 68 34 207 238 124 67 217 154 239 65 236 229 113 52 40 107 147 163 214 221 177 188 168 32 189 186 109 128 88 172 142 37 99 121 122 161 200 230 237 108 184 203 156 43 81 139 89 53 180 132 27 220 216 64 164 174 191 83 86 135 
149 : 238 124 211 51 159 90 69 244 161 77 99 233 152 220 38 47 29 104 145 212 165 42 128 167 169 192 132 65 119 49 87 78 88 241 245 60 142 43 28 158 
150 : 176 136 72 46 124 82 209 97 108 178 119 166 135 221 238 112 223 31 28 90 92 233 245 102 40 49 84 99 86 145 150 69 139 154 170 141 93 38 140 220 206 118 197 207 70 234 103 134 241 181 66 225 33 230 79 95 169 149 76 231 228 107 131 148 199 104 201 71 217 110 128 60 68 125 56 111 54 73 
151 : 98 75 241 158 237 29 128 136 198 193 36 205 66 59 206 69 233 247 126 58 35 236 67 34 68 79 97 95 86 40 108 219 157 159 199 163 102 56 100 162 204 49 238 130 183 140 174 51 39 226 114 185 43 244 104 47 177 
152 : 58 174 64 29 86 186 193 161 120 188 111 126 139 77 98 192 37 128 244 80 32 167 150 46 209 155 
153 : 218 39 200 180 62 183 95 114 205 187 60 179 147 161 52 165 106 51 137 80 88 99 207 64 178 84 229 247 92 85 216 212 146 174 40 127 129 220 231 166 93 105 65 169 113 233 228 206 203 103 204 110 123 158 242 241 191 217 35 61 189 83 42 190 132 32 163 107 46 249 41 175 182 145 104 71 58 225 201 211 224 162 101 173 89 128 240 234 152 115 214 74 
154 : 50 249 92 136 129 29 54 98 218 104 184 152 78 234 162 170 126 142 143 195 238 209 214 132 164 31 40 65 49 36 76 220 52 222 141 176 113 182 237 109 138 79 46 
155 : 115 159 32 237 234 131 152 29 54 112 33 225 163 125 224 126 239 62 92 135 47 95 211 46 64 227 71 41 176 52 153 28 48 73 89 240 192 84 182 30 214 100 223 157 229 68 164 82 58 124 161 221 45 43 86 187 151 117 44 219 235 232 220 78 130 74 222 169 177 143 133 
156 : 241 143 153 49 133 95 231 75 94 53 214 93 123 87 167 135 128 52 47 65 72 57 165 61 58 54 142 132 55 74 104 237 113 40 178 85 27 105 36 63 131 141 206 91 112 199 204 155 137 239 205 168 90 116 211 126 127 203 96 45 56 223 177 166 100 243 134 224 157 248 101 84 28 51 162 82 144 146 233 76 118 195 238 158 33 102 189 217 48 242 160 232 187 193 227 174 
157 : 123 138 93 145 140 164 181 119 42 87 40 173 139 195 185 91 165 73 127 205 78 186 194 220 203 104 209 227 25 200 219 143 107 134 156 61 79 157 206 169 70 65 215 75 162 249 82 83 204 103 56 98 63 113 66 179 225 50 137 235 81 54 228 43 115 178 193 62 128 
158 : 233 240 231 210 217 136 142 63 141 155 127 150 146 88 28 80 197 114 208 239 191 86 234 232 69 85 212 60 229 201 151 66 93 228 117 170 249 247 67 216 166 96 133 236 71 159 214 180 162 55 33 95 169 237 154 226 207 83 183 61 140 54 244 104 
159 : 233 199 238 93 164 203 101 193 143 184 231 215 156 228 201 66 110 75 130 205 59 234 185 77 196 242 129 241 212 223 218 197 149 139 34 188 84 96 105 39 161 147 89 189 137 65 74 67 209 213 249 191 187 47 248 227 160 144 140 111 168 32 119 38 194 108 103 54 95 146 224 42 136 
160 : 154 35 149 190 116 193 128 241 77 239 29 232 172 165 33 201 155 226 235 95 157 49 199 117 47 164 218 81 109 152 97 67 245 51 118 113 53 236 74 133 230 158 127 166 99 34 148 25 38 221 173 110 121 184 178 65 27 103 59 136 82 66 76 135 146 83 102 208 162 246 140 111 187 55 84 114 237 119 174 229 217 32 96 207 138 147 205 196 167 93 68 223 169 56 45 54 105 215 216 176 198 180 60 42 160 182 115 233 123 150 100 243 
161 : 116 132 105 94 158 46 112 195 119 226 144 207 63 235 157 65 72 33 168 202 29 96 244 86 31 81 219 182 210 177 164 209 203 239 170 163 240 50 103 206 200 114 39 106 241 155 197 36 169 178 
162 : 72 184 118 180 35 150 94 128 153 195 124 121 146 101 167 160 119 238 248 191 68 156 98 25 52 43 81 39 84 222 66 194 199 93 190 171 75 138 100 161 90 103 49 237 185 65 196 126 123 45 71 29 151 107 202 201 116 152 92 228 165 246 76 234 87 242 131 211 61 70 231 148 46 204 198 80 78 97 60 149 213 177 91 115 239 73 57 155 77 99 27 164 51 221 244 179 169 88 109 82 241 106 209 56 111 48 129 37 247 55 230 236 
163 : 209 121 133 175 80 201 156 101 30 194 236 82 168 202 118 199 127 196 249 129 165 162 48 46 154 70 216 44 245 116 61 81 161 79 117 222 217 60 230 169 106 221 38 109 25 136 111 240 97 32 41 203 181 174 195 244 77 113 200 110 49 197 225 208 191 149 142 86 190 159 115 54 71 62 91 28 107 231 144 218 179 212 83 176 58 74 248 65 35 147 223 178 27 69 198 64 
164 : 126 77 198 59 193 40 215 129 167 145 63 204 151 105 80 66 232 48 28 124 249 75 100 150 207 230 55 46 153 116 185 237 202 234 172 231 159 134 210 76 194 93 135 201 56 103 45 220 199 235 117 163 216 138 32 239 118 214 189 52 139 111 95 88 68 101 188 221 70 60 54 146 104 41 181 81 69 86 143 90 224 179 87 133 141 132 213 119 123 114 208 242 217 164 
165 : 168 228 57 96 160 37 166 61 131 26 165 243 196 239 66 149 204 97 117 119 161 139 220 135 213 
166 : 244 54 33 81 246 35 159 126 141 192 95 149 170 43 129 111 153 89 186 36 191 110 82 114 201 187 37 59 
167 : 190 134 91 76 226 201 125 211 223 63 151 87 202 60 85 95 133 121 139 47 181 248 37 50 178 165 
168 : 83 164 174 204 75 244 195 141 196 128 170 233 191 121 242 94 155 99 151 59 209 186 241 124 36 126 190 67 249 105 231 74 49 42 165 127 175 162 118 243 45 26 136 178 35 183 101 58 227 222 68 65 78 218 169 200 33 
169 : 203 217 179 92 220 229 207 110 196 137 172 112 210 212 122 40 96 245 50 187 71 197 201 68 102 77 31 36 132 226 30 134 69 121 44 27 202 127 175 205 114 61 143 43 236 153 76 247 125 33 185 25 199 83 48 152 227 159 221 103 116 38 190 81 117 95 54 
170 : 29 244 208 237 77 36 69 133 55 73 191 217 103 117 249 242 171 35 127 159 107 193 82 176 197 79 190 43 147 130 230 161 120 207 189 236 78 48 26 84 200 168 118 232 198 154 38 156 162 234 148 74 25 192 167 99 109 56 64 44 202 165 116 62 129 132 206 63 219 178 105 149 243 164 163 68 186 49 67 137 39 95 135 104 169 247 224 47 
171 : 52 184 87 246 39 100 57 128 195 127 38 35 170 247 37 203 43 59 32 81 60 93 134 120 142 71 172 192 248 
172 : 164 90 75 218 73 134 31 239 217 210 215 67 101 208 245 81 57 58 38 171 213 185 28 106 68 76 194 41 154 181 36 140 83 30 240 147 45 228 112 126 191 182 206 152 175 48 85 66 230 195 49 96 
173 : 215 229 227 236 127 37 213 63 73 242 94 116 156 85 105 198 205 43 225 35 144 123 88 25 196 207 74 139 143 164 222 109 66 147 42 68 28 96 47 217 62 153 178 190 228 238 132 82 212 39 103 210 243 130 166 100 53 87 223 232 140 216 90 245 50 97 36 133 67 64 200 101 239 219 49 71 44 72 145 129 106 118 75 226 89 131 193 46 230 54 112 61 152 
174 : 166 114 97 221 225 93 132 194 33 122 118 34 117 37 242 27 99 69 90 228 163 209 81 136 53 52 25 182 240 192 72 231 164 40 38 76 235 177 144 189 158 77 172 129 68 170 71 45 94 237 183 249 107 128 214 233 64 227 179 137 124 149 150 125 26 247 130 83 167 100 105 245 165 181 174 
175 : 150 95 160 170 239 161 205 165 243 189 66 147 174 91 235 118 99 120 98 27 35 154 228 229 33 248 30 242 114 64 237 61 110 220 247 84 159 65 186 89 77 101 179 
176 : 115 76 166 169 171 59 99 61 54 93 199 137 224 175 31 69 51 184 164 105 141 248 123 235 64 52 151 210 135 116 148 198 220 176 127 49 34 162 42 86 222 98 92 75 161 170 159 35 226 231 204 82 110 153 107 128 43 40 102 216 68 200 186 77 143 134 183 26 45 83 233 245 72 239 111 208 247 145 109 138 46 244 185 125 201 230 241 157 58 122 89 167 39 44 246 234 189 146 
177 : 154 118 168 96 44 41 65 185 141 177 176 75 225 36 198 58 128 187 86 52 193 135 69 230 55 165 215 170 226 152 85 218 107 
178 : 180 202 63 119 74 124 125 87 234 79 52 176 38 160 93 37 90 205 168 71 141 152 187 86 206 173 182 114 148 214 213 46 103 73 218 246 89 32 181 183 67 171 62 40 166 186 122 47 233 77 131 118 36 208 111 70 51 121 151 97 227 80 127 221 61 240 156 130 84 143 150 91 216 211 26 167 69 196 192 28 228 
179 : 64 32 215 191 56 183 37 168 186 194 240 237 241 100 219 35 226 235 65 60 216 211 62 231 236 36 223 133 71 212 148 204 38 126 182 99 77 107 177 87 244 166 69 202 93 134 112 209 49 66 243 97 76 192 127 161 214 143 193 51 174 144 95 86 104 92 27 106 110 156 111 103 
180 : 208 227 91 90 99 235 193 136 33 85 81 86 242 205 143 88 25 248 191 34 56 28 62 139 73 157 117 230 244 67 104 197 74 134 225 187 162 215 78 64 169 146 148 218 110 45 179 119 36 175 
181 : 93 215 34 96 133 104 139 214 216 124 115 121 55 173 33 112 158 220 43 201 109 218 61 244 163 135 68 241 85 64 25 161 76 40 136 208 236 175 100 166 88 162 26 128 127 91 167 168 246 230 227 212 149 140 156 106 83 207 37 174 132 210 41 209 47 240 221 51 63 103 66 89 203 
182 : 207 227 248 42 149 77 129 56 118 204 69 190 86 160 143 249 141 97 223 123 233 140 112 131 114 35 246 178 147 101 238 38 240 172 205 92 185 162 168 37 135 167 53 93 163 193 198 176 27 125 144 64 110 182 212 200 96 221 108 229 29 137 30 43 52 28 36 128 179 33 226 195 25 122 142 40 90 236 241 192 134 244 159 132 119 99 55 91 41 115 187 224 225 81 113 124 170 139 136 169 177 161 71 126 130 127 88 54 214 183 79 67 146 95 
183 : 113 126 171 35 123 204 120 243 42 190 75 48 238 221 128 206 82 151 163 161 187 224 149 223 236 127 96 61 117 162 114 203 51 184 217 112 56 240 136 197 160 41 58 102 212 180 230 59 132 144 147 85 239 194 241 137 225 234 175 131 52 176 103 228 188 45 78 183 87 36 219 173 50 169 57 65 156 66 165 49 135 67 246 73 154 27 29 104 167 
184 : 107 94 33 93 191 170 174 47 161 74 193 228 159 77 136 90 195 87 221 88 46 166 213 192 235 237 238 59 57 203 52 65 144 50 111 150 135 112 247 45 27 223 214 130 185 198 104 151 188 226 56 164 246 197 129 
185 : 164 210 52 82 160 89 68 111 35 236 244 124 117 133 74 106 197 211 86 201 123 190 147 178 44 27 226 204 148 126 199 112 37 208 246 167 103 119 202 141 154 240 173 242 72 121 144 54 217 214 100 170 39 79 25 216 220 29 130 194 78 234 88 67 59 146 161 180 58 209 99 215 230 191 248 42 65 47 93 
186 : 131 93 76 25 240 123 160 167 114 224 162 205 116 42 178 101 68 58 244 215 149 97 197 143 27 220 179 225 207 61 110 53 72 135 54 32 100 106 150 211 94 139 52 63 89 44 108 121 212 214 98 28 83 124 173 182 210 223 77 31 33 249 102 202 216 34 192 86 233 35 117 82 129 136 191 156 39 78 189 209 46 194 133 183 200 
187 : 149 179 237 177 215 94 122 225 138 190 148 228 244 240 87 175 32 168 212 77 95 165 202 172 78 193 242 88 221 106 43 82 86 161 53 209 116 197 134 123 63 55 218 231 121 213 75 195 71 131 150 81 105 243 199 145 164 69 36 241 229 248 45 166 178 155 156 97 246 30 100 90 28 66 222 174 92 234 180 79 162 99 238 59 137 57 223 41 118 110 70 147 158 48 
188 : 26 80 186 72 189 141 123 49 215 199 139 98 46 128 33 219 84 233 132 183 32 36 131 79 31 203 161 230 207 249 248 178 59 166 39 101 247 50 61 44 138 162 57 86 157 194 85 106 155 62 150 135 200 63 240 190 111 55 40 115 211 110 60 159 168 51 224 82 64 158 28 204 232 221 231 244 227 47 30 27 145 228 37 181 193 124 92 187 171 75 133 179 170 176 243 88 225 220 127 173 48 136 241 94 
189 : 199 146 153 89 123 75 178 32 63 27 30 195 62 157 230 58 66 67 238 182 36 244 185 121 126 235 119 248 29 249 108 138 80 222 71 145 205 104 151 85 231 87 232 118 141 31 
190 : 189 219 226 27 159 207 60 46 228 175 64 44 144 33 248 245 158 35 142 101 223 241 213 29 216 115 105 192 243 237 249 122 117 230 81 178 180 217 66 
191 : 237 221 153 25 136 130 240 47 220 185 207 33 247 197 162 30 164 51 159 54 161 95 233 89 194 244 144 103 73 29 218 57 97 216 241 227 195 139 32 64 107 174 137 154 46 214 190 127 74 100 191 116 209 151 149 96 173 118 208 26 85 156 59 93 148 132 121 76 165 196 72 201 226 58 213 141 187 182 84 120 77 129 78 163 67 133 50 60 
192 : 212 42 136 65 70 152 115 44 110 90 55 163 109 159 135 118 223 249 247 168 164 60 67 77 34 180 88 238 193 75 234 39 103 49 43 68 121 56 207 236 231 220 134 196 54 128 117 187 199 209 191 178 46 38 179 210 185 27 98 120 211 154 131 217 97 157 96 79 71 170 214 195 45 132 239 206 126 48 150 194 78 114 222 104 141 108 25 122 171 133 69 173 36 52 87 184 145 127 225 
193 : 92 103 96 91 167 196 52 160 78 186 75 63 80 65 190 85 110 40 193 199 145 166 135 111 132 51 119 88 27 141 211 60 61 48 140 117 105 155 136 68 240 205 142 128 236 109 49 146 81 245 169 26 56 125 37 151 64 187 43 138 207 35 227 42 137 188 200 198 79 157 238 225 232 90 226 84 216 231 223 62 29 112 158 34 126 41 115 25 101 243 
194 : 194 242 126 67 51 33 225 72 109 166 215 160 185 87 191 207 69 189 213 115 29 197 145 239 77 61 75 58 140 230 137 171 156 249 84 113 183 40 43 221 82 133 101 125 188 235 25 134 211 
195 : 189 247 198 40 93 80 75 183 131 149 136 66 169 129 176 188 62 238 195 81 99 65 28 235 84 158 228 86 218 177 196 39 
196 : 81 96 203 222 197 121 88 208 106 42 214 44 160 101 97 61 48 128 143 95 146 186 117 131 213 235 248 79 135 194 43 56 173 200 120 238 39 202 180 127 174 155 209 164 163 217 182 218 99 45 26 246 41 205 34 53 104 38 112 63 227 156 105 58 236 94 147 67 40 86 119 239 166 237 107 240 172 85 170 206 36 161 195 169 175 109 176 249 219 188 126 57 136 70 177 228 82 247 191 162 28 100 111 60 93 153 
197 : 158 124 66 226 204 205 52 184 71 198 80 167 181 129 177 246 201 230 172 223 86 39 131 136 120 58 82 143 189 41 89 162 216 57 174 190 44 40 127 111 166 118 208 128 102 183 109 227 29 83 38 42 153 130 33 103 199 88 213 141 224 59 228 188 140 206 239 79 125 73 81 200 
198 : 75 39 149 51 58 80 122 169 175 247 167 210 151 185 152 136 229 204 140 116 53 128 248 186 198 232 94 223 212 206 71 174 166 92 33 25 63 106 153 162 119 142 112 127 164 245 101 35 96 227 100 70 27 124 216 249 139 48 83 235 88 228 61 34 233 211 30 148 114 182 133 40 99 183 32 224 115 44 102 87 237 196 45 54 36 202 242 165 69 240 
199 : 234 91 89 41 50 64 107 71 36 86 201 33 248 202 53 47 124 206 231 233 142 121 243 83 186 99 55 42 228 204 34 60 45 118 73 209 68 182 138 31 81 194 135 238 52 39 219 210 51 242 75 144 147 92 163 151 217 128 93 85 179 123 32 173 70 103 220 112 125 247 66 43 57 26 183 58 101 152 94 98 166 
200 : 174 134 97 135 203 92 142 154 219 121 236 207 63 119 114 200 221 125 176 55 155 104 160 237 175 85 83 115 53 122 26 141 110 239 73 238 38 249 199 71 152 126 99 117 98 233 50 94 153 103 116 95 111 112 212 130 164 217 248 216 113 30 150 91 184 243 136 51 70 244 79 48 205 209 177 157 96 59 90 215 27 37 84 201 178 140 32 208 
201 : 159 123 96 65 109 243 144 57 161 197 117 52 216 122 35 166 72 83 230 158 45 171 164 49 249 118 93 90 239 106 160 121 113 133 42 218 79 246 73 143 104 136 81 84 147 222 206 238 240 224 33 213 140 217 95 141 175 54 154 219 
202 : 57 42 121 213 138 41 108 115 60 143 75 48 53 109 210 93 201 43 128 157 142 160 38 167 150 248 215 197 226 64 89 244 174 131 199 39 187 129 165 196 127 185 56 209 195 231 218 124 105 152 151 240 72 241 69 61 200 206 34 47 156 192 99 87 139 80 190 130 
203 : 103 84 50 144 30 40 152 78 178 185 125 51 66 60 173 238 180 67 35 224 210 223 42 120 74 165 164 226 116 124 58 207 216 150 57 72 172 99 68 108 48 225 34 128 174 158 237 91 59 220 156 90 75 107 195 239 188 
204 : 118 183 217 236 43 64 131 191 96 122 180 90 243 157 210 231 56 150 232 134 168 110 195 197 187 246 45 174 40 86 81 204 241 206 55 98 94 62 42 58 50 230 176 229 155 97 190 164 85 106 78 239 89 93 105 32 51 185 54 76 216 66 74 245 67 170 83 138 194 199 123 37 
205 : 198 154 226 201 148 52 230 223 129 26 209 244 247 62 162 245 63 112 75 92 118 83 243 242 50 139 183 30 84 117 28 45 34 72 180 147 153 211 71 207 25 27 132 56 214 91 66 81 164 175 171 234 116 93 213 174 158 82 194 31 77 37 109 40 224 79 105 228 115 161 65 95 205 51 241 39 125 42 47 108 190 151 152 220 128 232 246 64 69 215 233 111 212 78 218 186 182 
206 : 88 202 157 212 128 158 125 230 126 123 37 75 170 36 248 182 67 233 194 200 119 198 175 210 45 238 30 112 74 58 213 27 146 206 193 68 192 186 167 136 122 31 176 53 61 140 132 26 160 51 42 34 124 181 72 178 203 172 189 139 111 99 249 168 153 32 239 225 40 62 241 142 221 164 46 64 49 97 197 114 211 81 65 83 150 215 117 35 156 101 60 183 245 43 207 107 44 121 244 25 219 
207 : 94 121 132 159 182 209 163 203 53 25 27 149 232 134 43 99 173 63 154 62 104 100 80 219 45 210 150 83 191 26 153 222 155 234 87 133 47 75 107 199 181 145 221 245 92 229 244 230 68 237 240 143 236 171 172 70 28 41 195 116 128 218 54 198 197 60 213 224 214 176 111 52 59 118 72 246 122 190 225 44 51 131 185 73 200 38 156 32 136 98 130 97 226 30 88 48 
208 : 100 220 73 134 30 161 47 229 127 227 246 135 178 243 116 48 108 155 63 46 153 141 193 117 83 56 64 166 103 66 112 27 51 95 42 65 198 146 175 131 34 79 75 32 57 143 119 177 67 239 232 118 245 106 195 154 26 43 179 159 233 183 204 218 199 
209 : 221 86 123 230 105 242 65 53 75 106 58 74 243 233 235 131 145 180 197 35 202 50 154 135 43 102 225 215 103 29 90 85 115 162 212 150 76 170 139 199 88 83 117 112 67 116 57 137 113 93 69 244 160 231 198 52 206 188 128 95 224 246 111 141 98 171 70 177 148 191 222 54 119 39 158 118 248 132 125 226 194 127 51 176 157 109 240 101 178 183 220 107 60 124 27 100 216 97 32 26 234 68 114 247 99 96 33 217 232 204 25 55 
210 : 185 103 123 117 206 141 140 60 231 216 151 79 166 221 90 156 147 84 190 246 131 197 27 71 200 143 121 155 234 211 176 59 175 72 225 139 149 207 178 242 181 82 
211 : 144 64 26 105 43 95 40 111 239 197 199 218 76 194 154 212 77 188 219 245 86 160 201 96 56 216 
212 : 39 76 38 222 180 62 59 139 121 84 72 157 144 102 103 40 138 113 28 95 192 131 187 212 172 86 151 96 33 69 41 152 79 110 205 45 238 83 240 221 120 98 220 142 163 209 203 158 67 91 173 194 182 233 27 171 215 34 130 244 207 211 60 133 179 189 156 184 80 248 104 36 75 231 126 188 94 116 198 201 135 68 146 118 108 101 176 155 117 246 54 77 223 37 226 167 199 150 154 208 92 44 42 234 87 78 97 164 178 191 88 100 247 
213 : 174 247 172 151 233 58 186 108 182 231 150 127 94 88 249 117 159 248 206 78 90 135 54 166 152 211 146 76 162 73 175 170 230 196 183 138 87 128 229 68 148 207 145 218 98 177 243 93 155 64 216 245 113 142 65 140 51 72 
214 : 27 167 88 152 97 105 115 125 187 191 52 150 216 141 175 193 194 189 56 197 213 147 81 130 122 114 160 32 98 45 246 95 156 121 101 172 227 200 168 211 177 94 80 244 68 159 54 178 202 69 233 146 82 132 128 
215 : 94 208 159 95 240 81 117 222 29 177 194 216 221 110 212 43 34 187 56 188 121 189 196 49 67 62 243 109 245 53 172 235 163 
216 : 190 62 135 102 149 33 238 231 105 211 153 165 207 25 138 93 242 197 31 34 56 160 235 191 58 100 68 45 232 48 73 114 174 216 140 236 79 69 36 99 90 234 225 198 133 83 136 108 70 29 118 167 121 101 67 85 193 219 168 88 208 94 180 162 215 47 32 203 37 139 97 157 86 77 155 152 247 246 126 195 107 175 229 40 98 179 82 80 150 42 159 182 60 117 38 92 131 50 173 206 141 178 59 41 123 170 241 111 35 163 192 147 210 
217 : 27 178 156 237 219 97 182 76 166 36 225 159 106 87 71 228 226 203 127 230 86 238 136 232 138 247 57 207 121 37 158 133 150 99 35 77 131 38 241 146 45 170 173 68 210 162 147 96 52 46 55 179 189 168 213 172 48 143 115 79 201 105 186 62 151 248 123 
218 : 234 125 50 213 238 44 95 170 46 179 89 130 158 228 49 206 45 189 138 241 229 196 132 240 81 52 192 226 58 110 187 40 190 116 43 218 126 108 67 147 118 222 204 182 25 161 124 236 227 146 178 53 121 232 157 82 162 219 225 65 185 245 27 129 69 31 
219 : 229 156 59 45 51 122 33 177 243 248 175 121 245 124 196 194 120 143 72 127 152 240 50 93 29 35 224 163 36 185 207 66 164 202 179 228 139 118 92 184 137 28 165 
