0 : 55 34 156 154 242 168 108 121 203 191 140 194 145 190 208 36 82 237 200 66 120 228 217 89 243 245 95 130 113 30 162 109 196 235 236 75 172 116 247 57 45 171 53 183 166 
1 : 31 125 214 150 29 39 104 60 98 85 177 215 105 189 59 180 170 135 141 25 240 55 149 52 249 138 130 161 70 64 79 40 86 229 167 92 54 
2 : 206 199 70 200 170 113 50 226 64 82 244 235 31 224 154 185 135 117 51 72 169 179 102 189 222 237 239 55 202 128 213 111 211 231 89 164 30 61 122 92 145 146 156 149 35 241 230 188 96 
3 : 49 196 106 113 74 32 147 141 220 140 116 26 94 187 157 48 182 227 72 133 185 126 228 222 145 122 45 170 119 81 240 100 176 55 247 30 37 87 223 171 35 42 92 246 117 148 150 232 211 63 129 183 109 98 125 179 241 34 71 158 244 84 135 97 226 218 238 164 153 31 33 239 204 138 192 40 197 127 132 169 233 47 181 25 201 165 229 101 156 172 86 136 77 
4 : 70 244 136 198 106 245 228 124 34 142 88 120 175 146 72 159 187 87 103 180 40 189 121 214 49 104 165 201 36 156 127 112 195 237 213 117 45 179 219 47 116 64 78 210 206 162 178 41 84 125 56 135 62 181 147 37 157 202 126 194 182 35 128 231 199 145 247 149 108 55 32 169 212 130 102 42 232 114 73 101 77 93 191 26 111 144 138 83 196 28 236 227 205 
5 : 249 186 52 219 38 144 90 116 33 59 53 80 181 165 99 191 227 47 192 35 236 152 92 146 81 179 207 133 132 66 127 131 163 58 174 244 198 87 88 44 124 222 104 100 183 149 101 118 103 126 111 65 67 234 209 70 72 199 194 200 226 216 74 241 106 97 170 110 156 196 77 169 48 98 128 220 135 180 185 151 139 54 37 228 63 214 95 177 145 
6 : 188 193 80 43 62 54 165 48 125 60 194 28 128 115 119 116 26 45 179 71 57 73 211 155 203 241 226 53 174 172 79 63 106 158 235 198 85 197 135 65 55 176 186 105 
7 : 47 125 241 207 66 201 58 179 159 231 93 59 153 151 178 208 84 77 32 213 173 228 205 45 161 122 76 64 226 110 98 26 219 185 204 235 134 175 60 239 150 49 157 152 118 68 28 214 79 217 167 108 111 227 176 233 244 210 55 107 137 106 243 229 34 91 216 236 71 87 211 39 200 105 169 44 99 218 192 92 232 100 61 53 70 143 89 145 82 165 212 95 25 139 69 41 206 128 182 121 54 131 249 248 88 
8 : 108 240 221 131 113 39 102 124 172 212 211 106 50 210 119 161 238 140 36 132 134 45 163 89 60 142 68 27 180 93 157 98 149 197 37 34 56 72 41 158 230 187 32 141 44 128 42 35 73 170 165 173 126 174 182 223 48 121 100 115 231 130 246 135 249 112 107 166 203 118 
9 : 149 173 121 87 145 141 139 236 34 48 50 209 155 213 115 103 42 204 230 165 194 184 246 136 43 138 104 82 133 110 62 49 71 46 241 78 54 118 108 125 189 188 191 176 245 30 159 222 137 72 40 185 231 220 214 130 233 181 113 195 134 31 37 199 84 
10 : 70 34 129 184 171 117 178 116 121 30 134 44 244 107 236 207 110 177 123 204 194 165 35 91 202 69 222 174 28 46 234 226 157 61 49 55 136 149 105 100 158 176 37 38 36 127 45 82 247 205 114 40 161 140 
11 : 235 136 68 122 233 182 229 184 176 26 36 230 161 123 91 61 44 214 142 119 57 144 181 92 59 76 232 126 162 80 215 199 131 105 247 45 84 194 49 77 27 220 236 64 158 112 183 239 89 225 140 185 186 75 241 167 139 69 190 79 129 65 32 160 193 81 130 97 52 38 211 115 55 134 82 143 66 213 
12 : 28 149 232 147 238 52 237 94 95 47 104 61 105 164 206 173 169 189 226 53 174 171 220 134 182 136 214 60 244 42 37 140 165 29 197 77 54 172 74 219 247 117 49 85 71 106 124 66 98 209 118 97 144 93 45 199 176 141 125 67 152 32 162 115 90 181 126 233 31 40 218 109 216 230 179 27 159 70 235 99 183 119 225 65 188 129 212 229 46 127 243 213 80 187 92 168 64 69 196 177 194 142 
13 : 178 73 228 159 67 68 182 151 105 92 166 168 43 199 224 71 118 188 217 229 109 131 169 146 155 203 190 52 196 106 240 219 136 184 138 107 36 88 113 201 181 99 41 
14 : 72 237 234 70 171 107 69 108 62 133 236 84 127 212 97 238 213 139 199 96 80 211 206 162 248 54 125 141 61 205 209 71 32 153 82 220 226 94 109 110 137 48 131 195 140 66 208 235 156 216 192 58 38 193 146 64 103 145 93 85 123 196 244 27 136 53 183 40 173 174 215 176 165 168 147 204 29 39 135 81 122 25 175 83 63 49 224 198 245 45 98 111 182 41 91 55 172 201 186 99 59 152 78 184 163 126 101 105 
15 : 157 109 215 188 121 66 67 175 184 186 88 213 224 84 199 174 144 227 198 148 124 61 64 25 155 76 176 123 223 230 62 222 65 231 90 169 187 97 208 152 63 212 129 142 232 127 80 205 217 241 83 39 108 149 51 167 89 211 201 168 44 101 60 
16 : 135 97 79 96 128 46 99 240 41 109 126 47 148 52 93 104 249 209 124 245 222 185 212 149 118 26 36 67 215 48 225 33 139 157 200 246 152 241 112 100 232 140 186 72 29 138 84 133 142 131 143 81 117 229 226 71 210 61 82 89 74 248 164 70 168 244 121 237 220 107 145 63 171 176 45 170 218 103 137 203 38 123 175 199 184 101 136 
17 : 129 51 154 189 55 175 53 146 111 124 223 245 84 25 125 235 176 121 96 44 80 167 133 72 34 107 185 213 244 74 123 247 134 232 145 181 141 35 177 116 83 214 65 130 184 73 87 100 43 127 66 155 191 71 118 98 162 56 249 131 233 138 95 179 204 99 192 136 220 63 205 212 178 109 183 199 243 82 113 222 196 78 216 207 228 54 152 170 62 165 139 36 187 248 89 182 
18 : 115 130 188 231 111 234 65 167 122 132 152 155 114 228 74 180 41 171 190 240 89 125 31 230 30 154 139 57 179 226 55 53 79 221 194 34 109 73 156 164 133 99 106 241 243 153 126 166 124 
19 : 145 124 29 30 52 246 36 81 169 64 217 98 45 167 186 102 244 202 247 197 75 228 188 88 114 34 56 132 179 215 54 104 230 144 180 59 225 198 84 31 163 168 231 183 173 66 150 25 208 176 158 236 162 222 227 138 210 95 67 141 238 233 113 51 194 185 82 184 134 101 91 190 74 164 234 248 42 68 105 241 156 154 28 211 249 170 62 118 216 220 
20 : 238 215 202 210 191 121 149 46 92 36 156 102 247 125 48 75 42 72 164 190 57 68 93 167 225 229 41 50 117 195 232 169 174 127 226 178 55 89 90 86 34 77 95 131 94 96 221 183 135 140 107 249 130 137 138 231 47 244 166 115 159 104 105 188 184 108 123 205 194 80 91 51 62 82 119 28 187 196 186 248 29 175 63 99 103 
21 : 184 200 58 143 237 220 192 245 116 218 134 34 102 223 207 219 175 128 45 232 172 216 142 48 108 141 195 70 97 53 190 59 178 217 235 90 73 43 117 199 69 67 211 230 57 28 62 77 227 170 198 33 
22 : 62 233 107 171 48 80 195 59 190 167 94 228 76 199 162 188 112 243 209 119 28 100 98 86 210 38 108 111 96 31 75 25 55 211 134 42 68 
23 : 110 123 56 48 34 173 80 58 188 27 139 223 220 160 87 158 190 97 61 185 70 112 221 169 234 237 175 42 129 72 132 201 161 149 74 180 44 130 241 134 66 203 40 114 215 57 94 202 106 236 212 38 227 26 197 
24 : 195 160 52 243 214 145 246 131 98 33 206 35 197 27 147 227 41 32 89 25 226 128 48 44 194 108 103 152 239 
25 : 205 198 104 172 32 182 214 193 219 183 145 169 26 248 114 161 50 47 61 30 81 223 185 132 180 116 48 91 75 117 236 133 174 97 73 113 192 39 210 170 43 52 200 165 216 60 71 153 177 64 143 118 233 197 76 179 59 
26 : 28 140 114 168 197 235 34 136 58 63 223 44 123 25 193 150 230 117 60 159 130 242 231 57 237 196 120 232 227 216 134 78 148 71 198 47 41 162 228 62 147 214 64 222 241 27 75 40 38 135 192 154 132 92 94 83 86 85 106 108 80 171 74 169 129 246 97 31 206 191 26 173 99 125 166 158 195 239 138 96 59 128 226 90 180 143 54 73 167 67 66 32 203 207 35 124 45 215 137 
27 : 56 87 35 71 50 58 220 119 37 196 69 26 155 88 243 92 123 245 97 222 173 158 223 147 25 142 100 165 197 63 193 133 41 191 105 116 77 156 55 242 146 166 64 180 120 205 178 118 204 192 48 111 187 94 115 230 75 96 149 162 102 104 124 74 182 125 184 209 176 32 208 54 246 52 195 47 144 66 84 172 185 
28 : 221 195 202 200 240 38 82 150 182 175 43 97 242 207 178 137 210 123 34 187 44 217 194 99 120 134 37 90 212 70 96 220 67 158 239 171 51 111 203 55 117 201 71 230 122 213 27 93 84 193 144 180 142 224 63 98 61 128 48 46 179 135 80 243 140 116 165 76 31 229 47 228 188 169 235 219 244 78 154 130 172 59 163 72 234 119 148 164 
29 : 150 152 185 158 168 41 51 46 101 76 179 169 233 244 50 53 230 221 189 33 206 248 234 68 139 
30 : 233 140 147 180 29 116 214 141 49 161 67 56 133 222 236 248 40 178 168 156 243 226 136 34 130 206 61 221 182 85 69 77 199 187 229 227 122 106 120 215 60 87 108 99 96 94 44 
31 : 197 89 78 173 60 177 92 27 42 129 103 203 118 188 184 41 128 122 105 64 136 94 156 49 29 182 130 212 228 139 170 152 238 221 195 80 31 98 54 141 247 62 91 243 51 108 176 172 135 55 121 164 25 86 131 222 37 66 171 244 217 99 120 165 236 73 112 154 63 56 77 204 242 111 33 174 82 79 229 216 220 134 147 100 88 215 117 113 50 
32 : 238 72 232 246 226 139 198 165 146 173 111 227 102 95 196 60 152 199 52 148 80 98 34 216 64 244 35 208 27 201 239 241 47 68 170 235 136 56 132 138 214 49 57 193 150 59 175 153 207 142 83 62 161 221 124 127 43 217 65 128 164 143 213 73 203 230 55 202 145 204 109 184 183 151 130 85 108 149 188 220 
33 : 218 208 97 166 63 158 78 69 197 195 137 81 165 174 95 193 36 138 204 173 112 118 136 203 64 104 222 100 185 170 108 142 243 152 192 96 189 110 177 182 211 246 186 247 194 157 128 50 171 65 119 60 229 159 49 117 144 70 83 235 249 206 51 57 52 147 
34 : 202 95 217 119 47 133 136 60 104 220 236 145 152 199 188 110 70 76 233 149 34 193 31 225 212 117 196 229 204 87 163 109 77 195 98 27 69 58 113 198 231 114 124 185 126 205 54 140 123 99 
35 : 75 133 129 168 80 64 72 187 152 248 204 40 43 224 197 56 219 213 210 38 74 128 45 178 26 51 179 35 76 173 141 235 29 239 118 108 138 174 119 200 120 91 198 220 226 112 54 208 104 93 137 48 
36 : 30 167 62 242 161 192 67 229 57 211 27 77 241 146 184 115 105 102 207 151 109 247 215 135 217 212 233 110 216 101 223 230 54 94 72 65 181 152 124 123 81 29 224 142 244 44 141 183 185 214 69 231 107 245 240 145 95 51 237 33 91 163 165 117 99 76 104 52 220 147 175 131 46 74 
37 : 41 194 28 234 224 171 138 174 236 121 170 143 175 30 137 99 132 35 218 231 61 52 124 165 247 205 221 102 208 32 135 56 115 82 119 242 133 156 127 55 155 73 53 222 160 152 187 
38 : 85 120 152 135 186 221 142 173 196 45 157 112 230 172 146 30 68 136 63 233 193 55 125 203 64 215 60 33 48 245 214 98 76 81 185 179 174 140 184 160 153 96 176 189 175 78 210 79 116 219 154 149 124 137 69 38 109 87 110 114 249 201 223 46 177 217 195 164 243 74 89 144 44 200 138 104 35 123 70 83 236 121 105 111 194 93 198 88 29 134 
39 : 185 145 58 247 162 140 144 222 139 133 239 237 186 249 30 158 206 135 63 216 137 41 177 83 235 224 152 203 46 150 49 212 178 149 194 244 240 161 110 88 68 204 57 102 156 67 93 109 85 229 75 155 200 234 89 65 38 69 131 84 
40 : 39 38 100 83 150 75 152 233 67 247 172 193 96 192 69 158 81 104 154 86 48 165 49 119 57 136 236 167 239 53 243 29 126 201 37 224 143 107 231 229 54 88 137 197 166 206 105 52 187 131 219 110 68 60 211 32 42 176 210 189 90 55 174 89 159 160 234 198 135 114 41 218 242 215 223 186 184 46 203 87 153 59 170 28 44 230 58 74 129 194 128 134 171 246 220 63 146 50 199 202 
41 : 183 73 50 125 193 104 115 79 179 154 68 27 100 225 182 41 166 188 171 90 242 161 208 59 127 245 89 122 151 42 43 236 159 146 174 133 244 223 32 39 195 144 86 107 29 82 121 235 199 175 94 156 155 64 46 230 77 168 70 148 35 88 92 80 177 228 248 57 
42 : 94 54 184 51 26 200 124 249 221 157 39 196 207 235 185 117 36 223 40 105 144 50 116 130 160 48 175 98 229 170 232 114 95 78 120 243 87 126 224 32 59 103 136 227 162 122 25 80 82 238 108 45 76 73 246 190 
43 : 146 214 240 180 108 152 101 28 211 212 87 67 155 43 238 235 60 145 34 190 120 75 154 70 135 63 137 221 234 82 175 
44 : 240 220 92 99 128 100 210 142 188 108 42 122 73 212 171 89 35 77 56 93 144 116 81 131 216 167 168 174 123 152 130 146 194 222 177 54 51 91 25 39 217 111 43 193 238 162 101 213 241 149 32 78 118 232 172 208 218 103 27 246 192 63 94 117 166 125 137 223 79 115 33 181 121 184 45 195 139 114 71 141 186 62 201 244 197 66 209 96 107 165 249 202 154 224 155 187 243 76 84 163 221 183 61 
45 : 160 155 115 107 117 137 196 193 136 119 211 51 99 29 125 153 230 26 88 28 224 72 179 177 176 112 197 145 124 116 31 57 165 37 102 146 170 238 228 
46 : 93 212 146 141 236 145 99 49 77 247 139 213 34 56 90 60 43 91 200 167 186 31 158 173 35 174 217 96 140 27 110 199 83 106 61 108 68 157 36 65 241 97 203 131 160 207 185 171 210 225 59 95 151 138 172 29 197 178 177 71 187 78 150 163 132 168 46 238 134 66 188 243 194 248 193 45 118 26 120 144 148 184 94 130 234 63 244 52 214 143 165 135 104 76 80 147 
47 : 83 111 242 84 217 36 137 104 141 140 81 133 99 153 181 48 97 208 197 205 150 106 74 179 73 240 101 220 107 
48 : 70 55 212 148 245 197 150 173 35 141 71 52 104 45 152 187 217 220 186 221 185 87 205 242 28 154 214 125 40 65 83 119 89 135 124 213 223 98 202 114 63 30 39 110 38 207 211 42 249 201 73 180 244 48 106 102 193 232 215 132 239 230 31 131 190 157 121 120 93 103 224 53 101 36 199 25 92 118 100 189 222 192 108 161 219 44 107 113 174 237 56 68 109 229 162 210 37 64 43 163 76 194 168 
49 : 72 198 140 97 114 193 155 197 249 73 130 181 89 43 70 163 162 216 129 68 78 63 232 119 235 169 46 83 176 143 145 186 224 207 173 117 44 168 248 154 99 219 87 30 137 171 133 159 218 134 229 56 148 152 156 214 61 191 93 245 190 47 196 146 112 67 64 210 31 138 36 101 203 
50 : 171 249 183 79 239 62 111 176 36 30 231 222 242 63 116 104 219 129 25 230 206 45 82 243 54 32 246 197 40 96 106 71 67 236 77 66 124 216 212 147 208 157 69 170 97 232 142 158 43 237 132 93 153 75 119 234 128 238 134 47 112 84 91 52 88 148 136 107 133 122 149 101 241 233 164 140 27 177 46 34 103 215 51 155 70 161 139 173 92 175 65 179 39 120 26 218 99 144 226 94 160 191 
51 : 236 136 51 141 232 190 91 162 41 98 64 171 49 170 177 43 161 37 96 35 44 131 212 153 240 222 188 133 209 81 34 108 248 56 140 139 218 105 32 231 151 198 200 95 28 117 53 164 193 208 159 138 83 143 39 146 71 63 191 144 79 176 61 111 27 155 241 97 59 68 154 225 125 99 245 126 52 207 243 30 101 46 247 25 202 60 183 127 221 145 54 230 102 179 219 106 48 112 89 173 216 90 238 
52 : 138 53 238 44 154 60 46 43 51 113 200 204 125 35 45 140 104 169 214 218 181 67 119 199 122 196 226 144 139 82 120 205 151 48 192 58 117 137 66 236 70 92 47 29 116 98 123 234 72 161 203 152 32 64 235 78 233 59 210 93 99 159 197 179 55 49 26 63 85 118 246 91 184 57 247 216 131 97 150 194 115 31 160 65 220 94 90 219 174 185 61 132 77 249 239 157 102 96 244 225 191 227 68 187 164 224 74 202 
53 : 141 224 119 45 150 90 215 154 52 180 98 144 80 181 58 33 113 48 79 184 69 229 101 31 190 213 196 185 158 239 167 46 104 146 
54 : 53 236 134 204 30 171 41 86 238 124 125 48 139 210 119 118 66 214 229 172 211 188 239 166 54 93 187 155 112 159 224 55 195 85 33 190 79 109 209 135 
55 : 154 243 78 182 41 115 103 230 170 104 159 128 59 167 93 131 236 242 120 169 56 53 81 213 35 89 150 226 62 225 64 237 194 82 232 218 229 86 177 178 186 158 60 157 119 77 46 32 118 132 162 238 201 
56 : 25 238 150 116 126 204 230 245 202 208 184 97 240 135 163 241 100 216 47 69 57 168 193 242 59 143 173 213 181 115 209 45 164 170 217 232 187 28 42 83 237 172 112 248 223 227 67 106 147 81 221 159 63 109 55 110 60 64 154 65 70 51 200 233 178 107 207 46 131 130 124 215 219 214 162 218 72 155 105 79 104 148 92 103 180 198 93 152 52 85 210 165 137 203 117 96 222 160 194 191 56 111 77 74 128 73 44 190 98 
57 : 233 171 169 192 131 40 224 74 200 227 240 208 128 154 167 166 229 161 170 28 211 106 246 232 188 244 100 109 180 204 101 174 239 
58 : 185 157 195 160 30 71 173 83 172 183 132 161 133 141 77 207 168 101 166 239 218 27 37 130 215 221 193 170 245 158 41 148 126 237 75 198 226 46 194 90 92 214 34 184 87 89 210 159 127 118 211 243 107 50 95 188 
59 : 187 183 58 40 38 44 177 176 81 76 100 189 50 70 229 205 71 248 201 227 198 47 156 104 226 173 165 56 152 244 149 129 214 42 34 96 112 31 166 188 139 160 199 77 67 101 238 181 212 213 247 52 196 27 43 232 119 237 209 78 140 86 136 92 222 106 111 197 110 55 
60 : 79 60 123 80 133 69 77 29 93 75 56 183 46 168 41 111 201 209 106 245 48 221 116 50 126 166 114 110 193 39 57 229 91 97 156 165 68 61 192 148 218 49 244 128 139 147 84 146 216 187 202 177 92 138 188 52 205 175 109 37 210 33 186 164 99 58 191 38 225 167 108 194 213 228 89 211 249 234 88 132 189 65 25 104 153 196 163 169 142 150 155 124 78 172 239 152 115 185 67 197 161 74 220 113 170 240 174 232 
61 : 87 55 111 224 240 141 157 174 178 115 246 127 146 103 75 228 77 233 122 120 106 65 209 226 128 202 133 217 33 149 216 76 126 80 201 153 82 95 189 108 193 63 142 51 50 38 92 186 184 71 164 94 109 60 46 231 235 85 26 36 176 249 187 207 34 185 28 155 93 156 170 166 204 29 175 161 230 143 158 152 147 135 206 213 136 49 171 61 54 222 117 30 180 41 194 98 188 44 192 181 118 99 215 104 144 86 
62 : 28 95 192 241 89 57 36 239 124 211 81 33 159 26 216 148 83 73 94 248 151 90 39 64 210 162 198 60 187 100 209 115 125 92 244 223 59 199 161 117 79 169 93 226 118 179 96 200 61 114 65 56 146 86 74 235 120 102 82 72 144 78 71 213 230 196 212 42 106 55 112 240 108 154 242 232 233 44 219 195 141 158 206 205 104 87 222 109 139 142 30 
63 : 212 98 38 226 218 34 47 145 50 243 62 43 111 82 222 31 210 181 171 148 152 28 204 156 190 96 54 184 66 52 84 233 244 232 72 93 85 193 65 56 107 234 140 78 169 27 61 176 170 51 141 229 103 187 179 249 33 73 74 220 115 101 147 168 87 231 55 41 177 113 138 157 79 88 248 108 112 197 119 172 118 208 94 70 134 194 77 68 162 102 29 135 200 235 136 188 131 132 239 90 211 236 89 127 189 160 149 97 32 
64 : 130 61 188 185 64 206 164 171 162 143 70 135 212 195 128 98 60 103 38 244 63 190 189 248 88 240 223 216 205 160 44 114 181 145 111 51 228 208 57 78 193 84 235 159 53 81 166 170 186 85 191 230 127 76 67 
65 : 82 118 124 232 205 89 103 41 55 125 105 26 144 33 136 237 102 111 163 44 223 36 145 28 169 192 85 170 80 215 97 179 86 138 104 127 154 62 108 182 63 90 228 148 58 121 212 122 131 159 128 150 203 50 193 208 142 202 234 209 220 151 238 178 225 61 173 243 195 93 45 56 76 196 32 158 226 46 66 51 235 219 120 53 40 
66 : 28 101 176 73 154 106 87 110 91 49 221 158 150 242 226 205 171 162 111 60 72 32 207 115 108 68 181 248 61 48 175 193 145 203 42 241 167 94 85 46 178 39 137 216 229 104 56 71 100 200 189 208 117 239 44 227 54 199 51 67 95 64 93 136 177 161 236 99 97 182 118 151 219 156 164 75 146 186 191 187 45 165 144 149 196 76 80 
67 : 166 219 247 239 138 129 130 33 248 160 115 157 163 185 237 249 172 123 126 179 93 232 164 91 78 
68 : 140 102 109 115 230 107 144 163 162 26 46 112 70 77 111 245 122 25 45 146 180 94 76 36 65 51 30 49 214 108 34 179 91 198 63 172 224 66 209 175 203 138 143 39 193 53 155 135 197 97 60 182 173 217 177 120 178 44 86 32 31 192 241 142 83 28 35 87 199 158 154 79 131 40 57 100 232 221 176 121 185 72 133 190 247 75 
69 : 121 71 76 226 41 101 134 239 184 116 180 148 60 160 104 78 209 91 172 55 93 43 58 123 191 207 80 203 109 156 107 49 162 205 139 182 132 57 154 176 114 131 185 173 198 54 177 142 187 202 168 210 68 64 44 158 100 53 219 59 128 164 169 106 112 125 66 194 196 188 230 70 113 79 63 115 146 102 201 
70 : 159 82 90 39 203 204 212 200 122 53 221 102 163 220 108 85 73 210 238 70 63 232 154 89 178 180 217 55 246 66 105 167 52 196 177 243 189 149 67 198 241 191 213 41 110 26 74 71 192 93 109 206 230 80 64 130 199 77 79 208 174 40 244 35 117 37 194 240 176 112 236 195 125 138 164 68 
71 : 35 195 95 92 226 127 216 146 167 163 54 206 154 242 219 225 111 182 247 249 86 40 132 89 217 102 39 218 83 36 227 31 209 113 193 134 159 191 136 53 126 66 25 185 142 228 51 180 175 144 138 178 115 168 211 234 123 70 80 91 145 183 118 231 82 243 165 79 50 124 56 72 135 106 173 161 238 59 207 55 
72 : 63 85 238 207 192 75 83 205 194 123 61 168 221 206 106 163 210 135 215 247 198 188 122 72 108 50 213 32 49 190 112 119 233 212 29 149 27 26 95 118 169 228 126 131 165 204 235 127 209 76 160 181 162 146 35 184 246 43 87 185 222 51 82 223 
73 : 223 28 222 38 127 247 64 139 201 65 150 200 242 95 140 34 111 112 216 141 231 33 124 83 47 148 203 152 208 36 25 29 136 224 167 177 248 174 81 151 213 
74 : 104 197 92 123 146 138 80 174 154 215 185 69 42 134 157 103 220 130 129 247 34 211 119 56 214 216 232 145 227 235 191 84 136 40 161 192 96 41 143 239 202 245 246 112 78 81 48 162 208 223 194 159 126 73 168 
75 : 88 108 126 95 56 179 51 238 128 136 120 207 157 91 138 139 123 163 35 148 187 71 205 27 100 131 135 44 26 176 78 141 206 172 39 93 97 245 58 117 143 174 34 213 86 129 132 43 40 104 48 55 60 177 235 84 196 152 167 217 219 210 173 153 171 193 25 106 191 140 72 30 221 121 204 52 54 90 182 74 99 239 107 77 244 66 119 142 181 199 220 113 33 116 180 165 46 124 109 50 248 231 154 
76 : 89 79 34 247 134 184 166 45 201 227 83 50 126 75 187 240 105 169 124 84 217 85 193 246 114 170 161 110 230 225 132 248 147 30 202 181 171 186 208 152 74 119 82 69 
77 : 169 38 44 25 136 35 40 118 217 72 29 197 159 190 225 64 119 27 71 228 198 57 131 195 175 66 115 85 147 222 154 80 200 70 59 202 142 218 171 174 63 101 132 157 219 227 240 220 62 184 96 160 212 194 73 49 81 61 162 148 90 191 84 123 206 237 229 185 30 54 214 76 121 189 137 221 107 91 141 230 193 87 74 
78 : 172 139 38 85 131 121 110 161 66 237 177 119 151 61 141 94 145 201 27 144 194 26 102 196 106 212 247 183 56 86 34 158 123 35 42 128 122 169 219 220 59 154 53 204 77 231 137 174 31 242 222 191 113 92 112 182 88 78 152 83 129 140 142 173 32 75 89 171 135 166 215 96 180 248 133 67 130 79 126 176 188 118 70 138 73 233 76 163 197 50 170 244 74 108 95 57 107 235 
79 : 207 109 204 201 84 205 175 191 66 168 230 95 226 153 64 222 85 162 148 112 238 43 103 145 98 47 124 108 139 93 182 55 218 50 72 245 42 107 223 99 171 142 114 247 97 208 90 81 184 225 28 174 179 146 59 151 177 216 219 235 44 41 46 206 122 89 117 58 57 176 130 80 147 159 234 51 33 110 67 194 78 56 210 101 52 121 73 141 164 232 215 53 87 248 91 231 62 137 
80 : 200 109 150 210 231 30 138 218 42 154 178 160 81 95 121 144 147 38 33 44 124 238 179 185 236 96 
81 : 241 205 121 106 64 57 175 185 236 53 33 157 96 116 82 56 168 78 248 154 122 212 216 41 101 234 86 194 233 79 245 239 113 160 63 144 89 26 28 102 95 238 143 224 220 38 147 43 203 67 145 232 192 27 127 217 36 94 140 174 169 37 209 243 204 148 164 34 69 29 179 191 112 182 131 129 161 150 68 35 135 237 197 136 180 163 173 219 153 71 103 222 25 87 84 215 
82 : 185 238 200 198 63 32 220 125 87 242 148 188 27 44 62 82 199 51 72 140 101 42 35 249 183 103 194 142 206 58 227 74 176 169 119 126 230 222 171 152 53 
83 : 152 62 214 132 215 110 167 135 64 95 125 81 52 49 196 151 200 245 28 172 137 71 115 102 127 170 161 149 160 143 241 227 100 124 46 138 185 218 78 34 38 208 25 88 142 97 145 133 36 148 154 169 239 90 47 197 111 31 109 209 192 68 105 106 98 113 94 51 86 
84 : 28 190 212 207 218 114 228 72 170 116 40 168 175 27 99 110 131 42 31 77 139 108 194 25 137 136 45 165 111 193 46 33 71 185 129 130 68 126 208 174 88 148 80 95 58 51 62 223 69 161 54 154 246 199 243 102 163 226 106 156 144 92 67 85 192 204 133 201 153 30 215 47 81 173 
85 : 176 63 26 83 236 85 214 212 183 173 72 69 111 231 49 95 139 97 191 73 230 167 137 64 161 
86 : 128 78 192 194 95 210 27 207 65 49 213 236 202 145 54 164 141 232 204 177 41 153 135 217 68 170 71 147 116 171 85 150 196 94 228 102 58 154 227 83 235 28 178 89 60 249 43 51 163 120 52 81 176 64 121 166 124 245 56 98 157 112 110 105 55 70 36 244 113 160 143 106 183 74 195 229 162 90 137 96 233 59 67 108 230 101 193 161 119 242 29 126 190 151 185 169 61 87 103 174 48 123 199 168 138 159 86 
87 : 56 81 109 187 249 236 63 243 232 121 231 159 118 212 156 238 177 124 136 158 78 155 157 174 48 73 67 230 153 145 197 89 30 163 75 215 26 85 119 245 64 134 33 191 181 129 105 25 59 62 120 235 179 173 115 210 97 184 111 90 242 110 193 
88 : 68 209 131 39 35 109 112 176 192 84 205 134 57 208 126 207 56 107 65 92 138 77 114 178 202 211 160 142 137 61 119 33 72 221 110 206 71 26 120 124 183 90 54 249 79 128 62 213 196 188 122 224 151 82 179 48 59 239 235 37 204 172 180 113 136 226 135 148 44 83 150 225 32 162 222 40 248 194 106 94 201 87 38 132 240 127 212 25 156 63 52 216 
89 : 242 219 74 104 116 130 124 43 96 79 197 100 99 171 76 167 176 168 31 236 71 179 66 246 237 32 175 58 118 135 154 111 203 209 223 214 199 201 37 138 95 121 186 54 216 173 191 113 202 39 133 80 241 149 117 200 211 215 84 60 78 150 57 69 160 158 193 132 109 107 34 157 240 49 243 65 41 151 204 198 75 180 146 147 206 67 148 227 46 105 233 106 224 64 120 164 115 73 97 123 225 134 81 166 143 156 61 
90 : 165 115 54 56 217 163 180 86 224 89 236 182 152 32 135 142 80 57 136 123 175 193 150 30 169 189 245 161 153 185 198 199 114 116 204 181 196 238 118 168 191 139 208 126 47 70 176 44 113 34 229 43 35 76 98 46 59 214 77 121 50 
91 : 199 60 116 155 54 28 104 33 232 147 185 177 170 35 99 124 221 204 213 145 127 186 75 212 41 230 32 180 100 73 200 245 64 248 203 98 231 219 126 162 80 244 45 71 62 247 29 146 81 46 226 131 82 31 110 134 192 188 106 202 90 95 107 38 173 112 164 129 228 157 215 53 97 236 167 76 61 42 196 133 151 184 137 47 229 119 67 211 
92 : 163 34 211 169 207 244 98 113 41 130 220 43 82 37 199 94 136 127 57 70 179 117 193 68 91 76 230 155 239 190 167 217 31 191 170 128 50 100 101 188 238 65 182 140 202 221 104 246 120 137 234 38 114 66 53 
93 : 233 31 219 197 125 247 229 142 52 139 167 224 97 145 202 32 39 54 118 45 123 170 185 146 231 109 106 228 84 53 
94 : 148 247 181 75 147 156 123 240 97 41 149 96 39 72 60 29 190 214 132 230 56 143 229 69 40 90 153 100 35 212 150 73 55 116 120 58 244 187 131 86 51 50 185 94 59 220 180 237 44 42 243 101 161 127 204 144 38 102 112 207 
95 : 108 234 170 247 214 86 157 136 186 74 211 91 155 98 145 133 199 47 37 60 198 71 189 112 58 50 212 204 225 124 96 90 102 141 161 92 27 94 174 149 177 215 167 244 134 218 63 82 101 72 243 169 55 239 31 
96 : 104 112 114 217 102 158 60 103 172 178 186 37 213 193 212 238 237 92 159 209 155 216 135 52 139 233 137 
97 : 49 64 51 95 50 173 166 196 184 223 176 76 67 80 48 217 47 31 197 29 79 59 180 46 89 127 33 231 226 156 185 199 242 191 155 153 128 142 45 152 44 32 216 55 61 86 130 143 60 192 134 165 57 225 54 172 145 133 198 232 123 210 230 38 205 25 141 247 106 105 140 188 224 73 164 40 35 212 208 237 104 99 137 244 121 220 177 88 135 139 181 28 108 228 234 161 34 235 147 221 245 
98 : 198 217 50 205 52 221 233 114 139 178 230 248 211 96 98 39 91 54 29 120 146 106 229 181 74 56 61 116 203 119 108 129 97 104 130 109 196 88 137 
99 : 80 201 86 247 179 148 246 105 149 63 106 151 174 158 102 127 155 160 191 129 133 156 219 239 146 85 39 135 31 117 82 223 65 197 93 75 130 245 122 134 62 46 91 36 55 97 192 68 176 249 125 49 34 213 165 233 200 237 163 136 96 121 42 229 225 83 131 240 157 48 78 236 188 109 178 111 51 216 137 99 238 107 139 153 101 164 161 159 67 206 57 138 227 193 181 88 38 195 32 222 189 228 211 132 144 162 
100 : 232 111 202 184 102 152 245 67 31 113 169 90 189 34 37 50 77 51 208 211 148 244 120 196 209 48 89 84 108 43 219 117 70 140 44 110 115 238 
101 : 188 69 131 107 33 126 177 86 153 93 239 34 182 122 28 245 141 106 116 225 43 35 237 173 181 55 51 148 104 76 118 151 167 238 31 44 161 67 127 39 189 216 170 214 185 230 
102 : 245 83 147 232 163 176 211 102 224 157 152 148 80 191 177 72 37 128 185 78 214 141 119 69 226 38 192 62 169 171 124 204 43 247 158 161 26 42 194 64 56 175 120 50 155 139 156 82 140 96 79 142 198 237 166 
103 : 147 109 126 207 62 119 73 89 69 125 93 52 127 141 230 37 176 199 146 244 189 42 136 171 83 96 168 32 204 140 215 148 151 205 160 98 180 170 65 245 210 90 66 111 139 28 99 60 
104 : 193 112 99 105 164 175 100 114 229 41 68 230 198 197 35 235 146 131 25 168 200 107 139 150 170 95 241 227 94 201 76 136 185 30 129 97 123 43 153 74 138 156 194 93 108 89 121 135 246 75 66 126 216 180 69 232 188 159 26 88 130 38 56 147 33 101 190 31 142 64 217 128 148 29 162 39 52 172 42 113 242 86 134 92 152 192 96 178 57 32 176 218 119 124 110 205 203 58 104 62 209 36 49 34 84 149 222 208 245 137 
105 : 135 129 141 239 200 115 101 98 68 71 171 220 213 81 229 170 47 69 154 226 127 91 63 95 48 119 190 59 235 124 37 166 205 224 113 96 216 122 193 247 46 140 177 214 237 206 156 41 104 99 25 100 145 117 109 201 70 228 160 87 207 194 175 74 234 39 218 208 241 163 42 142 36 52 217 53 203 139 185 198 54 236 230 144 186 174 221 197 106 164 147 192 146 27 66 153 179 173 249 112 204 
106 : 32 43 167 63 108 208 51 53 101 169 71 227 126 222 234 145 41 46 177 161 195 78 58 172 158 160 80 166 185 106 241 170 105 191 88 226 94 55 213 137 119 165 29 175 193 
107 : 144 236 28 161 235 68 56 170 129 172 44 103 201 93 116 157 51 82 167 171 95 210 115 216 227 213 76 231 217 168 215 75 177 194 138 31 197 104 60 52 124 100 48 135 193 66 132 64 74 146 38 163 204 34 81 152 94 182 230 78 166 195 80 108 198 142 192 55 43 33 248 87 54 175 232 240 61 218 92 32 238 188 109 117 49 211 126 160 174 154 39 147 26 239 184 123 71 199 189 47 83 148 57 
108 : 182 90 169 224 214 95 222 152 156 210 201 96 39 64 158 219 151 47 136 139 29 38 119 86 77 43 59 204 199 228 27 25 93 148 66 195 174 189 56 75 97 212 103 55 147 89 162 48 140 216 208 188 73 166 206 108 33 198 125 107 149 46 145 233 34 83 178 249 239 69 163 122 165 94 79 234 99 142 168 220 236 71 135 36 30 246 243 242 106 88 78 244 197 133 61 134 146 194 49 211 92 127 
109 : 86 119 235 136 85 142 112 62 76 69 171 150 156 92 120 81 126 195 211 111 231 248 91 63 74 65 40 34 140 101 54 134 199 232 249 143 39 93 49 200 202 181 175 230 161 216 70 98 204 205 42 186 127 191 146 177 192 61 229 41 97 60 210 163 130 180 31 169 164 227 129 51 79 242 221 47 43 44 153 226 72 53 144 220 152 179 113 64 55 37 29 106 139 105 123 
110 : 36 220 107 177 87 135 49 124 164 209 185 211 109 188 38 133 64 34 145 205 168 77 240 176 52 234 241 123 132 134 44 106 30 223 41 101 142 225 160 119 89 117 97 108 179 158 231 66 114 171 74 83 90 153 216 93 212 242 86 232 118 110 72 243 189 191 32 162 175 224 84 200 43 192 194 166 54 190 152 78 141 42 244 235 113 237 102 202 80 61 137 186 56 
111 : 207 171 193 187 179 95 212 230 208 136 127 142 195 155 89 170 77 112 156 190 108 159 115 229 199 237 46 242 94 91 183 54 239 158 60 244 73 172 114 133 66 221 219 51 118 157 96 192 39 62 33 241 128 228 27 63 185 173 205 236 146 175 69 76 102 
112 : 88 222 47 51 120 206 196 57 151 146 220 246 203 26 178 153 25 237 52 96 229 39 156 232 162 
113 : 124 236 219 181 52 203 225 90 69 68 42 127 115 128 143 208 166 150 155 158 235 151 110 60 114 159 46 182 233 157 48 210 56 230 93 63 101 217 79 173 40 53 248 142 197 91 190 207 109 222 29 237 215 39 180 78 111 43 139 87 77 198 183 195 145 74 62 30 102 
114 : 157 33 181 127 208 238 109 36 228 200 125 144 190 146 199 52 80 149 59 161 131 224 34 93 192 135 205 209 43 58 91 247 83 103 99 164 217 27 38 129 64 211 130 106 126 138 89 240 236 132 233 243 108 56 136 246 100 234 90 152 189 
115 : 90 67 68 87 165 166 62 26 80 145 231 219 241 124 194 184 232 50 227 180 65 60 54 83 206 84 156 76 42 220 70 46 98 41 78 97 186 155 56 208 105 193 79 88 230 73 100 249 44 43 191 120 96 225 66 128 122 167 81 89 172 104 92 154 142 197 119 223 240 185 216 149 209 121 55 112 192 189 150 245 182 238 29 108 59 176 117 39 148 137 210 101 213 82 133 95 226 
116 : 57 209 142 197 76 165 237 30 219 158 166 89 199 217 122 102 118 184 164 234 126 157 203 59 82 193 54 52 180 132 235 161 67 247 106 191 50 238 78 100 188 117 143 41 230 154 70 
117 : 200 173 159 73 122 137 58 216 180 114 56 82 79 220 74 38 164 104 203 61 236 151 141 101 183 106 84 204 245 87 239 145 120 50 138 83 64 146 33 157 231 60 129 171 96 69 130 190 48 95 184 37 127 135 28 197 202 139 232 107 68 213 175 134 25 131 143 78 70 92 149 198 102 123 113 165 249 181 178 97 233 91 128 36 227 177 247 206 90 103 158 72 153 111 51 209 121 39 163 29 179 94 
118 : 47 203 158 34 240 66 228 114 215 118 245 32 41 182 44 246 210 50 126 155 181 55 98 168 78 73 116 75 125 159 123 191 74 230 27 28 201 54 82 204 160 95 236 220 117 135 52 83 175 60 85 109 207 37 71 237 62 198 90 247 216 149 129 142 69 172 226 138 65 63 97 139 195 193 140 164 102 
119 : 72 176 79 199 41 25 112 69 95 86 146 194 117 233 136 190 66 36 131 230 222 88 157 114 29 77 241 104 198 205 192 96 202 229 236 171 201 76 128 60 209 32 127 108 118 106 130 120 182 219 67 122 53 181 56 204 164 33 26 248 238 245 249 173 39 135 87 35 45 43 215 47 153 92 103 119 59 207 225 123 234 167 
120 : 158 196 221 247 78 140 52 238 126 106 234 84 104 233 46 179 134 245 136 113 145 34 71 194 237 226 49 56 26 174 76 54 119 127 239 150 209 210 181 91 37 36 59 108 198 152 40 30 125 58 57 185 231 167 61 144 248 128 81 
121 : 202 75 100 230 158 99 189 88 180 133 105 185 95 177 216 219 43 33 174 197 40 69 249 106 138 58 149 31 77 30 103 226 73 56 54 26 241 96 97 193 128 52 171 238 144 233 140 201 172 39 108 208 190 231 27 165 
122 : 55 191 49 242 182 40 167 222 247 188 96 137 57 80 197 143 186 123 155 223 159 73 175 41 178 181 238 93 239 217 39 114 127 52 152 69 30 90 107 170 160 220 70 45 62 140 236 218 213 185 111 72 136 109 130 207 117 78 158 166 147 187 154 125 192 116 75 231 169 246 44 200 53 34 77 226 101 164 63 38 42 214 211 31 94 243 58 126 36 168 88 193 194 102 103 26 46 138 
123 : 34 56 186 44 204 111 52 60 191 109 158 146 225 26 174 179 89 240 187 71 189 243 124 65 98 132 195 216 108 248 90 27 100 164 123 99 121 93 151 47 91 74 81 238 237 126 25 116 122 166 62 147 
124 : 183 191 136 27 59 39 137 226 97 215 169 47 229 155 68 51 195 234 103 120 230 102 185 240 218 37 114 96 152 221 93 156 42 245 182 162 35 87 53 71 80 112 201 241 72 101 63 246 150 121 173 147 186 212 184 207 133 164 217 244 117 73 171 57 81 86 84 
125 : 198 101 123 152 100 186 172 48 103 44 51 52 185 80 59 175 114 43 120 27 135 207 249 203 89 225 99 154 74 176 232 
126 : 87 133 239 232 43 243 96 140 176 213 153 146 217 129 202 73 82 112 242 234 124 155 212 44 102 38 71 51 230 190 132 144 135 238 107 109 75 94 66 235 110 208 156 83 240 90 88 174 197 92 145 68 79 216 89 161 108 222 150 215 121 229 134 57 
127 : 224 129 222 202 75 195 247 150 81 175 132 96 242 152 134 146 188 177 65 118 88 185 58 59 140 122 106 191 74 164 108 147 213 212 244 91 143 225 38 145 109 136 208 196 55 205 206 101 169 226 128 45 95 25 209 176 172 44 63 200 77 57 116 93 61 49 182 156 193 216 31 26 219 218 246 186 76 198 153 47 192 73 46 207 92 174 155 214 139 52 173 201 215 78 241 
128 : 169 192 106 99 135 133 104 114 74 236 48 147 149 159 182 225 73 219 55 40 42 229 155 201 76 113 190 100 172 156 165 188 53 
129 : 184 120 218 206 235 221 80 110 124 117 191 69 106 167 26 132 158 151 147 233 102 86 81 27 53 135 61 213 105 155 130 163 49 153 177 156 125 30 48 100 201 165 44 181 116 
130 : 30 136 179 77 245 216 235 112 107 80 148 102 111 113 97 138 72 61 152 35 106 135 192 50 105 53 132 41 200 110 101 26 98 206 208 48 182 155 170 183 86 99 212 140 246 120 31 190 
131 : 242 186 30 240 202 169 241 165 234 25 140 69 154 86 193 58 225 71 179 243 49 130 53 207 39 54 85 117 138 102 44 83 90 184 187 218 63 230 120 139 125 239 101 176 84 111 107 220 213 191 36 99 199 232 158 163 162 76 122 136 103 47 110 70 249 91 129 43 118 248 45 38 123 37 229 80 246 170 190 166 121 60 137 88 200 227 95 135 119 238 31 57 133 66 173 134 226 32 62 104 172 195 141 112 
132 : 158 160 172 220 55 178 195 38 89 247 165 237 52 151 57 134 194 126 203 113 109 63 140 186 68 144 33 111 224 231 198 123 70 146 162 150 40 85 171 205 135 48 50 170 207 58 64 49 90 210 168 175 56 67 173 82 65 133 180 199 141 42 124 60 167 61 184 221 69 181 32 88 153 241 189 219 104 
133 : 243 71 83 238 49 95 221 168 110 157 27 96 84 204 143 55 31 124 137 58 231 128 72 249 38 224 87 146 61 
134 : 37 220 94 49 228 173 124 249 104 197 110 156 240 79 108 230 159 96 69 55 218 217 227 224 67 41 132 209 162 158 101 106 128 145 170 190 157 28 
135 : 87 97 80 72 110 60 27 142 187 201 232 124 56 139 175 79 103 31 73 180 208 174 204 171 239 156 189 226 109 71 91 161 190 134 162 141 145 46 59 160 70 25 36 122 68 44 233 85 170 248 
136 : 43 175 65 172 232 63 106 228 54 80 117 122 171 242 97 221 197 38 27 164 70 69 151 241 144 240 198 191 48 153 39 188 90 248 136 214 150 68 81 111 178 218 186 152 209 234 127 159 145 84 42 167 120 61 128 28 108 195 180 173 91 194 141 238 49 32 201 83 29 107 37 74 231 132 36 170 235 217 52 
137 : 120 145 81 167 102 191 206 229 211 124 213 95 39 212 67 76 132 150 53 163 208 68 32 146 152 56 64 238 46 217 63 189 173 107 188 183 109 168 82 223 96 154 91 138 26 135 90 194 87 181 86 151 222 247 79 161 36 231 30 227 33 207 174 116 97 195 220 37 186 234 121 153 139 239 182 233 112 29 113 65 28 74 
138 : 107 132 109 137 249 127 221 179 36 164 30 144 77 72 114 163 112 183 104 189 148 85 40 28 192 194 244 67 43 49 142 206 201 57 84 70 200 94 219 50 37 160 204 157 172 214 61 27 243 124 108 195 32 175 145 222 88 48 176 247 35 135 91 117 171 80 120 46 248 41 231 47 134 211 78 128 154 126 92 138 69 53 180 245 90 161 202 190 75 95 103 26 205 223 115 
139 : 231 47 181 242 29 99 243 96 49 149 58 67 32 172 233 134 63 125 105 138 202 129 85 86 59 90 84 50 180 33 177 167 104 203 151 110 200 57 170 94 137 76 236 245 183 156 127 31 78 133 218 205 119 28 69 52 144 106 54 73 46 214 124 240 225 82 
140 : 111 129 231 66 76 224 184 143 172 177 91 39 146 52 45 126 144 81 195 228 40 87 246 167 229 247 134 113 164 208 28 153 108 32 219 95 209 222 54 149 82 71 234 106 185 202 61 109 84 112 160 182 158 119 103 221 239 157 100 210 35 75 58 37 29 96 169 159 65 225 226 207 50 227 62 236 123 59 216 118 139 70 115 73 197 97 30 42 
141 : 117 131 83 163 72 249 52 209 103 194 173 141 133 102 243 195 114 148 101 30 43 241 226 228 176 159 151 183 58 182 120 73 112 47 181 92 245 184 154 80 132 218 125 40 170 
142 : 51 143 243 183 32 248 58 74 29 231 57 182 87 212 101 125 114 141 25 192 54 177 62 93 214 180 35 85 160 46 86 122 72 142 227 238 152 71 151 235 211 73 189 224 135 234 124 140 
143 : 187 76 166 97 194 68 183 116 239 51 43 213 190 226 125 236 41 198 62 92 128 138 55 199 56 67 241 54 53 123 
144 : 49 135 93 184 53 156 142 95 234 180 158 41 30 249 75 64 126 100 43 235 165 163 81 175 125 
145 : 123 176 62 143 212 121 192 222 44 101 84 124 109 164 117 83 28 47 248 102 165 153 216 112 147 173 135 221 220 59 241 154 88 243 110 193 249 234 215 199 227 240 34 132 25 65 183 236 81 71 120 85 189 197 26 41 36 203 141 137 209 111 40 58 63 231 43 98 224 180 
146 : 62 101 67 140 25 233 118 81 97 188 107 74 203 66 190 84 235 243 116 112 153 187 241 170 115 105 231 193 57 147 100 111 27 
147 : 80 236 209 134 25 140 216 214 40 165 153 205 120 233 189 137 64 246 78 171 29 53 242 186 141 43 73 54 28 70 147 136 72 126 111 89 35 221 83 33 182 69 100 172 219 87 157 226 41 243 129 67 204 125 170 244 131 75 123 177 115 98 196 164 68 133 181 215 191 103 105 91 88 142 46 138 36 55 145 81 231 101 74 65 223 37 225 245 128 61 144 38 48 107 92 117 224 44 124 62 229 143 188 174 183 248 187 
148 : 31 122 47 154 101 170 50 109 36 125 88 227 66 135 249 42 33 207 84 197 236 39 203 220 213 194 80 85 161 70 198 98 175 128 202 56 211 
149 : 32 117 143 227 100 38 202 49 187 244 89 209 48 71 80 125 228 63 165 136 193 64 67 85 122 212 236 133 31 42 137 226 235 129 99 131 198 139 186 174 130 78 149 35 223 184 88 91 
150 : 43 53 245 222 224 165 39 152 120 98 125 230 46 127 180 216 49 82 164 219 79 93 90 69 67 144 248 237 80 72 185 211 84 223 60 184 131 105 91 115 225 86 192 85 207 143 231 206 126 37 167 119 160 241 33 179 233 74 29 68 55 99 52 117 36 31 101 232 102 242 81 133 147 26 41 246 141 140 178 236 191 65 
151 : 178 154 237 191 43 157 108 151 127 112 83 53 107 242 54 117 56 85 239 103 134 131 34 130 182 241 29 236 152 229 153 40 120 90 228 28 25 89 231 92 99 175 187 160 141 196 96 70 140 46 71 132 47 208 79 146 155 104 50 95 171 181 192 81 138 247 51 
152 : 155 142 197 203 169 152 232 161 181 77 26 231 124 134 195 225 59 52 65 62 54 191 162 229 106 249 164 68 44 118 32 199 147 30 125 85 39 141 50 45 154 57 47 178 53 63 
153 : 122 29 82 42 177 71 184 230 155 214 146 93 160 237 215 102 77 87 142 31 52 138 69 227 38 162 128 64 79 199 182 240 232 200 45 145 152 148 234 108 134 73 206 99 242 130 247 163 226 61 212 84 55 85 246 229 39 107 223 54 150 49 114 32 249 53 136 158 173 126 98 123 164 196 166 209 169 139 172 25 216 28 105 66 65 125 43 95 201 58 67 91 178 235 70 46 47 185 167 121 191 211 222 238 208 37 170 137 106 188 
154 : 118 207 162 174 155 43 233 168 178 214 95 208 63 48 198 203 165 138 129 194 99 106 232 235 227 53 205 226 59 40 183 236 199 55 246 60 39 87 220 46 243 224 85 86 149 239 56 219 116 37 196 134 212 104 142 172 127 66 143 69 128 98 91 191 225 189 62 215 33 31 102 231 45 64 244 192 57 44 123 156 79 50 177 71 78 223 135 211 81 38 197 160 115 
155 : 127 174 150 235 247 92 202 181 231 162 88 77 207 61 132 47 157 111 65 194 137 48 53 29 26 80 78 201 
156 : 101 148 246 77 235 211 151 179 29 218 100 115 237 32 36 147 146 182 209 55 90 242 83 42 188 138 141 85 60 
157 : 123 91 46 206 141 51 216 86 180 99 147 72 85 136 29 53 235 210 211 70 93 178 100 240 125 212 65 63 108 202 66 48 59 184 117 207 204 74 120 187 213 249 189 
158 : 129 152 177 193 144 130 143 121 71 36 229 148 98 118 83 44 209 235 237 89 195 108 131 156 217 126 127 192 241 
159 : 55 229 165 192 64 142 154 190 101 208 141 139 199 185 100 42 182 245 49 50 38 27 149 193 77 111 117 28 99 201 222 213 52 218 177 30 102 109 122 44 234 189 39 179 225 183 46 45 243 170 198 239 110 162 86 181 62 140 236 79 188 74 94 63 175 235 118 215 126 237 160 163 161 125 187 136 103 212 
160 : 143 45 221 238 99 160 69 43 169 75 229 217 47 246 218 112 83 25 137 65 30 73 191 48 249 125 96 74 51 140 91 145 204 132 178 150 205 154 248 173 133 223 82 88 222 55 86 230 175 127 203 90 116 109 34 196 58 29 181 102 126 135 172 177 49 92 193 70 148 197 128 
161 : 149 48 89 132 108 68 95 41 58 211 74 197 178 247 195 123 243 154 50 156 152 238 25 94 134 124 176 141 214 223 217 49 204 165 235 86 62 213 34 137 
162 : 173 248 134 132 104 46 146 196 145 176 171 163 186 149 210 162 161 111 219 205 58 136 206 231 107 194 160 191 227 174 168 137 42 85 40 61 179 159 26 55 183 152 70 218 37 224 170 33 246 94 110 63 241 184 126 178 78 139 240 236 121 216 117 51 181 34 249 66 182 113 245 69 32 204 208 64 45 30 
163 : 69 52 40 221 240 67 123 73 70 181 80 48 118 62 86 222 25 211 244 170 55 29 102 127 92 35 213 66 232 71 153 219 216 58 186 32 236 249 
164 : 107 126 154 132 108 57 157 208 124 184 210 187 201 55 28 106 98 160 244 82 203 87 146 148 189 199 181 242 176 166 243 218 119 70 205 63 84 113 54 61 226 240 73 74 97 116 174 225 204 239 236 75 129 117 172 34 168 103 192 60 128 
165 : 69 57 80 70 97 225 230 41 226 192 145 60 47 159 30 157 106 112 115 43 105 219 201 189 212 85 54 245 29 169 45 176 77 107 141 248 58 156 177 68 142 188 175 242 61 238 208 39 151 239 150 48 160 194 237 229 132 163 206 116 168 98 191 109 64 199 195 67 139 122 129 56 223 236 184 66 95 100 110 83 233 166 224 241 222 103 205 181 102 119 
166 : 121 212 164 159 64 48 42 150 56 181 171 147 115 76 35 238 38 32 236 216 107 117 210 220 144 37 31 80 190 143 246 61 148 242 50 192 232 243 166 39 193 49 229 94 57 98 177 100 77 222 196 160 239 208 244 97 142 95 110 165 74 185 34 199 33 203 43 28 112 41 59 91 187 168 213 141 75 182 
167 : 79 58 38 162 106 181 116 221 71 222 80 165 66 187 216 73 107 137 32 135 115 191 101 144 95 178 42 202 64 245 124 89 76 122 151 69 230 229 94 
168 : 212 141 249 240 81 238 83 86 40 69 43 182 149 52 131 67 61 60 175 101 153 217 168 139 105 243 62 215 108 171 99 35 32 190 115 53 170 42 180 183 80 78 135 236 66 224 114 214 93 116 197 45 91 137 47 216 225 244 185 
169 : 156 191 168 99 93 125 170 237 89 183 239 32 61 39 66 92 209 141 144 172 234 233 211 101 79 131 45 64 96 115 68 247 69 51 184 165 167 240 120 113 27 246 155 205 160 235 194 232 62 204 137 41 25 244 248 102 54 210 75 178 171 105 58 134 
170 : 133 185 156 143 47 50 100 222 86 150 174 149 229 151 30 74 154 118 109 103 198 43 48 197 60 121 32 203 183 102 208 226 245 248 53 176 68 236 82 170 163 124 135 67 212 204 31 158 95 66 80 237 73 106 145 39 85 219 36 29 209 202 190 46 84 246 69 216 223 233 180 125 160 201 181 99 56 71 159 
171 : 180 226 81 59 39 100 51 200 144 114 209 172 85 120 129 207 105 219 35 89 43 119 75 155 187 78 191 62 184 159 102 162 210 188 249 218 82 173 90 236 171 117 225 133 205 40 79 130 53 30 186 135 46 49 113 71 33 220 32 234 213 68 
172 : 198 209 70 213 73 190 166 181 93 40 171 249 193 159 184 104 248 239 194 140 150 128 106 41 162 123 204 79 212 238 75 223 68 229 172 34 160 57 215 54 71 89 153 191 120 63 88 141 103 157 207 135 42 127 122 202 165 131 31 118 39 219 134 152 225 
173 : 189 119 214 206 213 219 238 203 56 165 247 176 179 108 211 135 60 230 209 36 105 145 232 161 94 216 50 236 98 71 153 112 186 37 139 69 235 97 104 49 101 53 223 25 170 58 240 225 237 93 26 168 248 99 163 166 121 
174 : 54 97 175 160 238 140 231 204 26 31 71 30 207 108 76 161 68 59 119 196 55 130 40 146 41 167 84 199 62 136 110 91 168 138 57 195 79 39 225 166 129 245 88 190 46 127 51 114 165 172 45 122 47 107 193 235 86 113 178 148 93 200 111 144 137 65 64 173 124 246 221 174 89 151 95 228 25 223 
175 : 228 227 102 147 63 91 177 212 36 86 148 211 202 206 173 159 222 247 203 31 92 248 127 124 156 65 185 51 99 210 30 205 134 181 89 221 72 225 42 130 160 25 141 246 122 249 217 193 171 97 215 26 48 146 223 109 149 237 96 195 74 126 140 
176 : 78 172 92 246 157 219 108 34 189 27 235 181 233 232 132 173 124 234 85 182 168 194 109 211 40 59 141 130 97 245 163 227 139 84 67 131 218 39 123 106 229 203 117 104 188 60 55 107 46 148 166 150 147 158 237 86 95 138 153 186 205 30 100 50 
177 : 54 121 89 176 147 188 60 70 50 38 35 159 220 187 178 140 72 239 65 123 59 242 194 163 100 217 103 86 34 238 36 141 207 32 31 161 179 195 167 78 92 212 211 223 57 134 245 43 94 83 117 189 113 67 42 156 39 96 30 91 200 41 225 171 165 62 230 236 228 221 118 28 90 80 37 108 197 157 46 135 153 186 164 160 137 145 128 98 149 172 26 115 152 143 151 95 126 84 
178 : 247 94 186 108 109 221 169 161 201 77 133 53 37 195 143 174 61 44 125 237 176 168 122 31 33 244 68 67 84 141 228 215 199 27 187 40 129 98 231 79 184 87 203 112 225 30 56 236 145 188 58 106 117 222 96 57 42 82 167 150 233 194 178 29 43 78 114 100 148 191 196 35 162 95 90 32 101 63 103 249 182 102 209 127 71 104 38 155 111 214 34 165 62 119 52 97 170 190 140 26 229 208 180 242 136 159 
179 : 189 208 62 104 99 151 229 43 30 122 115 175 178 249 213 196 190 125 58 98 240 174 61 121 222 184 138 219 163 198 45 126 34 195 176 187 119 241 235 209 201 193 171 167 156 239 148 225 76 161 238 108 64 183 74 117 35 84 180 191 165 127 33 85 243 90 194 217 200 69 149 146 247 80 223 66 237 236 103 220 32 109 181 79 92 170 70 232 147 173 40 218 46 145 129 
180 : 209 175 174 99 140 49 95 197 79 189 74 89 54 185 148 135 166 25 78 58 55 183 73 142 239 149 141 82 204 144 243 91 181 131 146 169 111 76 187 67 158 42 198 61 71 241 216 30 231 127 150 138 52 159 137 87 240 242 32 214 156 199 248 130 70 155 195 191 88 98 245 108 36 28 104 102 83 233 152 206 50 60 143 48 224 94 85 80 136 125 59 226 27 90 202 170 217 109 194 121 72 
181 : 242 73 145 134 68 201 212 223 241 195 211 29 35 60 152 89 85 238 244 221 117 159 226 128 157 160 169 113 61 100 179 191 224 39 187 206 165 57 110 80 164 48 88 143 245 120 133 131 67 198 71 151 43 91 
182 : 65 104 142 149 200 34 230 102 156 113 110 232 241 162 143 134 163 117 160 116 192 83 198 129 127 128 243 56 84 225 144 152 249 37 121 105 189 31 66 40 61 118 204 153 50 205 47 53 91 90 95 30 137 
183 : 137 186 29 153 239 231 190 80 76 69 144 89 31 217 185 136 238 212 28 66 180 244 112 237 99 85 74 78 235 56 191 134 83 177 51 90 92 132 214 33 100 241 130 147 125 120 79 65 67 72 62 84 55 52 143 236 220 197 111 30 126 70 226 54 142 165 167 246 53 249 115 71 117 45 121 169 88 163 242 187 240 194 
184 : 92 178 98 108 80 46 68 208 32 110 83 64 236 162 78 194 175 84 37 91 174 227 118 163 122 102 214 103 58 51 62 233 205 77 218 129 75 188 116 212 137 56 217 50 28 73 
185 : 58 53 176 141 136 30 33 92 81 235 178 73 59 242 234 222 166 172 162 110 90 109 144 40 113 146 219 158 107 134 187 198 152 26 57 216 118 202 196 
186 : 209 239 83 188 235 148 119 31 49 242 68 78 151 163 126 153 202 192 211 205 224 204 62 227 157 228 206 203 104 225 57 79 123 200 109 100 152 199 136 70 178 182 248 51 128 147 87 124 186 114 145 217 245 38 93 226 222 167 149 154 166 247 183 60 61 90 161 59 75 66 58 67 190 133 76 89 144 30 105 29 
187 : 111 46 217 130 219 113 132 147 78 156 35 239 227 51 98 106 73 42 196 114 200 155 141 237 216 41 202 133 39 234 163 158 31 242 240 192 53 195 223 54 172 90 236 91 165 222 167 82 25 65 150 207 161 231 148 127 245 149 204 64 208 129 248 146 116 186 57 225 226 110 143 179 52 249 134 189 159 99 235 85 139 221 247 215 198 244 151 108 44 105 59 120 122 168 184 177 32 66 119 212 92 69 
188 : 70 197 188 174 177 181 50 83 171 224 160 147 67 140 247 184 77 87 94 196 109 73 107 178 149 213 227 115 142 150 229 132 190 193 220 57 241 163 103 41 30 54 199 46 58 180 91 143 223 222 108 119 219 244 32 28 189 138 245 172 25 204 44 230 128 182 27 68 106 155 125 217 246 72 110 146 62 112 116 186 225 42 76 185 120 65 102 158 47 183 130 
189 : 117 182 65 142 162 214 150 164 166 203 130 165 36 33 98 105 217 113 69 82 198 57 102 233 161 54 93 42 128 58 134 61 216 156 111 154 107 186 124 235 228 119 135 116 120 223 173 38 125 184 172 84 129 95 138 200 86 175 229 185 48 47 237 25 126 153 152 163 60 181 
190 : 123 72 59 227 84 97 248 189 41 134 208 113 122 52 25 99 218 94 86 49 128 204 167 124 57 54 132 166 88 190 115 43 66 240 116 104 139 226 28 235 178 141 244 31 51 175 126 213 135 40 181 198 95 211 194 152 182 242 137 184 224 159 62 179 236 232 219 107 67 100 199 186 130 201 216 188 64 46 
191 : 175 237 136 246 228 123 101 128 140 154 27 114 203 217 207 102 28 100 232 141 169 243 247 66 103 205 176 99 160 201 196 240 36 239 145 210 157 245 161 41 83 82 30 149 50 74 229 163 42 31 218 162 127 209 173 142 189 58 220 184 213 249 85 126 118 208 57 172 146 248 69 143 
192 : 176 162 66 43 210 220 238 110 198 32 186 144 28 53 45 77 183 223 67 51 91 184 26 35 224 
193 : 181 86 52 154 169 177 68 174 76 81 82 240 227 41 35 44 26 160 71 152 106 212 173 122 88 29 114 164 158 55 195 109 33 93 175 58 63 249 
194 : 73 171 119 203 124 63 218 167 211 132 239 237 212 60 136 76 135 45 163 186 166 182 38 112 133 142 249 95 229 224 158 34 200 35 175 72 233 173 70 161 28 96 42 27 
195 : 33 153 92 183 81 46 132 115 139 100 200 29 230 174 83 175 79 27 64 198 245 157 114 73 229 107 148 204 52 146 169 75 176 150 28 241 207 129 202 149 142 167 39 196 38 189 237 201 
196 : 63 158 69 183 218 43 40 32 153 185 100 106 200 108 244 190 165 105 233 120 179 228 223 187 51 83 177 142 77 174 46 161 145 230 116 27 240 245 204 155 79 99 198 231 50 73 30 229 144 114 31 149 193 67 169 188 133 129 58 134 156 56 132 236 159 139 216 202 151 195 194 246 66 171 160 212 70 137 118 125 150 138 167 166 181 36 71 157 41 86 107 131 237 215 113 68 97 
197 : 74 26 195 194 210 29 183 97 141 68 148 219 60 231 223 159 112 144 85 153 236 234 142 186 90 83 202 228 49 33 51 36 54 224 105 117 80 196 205 47 73 177 37 52 222 57 120 149 216 111 79 61 139 62 213 165 218 208 101 134 46 171 233 41 137 182 89 118 84 167 191 221 199 145 64 188 44 126 119 124 107 244 184 174 249 181 76 166 206 132 27 42 123 45 215 103 220 225 30 67 25 
198 : 127 54 180 163 105 83 106 182 32 155 52 238 177 31 136 240 80 141 156 225 76 132 120 164 65 53 235 150 97 60 33 95 208 82 98 55 201 94 174 61 38 75 111 135 234 74 151 28 239 41 181 115 102 219 176 50 228 130 179 215 63 202 154 221 125 96 198 148 51 117 244 152 143 108 68 207 160 40 197 93 59 92 200 72 185 34 116 107 220 193 213 209 229 224 91 87 56 173 241 218 103 90 206 69 232 166 114 233 77 
199 : 154 84 226 195 67 95 38 163 60 169 241 227 151 149 138 134 53 229 62 130 96 114 46 204 174 104 248 122 158 80 139 28 142 172 145 58 178 231 69 152 75 205 198 235 140 50 153 39 106 72 179 157 127 234 161 240 33 118 199 246 224 192 
200 : 96 53 111 123 249 89 97 104 244 159 108 190 125 66 163 77 139 155 85 150 87 202 218 83 148 64 128 160 178 146 211 213 245 182 235 187 242 72 38 41 58 
201 : 205 213 88 168 96 34 108 245 189 234 48 214 230 139 126 62 87 199 67 123 80 59 56 215 211 124 223 157 216 145 167 158 46 233 169 154 98 101 131 33 45 132 125 238 76 196 127 162 113 203 51 82 83 141 79 248 226 29 86 84 133 134 57 151 99 191 68 74 194 25 165 111 163 116 77 39 166 212 160 228 174 148 198 173 52 222 66 85 117 235 144 208 47 28 184 
202 : 106 149 60 38 213 73 248 34 27 76 141 47 28 171 117 130 249 234 236 203 197 85 118 170 111 50 75 123 58 215 209 186 212 245 67 33 42 45 40 81 211 120 158 188 201 190 109 155 63 167 92 218 32 71 121 77 196 115 219 178 142 97 126 101 161 177 182 
203 : 217 135 206 105 195 131 186 44 55 130 193 241 118 213 179 31 68 46 71 157 207 51 107 36 83 203 149 177 223 82 249 30 86 172 117 136 78 148 204 99 246 47 33 247 200 183 26 219 122 106 115 120 215 139 145 194 137 138 126 176 184 173 202 205 155 142 63 181 248 108 163 216 41 40 132 175 143 240 153 201 238 116 233 162 72 87 236 92 54 192 230 75 182 171 69 97 169 85 43 156 232 
204 : 241 236 238 107 213 170 240 150 88 41 34 122 188 70 229 38 106 179 124 93 247 230 204 131 53 194 68 50 231 103 47 132 182 113 98 173 71 123 97 
205 : 166 34 191 165 142 151 171 147 219 64 197 140 146 72 37 181 148 89 96 87 106 130 164 86 236 58 
206 : 167 188 28 219 106 51 142 133 89 228 75 46 58 244 209 243 182 227 168 210 121 213 176 32 79 112 185 236 96 67 126 216 92 172 55 234 161 223 200 120 208 91 38 229 36 37 128 140 187 163 98 109 170 215 146 245 145 115 80 240 107 165 122 103 64 56 25 143 174 127 160 113 248 119 44 184 93 99 226 94 
207 : 208 152 167 116 84 234 205 122 30 204 179 113 233 212 54 190 227 172 236 215 144 245 127 89 63 119 62 80 189 173 218 74 143 87 186 224 90 196 219 174 244 102 77 118 115 223 156 230 155 146 85 51 209 49 53 148 124 239 69 94 56 238 214 104 34 35 198 133 220 41 106 29 139 42 
208 : 25 77 239 120 159 247 201 28 75 52 129 150 68 47 76 158 71 187 207 62 127 125 99 89 143 163 29 31 86 156 155 216 128 198 194 82 175 66 79 61 83 102 117 124 208 243 135 41 225 184 27 43 132 144 248 123 58 33 141 174 195 220 148 186 74 168 90 48 63 151 181 115 222 231 100 131 67 65 70 170 51 233 26 188 214 101 121 30 153 149 134 
209 : 159 41 153 76 64 63 55 133 154 179 134 190 238 180 152 143 90 102 166 60 156 168 93 149 119 148 138 128 227 81 40 162 182 132 235 49 123 202 120 243 230 59 221 189 246 151 203 236 218 242 183 26 61 101 141 131 172 85 
210 : 57 32 97 101 184 238 186 55 136 117 77 38 159 229 62 220 215 135 27 207 141 89 217 248 79 108 181 85 149 223 187 195 177 178 174 29 109 37 218 191 240 98 185 245 216 233 234 100 73 204 48 46 104 226 35 247 74 227 142 125 169 236 53 84 69 31 126 102 156 200 166 224 66 83 146 105 151 246 93 164 54 145 231 122 96 157 133 30 114 106 147 205 152 63 92 148 113 90 221 123 33 88 
211 : 150 187 212 227 172 117 33 237 131 206 106 119 53 128 230 143 186 226 178 69 194 245 55 64 132 109 40 38 247 94 222 92 225 142 68 124 91 208 123 242 207 203 60 198 110 162 190 97 78 49 36 25 176 105 37 248 56 81 170 90 47 
212 : 177 178 224 33 173 213 76 186 129 43 234 172 184 165 30 205 151 91 89 132 223 128 149 191 188 242 61 99 189 207 79 238 198 
213 : 91 66 123 237 221 169 75 85 191 196 87 219 167 50 205 158 99 124 26 113 220 38 76 136 243 178 135 39 130 225 201 132 109 97 65 160 214 101 246 147 173 140 41 120 239 146 200 31 190 207 144 161 164 74 29 129 216 249 218 47 62 172 111 155 
214 : 110 100 71 137 200 70 231 59 134 202 113 63 90 126 182 223 85 56 212 64 55 186 116 50 124 91 43 147 89 201 42 189 135 247 96 240 148 143 120 136 232 69 169 34 87 210 234 86 119 142 246 180 132 30 139 75 235 192 213 118 217 54 37 237 76 181 77 177 32 140 98 230 107 84 221 81 93 72 228 49 68 78 193 103 41 99 239 29 245 215 171 150 248 236 131 66 44 45 48 167 
215 : 210 206 161 214 26 172 153 152 136 108 148 124 149 227 114 192 83 37 74 122 27 63 101 68 158 31 237 178 60 78 77 173 58 167 47 202 117 189 66 104 196 179 86 36 140 218 49 72 128 131 85 163 70 59 125 102 162 115 204 230 219 105 111 51 190 80 121 34 209 247 195 142 157 184 103 113 169 200 84 137 119 207 97 246 42 81 32 61 110 57 109 242 165 147 248 225 212 151 231 29 62 56 146 181 96 150 203 138 154 220 
216 : 101 109 234 154 216 192 92 184 177 238 207 105 143 98 162 38 166 246 83 53 69 170 167 80 147 127 206 196 99 171 163 230 183 249 72 30 232 52 81 113 248 130 187 146 185 56 236 222 181 
217 : 174 73 110 76 219 80 107 220 231 91 101 160 136 42 88 179 197 212 227 207 82 233 225 223 154 129 48 125 78 61 144 135 211 153 199 79 90 210 66 172 32 230 175 115 117 52 163 40 31 151 247 248 68 65 39 180 67 244 181 74 149 184 102 234 134 108 122 97 217 57 176 100 145 126 95 142 37 216 204 130 148 47 118 112 38 56 35 238 127 93 33 119 104 168 141 187 190 205 
218 : 141 166 39 199 200 154 123 223 93 104 55 183 228 176 171 91 108 234 174 215 193 147 118 94 188 248 96 92 65 112 48 173 203 159 111 126 81 190 152 210 196 114 28 185 231 122 57 220 249 36 40 60 128 212 73 165 35 209 138 225 83 86 208 42 106 205 178 170 102 103 38 160 113 85 153 115 135 227 
219 : 99 148 145 84 235 229 125 172 143 131 226 191 70 223 140 155 93 194 185 236 246 156 171 27 221 249 165 139 170 41 132 95 
220 : 223 136 230 184 232 93 248 121 203 80 70 40 98 73 217 208 241 116 28 114 173 207 79 131 62 71 199 113 151 237 134 92 243 82 36 129 202 139 238 78 178 109 168 58 85 137 86 222 194 219 
