0 : 120 127 242 170 128 196 197 114 117 229 147 244 54 72 60 178 75 234 65 73 32 160 225 119 202 125 84 207 103 49 63 172 158 104 223 198 215 51 168 111 45 30 48 188 211 137 82 190 105 101 88 187 56 240 208 91 41 141 157 106 86 182 237 33 165 25 155 210 81 52 77 206 64 95 31 138 192 66 67 
1 : 111 223 100 37 152 234 119 30 144 96 43 51 185 212 206 174 87 181 48 124 148 175 127 73 89 246 219 113 104 142 123 184 210 164 135 136 138 86 88 178 222 121 35 101 54 230 
2 : 240 204 66 168 218 83 216 147 93 163 29 125 244 28 120 152 81 100 53 94 173 169 79 165 220 105 80 144 
3 : 57 118 27 72 141 173 34 64 241 66 214 36 103 205 182 109 224 25 44 121 150 96 115 243 249 233 172 235 65 188 
4 : 138 73 213 113 235 155 104 205 52 242 80 112 217 117 66 167 35 33 25 249 226 181 227 170 165 120 163 101 28 244 168 43 147 182 185 195 148 51 119 61 110 173 194 183 214 247 175 241 55 199 109 72 34 221 223 128 118 245 44 70 159 63 90 246 158 98 231 49 32 114 200 85 88 156 164 190 74 197 145 
5 : 116 177 103 117 121 59 167 220 215 90 78 145 160 176 180 146 228 163 47 118 67 73 236 240 136 44 60 37 120 150 56 41 238 148 109 123 143 235 202 142 151 135 152 237 110 187 137 239 161 170 225 230 173 175 182 36 68 50 86 147 216 196 65 158 
6 : 220 28 165 231 160 45 167 179 168 226 36 188 162 133 150 48 186 239 180 238 63 138 49 132 182 185 78 97 98 135 189 122 225 96 37 83 154 194 58 227 110 223 40 
7 : 112 109 30 94 169 110 67 142 218 40 239 219 231 60 163 111 130 114 36 134 120 139 26 124 157 96 246 232 97 171 77 58 64 222 227 200 89 98 45 235 41 61 70 193 25 173 127 93 206 150 184 106 170 233 117 209 135 34 121 53 140 223 176 179 212 42 49 101 152 
8 : 106 75 143 110 153 122 50 71 172 192 182 183 185 211 157 245 64 89 213 231 140 242 234 51 91 222 27 198 83 232 238 225 66 79 130 77 96 193 113 249 59 68 
9 : 222 249 146 184 212 219 161 107 149 55 119 166 183 231 206 144 98 54 211 132 246 27 37 102 94 199 182 220 240 157 85 113 87 108 198 232 175 
10 : 73 235 110 155 120 210 131 132 174 197 186 50 93 151 150 171 224 53 75 178 147 143 152 205 213 56 201 156 54 222 59 41 63 204 211 172 219 226 220 167 33 28 88 188 
11 : 149 67 231 133 32 204 34 119 58 166 223 115 200 247 249 65 26 101 162 164 31 237 218 177 153 112 93 78 158 228 142 84 89 46 63 187 188 147 180 184 245 193 105 130 54 244 60 
12 : 145 201 170 199 133 83 192 116 62 121 203 189 102 184 149 245 92 162 128 44 237 39 233 194 75 191 87 113 160 209 55 129 80 210 98 57 144 
13 : 182 177 152 232 245 147 62 206 240 248 215 123 135 201 247 155 180 233 88 163 131 238 113 90 116 57 41 33 234 39 242 183 59 56 181 202 44 70 226 176 137 94 193 103 129 109 220 204 80 174 81 112 63 40 237 32 190 92 55 89 156 35 167 26 205 84 200 203 93 
14 : 116 118 43 162 229 240 143 36 206 119 211 208 40 140 58 214 83 232 187 33 204 212 63 215 147 193 225 169 196 154 151 233 76 182 180 96 201 195 146 226 102 172 68 230 224 84 85 170 191 177 111 134 158 70 35 93 223 183 219 227 38 57 61 97 67 64 194 62 113 59 32 27 138 200 218 149 89 75 160 216 66 239 176 220 131 
15 : 241 139 44 208 111 157 101 211 83 216 165 191 158 81 197 174 234 228 99 149 94 154 96 201 68 28 98 173 151 71 106 163 55 186 242 42 87 212 126 114 113 148 214 82 161 239 164 48 65 49 39 166 229 26 92 
16 : 71 151 147 69 160 81 187 159 228 107 226 70 115 120 58 93 116 158 146 130 39 221 200 83 233 199 236 223 
17 : 29 197 151 71 209 105 96 83 116 119 110 57 112 70 144 49 240 168 120 143 59 154 167 158 35 189 177 155 72 53 60 190 159 236 101 55 34 191 169 179 214 217 100 67 73 160 219 223 187 234 129 99 
18 : 94 238 31 34 43 248 79 177 86 247 82 246 122 41 135 76 64 140 63 129 87 211 241 81 210 243 53 167 216 147 51 113 150 240 139 242 227 54 203 77 
19 : 117 186 52 176 98 44 75 248 72 63 85 100 157 91 39 69 216 126 238 187 29 229 240 103 148 58 33 225 191 65 66 136 132 152 143 234 202 
20 : 71 180 48 112 58 160 194 152 154 134 201 31 116 103 186 225 183 57 62 217 219 223 159 185 189 45 26 208 70 68 51 211 172 132 157 150 76 25 153 90 191 230 169 54 33 87 218 206 64 123 47 39 78 121 60 234 228 119 231 249 165 30 96 120 83 203 195 92 102 221 97 163 75 245 55 41 94 61 
21 : 195 96 239 224 235 160 55 225 125 146 103 119 162 209 57 167 90 210 147 178 191 208 143 56 112 227 159 164 226 40 37 165 120 203 206 236 244 76 135 30 123 170 212 156 77 155 145 216 153 205 108 200 74 34 80 115 229 211 86 72 150 136 126 181 91 192 163 118 194 171 27 38 139 106 105 41 137 73 25 141 169 196 53 134 
22 : 237 123 223 208 211 217 113 135 187 201 175 229 28 168 226 165 76 126 131 100 96 29 86 216 74 129 190 210 212 27 116 128 170 71 35 73 64 198 
23 : 97 192 239 48 150 145 78 236 32 116 152 144 147 60 209 247 50 70 214 66 172 115 243 210 149 80 129 179 99 225 82 137 190 123 140 62 36 55 181 128 28 188 106 
24 : 65 146 190 126 238 47 118 172 135 112 239 213 128 170 84 62 39 137 35 178 217 77 59 208 109 124 90 151 230 
25 : 133 47 241 167 242 150 245 82 213 194 180 173 196 223 178 100 176 146 103 84 50 197 130 78 214 112 42 219 77 51 240 243 184 67 218 169 148 140 32 91 113 118 119 203 222 145 175 177 58 166 49 128 61 232 200 124 134 68 244 157 37 104 237 92 29 70 52 207 171 95 179 66 65 88 143 123 239 248 193 229 162 220 
26 : 40 178 182 62 56 195 137 201 221 75 125 244 123 49 90 38 229 58 47 153 216 152 235 128 248 95 
27 : 35 113 134 136 159 44 36 245 111 240 230 194 223 70 154 114 144 79 58 68 195 98 117 203 84 166 224 46 199 81 120 61 248 26 38 183 55 32 241 
28 : 121 76 107 147 181 215 72 230 144 67 149 133 171 129 69 84 118 70 106 94 247 232 244 145 174 231 55 117 197 137 204 206 140 102 61 176 97 192 78 172 199 190 193 123 44 26 124 103 37 203 115 143 27 45 178 208 210 154 224 241 150 185 136 65 237 141 153 43 220 182 51 246 234 39 
29 : 44 94 189 155 199 164 32 147 186 205 175 171 144 172 176 233 129 25 180 131 209 183 247 224 114 245 28 130 49 234 83 109 140 191 93 154 89 125 136 235 228 165 230 90 236 231 42 158 238 178 50 137 179 123 64 51 200 68 41 97 138 127 166 33 221 141 223 134 78 156 95 151 212 246 249 128 181 159 121 91 117 84 185 
30 : 114 64 169 46 127 47 166 149 242 27 117 92 150 216 154 213 99 151 201 215 155 241 198 143 164 
31 : 172 167 120 224 137 46 188 177 212 49 29 163 42 195 102 175 79 85 94 67 192 26 144 84 114 95 207 217 77 110 182 233 237 198 146 33 38 183 115 81 229 179 243 113 156 186 185 238 30 
32 : 68 246 118 72 231 202 44 215 158 237 47 123 186 174 29 117 167 155 147 67 191 92 203 73 216 125 148 87 206 220 152 218 136 204 49 74 112 104 43 129 249 28 124 236 84 86 150 247 180 198 138 62 32 193 30 141 238 41 194 169 120 48 90 164 97 165 227 89 234 170 223 137 26 77 66 212 119 
33 : 87 69 115 229 162 235 133 36 173 244 118 148 131 110 211 149 80 200 209 73 189 147 85 72 202 180 103 194 228 123 245 126 124 145 192 236 93 239 107 206 59 144 155 214 215 35 198 219 66 152 195 238 132 77 74 119 94 165 64 199 177 46 55 242 142 174 
34 : 177 191 29 110 179 213 85 86 214 240 230 182 81 129 115 194 53 32 99 90 133 26 62 156 91 171 149 125 195 147 75 219 111 117 93 249 192 160 41 162 201 112 56 222 134 118 
35 : 125 232 65 196 216 119 139 161 235 242 207 93 128 111 44 213 56 45 33 78 178 106 245 153 129 185 212 61 80 116 127 79 144 77 103 237 157 169 37 87 215 140 73 195 187 133 236 219 
36 : 92 105 184 44 219 39 76 60 179 133 32 180 166 172 224 192 196 190 232 58 99 80 138 43 42 116 95 137 152 249 237 91 41 
37 : 90 59 34 94 184 177 42 191 235 180 108 239 81 183 241 139 206 115 134 229 243 185 216 119 128 169 56 202 237 46 154 96 233 60 30 178 103 44 246 113 112 196 107 117 37 137 43 192 47 156 138 225 41 141 26 27 61 
38 : 185 118 103 206 243 88 85 38 62 102 58 120 128 49 96 166 119 101 160 25 246 230 30 73 122 61 194 155 208 248 52 204 173 54 57 241 105 129 60 215 56 149 198 191 132 117 240 234 236 145 50 
39 : 73 143 207 249 99 213 115 46 186 160 37 106 100 105 144 193 218 179 60 164 118 205 137 191 75 54 131 171 145 155 61 197 77 53 208 141 233 211 149 78 116 161 87 122 239 113 169 89 109 236 76 59 44 188 88 36 231 119 192 86 71 224 47 165 163 68 147 
40 : 236 183 209 118 49 144 72 133 175 120 146 95 163 167 131 56 117 182 155 249 86 84 188 29 58 46 63 225 152 191 160 192 186 85 228 140 210 113 79 141 187 35 121 51 211 55 214 89 74 37 52 215 206 242 213 125 178 237 190 184 201 122 109 208 68 240 43 98 116 103 99 115 119 105 30 169 
41 : 95 223 193 46 216 240 128 217 134 73 224 239 133 202 168 207 184 28 88 155 222 80 178 221 102 55 175 153 243 123 197 242 33 203 138 105 65 174 124 143 195 182 160 36 119 25 139 94 215 177 152 101 104 234 34 159 110 103 64 114 172 198 136 77 52 92 122 
42 : 115 184 50 241 66 150 41 122 97 226 193 99 207 79 163 215 182 164 44 156 147 131 98 202 230 142 
43 : 30 37 219 98 215 148 189 185 131 197 186 244 69 161 154 119 31 123 211 103 142 87 115 147 113 223 247 58 83 66 231 199 143 140 88 84 44 70 227 193 25 153 192 46 212 210 183 95 173 122 233 99 245 
44 : 104 91 118 203 134 194 86 45 206 246 101 197 74 207 243 144 248 93 110 187 236 181 228 177 208 37 148 94 230 92 183 75 61 109 98 146 192 147 25 229 231 157 76 136 145 124 213 85 69 80 73 129 108 189 196 107 155 204 191 106 111 188 225 221 99 123 56 116 153 
45 : 136 222 32 240 249 214 224 231 192 168 183 166 38 73 101 145 158 144 139 125 218 109 33 193 246 151 40 47 248 119 221 195 104 149 153 226 219 69 86 182 200 160 80 191 228 41 131 243 79 175 30 103 
46 : 204 224 156 203 196 150 97 128 152 61 109 121 62 217 42 131 86 25 43 81 169 133 177 134 205 182 55 229 243 82 56 49 176 
47 : 136 66 183 103 188 56 162 157 25 122 59 171 203 100 187 143 239 168 150 57 158 176 33 113 93 231 236 244 43 142 211 217 238 92 86 161 37 123 51 27 60 96 133 223 48 116 201 226 195 129 249 240 227 243 210 247 169 69 40 50 82 234 53 177 200 85 115 87 26 112 81 140 89 186 91 213 241 189 120 
48 : 82 153 170 154 113 177 85 84 61 25 96 60 225 185 123 193 29 121 224 119 161 237 174 159 227 78 147 83 183 48 41 126 39 198 
49 : 169 85 232 120 50 178 155 64 195 248 186 42 212 172 182 222 247 149 220 72 44 131 170 47 211 171 221 202 163 
50 : 62 144 138 111 34 63 81 193 28 198 82 195 40 130 100 112 125 47 248 167 201 110 54 219 218 245 29 232 222 61 64 113 206 171 215 176 194 208 139 106 188 26 32 153 223 205 143 234 161 204 30 65 162 80 104 214 86 56 182 39 101 249 242 178 140 109 96 189 157 
51 : 136 195 109 227 42 123 171 44 192 87 159 178 243 76 230 176 151 240 198 73 248 71 142 77 237 239 115 57 154 86 202 108 157 33 129 219 187 27 232 116 132 245 90 70 145 147 218 59 128 43 205 166 53 85 177 134 89 38 204 168 197 193 101 74 228 137 194 212 175 30 217 117 162 146 179 82 127 97 
52 : 111 60 159 165 43 70 75 69 119 120 248 33 108 149 234 220 74 45 141 186 150 34 136 131 138 27 222 118 104 
53 : 229 52 125 246 216 116 182 169 168 112 137 166 109 96 50 121 159 132 231 186 78 57 174 142 45 72 68 189 207 117 92 204 70 202 79 184 28 127 162 203 228 238 144 63 60 59 76 101 
54 : 222 199 69 63 130 32 193 198 39 173 123 89 93 72 157 163 145 104 126 182 50 196 125 119 206 187 116 238 204 175 161 211 25 81 167 55 183 248 75 213 79 246 179 220 146 38 110 53 87 29 165 225 91 121 210 140 197 57 108 214 
55 : 143 57 64 232 152 126 182 59 38 89 184 223 66 125 240 114 220 190 224 134 128 123 61 165 26 34 120 226 229 141 248 49 208 164 210 178 213 133 137 47 44 53 180 39 138 92 96 202 25 148 30 112 195 117 144 131 235 71 192 142 78 69 118 234 
56 : 129 57 45 73 155 50 175 114 63 102 157 201 64 193 219 205 147 238 110 208 80 215 195 148 220 35 248 242 216 27 197 212 122 204 41 96 98 222 135 146 168 128 59 233 138 150 145 39 51 173 95 243 153 118 241 166 44 163 88 
57 : 178 100 78 67 194 243 198 159 92 144 193 46 137 150 185 165 175 157 171 155 34 142 174 242 223 158 211 72 25 168 125 176 249 153 41 104 203 
58 : 204 229 54 63 193 166 185 203 163 210 208 194 141 145 89 157 245 216 223 140 67 187 159 75 241 222 83 64 100 158 112 169 178 42 247 92 235 28 186 197 154 108 147 99 50 213 189 133 180 32 113 162 214 104 
59 : 69 88 139 127 46 104 166 89 190 68 158 83 241 130 198 243 160 220 28 239 180 153 79 157 149 51 173 197 92 113 159 192 232 120 201 
60 : 133 30 191 179 93 27 38 112 247 126 141 151 89 234 76 98 206 64 125 90 63 94 95 48 49 43 107 183 148 110 
61 : 38 166 33 237 76 117 218 223 55 249 157 53 113 81 167 173 25 118 114 140 71 224 58 245 111 208 147 198 222 213 132 186 65 51 133 164 41 42 190 238 187 67 195 235 32 212 197 66 231 124 162 
62 : 135 235 205 169 173 178 160 104 133 48 180 217 62 243 148 47 238 110 100 129 215 56 127 147 237 184 52 199 74 134 30 130 113 40 168 29 221 35 82 
63 : 237 248 239 150 191 240 173 58 29 196 198 205 145 249 85 28 143 103 243 222 96 91 55 149 52 109 139 56 238 132 232 
64 : 63 80 149 168 122 97 91 221 112 248 49 118 43 135 25 140 139 150 166 44 55 126 205 231 223 242 189 165 47 222 130 29 81 46 128 75 175 187 210 148 132 123 115 249 240 228 224 213 235 197 
65 : 232 117 64 233 113 72 110 34 160 71 84 192 216 35 229 189 106 50 47 244 92 91 61 111 40 125 46 137 169 52 53 98 32 41 29 212 142 188 
66 : 183 43 123 58 170 28 185 118 55 201 81 241 148 184 162 182 155 51 60 240 200 210 245 238 96 219 140 103 98 236 68 198 48 138 85 166 30 74 26 25 114 231 63 102 235 40 217 163 247 150 57 190 91 61 72 206 192 65 242 62 151 139 199 52 45 
67 : 223 118 123 122 167 110 60 39 222 107 58 108 245 116 218 94 128 75 235 156 101 83 185 149 48 190 46 236 70 114 82 63 160 143 216 153 195 130 120 234 135 56 34 145 105 117 77 212 182 246 111 55 199 80 170 66 247 187 74 188 
68 : 173 155 29 171 26 149 97 75 111 204 119 71 103 73 45 41 34 88 216 130 233 150 202 210 247 196 79 47 66 59 185 243 194 89 127 95 170 229 236 212 61 158 107 226 118 40 57 85 128 223 181 186 78 133 167 54 76 208 205 248 51 91 160 124 198 94 68 28 245 235 30 207 218 117 225 165 83 116 69 137 162 187 77 178 
69 : 120 175 185 53 49 156 190 188 46 25 186 119 137 86 194 124 141 30 76 226 127 110 74 91 55 213 40 47 66 38 85 101 114 113 222 238 153 165 166 104 146 196 132 157 68 245 31 246 201 181 130 28 228 131 223 218 219 78 32 123 242 95 48 96 64 71 159 57 149 135 65 203 249 103 122 126 134 248 195 
70 : 111 176 183 114 220 132 195 66 190 161 99 51 152 202 157 177 145 205 128 163 243 175 130 109 97 244 214 241 46 242 156 
71 : 248 175 121 61 28 70 80 109 178 236 170 60 99 230 115 132 37 38 208 206 29 74 245 43 192 152 62 89 240 197 45 216 54 219 127 40 85 137 49 207 155 41 151 199 111 164 191 79 53 66 50 101 26 177 119 95 84 122 125 116 203 174 73 237 107 144 126 239 224 227 27 83 165 135 194 
72 : 127 120 122 55 31 90 88 163 42 142 152 43 51 174 246 58 176 135 166 68 227 61 150 129 48 64 165 132 136 104 181 30 225 33 93 89 159 50 218 101 62 237 143 27 41 198 
73 : 87 185 145 127 217 47 168 193 67 69 188 138 233 40 107 95 220 227 134 248 133 44 62 146 136 197 85 180 43 225 39 170 52 139 53 189 211 183 182 49 222 41 90 77 152 200 215 154 131 241 195 214 74 210 223 50 99 245 81 58 165 
74 : 227 177 127 83 54 206 153 60 219 64 218 191 133 91 53 106 168 189 29 180 221 212 205 92 97 147 154 35 209 173 41 188 194 249 144 126 82 162 207 49 236 160 146 26 85 140 63 143 
75 : 108 196 32 35 169 50 136 245 220 178 46 48 172 118 34 54 203 65 149 218 210 71 87 230 130 73 175 84 29 60 248 164 28 93 231 83 105 79 165 249 36 246 244 208 52 89 100 123 91 194 110 146 41 
76 : 132 176 135 248 106 69 249 234 241 169 172 38 68 104 86 27 170 180 192 137 193 98 160 62 201 79 191 44 212 36 85 211 238 232 82 28 219 72 110 96 240 34 224 54 198 203 207 237 116 162 105 125 189 
77 : 203 134 83 75 163 176 39 165 154 96 226 129 86 175 228 227 115 205 95 107 82 89 43 197 26 74 139 246 62 27 73 78 61 235 
78 : 52 125 36 226 206 73 224 172 26 236 173 227 200 196 154 79 223 60 168 34 92 152 145 127 55 180 181 185 75 112 222 99 114 67 136 231 219 65 33 130 98 42 202 143 93 160 164 41 177 229 238 27 86 137 234 38 58 105 124 246 35 129 187 101 141 133 44 62 174 96 171 80 31 162 159 
79 : 113 109 136 58 95 197 205 223 104 184 162 180 171 132 25 116 90 183 83 35 111 232 161 47 194 98 154 75 203 33 138 39 201 92 
80 : 240 181 75 241 115 109 90 30 65 169 238 193 93 135 86 230 221 151 209 202 92 175 225 214 213 243 64 228 208 224 143 192 104 48 172 82 
81 : 213 28 64 33 51 135 221 78 99 245 242 230 71 61 225 218 224 201 40 174 152 113 161 141 127 185 190 204 77 74 129 122 195 149 179 93 143 249 72 107 241 111 165 173 45 104 183 148 92 114 54 153 32 133 120 50 
82 : 206 140 168 121 235 213 243 63 158 186 101 26 81 29 141 184 88 72 212 175 191 74 200 114 33 79 104 149 49 27 83 150 147 67 73 87 230 171 143 165 92 82 131 224 233 205 197 245 37 159 204 179 56 46 240 62 238 107 139 194 124 57 226 85 163 221 50 30 156 166 134 144 157 115 54 167 98 242 181 129 110 
83 : 212 88 172 185 151 213 163 249 132 82 101 44 45 222 121 152 83 39 170 244 79 194 78 215 62 175 137 107 223 165 217 135 171 52 243 167 127 74 81 169 120 95 240 216 225 246 40 228 198 69 154 46 191 
84 : 111 38 234 130 94 204 142 71 198 110 167 47 55 109 123 162 32 165 95 245 88 120 134 195 213 63 90 150 73 75 30 70 172 211 29 45 56 127 223 202 126 194 84 77 151 34 217 249 117 100 132 133 157 189 129 125 232 26 243 206 97 212 155 235 182 246 166 208 137 119 68 43 218 49 149 41 183 59 143 200 114 
85 : 166 58 67 234 164 110 111 179 129 153 245 184 74 29 233 145 112 160 240 161 28 50 202 94 38 113 56 214 64 213 68 34 205 180 97 81 115 43 102 171 62 243 127 144 197 26 108 181 126 32 220 183 196 75 212 219 73 77 238 246 31 192 60 146 61 
86 : 33 198 214 137 35 188 54 176 177 190 100 27 206 215 234 226 239 95 193 192 119 166 30 222 135 101 228 37 77 147 85 186 195 157 
87 : 73 191 57 210 124 48 56 246 162 100 198 166 65 217 134 68 187 28 184 227 216 74 223 165 35 87 117 41 69 76 233 176 61 158 38 70 169 97 64 88 
88 : 236 221 143 241 149 133 72 130 94 169 232 234 245 41 227 141 32 74 177 113 196 147 80 38 50 88 189 132 36 148 191 106 229 158 247 54 55 82 52 203 101 46 185 138 27 91 171 228 173 208 
89 : 228 96 242 168 49 148 232 123 34 27 101 128 200 107 75 236 146 122 249 52 127 77 160 46 164 51 145 82 59 154 150 216 156 56 90 152 53 187 41 89 229 50 100 235 197 105 196 66 166 218 147 211 60 221 202 157 37 54 124 83 64 97 126 194 104 85 
90 : 223 167 96 154 63 64 186 112 209 57 129 113 238 119 25 215 229 121 98 89 125 196 74 183 33 166 193 100 140 155 106 221 37 32 93 84 55 66 136 232 157 126 52 104 42 29 146 219 41 175 169 162 118 49 44 226 75 103 208 
91 : 191 77 233 197 64 220 224 46 161 152 66 72 126 86 131 190 206 37 44 94 73 134 150 244 135 221 247 129 213 28 78 151 112 212 245 240 110 127 68 119 
92 : 64 60 111 134 33 83 32 200 144 47 153 203 202 243 215 99 126 27 245 96 101 105 79 229 184 235 53 242 127 234 214 170 92 81 193 95 30 61 138 237 241 72 226 41 104 137 195 130 120 52 
93 : 232 134 199 157 94 181 206 184 106 237 54 151 88 109 213 112 51 166 167 29 122 39 177 178 98 61 188 210 223 224 50 164 81 75 31 104 116 158 59 161 194 124 239 49 125 79 139 247 36 162 93 160 30 25 
94 : 243 130 142 69 161 132 179 125 94 242 191 246 78 37 134 38 113 135 127 150 222 215 140 217 53 198 85 148 221 223 238 210 237 30 169 41 73 156 144 166 115 101 146 32 227 45 244 62 102 60 126 56 77 104 139 74 88 193 230 42 145 108 171 116 245 39 79 98 233 177 61 208 241 175 192 31 212 100 
95 : 141 151 93 86 230 119 75 49 229 30 92 143 224 225 233 188 231 109 214 70 138 42 61 137 235 237 197 211 169 111 196 127 100 145 242 47 106 121 53 167 234 118 249 136 52 89 128 192 186 45 140 175 206 216 
96 : 221 119 189 158 52 170 109 151 216 84 48 166 135 74 165 97 73 63 33 34 57 247 90 111 188 72 175 66 150 146 54 192 191 207 117 95 122 228 55 200 142 223 129 241 180 69 98 75 133 124 101 229 106 218 67 25 29 225 155 171 27 44 201 
97 : 46 96 127 226 128 214 40 222 86 209 242 42 105 76 171 219 196 206 211 244 52 216 70 157 167 71 138 84 213 139 119 39 247 67 156 172 237 55 245 143 155 66 97 132 220 151 124 193 197 81 99 148 36 115 176 142 27 225 117 82 184 51 74 179 50 65 92 198 238 210 80 162 35 243 89 223 140 161 62 111 
98 : 244 241 226 122 47 155 233 218 237 162 143 180 120 136 184 71 27 74 181 216 25 33 196 202 139 217 203 85 167 240 32 102 101 206 129 156 213 198 55 225 245 235 45 138 84 165 224 160 26 43 
99 : 248 89 194 61 228 229 215 189 88 167 169 217 46 245 178 188 85 186 40 84 160 176 154 87 53 
100 : 160 176 38 238 145 113 234 141 198 158 97 193 77 170 152 206 155 153 69 43 32 74 184 86 55 130 164 96 100 185 201 136 121 163 213 94 226 76 59 128 40 103 229 42 
101 : 28 147 201 162 60 249 127 215 229 208 230 30 104 176 46 239 48 149 181 82 119 242 142 187 90 146 166 207 83 65 157 189 86 144 222 164 68 155 179 36 76 99 213 204 34 75 143 100 200 123 107 161 97 178 188 182 219 206 39 109 57 108 49 115 50 241 59 110 196 52 78 47 174 
102 : 205 229 51 159 178 64 173 26 123 93 153 69 97 164 200 213 208 136 25 112 111 149 38 60 85 207 235 176 139 190 37 192 102 53 132 150 182 155 240 56 177 160 140 39 
103 : 104 122 169 191 85 57 204 97 120 224 184 44 240 76 178 34 180 233 220 84 202 234 116 56 127 65 247 190 193 66 227 125 174 138 68 208 40 72 27 175 38 231 67 246 108 221 185 140 182 170 103 192 245 153 166 63 118 235 137 124 160 32 41 79 31 146 207 99 
104 : 101 163 160 114 57 184 38 93 193 217 58 68 69 154 91 53 43 105 212 42 205 77 244 125 95 207 241 188 139 138 76 36 227 204 84 55 194 44 75 177 145 222 30 59 201 229 198 228 35 
105 : 99 241 91 51 225 138 65 198 85 235 212 49 164 44 193 114 107 139 134 106 122 124 81 203 171 35 26 87 217 116 201 219 70 104 180 208 197 
106 : 25 39 136 128 154 59 157 49 45 54 97 162 153 141 245 105 55 78 208 149 236 173 138 237 104 161 218 115 205 57 101 41 246 65 243 29 34 197 118 58 37 239 99 93 181 38 133 207 191 241 144 92 95 172 247 152 33 123 107 202 111 117 210 131 79 
107 : 147 114 201 25 110 184 221 56 219 166 71 26 73 211 172 33 207 57 145 51 177 241 90 192 44 89 
108 : 59 159 104 178 197 116 106 129 128 37 65 163 191 244 152 56 200 44 81 64 115 224 192 167 215 102 77 78 109 68 208 74 48 112 113 212 164 100 188 31 195 82 54 146 97 103 138 219 70 202 143 218 111 142 35 235 232 25 204 203 110 69 154 198 124 222 179 
109 : 162 78 117 38 74 231 187 179 95 122 210 188 164 76 91 137 218 185 245 182 67 209 160 247 94 195 59 181 143 248 129 39 220 192 194 201 157 55 87 230 46 75 103 106 64 136 205 45 124 148 240 115 150 56 65 31 
110 : 39 94 79 100 205 113 163 102 97 77 237 191 203 72 117 137 120 78 114 154 65 212 195 111 81 233 247 82 85 129 202 52 182 42 103 95 91 128 136 165 179 172 206 92 46 140 209 168 210 134 184 235 54 208 213 36 211 106 86 30 231 178 222 66 219 135 26 96 37 234 246 159 
111 : 107 119 221 137 25 163 78 27 83 149 104 89 204 175 98 179 91 185 116 200 223 226 130 234 134 94 84 92 31 238 239 191 86 49 144 
112 : 146 202 66 70 235 180 80 37 106 228 103 55 134 226 89 116 153 207 49 222 164 58 233 161 84 197 123 143 69 82 93 185 29 239 159 130 248 32 114 33 157 48 115 90 165 212 246 158 168 223 224 
113 : 114 80 226 180 248 112 245 160 216 81 236 224 170 127 36 101 92 27 242 191 111 159 107 183 87 164 99 177 193 213 128 31 28 
114 : 211 125 46 83 229 75 94 196 160 131 177 127 80 35 107 227 42 230 25 148 247 140 33 208 192 152 120 242 232 116 173 28 187 126 161 205 105 141 98 29 188 243 137 69 246 71 104 68 40 236 49 45 181 231 235 129 170 159 244 180 145 
115 : 153 146 145 39 139 236 164 79 40 216 173 239 182 96 92 177 110 171 189 85 169 233 109 202 217 135 149 167 174 161 170 75 205 165 33 152 53 228 194 26 116 60 176 218 220 31 127 181 121 195 117 133 160 70 35 214 178 103 184 89 180 241 69 87 155 114 49 68 86 162 190 196 147 188 
116 : 69 168 241 79 115 147 183 40 82 63 52 162 60 229 243 187 179 104 196 246 86 111 51 135 190 58 108 167 
117 : 78 74 112 181 141 173 146 151 169 49 206 235 138 182 51 240 177 194 46 96 230 247 88 237 197 45 80 202 179 134 81 97 106 214 208 200 180 221 140 226 165 118 44 212 50 245 156 248 115 191 48 234 139 34 213 
118 : 115 236 123 116 234 199 50 94 152 167 147 235 67 134 56 129 88 204 31 175 51 215 131 246 206 107 77 238 159 55 243 137 192 86 248 68 
119 : 93 172 104 30 173 60 122 137 243 66 113 212 181 207 210 162 236 65 107 124 194 87 69 80 95 187 249 54 91 111 242 176 161 79 58 61 245 171 224 73 195 159 145 151 39 110 33 108 169 198 193 166 139 99 129 94 201 219 191 89 83 48 32 52 190 119 103 170 45 78 27 246 28 82 197 62 86 203 37 183 233 216 223 220 47 
120 : 148 103 156 107 55 27 234 120 85 157 26 40 197 174 244 195 192 222 187 60 170 141 86 63 227 25 59 53 109 205 249 172 231 105 69 132 84 99 181 236 138 149 77 71 203 57 116 194 210 49 150 164 182 220 87 223 130 46 136 83 238 212 146 184 47 80 176 67 204 
121 : 53 176 54 179 71 132 51 127 102 145 171 106 163 200 86 226 134 118 167 119 166 126 218 43 72 75 245 131 81 47 211 165 117 225 57 111 88 170 78 229 130 230 124 212 60 125 95 39 103 239 73 109 149 247 45 141 28 188 
122 : 154 168 55 133 175 108 90 159 130 52 104 194 183 101 44 186 49 116 170 135 137 221 150 73 185 60 115 201 38 243 155 216 87 191 245 171 61 29 158 92 40 210 225 91 64 84 89 37 223 218 48 173 111 167 39 226 215 126 143 211 152 106 234 58 199 192 
123 : 248 110 47 221 71 245 108 73 117 187 75 193 231 205 44 217 115 37 219 216 228 213 116 90 81 106 223 150 69 141 194 173 161 70 26 196 45 235 178 149 133 61 220 72 83 237 176 177 168 29 85 
124 : 130 156 198 73 165 33 131 83 249 94 133 200 91 63 235 140 138 126 97 150 108 47 197 45 167 206 32 241 125 213 123 72 119 222 146 191 196 64 168 195 66 188 85 221 202 62 87 111 219 57 25 52 220 
125 : 149 207 241 33 187 230 200 70 223 133 226 84 86 67 117 129 147 74 208 96 30 154 206 75 39 233 
126 : 113 234 153 228 136 31 50 150 188 51 137 196 106 218 47 189 185 142 145 27 175 238 230 244 105 180 
127 : 225 200 163 103 210 179 135 148 126 117 121 88 78 26 243 211 81 189 151 142 127 49 57 73 64 30 119 86 213 236 93 136 107 171 206 143 197 231 185 212 174 116 180 130 146 118 218 69 124 249 70 54 84 90 160 220 104 110 140 235 82 244 247 43 98 162 199 204 122 226 80 167 28 191 
128 : 146 69 246 94 31 139 214 86 170 41 165 45 185 183 123 168 201 242 197 228 44 114 226 65 100 172 184 243 121 126 87 98 52 54 109 108 131 157 227 66 26 213 106 219 119 215 244 111 88 77 200 95 39 169 128 38 130 96 229 53 216 209 28 25 239 
129 : 77 80 62 211 210 90 157 105 49 114 58 70 231 184 165 236 238 154 174 232 203 243 65 50 84 135 247 240 81 248 122 213 32 228 194 183 111 118 147 92 178 244 235 60 237 41 121 94 101 189 123 66 226 46 127 186 209 110 225 93 195 43 117 31 57 214 
130 : 194 200 104 81 209 243 88 137 167 71 217 133 179 132 184 39 164 52 178 142 80 161 45 163 149 55 
131 : 53 82 64 88 234 154 114 85 104 37 110 126 51 130 169 202 176 172 159 50 28 190 26 70 39 90 174 233 124 165 107 94 95 162 40 187 87 58 144 223 139 181 109 222 221 163 
132 : 28 163 210 203 37 84 87 241 96 55 166 197 231 204 50 180 212 38 138 72 202 105 217 155 66 239 227 27 107 94 160 151 214 238 75 80 157 159 32 40 129 45 57 177 58 161 135 120 156 182 69 188 90 132 195 29 178 108 147 52 98 224 112 192 211 62 91 44 
133 : 48 229 233 197 201 207 212 129 237 56 200 33 204 205 210 162 123 216 83 61 148 155 57 91 235 54 52 41 225 111 241 158 214 228 215 78 242 36 153 150 60 136 141 34 59 142 196 156 169 62 106 218 179 166 121 244 25 69 175 116 109 119 170 115 101 105 174 35 37 108 118 
134 : 112 221 123 40 68 55 161 192 25 67 147 189 66 196 146 239 238 83 81 144 214 176 56 160 139 119 124 181 243 241 96 29 77 86 104 138 237 87 162 212 
135 : 111 135 48 227 169 190 186 107 66 140 181 178 78 44 239 145 215 126 93 88 68 31 218 122 171 191 214 228 64 71 63 94 155 120 244 89 84 104 180 163 128 41 172 216 165 243 42 65 56 96 189 149 106 72 45 82 143 
136 : 207 100 106 113 175 125 246 137 123 94 58 70 188 241 35 105 89 162 182 76 85 32 28 46 59 127 140 48 215 25 64 222 31 158 178 80 110 221 218 103 192 126 102 226 236 146 154 138 163 149 181 145 101 115 120 195 194 95 173 56 214 201 210 57 197 205 136 29 132 45 213 208 69 
137 : 248 210 217 230 226 240 183 80 142 95 104 117 241 172 140 34 61 199 120 216 55 232 208 103 106 33 157 98 49 105 93 46 237 66 58 83 82 195 52 168 109 47 53 176 239 88 238 188 191 135 247 180 218 77 114 73 122 187 62 97 148 149 101 31 166 36 138 27 225 141 113 115 201 92 207 136 39 146 156 75 
138 : 167 119 134 61 230 189 75 188 144 141 126 39 202 67 153 79 72 62 249 140 97 96 243 70 47 42 179 136 218 25 48 143 68 196 238 51 187 127 210 175 54 217 130 41 125 
139 : 184 192 141 206 118 104 121 163 175 207 229 133 74 70 129 181 45 232 208 39 28 227 249 155 86 116 50 112 179 128 222 196 143 213 122 95 87 209 217 62 115 247 221 130 161 75 172 142 171 187 146 31 30 102 151 27 162 211 202 238 234 197 81 48 108 160 152 79 153 158 132 32 226 173 119 
140 : 168 39 212 226 101 91 111 32 239 140 109 203 155 106 148 198 87 121 211 225 77 223 197 80 180 208 66 96 36 103 172 113 232 184 84 95 205 247 164 183 105 221 37 34 123 193 161 146 231 189 157 165 116 248 129 115 74 227 150 117 62 159 83 89 31 54 188 207 51 141 156 
141 : 175 111 133 178 165 84 181 234 103 191 144 138 161 182 105 223 32 231 193 168 40 56 90 142 208 108 85 227 109 104 196 129 169 116 207 113 194 121 240 243 75 141 88 236 114 131 122 80 140 220 167 157 43 64 145 117 166 35 
142 : 217 59 71 87 90 186 86 66 34 69 105 193 185 214 240 155 83 57 58 160 55 215 67 88 236 56 78 72 180 177 191 138 47 163 150 173 104 176 121 31 203 141 77 243 144 175 89 54 117 33 188 237 195 36 187 102 
143 : 90 43 207 34 220 86 136 185 172 183 116 216 240 59 42 70 168 30 25 79 108 51 148 198 39 188 129 170 40 69 74 97 204 229 106 167 32 52 159 89 88 193 180 55 245 100 164 
144 : 109 178 184 132 122 42 43 147 160 68 243 81 227 180 218 150 93 226 91 171 124 41 61 205 142 137 97 161 233 172 151 130 158 26 154 197 202 125 170 212 100 121 29 238 144 156 47 112 177 186 32 136 107 45 245 103 242 70 39 249 116 225 133 230 222 143 131 120 211 204 88 167 173 
145 : 46 228 206 55 96 54 72 79 30 231 240 98 241 106 200 227 223 111 61 205 220 136 190 104 154 69 47 53 60 181 85 162 219 246 40 147 
146 : 103 159 160 146 106 165 54 123 178 140 79 104 241 39 113 109 119 125 45 187 41 225 157 248 205 158 238 221 77 93 145 111 171 202 209 
147 : 93 39 27 102 137 197 120 141 124 138 186 175 195 83 223 89 155 131 189 167 51 196 165 86 157 91 203 187 40 111 55 176 38 77 95 201 71 112 94 151 49 36 106 198 67 121 58 144 128 101 235 181 127 214 221 238 185 61 110 173 160 45 57 200 64 31 158 136 171 211 240 174 161 90 159 
148 : 35 119 113 204 105 167 151 168 225 27 203 97 195 51 63 212 232 209 116 135 81 145 38 142 196 184 148 164 128 192 157 146 153 73 111 235 120 49 84 224 222 56 178 231 186 229 53 199 154 125 48 44 26 36 42 78 156 214 206 57 223 124 155 189 200 52 60 82 208 25 96 149 198 45 
149 : 221 79 33 27 195 129 84 55 77 240 120 106 200 105 104 156 184 110 175 158 236 98 173 194 128 178 111 85 193 89 143 136 187 225 62 222 28 188 167 206 61 201 207 237 191 72 196 203 141 68 71 245 228 198 165 103 26 140 213 208 65 49 153 139 36 48 132 35 52 119 34 
150 : 36 160 197 238 116 113 175 137 243 242 171 54 224 231 105 202 25 122 135 205 28 98 29 190 129 221 44 132 213 240 239 115 165 78 216 136 234 108 130 192 227 246 61 177 49 148 223 88 151 170 112 34 39 145 143 210 
151 : 244 60 230 166 72 100 62 201 195 91 225 92 128 159 174 167 172 112 206 179 248 146 129 98 173 183 52 124 43 76 204 29 154 37 127 31 149 219 104 191 74 114 84 202 161 111 50 137 36 131 151 145 101 177 42 228 126 196 152 181 87 140 120 226 
152 : 56 134 205 65 240 118 155 120 117 77 94 95 84 188 57 174 35 161 249 167 246 79 37 108 32 144 59 99 164 76 204 166 53 148 247 139 180 42 198 132 207 157 126 223 127 158 112 92 146 89 177 183 159 216 31 210 83 45 186 97 40 82 137 215 88 243 199 73 55 50 154 187 169 68 227 109 101 34 
153 : 215 228 85 135 196 62 84 222 172 77 113 110 50 248 94 140 78 39 68 46 147 188 122 65 41 103 205 69 30 96 55 45 155 131 164 139 126 108 245 120 214 51 171 75 221 249 198 227 150 160 152 81 184 193 128 42 225 86 83 169 156 71 163 203 123 246 111 226 127 88 195 207 217 100 125 189 73 48 
154 : 30 29 58 125 45 154 167 163 43 218 40 221 108 56 110 99 182 200 124 46 161 98 211 112 77 244 131 102 138 130 202 174 162 104 206 230 53 109 164 146 134 88 91 178 159 209 210 217 132 71 231 26 214 36 129 79 101 226 190 142 247 194 224 215 197 232 
155 : 92 240 61 63 44 154 70 241 34 84 223 147 31 159 164 229 182 243 33 184 181 120 96 43 36 176 51 
156 : 183 114 118 223 126 180 38 195 42 85 188 60 81 31 124 40 95 194 222 232 100 106 238 44 97 184 229 207 225 87 173 239 182 39 89 151 134 176 121 49 244 221 192 130 171 102 197 209 28 73 208 240 136 101 231 59 211 78 55 227 166 191 145 43 196 98 26 204 155 108 218 146 119 
157 : 87 65 208 156 143 226 40 41 78 237 34 83 103 207 88 117 176 130 120 119 178 95 110 112 152 182 80 173 62 85 244 206 
158 : 147 136 174 42 87 200 54 170 88 29 121 89 52 220 221 73 237 166 61 216 213 72 120 71 185 222 150 26 49 128 144 113 235 232 199 28 157 69 152 219 103 124 138 37 179 231 211 112 57 115 110 173 45 246 143 163 236 142 
159 : 243 108 88 31 232 113 56 46 100 160 211 68 115 144 240 123 85 206 238 133 75 217 131 248 176 165 93 190 229 55 161 120 231 224 128 180 54 225 52 95 92 
160 : 51 159 77 104 193 148 182 246 165 50 52 219 86 184 235 141 205 204 224 210 187 247 183 112 78 200 100 39 175 197 55 
161 : 244 142 64 163 240 131 171 175 188 200 39 75 83 126 190 69 139 222 239 173 249 232 63 37 155 130 32 198 150 26 81 118 
162 : 120 46 55 172 58 29 119 49 174 216 111 85 153 155 57 100 102 239 63 56 37 40 61 53 168 121 68 128 162 157 65 137 60 188 107 67 99 231 127 34 200 240 82 108 167 106 115 180 48 39 118 183 64 164 132 210 187 237 148 91 54 125 219 140 181 232 203 173 184 126 90 130 221 139 52 88 32 28 
163 : 189 211 209 148 62 194 32 223 144 134 25 167 234 156 197 222 53 117 146 163 132 94 54 248 124 244 47 82 84 28 143 184 93 60 210 59 180 69 102 
164 : 31 125 139 89 63 210 186 247 103 236 107 228 45 81 163 69 167 83 199 64 205 218 225 148 60 230 38 212 137 208 164 159 36 101 142 178 105 52 211 32 48 133 190 51 217 222 43 143 180 179 53 
165 : 198 39 128 178 204 29 52 126 106 140 226 194 82 199 98 220 233 121 130 66 119 83 215 46 131 249 206 185 223 138 84 156 193 74 78 85 124 31 231 50 129 225 154 96 191 173 241 59 55 229 208 122 239 187 32 197 41 195 164 157 28 80 110 125 139 58 
166 : 174 122 34 181 57 142 118 86 69 100 228 95 123 191 184 87 71 124 78 117 65 152 49 42 128 248 55 176 75 94 151 230 164 25 232 112 64 213 129 132 239 80 178 114 143 148 47 221 235 220 121 30 201 52 169 190 170 125 231 139 157 214 66 147 81 60 44 88 38 53 37 54 217 137 198 
167 : 161 115 131 109 149 60 98 111 195 126 83 185 175 146 215 198 173 156 135 199 207 232 36 48 155 87 79 85 123 53 96 75 165 104 213 71 203 136 182 68 152 183 159 64 130 
168 : 169 89 246 122 81 62 58 218 241 99 166 140 123 222 129 217 28 167 114 181 98 103 185 67 77 230 235 74 152 146 214 174 162 73 163 247 209 193 127 93 96 159 
169 : 240 202 248 159 36 239 234 115 50 57 190 46 197 138 108 139 232 150 30 247 95 165 48 233 63 227 195 183 153 102 113 78 85 32 199 106 37 169 168 189 68 137 245 242 171 206 28 42 33 230 55 
170 : 238 138 96 183 72 26 229 49 54 167 168 164 200 105 216 56 166 171 68 223 146 57 159 114 110 87 188 43 145 241 240 73 29 34 113 201 30 122 89 69 189 172 180 155 186 149 
171 : 25 230 121 32 65 143 227 132 163 37 186 170 233 141 174 160 28 96 71 93 187 127 105 218 68 169 155 182 81 157 66 139 98 216 222 208 181 80 64 107 126 49 229 226 35 165 103 60 231 122 217 178 190 67 246 102 70 104 40 109 223 228 211 128 161 84 29 240 207 159 151 50 56 202 196 125 142 108 78 235 197 116 119 220 
172 : 242 73 234 51 199 245 37 156 96 91 101 190 223 154 131 236 237 92 57 84 168 213 29 181 33 161 80 137 159 222 195 
173 : 223 117 203 233 195 153 90 68 105 235 93 88 224 146 231 92 37 39 209 242 219 98 137 199 38 220 78 41 132 141 215 244 236 95 186 150 
174 : 217 145 238 98 92 129 133 99 110 66 175 111 44 27 123 191 172 62 214 72 225 207 235 96 76 86 128 121 160 97 166 122 213 130 78 127 81 
175 : 155 141 85 165 119 89 68 242 168 36 245 200 57 109 223 128 232 90 191 243 99 194 206 176 70 240 162 217 115 53 144 142 148 26 35 238 91 151 231 125 172 94 131 
176 : 239 221 74 238 107 227 134 202 135 102 178 50 27 142 68 106 120 117 99 244 154 172 191 35 204 159 114 158 249 209 132 115 116 246 104 128 89 224 110 163 
177 : 30 51 144 128 218 93 215 25 146 248 202 98 186 88 34 95 61 99 156 169 232 107 162 116 53 234 225 63 76 196 94 115 108 203 143 231 68 84 159 81 74 212 120 207 220 
178 : 195 185 48 181 50 129 199 219 90 76 122 43 155 117 124 200 52 109 31 128 191 45 110 143 152 224 217 147 53 89 33 113 91 231 246 68 227 173 160 144 34 164 54 114 112 73 27 228 151 75 153 138 134 145 65 83 135 243 244 142 101 40 61 150 47 171 28 245 218 234 74 214 
179 : 70 165 195 189 221 176 206 37 134 155 30 210 149 211 215 91 26 146 248 227 212 202 172 184 241 208 38 41 43 75 55 129 178 48 224 89 42 183 67 79 53 228 170 110 187 194 118 191 168 177 56 117 68 229 73 46 123 39 205 213 107 80 150 135 100 49 246 61 59 92 84 220 63 232 71 65 106 132 81 245 32 114 29 
180 : 72 66 213 113 26 135 147 155 83 209 217 55 33 54 218 142 109 75 225 152 224 65 191 78 236 144 227 38 32 245 237 
181 : 101 198 124 132 149 168 59 140 223 37 155 158 108 167 73 30 48 118 136 68 75 222 171 74 188 43 89 163 218 154 70 246 191 119 34 90 148 104 50 58 110 189 98 160 145 245 170 45 232 131 239 240 111 196 62 113 97 26 142 231 134 116 128 205 229 237 93 66 99 169 
182 : 162 233 48 131 43 165 166 144 99 125 245 113 141 151 224 31 98 120 103 212 243 129 36 73 145 60 124 158 115 156 210 81 112 242 246 39 191 188 86 195 241 175 45 147 239 33 76 159 249 190 209 176 91 40 236 228 100 231 101 126 65 97 114 127 69 25 90 218 211 182 132 133 110 216 237 
183 : 36 65 27 233 64 196 57 215 209 38 157 238 26 131 130 158 172 96 119 45 44 116 218 84 89 107 154 234 189 226 87 174 86 194 179 132 173 213 236 95 127 145 37 204 46 29 203 229 105 141 91 170 169 245 62 99 51 197 244 210 103 183 177 246 85 98 220 110 206 68 123 92 94 162 129 216 148 59 
184 : 111 87 63 98 139 115 211 123 154 188 144 117 204 192 126 210 125 68 162 213 102 231 180 101 179 86 143 190 57 34 161 73 37 85 113 232 35 157 48 54 167 145 78 71 59 108 124 224 134 226 239 72 56 206 128 74 150 131 196 193 80 207 90 
185 : 168 207 229 166 30 80 104 186 25 190 65 35 91 180 37 218 146 155 137 118 73 82 74 38 176 128 157 160 145 49 228 220 36 59 184 47 208 195 117 232 182 194 79 243 136 111 159 247 113 245 121 94 139 
186 : 112 141 166 79 34 142 43 73 171 178 125 248 182 146 35 243 65 149 47 96 144 60 179 206 100 139 241 210 160 50 138 105 211 158 124 118 113 38 98 122 52 192 221 109 101 190 226 77 209 200 152 114 80 42 108 194 28 45 123 154 76 131 36 238 116 202 75 66 27 117 193 196 
187 : 107 28 130 229 132 232 84 31 224 217 161 162 29 101 191 93 146 237 53 227 197 69 87 240 102 188 220 88 190 238 184 137 234 149 47 186 63 118 80 185 179 
188 : 211 75 122 63 184 96 151 175 47 156 133 56 144 140 171 112 214 232 83 60 67 116 82 215 89 44 173 77 94 236 55 32 238 79 105 64 138 172 158 246 233 162 59 179 180 198 150 241 132 230 29 244 239 219 231 200 146 37 87 27 113 182 49 26 107 119 42 36 121 242 71 
189 : 74 206 55 197 66 227 77 190 148 193 112 243 72 81 68 69 134 93 174 121 83 52 131 239 187 123 99 27 39 126 159 56 248 173 168 
190 : 125 224 144 139 100 194 73 135 43 179 34 178 171 246 28 120 242 82 183 147 191 169 137 36 196 198 174 185 229 60 182 
191 : 244 203 102 142 117 228 230 91 206 53 195 98 174 107 215 109 137 67 210 47 118 208 209 35 140 129 108 119 191 116 46 73 74 34 169 241 213 200 138 150 190 89 248 148 101 55 170 75 
192 : 199 115 176 220 124 81 118 183 42 148 209 113 62 70 88 141 107 240 178 237 224 153 246 29 245 91 31 86 190 206 228 106 215 73 87 181 198 84 80 137 157 249 146 53 159 142 217 92 90 89 47 161 121 101 179 57 104 125 158 28 30 191 123 45 82 221 
193 : 49 166 28 86 212 38 83 235 183 186 52 165 50 34 197 217 114 74 104 27 64 246 188 138 123 94 204 242 140 
194 : 29 34 170 162 129 37 244 30 71 238 134 72 39 222 137 193 208 152 109 195 100 202 227 234 47 213 69 77 115 107 26 151 218 221 153 154 184 27 67 219 
195 : 229 52 38 184 55 243 195 108 152 109 29 60 238 101 216 98 53 227 192 43 241 186 230 240 102 31 141 25 149 145 111 207 198 78 232 162 233 171 183 209 179 218 223 122 137 120 90 249 57 248 35 48 146 242 139 164 134 47 121 105 169 203 
196 : 117 109 39 41 87 239 81 100 197 135 213 237 124 112 118 110 99 178 169 179 149 195 84 32 201 63 218 224 249 94 220 223 78 198 229 248 67 154 203 44 129 85 45 181 240 92 101 132 209 160 163 133 56 208 155 88 144 234 147 120 238 233 73 107 58 148 183 177 226 34 96 150 51 176 
197 : 98 123 138 212 244 229 86 147 46 40 39 27 195 83 159 234 158 238 63 30 226 70 58 150 202 173 67 90 82 248 139 133 204 152 87 92 192 42 144 177 121 157 189 161 73 104 218 50 149 180 36 
198 : 103 215 61 183 151 174 178 47 87 188 144 248 76 65 180 42 240 154 58 214 190 204 30 206 203 43 139 82 239 136 186 99 81 179 111 79 226 77 137 167 68 212 26 165 162 114 228 175 198 225 37 242 200 49 45 
199 : 226 83 220 116 94 196 26 248 224 39 113 81 100 176 249 47 221 118 163 151 108 241 209 103 111 80 166 188 197 189 138 187 34 179 145 156 203 77 65 222 132 160 208 99 126 180 181 31 229 242 193 112 102 170 28 46 230 120 53 62 58 155 130 244 199 233 227 210 
200 : 170 107 73 56 87 123 103 229 212 192 132 119 162 248 178 175 35 228 235 47 168 173 102 68 223 195 25 97 145 118 188 202 130 141 83 65 226 37 171 172 133 127 148 150 58 32 208 147 117 100 187 45 88 78 42 136 46 246 
201 : 183 132 210 204 133 215 25 67 218 207 37 234 40 198 47 189 93 57 216 158 98 155 172 66 55 77 108 68 46 231 61 209 86 168 197 70 92 177 225 194 35 115 193 99 56 82 117 90 119 73 75 138 50 27 161 140 59 224 83 214 64 127 89 186 43 39 85 141 178 130 113 191 180 58 123 
202 : 168 149 92 40 199 144 189 203 215 191 71 75 73 28 183 56 130 74 132 64 51 185 158 246 62 182 57 89 230 114 80 202 148 103 78 150 76 30 179 214 47 29 31 63 94 102 205 224 225 237 100 154 176 227 170 123 173 72 209 39 243 207 140 204 32 247 35 41 232 244 55 175 134 
203 : 38 224 161 145 173 140 146 101 121 52 98 209 132 216 225 79 86 31 40 29 89 70 191 194 167 114 171 105 234 241 109 48 133 128 203 127 78 107 93 192 162 57 229 195 87 130 182 83 67 142 55 131 94 228 58 111 163 205 118 124 148 91 42 69 80 37 126 213 178 129 119 199 214 248 147 74 102 189 41 166 137 
204 : 235 237 243 223 226 209 62 134 86 52 123 73 171 160 61 214 202 26 242 66 98 28 118 39 87 173 106 54 48 246 162 150 175 92 186 141 205 217 137 108 133 85 56 31 203 185 176 41 129 
205 : 127 229 158 33 224 200 52 105 138 147 100 162 165 76 82 173 181 81 97 134 92 83 68 73 186 89 152 197 45 166 194 104 205 155 246 143 201 150 65 227 184 34 247 242 125 141 70 180 61 164 124 146 222 51 142 238 42 177 71 195 114 190 66 98 28 117 215 
206 : 190 129 157 148 58 195 91 208 180 170 241 223 240 166 222 179 52 98 230 49 70 143 97 69 150 133 94 151 29 85 27 34 207 38 79 127 215 109 92 171 214 81 142 128 33 172 55 191 113 212 205 134 216 232 
207 : 100 212 52 171 160 207 126 91 231 152 76 148 30 230 223 39 94 121 26 135 59 249 204 34 117 90 186 222 98 146 195 115 190 65 102 161 131 72 172 57 206 89 166 141 105 180 
208 : 123 145 157 182 85 248 36 167 82 204 176 127 168 124 183 236 75 78 206 171 28 138 50 83 27 97 56 53 109 115 213 180 189 246 26 226 173 91 227 163 130 108 159 80 110 
209 : 81 240 80 161 35 214 196 139 176 54 165 55 195 25 93 166 145 128 44 84 76 179 143 127 91 65 34 218 149 177 246 63 173 26 105 57 103 192 122 187 95 157 41 72 220 205 97 92 50 171 33 58 227 221 52 38 133 226 121 109 36 163 60 189 243 131 117 140 217 204 119 158 88 101 110 137 30 70 135 229 
210 : 90 29 244 137 38 119 34 232 81 233 89 87 56 105 202 123 207 41 146 186 125 101 109 213 231 219 74 178 182 214 161 201 48 104 198 136 235 64 151 173 46 133 88 39 240 106 158 102 248 120 221 189 159 35 130 93 138 234 25 62 179 50 43 61 110 77 
211 : 170 90 61 26 81 47 98 249 151 129 56 200 171 186 114 130 119 156 185 240 145 88 44 228 73 49 148 30 48 162 140 57 202 37 165 210 77 223 115 116 94 179 
212 : 182 238 128 75 25 186 59 202 225 58 138 179 88 230 194 116 216 100 80 91 181 57 130 77 101 66 36 126 47 148 176 244 
213 : 61 160 162 129 118 47 116 95 85 213 105 180 226 239 149 245 216 34 240 67 198 170 32 189 184 197 201 30 139 209 206 134 161 158 111 90 164 138 51 77 249 49 66 127 183 123 102 39 124 96 203 27 76 99 227 64 244 74 175 28 169 69 78 120 63 62 43 41 86 230 103 156 
214 : 204 110 191 113 41 40 171 166 83 194 47 134 221 157 169 88 172 125 118 230 61 28 53 104 99 219 245 222 187 80 192 86 236 67 122 69 100 119 79 62 129 241 139 161 208 155 178 202 246 72 175 57 133 165 128 48 249 232 181 91 33 207 248 197 37 244 85 211 78 130 238 34 148 218 74 
215 : 118 37 147 93 175 38 98 187 158 196 127 76 35 72 53 168 51 242 123 71 119 126 89 184 75 74 163 132 55 201 148 56 179 110 49 117 57 67 83 154 109 103 129 200 145 34 237 212 146 137 108 142 156 180 225 171 121 45 162 140 54 64 233 139 
216 : 226 132 234 70 209 146 88 220 199 202 219 95 74 68 31 244 185 193 183 75 71 195 194 50 103 119 124 237 82 49 158 113 224 171 204 37 32 54 155 245 230 225 122 140 207 189 46 218 211 30 229 187 154 35 129 192 242 241 109 52 121 44 238 235 25 123 223 80 48 
217 : 105 79 154 178 165 53 121 247 233 122 75 85 159 107 229 237 241 180 199 139 78 182 29 89 71 132 43 66 124 146 238 236 173 172 106 110 95 158 69 93 27 99 220 209 86 235 118 125 104 160 61 
218 : 35 137 126 113 149 174 82 148 104 168 157 105 194 209 40 79 163 112 72 183 132 129 222 215 134 185 
219 : 244 129 146 185 39 31 174 158 184 219 210 61 201 42 130 48 107 29 222 93 198 86 153 215 246 213 52 67 69 94 132 239 59 196 112 214 116 77 143 242 141 37 169 104 72 47 223 136 137 189 96 203 128 192 117 115 118 145 124 188 68 205 80 111 221 65 212 154 232 150 135 
220 : 95 90 131 46 198 138 172 196 243 141 235 193 116 40 85 45 121 230 169 159 119 240 32 43 226 81 195 79 73 234 216 37 34 41 117 241 28 127 215 123 185 143 210 109 160 107 186 77 246 149 63 142 71 89 67 188 211 163 88 137 94 146 29 140 124 57 219 148 132 
221 : 108 199 82 112 152 205 133 67 32 215 156 91 54 48 193 76 212 235 116 183 72 177 117 81 57 222 62 125 40 197 213 42 
