0 : 133 36 41 50 217 185 154 206 177 38 141 53 165 173 49 117 149 87 64 76 161 227 51 151 97 47 183 108 32 169 34 100 152 153 218 105 91 178 79 75 238 160 118 120 187 192 191 81 98 171 52 182 170 159 86 247 70 239 31 166 84 72 131 130 112 104 119 235 107 39 
1 : 225 228 130 178 171 121 63 37 128 198 100 169 207 189 91 166 180 233 50 153 72 105 78 146 117 197 45 96 154 131 195 106 168 160 181 120 145 134 138 51 217 53 109 36 175 65 122 99 219 47 199 174 102 123 223 232 113 208 216 226 
2 : 171 42 134 234 174 88 176 233 210 152 100 248 238 131 163 138 235 242 89 220 43 133 211 41 91 
3 : 230 47 234 125 205 113 90 69 239 78 109 48 212 135 27 236 88 161 119 117 106 103 184 144 162 63 
4 : 85 216 100 31 137 96 245 230 133 236 122 140 42 197 178 182 84 63 106 201 46 80 224 132 88 58 146 129 77 118 92 126 205 53 56 163 145 232 193 35 142 54 171 123 158 57 91 131 207 152 241 69 93 144 72 212 117 228 209 184 78 45 115 70 29 247 79 30 226 181 66 124 174 39 59 179 
5 : 224 88 243 140 56 128 144 119 155 110 38 29 95 206 91 124 162 122 145 65 151 52 200 99 197 150 47 135 
6 : 158 75 105 184 125 63 108 198 177 116 164 180 206 244 131 241 200 119 117 238 143 55 89 65 142 236 208 149 100 223 248 60 83 196 157 173 185 207 120 225 80 156 240 47 68 155 52 106 204 189 69 77 33 190 187 224 188 232 28 170 167 31 71 221 
7 : 51 73 118 53 149 208 164 217 124 47 188 135 211 209 196 169 31 130 140 114 242 86 218 109 193 127 123 233 145 155 248 136 54 104 126 95 93 39 
8 : 96 116 90 141 136 45 95 66 65 245 192 231 39 33 28 173 152 26 71 161 57 50 197 228 144 188 235 51 166 236 128 92 89 79 78 176 120 99 93 46 171 227 63 56 82 156 36 67 206 222 41 37 127 214 249 112 177 178 40 238 154 
9 : 59 204 144 244 232 29 201 227 220 146 139 248 183 78 31 160 129 47 159 118 89 99 74 145 38 49 217 215 196 124 243 208 107 96 
10 : 249 190 212 213 86 179 176 150 193 81 45 75 48 244 61 49 103 121 153 189 89 233 182 115 30 152 36 109 106 72 46 44 56 238 127 96 216 124 93 221 227 63 31 131 107 133 135 142 143 219 214 204 180 215 128 80 92 111 242 62 199 32 191 122 200 138 160 223 145 165 116 41 37 73 
11 : 95 174 121 30 130 177 78 87 159 236 125 129 158 141 91 131 48 56 235 103 225 219 143 248 88 
12 : 185 101 98 104 199 152 219 57 220 119 207 123 240 168 165 138 174 25 186 158 71 70 244 83 180 142 198 45 228 233 179 105 47 80 94 151 61 157 77 232 136 110 56 209 38 116 173 48 103 175 188 221 
13 : 105 209 170 154 216 34 110 33 229 190 101 93 108 116 147 107 87 98 212 51 152 182 181 95 113 234 
14 : 43 61 249 112 37 143 135 187 246 204 94 232 199 200 181 230 101 83 134 188 58 119 226 71 85 150 227 231 114 121 197 84 214 116 173 195 229 177 242 77 239 
15 : 196 99 174 122 134 74 154 86 218 236 78 106 138 73 214 151 81 155 66 116 28 191 103 205 39 76 111 30 239 108 199 198 135 85 129 44 249 150 164 102 197 
16 : 83 107 177 27 104 166 243 187 33 109 48 160 87 162 167 206 102 169 244 120 52 54 114 119 147 53 42 69 207 43 88 51 233 216 105 60 96 126 64 150 163 57 144 58 227 49 190 234 230 61 39 136 165 72 81 158 246 30 31 40 134 133 
17 : 242 59 40 129 30 47 123 28 155 207 49 211 75 173 148 25 52 246 86 188 195 238 150 185 115 110 234 169 243 62 187 29 126 171 73 64 226 102 39 79 119 202 51 81 
18 : 184 59 224 232 249 88 198 60 178 189 56 26 44 101 144 77 65 94 201 223 239 92 123 220 81 91 141 247 248 37 210 83 155 75 190 67 106 163 218 38 171 132 245 136 205 219 158 153 168 147 
19 : 241 189 84 125 145 171 123 91 225 59 31 193 103 166 140 188 201 82 46 150 62 187 191 163 86 134 162 206 207 78 247 105 168 26 226 213 208 196 109 72 221 235 152 211 175 33 202 41 88 110 179 45 
20 : 142 169 159 35 209 109 52 245 81 204 39 224 90 96 92 216 148 147 207 63 110 118 196 184 27 70 181 93 188 146 172 28 227 64 228 87 143 106 
21 : 121 215 130 74 63 96 73 226 146 80 131 183 191 185 243 114 145 198 150 155 160 190 197 49 33 151 82 41 71 76 134 25 66 72 118 140 47 42 104 36 117 99 174 95 132 154 61 124 233 142 144 161 97 108 83 218 209 58 210 78 
22 : 171 244 81 179 47 215 183 26 144 79 74 49 37 164 239 128 153 99 190 223 51 200 180 121 33 148 70 212 158 62 69 249 150 131 
23 : 125 159 30 244 249 92 117 86 69 196 96 40 123 216 68 87 219 122 161 97 217 51 27 114 31 70 167 246 78 145 200 226 155 131 201 170 73 166 80 90 220 59 136 38 206 111 113 194 79 28 55 139 181 232 195 184 45 192 93 110 41 224 99 
24 : 63 246 218 68 194 182 31 50 159 122 29 57 80 234 243 193 105 224 81 124 123 198 95 89 231 216 207 190 26 219 163 77 79 152 137 215 37 65 130 40 176 196 168 164 241 99 232 146 179 33 36 92 228 188 136 70 88 133 28 220 114 103 211 225 212 121 56 208 82 76 187 
25 : 30 198 163 191 38 117 204 233 160 179 222 238 98 74 26 67 148 106 230 243 173 113 61 168 240 176 
26 : 52 68 25 115 171 75 238 85 65 92 201 211 188 97 160 154 239 47 230 162 45 183 247 205 40 30 74 202 233 50 187 95 234 134 31 181 182 244 54 88 63 87 102 207 144 164 101 222 109 39 66 218 199 242 84 53 46 128 189 119 
27 : 78 71 162 206 42 103 227 124 100 216 236 122 73 110 138 88 182 87 61 41 53 202 114 185 27 118 249 50 83 66 113 140 37 190 166 242 230 105 163 158 111 231 99 94 151 95 130 64 44 120 81 167 49 219 217 58 143 210 33 152 153 121 241 211 245 224 172 68 234 92 237 
28 : 207 223 154 25 187 132 97 71 70 180 58 86 64 137 52 100 239 44 166 128 219 35 135 163 134 
29 : 99 95 169 50 88 105 238 93 78 249 214 173 247 137 34 170 233 98 222 85 160 154 146 117 203 155 208 77 106 205 89 139 185 82 177 48 75 118 61 159 87 104 122 223 152 163 212 142 44 136 63 140 167 213 92 215 175 184 68 84 103 164 181 243 65 134 112 242 202 125 128 135 168 235 171 80 166 120 244 26 133 
30 : 69 84 173 199 248 174 33 113 100 109 196 240 161 167 158 223 35 117 172 78 76 106 95 144 224 143 85 142 225 156 98 127 147 54 93 57 105 44 180 226 82 131 99 187 228 220 197 181 191 236 40 51 101 103 242 59 183 
31 : 239 225 95 218 235 63 171 143 148 129 103 126 30 40 33 109 73 220 26 243 246 177 196 233 216 99 168 154 25 41 170 192 172 198 210 123 147 97 144 197 161 71 98 92 94 200 34 57 203 178 236 49 36 53 
32 : 102 29 58 157 238 93 213 129 28 115 142 37 210 163 106 180 130 26 195 62 166 32 198 109 208 50 124 241 144 118 141 231 203 173 53 35 80 247 133 248 232 233 245 46 73 117 125 138 39 150 51 153 147 237 220 159 200 63 184 89 83 47 67 68 57 105 194 169 98 25 
33 : 202 102 32 189 79 94 179 101 195 105 157 98 88 219 234 122 171 137 150 82 74 33 178 159 50 66 193 133 149 62 232 152 145 215 238 228 138 160 224 119 245 221 31 107 198 166 139 175 235 208 131 108 76 111 48 169 236 222 229 156 59 203 165 183 200 120 89 51 210 167 118 43 246 42 91 84 95 69 186 39 
34 : 60 29 194 243 199 245 191 217 145 155 112 189 73 161 137 54 88 67 55 68 162 222 126 176 56 151 136 240 209 
35 : 102 86 237 221 146 118 139 220 213 76 229 174 64 187 97 133 178 172 202 36 186 176 195 192 156 135 
36 : 138 55 50 99 103 56 93 246 109 63 59 201 180 132 79 226 242 184 155 28 58 215 225 165 66 223 210 156 175 248 26 203 147 37 124 164 
37 : 188 175 197 209 50 88 226 122 184 43 201 145 105 27 63 244 74 84 65 174 59 135 181 155 41 216 150 71 125 143 29 53 67 83 34 215 182 38 198 107 193 134 199 70 141 75 153 202 116 77 219 159 108 45 
38 : 183 31 69 196 227 63 100 98 80 51 204 55 28 221 200 93 45 90 193 236 130 107 128 78 29 245 147 149 79 49 141 67 155 82 35 180 27 192 73 111 126 205 138 53 154 150 152 211 83 118 171 106 44 85 219 57 208 165 195 166 
39 : 118 213 148 83 172 108 237 174 159 59 200 212 28 195 89 204 170 100 29 76 210 226 203 110 105 36 160 198 154 125 208 74 63 95 32 163 65 189 238 78 50 25 92 98 103 94 
40 : 236 151 35 170 119 240 144 131 202 98 127 49 136 140 164 173 150 99 97 53 174 139 125 198 129 203 146 187 40 177 25 110 237 
41 : 174 206 120 139 143 51 200 218 138 157 183 49 150 103 147 74 133 47 241 125 231 44 172 240 237 212 148 60 191 223 39 45 140 193 131 217 36 121 222 112 232 63 122 83 75 111 141 62 228 70 117 216 109 71 195 73 
42 : 34 222 111 90 102 173 167 244 115 178 43 171 155 37 41 218 66 124 133 101 99 169 158 179 53 219 35 199 161 
43 : 221 102 98 235 241 202 29 89 149 129 157 185 32 192 83 210 75 104 114 212 55 156 103 116 176 25 242 199 216 160 122 208 39 128 50 194 245 164 150 248 92 74 146 70 57 35 137 171 40 151 247 243 33 112 165 167 46 143 86 121 65 153 110 76 232 205 220 227 209 183 119 161 126 82 182 134 108 95 215 31 
44 : 209 214 62 117 48 121 189 240 152 245 43 197 165 198 58 51 131 159 72 34 65 97 243 241 158 84 104 153 40 179 160 172 39 229 118 183 109 202 156 204 218 52 94 55 249 123 53 136 238 
45 : 208 81 28 56 229 195 75 245 96 47 138 121 226 175 61 190 108 152 139 89 192 100 35 214 232 48 101 118 218 66 201 182 217 68 37 27 95 131 146 129 164 230 150 50 158 109 206 55 249 59 141 147 64 
46 : 70 108 165 191 234 95 96 99 181 155 74 192 30 34 120 174 89 158 109 97 121 217 110 65 64 113 229 37 156 126 149 248 50 195 45 201 104 98 244 180 245 168 214 40 67 88 131 228 92 32 69 117 75 247 207 162 204 216 128 240 200 42 186 232 193 238 154 210 77 79 160 33 130 163 25 43 36 142 135 241 
47 : 59 133 29 196 146 90 125 235 30 67 175 151 163 134 244 25 83 26 242 37 220 86 145 154 144 53 246 41 203 115 32 243 33 217 46 108 82 109 233 226 79 
48 : 106 188 93 193 62 227 107 59 130 197 54 154 208 110 224 136 40 218 176 206 97 38 102 30 52 184 201 63 141 144 228 222 104 164 51 158 53 236 205 116 167 
49 : 39 134 197 56 27 86 180 48 235 117 244 214 227 160 61 104 154 94 221 206 63 52 35 131 82 60 208 149 28 65 224 30 178 68 175 78 150 242 145 179 54 124 126 129 194 37 118 26 90 76 100 183 169 245 130 216 141 111 153 
50 : 223 228 172 107 94 57 207 100 158 109 220 44 205 159 75 203 88 85 213 64 191 246 201 156 43 168 237 121 186 167 249 235 110 147 48 189 227 226 187 215 42 135 50 82 39 154 151 209 120 80 36 126 118 55 182 32 153 30 198 115 192 47 211 101 212 51 239 230 177 26 160 119 185 
51 : 82 175 160 76 109 118 142 186 179 201 146 165 243 124 211 217 247 37 79 127 199 188 173 141 33 162 150 212 39 106 139 113 126 48 32 27 108 180 192 182 218 196 68 
52 : 220 97 36 209 200 158 26 40 239 161 100 181 103 75 180 106 156 155 88 187 63 45 114 30 194 104 43 238 54 130 124 146 59 108 225 44 
53 : 83 178 75 63 218 154 100 39 74 30 146 214 97 47 90 33 238 169 112 165 183 247 61 151 196 140 46 188 131 113 233 115 245 158 157 215 195 191 70 122 209 106 181 152 172 
54 : 95 159 116 99 220 61 125 133 166 197 127 212 225 223 57 206 58 204 46 167 98 60 70 36 109 244 173 178 74 189 208 65 32 150 87 118 147 211 30 52 129 83 113 247 28 142 136 232 205 187 91 237 202 72 84 171 203 230 27 193 160 76 151 216 186 228 140 73 49 
55 : 190 198 155 92 231 226 159 173 134 104 81 51 145 214 228 161 148 187 247 119 166 78 72 238 83 107 205 28 77 200 235 219 144 218 86 33 68 91 174 246 236 168 199 165 202 50 122 
56 : 241 178 127 140 133 199 111 139 234 204 167 61 119 113 248 145 151 35 247 85 36 54 67 211 81 148 106 249 56 95 82 51 246 84 208 187 94 147 230 229 49 158 212 136 209 
57 : 137 179 37 58 66 244 51 165 95 240 29 223 106 121 213 224 83 25 148 42 134 142 39 234 206 219 222 221 226 53 239 159 40 
58 : 152 95 58 119 174 86 120 245 90 242 172 68 55 140 83 44 191 133 48 193 210 99 166 129 187 80 101 188 49 183 243 201 186 138 211 47 33 220 79 154 132 51 114 87 59 153 69 137 66 165 
59 : 171 215 78 180 245 244 155 142 210 65 32 247 40 157 122 246 170 220 48 82 72 235 134 138 213 87 221 199 190 182 133 127 192 200 143 74 125 94 160 218 126 128 169 64 81 183 141 147 140 26 59 46 198 83 39 53 119 66 77 113 161 93 227 167 33 179 124 98 69 148 115 42 216 28 234 191 120 45 
60 : 90 249 125 76 210 189 45 82 140 80 56 236 25 158 101 225 149 124 111 106 202 155 49 34 183 166 104 78 72 234 88 219 171 68 161 244 139 180 123 184 214 107 40 142 204 129 87 226 53 172 175 27 227 93 39 85 70 94 52 160 46 201 71 181 141 187 154 67 146 99 159 239 228 205 163 134 215 206 232 170 246 209 208 
61 : 103 87 43 106 57 64 28 108 198 127 74 84 209 197 228 194 188 129 94 131 32 175 185 144 245 136 165 176 148 124 65 222 102 230 70 226 
62 : 226 67 78 40 30 196 46 180 50 236 128 65 158 222 39 179 238 97 239 126 71 79 115 240 247 188 44 34 74 160 58 77 132 157 80 69 142 113 224 106 136 244 154 208 228 243 199 60 211 101 173 248 164 94 64 163 127 
63 : 214 60 173 70 57 175 227 201 45 168 163 187 79 103 217 142 246 197 156 208 170 84 209 161 137 30 148 125 230 179 138 32 116 196 153 61 182 
64 : 83 173 64 160 80 246 57 156 40 39 164 142 146 153 227 88 26 66 45 30 31 129 73 233 128 32 56 248 61 147 210 116 195 53 235 38 120 63 60 41 236 71 108 110 226 29 168 125 169 121 54 132 130 85 81 51 217 215 25 
65 : 125 72 228 205 179 86 29 212 190 27 110 61 117 111 157 175 62 79 44 197 150 50 57 105 31 169 170 165 238 124 
66 : 158 87 177 76 210 249 117 229 53 203 138 92 164 103 46 202 173 38 233 37 156 149 63 88 70 183 99 58 113 193 180 30 62 42 59 175 78 107 137 154 75 174 134 131 219 236 
67 : 117 28 42 25 211 53 45 159 148 135 124 188 54 87 83 190 88 149 229 129 175 44 138 212 215 178 144 
68 : 143 183 206 109 249 62 28 205 83 203 120 156 42 177 128 185 95 189 61 248 39 231 90 228 208 116 134 161 221 122 40 125 175 44 69 124 81 55 247 94 244 172 147 224 179 85 115 88 204 195 54 52 75 57 92 186 26 148 108 211 151 118 74 234 86 31 29 238 153 80 41 239 154 180 73 173 171 67 145 
69 : 40 151 55 83 228 70 100 224 186 172 187 168 235 196 33 213 211 54 39 164 180 128 160 145 102 114 61 77 68 144 215 244 236 201 85 58 140 178 220 88 50 166 152 193 97 99 38 59 148 189 212 108 41 182 190 37 208 219 183 110 116 74 218 57 131 106 84 43 147 237 60 125 221 111 243 222 119 227 44 81 157 63 
70 : 86 157 198 190 148 211 29 63 70 34 99 78 240 125 54 26 76 159 186 140 223 171 107 241 81 141 58 132 176 57 
71 : 102 162 224 134 203 26 92 85 188 128 180 58 161 41 97 236 51 131 95 196 127 212 88 155 32 73 122 104 182 160 90 49 42 
72 : 144 166 219 214 69 158 201 117 229 234 123 76 232 115 176 162 71 40 227 124 182 132 218 186 53 
73 : 223 106 216 58 33 174 144 53 151 63 157 86 29 240 64 137 234 185 118 81 52 187 143 73 103 42 98 152 180 139 145 208 37 148 220 205 67 149 55 209 57 30 191 54 95 215 183 
74 : 178 84 238 67 217 128 239 141 243 145 104 43 201 95 211 86 99 232 61 113 194 70 149 94 195 153 164 106 89 
75 : 170 181 249 146 206 110 98 87 67 186 40 31 88 213 158 46 210 230 59 149 132 145 77 141 247 228 235 119 104 140 204 73 109 199 65 222 165 238 174 182 106 176 218 114 198 84 143 209 42 234 139 58 236 112 195 226 89 55 138 148 100 101 50 27 75 96 85 117 86 177 120 219 97 157 156 242 237 43 91 134 41 32 
76 : 96 81 232 155 230 236 193 54 57 75 173 156 86 165 65 47 30 124 71 32 91 149 73 238 145 249 67 136 126 132 39 225 68 183 33 211 122 50 207 162 64 28 56 97 27 
77 : 163 225 230 180 64 26 216 206 235 158 98 83 41 147 113 101 115 138 194 66 156 242 159 185 112 30 28 199 91 93 149 233 190 212 148 76 85 164 74 43 165 176 102 50 241 150 51 86 
78 : 233 211 247 177 234 249 101 27 127 32 185 170 203 56 208 124 92 236 219 43 91 72 168 173 51 60 175 136 70 157 227 182 135 81 242 94 110 31 121 33 64 158 191 147 74 150 229 106 231 246 88 245 156 201 68 207 238 108 75 202 54 139 
79 : 166 234 143 146 58 162 158 229 98 96 117 84 207 213 92 127 67 130 243 148 66 120 215 75 30 41 179 71 114 79 78 151 59 181 159 231 113 112 27 52 219 31 131 199 
80 : 61 82 240 178 213 64 33 242 68 56 40 36 79 228 209 204 241 165 57 188 217 156 76 227 230 28 69 170 47 216 157 207 65 148 75 222 150 167 180 101 182 122 147 229 106 154 
81 : 57 191 137 129 134 37 104 44 53 81 127 105 109 202 42 162 147 169 208 40 227 172 87 153 223 140 139 75 99 35 184 243 41 28 83 38 158 142 112 90 92 237 130 248 163 188 74 249 193 
82 : 48 53 184 240 35 127 96 182 124 209 248 87 114 126 102 189 154 148 100 52 99 104 116 117 174 201 70 111 89 141 79 86 
83 : 117 246 124 164 58 27 186 165 53 185 202 160 180 174 208 153 90 229 71 78 222 156 192 127 157 194 45 102 139 199 175 95 148 189 94 110 242 28 75 105 147 154 70 195 140 234 226 168 44 60 41 
84 : 145 249 161 185 40 243 71 128 166 29 69 143 68 112 106 219 94 129 184 246 160 62 39 226 233 230 60 25 202 235 136 64 110 181 84 82 101 88 150 203 53 56 48 120 74 76 92 173 
85 : 196 158 90 86 164 61 30 170 225 150 208 32 125 194 191 112 217 159 148 56 81 149 231 167 48 73 128 65 71 40 179 87 95 36 35 147 242 183 222 96 60 236 206 114 142 98 50 44 192 113 221 66 103 168 33 143 211 152 248 181 189 127 247 229 240 204 172 249 241 188 161 154 130 227 136 110 224 52 43 
86 : 34 55 134 60 61 71 106 247 165 26 225 31 73 88 201 231 77 107 124 146 102 76 91 135 149 148 89 163 115 228 129 193 241 122 236 185 97 118 52 93 54 38 173 64 79 190 209 189 239 174 87 113 50 243 98 136 140 178 29 43 138 68 95 177 84 197 249 150 37 
87 : 141 45 203 66 211 78 102 81 195 148 115 133 39 150 28 36 53 206 146 179 50 123 79 131 188 234 198 193 136 217 92 95 69 138 33 61 51 189 159 247 67 205 57 109 124 190 86 214 89 35 52 181 49 27 75 26 213 151 106 243 54 85 244 87 62 245 230 90 207 116 
88 : 136 63 110 118 94 68 74 115 184 54 185 218 146 220 223 100 91 156 211 50 199 62 106 65 179 85 55 58 82 124 216 44 231 87 169 66 241 26 193 188 144 152 229 197 127 
89 : 37 127 247 111 140 99 123 69 248 164 210 59 215 216 187 188 93 228 170 64 230 207 144 117 101 172 71 229 86 159 198 133 102 192 211 221 97 235 32 54 73 227 239 122 180 174 106 36 169 202 242 246 105 240 95 48 66 35 236 156 209 219 79 148 157 87 194 90 163 193 185 220 243 57 204 116 34 109 203 114 135 
90 : 218 35 154 59 123 118 27 225 55 49 68 149 189 150 246 191 137 210 60 103 71 237 91 240 166 87 202 152 206 134 94 44 124 95 77 39 128 135 29 58 99 81 171 40 159 62 197 25 138 126 162 53 213 132 
91 : 232 55 228 234 217 213 64 181 101 84 158 63 199 43 98 136 248 91 42 160 38 41 152 166 192 207 131 
92 : 91 68 131 26 155 161 143 205 156 130 227 139 123 98 134 135 163 66 249 55 183 75 210 247 244 182 246 142 65 83 125 234 235 95 101 226 28 132 87 71 137 228 90 37 179 149 242 166 145 85 167 191 218 106 233 201 56 222 43 48 81 188 193 84 198 241 174 170 178 151 248 25 204 121 92 213 110 107 231 105 113 152 133 
93 : 133 86 83 43 104 60 198 50 153 79 122 134 169 197 155 156 115 231 243 147 232 78 54 32 39 123 224 64 126 121 116 141 166 248 127 119 85 111 37 135 151 69 93 202 73 186 46 183 177 108 245 171 244 221 92 172 223 179 188 189 208 219 99 
94 : 116 97 129 46 70 128 211 170 41 45 209 248 27 122 219 154 164 214 191 48 72 25 118 65 233 201 159 29 123 216 138 81 31 215 179 210 30 160 91 112 82 26 234 235 223 184 183 186 132 157 190 245 101 39 71 237 241 120 226 144 148 175 238 152 133 181 131 96 162 171 89 52 
95 : 186 74 148 30 210 217 64 116 125 72 117 79 164 224 201 142 107 78 155 216 143 62 227 166 43 67 44 158 69 59 167 198 146 147 66 120 215 129 35 222 99 237 96 221 197 124 206 244 51 177 212 68 111 134 112 39 194 229 231 73 179 135 109 213 202 145 37 152 190 172 77 175 90 76 32 61 219 36 170 93 91 178 40 34 249 203 
96 : 226 79 147 162 149 210 148 42 123 200 28 125 163 111 51 54 203 181 104 121 169 77 197 196 238 211 97 225 116 91 48 128 237 235 217 106 124 152 189 182 198 112 105 117 46 89 65 86 247 137 176 78 204 39 228 25 212 202 
97 : 94 193 89 232 139 28 168 25 134 65 113 99 212 198 143 235 26 207 108 92 214 41 213 119 36 46 219 190 243 146 27 246 172 152 157 103 48 45 192 163 201 200 49 137 122 224 234 241 121 221 222 124 242 240 238 86 125 154 118 170 171 179 127 31 79 185 227 80 160 188 202 52 195 169 247 55 56 35 174 59 187 155 38 130 
98 : 155 32 115 128 105 89 99 209 205 64 107 97 162 81 104 164 28 77 204 147 229 206 144 63 106 218 180 124 76 130 48 207 239 34 38 240 157 172 244 126 152 30 143 177 43 87 214 121 168 225 66 191 
99 : 159 121 231 143 247 64 47 196 184 81 117 209 173 169 174 208 203 227 38 52 158 177 122 99 113 228 186 233 109 131 
100 : 203 175 227 62 114 184 190 166 103 110 51 133 215 230 52 119 68 233 47 122 231 177 36 75 214 95 80 248 
101 : 76 66 209 65 33 92 37 91 234 178 25 177 186 206 221 138 213 154 64 78 196 197 117 102 68 100 236 230 124 83 48 139 147 225 218 165 84 217 151 46 60 87 109 95 121 31 220 214 70 239 228 75 28 161 39 146 160 185 145 63 167 150 29 72 97 104 
102 : 78 34 239 197 134 41 178 63 189 107 237 182 45 138 70 209 61 177 149 150 103 214 207 146 199 124 198 176 158 125 105 122 163 
103 : 50 65 171 83 56 211 146 156 62 106 45 229 204 222 117 128 96 178 80 176 132 88 228 105 233 230 136 58 155 197 166 111 130 202 138 119 214 213 73 144 120 68 81 51 66 127 221 170 31 52 220 173 133 46 40 129 49 64 76 135 148 243 181 159 240 82 227 101 189 206 32 244 29 131 234 169 205 34 78 27 249 77 245 237 195 109 219 
104 : 158 176 65 193 150 225 122 144 137 203 130 170 60 197 119 175 187 159 90 194 91 230 181 108 84 88 74 125 140 160 226 240 98 209 101 
105 : 110 227 40 77 28 132 198 54 197 115 173 140 38 56 76 219 155 57 184 239 183 202 73 236 43 124 232 216 229 27 35 225 205 100 31 228 242 149 238 157 152 158 226 30 160 237 209 166 218 134 177 180 164 203 69 103 47 108 102 34 123 42 80 70 141 193 39 78 199 156 
106 : 209 128 168 202 64 218 242 107 196 87 219 73 106 133 234 45 152 145 85 176 187 78 46 190 186 243 98 238 113 89 165 75 26 174 30 182 41 143 
107 : 177 60 126 136 188 122 187 144 243 104 45 109 70 113 186 212 106 235 141 153 105 81 221 154 54 207 92 151 183 83 63 36 152 242 145 78 239 231 226 249 52 28 120 90 175 93 184 118 210 47 94 150 133 68 195 176 205 203 58 112 146 238 76 110 193 190 97 244 131 198 200 41 240 102 194 34 245 161 130 172 
108 : 112 201 208 45 195 220 214 91 56 28 35 176 81 100 107 223 163 240 119 110 127 160 114 218 140 105 157 62 161 235 247 42 89 30 144 189 187 184 120 36 233 65 171 75 48 197 116 79 155 37 245 60 193 146 27 222 156 154 39 177 227 26 141 205 135 98 180 50 104 204 77 196 38 108 52 
109 : 52 131 38 53 136 74 165 34 223 209 143 106 95 128 110 135 245 181 89 215 231 236 26 234 204 130 103 44 101 190 31 111 153 134 207 169 119 238 83 235 81 166 194 213 152 216 85 108 43 242 151 100 229 193 222 25 94 179 
110 : 122 238 130 108 87 97 232 219 138 85 56 204 233 72 96 223 184 115 171 141 249 197 200 118 240 155 157 134 78 112 99 143 172 
111 : 47 248 230 81 125 156 30 120 133 53 163 126 243 43 237 25 80 235 164 27 29 181 175 66 185 138 161 93 75 28 77 165 241 63 225 150 199 202 246 68 217 236 76 103 195 210 215 123 182 147 180 130 132 44 119 157 83 
112 : 155 116 193 38 47 87 199 143 227 136 58 218 53 105 214 161 246 141 210 140 61 188 79 211 213 154 163 165 108 235 166 89 158 225 249 170 126 147 118 121 195 72 241 70 33 239 98 194 222 97 59 204 88 55 247 179 
113 : 156 29 204 186 131 165 96 243 79 152 74 36 125 44 95 226 72 232 113 32 213 41 45 101 246 98 138 228 42 86 54 163 147 144 203 135 121 181 114 171 35 60 190 178 128 150 55 133 174 196 68 215 221 100 229 108 39 202 223 51 25 155 145 87 191 219 104 43 67 210 245 58 177 238 224 94 112 140 65 63 162 71 48 136 
114 : 44 123 183 221 59 192 66 98 125 133 218 179 209 72 92 194 102 248 217 213 224 139 108 33 163 215 40 245 249 230 47 25 170 157 144 36 88 56 243 28 39 61 81 
115 : 70 72 146 100 244 119 66 124 29 39 52 133 48 232 226 183 59 150 54 166 151 34 149 213 154 86 188 68 38 35 61 
116 : 120 246 70 33 233 69 104 169 128 26 38 133 56 192 148 87 65 129 221 164 177 176 186 173 149 226 218 135 222 181 238 184 81 28 109 167 119 108 137 191 236 110 245 50 46 162 161 152 
117 : 185 172 191 229 114 115 105 102 120 83 152 91 236 227 129 182 242 43 237 215 110 47 226 223 65 186 94 103 205 76 56 68 166 230 218 219 176 149 126 81 220 124 106 57 221 55 140 
118 : 25 160 63 239 152 118 224 110 167 197 26 176 177 146 43 205 158 28 135 215 236 117 191 150 125 46 74 49 139 87 78 123 36 27 201 119 72 180 142 207 230 173 113 220 147 101 223 114 120 80 137 126 136 59 228 56 132 145 196 76 227 234 104 163 245 155 244 58 186 154 213 38 79 75 161 51 187 44 219 61 68 107 171 188 
119 : 240 89 157 58 236 57 230 145 150 185 194 77 117 191 132 118 246 197 177 29 33 152 178 72 228 227 146 56 136 66 30 220 168 153 229 107 53 78 46 63 222 207 225 162 193 110 164 169 183 113 237 81 223 97 36 27 138 61 49 161 45 195 115 221 67 248 94 47 182 82 158 189 88 
120 : 46 234 207 136 59 33 225 29 127 94 215 168 37 174 84 242 75 55 38 143 149 42 66 194 214 65 30 198 188 228 88 244 131 60 184 180 99 158 183 112 79 246 36 67 69 35 146 217 31 162 166 49 70 139 142 220 119 129 245 191 138 161 101 181 199 34 226 237 52 170 140 157 113 120 172 134 222 93 92 71 171 115 144 
121 : 196 121 171 208 141 247 186 246 160 38 110 57 140 39 89 144 177 74 167 26 229 191 218 78 158 180 54 217 76 98 86 184 132 236 63 67 68 210 112 193 166 131 194 211 100 102 215 48 181 95 35 118 174 99 225 188 
122 : 110 70 34 29 248 140 25 224 162 156 98 200 199 135 27 172 54 218 178 227 51 61 121 144 238 183 225 143 62 193 124 158 247 107 105 142 101 241 246 111 186 196 
123 : 94 174 142 101 57 29 242 42 179 130 67 186 211 209 86 246 109 187 247 203 87 180 149 235 213 107 78 91 46 176 116 66 212 238 181 44 62 97 182 96 30 31 37 230 134 175 224 241 65 49 110 75 177 113 26 54 50 33 231 
124 : 223 50 99 75 222 235 225 201 44 151 131 182 73 237 233 152 210 101 120 226 38 214 189 142 30 245 148 160 67 180 71 102 207 242 72 162 84 112 138 192 134 82 43 74 224 205 163 213 166 121 229 83 127 106 246 64 28 147 117 227 57 40 168 132 154 
125 : 93 188 247 55 77 146 228 168 39 203 76 142 71 209 185 60 102 59 58 216 169 165 87 86 199 122 198 180 174 96 130 182 47 229 246 119 83 66 233 224 80 220 101 88 236 50 29 78 154 120 90 204 25 129 235 118 219 215 42 128 145 68 37 115 
126 : 244 119 230 148 134 152 224 225 41 144 100 36 223 171 166 142 46 199 63 77 139 187 175 103 88 129 132 111 149 84 185 31 184 212 231 154 79 54 167 65 179 33 248 113 236 96 89 141 
127 : 158 209 31 226 196 213 62 63 125 129 123 240 77 142 139 224 201 162 134 166 47 116 29 193 41 120 145 78 43 175 106 241 212 148 152 190 202 54 238 42 
128 : 179 151 129 49 160 221 120 192 140 228 125 149 118 207 69 219 199 135 143 181 188 123 98 53 85 57 87 147 170 248 67 197 171 54 157 45 70 80 241 121 164 48 169 134 128 127 187 249 243 100 131 193 184 215 46 211 35 
129 : 207 241 157 32 116 231 228 193 239 35 129 211 136 155 152 91 150 229 218 128 151 106 95 50 52 163 159 148 191 83 123 86 204 147 65 240 149 187 138 199 120 87 82 162 226 178 217 182 79 75 219 137 220 67 80 71 198 109 117 189 25 205 141 81 183 34 63 134 122 44 244 62 121 197 40 144 245 140 227 
130 : 64 147 102 85 231 205 127 34 134 86 242 30 148 97 174 217 211 200 166 223 149 156 163 246 187 61 110 68 216 90 79 133 42 65 63 92 105 220 168 197 219 44 126 159 151 112 84 189 169 165 119 101 237 214 225 198 208 118 73 36 135 100 108 33 172 67 229 161 145 221 75 91 40 45 
131 : 75 134 70 200 193 205 73 229 114 137 119 216 215 131 107 118 195 172 171 177 183 74 37 141 93 84 168 27 124 50 148 138 33 54 238 72 169 121 32 160 188 213 174 85 45 158 180 89 
132 : 33 69 72 229 162 136 84 165 223 226 170 30 100 204 44 188 32 208 164 111 184 41 176 106 62 224 177 152 132 122 48 233 237 77 120 201 141 194 80 195 63 135 153 90 218 220 217 154 133 
133 : 197 33 92 135 124 42 144 211 178 61 100 246 25 70 82 207 131 60 108 190 58 235 56 170 165 106 122 36 193 49 109 112 126 94 79 167 26 29 73 93 232 241 168 51 229 161 130 117 247 180 111 47 220 97 91 95 43 183 63 221 102 153 216 240 121 
134 : 234 29 107 237 112 114 189 87 79 95 100 63 101 217 133 157 135 158 65 233 132 231 165 173 209 182 76 244 224 192 98 139 240 134 121 155 193 205 225 
135 : 237 47 25 36 222 245 94 33 239 90 223 106 27 240 151 62 130 114 143 49 207 221 131 217 183 195 189 206 79 164 179 242 85 37 229 112 31 60 96 154 132 173 171 110 105 104 167 65 70 45 
136 : 148 156 187 174 161 86 128 217 193 51 201 191 29 41 206 27 220 125 74 25 26 72 171 230 116 142 204 165 155 105 180 97 137 49 118 85 56 243 246 144 57 44 172 121 73 183 46 38 119 61 135 218 158 225 202 131 67 50 114 153 190 68 214 122 177 221 211 80 30 146 
137 : 53 42 205 63 132 160 114 171 226 210 127 241 230 166 186 212 200 76 222 190 213 60 148 115 164 237 153 84 215 183 116 105 233 99 143 141 194 211 83 109 64 130 67 43 92 108 97 61 74 206 146 181 196 70 173 240 119 126 30 87 140 94 103 62 174 192 120 178 199 
138 : 206 153 239 81 138 234 164 247 174 106 205 43 170 193 230 155 37 52 208 195 140 168 249 34 99 58 211 117 242 207 
139 : 130 155 124 134 95 131 184 94 53 183 30 240 171 243 219 38 234 34 67 82 202 58 193 188 40 92 105 216 79 87 70 230 196 28 100 57 123 113 205 161 217 220 144 139 181 73 195 74 119 249 132 154 145 84 39 147 157 50 85 189 107 175 172 137 149 49 135 41 78 72 64 
140 : 135 174 226 231 104 75 93 119 90 59 190 176 45 229 249 237 131 158 221 141 89 41 136 124 205 112 170 145 189 213 220 39 82 228 100 177 187 184 236 40 140 132 122 166 37 88 225 210 53 38 151 105 245 91 95 146 248 80 215 239 234 206 129 76 150 46 244 102 
141 : 86 175 134 61 40 142 98 148 115 204 46 249 147 239 131 194 228 177 237 200 236 221 185 208 133 187 189 209 159 116 245 217 66 183 218 84 188 197 56 30 155 59 219 47 143 242 129 184 101 191 75 207 170 130 45 39 55 51 181 127 213 172 91 25 111 38 89 220 152 164 146 196 28 67 157 240 
142 : 236 145 89 108 75 97 242 204 117 156 166 165 96 247 220 78 244 92 238 171 80 174 225 233 32 37 175 146 58 235 196 36 169 144 72 64 61 66 161 249 186 229 150 49 237 38 122 33 71 248 226 190 203 147 209 210 67 139 211 126 157 195 129 110 41 65 50 123 43 30 74 212 232 
143 : 242 89 215 47 130 95 83 188 131 41 119 198 69 98 143 123 175 204 104 235 202 160 93 149 74 128 70 99 86 249 51 190 244 243 100 101 217 133 
144 : 91 192 58 231 92 245 85 131 61 242 66 116 218 29 30 219 81 249 168 157 225 240 42 236 173 216 72 47 153 38 229 117 97 86 201 39 124 90 200 146 206 84 106 174 156 221 75 202 
145 : 121 158 174 155 177 36 66 237 140 41 184 166 102 149 157 182 156 110 210 159 130 97 163 206 249 37 148 224 31 245 243 94 115 42 75 119 88 178 59 55 40 117 176 138 
146 : 233 248 83 217 63 111 181 61 184 103 193 133 64 142 62 73 227 160 149 162 212 235 218 223 141 180 161 28 117 121 88 
147 : 100 211 99 98 235 133 206 72 248 123 205 63 113 204 220 154 159 95 90 246 247 136 183 59 58 191 249 187 170 180 50 150 214 161 48 179 117 54 104 39 215 29 40 60 44 178 109 42 130 38 101 142 145 106 194 108 139 225 184 121 91 219 
148 : 107 235 52 234 231 229 133 148 115 121 141 168 220 172 75 163 184 44 157 228 143 104 245 67 58 223 81 135 232 227 206 79 194 212 41 122 165 138 117 193 92 166 55 209 123 156 106 45 99 59 236 142 48 72 153 171 62 40 102 111 191 175 159 30 207 56 50 131 
149 : 224 77 114 202 173 133 52 32 177 136 106 160 91 219 100 161 131 215 179 180 235 213 130 35 123 234 86 125 99 57 83 200 243 157 63 101 98 159 68 128 120 174 28 141 94 108 43 109 247 45 221 223 49 37 154 46 187 34 206 214 122 
150 : 162 99 71 31 77 43 28 150 58 113 229 213 194 65 223 231 72 67 167 26 154 200 214 114 183 104 168 70 192 161 157 74 34 66 218 35 127 84 128 95 211 235 238 220 64 46 201 52 195 96 158 76 230 88 240 125 170 176 217 135 119 51 69 
151 : 119 41 158 195 157 26 115 201 215 86 102 129 137 132 48 49 83 217 161 122 224 39 249 111 211 72 29 200 59 79 42 236 183 61 143 117 101 136 199 65 165 208 230 28 110 131 98 177 82 77 216 235 189 46 147 231 124 234 121 81 205 
152 : 25 218 194 160 242 58 162 144 170 48 165 179 85 77 198 137 29 166 245 66 235 70 116 190 115 183 240 205 42 223 35 129 128 99 213 80 133 159 33 37 201 84 161 233 26 93 39 157 27 178 117 173 237 54 220 247 171 163 180 122 222 81 234 109 236 154 229 150 182 176 169 172 140 158 149 
153 : 167 178 159 117 203 127 198 225 45 87 217 142 107 70 52 72 51 200 231 50 204 152 59 134 47 86 116 247 109 148 66 71 188 153 237 229 138 77 105 141 215 44 164 205 97 195 232 227 54 83 
154 : 90 210 126 32 172 213 215 92 247 142 100 136 160 194 67 143 57 138 64 40 176 193 60 122 104 70 
155 : 43 208 212 109 47 34 185 145 77 248 55 235 175 52 61 56 240 216 106 99 40 243 119 200 60 75 176 140 178 163 204 247 67 33 199 227 218 133 112 91 90 229 36 123 104 198 194 32 165 150 88 42 121 153 215 231 28 156 173 110 249 154 65 134 201 236 166 132 39 143 157 151 72 85 168 233 111 169 59 118 244 113 239 148 101 182 44 
156 : 218 195 210 188 237 229 132 76 25 123 108 124 185 147 125 60 165 214 247 164 115 153 52 39 78 219 135 168 40 175 122 189 131 181 223 136 65 59 73 151 29 74 225 35 81 186 41 216 121 205 42 239 72 45 143 211 100 85 162 
157 : 72 218 186 105 173 84 158 246 181 211 131 197 203 213 182 196 219 30 43 90 145 87 159 100 32 210 156 174 106 180 223 53 71 107 144 167 77 154 235 
158 : 90 66 73 120 215 84 234 27 210 174 147 133 173 64 114 42 35 221 101 242 107 136 159 235 167 48 181 208 83 29 100 132 
159 : 57 41 184 97 245 119 80 51 213 197 127 52 44 148 193 92 40 42 234 173 71 144 117 29 98 226 246 95 82 39 229 130 231 83 224 47 45 33 232 65 139 188 118 114 62 112 158 220 174 28 212 218 99 169 200 55 155 215 30 120 68 207 216 66 138 115 101 69 161 93 61 201 79 37 198 
160 : 79 227 177 200 129 35 229 195 101 60 125 196 155 209 55 90 236 224 213 142 137 71 202 237 68 28 56 33 245 156 214 93 189 78 99 184 94 225 72 121 183 243 233 176 97 204 75 140 40 152 105 43 124 161 41 218 149 82 145 37 102 107 115 169 126 148 100 185 163 42 164 138 80 248 170 113 166 
161 : 87 69 130 234 170 140 231 61 178 154 161 138 239 132 52 124 203 158 156 62 200 245 125 123 174 65 42 104 190 107 185 49 196 222 183 137 28 86 64 98 32 85 187 173 63 128 194 166 54 249 103 236 41 169 180 73 91 244 51 217 121 246 211 25 148 38 207 46 221 155 78 206 74 143 243 60 162 228 240 
162 : 237 102 147 97 197 121 221 64 36 169 135 129 222 163 217 82 75 187 166 118 55 138 57 52 164 56 127 41 194 81 158 234 32 223 132 159 231 26 33 178 131 126 193 99 38 43 107 69 241 219 
163 : 162 185 121 85 92 26 123 134 158 122 28 237 91 47 109 41 120 238 212 195 48 88 145 169 239 137 240 186 136 188 49 34 209 40 53 227 94 100 171 170 151 149 96 
164 : 75 150 149 115 204 110 155 118 121 112 167 243 80 222 246 152 190 241 138 144 106 51 191 89 199 174 171 247 198 187 196 63 220 206 47 182 162 107 44 136 173 67 154 87 55 165 245 
165 : 177 112 62 232 90 51 97 237 121 233 179 42 181 147 57 145 190 229 86 198 156 234 245 209 127 160 94 32 172 104 159 141 192 122 35 101 108 199 78 249 228 91 30 
166 : 196 236 197 134 120 206 214 221 59 151 237 87 107 106 154 212 180 141 195 208 166 169 71 126 157 198 51 35 140 100 194 184 89 211 248 234 96 57 80 179 181 160 
167 : 248 166 52 172 175 169 247 215 38 204 54 90 222 102 212 141 99 149 194 162 192 209 119 227 93 127 92 157 155 203 117 109 129 146 170 187 
168 : 114 145 164 71 84 32 126 46 186 221 101 229 238 140 47 142 51 88 135 89 82 163 211 41 231 30 165 33 242 77 151 38 91 161 190 202 129 49 
169 : 246 170 46 161 173 231 216 27 51 141 76 57 139 84 196 122 179 192 115 65 110 94 190 183 90 
170 : 40 192 116 115 136 85 235 56 114 94 124 157 181 188 227 83 118 232 197 153 141 60 59 169 168 182 110 73 196 236 230 214 31 32 126 122 165 172 183 131 47 93 160 36 219 239 151 218 97 96 134 245 113 121 161 212 50 66 86 146 102 191 249 128 75 39 38 80 71 242 
171 : 212 199 110 180 166 70 168 31 176 165 246 236 167 158 112 185 41 210 91 58 44 206 38 138 155 223 98 160 231 233 76 239 118 56 220 119 35 42 135 230 196 78 224 146 101 75 204 159 64 87 50 195 193 128 102 81 59 117 57 62 217 157 100 82 177 139 143 228 
172 : 220 182 38 230 235 25 222 145 95 226 86 41 97 197 152 106 221 208 124 242 142 56 79 161 228 78 185 63 249 187 47 210 153 100 111 231 211 201 101 245 75 112 232 137 163 73 138 46 76 176 246 133 247 162 94 30 150 
173 : 137 57 227 210 244 60 165 157 139 175 61 82 71 62 130 47 147 184 135 198 202 205 40 53 69 236 245 50 46 239 158 185 117 65 105 122 114 213 215 115 119 144 73 159 155 243 249 196 195 129 180 108 27 52 38 99 209 141 126 217 75 212 118 166 240 189 232 32 102 98 187 
174 : 135 63 140 51 207 160 52 234 158 166 237 83 199 41 194 222 231 173 180 226 233 145 88 225 210 186 209 67 124 206 28 65 42 191 55 203 154 138 224 33 162 91 193 151 249 185 72 75 38 196 149 146 229 195 189 
175 : 231 220 64 179 110 88 183 41 85 69 167 143 131 210 191 184 155 95 158 140 61 33 205 207 139 60 90 232 188 136 
176 : 90 74 38 176 219 43 156 198 135 149 220 62 27 221 25 147 123 138 85 57 28 222 106 170 113 249 75 53 169 215 50 128 141 178 192 52 247 30 232 121 196 111 61 210 84 181 211 92 190 199 58 
177 : 130 178 154 212 25 56 70 136 33 80 206 55 202 213 215 249 204 157 196 26 111 145 211 118 203 161 160 192 158 121 91 151 185 225 41 134 107 155 137 141 144 174 117 239 83 138 187 94 195 170 188 150 197 191 242 200 142 90 226 172 232 176 61 143 205 146 219 76 230 156 73 231 29 125 67 122 97 78 57 54 35 175 58 237 95 
178 : 219 162 103 239 104 173 225 156 99 200 168 208 111 81 184 83 102 97 232 137 215 194 222 53 89 207 95 118 120 65 36 193 235 32 112 25 42 40 247 189 49 38 129 197 199 124 66 176 54 46 167 59 133 41 115 84 236 159 213 154 94 249 63 44 234 61 33 161 148 142 39 48 230 237 223 155 30 164 231 123 57 180 
179 : 217 163 117 111 202 97 90 186 226 118 152 135 35 30 221 86 185 187 204 89 170 69 231 244 160 235 127 155 38 249 222 247 125 161 31 203 177 75 123 239 92 162 72 95 107 47 168 197 51 98 188 80 237 88 44 140 166 200 233 104 60 115 25 234 134 175 191 218 189 246 229 50 119 57 37 240 
180 : 77 134 218 189 71 167 183 158 38 114 219 213 153 200 197 119 147 104 142 140 90 106 33 233 136 209 160 64 29 132 135 176 178 212 217 72 110 98 113 91 239 107 230 211 99 
181 : 241 26 49 63 244 29 230 245 102 164 138 128 32 91 83 186 152 214 30 135 104 35 166 182 56 37 70 193 137 97 200 180 225 145 126 160 61 113 36 76 227 134 25 
182 : 233 179 147 193 192 114 116 59 73 144 238 209 219 212 115 189 210 221 63 195 47 142 104 41 99 36 64 119 88 76 113 75 177 173 206 232 215 92 164 130 176 205 146 235 186 85 143 145 128 82 207 166 124 185 97 170 241 245 247 183 194 50 202 48 129 69 100 54 213 79 216 227 65 191 229 242 
183 : 151 217 204 141 73 92 41 86 80 148 53 89 156 63 129 153 186 230 56 175 182 130 185 160 171 104 242 138 196 215 125 27 123 29 105 134 183 48 68 114 236 36 59 81 119 192 85 225 34 231 222 101 207 122 234 46 94 54 64 65 128 205 82 66 47 33 178 
184 : 142 86 201 148 158 137 249 181 29 183 128 82 37 220 204 89 48 212 131 155 102 194 75 240 80 234 114 125 34 208 119 239 185 50 232 83 214 146 106 58 94 43 163 154 169 174 226 104 107 84 31 138 93 177 69 95 79 53 47 233 248 76 179 184 188 205 143 182 160 90 195 117 61 44 235 141 46 227 85 
185 : 193 79 43 107 78 186 29 116 134 223 147 84 208 81 140 122 100 247 197 202 194 92 131 137 124 
186 : 173 210 154 187 204 236 174 155 65 194 97 201 190 68 209 127 243 104 113 111 157 49 98 138 228 56 114 109 102 74 131 31 107 125 
187 : 28 59 130 54 100 91 215 185 214 68 212 142 32 50 132 53 231 71 128 94 90 195 168 124 155 48 
188 : 213 184 221 198 216 52 238 41 85 218 197 175 76 224 149 245 200 228 201 114 174 212 164 211 50 170 203 112 243 189 190 180 44 128 69 127 178 134 233 40 196 187 72 93 57 199 82 169 139 157 94 188 248 86 64 
189 : 147 176 98 116 127 210 99 48 25 84 90 129 56 94 26 143 190 34 155 209 33 118 52 85 215 32 124 28 133 192 82 238 183 
190 : 173 69 198 66 228 29 89 189 128 210 68 83 109 116 158 33 104 99 90 143 138 98 224 25 67 56 144 183 35 45 168 131 229 106 28 126 85 190 46 244 51 246 156 201 130 202 145 26 103 152 125 37 80 181 53 226 114 58 139 137 
191 : 189 177 156 240 238 51 99 167 144 207 243 215 154 70 38 115 46 145 112 179 188 54 181 114 201 123 155 249 133 196 122 113 241 174 147 150 30 192 172 37 142 131 61 25 194 80 245 205 
192 : 29 52 140 37 147 210 88 164 54 33 112 123 166 197 238 35 47 38 191 151 71 186 195 182 67 242 153 157 44 65 239 207 122 211 51 201 148 227 173 193 128 141 247 118 26 76 
193 : 212 79 209 243 78 59 174 109 135 155 42 153 158 126 67 227 70 45 147 94 203 52 191 188 145 75 27 120 171 220 53 34 234 106 237 204 142 169 63 217 
194 : 128 144 126 148 129 28 118 93 80 231 240 193 142 121 146 53 78 119 222 60 204 163 63 77 102 
195 : 59 228 56 145 74 215 236 173 44 34 72 127 143 101 167 54 60 164 206 171 51 45 208 240 190 168 155 75 233 48 141 227 247 92 226 126 64 38 107 231 232 184 98 187 49 52 243 200 205 132 31 157 97 100 102 40 158 161 249 203 129 105 108 
196 : 70 218 75 128 86 233 189 38 110 156 172 197 129 37 112 122 186 214 56 222 206 66 207 81 216 154 230 50 217 223 91 149 248 152 151 130 201 60 105 140 98 178 205 136 224 59 49 133 167 95 195 27 135 78 209 115 198 221 32 
197 : 25 132 228 184 186 231 44 138 213 217 249 198 170 41 227 226 179 117 97 159 218 183 216 248 143 245 73 153 237 208 195 221 209 51 134 66 215 88 128 123 68 178 203 105 131 244 54 85 81 196 61 120 55 191 154 160 
198 : 130 100 127 28 79 69 249 237 94 238 244 50 156 208 44 245 139 53 104 83 150 40 49 212 131 197 68 231 
199 : 62 69 204 241 59 212 49 137 184 42 134 237 25 167 181 196 155 197 115 214 31 201 243 96 40 105 107 236 159 89 124 71 169 153 78 154 60 66 193 190 117 182 164 163 186 
200 : 79 96 122 90 233 73 121 189 119 132 186 217 216 151 160 188 109 196 137 77 112 74 157 161 125 71 144 170 25 93 228 95 245 126 244 223 36 42 28 
201 : 230 35 76 131 127 51 82 83 107 71 44 184 209 79 89 247 235 136 125 32 45 110 195 135 246 116 147 248 217 41 98 153 137 174 236 237 121 143 221 185 232 87 215 148 48 34 85 178 124 100 229 241 63 133 91 54 181 113 130 202 
202 : 32 100 46 43 198 167 178 26 97 157 155 25 85 172 127 144 36 89 45 118 41 34 160 44 181 244 197 154 205 40 175 69 136 195 249 221 39 182 
203 : 153 187 163 221 70 189 106 233 180 129 169 61 100 240 196 159 135 186 52 56 126 193 226 194 104 151 223 60 162 50 158 207 89 112 241 34 55 40 210 90 234 230 152 38 78 
204 : 82 79 208 130 156 57 195 184 111 40 77 36 197 90 87 112 143 154 48 47 214 192 172 233 202 219 216 222 98 83 39 134 100 81 240 71 149 68 34 168 44 241 159 169 
205 : 216 55 224 101 207 50 37 180 100 44 66 85 211 170 93 192 149 91 125 150 201 173 226 137 86 108 219 79 134 61 48 230 233 60 147 222 194 217 175 235 200 157 160 177 128 232 35 82 111 239 77 94 245 186 221 146 171 169 63 176 81 75 188 30 54 45 
206 : 210 180 143 217 88 184 205 38 209 232 179 161 52 160 66 109 178 138 31 96 47 235 139 30 150 123 
207 : 217 249 147 29 108 81 182 184 231 210 144 243 230 215 69 66 229 169 145 26 28 160 233 130 98 152 78 175 154 75 183 198 39 146 167 106 219 109 99 205 151 202 53 32 31 237 110 59 68 70 168 
208 : 213 135 188 130 201 105 242 152 97 228 85 42 227 25 60 63 138 210 215 84 231 76 35 92 237 128 207 131 96 134 189 225 124 34 114 161 155 222 31 177 120 200 66 244 69 219 26 122 168 67 57 192 139 106 55 234 148 28 110 113 39 196 208 
209 : 161 199 102 110 33 163 140 67 209 245 103 148 150 233 142 238 80 26 44 94 57 77 215 109 98 164 249 179 248 97 187 86 54 175 202 239 171 197 162 235 
210 : 155 145 228 195 232 231 202 87 38 165 88 73 200 194 173 100 32 136 143 64 91 247 248 178 47 75 84 81 115 116 28 174 121 149 196 249 77 56 86 217 111 147 126 179 235 159 30 41 122 212 184 189 98 244 79 154 109 65 
211 : 82 35 102 242 118 81 61 145 241 231 58 96 28 143 206 240 68 170 88 46 127 55 201 204 212 93 176 151 188 56 94 196 37 
212 : 221 169 40 137 94 181 196 61 138 154 88 135 70 131 45 54 220 92 39 173 35 124 41 183 236 228 114 31 102 97 226 104 113 188 148 193 203 145 117 176 140 218 230 
213 : 226 67 171 199 48 133 137 147 89 116 240 145 96 236 196 222 218 167 195 109 180 154 163 85 70 221 206 230 62 64 243 129 121 238 125 36 228 92 213 181 65 82 164 130 60 179 141 34 71 
214 : 157 248 111 82 51 184 48 56 102 96 175 162 211 164 173 119 139 77 215 229 114 66 79 200 168 193 65 151 240 172 109 84 143 218 126 245 125 180 167 50 60 148 113 219 118 232 53 209 195 
215 : 207 128 105 86 177 192 85 136 161 67 234 170 81 39 158 194 169 65 43 40 242 210 28 63 51 228 88 238 185 57 89 176 156 27 118 41 48 29 220 224 173 123 203 102 104 135 46 55 68 183 82 130 119 163 189 229 199 110 91 
216 : 94 191 203 240 131 208 53 129 210 197 122 91 137 77 78 166 70 167 140 195 198 148 50 185 109 46 71 124 41 220 42 207 153 209 107 108 61 135 62 100 216 227 146 35 143 218 172 224 85 237 189 247 117 235 150 178 238 249 112 159 
217 : 175 127 236 35 156 126 189 130 131 157 211 199 67 52 234 243 247 59 155 91 169 81 195 214 48 87 125 174 114 139 77 61 30 71 29 216 146 103 98 167 226 196 172 
218 : 44 152 236 176 34 124 172 121 249 222 174 151 149 87 164 189 61 69 77 82 134 129 66 109 238 213 211 214 228 219 78 239 63 246 179 128 198 
219 : 249 42 162 143 64 124 237 180 76 194 90 204 123 182 75 165 239 160 84 92 189 126 83 147 188 47 127 187 52 128 193 153 174 225 121 133 
220 : 113 28 45 179 173 225 53 189 112 50 175 70 99 245 201 42 27 243 30 166 55 234 198 118 244 195 207 39 151 73 239 187 108 200 216 63 132 209 144 161 122 194 96 60 103 162 121 44 79 97 31 68 81 100 210 165 125 104 48 248 101 72 
221 : 181 86 58 127 25 94 183 188 52 221 111 72 171 194 182 117 224 140 73 243 231 57 156 161 238 87 47 77 37 139 116 125 201 28 217 99 150 213 236 154 61 155 177 71 
222 : 38 65 117 209 200 130 122 129 161 225 69 107 105 98 118 145 119 61 188 151 64 59 198 143 81 190 58 60 232 68 214 175 206 227 169 91 167 244 217 203 
223 : 67 180 237 55 109 139 140 189 27 213 59 45 53 31 159 172 69 170 152 236 144 161 233 188 181 25 107 26 97 219 211 190 162 248 247 66 117 173 64 177 192 113 73 215 122 86 62 178 137 240 202 80 163 52 164 48 95 174 221 175 90 156 245 105 249 150 46 157 147 222 121 89 151 78 
224 : 114 150 27 87 129 68 157 197 237 47 236 248 229 191 187 109 198 42 208 232 108 193 184 104 196 93 69 172 
