0 : 127 107 92 45 179 65 146 169 180 108 82 196 83 39 168 155 57 203 137 27 133 118 67 99 220 190 141 147 139 171 123 219 182 33 46 28 221 157 94 247 211 38 235 242 198 241 248 223 194 114 70 162 239 151 53 227 217 68 197 236 184 97 125 52 71 
1 : 234 82 186 208 131 139 60 172 43 87 128 111 150 228 78 211 53 77 114 55 98 144 141 31 121 148 83 237 165 105 
2 : 199 185 47 66 206 68 45 239 79 143 188 72 220 157 69 132 166 152 35 248 70 148 159 100 85 134 33 38 145 240 101 75 37 192 115 164 122 182 249 144 147 242 82 103 207 96 39 89 214 163 64 81 221 91 129 216 110 46 141 52 44 
3 : 99 79 179 239 182 104 42 71 225 73 195 116 174 66 61 29 222 142 46 145 47 247 143 228 140 206 231 194 81 58 113 27 54 153 213 167 203 31 238 91 64 149 43 107 178 184 125 226 185 41 159 
4 : 44 111 225 187 46 195 110 66 132 185 26 148 109 199 221 176 213 229 215 127 42 210 211 171 238 98 118 101 31 36 123 50 84 237 169 216 246 27 126 124 102 92 114 65 
5 : 76 125 105 219 120 249 191 119 99 47 194 121 126 102 168 69 66 163 242 230 44 247 108 115 137 212 224 25 98 52 140 179 94 142 167 188 39 82 173 160 71 207 73 48 59 190 130 78 64 135 231 37 128 80 81 165 75 182 205 213 200 101 55 70 164 235 232 58 183 147 
6 : 162 121 226 73 218 234 169 209 27 235 96 185 109 158 130 139 40 47 134 153 198 56 100 220 202 207 61 87 208 249 237 78 245 170 32 196 79 172 190 212 194 
7 : 82 117 86 217 39 93 219 114 249 44 32 207 84 120 87 163 63 132 246 145 239 237 74 169 99 241 45 194 
8 : 45 116 96 108 180 212 112 57 152 229 42 167 162 209 38 59 182 198 43 71 172 185 177 157 127 30 218 246 41 91 27 131 65 158 58 99 195 146 61 171 233 248 98 82 55 93 66 207 187 64 49 179 119 235 128 166 194 
9 : 233 59 231 161 232 84 97 235 145 242 78 148 95 212 214 28 130 189 25 104 227 185 80 82 240 128 190 58 234 171 83 47 229 66 44 151 153 142 211 121 217 176 208 246 75 249 99 
10 : 111 213 125 101 180 29 174 81 185 100 71 133 232 243 182 230 228 190 199 107 148 196 143 162 235 44 27 172 222 54 36 158 80 149 132 168 79 220 134 237 216 152 59 171 88 227 194 191 78 139 32 43 219 214 110 197 104 105 
11 : 115 205 111 249 218 178 159 193 127 126 77 188 141 149 105 244 28 99 41 72 213 145 230 53 66 94 226 173 108 60 76 248 160 183 63 242 112 246 209 113 98 247 245 176 150 202 95 238 237 51 135 107 84 215 58 68 190 124 44 204 54 116 179 81 40 132 47 85 241 71 194 134 170 101 172 45 67 203 57 106 25 42 82 152 
12 : 25 76 68 41 58 220 144 240 117 218 119 106 60 46 238 245 96 180 136 35 124 231 135 52 114 54 63 75 208 248 113 74 110 72 81 172 139 49 205 203 93 47 36 89 29 193 51 154 130 247 146 170 88 127 44 78 91 185 239 55 186 223 147 206 66 191 112 173 101 125 192 98 241 159 86 50 195 39 196 122 28 
13 : 101 192 115 202 245 120 196 40 164 153 176 174 93 80 97 106 39 131 189 222 227 43 208 66 119 187 193 100 76 72 177 150 201 205 112 53 90 200 165 29 170 118 160 234 37 64 166 199 116 99 134 237 221 211 142 85 102 123 147 127 185 138 247 105 117 25 168 114 210 78 180 144 95 228 233 32 218 213 49 130 65 209 146 81 241 126 
14 : 213 186 154 114 104 115 62 221 143 123 88 183 227 45 204 187 188 245 147 158 58 113 86 117 172 232 238 191 56 137 211 89 91 38 168 124 203 121 182 194 206 212 142 96 31 42 75 101 230 106 29 202 225 119 229 208 216 110 32 155 173 65 105 133 233 111 25 226 92 30 74 244 
15 : 198 50 204 228 28 91 225 35 115 116 120 62 187 38 147 213 64 201 159 168 112 102 36 214 33 52 85 150 235 166 212 202 220 127 32 108 239 210 190 128 206 172 80 236 148 169 88 196 57 59 96 227 25 152 54 124 224 31 129 43 174 180 48 230 53 106 182 61 215 142 78 34 67 82 231 189 95 139 66 63 132 135 76 211 
16 : 122 197 151 97 88 115 120 48 103 34 213 37 133 165 234 220 75 195 42 96 146 210 119 153 68 62 149 25 33 
17 : 157 30 183 238 249 38 210 174 172 206 39 179 193 111 131 232 223 62 87 221 122 211 155 208 78 25 148 60 146 167 135 185 175 153 181 80 192 201 143 102 228 101 28 86 226 32 63 77 205 97 236 103 43 137 112 139 
18 : 115 29 133 50 45 86 162 226 235 159 82 97 245 110 31 232 144 95 140 67 96 102 129 88 198 61 183 109 103 33 89 74 231 247 72 116 80 62 217 223 91 225 26 139 121 60 234 229 47 70 233 64 151 146 138 
19 : 227 92 120 104 114 60 152 182 41 115 139 29 37 31 160 190 170 113 81 71 110 129 156 88 197 220 61 134 87 55 
20 : 87 53 204 166 138 93 222 143 193 30 165 117 239 216 168 190 248 234 97 154 40 227 58 202 181 95 163 155 109 38 180 126 33 116 131 176 203 80 247 55 110 67 207 28 119 140 120 43 59 70 142 206 56 249 135 164 75 162 57 47 199 167 41 217 96 201 121 147 82 122 52 197 229 228 178 223 232 
21 : 160 237 238 185 141 229 42 196 124 75 212 123 216 200 25 234 40 115 69 146 117 131 171 177 78 80 50 126 57 155 106 108 151 166 112 198 167 134 163 30 215 130 55 43 246 128 49 152 127 99 44 206 203 158 101 225 36 47 182 188 208 242 125 51 150 
22 : 56 103 245 191 104 35 25 60 66 164 160 33 135 168 232 152 107 155 186 117 106 200 136 94 201 220 156 125 230 55 170 45 221 51 122 65 27 222 84 228 133 175 153 180 53 244 235 171 82 97 39 166 177 236 58 239 199 78 248 247 34 234 178 190 109 213 128 158 59 163 196 114 206 148 205 142 46 
23 : 224 192 104 64 229 112 141 221 203 245 128 36 223 60 155 114 215 68 179 95 89 127 181 164 214 239 183 159 41 200 146 74 96 236 53 85 129 42 65 90 81 140 115 55 87 173 147 83 59 106 149 61 92 31 44 182 175 121 218 145 198 247 202 210 237 178 220 138 80 66 50 111 187 190 139 227 118 205 30 62 231 137 143 
24 : 138 204 83 109 75 146 249 147 90 180 247 128 225 85 139 211 79 178 192 150 159 71 82 84 131 233 158 125 164 42 195 172 124 175 100 229 98 215 25 166 53 99 97 
25 : 207 103 58 206 231 167 114 110 247 111 69 218 149 73 150 117 94 141 93 138 245 246 43 79 169 67 47 61 109 199 26 46 183 125 88 25 124 76 177 178 232 84 223 193 244 233 52 128 195 173 129 172 89 40 75 249 91 62 99 210 95 136 175 203 130 197 139 135 30 53 191 161 108 211 220 214 64 98 198 66 
26 : 225 245 100 161 180 212 126 171 229 185 121 38 248 184 200 153 163 36 231 201 91 227 211 125 92 99 
27 : 185 240 249 169 149 118 63 32 36 141 159 232 189 233 47 230 201 50 35 148 175 170 104 146 113 68 51 46 192 120 
28 : 136 100 172 231 209 65 159 235 62 194 128 117 177 170 112 57 84 93 217 173 70 80 89 171 126 109 111 60 224 158 175 160 212 180 64 49 182 59 245 247 
29 : 140 68 56 136 191 185 144 44 74 222 208 77 209 112 214 117 236 229 63 220 119 138 104 240 249 244 47 53 188 80 
30 : 105 157 163 155 225 129 36 50 116 32 48 136 201 103 199 141 207 235 87 94 80 79 228 153 117 
31 : 136 127 165 65 230 98 220 147 215 63 90 248 105 68 163 243 173 223 169 216 119 40 49 100 217 33 143 203 77 188 139 123 29 110 221 179 238 129 199 195 87 235 121 31 142 159 112 117 114 209 242 160 126 61 150 225 175 224 227 115 46 151 176 81 145 88 211 214 59 73 182 89 
32 : 161 106 200 165 103 203 142 218 59 221 113 90 38 248 120 163 52 144 230 85 153 125 204 157 220 150 225 132 67 188 101 149 99 41 155 119 95 81 26 32 152 190 168 137 
33 : 213 229 79 184 113 205 183 56 218 143 98 228 234 45 136 122 77 176 219 76 192 152 74 27 82 245 120 55 54 242 132 38 244 215 90 57 223 201 105 97 127 185 138 155 73 61 156 47 170 29 147 119 115 151 178 196 42 224 200 102 75 175 177 
34 : 196 135 166 45 126 246 130 92 228 218 145 240 227 71 58 125 248 176 78 100 28 76 190 52 235 131 90 60 241 193 48 133 233 210 94 30 102 149 158 164 157 160 104 43 204 46 44 187 198 245 85 37 41 212 127 180 136 118 32 186 203 155 73 128 192 170 116 171 55 62 84 226 191 217 211 
35 : 87 53 214 45 38 169 101 63 26 244 208 159 126 30 58 231 228 66 238 150 64 136 156 37 243 240 25 57 
36 : 187 51 45 118 41 29 31 249 66 113 214 95 213 209 111 229 53 183 32 77 62 195 25 55 90 115 68 56 226 171 136 196 48 54 35 170 83 211 107 146 42 180 157 200 185 220 
37 : 193 217 111 85 36 208 83 131 205 176 237 93 90 174 42 60 43 156 134 79 97 82 107 77 59 45 113 163 
38 : 99 96 144 117 43 215 80 183 52 122 200 51 119 37 118 61 60 220 157 164 243 36 34 53 235 208 154 69 127 150 104 71 113 216 112 123 214 68 180 233 109 70 191 230 190 229 125 237 
39 : 199 44 86 67 99 226 142 136 152 233 106 190 227 172 112 173 96 62 113 163 232 150 159 158 119 100 111 56 184 26 241 215 194 127 162 85 235 187 212 122 28 220 57 123 117 180 168 51 29 107 244 146 164 64 156 
40 : 202 57 96 125 113 187 143 186 189 211 159 219 56 227 52 191 174 91 245 26 214 226 101 59 90 239 225 49 102 103 160 89 241 75 142 221 197 77 242 80 223 177 45 247 190 222 180 81 40 72 220 36 134 228 118 176 243 66 201 237 100 99 70 135 32 198 60 145 229 161 224 233 33 119 65 152 
41 : 146 28 46 150 235 228 40 162 83 98 48 154 67 109 219 176 217 168 99 214 26 127 206 37 140 175 137 39 135 75 115 200 101 207 105 104 77 186 78 210 129 82 242 50 73 47 212 182 180 167 179 134 68 106 157 125 203 97 87 42 151 53 187 243 195 188 90 132 
42 : 154 106 181 176 76 239 66 230 62 47 199 140 65 234 202 167 164 242 172 152 130 85 80 163 249 184 145 135 240 203 49 97 245 138 191 229 120 26 56 213 212 222 173 104 74 87 125 114 111 89 210 122 28 211 43 51 96 83 209 227 
43 : 161 203 220 158 147 40 80 201 162 25 244 120 98 145 168 103 153 109 151 236 116 246 67 207 91 30 74 133 175 68 174 243 29 94 87 202 96 176 
44 : 57 237 45 235 98 229 223 94 71 133 129 151 198 213 135 199 30 216 105 167 60 172 49 107 35 168 190 87 202 177 85 77 61 56 154 101 220 208 53 138 192 121 26 75 158 143 175 165 52 140 204 
45 : 57 45 112 240 99 216 162 105 227 76 144 241 43 103 113 237 62 116 215 167 95 37 234 98 199 211 220 208 190 25 161 136 209 139 187 56 183 128 206 127 195 238 150 228 194 115 89 32 180 179 39 119 118 212 87 85 129 193 65 152 64 149 172 41 102 155 94 233 145 126 168 79 60 204 242 176 171 244 
46 : 152 159 244 83 138 120 241 217 55 145 126 158 100 239 167 188 74 223 30 207 192 63 135 196 119 147 134 29 198 67 204 245 70 39 89 148 65 199 228 154 
47 : 122 39 219 81 181 244 217 162 108 83 70 224 169 94 158 245 196 176 172 117 112 228 148 110 67 69 32 197 78 152 71 213 226 142 150 54 207 157 45 146 231 190 156 88 50 132 30 144 91 229 35 174 133 68 147 210 170 188 167 58 216 92 
48 : 195 81 175 25 33 156 66 173 57 128 27 243 31 230 47 221 91 205 161 100 247 164 126 32 99 153 123 49 90 193 
49 : 87 47 183 194 69 55 89 102 136 95 176 128 90 168 101 238 197 144 111 245 160 210 100 34 37 249 242 123 237 198 158 229 82 88 232 
50 : 172 59 67 194 156 126 201 208 76 196 244 204 124 127 168 34 155 154 184 97 83 149 143 233 60 205 102 150 88 221 219 95 118 96 171 248 224 47 107 25 167 203 46 36 119 93 
51 : 215 163 112 94 227 209 238 147 71 117 37 176 191 141 218 95 152 28 150 177 180 52 186 194 143 158 111 206 89 202 223 192 241 53 160 228 41 245 224 249 79 92 240 104 49 113 132 167 58 27 195 137 221 207 222 244 242 91 85 99 173 237 67 239 
52 : 160 137 236 88 223 92 154 125 172 106 235 142 144 98 185 116 132 217 199 138 249 49 86 97 105 123 167 187 158 207 227 36 248 192 57 99 29 39 241 91 151 87 42 198 212 242 100 183 117 133 54 213 104 74 140 228 163 169 157 203 25 171 120 65 51 135 30 230 224 101 72 225 145 66 38 152 201 161 210 186 220 244 26 45 70 156 245 131 
53 : 130 91 95 230 52 231 206 99 131 170 121 240 204 213 85 237 44 49 249 71 125 124 83 118 72 51 128 88 247 122 145 42 54 238 90 208 220 191 58 
54 : 130 191 136 59 247 99 62 117 154 138 235 84 242 226 199 228 119 81 151 125 112 85 67 170 72 90 185 155 206 50 234 61 106 129 144 174 122 51 211 238 141 87 55 176 40 131 181 205 45 93 166 26 57 184 96 225 114 98 212 236 175 132 48 161 86 128 56 
55 : 186 27 32 184 107 56 58 93 150 126 134 62 162 192 59 228 194 63 116 161 151 60 71 135 152 120 70 33 143 
56 : 141 163 219 183 137 220 30 114 216 98 97 179 177 199 96 33 74 51 231 70 28 90 191 26 86 108 73 197 243 190 200 63 42 235 123 144 167 68 237 175 129 158 131 192 55 205 240 152 57 162 109 48 79 101 53 111 172 170 227 110 43 87 120 154 217 244 37 82 38 156 75 208 223 113 150 207 
57 : 216 133 42 66 153 150 130 204 69 166 247 188 116 41 159 106 194 60 202 126 145 149 120 214 245 124 157 135 178 26 98 110 87 101 58 208 195 172 163 80 119 213 39 200 78 
58 : 172 32 163 179 25 112 119 213 106 70 134 54 89 199 224 61 123 110 226 209 154 93 47 242 65 246 40 183 141 193 44 99 158 174 60 215 56 33 121 35 51 129 149 88 147 82 150 74 55 26 79 221 222 64 108 91 107 77 167 84 181 232 239 98 78 229 212 236 29 201 137 105 202 198 247 67 109 45 
59 : 59 193 109 81 182 149 104 206 228 135 188 179 237 103 231 150 153 68 165 29 85 203 225 227 156 214 70 73 158 249 147 240 41 161 200 116 173 98 192 107 94 198 129 247 114 221 27 157 80 145 141 50 33 205 71 239 181 51 111 127 72 79 
60 : 227 47 235 245 187 239 90 190 110 144 96 163 225 117 228 61 162 107 71 65 194 99 204 119 248 193 73 60 238 242 177 32 56 34 215 153 82 66 183 87 145 236 143 150 125 161 98 233 157 116 240 192 121 189 58 27 182 64 86 166 94 164 30 232 25 77 202 39 104 105 139 137 149 
61 : 121 122 193 82 79 245 249 100 161 166 246 87 141 68 40 163 45 149 131 198 184 206 172 59 98 183 231 69 46 205 27 33 28 174 36 101 226 43 169 224 104 80 86 144 90 186 62 111 182 235 220 199 216 53 233 213 55 153 211 177 78 197 139 115 64 75 157 151 50 196 223 113 175 204 192 217 25 188 110 
62 : 73 128 249 109 35 165 197 218 149 56 62 59 103 221 243 93 132 161 30 100 88 52 76 66 29 235 187 188 72 80 95 74 118 215 192 150 148 117 77 171 90 200 112 233 181 212 55 147 164 217 230 43 168 106 186 170 
63 : 230 122 248 116 96 191 178 160 221 79 176 185 84 177 63 115 245 53 189 180 153 226 69 114 243 141 58 91 165 120 54 146 231 172 175 187 139 76 210 99 
64 : 37 222 241 146 195 104 93 233 173 221 219 101 71 223 157 40 139 203 25 85 212 180 123 144 170 167 181 141 220 183 224 213 201 227 62 178 235 68 209 182 147 103 82 231 202 130 210 158 185 90 52 154 59 67 237 132 
65 : 59 93 174 216 34 170 129 38 79 136 52 72 27 81 113 107 241 44 191 121 94 57 83 69 60 31 73 45 122 56 230 90 242 145 120 152 77 179 48 214 177 63 222 206 245 62 223 193 157 66 64 110 137 91 40 167 192 36 108 146 225 195 126 70 43 147 102 212 204 219 55 160 150 128 151 58 159 87 211 148 92 234 237 249 247 205 166 135 
66 : 188 158 134 46 47 159 234 112 135 215 101 28 25 193 115 103 130 110 172 147 109 218 97 63 150 118 202 168 82 160 90 246 138 211 243 214 26 142 107 206 38 220 239 180 102 105 126 143 73 33 153 145 91 
67 : 67 188 200 134 229 132 248 194 158 52 89 217 78 191 187 219 173 57 32 228 239 43 41 168 149 
68 : 226 135 111 74 26 185 189 230 187 217 177 84 236 85 37 50 219 206 239 44 106 169 101 52 94 215 138 35 165 75 66 73 128 105 197 86 193 65 81 234 242 55 33 88 
69 : 65 87 199 38 135 209 172 160 228 217 235 31 245 216 32 145 57 28 74 147 93 167 149 143 158 107 79 
70 : 65 213 161 156 79 147 71 171 238 198 48 36 143 86 49 106 95 192 158 97 92 117 248 122 58 157 234 120 202 107 33 246 206 82 121 35 37 242 89 132 115 102 88 125 32 247 101 220 174 40 60 
71 : 129 180 249 166 113 188 70 138 75 86 209 61 30 139 183 153 128 32 247 151 169 210 170 100 74 88 57 
72 : 140 51 229 203 166 110 215 177 171 192 160 151 236 176 193 105 117 223 133 136 231 112 53 58 68 103 135 111 50 44 184 154 225 206 129 54 175 190 144 240 27 241 30 84 204 43 122 227 124 221 119 83 114 161 56 116 115 52 169 102 243 150 179 186 156 132 217 157 209 69 234 249 78 81 46 72 139 246 201 202 237 213 101 38 39 80 187 74 131 
73 : 79 88 69 57 45 62 47 135 204 31 217 36 203 236 221 219 167 181 151 178 43 143 107 51 121 48 109 113 75 119 173 153 138 101 44 249 209 123 166 192 137 198 147 235 214 27 90 91 81 213 58 142 228 161 215 186 155 49 106 184 157 132 60 124 80 71 84 136 77 133 67 53 95 96 
74 : 130 231 165 72 246 210 193 133 216 135 159 213 171 95 100 29 87 174 209 46 206 57 207 186 138 84 215 150 179 76 71 180 194 212 41 123 61 116 199 124 169 108 225 85 163 79 214 170 234 164 176 82 68 151 54 33 155 190 60 58 66 205 101 56 59 148 192 34 126 162 203 43 144 233 77 115 137 63 140 173 91 39 
75 : 218 178 100 115 249 56 208 66 87 108 90 116 83 177 244 102 49 174 245 89 37 227 99 132 145 93 238 179 52 104 46 138 212 159 123 69 131 42 161 92 78 186 32 223 217 233 25 155 97 94 74 184 144 158 162 80 216 110 200 
76 : 89 53 80 212 185 28 123 238 115 46 131 171 173 124 122 144 206 169 39 31 76 117 66 128 127 182 95 190 136 108 216 211 107 29 243 198 155 42 88 241 187 150 63 175 84 60 37 166 186 57 119 113 134 130 68 153 34 189 125 203 215 145 232 174 202 156 62 102 104 226 229 
77 : 117 163 235 218 187 209 69 133 75 116 102 96 141 126 191 128 119 71 152 56 103 50 67 208 239 154 178 155 107 215 70 92 127 28 95 171 166 39 145 111 82 37 98 55 112 221 88 150 249 
78 : 180 217 83 87 137 214 40 165 158 134 89 198 185 196 169 60 248 240 247 80 194 138 55 230 88 51 172 249 32 218 142 106 184 
79 : 74 243 245 42 230 181 249 109 132 77 147 195 115 66 233 90 32 47 130 41 174 111 241 92 91 124 125 35 232 58 33 40 149 157 227 84 127 223 165 63 69 184 237 113 
80 : 216 161 158 160 74 43 175 68 100 246 63 173 126 57 108 124 224 241 177 242 133 247 194 72 244 211 183 226 76 92 87 113 218 91 236 30 147 28 217 248 201 109 157 131 193 186 39 
81 : 162 177 26 94 95 228 201 76 46 237 222 209 119 167 105 185 223 86 182 69 146 225 204 51 58 140 102 234 71 174 101 248 85 133 72 190 108 
82 : 86 164 144 32 53 208 139 120 138 55 220 78 231 70 43 63 159 108 188 134 153 131 69 48 249 47 97 33 82 31 126 100 137 38 65 211 68 229 214 152 127 248 73 234 60 230 156 182 232 88 132 198 173 37 227 238 79 166 96 215 113 46 121 91 99 105 168 205 75 57 200 244 111 142 141 247 101 189 197 178 160 
83 : 231 148 156 28 43 201 158 104 186 45 236 234 80 182 100 198 146 38 36 159 224 127 219 76 191 34 163 61 88 85 113 132 212 209 170 29 238 107 49 245 32 81 242 78 237 48 149 208 125 172 134 223 164 115 121 59 114 33 
84 : 184 235 197 225 32 150 69 134 50 194 79 135 148 29 170 44 117 37 114 76 213 107 210 38 189 223 165 57 116 182 246 214 68 91 26 183 51 43 105 126 233 48 175 132 106 74 218 65 72 234 75 248 58 54 143 78 187 222 101 52 71 238 113 156 53 124 145 198 228 221 33 177 179 25 93 136 217 42 63 49 84 164 130 73 61 
85 : 212 229 93 139 169 94 29 142 48 65 92 129 138 36 126 188 154 90 57 109 146 91 196 66 120 163 103 182 234 172 222 28 26 236 79 226 27 55 162 121 197 141 86 33 114 82 96 98 218 69 173 31 133 175 249 160 157 193 233 80 131 194 165 168 38 39 187 
86 : 181 179 246 202 96 204 29 124 41 116 185 61 94 247 226 126 152 157 187 176 120 76 208 182 190 60 134 199 155 229 49 74 209 102 234 64 51 71 73 87 189 218 172 194 237 205 227 164 154 143 168 81 55 183 39 66 92 137 236 35 112 174 32 
87 : 239 158 74 124 225 230 247 67 164 113 36 137 236 27 81 92 112 233 80 90 228 99 38 215 28 168 68 185 234 180 167 103 192 72 186 160 199 149 144 73 111 76 45 203 97 114 118 37 189 119 87 193 191 244 143 105 157 224 129 86 79 116 184 59 121 75 66 188 229 154 
88 : 116 210 233 125 123 60 93 129 218 234 63 54 141 151 192 212 158 138 204 219 49 122 124 230 207 135 231 101 215 228 187 131 167 232 89 200 180 29 97 108 32 114 127 33 111 152 217 147 142 73 166 40 45 110 169 87 37 98 172 209 211 236 46 193 76 196 208 145 92 154 225 31 237 195 241 247 59 227 201 171 206 148 64 56 119 198 
89 : 128 126 185 142 89 236 42 40 108 209 205 119 62 208 221 43 45 80 53 173 204 199 184 96 48 212 77 115 153 223 60 87 168 202 226 49 123 81 36 176 232 182 63 34 84 
90 : 118 237 60 236 158 235 119 195 48 91 180 147 192 99 166 44 78 121 106 82 126 102 51 56 90 32 81 143 69 96 228 64 27 132 55 131 181 73 
91 : 160 210 31 67 57 235 94 156 239 150 81 35 206 163 207 120 106 245 219 155 223 202 209 131 26 101 48 79 249 134 136 104 149 132 190 92 161 194 129 157 71 195 76 
92 : 114 32 199 193 66 113 186 158 219 111 167 94 93 99 71 230 217 123 84 249 78 236 189 25 198 54 48 65 120 40 225 170 162 214 237 223 69 34 232 245 41 118 87 221 106 33 51 213 153 110 61 147 42 49 68 197 140 172 196 55 247 227 
93 : 32 169 53 57 177 202 158 210 191 103 106 160 59 69 88 97 122 56 51 44 215 121 205 228 99 111 239 193 248 172 247 139 225 38 104 206 60 73 140 216 61 77 133 243 246 54 237 128 174 100 36 91 43 40 200 235 71 41 227 48 108 221 49 132 74 125 114 186 78 180 218 52 135 196 
94 : 42 87 207 65 184 165 38 123 237 29 77 122 226 241 136 219 83 85 110 224 78 210 59 52 191 93 105 195 32 90 166 121 159 28 36 55 236 190 99 192 246 31 213 71 146 140 98 
95 : 52 71 134 131 211 76 221 133 70 188 130 123 169 47 55 187 200 197 171 220 248 231 199 237 109 242 136 194 232 144 29 83 167 50 141 116 66 84 91 36 230 93 202 170 182 120 175 152 215 192 72 112 140 102 174 128 121 222 90 39 212 244 196 92 126 26 64 225 185 246 186 42 236 33 129 227 204 97 34 226 165 119 53 67 80 
96 : 57 238 102 166 178 175 66 152 32 230 218 83 99 91 55 207 243 155 176 174 54 122 216 111 110 196 213 104 50 184 130 156 163 80 154 47 62 107 244 158 46 105 118 209 221 33 199 72 204 101 234 208 26 183 168 35 100 112 96 146 84 233 
97 : 71 110 57 214 155 80 225 44 242 165 131 32 203 81 55 206 48 183 175 29 205 42 191 105 247 178 28 173 215 187 244 52 152 221 199 226 220 33 99 35 38 154 135 129 170 143 164 94 210 86 118 66 85 158 56 138 92 84 82 69 219 232 61 160 197 116 207 241 112 53 63 134 97 54 39 132 31 101 
98 : 247 57 29 245 224 192 187 53 28 36 64 41 211 209 141 69 198 178 205 208 61 50 241 75 136 126 
99 : 195 138 242 68 164 54 49 170 33 89 185 191 69 174 74 121 144 203 46 237 235 150 52 103 41 66 120 148 112 153 160 193 126 59 36 128 143 71 57 122 114 123 67 32 216 194 29 105 222 161 80 154 136 118 134 
100 : 29 120 149 63 189 88 78 243 174 146 169 70 127 158 177 55 76 139 129 229 86 47 142 249 213 60 135 234 167 193 176 200 156 134 67 205 196 71 217 25 119 56 130 222 72 138 163 103 91 218 248 175 226 83 106 104 121 61 32 190 202 153 43 113 123 89 40 219 195 238 35 184 155 81 84 140 240 94 186 245 206 
101 : 70 41 240 72 192 158 164 234 217 35 171 31 42 149 151 93 128 27 141 191 161 75 123 168 145 44 138 181 83 37 210 207 237 
102 : 145 93 146 190 187 41 238 98 96 230 95 165 48 203 167 61 63 40 62 168 112 92 58 35 118 212 233 105 131 171 215 241 175 223 182 157 80 82 248 97 91 111 221 43 122 150 49 179 143 77 149 204 144 152 54 155 186 130 128 106 242 67 156 31 55 60 123 249 222 27 211 213 
103 : 124 25 105 147 46 116 175 104 100 180 176 164 220 178 202 170 112 87 212 174 221 205 155 216 113 58 195 241 80 142 248 65 157 101 162 169 75 239 209 136 218 226 197 151 47 70 56 204 158 82 27 28 177 109 217 61 185 88 165 194 60 233 38 
104 : 80 26 129 168 81 125 249 73 143 193 118 239 171 56 50 214 210 126 36 48 116 30 230 244 117 167 194 192 187 71 77 46 33 153 95 238 98 223 170 79 164 131 215 124 177 64 154 99 207 61 85 35 44 128 115 136 106 134 246 132 112 
105 : 198 184 135 217 25 109 42 171 64 52 108 92 83 223 60 138 75 51 123 154 231 177 216 227 134 118 62 112 78 35 66 100 133 214 27 29 239 170 181 153 243 207 206 236 147 
106 : 226 118 158 233 125 145 132 47 221 90 76 130 155 57 63 129 60 165 80 228 93 242 138 51 149 103 48 152 110 44 94 249 74 213 184 123 143 137 237 122 62 241 167 27 126 204 114 109 203 231 101 211 222 
107 : 103 238 136 169 115 127 219 78 162 60 150 59 41 149 81 131 223 121 201 191 107 186 76 249 165 30 161 157 133 29 147 221 239 96 182 141 45 43 39 120 124 68 63 31 172 166 173 248 101 208 138 183 155 207 75 102 203 237 27 192 240 88 197 242 215 195 36 40 34 50 247 187 84 236 85 146 128 42 178 109 65 91 209 167 114 180 168 74 
108 : 40 100 248 178 179 46 148 160 51 157 55 75 118 101 225 202 230 99 80 155 94 244 82 43 25 76 58 223 68 62 79 146 70 106 214 219 140 84 123 245 102 36 27 31 226 47 217 60 154 174 213 45 198 249 
109 : 52 46 201 249 232 97 82 175 161 96 116 210 152 35 241 132 51 166 45 247 127 195 170 217 117 50 129 34 231 92 61 95 65 91 75 229 207 233 194 214 107 40 60 33 43 184 134 212 56 169 221 126 54 59 238 69 80 213 47 211 200 125 27 98 174 90 41 29 139 64 118 105 239 100 48 135 66 57 26 149 62 171 73 172 230 36 155 
110 : 238 219 226 189 190 217 68 161 71 115 101 197 29 224 157 227 213 228 207 37 127 129 57 122 199 163 74 241 73 52 39 187 140 249 60 61 176 63 209 81 84 174 151 154 169 110 211 247 
111 : 70 215 143 205 142 198 232 145 61 83 124 40 64 101 230 155 45 240 103 210 237 53 196 68 246 120 102 186 39 108 80 172 82 121 105 229 153 123 225 242 212 50 139 234 214 165 126 130 161 31 189 206 58 98 191 213 131 223 151 110 79 78 30 33 199 
112 : 68 58 175 198 55 27 205 60 195 132 217 91 157 178 82 74 218 193 81 117 77 152 233 47 97 207 191 163 145 38 92 243 72 116 88 210 
113 : 236 27 170 119 56 160 67 148 69 103 48 80 126 145 231 41 214 106 111 97 113 118 196 84 167 
114 : 206 77 203 88 134 116 35 85 182 145 208 93 56 28 58 164 176 44 219 133 90 41 170 70 37 167 141 154 50 54 40 34 115 114 136 127 68 108 147 186 105 207 210 
115 : 47 91 40 168 151 99 222 90 217 161 243 114 120 32 55 199 180 193 176 79 121 201 110 246 204 207 107 75 179 100 50 129 146 194 115 247 26 81 192 233 162 106 167 74 69 137 44 143 223 58 80 93 218 240 182 200 87 34 111 197 62 29 242 156 109 33 30 183 113 117 221 244 152 119 231 235 25 
116 : 128 151 75 138 28 130 83 34 87 110 42 189 36 247 208 85 71 150 176 218 157 117 202 48 166 118 203 183 54 29 185 153 152 96 123 77 113 205 91 178 126 78 139 162 244 76 88 94 27 30 82 136 236 175 156 50 122 31 231 
117 : 214 203 192 148 225 150 103 91 145 237 45 170 178 134 153 67 124 236 49 118 81 95 35 205 73 85 31 195 149 208 245 210 172 136 229 42 101 56 233 173 64 216 129 123 62 246 156 244 44 177 179 198 122 151 121 109 232 28 61 137 224 242 72 55 94 
118 : 31 222 205 160 127 66 87 197 107 173 232 56 221 218 103 100 126 234 99 204 181 128 153 141 240 131 192 184 157 199 236 241 
119 : 88 50 222 232 192 49 113 187 183 240 247 104 114 124 110 146 161 159 39 68 221 32 33 173 78 147 34 145 150 80 180 45 90 134 215 55 25 224 76 144 137 40 
120 : 218 72 93 196 113 245 131 106 208 111 91 144 45 54 227 219 103 121 239 152 191 58 199 240 172 33 186 60 96 163 32 120 157 101 84 220 210 155 125 223 192 67 110 185 221 75 170 217 30 116 167 147 230 35 200 209 95 156 124 169 225 112 197 48 40 55 235 99 68 94 79 57 74 117 
121 : 210 68 148 144 67 170 167 114 118 189 128 176 244 134 84 130 37 155 139 105 156 117 116 79 90 106 234 108 182 49 178 62 48 215 124 181 245 230 61 194 180 217 77 97 196 240 185 92 59 58 93 86 103 65 166 231 36 183 123 40 126 163 73 205 201 127 
122 : 222 59 152 65 136 223 135 30 159 188 95 228 26 157 245 105 67 113 115 234 221 126 187 123 106 129 176 207 160 231 100 197 200 84 71 92 51 240 133 83 74 107 170 35 141 145 55 235 63 36 49 61 131 177 218 143 146 215 211 110 232 208 227 47 155 248 205 70 68 181 101 128 124 
123 : 155 75 46 197 95 213 158 193 246 81 151 146 145 99 136 97 247 102 131 126 40 120 182 166 48 101 118 205 157 183 230 127 192 245 111 115 152 72 52 26 89 173 71 57 172 164 154 221 227 187 77 142 39 98 228 156 91 178 132 194 58 176 38 96 122 
124 : 27 107 46 178 238 173 249 171 85 116 75 186 203 230 225 81 189 197 135 97 48 161 207 33 176 90 204 211 215 168 121 
125 : 146 44 151 203 150 122 181 87 88 172 205 185 195 187 127 228 145 47 165 156 110 100 108 129 56 194 
126 : 91 163 124 211 249 45 94 176 219 73 72 174 102 145 129 167 68 157 244 65 240 39 200 58 71 183 29 221 78 110 59 162 57 119 120 111 34 116 137 26 181 230 54 173 241 182 191 86 62 84 107 198 242 
127 : 105 180 50 47 146 55 197 174 162 236 221 204 104 41 213 232 48 30 198 167 173 159 62 166 51 116 96 25 34 59 127 79 215 31 43 184 129 89 118 151 68 78 126 84 189 172 217 157 112 122 93 218 91 228 109 71 100 170 186 211 244 158 67 229 153 223 120 241 196 247 35 195 138 240 140 208 42 
128 : 210 179 90 140 112 56 53 149 231 194 183 171 120 215 134 39 79 118 209 207 94 188 65 168 63 116 191 153 97 34 238 214 178 103 158 219 99 174 201 137 
129 : 234 245 172 64 67 204 72 109 118 211 214 192 60 226 100 78 158 86 198 227 73 27 244 116 155 145 151 106 222 35 196 140 187 249 127 157 167 111 169 59 141 32 83 80 90 180 89 233 81 195 77 50 
130 : 26 173 39 185 64 66 240 230 115 241 117 227 41 75 72 67 79 198 74 87 139 202 103 136 164 195 163 77 199 247 84 184 127 138 69 113 91 245 234 78 221 30 177 181 206 211 124 222 70 187 128 34 73 157 208 92 150 135 28 118 32 248 120 68 140 59 108 132 48 190 178 53 107 
131 : 224 127 241 225 102 233 161 128 120 109 86 153 72 45 189 79 220 186 115 203 108 150 33 245 157 125 164 137 40 195 74 207 36 44 61 55 118 187 216 223 167 199 166 26 158 143 217 129 222 237 90 152 93 235 77 84 107 58 80 64 134 212 184 148 230 32 66 34 247 176 122 242 219 182 
132 : 163 218 201 158 141 168 127 186 44 203 61 46 227 134 246 162 210 85 209 136 25 239 244 224 124 84 237 115 149 169 248 72 
133 : 215 144 219 136 183 165 77 50 179 86 39 154 109 68 181 83 128 47 198 177 226 25 228 43 26 111 70 156 59 45 151 135 32 122 96 249 173 217 242 129 27 56 178 85 114 94 190 137 64 167 33 69 234 126 159 66 97 48 169 103 237 29 84 161 180 223 117 171 233 210 49 218 
134 : 51 64 60 179 75 187 27 162 135 181 133 189 29 113 93 41 173 169 200 154 43 40 31 63 126 72 153 78 233 237 243 205 190 118 102 245 197 175 224 116 
135 : 33 237 166 236 87 45 129 208 218 32 130 215 65 134 163 37 230 235 197 96 100 55 82 116 187 86 123 31 240 153 117 189 115 59 139 169 185 25 80 109 36 30 95 233 193 133 69 207 127 92 43 118 125 174 172 225 
136 : 127 78 82 201 36 205 121 37 72 59 154 93 50 97 114 190 102 69 29 122 132 164 213 189 106 54 141 79 131 125 25 207 146 194 
137 : 96 79 219 238 47 129 109 29 233 235 191 99 81 73 49 43 164 176 136 92 170 202 228 50 153 180 140 214 39 239 30 27 57 38 130 244 159 70 77 222 240 142 118 149 241 218 132 112 144 72 123 165 106 168 26 209 146 86 162 229 69 150 34 124 193 194 216 217 175 33 68 163 131 204 210 134 196 40 231 
138 : 202 139 42 43 93 67 235 207 90 96 163 151 193 140 200 179 183 80 222 219 72 68 56 215 175 
139 : 47 29 242 111 214 237 104 51 119 234 65 96 116 85 155 95 99 204 70 75 154 46 248 182 147 169 239 210 90 41 64 144 224 56 219 236 79 63 200 149 238 233 86 141 42 26 94 213 83 163 39 37 223 43 76 153 228 246 
140 : 25 226 98 190 183 96 75 189 199 129 167 224 27 101 51 240 195 79 198 99 232 97 64 169 197 136 62 118 217 49 210 114 148 54 156 176 229 238 90 165 220 92 109 72 94 137 147 124 141 159 237 243 154 122 34 249 38 56 242 77 143 88 28 162 104 235 73 248 120 116 170 60 139 145 233 130 182 157 207 84 247 239 219 57 131 
141 : 90 199 64 211 61 33 196 174 166 52 83 219 228 160 116 158 230 205 25 126 203 175 232 105 237 30 
142 : 31 129 238 25 191 76 65 68 71 123 103 88 143 77 149 47 213 226 168 125 36 235 185 146 73 94 233 58 210 231 37 33 228 177 56 29 241 84 32 197 135 86 97 64 190 175 41 198 49 211 60 215 113 81 245 42 128 
143 : 242 230 208 55 35 32 113 129 98 78 247 26 79 164 243 183 158 168 162 130 52 142 42 203 187 70 151 63 45 47 182 28 101 76 65 204 244 116 214 198 172 40 41 51 82 141 89 123 66 91 177 118 114 192 221 120 165 202 235 49 138 228 191 199 146 249 145 217 62 127 170 
144 : 187 129 108 216 155 179 27 113 71 139 240 167 42 176 61 173 50 46 185 73 87 157 238 29 47 117 242 239 133 163 115 26 103 38 85 161 198 49 40 153 
145 : 47 74 157 35 108 172 100 127 241 75 123 249 222 193 115 203 42 179 103 81 160 31 83 231 240 228 82 
146 : 33 242 238 144 208 111 110 89 240 48 54 61 25 99 59 188 150 84 97 226 137 205 39 200 247 95 165 127 211 80 196 58 35 185 115 248 220 162 143 135 223 129 109 232 215 198 40 51 120 122 221 128 26 176 159 77 206 107 213 138 222 147 67 243 29 204 217 190 85 112 28 203 64 245 65 153 219 57 98 141 38 75 227 
147 : 113 207 115 118 78 53 101 83 70 28 123 105 87 233 61 110 57 66 100 242 231 247 170 172 26 197 167 245 144 193 139 50 237 200 82 203 221 48 185 174 202 109 206 43 49 181 77 92 234 175 41 81 117 159 244 52 71 218 153 215 90 126 59 178 116 114 93 63 86 228 72 155 151 75 189 76 163 176 97 219 98 
148 : 41 90 239 176 234 39 69 159 47 165 244 72 91 230 87 224 78 79 192 249 166 34 220 122 119 62 187 88 226 
149 : 97 192 241 247 223 227 36 111 230 94 236 211 229 225 43 70 162 234 46 74 63 68 212 30 246 206 124 182 121 31 103 167 117 137 71 84 172 34 
150 : 202 116 92 168 122 50 85 25 223 206 147 227 81 52 188 143 235 158 123 150 136 65 28 105 205 51 91 222 29 209 140 48 80 228 77 138 37 234 229 132 63 35 186 98 26 56 53 66 160 151 216 241 83 245 49 162 219 177 100 64 249 82 187 164 184 165 192 60 115 
151 : 104 66 67 213 34 93 81 201 221 77 139 233 163 55 143 127 38 111 132 49 217 200 189 46 172 130 199 160 207 41 28 210 153 90 116 204 72 243 100 107 151 65 155 124 142 109 59 188 48 240 103 216 27 133 52 231 171 212 169 94 179 144 125 191 126 
152 : 89 140 120 157 122 90 31 41 247 124 168 219 226 115 76 171 26 248 136 195 183 232 85 193 208 83 222 234 66 178 103 202 192 131 25 249 238 80 149 100 123 72 55 167 215 84 225 176 87 160 48 185 181 150 159 46 204 97 154 77 32 42 119 236 60 218 200 152 139 27 188 145 189 224 169 114 101 37 245 68 54 
153 : 65 206 63 128 125 167 172 244 219 70 203 202 124 66 136 245 108 145 130 62 84 78 217 176 231 148 98 189 47 249 95 59 94 162 43 146 201 72 118 30 56 29 226 224 42 44 170 228 69 223 194 74 57 138 210 229 76 99 50 218 102 
154 : 123 183 159 170 128 166 197 219 88 187 145 75 142 226 129 131 113 105 46 40 238 165 247 37 65 101 146 49 139 72 109 121 63 140 130 174 67 143 120 103 98 70 192 93 157 102 208 41 229 94 171 215 89 212 77 205 43 58 39 56 151 148 190 244 125 249 204 117 45 234 184 155 246 85 189 199 233 66 71 60 153 54 126 172 207 198 161 134 
155 : 159 48 85 68 30 107 44 76 134 182 212 33 58 104 34 199 82 153 141 96 75 94 37 121 241 36 27 187 165 238 26 136 53 39 31 138 47 160 
156 : 61 229 55 131 112 106 89 249 75 114 159 46 204 164 125 221 144 122 87 180 67 186 102 72 240 165 39 110 161 228 68 116 69 197 236 129 113 95 147 215 218 167 50 77 169 217 78 219 156 210 178 44 47 149 242 227 37 166 38 202 42 30 48 173 31 220 132 207 136 27 
157 : 100 133 107 167 178 49 225 91 132 61 193 102 30 229 139 53 156 154 244 35 114 171 236 152 234 75 155 237 163 74 206 105 223 31 69 94 205 160 176 248 183 221 126 89 62 195 47 78 77 213 215 43 216 184 168 150 67 174 109 55 88 162 80 249 124 179 65 115 87 173 76 38 39 81 70 233 246 189 235 
158 : 182 98 50 36 57 156 102 150 229 86 209 210 180 117 120 38 193 211 246 212 231 51 214 48 56 197 95 92 65 232 172 25 76 181 199 215 223 174 173 100 103 225 136 80 124 151 201 220 244 169 109 84 132 188 154 
159 : 92 98 47 185 83 51 37 164 235 140 238 221 206 162 215 112 28 52 217 125 143 165 249 201 225 234 156 
160 : 212 102 196 160 150 194 240 71 226 245 61 185 151 168 184 187 228 29 247 237 47 177 198 193 242 108 125 92 101 218 144 38 129 172 113 221 27 234 229 230 174 25 60 97 50 156 100 182 180 116 214 42 133 41 223 
161 : 107 47 196 138 74 189 211 55 160 51 41 248 27 133 166 123 106 111 86 139 75 221 230 175 102 45 220 70 142 146 226 84 198 78 187 194 26 60 223 61 134 184 236 229 64 247 82 147 98 188 116 104 79 215 33 122 135 246 131 177 39 128 63 62 143 126 110 249 48 207 25 180 81 199 
162 : 43 88 206 89 165 111 63 132 27 218 158 72 247 194 131 57 134 94 178 180 188 197 183 229 249 55 146 37 42 227 32 118 163 66 208 54 205 225 44 185 67 201 126 
163 : 118 55 234 71 83 170 246 106 219 247 35 75 57 237 194 197 240 69 88 121 42 213 114 157 184 195 82 132 147 140 228 98 181 207 211 130 38 58 92 160 74 131 122 52 201 151 204 79 77 209 149 186 173 116 73 37 239 150 238 220 40 117 68 31 227 48 145 56 152 101 199 53 168 43 169 54 29 218 190 198 25 
164 : 36 132 149 236 237 91 113 247 159 221 106 144 220 82 119 104 166 121 90 63 89 212 238 122 117 50 77 40 39 105 242 
165 : 80 61 141 150 120 117 234 130 238 79 140 43 41 215 38 155 205 83 196 57 121 25 29 111 239 62 208 48 185 243 30 181 128 64 75 84 178 87 125 170 63 192 187 112 146 91 93 42 176 31 88 174 204 119 245 158 92 230 44 97 194 67 55 109 180 188 231 127 169 65 52 69 90 46 89 54 216 96 209 47 51 171 133 183 145 203 247 189 202 
166 : 122 237 202 161 197 102 119 52 46 37 88 35 140 229 100 227 171 105 120 132 130 44 70 111 107 128 249 150 126 195 58 61 74 82 209 168 206 110 157 160 218 174 141 69 164 34 178 67 121 156 149 193 87 
167 : 52 150 66 140 100 63 149 209 174 123 88 40 238 112 125 67 153 232 151 200 114 59 195 224 69 203 134 152 101 99 36 143 80 196 179 139 61 89 161 241 171 49 168 43 111 162 98 44 223 46 245 103 206 119 191 192 130 240 187 199 75 55 189 188 215 169 29 73 163 225 102 87 227 34 
168 : 117 34 108 187 135 176 92 204 195 199 65 231 211 214 236 198 153 99 58 89 121 41 62 101 218 245 136 162 109 182 113 145 139 119 223 196 142 149 140 38 160 26 232 148 146 167 54 82 110 138 56 125 124 37 35 91 
169 : 60 57 107 139 98 153 193 29 154 62 61 215 66 89 73 110 142 168 174 43 26 169 202 140 25 200 53 232 119 246 128 238 166 205 223 221 248 143 81 165 125 45 222 80 83 127 123 109 230 121 52 47 75 122 58 178 63 103 239 183 160 79 48 247 70 182 116 108 172 131 167 
170 : 124 181 38 50 30 34 28 56 166 229 152 137 112 230 95 162 165 62 169 198 77 235 217 42 145 139 99 79 33 173 27 245 54 101 67 175 246 232 155 189 240 58 41 159 228 187 72 105 185 96 203 156 93 74 186 141 205 111 
171 : 95 223 112 202 200 130 116 110 208 132 136 201 60 54 158 28 73 108 225 118 86 209 59 183 212 211 199 154 172 213 43 221 39 153 244 44 215 161 137 92 226 67 37 171 168 224 83 33 70 236 120 178 80 238 87 218 188 173 26 148 210 63 101 61 144 246 139 248 58 
172 : 37 100 174 34 186 94 59 223 27 64 227 144 137 113 237 122 217 69 168 202 84 242 128 207 30 239 205 46 222 238 104 70 135 138 131 204 246 55 39 
173 : 228 123 133 154 43 159 120 95 106 57 248 26 112 179 171 124 158 164 75 115 234 77 78 125 198 61 160 170 138 163 194 33 200 128 71 25 72 100 62 211 191 137 114 121 104 229 87 63 28 134 226 215 180 127 113 119 157 242 
174 : 101 91 29 178 221 186 27 43 220 40 237 195 46 199 41 204 26 232 118 129 163 110 207 158 185 65 
175 : 32 205 117 55 86 81 162 38 229 151 160 87 198 58 76 25 246 199 158 181 66 42 245 201 152 209 27 82 193 179 39 46 174 215 125 63 235 175 137 106 40 138 163 230 149 213 103 92 150 100 141 51 171 54 249 180 99 52 142 30 107 248 62 67 172 194 89 192 
176 : 57 138 152 209 47 150 229 54 69 36 228 94 123 116 38 214 117 249 41 169 144 168 53 220 162 215 
177 : 81 210 214 226 109 127 111 202 160 243 91 75 158 85 30 212 112 102 242 236 220 144 131 41 116 227 185 196 77 125 37 223 191 61 33 83 38 171 72 161 64 207 245 60 147 57 232 113 121 108 47 
178 : 211 129 140 136 227 175 241 57 83 100 148 72 45 165 207 48 78 122 54 182 134 125 242 95 193 206 240 
179 : 129 72 74 186 86 36 42 233 156 209 90 236 34 222 183 100 228 91 145 161 210 128 70 82 127 32 107 66 205 224 248 185 103 54 132 245 123 240 63 230 214 231 201 226 143 225 41 194 101 163 175 93 46 184 232 25 39 35 136 138 211 102 182 152 106 216 69 162 68 243 119 157 48 122 
180 : 185 191 187 115 240 37 111 97 124 134 190 34 33 66 104 41 51 44 106 82 146 246 166 248 207 193 199 55 83 169 122 241 186 239 77 229 64 89 184 143 92 170 150 57 162 79 74 227 147 159 39 215 85 31 195 47 91 86 127 167 28 108 221 161 50 88 
181 : 249 121 98 127 182 117 177 27 30 150 131 165 191 186 116 187 76 113 134 90 64 244 210 166 56 71 83 151 160 220 149 194 81 195 248 119 176 197 96 126 57 222 180 239 44 38 99 31 95 43 67 203 153 213 115 75 211 204 158 45 155 148 
182 : 39 179 62 65 89 175 83 36 76 171 87 199 189 244 74 141 82 226 30 223 237 201 192 118 67 217 186 151 152 63 246 131 105 119 102 241 233 242 26 104 124 150 249 31 158 145 
183 : 156 244 28 194 239 50 82 100 31 191 116 96 121 150 175 211 98 68 146 151 45 206 154 101 140 95 193 213 86 70 92 120 169 63 
184 : 192 80 191 110 194 234 228 197 212 123 52 241 130 102 57 183 88 89 179 175 226 81 221 188 84 185 184 54 33 96 114 148 153 139 76 53 122 132 246 133 124 100 214 199 108 112 93 168 118 59 121 152 117 
185 : 219 127 30 119 168 77 103 229 153 68 113 205 43 107 179 188 94 70 71 181 124 85 246 243 28 210 221 37 78 158 148 162 99 55 79 65 201 222 31 117 69 42 76 167 112 129 66 54 
186 : 117 101 53 236 237 128 200 144 69 39 34 38 153 220 143 177 161 214 116 68 42 149 162 124 114 206 31 191 219 81 150 113 165 218 157 201 57 87 64 160 145 100 
187 : 233 148 72 78 87 33 118 179 83 54 183 88 122 156 37 114 175 31 43 81 36 218 170 155 172 189 70 241 217 71 91 95 94 238 55 197 123 231 126 215 53 227 67 25 188 157 119 237 142 178 145 133 234 249 164 48 143 
188 : 147 226 155 64 61 161 216 247 162 214 79 42 159 66 56 34 87 80 83 52 73 70 177 157 55 107 221 58 53 233 25 193 138 94 229 166 103 163 236 65 131 203 77 212 114 43 209 
189 : 140 133 202 124 41 28 56 38 203 70 183 160 61 95 206 192 177 224 157 180 225 32 73 79 223 71 188 138 54 33 69 116 161 76 77 68 226 107 49 102 156 222 108 30 125 195 64 227 244 50 40 26 148 243 65 178 199 209 39 114 93 120 207 229 110 201 51 187 169 111 143 173 185 175 31 
190 : 241 104 140 183 147 48 186 88 70 51 125 82 172 151 102 168 47 96 35 244 149 32 103 194 218 154 233 27 213 116 121 226 180 126 175 199 25 46 137 42 129 146 63 37 120 131 95 246 106 211 91 
191 : 229 97 28 129 222 155 122 50 225 134 192 195 159 54 214 234 127 202 34 84 131 85 61 45 25 193 115 188 143 38 248 242 174 35 67 109 52 80 191 178 62 64 31 144 55 104 
192 : 240 71 169 153 135 60 133 38 190 182 84 189 208 150 200 87 183 206 246 181 41 39 83 247 237 140 173 194 89 249 196 
193 : 243 176 148 78 92 172 225 121 71 194 239 141 208 175 181 240 224 129 246 213 223 38 40 157 113 61 159 164 74 183 174 210 153 85 
194 : 80 29 61 42 204 109 89 85 153 67 47 140 163 196 186 241 129 180 208 167 66 77 174 88 221 164 95 72 59 190 191 200 151 74 243 36 149 203 178 41 49 229 240 96 244 139 168 83 52 75 116 26 177 143 122 224 51 184 145 
195 : 121 192 106 110 158 164 170 243 100 224 88 202 209 194 94 107 171 74 206 80 95 72 49 163 147 149 187 28 50 105 112 167 91 244 225 173 51 232 166 65 195 145 35 142 180 30 89 53 200 248 213 64 27 235 160 239 124 133 249 193 132 181 114 29 236 38 210 215 
196 : 139 160 228 187 33 121 91 129 108 201 192 45 144 88 143 40 205 64 137 111 109 73 200 230 142 102 249 198 212 173 99 247 42 
197 : 45 107 115 93 185 228 241 77 232 234 214 106 146 87 143 136 73 63 78 113 248 237 53 161 179 82 134 64 110 182 205 235 84 239 52 109 168 81 137 57 33 35 176 157 158 186 118 210 36 187 114 90 230 103 175 140 127 32 160 222 31 131 75 62 215 59 249 172 65 
198 : 42 228 128 213 101 92 161 165 160 131 80 211 45 231 130 93 29 41 110 174 39 247 157 58 117 245 115 27 200 95 76 73 141 240 229 106 94 86 108 235 190 81 43 227 232 37 149 172 53 202 35 198 33 248 226 51 237 132 158 152 180 173 90 121 125 66 77 102 
199 : 133 31 53 138 221 212 83 164 55 243 61 249 111 110 182 103 195 154 62 168 209 245 174 82 184 48 158 69 78 52 79 90 81 41 218 226 238 139 98 107 27 229 
200 : 247 71 64 37 155 28 166 123 212 34 102 127 228 111 238 218 222 69 107 163 237 225 63 121 240 176 89 169 152 182 209 213 162 43 149 142 90 223 172 106 119 192 58 110 93 193 173 125 226 79 215 51 91 96 30 99 224 167 159 104 41 55 
201 : 108 230 113 243 197 189 231 153 183 27 184 169 227 212 85 194 48 133 190 56 51 220 62 84 75 134 26 42 174 191 44 144 177 96 238 173 69 192 135 86 115 132 100 246 78 109 39 89 180 76 45 155 92 102 218 46 81 139 151 49 148 196 70 181 140 166 205 106 193 234 61 72 83 172 207 226 121 224 154 
202 : 117 225 187 80 89 180 42 149 179 78 68 92 88 236 211 126 47 109 101 222 197 216 189 83 113 202 52 74 133 63 213 120 35 136 238 153 198 188 142 150 119 98 169 232 59 208 159 209 108 44 46 128 210 171 233 248 64 155 36 215 134 55 71 184 152 
203 : 119 28 129 109 40 204 205 216 226 88 153 164 239 137 89 225 43 167 31 138 178 221 155 186 244 179 165 63 111 125 160 140 104 50 83 181 212 102 101 229 49 100 39 175 85 193 135 158 148 182 96 235 37 86 241 143 139 69 169 
204 : 233 84 27 169 216 133 86 160 69 65 196 26 129 67 141 205 80 161 99 125 52 188 116 202 107 58 90 177 219 249 228 191 138 221 121 98 210 145 131 144 244 93 34 46 215 41 49 66 176 230 94 
205 : 240 115 109 102 72 25 28 210 197 128 38 140 82 85 120 189 245 33 237 160 113 175 153 119 81 68 185 117 203 217 230 35 219 157 194 225 228 118 127 164 198 143 136 94 39 111 241 211 43 29 105 91 70 47 121 137 131 249 187 126 54 239 248 103 196 233 134 162 110 227 124 
206 : 124 113 198 89 88 169 78 35 228 227 56 174 142 245 231 207 86 58 45 136 92 145 41 108 53 34 184 120 48 243 159 154 84 119 115 59 65 186 194 134 164 248 175 221 127 60 222 95 238 239 38 125 199 
207 : 197 169 218 45 123 111 77 48 98 245 137 101 189 239 234 172 216 180 231 225 129 113 75 31 183 248 193 195 43 138 69 175 208 135 233 235 54 36 186 59 166 127 47 34 122 30 152 170 92 191 202 224 237 124 38 205 238 96 63 106 230 145 46 148 162 161 84 51 67 70 76 150 88 203 144 
208 : 44 179 245 75 111 79 68 149 246 41 87 86 167 150 80 228 212 116 54 159 90 147 188 50 91 175 204 96 192 51 182 25 125 26 224 145 124 60 220 222 28 164 221 183 200 101 73 126 244 61 195 107 88 
209 : 97 95 181 55 155 152 70 128 111 27 82 94 151 223 229 115 226 62 69 143 217 178 154 141 25 201 52 138 175 118 114 183 222 213 
210 : 63 90 161 154 135 53 190 55 130 44 73 235 40 97 196 42 33 193 223 36 103 102 155 248 226 45 99 242 167 119 68 108 50 113 74 29 75 177 41 171 124 
211 : 136 181 180 165 142 229 58 144 25 202 161 137 26 231 211 219 150 91 110 217 234 33 78 115 57 226 223 81 38 50 186 195 227 64 139 66 238 82 245 143 
212 : 72 78 94 216 204 103 218 127 247 128 156 149 207 159 141 27 174 39 25 146 155 57 81 178 129 248 38 76 85 98 101 84 206 123 138 214 113 67 83 142 31 68 135 100 199 229 243 40 203 88 195 77 170 233 121 60 62 71 131 212 82 202 162 37 211 87 133 244 234 
213 : 131 54 121 26 82 136 169 98 53 232 177 142 153 248 38 184 36 83 234 193 228 191 123 110 32 199 220 150 159 216 103 240 182 157 152 62 233 84 179 194 219 61 94 241 116 137 215 35 69 129 46 190 88 175 67 102 185 80 120 226 245 203 206 100 37 161 28 134 108 70 44 221 51 55 49 224 189 30 231 243 107 73 195 86 
214 : 117 137 35 244 167 106 155 182 50 31 90 210 199 32 36 119 91 212 29 86 124 75 37 207 195 128 239 59 48 148 54 132 109 161 169 81 156 80 200 108 67 114 56 149 227 88 206 63 107 198 197 238 100 245 234 71 249 219 178 33 133 
215 : 117 120 248 187 168 202 212 134 228 27 74 235 214 123 121 234 221 175 87 65 86 77 92 162 207 142 124 130 146 196 172 113 48 165 151 96 85 194 186 104 119 170 127 93 203 26 159 138 229 193 230 246 62 126 192 133 167 
216 : 115 139 78 59 142 29 32 49 119 104 38 151 124 178 102 164 135 202 243 248 162 106 206 220 159 148 58 117 126 219 125 25 70 169 138 69 75 87 230 39 145 198 215 137 28 111 167 197 41 140 80 120 72 100 146 60 237 150 57 131 153 52 239 91 121 183 
217 : 202 201 156 76 98 91 121 73 185 67 158 135 57 105 228 54 90 208 44 94 66 26 43 196 187 209 153 169 
218 : 215 121 233 54 169 217 171 179 128 153 230 51 133 164 82 170 113 243 211 140 200 46 120 59 91 55 98 142 29 168 95 96 60 129 114 204 111 209 177 28 36 195 134 176 193 187 57 246 84 112 126 69 77 148 160 47 182 151 231 32 64 224 139 37 33 103 130 144 97 145 241 89 228 80 189 50 229 45 26 34 
219 : 95 55 51 67 207 143 128 119 189 172 224 245 230 127 155 195 96 46 218 74 78 179 82 36 140 165 229 175 200 236 83 117 89 176 146 137 223 231 48 103 56 196 44 139 85 238 184 228 194 111 99 
220 : 75 239 240 238 87 51 68 247 50 72 26 111 44 191 208 34 184 70 145 108 40 83 212 136 38 64 54 248 114 164 104 36 109 182 81 175 33 135 132 204 117 246 122 236 52 143 217 215 167 55 162 130 163 39 28 221 166 196 139 165 42 49 203 92 91 172 225 230 245 74 45 249 66 69 32 137 157 82 155 176 47 144 112 60 101 159 202 
221 : 128 215 141 88 43 245 150 234 111 107 52 95 240 241 209 237 126 47 30 101 100 63 159 97 116 77 182 164 247 112 221 66 183 230 137 69 55 91 87 76 48 89 71 117 198 167 134 41 238 145 200 195 225 81 219 153 131 38 173 53 248 70 178 143 121 118 199 84 27 169 26 102 246 35 233 114 147 86 64 49 177 170 139 94 204 229 180 211 
222 : 240 209 50 191 158 160 68 113 140 128 100 58 89 129 192 82 29 204 36 232 220 105 101 74 219 171 30 109 188 94 181 79 57 116 168 73 37 137 121 33 195 242 52 51 115 122 71 180 53 222 157 190 142 35 215 32 
223 : 105 244 209 122 61 186 233 193 189 54 155 94 129 187 128 45 98 208 39 130 203 83 66 81 212 141 150 138 183 79 50 210 97 181 119 221 154 44 91 190 146 160 73 196 161 25 245 72 36 90 152 124 43 48 32 162 46 121 143 
224 : 182 228 155 171 63 125 72 36 205 60 120 150 233 26 170 136 76 141 106 238 31 218 124 239 62 217 247 209 189 154 219 84 196 109 163 117 88 51 199 45 102 166 116 56 126 67 128 220 73 28 115 173 107 79 241 147 30 37 215 213 53 167 41 119 97 91 186 140 230 25 174 137 177 71 151 90 121 232 236 206 33 
225 : 170 51 175 136 42 222 47 141 172 246 29 67 83 87 63 93 65 238 220 163 190 112 55 81 242 30 157 131 210 232 69 100 137 85 160 221 53 134 165 187 132 33 114 108 217 158 71 36 216 25 218 142 152 74 113 107 133 226 235 119 117 201 41 104 
226 : 55 177 126 219 197 243 240 170 139 97 194 83 63 191 162 226 37 50 53 239 73 128 213 79 235 27 242 90 104 54 86 61 142 52 101 188 230 60 212 137 159 125 236 228 200 224 94 129 132 192 163 231 82 184 32 68 166 109 78 156 42 186 107 171 237 39 102 169 182 176 221 106 
