0 : 126 122 81 224 48 103 148 42 75 131 157 129 225 28 176 186 49 163 185 221 61 228 50 45 167 52 120 108 214 193 150 154 111 229 60 44 183 155 54 246 187 162 194 76 67 123 128 203 170 179 88 212 237 240 245 151 196 114 141 137 153 101 
1 : 239 122 180 29 206 119 208 131 84 171 83 173 42 174 161 166 87 216 200 48 31 159 143 196 186 183 170 129 190 207 191 32 127 106 73 162 91 154 192 198 33 72 93 64 230 249 160 177 205 220 
2 : 169 89 97 145 51 190 28 189 142 220 120 198 109 36 57 71 217 129 95 133 107 101 167 72 65 244 121 102 214 119 183 159 171 215 35 165 218 246 192 84 130 53 172 68 93 
3 : 191 119 171 127 174 134 124 176 168 27 248 157 44 206 138 164 141 107 177 198 89 236 48 132 230 64 170 195 42 183 130 100 31 66 28 224 189 92 215 129 84 50 131 113 193 112 240 90 52 184 93 63 39 196 88 169 41 126 114 72 163 202 205 38 123 73 148 79 187 161 87 238 125 85 49 101 175 96 
4 : 62 148 220 28 76 78 136 200 141 39 112 129 213 96 204 178 132 52 50 126 54 155 156 197 42 193 104 202 170 169 73 55 215 180 44 118 174 210 249 29 35 152 239 32 65 120 159 105 185 56 108 188 75 209 127 195 94 47 221 57 219 208 216 107 58 192 103 161 133 165 187 130 119 206 40 
5 : 84 165 82 109 228 132 133 249 149 94 32 135 38 218 240 80 78 34 134 170 238 36 190 153 53 156 55 98 219 161 91 47 119 129 107 141 189 81 210 169 148 216 125 
6 : 247 219 246 60 100 79 242 25 231 153 203 196 59 57 166 182 213 151 44 121 200 208 76 163 55 142 74 207 150 139 167 41 211 209 33 198 65 43 102 192 
7 : 60 105 70 121 101 138 246 102 48 57 152 50 207 55 34 64 77 222 134 43 92 221 107 223 73 75 106 85 131 115 71 46 155 137 171 
8 : 231 44 51 183 32 101 166 151 201 28 149 223 144 41 139 148 107 209 66 78 194 211 125 197 188 57 249 236 87 206 226 65 163 39 224 99 86 162 37 244 56 170 229 212 218 69 31 171 181 246 179 157 233 91 235 176 239 242 213 126 135 225 110 121 109 130 238 221 53 
9 : 62 242 189 66 191 68 179 202 241 34 167 244 201 83 76 134 225 38 52 138 162 236 156 235 63 82 155 27 81 196 53 88 221 69 184 207 25 57 56 
10 : 69 222 223 217 37 128 61 130 154 110 194 36 103 59 89 28 215 34 44 57 233 139 42 65 205 232 81 177 131 157 225 150 99 62 203 119 39 167 200 78 201 109 239 84 174 230 241 75 198 66 214 193 113 135 221 142 143 46 204 77 51 122 161 145 91 196 160 
11 : 64 117 74 48 152 181 52 217 104 30 110 102 130 35 135 45 121 221 204 109 116 108 190 114 127 106 87 163 66 70 238 37 222 245 147 72 153 63 29 182 94 214 31 34 242 247 54 159 209 227 
12 : 102 119 241 162 35 100 170 48 73 134 51 95 65 156 87 76 97 92 58 217 160 136 216 209 235 166 199 164 191 174 82 83 247 158 208 244 242 84 117 240 165 155 81 205 42 245 182 176 54 132 110 121 148 120 103 172 200 109 30 168 223 49 201 169 190 61 180 183 167 146 96 86 46 45 29 207 
13 : 98 217 100 194 133 74 227 46 165 131 141 26 88 102 154 195 76 244 218 136 117 129 70 243 151 246 150 197 30 107 233 116 94 221 
14 : 241 172 190 152 155 248 35 159 99 26 189 129 37 165 208 109 237 98 143 175 70 160 225 220 106 73 123 31 181 230 145 47 82 65 243 176 219 124 246 153 97 134 25 114 240 178 72 104 201 32 150 66 30 64 55 75 154 148 135 196 157 247 126 68 202 229 79 136 69 93 213 116 
15 : 144 34 84 28 212 220 60 245 109 30 248 46 180 175 237 194 29 56 118 235 45 50 71 128 112 52 153 206 75 74 
16 : 87 93 224 153 127 239 26 35 156 189 121 184 44 69 109 160 171 231 240 131 62 126 52 81 95 233 63 245 147 146 124 117 178 158 94 162 230 236 141 108 125 51 202 128 139 223 242 47 116 210 90 135 183 199 83 34 195 37 137 194 67 86 200 180 142 203 112 45 172 120 29 218 209 235 32 41 143 55 118 151 212 
17 : 178 62 31 86 169 25 244 104 97 124 215 229 240 63 176 125 166 43 29 71 171 200 197 37 180 222 153 138 84 164 132 133 128 90 160 157 105 199 225 158 98 233 79 216 101 53 181 228 129 211 148 60 88 100 184 64 68 242 59 202 195 42 130 187 85 109 248 241 80 223 73 185 150 175 177 235 75 237 
18 : 66 164 238 35 195 99 192 190 202 95 128 60 67 171 169 80 196 91 134 177 43 116 228 139 229 117 227 211 55 146 106 133 44 103 102 153 81 115 219 69 156 213 248 96 47 48 27 180 182 121 184 159 46 237 208 65 167 241 111 207 200 
19 : 27 123 165 92 43 237 146 240 53 245 225 194 208 181 124 46 246 218 183 226 148 169 217 51 219 86 143 75 102 131 248 249 64 135 201 108 166 180 190 116 151 85 224 134 95 234 83 210 33 185 163 179 55 98 99 189 232 170 30 25 38 
20 : 119 97 31 186 88 238 142 135 182 48 195 208 211 59 55 33 40 112 147 108 242 45 161 148 43 107 157 144 60 
21 : 42 239 97 179 241 43 177 35 72 119 93 59 66 54 194 198 84 156 209 222 182 204 46 181 202 150 60 162 180 178 71 242 62 47 132 80 114 65 224 143 124 244 63 237 105 44 205 195 197 102 67 83 155 49 221 240 53 26 74 243 227 158 61 146 33 25 208 136 183 153 34 247 122 246 133 
22 : 118 54 244 34 224 166 36 111 115 178 170 161 84 145 134 233 32 25 172 51 60 142 246 143 37 144 107 52 243 222 196 136 228 72 45 220 29 123 163 129 180 128 33 50 239 207 141 30 62 203 164 200 43 69 211 209 105 121 74 130 104 159 65 174 82 
23 : 216 132 222 241 244 157 38 80 168 51 128 237 127 148 122 175 214 219 170 73 163 158 125 26 136 199 171 179 137 107 
24 : 43 42 65 53 195 235 29 58 248 121 105 76 92 52 125 186 145 185 82 238 68 69 173 112 71 64 39 187 48 38 149 84 219 196 141 56 80 194 
25 : 246 162 203 79 120 77 161 31 110 155 53 35 119 172 158 233 52 113 32 135 83 164 127 106 134 206 210 201 156 29 227 244 30 228 150 28 176 
26 : 145 37 239 27 164 26 162 64 152 175 214 87 188 148 73 75 83 160 195 199 139 30 237 57 54 138 180 159 
27 : 195 151 198 149 220 121 125 28 49 140 129 175 219 184 33 171 42 210 222 100 203 248 131 85 173 130 197 114 27 78 217 236 51 65 204 153 235 209 111 187 52 166 241 176 237 221 92 93 34 160 37 243 118 208 199 213 145 136 202 192 147 178 117 239 90 
28 : 228 37 42 93 77 195 182 40 70 181 114 134 84 170 49 69 224 56 180 116 135 212 54 106 159 238 89 91 67 35 148 45 115 204 177 231 214 59 57 193 249 175 173 145 218 104 29 167 85 200 129 92 120 164 66 161 185 95 82 172 190 
29 : 57 216 66 224 25 241 171 33 111 146 140 198 206 220 110 117 193 242 232 228 222 229 235 227 204 120 114 156 82 211 77 96 84 106 124 45 53 240 69 166 160 115 139 61 121 103 79 134 151 183 75 40 36 54 128 145 46 73 123 109 157 153 116 59 164 234 90 122 113 51 89 118 172 180 245 219 67 107 148 247 
30 : 226 237 164 138 207 31 189 96 121 201 34 170 143 128 32 26 89 134 101 204 183 224 163 38 104 94 169 72 239 198 236 222 100 203 56 172 214 158 144 77 196 177 110 107 174 124 109 69 233 129 116 55 95 150 206 51 245 37 
31 : 229 226 74 137 169 247 64 51 233 202 242 25 49 203 178 155 128 192 227 241 179 105 38 173 100 81 239 212 145 205 90 167 28 69 204 135 160 99 58 161 218 89 68 43 117 210 209 52 170 174 42 232 131 149 151 73 213 54 44 196 130 249 191 
32 : 170 66 157 175 116 238 98 192 112 79 36 140 227 146 45 176 74 206 69 46 193 64 164 62 51 111 148 89 99 40 85 48 30 35 166 207 106 151 182 144 103 219 50 141 147 130 90 229 67 132 179 115 33 77 235 232 169 156 28 139 114 143 86 72 248 49 214 
33 : 204 130 27 129 201 142 171 84 181 239 144 105 28 118 37 220 106 131 217 199 71 156 95 138 43 229 79 55 100 215 151 111 249 107 187 208 60 177 
34 : 186 41 234 132 27 225 175 76 220 115 42 88 44 112 158 194 218 193 182 70 159 118 59 51 142 91 106 178 97 103 237 245 57 50 34 181 62 65 114 177 100 56 48 238 231 45 179 121 
35 : 155 220 180 163 31 65 242 234 193 153 67 233 231 191 159 52 47 100 199 213 176 107 165 54 189 41 77 167 129 186 104 143 59 61 209 32 223 
36 : 211 90 58 136 35 82 187 246 93 50 207 233 185 177 196 245 101 105 149 186 137 27 111 75 71 178 164 48 226 120 204 106 30 162 150 127 121 88 79 65 191 163 168 43 55 247 89 123 140 37 95 86 64 179 214 125 152 81 104 173 229 193 244 
37 : 79 154 178 173 53 205 29 94 126 229 28 83 149 34 150 68 36 158 55 226 108 231 67 164 121 190 139 122 100 48 46 61 161 181 57 27 141 227 233 209 
38 : 212 214 146 234 102 43 116 147 211 63 184 135 164 163 178 180 73 34 78 204 185 32 96 65 188 239 244 161 148 128 62 111 60 55 141 177 92 168 61 209 29 67 52 213 59 39 201 220 193 69 104 155 91 44 74 144 
39 : 243 192 39 114 73 233 82 110 33 68 124 95 36 102 131 54 185 136 225 49 196 214 174 232 177 86 211 158 230 155 83 164 198 143 246 
40 : 243 85 72 125 140 188 40 194 196 197 126 112 242 118 155 182 236 212 66 29 169 111 209 87 71 239 181 207 135 86 176 134 57 95 75 168 142 152 149 183 173 202 38 231 248 74 220 104 98 216 170 103 145 62 110 67 136 37 77 102 195 157 164 193 36 114 247 
41 : 83 73 191 156 72 167 206 87 189 220 66 68 108 243 214 183 53 106 171 208 115 160 172 25 103 178 150 80 90 245 71 199 99 159 149 135 107 195 55 202 48 52 162 38 95 148 173 180 58 127 205 242 134 190 109 46 168 116 145 32 157 226 248 51 130 96 44 144 169 228 141 76 188 194 79 27 59 57 
42 : 218 167 104 240 152 132 164 123 174 191 89 127 121 215 182 207 237 177 63 223 111 161 46 45 168 176 41 71 65 165 109 170 185 158 80 171 145 141 234 136 52 139 60 69 33 50 114 53 107 62 151 181 137 203 35 196 232 68 204 143 187 122 58 44 116 186 133 220 77 113 226 249 95 92 166 173 93 233 
43 : 139 177 76 118 129 32 163 50 67 200 156 96 108 112 197 237 72 218 83 189 247 153 45 224 222 159 232 78 140 58 243 92 137 141 188 88 158 194 60 99 
44 : 225 51 122 52 183 226 44 155 134 137 116 217 227 190 71 101 212 93 129 242 119 67 128 189 215 151 65 114 100 156 222 192 86 240 238 85 232 182 63 83 161 180 178 174 87 61 184 157 229 219 26 113 202 139 118 167 127 80 175 199 198 143 168 172 53 141 124 108 244 177 166 96 148 91 27 90 
45 : 110 46 86 237 188 159 28 177 102 132 211 221 241 225 222 224 120 189 76 90 82 164 111 246 228 61 113 108 208 45 226 87 169 151 53 148 47 122 236 170 33 71 115 103 174 35 244 194 227 196 32 199 25 205 79 91 238 147 69 99 235 37 75 210 73 52 178 229 125 167 92 30 57 121 213 
46 : 173 205 246 114 116 144 61 161 119 105 102 181 149 204 95 128 60 89 134 234 47 97 27 115 126 49 218 110 139 92 244 112 216 231 59 227 35 214 243 213 86 137 122 121 63 222 207 99 
47 : 185 31 166 172 190 140 76 156 169 215 203 154 121 245 207 111 84 66 122 32 48 45 147 56 108 57 28 246 229 52 69 29 96 25 231 183 188 211 78 128 205 223 53 191 204 157 64 181 123 60 116 42 234 125 247 79 106 220 217 136 187 73 210 239 155 47 144 194 224 91 124 134 71 141 105 206 218 
48 : 100 39 134 187 164 230 32 185 201 54 245 195 218 138 162 208 113 193 46 52 155 220 241 171 167 232 42 238 34 67 105 240 212 118 174 104 239 140 126 170 191 184 132 44 154 147 135 205 123 150 106 97 76 111 136 227 71 129 196 78 211 190 130 165 72 
49 : 149 107 218 53 127 67 210 134 230 128 55 118 146 224 95 158 101 117 69 135 156 57 93 110 79 25 111 171 33 74 49 59 185 132 66 231 50 193 
50 : 229 44 96 104 149 142 36 37 201 128 97 248 38 27 172 86 126 51 202 53 188 169 249 160 179 26 244 158 110 34 200 159 178 130 61 174 129 210 81 106 60 112 100 155 56 99 57 77 211 187 124 139 161 35 241 94 67 
51 : 198 216 210 35 36 214 51 44 139 82 92 172 187 213 184 123 202 182 70 138 238 152 69 164 68 86 156 31 136 222 124 110 115 81 39 42 98 207 66 126 77 55 158 47 165 135 32 
52 : 63 247 58 36 229 128 184 88 151 123 98 37 202 195 234 104 149 167 232 216 180 231 95 118 175 152 194 222 189 188 68 
53 : 212 197 143 60 39 211 53 84 177 94 225 55 38 27 70 41 58 171 62 152 77 230 165 240 190 114 141 174 124 37 93 162 173 210 238 215 142 248 201 105 203 59 166 66 131 164 182 153 109 56 100 69 107 67 33 241 101 79 189 110 26 144 71 
54 : 45 192 38 65 193 183 147 132 57 248 215 178 133 82 143 222 56 166 242 186 190 64 68 107 128 51 233 194 96 200 58 93 146 88 181 137 232 127 62 225 86 49 249 165 112 170 
55 : 173 118 126 31 40 34 60 120 248 162 188 67 58 151 61 146 243 54 184 186 89 149 154 76 176 205 105 97 213 219 175 108 150 189 169 143 240 147 84 201 177 222 206 134 100 
56 : 239 169 72 60 244 88 44 78 144 150 146 222 109 59 168 194 136 156 232 175 207 236 90 39 125 158 121 235 246 151 154 135 66 206 178 164 233 245 187 84 100 205 105 26 82 197 49 80 27 215 119 152 143 203 92 69 112 240 35 214 210 
57 : 64 214 113 229 220 71 88 129 86 215 189 217 103 173 72 67 160 208 222 186 245 183 202 66 194 198 82 29 193 121 45 59 104 69 237 234 26 143 70 28 228 125 56 223 53 84 55 238 76 96 124 201 40 227 212 196 85 105 106 132 244 242 36 117 
58 : 94 206 177 170 216 151 107 179 231 166 241 176 75 120 137 163 100 102 106 238 83 81 27 59 234 180 158 113 
59 : 46 94 248 122 227 113 100 80 47 70 196 183 238 217 164 243 55 130 195 39 152 235 62 53 144 146 249 199 104 218 35 230 139 180 34 29 52 176 181 84 65 
60 : 189 216 38 92 40 238 100 73 89 132 153 126 229 243 208 224 112 101 245 69 181 99 121 29 58 96 32 65 244 53 202 30 213 203 215 55 152 26 115 175 104 81 111 123 171 85 63 
61 : 86 114 193 89 71 93 80 127 240 138 147 47 50 30 99 176 219 39 132 207 239 146 103 223 161 174 225 106 170 83 49 200 125 
62 : 237 115 87 91 209 47 45 171 187 158 156 73 192 101 249 207 120 176 77 104 74 46 150 181 110 82 140 175 70 201 167 107 224 245 35 40 94 33 93 
63 : 146 138 38 179 217 79 145 113 39 41 239 155 120 187 45 46 96 216 232 148 186 212 42 54 112 243 219 201 159 248 111 25 205 126 123 57 100 244 192 183 228 147 245 117 227 
64 : 94 243 70 114 216 105 93 132 158 98 58 193 153 108 89 95 135 161 189 122 62 210 27 245 119 
65 : 106 172 153 189 200 211 86 156 43 77 221 149 114 233 128 45 34 104 100 98 208 120 29 79 58 207 
66 : 233 48 146 152 74 161 168 123 172 135 82 133 121 177 173 43 238 220 61 97 145 149 89 104 34 217 229 28 56 58 29 79 86 136 138 215 234 139 212 207 235 50 69 94 202 225 128 142 91 174 240 75 83 186 52 45 84 106 53 87 85 167 
67 : 54 123 42 187 128 87 57 162 102 125 202 225 221 196 239 209 182 116 104 137 85 228 114 97 55 49 163 140 118 246 33 25 242 155 205 149 80 167 88 195 166 175 192 34 243 178 224 38 60 238 120 35 150 153 232 36 
68 : 135 149 44 38 158 37 235 140 110 194 231 247 118 164 94 67 203 240 85 101 83 129 180 202 40 119 183 134 207 121 209 111 230 93 63 195 151 77 58 82 90 218 133 229 116 179 56 246 46 81 98 103 199 41 57 95 157 112 52 80 84 26 221 165 162 192 123 174 184 113 181 36 54 92 59 79 239 66 178 
69 : 197 88 242 130 113 230 139 119 224 166 74 103 40 127 43 213 27 226 175 203 225 125 161 67 47 164 104 73 194 91 249 96 138 183 156 34 92 187 244 79 
70 : 187 42 143 245 52 219 159 213 101 97 176 200 201 50 46 214 128 90 166 195 150 120 162 116 145 92 112 247 208 171 235 129 119 152 115 107 105 161 218 126 57 124 43 67 121 151 241 244 140 
71 : 46 133 203 25 113 228 129 58 112 78 94 186 221 176 208 145 168 247 110 204 190 40 231 53 218 92 54 104 137 200 170 87 240 101 167 97 216 90 177 44 
72 : 187 235 75 240 150 191 26 118 192 229 244 137 59 37 188 238 127 173 179 146 228 147 123 110 247 44 93 40 105 227 55 177 100 43 170 175 36 142 27 149 91 249 232 69 242 143 126 231 214 
73 : 206 70 165 236 128 150 100 32 171 182 102 61 89 199 156 42 226 57 73 118 233 227 157 117 116 109 83 119 104 46 198 28 167 108 177 191 39 77 248 246 214 37 126 159 
74 : 165 97 48 74 66 182 141 153 137 156 36 245 201 76 234 62 86 132 126 193 161 224 166 197 248 241 63 117 136 147 202 148 65 214 38 215 31 61 85 
75 : 227 84 146 137 56 192 160 230 124 220 194 162 114 91 226 96 71 32 234 63 73 213 58 169 26 159 105 232 93 89 115 193 35 239 184 133 189 41 33 122 77 107 205 157 138 30 43 204 203 202 38 86 103 247 198 243 53 48 240 28 181 236 110 186 141 65 170 154 128 29 78 37 142 136 135 211 104 228 45 166 68 
76 : 242 109 171 54 208 152 130 139 155 147 131 158 144 26 62 177 244 90 127 115 216 36 95 179 63 91 203 173 199 197 56 167 146 186 83 67 246 69 31 230 59 128 103 72 185 217 80 106 241 195 161 30 237 209 112 53 104 229 117 163 192 
77 : 156 239 119 123 91 97 52 107 49 30 64 44 151 184 110 33 162 109 115 173 190 227 183 86 201 240 103 214 105 69 150 35 194 39 51 132 139 
78 : 30 243 230 117 232 123 54 93 134 67 158 162 219 227 48 92 199 198 97 55 178 105 157 161 151 167 226 53 61 207 135 202 62 71 150 58 100 36 39 128 242 181 90 43 208 70 125 26 186 45 126 60 139 180 132 190 244 47 187 234 76 188 138 72 89 195 
79 : 82 57 145 249 191 209 64 211 166 31 188 40 203 93 108 157 138 151 45 128 202 189 220 99 141 113 171 143 43 30 
80 : 72 212 153 211 98 138 178 139 218 224 176 97 143 103 96 248 182 45 197 83 124 114 73 41 117 57 123 95 61 87 208 180 110 205 209 184 194 70 214 217 105 234 201 156 85 228 64 213 71 147 76 113 59 29 195 198 43 221 74 101 52 142 247 146 154 151 60 242 244 
81 : 114 163 51 95 244 151 205 141 140 64 222 207 224 248 180 235 102 45 123 223 131 234 27 225 221 186 110 211 124 57 35 161 245 157 33 41 149 195 34 133 119 116 60 172 169 147 153 30 
82 : 212 204 149 151 222 171 245 107 194 153 59 187 92 88 133 48 142 93 34 136 211 94 126 38 208 157 110 63 181 129 235 192 146 102 52 248 152 155 198 185 61 199 54 82 201 118 202 31 123 169 70 99 186 206 210 36 116 173 229 87 161 39 165 40 75 112 100 190 177 147 223 91 180 182 96 49 218 150 234 
83 : 177 166 79 39 82 98 215 237 71 124 63 221 174 236 40 234 156 139 142 247 96 88 86 158 159 121 217 194 54 206 239 80 184 122 31 75 111 210 178 
84 : 28 110 224 205 53 95 106 188 109 220 79 130 225 231 239 178 186 182 233 113 64 203 230 175 168 138 177 31 132 153 99 128 91 75 58 61 238 
85 : 55 33 35 200 168 202 70 188 62 233 106 80 57 192 66 99 147 133 78 219 229 107 234 201 121 150 227 
86 : 26 137 217 148 174 34 75 152 190 182 100 225 193 43 163 183 37 32 60 199 207 180 215 46 118 238 165 35 195 121 186 92 203 86 222 191 145 224 57 198 154 105 197 82 188 89 
87 : 122 187 130 43 96 242 189 99 247 162 183 103 48 92 126 164 105 226 127 233 27 112 128 36 131 145 244 153 166 84 82 150 200 110 66 44 243 71 77 197 174 217 179 86 37 33 67 121 78 222 229 25 192 35 207 42 241 133 26 236 68 70 194 46 93 228 
88 : 52 248 227 199 30 223 75 106 92 66 183 196 170 224 247 242 65 89 140 120 141 188 97 177 214 194 150 100 83 118 159 162 217 230 160 26 94 
89 : 116 117 128 144 239 29 211 64 130 153 234 228 138 149 236 42 248 27 203 41 195 28 200 35 225 32 79 75 140 77 156 237 245 223 208 109 157 106 63 124 198 191 72 78 174 126 188 105 244 154 114 167 74 36 187 31 102 122 96 148 233 97 215 133 222 
90 : 182 158 244 82 132 232 223 239 248 213 26 191 176 101 53 219 216 75 221 77 165 85 202 78 135 73 139 131 95 104 243 147 238 27 
91 : 227 184 160 139 153 114 38 155 69 144 191 233 170 246 68 163 34 103 156 85 64 150 72 207 161 225 56 241 130 65 26 175 172 230 154 159 99 39 33 190 71 101 216 192 141 66 214 119 140 
92 : 222 85 228 71 98 52 171 112 43 237 83 78 121 111 135 165 168 174 41 194 182 80 158 242 127 28 209 70 113 118 128 110 186 93 151 100 39 213 132 220 72 123 79 94 109 177 164 189 239 61 32 166 35 146 244 
93 : 125 181 46 246 176 103 164 178 168 53 120 82 142 218 62 155 147 76 128 204 198 54 124 119 116 212 25 240 99 144 84 203 136 171 89 162 220 98 95 236 150 159 58 32 28 189 206 60 102 242 200 36 227 63 223 40 81 202 249 149 
94 : 188 59 185 179 131 178 163 203 226 219 50 213 84 206 67 122 139 184 133 27 126 143 62 90 180 177 65 103 225 138 205 187 77 81 53 86 247 135 242 132 42 120 117 157 223 125 104 89 96 134 69 39 156 148 152 248 124 35 201 37 106 159 41 54 236 222 109 80 79 243 
95 : 200 214 212 63 182 58 202 225 144 205 169 195 245 244 52 60 230 229 183 160 120 172 117 100 73 89 121 82 240 95 133 57 136 131 168 68 241 77 158 101 106 139 129 
96 : 76 50 237 211 242 207 103 220 121 223 210 105 83 47 38 125 183 72 71 175 215 244 186 51 54 246 212 27 127 41 153 204 142 32 184 80 199 196 49 101 234 104 85 109 171 209 106 93 200 198 156 164 40 67 46 52 238 26 62 165 182 73 
97 : 94 228 186 111 202 151 212 82 48 178 78 114 141 187 167 79 31 136 131 225 222 127 55 119 197 245 98 35 165 238 221 193 247 248 43 46 52 216 242 205 28 117 41 211 36 128 89 50 188 103 189 226 86 
98 : 71 130 131 211 159 53 108 54 190 150 133 201 247 197 62 76 94 117 229 123 27 113 41 222 179 143 124 231 175 173 37 230 180 235 194 66 149 49 139 239 115 242 34 246 191 187 129 90 151 220 
99 : 149 96 221 201 229 175 49 142 126 169 154 209 155 131 67 176 85 222 83 129 90 128 206 173 188 231 94 30 195 40 63 124 226 214 224 97 
100 : 248 158 101 187 49 246 40 145 143 226 168 203 25 42 38 180 192 184 102 189 247 139 162 126 93 136 54 117 88 87 41 164 219 224 90 33 188 232 35 28 71 68 199 
101 : 90 122 91 137 207 170 67 232 142 44 116 231 237 53 110 26 240 160 219 119 107 127 157 111 69 39 246 114 139 60 106 75 224 151 196 84 40 189 235 136 190 174 101 55 222 46 51 223 214 70 217 32 163 249 66 33 81 179 228 28 165 25 78 52 164 82 210 178 117 172 171 209 247 148 183 43 65 143 186 130 241 
102 : 25 172 161 112 144 97 109 159 49 191 94 169 39 162 118 186 46 158 234 72 119 82 75 52 103 226 192 35 151 205 124 220 131 37 141 90 140 99 183 200 71 166 190 105 248 51 56 48 206 204 242 163 121 213 164 233 231 243 197 66 41 168 42 58 134 212 108 209 32 101 174 85 69 128 195 45 61 
103 : 125 168 73 82 91 101 230 190 181 45 186 84 126 30 123 235 71 216 78 76 191 109 61 171 203 58 166 121 70 244 122 189 106 34 64 32 222 28 234 241 179 164 197 173 141 200 115 226 172 239 184 205 243 103 69 249 163 86 62 25 154 98 31 
104 : 126 226 198 170 93 218 244 206 71 138 115 77 67 211 235 162 85 219 76 192 37 121 113 62 228 122 75 159 64 39 101 41 215 105 172 73 99 136 154 44 38 66 194 68 193 32 94 107 47 
105 : 151 182 53 241 149 90 63 97 126 195 84 133 189 196 107 204 173 58 28 31 130 155 208 227 225 238 122 102 55 38 132 57 35 194 99 37 161 56 217 171 68 40 87 197 187 
106 : 34 157 247 84 74 41 99 136 158 35 146 163 44 181 122 168 198 109 209 27 67 232 194 235 43 25 151 64 214 246 178 75 162 241 104 54 230 141 83 115 50 164 30 26 219 81 190 93 82 63 80 160 231 145 92 180 46 217 119 87 86 77 155 169 228 211 144 79 240 234 38 110 
107 : 240 103 140 219 225 245 136 131 187 86 130 214 51 34 126 211 111 228 135 244 145 80 47 142 102 179 76 57 208 218 124 117 58 118 243 163 238 49 72 222 83 212 40 157 172 30 197 174 144 193 46 98 
108 : 184 67 223 159 135 25 155 73 94 103 192 130 53 127 87 119 234 140 118 180 117 139 198 58 240 209 225 44 248 74 210 38 30 181 70 112 241 114 174 92 57 109 154 132 173 137 242 221 168 125 36 81 29 28 89 37 34 51 204 59 106 56 196 108 120 111 236 47 62 126 228 167 95 52 160 72 249 116 182 101 
109 : 171 36 208 135 144 221 105 233 132 116 47 191 74 184 48 136 46 90 228 134 168 28 73 170 29 25 192 87 56 122 219 160 37 110 72 97 244 139 154 202 50 193 230 226 248 241 106 186 126 79 156 209 57 42 
110 : 54 249 156 215 199 74 63 42 171 73 113 207 179 160 167 193 59 216 29 184 144 149 226 145 43 101 26 190 214 152 165 50 220 33 185 114 217 233 246 106 181 225 146 248 231 158 81 103 105 128 27 127 69 229 131 178 46 177 
111 : 124 205 200 173 243 143 90 222 50 128 30 131 163 135 60 105 85 110 39 102 125 101 202 65 89 242 66 154 120 198 150 58 208 53 126 166 162 81 91 129 98 33 234 187 43 83 112 57 175 32 77 197 174 168 170 195 75 201 185 71 214 239 100 69 133 72 47 212 147 118 177 103 80 171 134 231 138 
112 : 55 228 25 62 212 119 242 115 235 211 126 59 134 230 41 215 74 157 42 202 176 50 201 196 114 244 93 118 29 103 53 87 219 190 234 
113 : 193 90 122 31 99 165 231 77 41 170 169 53 71 147 235 230 44 197 208 37 194 43 148 56 220 176 152 126 61 121 142 196 202 72 100 181 120 29 40 34 151 108 73 236 162 51 133 116 134 124 221 104 105 112 239 
114 : 189 67 126 53 231 230 38 187 96 227 192 80 135 195 31 26 241 78 180 170 234 205 233 25 121 171 164 200 188 213 100 102 146 77 136 119 32 210 30 240 159 246 237 154 145 103 243 98 168 196 27 249 215 212 156 113 229 176 117 224 112 90 190 182 59 127 118 169 160 28 161 82 76 133 197 46 162 91 247 
115 : 160 48 143 142 238 75 73 174 97 137 84 248 57 172 249 191 90 170 41 65 184 169 87 60 95 138 58 150 118 217 146 49 214 161 199 115 45 34 242 187 132 233 147 82 
116 : 228 134 88 199 132 106 151 99 70 238 172 25 73 115 245 84 156 225 43 173 48 194 190 112 187 205 
117 : 174 104 168 68 40 60 50 230 54 74 165 49 242 143 233 173 82 224 123 85 227 179 79 192 67 133 235 210 99 27 149 105 87 107 128 47 51 110 225 63 244 69 55 121 216 53 217 43 37 189 161 203 
118 : 133 124 178 107 142 128 152 115 203 143 59 218 243 247 44 89 114 233 238 125 113 54 235 71 181 213 210 47 214 
119 : 51 117 243 50 163 156 159 102 58 69 214 179 247 29 89 74 86 138 83 207 180 84 216 34 154 223 220 140 188 116 28 95 31 221 212 158 127 104 242 222 
120 : 73 65 197 239 141 221 25 155 231 241 242 86 215 158 70 159 49 156 192 82 187 46 208 44 206 31 194 93 88 68 202 190 157 177 64 135 179 196 232 60 214 117 111 39 140 182 30 173 48 43 243 133 207 212 53 77 103 174 195 139 237 36 218 213 188 114 235 
121 : 56 213 162 201 225 49 122 112 90 203 247 169 139 57 237 193 26 50 114 207 144 196 84 82 31 180 171 160 69 158 101 246 75 218 88 168 30 43 189 199 221 178 96 147 
122 : 160 34 173 111 171 229 162 105 89 157 210 197 110 198 158 225 59 180 94 132 163 208 147 93 31 96 70 165 220 194 122 235 49 44 118 222 123 246 149 141 72 247 234 237 151 106 133 186 
123 : 196 67 130 43 241 85 240 182 178 209 55 58 200 103 210 99 82 131 119 52 90 33 144 141 71 120 97 112 29 208 229 88 89 153 61 39 226 74 177 159 156 239 148 224 150 205 40 166 91 51 132 174 92 50 127 197 145 87 216 203 124 
124 : 104 71 137 109 234 70 196 209 199 94 83 166 169 100 142 36 56 77 191 62 218 238 98 76 120 95 154 128 110 184 41 213 114 26 145 248 162 216 156 101 173 59 67 200 35 106 219 203 204 126 215 230 43 102 48 50 45 197 134 244 119 58 149 34 135 122 138 146 60 161 82 160 231 227 194 
125 : 53 27 218 72 245 112 87 235 213 47 34 78 152 233 84 119 230 130 210 176 94 64 100 25 76 246 196 149 123 224 170 141 183 
126 : 34 215 119 221 209 99 37 74 36 132 231 204 86 71 184 123 171 226 234 227 91 199 88 113 54 240 197 220 
127 : 147 81 71 136 144 229 68 208 125 127 60 178 121 143 146 110 58 145 33 50 48 164 239 155 124 202 117 189 108 150 100 169 91 120 77 231 128 235 135 97 25 103 49 245 248 201 107 90 73 42 80 57 154 63 186 112 59 134 175 166 213 199 237 102 172 228 204 79 38 31 46 44 190 191 64 157 
128 : 71 172 235 138 103 78 196 46 51 115 159 186 148 203 52 185 187 84 114 129 188 42 178 247 174 198 120 135 245 109 132 94 213 73 204 36 55 157 100 70 112 82 249 106 75 49 205 102 53 228 216 81 164 29 229 209 110 121 96 194 146 246 173 
129 : 199 221 100 165 186 181 116 196 157 128 232 189 99 69 87 249 171 203 123 90 46 239 95 50 47 80 246 60 187 104 25 147 212 167 
130 : 99 157 107 219 211 36 132 209 72 128 173 115 92 249 151 186 247 144 175 69 143 58 189 231 190 63 178 119 84 230 29 122 34 168 224 215 169 191 155 238 234 182 194 225 235 206 39 202 106 97 172 103 140 65 
131 : 249 105 172 157 191 51 112 139 92 90 49 244 96 230 203 236 60 193 182 25 50 195 132 38 41 152 123 228 167 106 198 179 229 79 163 204 169 131 43 164 77 59 233 115 133 33 174 201 48 212 187 178 104 153 241 34 26 128 207 227 189 116 58 185 
132 : 102 141 51 64 71 225 41 36 103 48 147 149 35 223 46 212 83 78 79 37 50 196 164 55 232 191 38 32 139 172 34 25 67 215 235 109 181 198 128 138 237 246 216 204 112 127 110 217 213 238 143 234 222 157 151 130 144 184 
133 : 157 199 56 33 203 127 98 210 173 31 106 227 69 109 42 147 183 44 228 235 111 230 114 192 226 216 72 208 191 132 29 224 126 43 58 38 55 113 155 41 32 
134 : 100 123 207 122 68 29 197 171 196 54 234 81 135 150 227 210 113 149 236 164 141 41 155 187 185 203 49 28 91 229 220 180 177 94 179 195 127 237 37 101 73 241 159 134 145 182 76 96 163 128 97 172 63 188 136 138 114 213 46 231 43 186 25 34 219 184 212 51 65 87 
135 : 44 230 178 169 118 117 208 163 210 144 105 159 227 242 43 158 148 40 145 193 249 153 88 157 100 229 90 220 136 239 70 224 107 127 48 115 
136 : 51 58 27 215 102 219 106 166 146 169 94 114 139 164 26 196 43 74 244 92 63 237 93 28 234 104 238 95 53 198 195 
137 : 221 87 178 190 104 146 186 71 180 150 124 194 138 108 62 123 160 179 197 127 79 152 216 131 48 176 95 242 120 249 103 25 128 55 
138 : 161 35 54 93 147 158 207 195 99 138 210 120 188 95 116 111 202 77 80 117 227 156 139 248 72 50 206 100 174 203 224 49 151 234 52 238 66 94 60 108 70 176 177 184 107 53 173 76 152 63 105 200 62 159 244 146 134 189 28 
139 : 145 50 31 204 162 155 174 203 35 27 242 195 161 81 140 77 89 171 43 176 214 100 210 112 142 105 213 57 194 165 156 199 111 244 221 
140 : 29 221 145 101 173 36 88 128 110 187 135 190 33 126 160 220 208 59 67 193 41 198 161 92 249 99 144 232 43 49 53 115 191 171 245 214 130 93 57 150 82 147 71 149 242 168 207 25 206 151 142 226 196 180 143 
141 : 120 95 36 224 119 246 243 89 39 101 143 232 225 70 229 111 82 168 102 124 42 87 100 156 167 218 123 51 191 199 63 97 227 130 181 113 208 219 233 148 239 230 172 118 121 178 147 160 32 84 27 221 134 248 53 108 
142 : 234 181 153 193 145 134 101 149 154 207 169 102 248 174 30 25 189 106 155 98 44 94 136 208 148 47 56 67 121 245 137 157 195 152 218 168 180 27 182 206 120 228 162 83 192 50 184 64 105 49 29 223 130 52 43 151 144 93 220 203 222 114 59 58 158 116 26 
143 : 104 110 117 30 47 151 214 131 106 230 31 144 153 94 72 196 231 120 207 42 100 102 224 143 66 87 167 197 86 235 125 232 146 193 179 150 105 200 25 159 112 128 49 244 77 220 205 79 140 35 62 61 176 28 
144 : 32 127 163 249 62 220 96 117 128 46 139 54 159 226 153 107 181 209 113 145 63 175 201 147 102 98 87 206 57 75 230 247 157 65 171 183 184 154 50 187 180 238 160 124 224 211 88 179 185 92 198 53 150 131 47 66 182 172 189 215 133 61 216 28 64 
145 : 242 30 104 106 73 81 51 229 37 140 38 198 120 194 224 227 25 60 36 99 54 150 238 34 35 177 53 225 87 158 186 211 93 169 
146 : 37 96 152 217 245 226 125 41 216 110 43 223 84 81 105 188 132 202 34 38 183 189 149 40 208 233 196 117 140 39 139 70 187 87 211 185 129 131 119 240 166 78 150 107 54 238 155 109 147 247 158 157 135 73 161 246 207 
147 : 197 190 208 171 178 225 61 36 201 247 34 151 89 119 137 37 53 207 154 162 180 54 105 133 155 111 65 200 130 131 103 135 33 226 35 
148 : 26 140 132 101 114 199 72 172 182 237 234 51 70 48 62 96 144 200 147 163 142 165 77 208 245 85 78 40 153 231 216 162 92 226 213 167 88 164 227 115 137 221 93 98 206 232 38 177 
149 : 91 182 220 192 231 42 141 43 236 197 54 109 163 34 188 136 237 159 205 203 62 64 71 248 51 161 128 246 173 217 209 131 224 189 225 58 247 174 149 47 222 133 212 218 194 154 121 153 90 41 36 175 238 145 214 72 232 216 213 240 156 112 178 94 77 30 211 75 
150 : 154 208 185 146 38 76 55 61 77 234 247 183 215 213 94 172 79 26 37 87 69 97 190 116 149 120 91 135 167 181 128 158 92 226 224 115 49 130 205 68 228 93 157 118 58 108 57 240 206 248 106 193 80 48 34 225 236 112 27 168 136 200 102 39 52 137 191 50 231 161 176 145 89 152 140 162 54 173 104 241 114 
151 : 207 187 162 118 242 201 60 151 195 192 114 235 77 177 48 103 198 157 171 204 246 149 244 209 233 99 130 67 183 81 193 65 249 96 61 138 41 56 100 184 117 
152 : 148 152 217 38 122 241 49 73 202 213 196 138 128 103 225 98 69 101 104 224 83 79 29 220 130 45 95 207 240 34 40 147 60 159 62 249 236 162 143 163 133 124 121 96 173 66 233 65 57 43 112 102 89 237 86 
153 : 189 70 36 82 26 249 74 54 88 247 124 34 146 235 33 49 176 151 199 181 134 27 186 29 169 123 30 132 63 60 148 239 108 142 104 163 117 107 81 112 162 211 25 216 128 89 130 188 32 141 55 85 204 136 35 219 86 150 109 57 92 174 158 224 127 113 201 
154 : 122 240 76 73 202 194 231 187 152 208 189 42 225 33 102 169 184 91 209 52 191 200 217 192 141 158 185 57 79 180 112 67 49 130 
155 : 55 124 103 158 68 96 157 199 122 137 209 170 234 196 248 27 107 226 150 89 31 192 208 133 77 218 224 238 97 113 175 109 90 127 70 45 233 33 135 197 200 75 73 110 246 240 112 32 28 131 204 54 177 36 35 120 216 67 51 46 102 242 93 231 191 37 88 141 227 76 154 56 58 214 228 100 161 
156 : 106 124 36 61 75 216 242 89 93 123 215 175 65 206 145 79 129 116 86 59 191 37 68 161 210 74 58 132 143 49 87 155 226 243 233 139 183 147 119 154 63 227 213 30 198 248 77 80 200 142 219 
157 : 225 43 108 191 187 78 156 118 71 145 143 110 185 159 34 36 172 181 37 190 125 215 239 244 240 152 39 53 65 226 74 42 232 55 70 163 142 64 30 212 47 208 162 229 188 150 164 109 228 177 214 231 62 230 200 83 210 26 199 72 97 223 128 
158 : 241 233 77 84 220 183 55 207 49 235 92 172 59 170 238 66 210 129 85 158 167 177 161 134 87 83 165 76 176 242 204 125 164 54 47 82 246 179 98 208 105 114 224 99 206 245 80 
159 : 39 81 95 29 153 121 83 160 230 191 151 201 31 62 196 205 68 199 72 146 183 104 120 243 88 172 61 226 27 35 105 66 173 130 134 167 152 128 138 224 90 33 202 
160 : 155 31 94 39 79 236 97 28 62 110 140 159 88 26 216 68 197 58 232 212 107 167 85 64 152 25 223 72 222 127 52 185 38 183 90 224 46 44 86 165 141 65 77 166 194 49 170 129 221 108 210 244 59 249 172 100 101 142 95 196 139 66 198 119 124 103 113 57 91 181 
161 : 100 73 198 160 128 208 168 64 149 31 84 132 105 102 95 216 78 81 93 113 107 28 239 30 224 135 92 247 80 151 77 72 240 156 242 110 226 121 118 36 246 164 221 176 44 
162 : 174 143 186 222 121 237 106 157 43 123 104 181 145 107 59 178 184 195 176 118 229 231 73 172 53 149 92 127 130 155 227 110 44 78 116 225 82 160 37 200 215 191 165 77 206 
163 : 208 218 210 212 213 160 77 235 243 130 81 165 136 37 64 48 154 202 224 115 70 184 189 131 214 234 
164 : 33 231 89 94 29 115 135 212 207 113 136 28 242 60 208 72 65 175 152 156 25 85 44 192 35 83 71 167 150 133 121 234 80 42 122 106 243 63 124 217 220 206 237 50 87 37 92 138 27 173 223 235 125 48 222 203 54 193 174 99 104 239 36 79 76 236 168 140 55 41 191 
165 : 241 37 114 138 156 106 145 53 189 55 149 122 220 113 49 175 27 105 218 204 83 192 174 154 51 116 150 243 66 197 41 171 123 208 68 235 248 72 59 170 177 107 240 216 67 31 167 111 81 46 148 232 139 87 166 234 132 101 141 223 130 121 153 54 69 144 126 200 142 162 91 164 183 206 146 196 
166 : 209 186 137 187 122 165 69 121 70 208 210 189 180 191 168 28 82 50 174 143 29 101 54 204 246 236 220 102 103 212 173 108 194 39 222 202 144 232 96 240 99 112 117 171 46 207 164 170 85 44 59 154 235 104 179 128 183 150 47 110 229 115 
167 : 127 215 75 96 223 46 123 195 216 242 143 221 106 43 229 121 130 84 182 78 177 63 249 58 57 44 111 83 51 160 196 231 165 246 100 56 110 220 66 54 136 36 125 91 218 200 122 77 103 28 129 87 
168 : 116 201 210 46 119 173 95 39 25 48 97 31 243 42 145 103 110 102 153 93 79 240 26 115 83 136 241 207 193 159 35 230 150 73 177 32 75 
169 : 196 161 150 210 163 122 53 211 182 92 247 59 133 172 184 181 245 91 169 221 185 89 180 132 138 248 95 136 176 48 135 166 232 106 75 100 165 58 117 124 114 139 204 175 170 46 50 90 144 145 120 147 137 194 155 26 
170 : 160 40 56 186 173 81 219 216 86 110 141 248 152 221 169 165 32 29 47 195 27 92 71 63 50 166 249 83 36 
171 : 177 47 218 110 104 144 244 74 157 202 209 96 186 153 196 139 193 44 126 66 50 29 236 117 150 152 154 78 183 214 133 79 189 120 116 216 195 211 62 73 246 143 156 184 229 82 80 188 172 199 32 38 118 205 161 158 89 100 247 179 27 54 61 75 140 109 248 90 148 135 146 107 240 149 217 194 84 134 119 41 46 
172 : 164 208 245 235 244 29 75 97 233 203 223 218 211 79 30 137 53 177 126 169 189 148 139 168 143 91 151 119 158 187 194 162 115 166 134 90 249 100 87 37 135 120 201 147 132 128 51 175 105 26 238 154 85 160 33 209 140 181 
173 : 221 137 83 124 207 205 77 51 213 34 191 187 220 149 162 96 112 54 99 223 56 118 206 215 135 176 55 103 174 109 58 203 166 84 242 145 106 122 113 97 74 209 141 59 165 39 49 247 155 170 130 173 129 27 151 
174 : 34 93 72 229 105 159 69 35 203 78 232 61 205 57 122 195 71 31 99 66 123 59 207 170 154 42 223 219 206 155 97 231 187 119 133 208 40 202 50 120 169 199 65 237 70 166 241 77 114 
175 : 34 177 136 179 162 156 78 194 26 28 122 205 121 101 69 67 65 149 147 114 148 218 235 209 234 59 245 214 231 93 171 47 108 90 195 190 96 184 33 66 152 49 131 82 240 202 119 172 81 83 212 208 143 232 134 80 
176 : 75 162 49 77 85 45 138 199 197 201 164 147 108 218 59 72 136 109 238 140 30 68 241 32 224 244 208 220 242 229 54 233 86 196 222 33 212 163 211 36 234 182 186 83 103 51 111 225 84 88 219 120 26 223 168 216 29 176 152 89 145 137 227 217 204 149 134 94 200 76 56 213 106 
177 : 106 223 175 211 77 164 108 209 241 208 128 116 29 124 221 34 210 123 196 160 66 234 237 198 158 194 170 87 122 121 55 193 174 101 140 179 245 132 78 41 89 131 63 154 249 47 75 53 236 231 67 113 148 169 159 133 166 110 93 43 238 197 184 207 
178 : 151 116 165 129 155 52 44 80 86 96 64 68 37 141 206 105 70 203 137 152 161 168 224 227 46 56 214 125 166 236 75 42 82 170 104 181 242 74 131 78 198 
179 : 204 232 227 233 129 157 58 138 124 67 228 169 108 150 239 123 203 76 61 216 47 218 107 98 45 33 142 115 190 208 92 55 101 247 35 179 66 231 217 215 226 96 88 245 206 201 210 188 160 130 191 100 26 197 198 219 72 246 68 63 95 114 146 134 137 34 207 223 97 177 193 62 173 90 73 144 
180 : 192 233 223 230 214 173 125 170 38 136 159 186 157 142 217 234 82 89 145 68 109 40 70 138 119 174 176 240 232 135 93 103 112 168 160 54 134 58 47 175 79 101 127 34 118 146 97 226 178 204 
181 : 176 35 121 72 36 230 205 125 58 144 39 69 81 172 175 160 43 146 165 108 116 135 63 198 231 114 168 115 225 130 214 203 222 32 129 51 84 159 80 33 101 99 71 245 246 171 139 98 126 216 151 217 195 158 187 106 102 134 88 223 219 79 233 29 47 110 183 149 213 185 34 124 
182 : 156 85 138 59 160 39 53 102 79 28 54 26 224 67 71 84 140 188 159 226 191 110 170 81 131 76 209 178 120 249 197 183 49 215 210 150 103 62 61 173 73 198 89 136 227 223 74 182 38 33 37 241 229 51 163 64 112 214 194 44 
183 : 149 223 69 31 137 171 80 50 40 99 221 65 68 120 203 135 233 219 216 97 209 188 87 155 183 166 153 202 231 173 114 113 150 214 248 35 191 158 110 77 246 109 56 78 103 236 169 34 121 211 210 228 92 185 101 29 63 26 28 167 207 141 168 177 157 124 
184 : 101 242 165 232 113 244 229 44 171 233 84 62 152 235 59 148 209 86 33 160 166 197 116 96 39 249 74 50 117 91 72 67 122 94 132 108 167 192 129 124 133 48 191 221 179 36 92 168 225 70 25 32 185 26 38 188 246 143 42 71 51 134 243 161 110 150 222 237 114 112 238 97 119 66 139 130 83 140 144 56 
185 : 88 28 105 209 111 166 188 229 183 161 25 211 223 66 112 134 241 57 185 136 137 58 192 243 69 150 60 81 151 200 221 33 115 249 121 50 139 239 101 110 135 40 206 104 92 187 165 95 149 85 219 80 26 214 215 180 247 108 41 51 162 126 84 225 238 140 203 190 44 120 160 142 231 89 205 31 100 216 194 
186 : 37 195 129 225 183 238 35 177 165 130 156 88 117 93 198 181 53 143 172 227 175 141 216 45 153 151 104 31 100 65 49 210 123 229 74 205 167 81 132 125 219 204 180 83 63 224 85 169 244 79 136 
187 : 223 66 141 207 138 128 158 71 228 115 224 89 209 221 28 105 90 151 135 70 208 237 160 91 133 48 227 88 190 132 129 
188 : 42 158 224 94 120 81 82 163 231 33 92 109 174 67 189 87 32 44 228 181 45 36 179 206 211 137 149 37 99 31 72 28 65 153 214 159 218 80 145 164 241 114 133 78 240 227 106 
189 : 168 242 203 59 207 58 117 104 61 182 204 101 174 69 154 152 169 134 127 193 236 156 135 138 133 151 172 83 80 114 239 50 150 243 82 45 108 146 30 232 
190 : 66 172 208 159 26 58 60 108 74 169 223 99 246 166 165 32 177 42 226 138 213 106 31 219 158 119 47 198 233 116 37 40 149 228 67 27 241 244 94 64 163 204 183 205 49 102 56 29 136 48 131 100 227 111 195 25 175 43 245 164 207 162 240 91 122 139 156 179 35 61 236 88 114 187 78 45 192 202 
191 : 200 240 31 147 55 190 168 170 176 144 221 201 29 58 49 183 37 129 198 97 90 44 235 223 140 174 153 98 226 199 216 209 192 
192 : 31 248 32 154 216 72 163 224 116 233 164 175 94 191 53 44 132 107 213 87 139 117 203 48 237 204 223 56 176 182 208 177 168 108 96 156 118 27 123 144 228 61 167 41 52 232 113 153 180 45 73 66 82 230 135 49 62 215 93 69 142 150 184 54 134 95 133 127 
193 : 85 223 104 125 187 197 146 147 33 96 175 61 153 76 178 31 213 240 200 134 105 151 35 206 80 199 113 87 51 53 208 165 144 150 198 132 124 101 47 26 239 88 62 236 75 98 65 221 
194 : 220 146 97 139 236 107 83 177 134 116 104 92 127 151 46 48 145 202 63 213 52 235 223 211 228 117 128 65 56 201 
195 : 33 104 120 131 87 218 53 233 25 113 110 146 60 243 199 180 231 240 234 46 163 159 143 136 238 161 48 170 30 99 102 194 215 179 42 95 189 216 127 147 160 221 27 64 156 69 167 213 157 172 129 187 223 152 121 75 242 133 204 123 197 66 244 96 183 37 132 
196 : 42 27 90 225 80 64 99 193 222 62 145 122 105 78 124 174 185 37 110 239 192 139 30 201 160 240 153 87 44 227 
197 : 247 201 82 29 153 70 41 216 181 79 64 124 157 193 218 236 185 151 159 223 60 94 61 132 77 197 249 30 96 246 92 198 173 34 135 194 227 72 119 58 220 62 158 214 68 123 69 
198 : 87 151 233 40 217 90 49 210 82 245 171 130 213 239 157 37 54 237 219 25 160 97 115 216 123 186 243 167 120 231 30 101 206 170 28 26 132 209 218 176 60 204 142 188 221 187 125 80 232 108 106 75 31 133 228 52 248 79 39 178 199 190 128 84 129 161 182 140 34 235 78 
199 : 52 216 189 76 134 192 57 41 165 67 190 26 185 180 195 170 154 227 182 140 42 152 242 30 208 72 63 110 222 103 237 247 71 173 147 29 100 117 121 200 97 178 207 124 236 65 123 73 223 220 64 199 39 201 234 163 188 210 191 49 80 214 238 196 43 175 115 166 249 164 
200 : 129 74 221 62 171 39 152 29 241 65 191 204 31 84 218 33 88 194 187 86 126 229 81 228 90 54 167 43 34 64 195 118 139 137 85 136 80 100 45 63 91 158 101 153 209 97 155 193 213 183 
201 : 180 100 212 117 25 244 81 56 126 98 159 75 188 127 193 181 107 248 137 190 31 174 246 237 228 243 87 199 115 130 38 189 207 217 80 231 45 155 54 157 105 198 176 179 40 42 116 201 36 58 234 97 26 152 172 78 145 
202 : 40 53 67 180 179 229 225 84 89 235 217 226 59 156 152 96 151 88 213 146 51 134 29 197 102 78 195 139 105 35 155 201 36 177 41 94 227 72 70 131 174 161 132 74 137 48 230 171 108 234 218 117 167 112 204 116 168 205 145 75 219 61 165 86 39 49 68 46 
203 : 80 205 60 46 51 150 161 95 183 70 182 38 40 48 238 111 106 133 184 109 229 116 146 151 27 248 103 89 98 126 185 202 73 137 188 175 204 174 224 61 166 218 217 207 211 203 
204 : 211 220 55 162 139 157 79 225 103 72 101 175 32 57 31 104 51 95 100 154 86 147 70 204 73 125 90 49 140 69 208 163 186 168 135 37 78 54 64 141 249 30 246 234 240 165 241 113 111 68 216 26 129 183 205 151 40 215 199 184 133 169 92 91 114 145 126 29 173 190 127 52 207 106 39 242 38 119 200 96 
205 : 187 157 185 68 144 160 32 123 115 59 234 119 163 205 138 89 98 101 209 85 47 198 117 179 230 71 127 118 27 162 104 222 102 155 169 204 143 106 212 49 103 52 83 238 63 79 69 
206 : 183 240 161 209 79 146 178 149 111 87 50 98 46 145 179 86 246 144 182 96 73 188 128 43 234 70 201 107 181 213 245 66 39 231 92 235 150 147 239 104 47 163 25 143 191 142 190 57 199 84 61 211 49 85 238 205 200 82 241 41 
207 : 236 141 206 79 96 63 35 172 44 185 122 94 52 248 129 183 213 166 197 210 130 165 201 93 237 87 32 180 124 137 95 208 70 121 60 245 150 
208 : 214 152 25 100 71 244 54 129 179 148 162 208 132 108 240 121 153 135 114 95 96 45 64 150 73 38 191 93 58 173 63 32 33 229 218 82 144 172 210 247 199 169 140 233 128 36 177 219 88 87 75 207 90 168 171 206 215 30 77 143 170 175 205 156 209 39 246 245 49 147 211 225 105 31 223 53 
209 : 135 127 35 216 235 108 55 193 205 93 219 119 28 64 156 41 145 81 32 33 209 157 245 200 184 237 113 224 75 187 65 242 114 124 49 170 36 43 248 133 199 116 94 148 48 120 166 161 87 153 212 79 31 139 83 
210 : 38 56 177 249 53 32 163 73 138 224 74 194 184 245 82 220 64 199 37 173 145 134 186 102 212 231 205 242 
211 : 110 206 189 121 128 171 49 156 52 96 235 146 47 103 72 106 135 89 85 221 169 223 64 246 220 114 177 
212 : 150 243 54 55 78 240 25 74 200 221 76 237 244 182 90 32 213 189 129 219 138 222 199 57 98 86 242 226 110 247 165 231 158 201 174 154 123 48 227 114 234 72 83 
213 : 92 231 165 126 191 177 168 79 34 38 244 91 69 56 118 150 213 28 70 46 174 81 132 39 106 59 107 166 187 179 220 193 217 93 119 
214 : 151 75 130 170 111 122 213 180 62 179 177 186 148 26 87 86 63 31 205 172 114 223 183 173 189 237 56 93 46 137 94 121 27 42 81 229 202 143 67 89 249 222 184 70 203 165 187 32 167 45 193 107 155 190 166 197 198 76 61 238 79 115 221 134 92 108 80 233 236 
215 : 141 54 164 211 201 174 121 44 207 215 230 82 62 172 68 190 114 94 195 158 159 31 229 67 142 69 46 38 223 194 70 240 106 239 80 228 113 176 184 58 173 72 146 203 170 214 52 56 247 186 242 188 105 147 107 213 139 185 177 200 183 151 148 217 122 
216 : 92 191 124 234 144 204 130 186 44 45 245 157 207 132 76 59 97 137 94 113 154 142 90 240 68 57 196 183 39 42 197 174 61 85 58 26 230 220 143 51 
217 : 116 126 82 214 108 95 168 98 67 212 51 115 65 114 92 218 110 136 54 172 62 48 91 229 124 179 56 76 75 199 201 31 141 26 127 97 83 27 248 215 105 186 235 
218 : 175 119 192 167 229 213 151 53 163 242 111 80 128 28 103 41 126 33 207 25 148 131 118 115 179 59 223 83 235 76 129 238 112 193 206 43 63 50 134 194 113 216 101 138 202 89 198 29 248 124 197 95 108 199 201 91 116 32 34 42 200 55 205 44 56 140 166 54 232 104 64 212 249 184 133 141 189 
219 : 70 63 247 189 227 170 126 213 82 29 120 110 191 159 218 47 202 207 194 122 86 235 173 96 236 193 102 200 184 113 49 158 249 152 107 203 248 26 
220 : 160 130 187 132 219 163 47 244 46 180 229 233 222 74 84 48 115 125 153 26 223 72 44 73 52 213 55 92 31 69 201 204 192 218 164 95 97 133 68 186 215 227 86 53 96 181 165 208 
221 : 36 89 144 246 151 87 100 67 230 185 48 31 209 139 42 44 68 79 234 26 204 240 116 66 134 186 166 120 56 191 190 60 202 119 71 178 91 65 58 84 182 69 80 221 
222 : 138 105 119 66 236 107 148 141 209 42 63 118 165 77 27 163 179 205 67 147 172 159 62 248 184 131 30 151 134 146 208 56 243 142 93 95 49 35 127 220 182 162 104 178 120 80 92 99 110 73 225 189 166 156 68 224 116 168 201 197 
223 : 129 225 141 54 201 39 157 103 194 177 76 75 195 209 214 213 180 190 95 145 110 226 130 228 25 182 58 63 114 221 216 83 33 231 109 79 88 199 140 162 97 210 159 102 37 187 184 
224 : 120 196 119 212 193 88 39 142 78 244 105 194 72 41 147 96 230 233 130 89 75 86 74 239 110 40 126 50 82 157 217 159 155 178 180 245 38 31 161 192 140 240 222 167 182 133 242 129 131 107 170 145 135 174 203 197 215 210 47 76 62 224 106 199 231 181 48 144 44 219 228 248 227 84 146 176 173 83 34 33 
225 : 82 140 137 103 155 30 162 52 193 80 203 191 165 58 53 238 235 138 218 118 213 28 116 172 176 66 173 67 181 131 41 212 129 178 90 81 146 77 179 149 249 31 196 184 170 209 114 190 
226 : 50 199 138 133 62 45 86 44 182 216 80 176 231 70 166 245 51 97 175 217 47 225 95 123 190 243 36 150 103 178 99 63 112 202 144 75 208 179 207 56 120 124 126 85 113 242 171 39 35 191 235 219 160 76 114 134 209 165 67 232 122 240 183 100 29 84 212 228 94 
227 : 208 96 66 59 161 167 134 89 76 176 192 53 205 40 83 224 77 64 48 136 62 94 33 98 219 169 150 43 90 158 153 92 199 238 70 117 165 35 109 103 75 112 163 244 56 227 225 204 108 190 146 
