0 : 93 38 211 168 135 90 161 141 112 64 170 213 56 83 180 166 209 229 195 194 97 174 79 206 81 139 26 145 185 148 175 61 240 162 76 106 137 202 176 120 27 218 239 133 186 52 70 131 39 151 84 32 67 75 104 42 31 142 110 158 199 167 101 98 247 228 88 201 208 231 100 72 
1 : 195 61 220 119 30 134 159 153 111 43 241 94 230 28 40 59 224 142 232 183 248 216 210 160 89 78 164 80 118 171 166 144 75 180 93 178 247 172 189 202 207 
2 : 186 216 151 43 119 76 171 123 188 154 208 122 110 92 72 49 86 64 150 155 146 157 138 189 42 172 62 93 164 65 109 46 170 196 106 103 149 70 168 153 
3 : 114 68 216 52 109 214 89 40 192 64 200 204 243 72 167 201 144 230 37 207 223 158 151 170 106 116 42 146 244 169 185 182 136 163 142 245 92 191 133 112 99 32 211 53 226 91 95 62 168 239 97 29 176 249 67 228 87 150 119 202 138 60 123 130 47 175 145 132 50 117 225 189 137 203 102 183 34 96 154 44 77 
4 : 167 74 162 164 155 216 31 129 229 104 248 33 244 199 206 249 61 73 179 93 75 173 189 131 200 227 141 231 63 187 165 247 226 108 120 149 188 
5 : 123 111 187 42 171 241 204 154 194 66 175 134 72 130 213 160 129 164 196 157 219 246 137 116 239 62 25 208 85 151 229 147 89 125 177 193 41 91 113 67 158 84 207 210 178 49 112 58 144 39 165 183 163 217 80 27 225 74 172 48 105 216 242 214 190 29 101 50 230 226 78 121 
6 : 96 51 182 151 166 159 157 113 244 115 216 238 190 147 176 163 102 37 231 36 179 142 59 213 140 46 167 155 131 106 65 104 160 193 57 68 38 88 227 203 122 169 86 186 34 174 91 156 45 50 33 170 232 184 76 129 105 185 217 210 153 180 121 80 177 183 133 149 245 207 229 230 200 143 55 175 35 119 144 233 201 236 
7 : 242 147 234 72 233 161 70 164 181 166 86 33 185 150 187 240 171 47 189 245 174 30 71 143 215 222 115 152 55 209 61 178 205 133 40 243 206 74 125 68 200 177 93 48 136 81 
8 : 145 206 213 52 191 126 49 222 235 59 54 139 65 91 249 204 41 46 71 73 56 220 196 29 179 187 165 189 82 245 234 85 212 30 240 61 193 154 33 217 131 43 68 199 78 105 120 203 
9 : 84 103 83 145 33 45 57 230 174 63 159 147 153 47 97 56 29 100 61 114 44 152 64 169 189 71 130 248 52 168 209 184 157 59 102 89 196 249 214 180 234 122 178 236 228 227 219 36 75 105 49 69 129 243 192 66 55 148 187 163 77 185 73 202 156 208 85 188 115 164 106 247 155 222 144 28 99 137 206 88 150 
10 : 216 190 87 227 147 159 102 64 202 197 187 54 248 113 182 221 206 215 168 186 191 80 208 237 188 42 243 177 230 125 72 249 133 225 92 89 51 214 
11 : 144 34 107 111 249 124 93 205 191 162 201 173 122 98 159 75 76 119 118 85 247 244 142 116 36 59 199 72 207 239 215 190 186 113 58 131 211 200 193 45 147 43 26 109 83 70 103 143 41 63 175 127 184 129 224 146 100 105 57 84 166 178 87 231 69 170 233 42 167 238 48 125 94 195 97 154 160 121 171 216 92 137 128 28 78 
12 : 227 84 147 57 72 186 170 26 150 41 205 59 196 50 61 231 133 228 187 171 243 101 97 108 213 117 237 93 118 145 52 94 197 79 116 240 215 212 244 204 202 193 75 48 70 
13 : 27 76 121 242 49 44 151 133 94 81 47 224 84 25 180 216 68 164 204 91 69 196 124 42 138 118 172 58 155 80 208 240 87 241 48 134 51 239 107 222 85 168 147 173 105 193 
14 : 84 183 212 163 141 92 220 140 102 56 242 147 192 166 249 168 164 58 101 213 158 204 135 150 179 230 119 103 95 33 175 71 157 152 191 100 90 
15 : 174 137 184 160 154 53 185 148 186 51 248 215 200 33 180 240 127 114 102 135 179 58 65 95 168 63 118 181 235 113 178 201 119 26 247 195 82 226 55 120 172 225 104 32 77 131 150 241 38 61 116 74 42 128 203 193 221 111 143 159 229 194 130 153 129 231 182 189 132 90 103 84 175 204 93 105 167 80 124 177 164 86 151 
16 : 165 113 96 191 86 140 167 168 219 97 51 74 98 79 181 83 148 33 133 178 210 43 103 182 195 147 160 206 187 78 71 242 115 32 90 149 109 173 55 54 30 59 232 204 
17 : 192 228 144 124 125 202 205 196 234 132 160 212 118 113 62 187 211 51 90 151 63 49 164 172 119 29 156 235 206 
18 : 43 233 214 204 97 72 122 155 98 182 199 105 205 86 128 123 197 46 74 95 84 44 165 248 36 215 239 124 193 247 117 118 170 244 171 152 75 136 42 243 226 164 222 113 111 167 125 51 88 241 114 27 49 216 58 131 238 230 219 52 213 232 173 208 228 35 129 39 33 168 217 178 202 242 160 25 93 210 31 32 203 235 149 133 147 179 
19 : 161 216 129 45 237 124 122 168 89 189 84 126 59 51 33 160 245 87 60 239 145 113 190 66 35 102 47 38 238 209 143 232 116 169 111 
20 : 209 244 249 149 203 53 150 230 122 129 130 218 162 44 168 225 94 57 136 25 66 115 58 221 200 84 153 232 174 184 191 140 204 85 113 124 223 196 
21 : 135 219 88 243 153 198 84 123 27 205 95 199 64 105 175 143 228 76 125 53 240 39 87 248 102 109 202 
22 : 132 106 41 62 162 71 60 111 87 89 209 64 142 167 173 179 69 205 98 63 202 176 158 189 84 139 35 39 203 40 110 120 97 144 236 143 96 159 
23 : 85 200 127 113 69 59 36 101 26 148 47 213 152 177 173 224 32 100 187 75 31 188 178 28 169 68 35 175 117 79 163 230 157 41 30 231 161 49 155 166 174 132 221 158 192 64 248 105 122 48 80 164 151 141 222 197 33 223 194 217 87 214 98 71 146 232 82 167 54 103 243 88 124 93 104 237 96 235 168 
24 : 82 130 109 47 119 237 186 192 248 72 118 172 90 241 114 235 205 26 243 178 35 195 33 111 223 74 236 63 222 44 25 67 159 167 83 106 182 165 134 88 43 126 79 180 55 215 160 226 176 53 213 140 56 218 206 108 153 209 73 124 161 80 199 98 228 227 
25 : 222 146 220 56 101 34 198 138 140 39 136 72 46 117 33 177 160 36 151 119 185 102 50 230 52 51 43 173 224 74 63 199 226 98 88 148 77 228 217 208 105 27 115 26 163 118 157 68 
26 : 209 80 79 97 118 142 235 247 128 113 124 224 111 132 179 166 88 200 212 98 193 100 146 249 175 122 189 129 167 115 58 84 108 46 248 156 48 135 161 242 203 198 221 30 141 130 159 139 148 160 75 63 29 68 31 56 27 
27 : 176 118 172 210 241 164 161 43 75 182 200 109 82 208 96 127 174 232 135 55 37 215 234 111 126 106 140 131 47 143 33 113 235 87 59 149 125 187 152 155 139 132 228 193 26 246 248 107 195 103 147 120 247 49 79 67 28 180 95 84 137 100 231 171 162 211 117 229 146 207 42 93 91 183 192 112 41 32 89 44 217 
28 : 107 247 240 31 44 25 238 163 120 93 95 26 141 198 46 92 156 230 237 222 205 168 243 27 153 171 125 145 197 195 47 150 75 187 154 166 124 219 
29 : 228 131 219 61 243 180 72 47 77 91 196 165 248 216 39 164 85 107 224 156 208 246 138 99 35 176 137 220 181 33 147 244 134 123 113 186 88 136 100 114 178 125 116 49 80 98 184 212 112 158 25 119 54 232 92 109 27 174 245 122 133 213 161 241 239 227 149 235 139 68 106 203 225 64 141 34 206 103 57 237 83 43 84 
30 : 136 148 54 152 151 177 93 163 84 233 59 73 228 200 104 111 33 171 161 65 126 63 230 181 26 88 146 235 41 143 236 121 78 211 124 128 125 175 45 202 
31 : 42 182 75 217 246 219 159 113 223 126 82 202 241 190 214 94 238 186 125 25 26 165 147 166 172 
