0 : 50 133 132 221 166 131 109 157 48 89 185 57 64 91 230 171 143 231 189 149 56 72 247 82 87 137 168 249 32 124 246 27 83 116 173 107 139 118 59 228 219 209 244 176 218 236 150 217 106 199 43 96 94 67 93 34 153 35 172 97 121 223 152 53 193 129 195 123 99 49 119 140 31 112 30 115 233 130 227 241 63 187 225 151 243 165 213 95 40 159 203 142 62 174 
1 : 238 77 174 114 121 122 212 38 244 173 194 123 113 145 196 193 234 25 110 155 248 47 94 215 68 75 192 44 115 126 213 102 98 226 27 146 84 108 109 67 186 89 211 237 224 49 156 136 120 139 130 232 43 175 66 157 208 65 182 205 71 179 216 59 143 202 207 140 107 62 225 183 195 39 45 95 228 
2 : 180 195 198 122 247 68 46 241 74 133 115 70 219 172 91 128 159 59 82 183 101 50 191 81 229 155 239 181 80 205 54 109 171 160 119 188 29 208 200 227 64 214 60 184 186 232 30 40 83 102 90 190 129 111 127 114 88 25 166 141 203 143 100 49 42 206 168 32 197 131 75 231 69 233 150 65 222 234 220 
3 : 30 45 187 221 95 46 99 129 174 96 66 165 211 121 202 112 25 117 152 84 229 49 201 68 32 182 138 188 53 245 118 213 186 59 220 242 243 184 109 219 93 131 105 180 98 230 181 144 145 58 228 39 33 31 44 172 82 158 92 143 135 239 133 248 134 67 52 80 191 
4 : 64 72 27 242 42 161 84 206 119 154 98 165 199 115 135 196 246 76 116 134 217 46 198 187 188 168 157 99 49 200 215 222 108 141 139 240 92 233 172 120 160 185 177 162 39 232 73 234 126 229 48 155 190 208 247 238 102 60 35 182 243 104 231 59 145 118 205 122 175 83 41 152 74 88 156 78 
5 : 31 52 117 60 236 128 118 81 120 109 168 87 51 196 191 131 187 209 227 170 240 154 88 188 106 130 232 239 189 107 201 39 83 41 246 151 33 104 129 192 175 134 103 193 111 37 38 156 199 152 139 219 208 79 220 78 245 140 224 197 93 213 233 113 165 42 141 76 43 178 61 28 195 121 143 215 225 174 36 47 57 162 90 
6 : 95 42 141 156 155 129 135 170 113 158 180 157 27 106 181 189 88 110 76 43 51 160 90 224 134 212 65 226 28 176 210 159 120 30 243 26 68 235 77 55 125 117 187 124 126 192 
7 : 122 49 70 29 32 92 213 71 63 154 65 104 173 168 128 60 40 181 86 134 167 111 82 126 46 220 26 239 224 135 124 230 182 212 90 225 54 88 127 226 178 214 219 119 249 130 185 155 72 38 200 228 227 190 242 118 176 132 216 47 152 194 50 164 153 115 236 123 68 76 146 108 87 223 56 245 131 
8 : 127 219 213 211 209 98 71 207 115 46 231 132 229 39 155 38 178 228 58 156 45 72 99 177 189 236 134 183 89 120 61 173 245 193 27 201 113 180 233 
9 : 48 128 68 220 162 208 240 46 144 85 207 234 31 201 190 170 229 225 199 227 117 228 43 111 86 108 247 160 211 87 100 146 145 33 69 47 44 176 163 184 93 131 155 217 159 230 126 183 147 139 89 74 244 32 
10 : 160 224 62 104 175 157 86 117 72 220 115 235 168 93 130 138 156 69 236 50 129 208 113 234 56 176 70 238 166 231 96 73 186 51 52 54 148 75 35 90 221 147 244 132 202 57 87 150 134 191 154 242 77 243 247 217 192 94 173 128 155 248 237 127 169 136 240 89 124 190 61 225 88 116 239 196 37 211 210 153 183 30 111 42 233 178 218 146 28 76 102 141 182 143 34 188 39 83 106 
11 : 129 99 35 84 50 147 228 133 77 245 67 150 180 132 30 121 37 45 197 46 70 174 213 135 87 97 43 136 214 145 227 199 49 158 155 86 205 29 204 190 90 220 149 112 162 68 117 122 110 40 63 224 173 181 94 200 157 151 238 26 62 242 25 194 203 230 93 131 124 140 59 137 125 216 182 119 247 102 36 211 249 
12 : 122 30 67 178 170 57 97 130 225 132 88 148 154 231 185 121 171 169 241 184 247 37 187 228 199 237 79 119 86 141 140 151 110 182 149 172 229 89 82 126 77 164 246 95 189 175 47 26 65 117 207 69 72 100 98 81 111 210 71 161 217 156 46 160 62 25 204 227 188 193 195 101 238 194 91 232 129 240 32 116 244 181 58 87 36 196 220 125 31 53 138 35 68 55 42 223 245 155 
13 : 105 213 204 151 180 239 43 184 45 69 117 238 56 235 186 203 38 246 39 145 70 76 30 169 212 62 243 99 240 174 103 172 197 127 97 218 94 100 191 90 118 46 123 192 188 54 41 232 98 247 75 175 236 128 178 167 49 137 134 67 61 91 124 170 211 84 189 199 78 31 34 183 53 
14 : 28 80 97 92 43 170 64 47 50 48 154 115 89 128 242 125 60 146 187 175 137 46 157 41 223 196 95 184 69 229 75 120 27 118 248 38 151 214 218 179 152 51 136 140 84 117 29 32 71 83 238 106 206 160 36 101 79 
15 : 159 166 127 65 237 68 178 61 248 80 46 152 242 171 210 27 77 143 110 155 76 234 45 190 246 33 75 164 138 207 173 47 181 197 50 182 69 93 41 55 142 184 133 57 
16 : 212 70 245 159 127 227 68 108 71 148 49 151 240 91 200 115 154 180 28 197 181 117 26 241 85 242 221 103 226 
17 : 47 148 142 209 185 57 35 132 118 69 230 242 179 134 56 246 188 85 159 145 88 137 166 141 87 219 212 
18 : 44 170 90 91 153 199 229 58 77 194 225 195 166 237 101 41 198 33 117 219 108 86 81 157 40 72 158 109 203 64 37 27 59 45 196 226 231 182 31 39 56 167 238 227 204 32 240 136 42 176 210 183 48 169 100 75 103 242 83 185 106 184 116 69 122 149 
19 : 68 91 92 85 163 203 83 195 224 205 149 225 142 76 72 162 120 52 241 213 82 226 147 31 143 47 179 152 87 191 112 244 154 234 45 214 138 193 40 196 71 204 109 219 136 186 27 148 247 166 248 146 232 210 208 130 30 216 51 220 74 77 38 102 79 209 167 245 240 122 217 36 
20 : 198 87 45 36 249 49 113 130 149 51 193 206 120 237 112 64 100 153 54 146 183 108 144 135 101 192 166 180 158 248 164 66 75 31 246 214 177 127 125 30 213 189 221 95 232 122 70 175 90 157 123 152 124 105 116 47 200 71 83 159 78 195 29 25 202 155 174 226 132 59 160 197 39 115 48 92 37 80 167 96 188 239 216 35 242 
21 : 185 242 116 156 194 227 172 170 195 221 123 181 102 33 36 58 117 217 54 52 160 41 107 37 110 244 173 104 113 210 31 66 239 86 44 91 48 85 137 175 92 151 125 209 65 103 206 135 238 69 98 138 235 197 249 147 169 25 55 168 184 174 219 51 121 216 43 152 97 82 90 143 232 122 57 105 208 157 140 240 30 114 201 
22 : 243 198 215 115 32 157 162 67 65 113 94 203 53 86 61 121 172 207 151 41 158 191 192 161 226 249 112 52 183 212 51 89 221 234 44 69 167 40 227 241 233 189 168 33 101 
23 : 154 81 229 186 96 56 153 133 39 220 178 77 132 200 171 148 218 227 242 108 210 205 146 54 101 176 149 247 60 80 184 195 233 124 29 97 226 57 241 209 76 190 85 208 73 55 115 72 204 228 152 216 172 182 119 120 160 66 33 177 234 43 164 74 59 
24 : 30 247 58 175 49 162 137 99 233 57 168 215 234 181 29 161 86 244 178 143 235 101 142 149 26 71 100 130 126 74 240 236 54 50 106 165 31 210 59 105 222 221 201 133 35 51 226 115 91 48 92 206 65 32 232 153 209 135 95 96 122 84 60 185 76 113 138 140 189 145 242 173 44 127 172 72 75 246 190 225 109 37 62 241 214 174 237 227 213 89 
25 : 102 201 139 133 72 220 26 232 34 46 74 173 69 149 179 89 157 134 29 111 59 227 109 88 78 203 174 192 229 152 160 147 199 219 210 103 176 107 27 97 38 163 91 233 167 126 198 118 123 61 153 191 180 223 82 124 170 42 244 186 188 144 142 32 87 178 85 98 83 76 161 40 
26 : 220 69 206 102 215 167 108 73 180 43 36 188 139 211 59 138 134 78 248 30 137 236 163 168 140 100 107 144 172 56 159 246 185 198 196 34 63 184 32 109 81 233 238 103 123 89 213 92 152 221 174 70 125 161 
27 : 150 38 105 209 228 214 56 73 108 142 40 44 221 147 184 99 70 233 64 123 135 245 200 34 84 183 157 85 59 149 177 112 62 57 115 75 213 101 137 100 146 158 204 191 189 42 51 230 234 81 219 154 231 116 71 86 103 41 
28 : 37 209 63 27 204 233 28 72 132 25 113 118 148 116 161 173 107 91 69 89 44 100 214 186 226 126 94 98 237 131 229 60 201 62 153 93 212 166 138 43 220 234 121 127 168 57 232 109 85 95 41 82 29 163 191 205 32 142 61 30 164 171 110 75 59 101 81 136 190 66 97 223 
29 : 141 165 49 115 148 85 179 44 125 101 84 108 228 180 50 233 45 123 74 126 222 107 205 158 90 77 54 234 
30 : 139 178 219 226 112 157 37 196 138 104 45 162 181 243 128 101 210 48 187 119 145 66 144 75 121 221 172 193 105 227 116 79 117 73 31 35 217 108 71 225 230 134 249 241 39 173 57 179 191 85 62 87 240 77 52 190 80 142 91 229 49 208 113 163 185 177 231 180 170 246 61 201 197 132 207 155 247 188 233 41 93 103 192 167 174 29 33 50 189 239 194 60 216 
31 : 167 64 239 168 224 76 31 196 98 140 111 149 73 101 210 242 93 94 136 63 146 222 171 185 152 166 106 90 130 177 203 56 25 41 248 186 206 138 114 37 131 127 100 84 187 159 151 176 74 133 65 109 79 188 165 103 234 87 107 189 244 57 51 193 175 230 128 134 228 135 225 195 183 32 60 235 81 35 216 170 142 145 83 207 198 245 61 67 122 219 217 30 39 184 123 33 116 202 241 
32 : 155 226 244 90 206 106 149 52 116 148 119 168 36 115 185 245 58 198 47 158 49 40 122 135 161 86 145 249 96 214 50 227 247 75 240 236 239 209 232 215 80 35 117 54 228 126 82 136 211 150 187 221 62 104 134 238 129 60 133 147 97 94 79 113 203 70 108 110 91 105 69 68 233 120 138 192 224 81 160 112 200 114 181 93 99 170 246 212 128 103 
33 : 124 213 110 206 232 70 160 67 220 186 30 165 175 92 108 111 41 139 248 45 64 209 238 43 63 177 129 202 171 128 52 190 114 
34 : 39 29 208 35 195 175 116 72 219 99 37 190 124 238 199 233 44 60 166 34 215 183 117 104 227 97 129 165 64 41 45 68 61 205 173 237 196 106 245 88 111 164 73 156 184 146 85 213 36 62 94 80 132 186 98 126 91 163 224 155 222 198 137 169 221 232 92 122 194 140 160 197 136 180 105 242 78 188 217 133 63 218 157 42 90 120 151 158 209 144 118 172 58 223 
35 : 53 164 56 86 202 103 181 215 99 180 135 129 142 41 74 146 38 107 211 191 161 213 144 173 36 132 61 101 216 33 131 42 126 183 232 182 154 123 198 39 239 197 228 26 34 73 219 90 207 167 148 97 225 172 155 199 68 67 29 96 54 236 64 115 48 217 178 114 168 159 116 149 214 44 200 88 93 190 122 206 
36 : 234 85 178 26 138 230 203 51 103 111 208 42 132 205 173 38 124 162 199 220 105 55 53 112 77 144 155 146 29 165 172 72 216 62 115 249 25 109 233 235 36 44 196 64 187 158 177 179 137 217 66 125 81 163 114 184 190 104 219 228 128 181 80 169 143 168 45 231 61 134 67 117 202 239 100 65 176 35 91 118 52 218 32 241 148 116 247 39 198 
37 : 178 248 172 163 130 105 136 46 192 35 235 133 94 200 171 214 239 57 77 100 243 170 81 47 43 151 150 206 157 36 155 106 88 45 240 198 180 237 98 175 110 168 173 26 107 185 222 201 181 115 241 123 76 108 174 61 67 154 
38 : 170 128 229 129 169 162 175 172 190 217 45 66 239 49 188 121 206 241 86 68 208 212 164 185 55 96 87 102 248 60 52 40 48 196 56 95 37 109 213 193 81 244 50 82 94 202 142 240 198 32 59 207 93 204 149 57 29 122 245 25 120 228 130 216 187 173 65 154 35 167 58 46 26 77 44 160 138 118 211 39 
39 : 185 130 192 247 103 158 80 172 86 214 41 61 142 209 174 91 53 101 236 197 89 177 44 244 69 95 34 98 26 230 
40 : 114 172 150 88 26 78 68 61 51 39 55 238 157 90 141 29 127 179 96 47 206 226 41 195 89 75 212 240 176 151 131 180 222 40 242 227 136 244 156 63 115 32 53 27 123 102 111 220 169 91 208 72 45 66 153 93 35 103 137 175 59 154 60 121 
41 : 248 102 243 212 118 162 54 95 194 151 49 242 150 120 216 160 143 156 147 164 76 26 100 104 130 
42 : 225 172 241 217 158 129 232 207 88 66 221 113 238 171 143 49 120 64 177 48 35 70 100 246 65 99 29 151 26 107 85 204 123 57 194 134 74 61 227 178 83 199 216 37 159 218 51 67 166 68 109 175 
43 : 109 207 86 204 137 48 114 57 218 139 154 180 175 55 63 27 142 198 96 116 79 164 36 84 194 67 113 172 54 99 39 184 80 155 112 102 119 123 239 201 66 189 130 
44 : 163 124 115 123 246 133 207 82 161 80 130 37 187 98 146 131 219 129 78 27 239 48 171 169 127 121 184 64 229 177 182 168 227 81 191 89 95 134 61 234 99 240 42 158 193 189 26 112 210 213 238 138 173 164 84 154 156 166 
45 : 201 219 191 63 138 108 247 226 187 102 176 110 71 76 91 173 56 126 174 140 207 235 169 215 112 55 177 188 204 41 34 137 87 148 214 97 193 28 84 106 239 31 26 150 146 170 182 233 208 72 192 240 27 131 178 217 68 80 75 104 149 186 195 232 70 190 200 95 133 220 248 223 105 151 36 161 60 139 198 
46 : 204 45 30 132 166 40 211 218 92 56 155 198 224 32 101 188 109 192 34 172 135 194 90 156 123 158 177 58 193 52 57 29 247 233 54 219 222 186 98 143 167 216 68 223 208 111 110 140 80 171 36 69 118 83 231 107 205 130 61 206 97 236 176 108 157 121 59 84 145 217 124 230 46 144 112 53 215 63 175 212 25 49 226 169 151 141 27 190 249 
47 : 129 235 76 30 218 84 226 122 80 155 49 191 79 74 163 182 229 161 195 136 142 204 232 184 168 150 246 158 60 119 50 185 230 179 167 220 189 174 166 176 108 125 
48 : 243 67 77 62 138 213 203 194 179 83 225 180 46 58 143 105 93 231 182 156 234 217 29 215 242 168 71 122 25 195 183 118 207 51 113 129 27 125 60 116 165 41 32 70 140 88 175 104 199 178 160 72 188 204 206 216 228 137 124 92 103 97 101 106 75 247 150 141 
49 : 211 172 154 138 42 151 205 193 124 56 43 125 90 118 126 87 192 116 221 77 171 100 28 119 36 117 113 40 186 133 219 
50 : 153 166 111 185 34 137 63 170 54 213 198 66 71 209 194 130 76 200 189 237 122 90 126 248 169 87 147 154 235 38 136 91 143 224 60 204 86 225 210 244 158 160 133 176 106 197 40 69 139 59 174 105 134 245 70 57 68 113 128 171 247 93 180 173 39 55 58 115 135 62 97 243 131 246 161 232 242 74 151 29 88 72 
51 : 225 51 210 203 223 96 109 64 216 122 177 29 91 144 150 209 120 218 164 240 169 56 200 70 205 102 46 93 243 98 170 238 206 88 143 61 214 124 107 160 220 27 171 137 
52 : 208 228 81 233 82 174 211 226 127 65 161 42 149 72 107 182 73 178 75 242 223 66 238 212 104 203 171 239 145 74 71 91 30 46 64 196 112 80 44 165 222 117 191 194 86 41 169 
53 : 247 101 122 86 151 91 71 100 170 80 130 77 206 142 138 203 200 143 34 32 242 105 218 120 161 76 114 207 208 110 57 226 69 154 31 184 50 79 214 125 227 196 234 232 73 111 209 225 156 65 59 118 103 124 167 82 61 177 131 204 219 241 127 107 139 223 244 220 153 66 180 106 68 30 126 75 155 240 113 36 64 
54 : 181 180 220 79 232 224 55 134 143 64 191 169 48 124 182 179 185 54 242 160 107 56 51 121 217 35 42 96 69 85 63 233 197 249 211 222 167 218 129 111 150 205 171 49 235 187 157 66 213 99 65 122 
55 : 156 37 93 110 144 146 147 25 143 109 213 188 172 44 237 221 171 197 212 231 165 185 87 91 48 148 203 134 
56 : 30 42 174 233 171 57 222 182 37 73 108 87 93 107 207 240 141 74 137 243 169 212 101 64 140 67 117 213 91 206 31 80 86 208 146 48 84 35 221 136 189 202 165 153 114 199 124 196 159 120 158 188 116 160 39 192 104 180 170 83 121 112 119 185 128 131 228 102 103 227 150 173 66 214 41 126 168 197 70 187 56 68 40 113 129 89 45 
57 : 168 172 76 126 185 154 209 109 117 56 146 45 105 181 232 156 180 193 103 245 110 58 186 73 195 198 163 69 34 100 248 118 75 246 157 222 211 235 40 59 208 204 233 177 161 139 86 210 124 
58 : 172 169 196 238 142 161 199 210 113 154 100 244 99 105 109 63 167 59 130 44 143 232 239 91 240 54 68 106 101 149 197 160 171 159 27 107 225 38 138 217 82 116 176 79 163 131 219 125 37 158 
59 : 95 98 124 227 177 120 178 184 223 118 29 164 159 218 187 206 115 185 109 107 106 236 83 25 188 47 123 182 40 247 148 151 62 99 121 58 243 214 89 101 234 132 129 34 64 239 136 80 
60 : 182 57 235 90 47 136 152 59 62 82 240 200 183 108 185 74 175 27 80 109 196 143 159 133 216 44 227 48 236 116 96 206 117 69 49 186 228 198 131 192 197 245 123 63 79 141 161 146 102 99 202 31 181 147 106 127 32 163 162 118 207 232 
61 : 237 139 210 56 181 230 229 223 120 113 172 133 132 91 182 116 63 166 121 196 156 97 53 94 96 66 92 227 114 208 203 198 37 216 134 62 169 140 60 107 102 174 79 241 101 70 32 59 163 158 217 154 39 206 136 89 57 146 242 74 125 214 99 189 109 106 135 138 150 222 83 160 168 142 
62 : 201 110 164 131 161 103 203 243 165 242 37 148 144 66 199 206 219 183 212 213 158 230 197 139 46 147 83 170 64 196 227 49 34 215 106 194 171 82 136 248 107 
63 : 121 85 224 186 27 50 201 41 114 44 113 145 163 200 62 107 74 49 232 216 239 29 225 191 93 223 236 
64 : 247 64 185 240 121 204 200 82 168 40 129 207 112 152 209 223 105 54 214 132 160 230 125 34 194 203 170 139 201 47 30 191 39 246 176 43 206 95 79 59 97 92 153 244 234 90 58 249 177 75 99 49 150 118 146 
65 : 138 160 43 181 144 79 168 114 220 86 130 166 169 241 183 42 63 211 72 196 57 74 93 134 249 76 137 29 26 189 122 123 40 192 33 35 98 142 155 202 244 132 170 121 200 75 195 82 81 224 233 174 127 118 150 157 148 48 193 145 167 182 187 191 67 94 210 201 46 227 105 44 71 234 153 143 184 115 96 154 77 51 25 102 217 240 34 47 124 139 212 163 223 222 
66 : 59 188 174 229 139 50 40 176 151 164 105 119 51 32 197 232 200 177 110 170 98 120 37 87 245 201 206 184 97 223 162 140 60 191 115 88 94 203 189 198 226 27 41 224 193 235 219 131 216 106 144 133 114 214 146 58 118 128 127 46 117 108 230 237 75 64 236 220 158 194 107 43 157 31 241 39 141 215 68 161 173 93 212 
67 : 126 78 240 165 136 166 125 32 230 163 142 135 169 149 108 129 110 191 121 76 116 177 61 92 70 
68 : 103 145 72 107 194 217 27 157 241 183 31 234 26 102 106 200 115 191 144 170 247 33 57 231 149 
69 : 189 33 88 194 79 231 204 185 43 215 119 221 137 210 242 32 60 91 241 102 151 237 172 196 154 165 211 134 139 175 58 128 183 214 227 247 108 235 71 35 188 218 46 86 49 122 140 226 145 173 230 105 57 150 212 103 245 92 116 180 222 249 115 187 240 142 64 168 166 208 127 62 160 224 133 111 164 220 205 63 72 
70 : 25 201 83 116 244 160 192 60 158 193 214 156 168 119 98 196 194 73 249 207 129 69 113 135 78 174 225 238 202 223 153 206 150 148 197 171 126 32 123 86 235 107 108 28 90 144 198 103 195 228 76 35 94 93 226 41 52 57 140 70 125 163 185 105 112 222 131 211 77 247 181 134 97 136 118 39 157 
71 : 148 185 194 30 237 85 158 164 211 58 63 67 91 157 171 117 229 100 95 212 138 105 116 127 37 187 109 99 118 145 83 172 139 70 92 87 217 161 191 71 182 68 162 155 169 41 42 234 188 32 103 25 
72 : 239 157 117 240 187 198 66 207 182 201 195 234 63 209 112 216 161 99 106 214 200 95 113 228 93 156 146 56 205 85 
73 : 99 185 56 248 225 180 207 174 229 210 120 55 170 48 71 93 153 27 218 223 85 61 152 230 154 40 172 234 122 216 169 39 121 158 205 168 109 222 28 108 143 163 87 133 183 235 192 73 45 198 78 33 119 63 145 125 159 228 247 
74 : 137 171 185 89 214 159 35 38 29 211 26 39 27 110 197 121 172 220 243 140 64 75 103 96 248 164 63 218 201 59 94 155 204 150 123 52 188 97 134 125 53 146 51 91 167 50 156 104 55 190 109 145 209 77 227 114 43 163 129 
75 : 167 236 124 186 176 189 59 131 191 229 119 68 110 203 100 31 77 44 216 217 160 67 231 90 182 192 43 210 211 26 215 25 225 46 144 177 72 84 104 209 123 122 212 238 243 99 58 247 65 145 128 33 30 142 130 64 80 39 102 82 195 198 174 187 188 150 117 126 115 103 223 93 139 161 85 162 245 105 35 113 166 107 96 164 27 86 125 149 227 158 66 199 92 109 153 159 63 71 249 233 
76 : 26 114 236 165 238 83 138 119 198 181 197 75 242 79 100 160 41 132 202 109 163 74 191 64 113 
77 : 168 202 241 109 166 101 153 128 35 141 46 164 52 114 73 151 115 209 126 103 84 157 245 156 214 69 55 110 186 105 129 122 51 41 187 137 203 208 108 138 201 225 176 98 206 161 189 33 29 87 248 212 82 27 77 190 218 70 235 237 111 155 90 132 175 31 
78 : 105 168 139 156 25 197 236 43 61 26 163 77 177 76 151 47 157 90 31 75 146 182 103 170 50 210 213 249 52 96 65 138 221 227 193 246 60 161 206 119 66 46 118 56 107 178 134 241 143 116 189 234 41 27 29 125 98 224 97 
79 : 208 30 134 72 141 172 216 154 47 53 160 230 51 28 62 68 119 190 184 129 54 48 81 91 201 116 95 222 242 34 33 157 219 237 59 97 165 176 103 139 89 26 150 60 227 94 61 71 
80 : 53 192 93 34 165 94 91 170 100 107 49 32 88 183 125 244 202 246 198 181 115 230 81 106 51 214 195 78 89 234 224 72 92 178 63 236 154 237 168 109 41 117 83 85 172 173 229 132 152 210 235 241 79 127 76 177 46 43 209 87 220 189 48 52 143 149 223 139 227 217 155 131 151 222 239 73 104 147 
81 : 145 115 76 188 57 159 71 168 120 175 60 122 161 55 166 35 83 131 105 67 148 42 77 99 204 48 133 185 193 143 47 181 222 117 180 170 56 151 34 230 217 209 152 169 88 103 191 214 173 70 216 86 49 50 197 123 102 219 220 231 43 85 238 156 27 225 29 203 73 127 140 126 72 130 196 74 240 227 223 210 221 163 79 202 113 233 211 68 90 84 155 160 242 124 232 179 38 92 
82 : 228 172 40 196 61 77 217 210 55 187 70 126 68 223 129 96 122 167 193 137 107 50 131 191 245 156 120 83 121 48 206 222 117 248 102 197 142 135 79 192 114 145 169 143 
83 : 67 225 53 184 61 241 72 216 45 89 52 240 125 55 113 101 139 100 81 210 30 105 42 235 231 112 191 
84 : 160 55 247 218 91 173 52 188 33 141 88 96 129 154 62 169 151 229 136 187 184 181 179 139 167 236 41 105 206 199 50 145 122 209 241 155 25 148 195 207 111 244 222 31 108 117 138 246 
85 : 232 107 182 196 166 224 218 135 95 154 220 173 114 141 151 240 208 139 149 27 65 129 121 62 170 171 205 85 131 33 230 247 153 
86 : 141 34 185 131 220 190 71 116 85 182 137 111 120 227 27 214 119 31 174 169 150 72 199 203 51 40 201 58 104 157 54 128 89 146 188 232 229 221 191 168 170 44 147 97 121 205 154 247 166 162 176 152 105 99 200 197 37 117 198 46 98 145 74 43 181 94 125 235 68 35 30 207 107 122 172 52 160 226 223 211 
87 : 68 59 67 100 188 193 89 239 213 191 126 162 74 208 79 241 110 150 134 63 105 192 127 73 108 125 117 64 153 219 233 211 30 142 185 45 36 95 44 116 104 114 90 61 122 227 182 51 47 199 228 57 159 128 103 246 66 145 92 226 53 141 97 132 147 224 230 65 27 179 157 94 240 40 165 71 70 184 190 34 166 223 106 
88 : 111 207 212 215 172 93 80 61 244 179 210 133 86 97 227 228 100 149 137 67 218 88 112 222 122 115 70 140 50 95 243 164 161 186 171 59 249 120 231 90 181 219 129 49 185 31 117 178 105 184 225 
89 : 119 229 124 28 29 70 195 204 44 32 240 245 80 232 228 199 68 122 79 90 108 226 142 213 168 54 174 153 49 206 186 
90 : 178 31 188 91 89 43 116 164 149 45 99 181 109 217 242 29 142 205 144 49 133 226 152 140 107 198 229 179 185 197 211 132 90 129 69 228 81 219 222 218 147 96 101 114 112 230 215 224 249 106 118 108 240 184 200 40 33 167 
91 : 77 123 108 162 152 64 68 71 156 146 43 56 44 33 185 86 96 45 95 112 110 130 183 98 38 209 122 246 81 187 195 138 134 170 
92 : 32 123 116 46 167 71 197 84 100 121 209 161 222 79 154 159 139 202 111 88 176 214 77 196 75 38 81 141 74 120 73 62 56 150 145 247 157 245 29 69 124 
93 : 150 163 223 92 243 181 66 119 190 244 193 188 167 248 30 164 88 236 84 156 245 241 61 106 96 97 78 168 117 126 228 157 80 174 180 153 203 110 234 213 220 215 103 170 98 95 57 64 51 69 189 34 198 82 238 145 112 55 171 249 113 58 31 123 217 26 211 63 35 39 191 52 179 128 177 240 242 56 130 247 246 
94 : 105 78 97 219 191 152 58 246 116 123 28 104 207 55 204 98 148 72 240 80 227 84 190 234 100 59 34 155 29 27 85 129 35 90 202 216 168 30 82 203 52 137 36 62 83 197 170 119 106 44 76 70 
95 : 110 230 138 123 214 68 136 186 152 97 81 181 63 168 55 224 180 105 248 243 170 242 237 43 231 189 61 179 87 157 169 73 165 77 141 218 34 64 
96 : 103 113 58 166 145 184 72 44 63 110 90 62 128 249 60 230 177 42 238 61 39 57 148 155 80 66 126 232 157 209 214 179 27 240 156 245 218 241 137 204 211 96 127 203 217 55 26 45 125 98 46 124 47 68 71 164 33 31 65 116 226 169 153 28 175 220 101 147 136 29 134 181 70 78 54 
97 : 49 207 44 50 97 78 215 42 243 122 191 116 204 90 211 249 98 236 217 200 154 25 120 173 73 130 205 99 107 82 
98 : 227 168 28 88 148 75 157 81 56 72 147 78 205 84 95 231 235 48 149 70 233 121 190 53 38 52 83 209 219 33 247 49 36 102 110 244 76 211 98 105 82 161 59 107 106 71 204 55 64 50 172 87 62 220 198 143 215 34 127 97 79 163 192 176 126 65 66 129 40 91 125 210 58 47 206 246 128 44 35 218 214 153 164 
99 : 111 180 31 153 126 217 51 86 116 133 49 173 158 97 145 32 157 132 242 123 224 247 181 206 47 28 108 150 218 154 146 102 170 127 71 35 244 191 109 227 235 194 228 202 69 167 179 68 95 89 172 241 105 72 100 201 38 42 33 186 122 196 53 73 46 88 67 63 182 48 60 118 
100 : 31 40 27 113 121 65 51 41 197 230 96 173 134 234 75 103 151 219 49 202 69 240 247 61 95 226 236 186 206 112 188 150 124 168 35 131 249 189 130 163 70 207 239 167 63 195 78 137 210 174 176 142 33 160 248 48 105 177 81 217 50 149 72 169 179 153 155 146 144 140 79 92 44 132 246 
101 : 211 209 178 220 229 47 171 218 238 45 43 66 196 111 44 46 202 175 33 198 201 158 217 95 172 107 244 49 124 163 56 54 82 183 180 170 67 206 123 164 104 50 222 97 69 52 55 26 141 68 150 192 194 182 106 98 30 99 168 72 199 103 242 230 53 113 154 189 139 35 118 34 42 176 51 76 143 181 240 174 155 131 188 133 87 73 136 31 100 59 195 25 62 132 110 208 226 197 156 122 
102 : 36 34 144 66 215 99 85 235 31 210 47 214 120 225 103 75 53 116 228 57 128 77 73 106 118 28 172 188 147 226 90 
103 : 167 203 134 114 130 75 201 128 190 69 136 55 196 223 156 97 243 235 30 208 53 60 177 52 94 120 157 217 77 87 211 170 40 192 166 80 246 205 154 91 141 183 122 224 62 83 71 78 232 174 109 238 50 79 131 209 146 61 70 161 133 197 142 47 28 198 218 44 188 117 93 138 58 148 245 210 226 37 179 206 96 100 176 108 26 98 126 231 249 137 173 172 38 149 68 160 219 193 164 35 
104 : 58 144 173 60 127 149 54 134 189 213 136 155 182 129 203 242 218 247 44 101 244 188 208 89 210 227 112 142 40 232 195 224 217 
105 : 48 68 102 145 144 135 73 40 148 150 45 33 210 32 53 232 76 177 120 29 212 55 185 236 100 111 77 107 240 159 169 184 54 199 99 95 167 63 110 46 155 205 125 215 204 106 124 137 172 61 66 234 109 238 165 195 239 197 156 243 39 235 153 161 162 
106 : 119 177 155 168 242 55 217 188 136 116 39 102 232 234 226 36 204 187 170 32 30 58 172 99 247 249 87 118 94 84 169 141 38 189 161 126 164 160 208 197 69 129 95 171 156 47 216 175 104 130 248 86 152 153 33 44 54 224 74 89 183 214 26 131 240 100 195 209 34 109 83 106 25 135 244 125 158 151 123 205 76 51 237 146 148 218 222 166 67 233 117 245 243 124 113 43 
107 : 249 146 175 31 112 247 79 124 89 193 97 203 138 217 35 109 241 116 49 148 129 99 80 216 184 246 123 69 157 156 142 155 183 71 119 44 230 209 213 243 74 235 27 61 118 59 187 164 153 180 30 98 218 94 75 223 174 77 46 190 41 
108 : 249 190 128 76 91 166 32 38 94 224 61 171 187 45 98 244 109 247 243 145 121 133 202 159 218 64 197 240 205 85 34 146 65 157 116 239 113 103 225 93 118 84 183 178 248 176 236 127 108 192 219 43 74 106 173 68 198 199 
109 : 134 154 68 234 249 162 196 146 213 142 167 104 129 155 59 78 98 171 111 100 120 89 106 181 191 101 136 219 239 199 50 105 81 60 102 130 226 67 61 37 195 248 87 133 184 33 53 161 126 240 177 238 153 112 243 183 121 128 160 135 217 56 27 229 
110 : 62 230 56 195 117 193 153 215 72 144 89 112 203 232 58 105 199 111 239 124 214 211 202 91 240 123 83 97 236 79 94 173 180 201 73 152 34 80 38 114 226 99 209 177 108 179 216 234 82 237 39 86 126 156 246 223 75 165 47 67 41 131 92 137 192 96 224 186 185 65 221 197 213 190 205 143 247 50 109 210 161 231 122 93 113 27 84 169 35 208 127 63 164 119 46 142 141 88 158 
111 : 233 174 91 167 195 99 181 84 245 59 192 138 164 229 219 40 47 49 209 197 156 155 29 207 160 86 79 53 139 239 200 134 177 77 163 161 88 36 236 97 175 176 41 137 157 225 82 227 170 50 165 202 66 80 63 87 85 136 228 148 
112 : 161 208 176 54 30 215 29 104 82 108 235 232 170 229 169 163 226 200 55 171 88 140 84 101 248 224 73 211 227 217 220 25 216 48 228 149 107 239 210 181 166 44 213 135 62 182 154 76 134 99 146 151 52 98 164 197 119 91 245 112 203 46 67 121 152 204 79 64 63 45 97 
113 : 134 111 122 142 42 184 200 94 79 113 115 226 90 46 106 187 240 118 33 50 192 120 241 220 64 107 133 135 144 235 131 56 123 77 92 
114 : 78 142 214 100 222 62 230 89 224 161 47 37 237 61 174 180 160 31 79 247 74 159 145 83 99 183 90 48 27 227 81 94 226 243 149 211 179 63 
115 : 245 221 31 61 182 99 85 132 28 218 103 231 136 186 70 197 69 32 192 117 152 55 25 45 238 86 226 39 165 47 84 77 148 67 128 161 80 224 160 225 94 92 156 188 237 27 217 142 57 122 126 219 175 119 138 26 129 90 204 144 43 230 139 64 193 244 195 180 163 42 134 189 232 93 179 73 228 88 100 104 235 65 37 215 155 44 125 97 236 233 248 223 91 63 113 151 211 87 82 
116 : 89 163 198 237 168 88 82 157 85 171 29 45 161 68 162 245 132 111 136 57 129 97 215 27 160 230 243 69 147 232 128 140 174 98 31 175 212 105 124 43 76 125 164 78 166 106 46 115 108 223 177 55 240 210 53 33 152 249 235 30 148 153 246 186 73 242 195 81 233 234 178 102 144 32 60 62 205 110 44 202 224 158 79 204 49 90 28 184 155 139 113 61 142 95 208 94 
117 : 235 174 217 136 175 244 246 28 138 152 196 86 54 125 189 228 26 234 166 55 208 203 46 33 226 178 167 225 213 232 145 53 107 102 113 165 133 126 108 132 172 186 249 105 74 242 71 135 68 109 75 182 42 32 40 41 64 103 67 30 160 219 63 159 44 35 168 173 240 98 229 227 164 231 223 116 85 195 245 241 140 117 214 111 162 181 147 61 52 99 97 188 88 224 73 163 
118 : 56 107 194 92 146 147 230 205 152 162 235 185 116 132 89 180 32 187 167 42 50 192 93 221 151 46 97 154 27 222 118 175 216 37 200 229 144 173 227 220 110 83 226 138 123 128 188 129 
119 : 64 192 29 165 216 88 209 231 112 121 100 32 72 42 130 240 160 94 175 178 69 61 155 247 86 188 109 176 67 197 77 200 43 104 162 167 38 95 156 194 53 
120 : 91 32 146 108 153 29 241 120 111 144 102 190 56 212 69 65 208 179 133 166 233 44 28 237 99 124 86 90 
121 : 232 75 97 102 178 36 239 249 152 68 207 130 195 165 150 40 201 48 206 58 31 209 186 197 70 192 46 184 64 72 37 134 238 205 103 234 246 177 44 243 33 94 142 82 49 248 168 213 154 198 47 166 113 224 60 39 194 233 226 101 169 159 163 122 41 100 
122 : 223 232 58 31 119 129 218 209 101 97 239 126 52 63 53 207 66 187 62 180 43 224 199 40 57 88 151 197 159 228 221 118 92 107 70 181 200 100 30 201 194 83 184 87 236 210 169 171 158 190 110 192 186 68 163 191 29 217 80 154 91 160 183 203 78 67 177 
123 : 64 170 236 162 52 153 91 72 143 32 207 96 194 173 244 227 201 38 34 98 118 114 172 93 200 178 
124 : 28 177 224 55 207 82 211 68 120 179 129 133 165 114 139 205 156 146 216 50 150 103 73 87 99 184 222 45 52 63 236 40 104 47 188 59 161 143 96 39 136 127 79 182 160 190 92 116 244 29 154 
125 : 180 230 90 85 211 212 201 40 192 33 197 162 242 198 134 92 52 179 220 184 74 35 67 245 131 136 158 167 108 116 46 155 57 209 70 48 94 217 177 31 101 249 45 86 185 153 68 98 234 102 154 114 231 181 241 226 54 80 235 168 58 135 229 133 118 146 178 188 117 119 113 151 210 130 95 239 159 123 
126 : 235 90 155 93 101 169 221 70 152 189 181 66 82 103 120 246 26 179 142 83 137 76 219 185 150 210 91 188 240 182 60 84 247 81 133 62 44 212 160 164 88 31 192 233 145 230 214 148 168 234 36 108 104 216 79 52 102 96 242 25 131 57 136 202 116 226 211 227 201 204 59 34 51 38 112 199 134 77 208 128 171 245 27 
127 : 124 97 75 41 218 25 200 142 203 116 130 231 212 145 59 42 94 207 232 83 135 85 95 216 27 193 172 213 199 188 110 154 243 176 194 167 180 56 166 168 
128 : 150 204 60 88 209 208 196 31 126 172 167 221 74 206 90 145 73 56 184 207 141 49 46 153 215 51 217 28 148 159 138 35 242 122 103 176 79 226 147 240 120 232 80 114 84 154 44 142 227 146 106 158 129 59 99 244 118 195 113 171 230 32 127 131 203 181 163 111 178 38 249 134 82 201 137 237 228 67 224 63 185 91 78 89 231 102 125 187 236 190 27 199 139 169 241 
129 : 202 67 54 149 166 114 240 145 102 101 69 214 100 205 98 170 64 159 236 106 221 142 86 235 78 28 241 146 198 224 93 144 222 199 88 168 209 123 157 109 226 119 128 165 215 177 42 105 51 117 136 60 61 219 182 115 141 216 163 131 210 95 171 108 36 33 92 135 125 71 234 75 62 162 31 94 192 173 132 35 47 122 200 154 
130 : 123 200 121 117 174 68 142 163 95 129 237 97 51 120 138 230 208 59 161 130 44 150 104 213 229 67 85 227 148 90 204 246 43 224 79 91 143 202 101 211 39 188 214 65 179 78 145 135 
131 : 104 241 189 44 74 119 48 54 92 29 81 66 35 227 234 70 160 229 64 107 32 102 77 76 137 88 79 216 61 230 166 56 238 190 206 31 213 127 249 75 194 196 163 156 173 126 42 105 199 175 223 84 114 131 150 67 123 141 208 86 159 52 138 143 63 38 184 65 43 99 85 41 101 124 248 182 83 53 197 161 130 226 50 247 205 129 186 203 233 207 112 178 
132 : 52 104 221 161 100 136 113 155 153 50 120 93 164 212 230 83 228 239 110 92 106 140 46 64 246 134 102 68 76 193 60 235 181 242 170 166 78 69 70 122 229 182 245 214 146 162 
133 : 48 182 121 153 194 199 105 154 75 139 81 95 74 195 65 215 59 225 140 110 64 27 79 181 34 45 35 60 97 237 25 172 203 
134 : 236 42 135 127 136 101 59 110 144 207 58 226 83 234 50 206 195 184 178 44 131 164 219 174 43 201 230 249 187 231 45 108 55 165 213 111 
135 : 193 215 112 211 186 154 210 233 183 34 91 145 90 161 125 142 228 98 197 185 124 130 74 119 54 199 86 105 79 150 82 39 247 44 61 229 148 172 158 77 
136 : 107 176 26 208 236 49 115 69 92 148 212 43 63 52 228 70 56 119 225 127 198 183 153 57 197 221 144 246 137 112 203 
137 : 193 158 211 33 106 127 202 76 129 231 80 195 218 77 242 111 196 62 61 101 137 37 226 159 239 119 247 166 185 56 45 235 36 92 126 178 59 194 139 200 122 75 203 26 167 32 147 131 
138 : 164 72 45 48 161 65 63 233 207 146 142 109 247 55 223 88 150 135 32 131 25 206 118 74 202 208 174 229 214 76 58 192 236 231 138 46 205 165 221 129 101 29 182 107 218 147 158 212 
139 : 100 37 235 232 151 125 170 59 145 108 66 153 63 218 182 191 68 231 146 135 69 245 47 51 213 55 203 94 241 105 86 96 79 217 237 222 142 197 111 107 39 31 28 227 75 124 211 225 138 139 106 60 83 40 84 115 208 98 192 165 171 246 45 73 117 185 70 95 57 143 27 114 147 
140 : 188 202 123 122 169 218 32 211 138 105 198 46 237 87 141 233 74 77 145 56 147 51 201 162 248 158 103 244 92 96 126 53 120 205 55 111 70 30 199 239 38 148 197 113 224 234 150 180 
141 : 182 156 213 224 99 117 58 77 50 120 188 95 119 163 140 197 70 159 123 92 193 55 171 203 130 148 75 111 192 200 245 47 149 144 170 214 196 150 61 91 154 227 89 79 97 71 248 161 241 151 218 40 175 165 216 73 235 121 115 207 44 180 42 183 83 29 174 125 184 206 195 38 86 62 239 80 187 223 133 204 222 32 54 129 219 
142 : 203 143 204 161 162 136 111 156 225 118 36 196 141 91 97 208 142 39 201 171 73 195 126 51 52 232 87 131 26 109 71 44 140 163 84 165 86 166 65 248 32 198 132 233 211 202 205 35 45 92 175 62 167 197 155 152 158 68 147 94 219 199 145 120 100 157 190 107 40 129 151 200 240 244 
143 : 149 202 159 199 213 168 102 209 186 140 240 158 145 31 127 129 172 238 122 55 52 195 40 35 98 162 143 90 156 106 241 25 244 191 112 76 62 148 169 185 230 64 131 154 57 151 184 32 45 67 77 104 70 79 174 163 58 86 91 56 119 100 166 178 219 218 146 42 113 117 224 201 208 95 249 33 134 206 235 136 49 123 78 41 
144 : 69 114 50 239 59 119 110 152 154 115 121 94 131 180 153 99 127 158 171 146 191 30 186 164 136 220 86 111 64 170 219 222 77 51 233 70 206 211 40 75 144 126 134 129 117 155 112 36 44 96 46 209 
145 : 64 118 76 187 228 74 33 141 36 248 108 134 166 125 61 84 112 80 191 31 89 208 156 29 140 214 81 172 71 50 63 52 28 115 242 185 25 148 123 78 
146 : 41 167 150 227 195 129 179 72 182 138 175 189 149 88 217 168 226 137 201 25 216 170 163 143 197 191 30 221 130 223 174 115 157 222 215 70 183 56 140 86 196 160 81 245 218 199 136 248 178 164 146 97 29 44 58 92 51 225 49 171 177 74 242 219 120 135 192 78 55 106 206 113 105 26 181 37 233 54 139 75 101 59 213 133 144 61 165 38 172 57 169 229 36 60 161 77 194 
147 : 90 173 56 67 222 246 145 33 63 70 100 105 244 62 68 158 230 167 26 147 198 140 85 55 231 203 41 191 201 120 89 135 225 236 91 104 127 43 92 
148 : 75 147 247 107 125 26 32 74 52 206 248 64 167 92 143 35 118 83 99 69 46 42 37 196 234 193 136 25 128 230 221 211 166 123 177 154 160 141 72 197 27 138 117 157 104 29 218 140 159 122 223 227 184 243 59 212 249 145 88 84 198 63 222 214 28 135 101 239 144 174 225 
149 : 56 51 164 68 85 69 122 173 71 245 25 80 48 112 124 176 171 140 133 156 205 162 218 47 28 74 223 60 198 132 121 191 89 70 100 196 138 195 127 154 225 29 241 65 248 188 128 93 38 142 172 211 82 99 46 77 150 165 113 204 90 149 114 231 141 137 84 102 103 166 116 169 184 148 227 235 242 66 
150 : 208 77 70 198 87 241 171 69 133 52 28 233 168 230 190 42 181 192 46 109 188 93 214 40 223 153 170 122 39 83 169 62 41 88 227 175 63 204 116 84 61 213 215 193 134 68 162 220 117 82 64 185 217 247 94 158 222 187 105 75 55 58 242 157 34 180 96 249 172 110 114 
151 : 100 126 236 174 246 45 144 231 160 75 130 28 90 179 238 163 99 98 121 85 59 205 245 223 60 64 207 215 49 244 186 172 52 209 94 142 162 228 38 248 137 124 58 224 53 147 218 32 102 152 234 30 36 40 204 247 175 134 87 230 69 
152 : 164 118 242 221 172 179 133 61 94 152 127 36 112 49 122 33 199 39 117 246 218 176 196 27 154 103 43 77 32 224 168 116 65 68 120 234 28 59 177 143 105 249 51 157 217 101 75 67 171 79 66 173 99 50 
153 : 29 155 228 207 25 121 27 95 168 60 175 173 147 159 217 122 177 186 130 201 116 47 86 167 38 28 188 
154 : 183 109 209 100 87 66 233 216 235 55 186 104 32 135 218 239 106 245 142 43 137 215 103 174 155 131 164 151 51 197 105 50 128 111 199 114 30 116 182 221 198 92 74 220 210 125 173 64 163 90 249 192 178 160 141 244 
155 : 167 200 137 25 163 222 55 166 155 165 27 209 190 234 188 70 110 119 220 212 92 75 176 162 194 160 53 77 72 219 91 204 118 121 241 229 
156 : 132 67 120 185 118 207 237 145 34 206 223 76 160 233 121 159 83 157 176 238 125 166 181 86 90 71 106 227 41 128 91 65 123 122 210 201 29 43 129 230 54 117 45 119 105 42 
157 : 181 198 127 133 34 149 114 64 92 81 82 154 88 78 161 60 84 116 79 185 138 47 156 61 180 205 201 106 44 176 62 104 31 54 101 76 56 226 66 182 175 155 215 55 107 50 95 28 132 122 
158 : 128 133 222 60 81 232 179 156 178 193 234 39 32 65 239 209 121 190 64 243 78 73 249 100 207 53 
159 : 94 218 71 52 245 72 74 99 73 33 112 142 144 167 76 192 93 143 123 249 158 152 121 75 38 50 127 113 68 61 229 39 97 102 231 185 131 224 164 120 212 239 197 103 228 48 156 208 55 70 215 189 148 181 201 77 98 87 40 128 204 96 221 210 220 180 47 171 104 186 129 153 216 111 134 168 242 195 62 159 140 211 88 248 166 105 173 36 108 31 236 141 100 
160 : 25 130 165 33 197 195 205 103 49 71 29 190 113 181 111 243 53 63 150 112 217 218 84 169 40 132 101 140 87 85 100 174 215 134 226 249 151 248 219 198 183 125 160 60 234 189 194 209 176 65 82 46 
161 : 187 240 246 77 199 106 216 219 196 168 38 35 135 25 138 150 41 178 119 105 111 239 40 170 114 206 189 148 87 82 175 182 70 54 66 198 110 74 140 33 62 93 237 37 92 45 205 28 242 130 115 86 217 75 179 
162 : 193 110 38 238 62 201 47 191 152 220 164 157 154 239 102 48 246 87 33 176 226 97 179 49 125 31 181 86 198 26 
163 : 37 208 205 189 65 249 48 99 109 188 119 121 160 122 174 39 127 81 168 146 150 237 151 70 187 230 45 220 47 195 102 211 126 200 149 79 140 76 190 
164 : 224 151 75 154 49 28 126 135 81 155 58 195 244 143 100 171 42 106 159 193 41 174 238 82 84 192 61 39 204 109 228 158 95 198 223 169 239 70 29 124 166 44 213 220 141 232 121 64 102 177 56 35 219 74 77 33 59 
165 : 59 136 168 181 246 208 188 104 129 237 190 99 225 203 153 40 175 84 45 146 249 65 79 160 112 164 215 224 231 66 197 177 248 185 83 56 124 243 143 245 204 36 51 42 77 162 62 152 211 201 193 57 206 172 214 205 119 85 89 92 244 149 52 69 127 30 199 145 87 107 222 74 210 174 88 233 90 54 
166 : 174 95 241 105 106 94 36 208 83 220 144 199 75 110 204 86 85 198 70 64 228 154 109 226 30 32 41 104 114 78 72 81 135 55 57 
167 : 222 166 196 42 149 92 223 132 171 38 248 156 154 36 82 172 105 27 225 228 188 35 61 112 175 120 117 205 56 109 60 150 168 29 107 126 50 233 170 190 191 128 64 186 48 47 231 218 239 161 96 83 139 111 108 76 211 59 84 130 77 243 167 230 
168 : 100 185 186 164 144 174 63 199 178 37 190 28 40 140 195 196 119 224 176 215 89 223 67 105 246 110 53 114 54 241 238 192 78 207 88 201 150 205 68 233 91 49 245 204 232 58 169 149 189 65 31 151 210 146 92 87 109 219 99 80 180 107 111 222 237 203 134 61 160 188 44 125 228 142 60 72 33 168 73 118 209 187 41 117 30 139 66 34 115 27 194 226 234 101 
169 : 189 141 191 167 114 164 227 113 169 221 70 177 144 244 108 107 149 30 63 248 153 178 35 53 179 207 193 90 188 180 140 171 36 212 120 92 96 66 231 243 98 61 43 122 201 34 33 47 240 220 76 233 128 170 158 65 134 159 237 
170 : 142 208 246 119 226 32 95 186 216 217 28 245 169 110 90 58 76 232 136 212 97 124 221 89 92 41 64 219 43 137 167 
171 : 159 99 152 111 240 103 48 119 167 246 90 185 168 211 209 120 39 85 193 33 45 234 131 94 238 179 140 56 181 37 137 108 115 
172 : 219 203 190 58 125 120 186 161 41 223 25 231 85 156 220 211 107 60 48 232 92 166 172 36 184 98 140 244 54 34 46 222 242 164 212 173 181 50 53 218 100 83 37 245 77 201 209 148 42 95 137 227 151 90 124 243 168 72 157 234 59 236 150 136 52 47 221 93 105 84 131 191 235 196 127 228 152 248 56 69 142 76 
173 : 219 244 240 126 48 103 143 80 235 132 179 123 108 223 56 194 70 231 128 172 141 99 154 127 241 98 174 166 125 118 60 161 67 163 30 153 75 112 81 233 96 210 171 217 168 68 135 28 236 209 95 78 53 151 59 84 34 133 85 215 104 177 156 66 234 55 224 216 211 
174 : 35 34 235 76 183 134 216 180 152 119 93 227 135 129 84 200 66 142 36 118 63 212 82 220 222 74 186 127 71 
175 : 239 115 244 99 168 166 124 196 199 54 154 28 114 69 101 110 95 161 234 139 231 232 191 85 91 40 167 106 94 190 34 226 79 39 51 235 181 111 126 249 192 203 173 119 49 81 70 188 98 170 193 242 96 78 35 38 60 64 122 83 134 26 80 214 136 164 200 238 218 149 109 65 58 105 89 141 48 217 92 169 189 165 121 187 156 233 150 153 175 151 174 133 36 66 30 61 59 
176 : 162 50 111 231 68 166 63 145 227 131 123 210 112 212 118 172 208 200 189 57 215 36 141 136 121 234 173 181 76 92 
177 : 151 124 150 249 88 30 144 233 136 173 180 85 211 198 224 227 178 221 148 185 109 204 76 187 96 120 182 234 181 132 
178 : 27 126 215 163 37 246 241 116 114 244 169 211 94 128 247 100 40 41 152 30 69 188 107 136 235 202 170 90 78 196 172 67 108 186 84 162 230 236 192 205 139 117 63 137 92 217 132 238 123 141 190 223 195 232 46 68 74 155 39 234 77 135 49 225 99 218 91 109 118 164 106 
179 : 92 29 75 237 108 125 34 35 122 56 98 28 51 43 144 138 61 235 202 162 210 128 234 221 79 99 81 135 205 114 67 63 104 157 82 124 58 113 100 49 219 158 62 110 167 46 33 105 240 96 95 101 127 183 32 38 190 212 153 55 52 166 25 222 171 120 42 148 211 229 74 233 
180 : 132 232 73 68 101 91 166 134 212 131 67 145 88 183 230 77 130 176 238 234 35 244 170 96 150 138 239 71 104 
181 : 85 83 140 29 32 105 210 75 227 52 93 51 122 82 62 170 99 195 201 121 169 163 30 81 192 184 114 226 110 203 247 206 160 92 136 172 60 113 165 185 152 77 54 33 212 238 55 68 240 71 120 215 220 244 198 180 162 223 
182 : 167 62 42 246 153 189 105 215 127 101 70 78 223 92 59 156 190 118 84 80 120 158 123 74 244 38 178 85 155 104 79 77 234 169 82 203 159 136 142 97 32 196 117 33 96 54 55 205 132 188 69 221 183 108 213 147 137 238 144 26 171 113 94 211 237 52 173 57 27 172 226 210 106 241 193 201 100 168 218 
183 : 145 133 224 33 162 55 27 130 187 68 169 243 168 171 177 38 103 244 85 35 189 36 164 165 219 144 240 71 105 149 32 
184 : 107 188 227 243 64 90 123 172 245 244 183 78 193 214 79 116 49 219 144 146 154 63 159 138 39 106 94 213 215 207 216 46 41 132 71 87 228 233 230 110 70 229 149 222 157 218 202 104 139 210 119 211 55 27 62 201 99 37 126 31 220 36 84 93 179 86 170 60 246 169 50 35 191 118 190 82 232 128 145 143 109 59 115 187 75 236 95 131 199 43 162 
185 : 81 122 245 70 98 162 186 56 40 91 44 93 52 243 239 184 215 195 117 209 49 174 180 120 118 199 183 148 48 54 102 42 128 154 242 155 235 63 78 113 158 76 65 114 72 231 221 89 234 46 127 100 97 226 165 121 156 140 244 112 163 217 57 224 194 185 249 96 
186 : 118 177 202 189 145 85 87 100 169 110 71 243 179 90 73 168 160 224 127 159 55 107 219 133 75 154 47 26 142 222 192 97 247 43 172 238 199 149 31 93 129 39 183 111 174 236 152 53 218 50 128 36 60 135 210 184 180 114 225 144 42 44 150 98 139 212 237 45 234 220 113 246 33 102 134 80 147 70 201 104 191 122 240 101 109 
187 : 41 54 158 88 82 236 181 178 197 66 43 174 155 246 93 172 165 50 177 45 81 218 106 125 120 168 224 114 175 119 147 118 134 230 63 166 141 73 39 48 91 201 214 104 135 101 145 240 170 78 85 191 153 152 229 127 34 142 227 70 108 180 221 237 49 156 184 234 151 95 183 37 98 157 69 27 232 188 112 138 40 36 243 185 35 219 136 144 33 
188 : 44 225 40 243 233 82 193 197 165 215 223 104 230 59 160 63 138 231 198 141 152 35 155 51 121 38 203 191 50 52 55 36 145 239 100 128 25 31 48 169 115 213 111 168 227 143 29 73 70 175 78 134 199 236 56 161 75 151 226 240 167 28 228 90 178 241 159 113 68 179 88 30 162 114 247 110 105 137 69 
189 : 236 155 57 191 65 47 156 100 50 66 161 147 152 179 189 99 181 143 93 78 216 190 95 166 162 51 186 124 63 217 218 224 32 
190 : 97 134 166 203 82 125 114 113 72 217 135 91 206 115 192 69 98 136 213 241 127 29 43 62 93 122 90 172 85 77 173 109 176 222 207 232 209 160 146 28 180 248 208 47 108 174 221 201 189 61 60 227 137 126 41 153 194 118 89 225 45 193 32 130 181 26 54 219 218 56 
191 : 146 225 128 55 227 77 238 223 31 80 193 48 61 42 134 35 108 205 187 50 78 51 145 133 190 127 149 100 170 220 64 180 94 144 38 115 156 237 86 118 242 218 54 210 99 91 33 72 74 129 224 79 107 116 158 121 179 184 
192 : 226 249 201 121 81 111 236 115 224 240 156 40 168 188 61 182 28 114 161 228 178 64 173 55 128 106 29 123 213 148 39 219 32 209 120 191 174 212 197 129 227 105 140 124 133 62 163 36 151 109 137 149 164 51 200 167 116 158 243 152 242 91 69 47 154 82 31 160 71 63 46 237 
193 : 105 152 70 190 55 116 37 172 32 61 114 110 161 195 219 151 166 227 247 44 225 140 85 180 183 64 111 211 149 76 231 209 203 124 41 215 31 159 216 102 226 101 99 189 28 71 86 95 50 36 221 78 245 156 97 27 141 49 179 77 136 83 33 42 218 51 132 146 240 185 208 96 241 46 87 67 100 194 204 171 113 229 89 142 103 121 120 63 147 165 47 
194 : 192 111 89 214 52 176 78 164 56 178 200 98 193 199 232 132 120 74 187 94 140 172 67 165 249 202 219 55 93 239 245 247 28 86 34 106 84 212 128 228 90 95 179 32 154 40 242 162 77 133 117 143 198 196 197 149 76 114 194 88 30 248 204 92 237 35 240 224 45 186 27 116 167 155 177 161 195 38 191 231 215 145 104 110 173 70 118 222 113 210 65 61 69 79 156 135 
195 : 45 64 209 159 68 226 50 59 57 214 48 110 97 160 80 230 47 83 113 244 136 105 92 89 108 51 174 234 242 116 216 227 248 173 90 67 70 99 62 158 182 100 71 228 42 25 107 55 79 
196 : 174 209 129 171 182 72 223 222 170 175 60 30 64 145 89 122 233 164 248 230 110 104 130 135 52 114 134 119 65 203 133 61 95 96 78 208 82 173 193 202 56 91 221 86 38 81 39 244 231 37 235 127 183 189 152 154 144 186 87 40 187 184 204 226 45 168 67 109 128 211 125 71 150 33 239 103 85 232 111 124 69 212 195 131 227 41 57 
197 : 152 190 50 183 130 182 120 170 218 160 118 240 198 157 71 119 80 127 38 90 74 188 45 115 83 109 236 228 98 161 244 91 132 29 70 57 92 66 168 94 235 42 193 245 212 171 41 156 239 102 197 231 101 220 203 53 249 209 59 54 246 122 61 108 189 138 140 216 181 106 137 40 123 77 223 147 113 34 206 126 184 69 163 124 104 105 78 47 172 176 97 191 217 200 179 207 232 
198 : 26 120 61 168 162 124 201 199 181 71 68 156 231 191 51 54 87 174 141 249 62 193 56 243 27 143 37 232 148 119 85 118 212 47 29 184 36 126 35 161 192 50 210 220 173 64 72 98 198 45 197 245 100 230 96 106 206 158 223 137 151 114 107 46 25 215 130 234 236 103 155 152 207 105 239 33 78 150 129 163 154 169 190 203 237 
199 : 171 240 121 123 82 92 85 129 134 194 125 160 192 246 165 141 156 38 233 167 63 151 74 75 158 247 68 203 196 143 190 133 
200 : 216 199 166 66 206 44 174 178 157 184 222 120 243 165 98 104 185 177 118 62 188 145 79 49 76 39 101 48 33 179 93 80 187 43 139 168 192 71 82 200 196 149 220 113 218 234 240 195 182 197 45 217 221 151 124 202 90 61 96 213 183 110 123 102 144 127 46 209 191 111 97 
201 : 75 236 201 64 53 242 229 26 81 121 247 136 67 99 45 34 203 178 80 47 37 69 190 145 235 
202 : 190 46 32 65 113 230 202 186 114 84 237 79 157 158 96 210 42 92 227 33 59 240 93 248 180 199 161 82 159 243 39 29 54 34 131 105 247 197 104 26 218 148 246 224 118 139 152 90 160 177 28 80 221 52 138 228 101 130 249 229 171 232 40 209 124 55 142 89 31 182 174 181 
203 : 127 54 131 116 231 196 70 149 101 72 120 60 50 186 165 187 217 97 210 75 194 246 145 242 44 223 132 243 64 113 37 25 160 140 40 233 222 95 31 104 130 99 235 134 115 56 182 83 125 208 212 158 151 65 191 43 175 237 94 226 41 148 155 239 163 213 136 58 179 181 33 82 117 34 53 108 55 105 183 59 121 
204 : 141 25 190 188 245 101 72 94 87 199 90 182 68 35 157 232 247 39 161 218 75 85 233 115 41 195 116 97 33 152 206 46 93 163 69 86 124 207 32 164 200 126 55 193 230 38 225 150 112 158 59 204 120 52 227 70 171 98 220 125 139 197 36 203 143 137 234 237 239 129 123 202 236 224 89 169 73 43 249 198 147 241 138 54 183 212 45 175 110 92 194 121 231 128 
205 : 103 136 167 77 66 64 174 88 121 56 120 175 246 85 157 118 243 170 128 130 50 219 115 186 248 223 214 149 231 238 182 68 83 212 218 48 171 105 221 191 211 43 208 230 233 222 217 150 46 94 117 242 96 
206 : 52 245 130 233 46 249 247 187 132 218 166 220 88 155 206 221 198 98 29 80 212 238 242 27 86 205 167 226 92 147 241 83 156 50 128 227 203 69 237 112 142 41 189 136 67 235 246 219 139 154 178 56 162 240 95 124 30 149 182 164 161 59 169 89 110 234 188 197 44 120 202 191 36 224 192 131 170 60 33 152 160 146 204 145 211 
207 : 80 85 30 112 143 221 193 173 130 137 154 178 97 75 157 177 66 57 180 103 225 67 240 189 62 109 205 235 249 162 124 170 60 93 51 88 79 131 82 194 153 175 202 212 101 33 105 37 210 222 108 126 119 160 84 104 55 219 50 241 215 38 107 58 197 53 74 25 113 125 229 96 142 159 99 186 54 26 220 116 233 196 174 94 132 114 247 169 161 155 183 
208 : 83 149 110 238 109 227 190 185 56 139 76 161 102 241 93 98 40 224 142 25 33 193 49 97 42 82 61 119 90 176 70 45 202 221 147 34 128 137 153 59 117 69 198 116 60 135 214 181 215 145 103 87 167 46 65 178 72 208 212 122 231 120 64 30 132 73 200 100 78 
209 : 135 111 124 187 92 249 38 211 129 170 42 147 32 91 192 175 87 134 216 212 213 164 40 233 198 29 162 93 141 128 75 81 49 229 146 200 243 72 239 244 139 238 181 182 121 53 35 60 193 227 70 163 178 25 224 242 108 131 171 196 26 39 79 218 43 113 71 114 99 98 150 184 73 56 94 235 46 97 143 221 165 41 
210 : 209 108 245 51 80 98 85 182 112 137 128 53 75 136 198 238 162 32 187 140 131 88 90 104 172 194 122 220 167 74 26 247 183 44 56 115 42 93 30 143 155 159 226 110 114 138 229 202 239 213 134 243 61 40 192 27 64 127 248 48 65 33 91 235 221 
211 : 123 126 161 165 136 142 110 29 147 67 196 174 172 229 178 81 102 233 238 93 234 60 55 64 248 73 95 130 240 198 244 
212 : 209 229 34 199 205 38 104 198 45 186 139 196 105 214 152 159 145 32 77 64 111 245 25 98 129 70 247 164 203 60 71 116 239 85 169 41 138 163 132 68 100 133 192 80 109 126 30 118 172 227 117 115 59 76 
213 : 221 98 38 66 236 88 222 232 153 46 249 69 246 50 136 119 149 244 170 130 31 48 109 107 174 36 137 96 240 186 118 124 32 86 235 228 
214 : 88 50 96 161 188 115 218 243 219 74 26 69 103 66 141 157 104 168 126 81 195 245 216 38 145 249 241 230 150 48 139 131 33 210 98 248 207 120 99 242 125 35 114 247 144 133 32 222 83 211 25 182 75 178 28 84 225 187 201 204 232 213 113 183 181 234 121 40 199 55 62 226 189 95 223 202 41 151 57 190 116 31 172 127 58 101 94 54 63 64 107 
215 : 89 240 98 65 230 93 113 158 146 241 81 29 67 112 56 62 64 51 57 219 104 151 37 221 43 190 138 70 126 194 197 206 231 208 90 224 181 58 54 183 127 124 84 236 242 243 247 28 35 157 107 92 145 76 203 94 46 154 199 102 141 187 95 
216 : 238 26 222 226 200 72 38 93 33 83 175 148 151 249 71 209 110 216 135 111 122 192 112 94 30 39 130 57 245 191 227 208 138 220 198 179 66 68 65 182 117 167 204 78 207 161 62 123 152 95 225 108 166 37 131 149 177 132 50 
217 : 159 221 140 136 85 231 34 123 162 219 207 213 158 149 134 118 160 234 167 182 202 172 104 117 192 92 43 31 229 76 154 171 211 237 155 97 199 65 245 208 232 67 130 102 135 71 110 239 75 203 84 226 169 32 189 37 59 108 
218 : 54 202 138 222 82 206 35 133 71 195 185 41 33 95 219 137 248 154 157 46 143 186 34 215 70 193 175 161 166 224 174 31 237 25 182 50 153 233 115 226 57 78 150 36 66 129 235 103 218 194 167 37 203 102 200 139 48 216 212 155 61 65 207 184 
219 : 99 50 180 241 216 63 191 76 110 199 192 101 212 225 44 204 38 240 69 184 138 160 143 132 172 214 125 114 39 134 219 123 176 187 62 124 128 163 93 67 116 246 31 139 245 65 68 181 201 70 30 118 164 75 223 133 144 81 165 247 183 197 234 64 243 97 48 158 147 
220 : 158 177 92 130 60 143 51 75 137 38 159 206 57 153 124 65 161 180 85 239 160 192 74 107 198 233 232 207 179 133 211 116 42 236 76 249 79 131 113 45 184 229 129 176 55 117 205 40 135 61 182 221 70 142 156 43 47 220 189 186 52 138 123 
221 : 122 116 174 57 183 95 179 211 155 64 210 136 198 219 25 188 124 145 199 97 131 66 160 215 186 240 233 109 205 118 125 79 185 30 164 90 82 52 110 81 229 195 228 84 146 74 149 107 86 31 139 112 177 37 196 209 234 101 175 98 237 217 70 170 120 48 173 216 207 
222 : 92 197 127 31 81 128 75 180 64 225 54 116 233 196 248 147 210 156 136 215 99 188 113 101 29 45 187 154 222 236 77 67 112 106 95 164 186 170 235 115 146 61 230 96 47 65 238 110 126 120 172 90 217 46 167 97 223 32 171 93 135 74 228 109 
223 : 164 53 205 106 154 151 210 44 73 67 227 146 183 56 165 180 89 202 170 115 80 144 30 68 153 208 145 70 184 133 123 118 71 111 
224 : 209 106 162 241 228 247 107 33 56 186 76 185 160 120 81 84 47 206 93 99 190 154 150 214 157 197 165 129 86 64 207 141 224 236 113 95 55 176 38 227 226 155 235 231 39 192 147 166 194 143 156 249 58 145 
225 : 248 98 101 104 144 32 43 48 237 130 51 234 231 201 176 55 222 47 194 165 44 90 37 189 174 188 59 247 95 186 155 184 70 63 85 126 147 66 45 161 195 127 
226 : 117 195 213 58 165 216 148 201 31 178 209 139 196 248 246 40 33 220 180 53 144 98 34 229 134 84 81 128 162 210 59 200 182 131 57 86 92 241 108 104 109 194 68 65 227 39 186 193 96 26 205 126 44 127 93 192 191 38 47 233 61 28 103 
227 : 195 186 122 131 197 219 63 53 86 27 183 67 113 125 111 132 151 145 150 114 202 39 68 204 168 159 212 41 55 76 233 198 236 134 48 35 88 130 205 138 136 193 235 109 60 84 117 217 79 152 231 64 221 165 210 228 110 199 247 177 144 49 142 129 71 245 160 190 172 28 181 175 157 104 108 164 96 146 66 29 155 77 166 82 69 248 154 
228 : 235 62 154 107 118 70 196 198 229 218 72 190 65 79 217 246 178 86 48 51 73 199 115 101 85 237 197 160 
229 : 80 190 221 236 115 49 212 65 163 242 243 111 52 84 164 113 93 133 33 171 106 116 177 172 43 73 29 155 95 62 223 238 200 94 97 234 63 54 108 197 134 149 69 28 249 183 78 144 194 196 181 185 231 53 139 248 121 222 175 198 98 187 74 226 161 64 79 166 83 55 168 
