0 : 171 66 200 128 211 246 120 75 185 203 72 168 77 193 85 106 115 107 84 242 238 44 39 121 90 97 43 53 100 42 226 80 157 40 96 126 
1 : 57 178 115 139 36 33 248 133 76 179 138 129 53 190 213 158 228 226 59 199 121 157 37 230 177 32 232 198 69 49 79 217 132 54 153 152 58 239 42 78 200 77 203 208 145 184 167 30 130 47 170 91 123 156 236 122 172 146 34 95 80 39 56 84 140 90 108 99 151 229 225 102 26 175 201 155 109 222 96 244 210 196 70 238 118 206 173 209 
2 : 69 87 142 43 57 192 141 60 135 72 215 81 73 65 201 103 219 55 51 151 193 36 54 236 174 146 137 249 130 185 124 35 181 210 221 68 86 148 97 161 102 173 47 105 58 123 40 155 194 34 222 131 162 96 163 143 166 227 113 121 48 
3 : 142 96 162 222 78 193 169 118 227 64 194 62 154 235 243 208 196 183 241 50 239 166 45 213 82 84 202 57 81 153 77 89 181 70 66 91 157 129 164 206 163 147 168 230 108 33 29 100 238 120 88 49 26 119 203 86 34 141 133 76 46 236 210 122 61 40 151 38 127 134 232 182 221 226 72 140 32 74 123 156 179 
4 : 195 123 149 120 112 81 161 209 35 150 46 43 140 29 64 219 244 92 110 94 152 95 145 119 208 170 169 185 234 236 103 63 107 88 96 57 71 26 136 44 203 116 211 85 249 41 176 60 215 179 226 245 156 181 225 126 147 212 243 131 186 
5 : 48 138 86 69 231 170 84 61 57 107 249 194 216 122 43 93 145 82 240 76 129 178 98 74 58 199 161 157 37 187 25 147 132 153 51 154 78 49 104 88 113 242 206 36 235 39 95 144 198 244 181 185 176 66 217 182 214 232 47 109 148 119 152 197 196 204 124 35 238 134 
6 : 200 89 126 26 27 82 149 68 193 208 34 59 207 194 112 204 221 58 80 195 91 120 239 75 156 234 189 106 223 224 228 108 174 142 62 65 141 152 191 244 64 215 150 190 188 39 206 183 225 153 143 55 213 214 90 155 158 25 145 238 84 123 38 245 167 242 43 69 95 169 171 137 134 192 44 162 187 33 125 93 122 
7 : 127 192 132 52 49 182 80 196 157 154 222 109 239 133 69 165 195 117 95 174 243 55 218 61 187 167 180 76 111 48 50 36 42 151 30 126 47 33 73 194 53 38 204 158 215 160 219 193 40 90 209 198 171 155 93 189 75 108 82 
8 : 52 186 191 39 136 241 217 171 42 128 37 122 93 248 229 209 218 82 233 212 45 227 180 89 129 72 57 176 226 86 98 215 163 151 139 206 
9 : 228 66 171 152 180 80 206 179 164 61 230 187 234 115 185 189 201 64 148 237 242 53 130 100 198 127 174 107 73 41 26 91 207 197 
10 : 145 174 206 92 53 208 122 224 170 26 191 41 237 185 123 99 243 55 27 51 175 245 235 74 179 47 139 249 130 238 121 45 213 227 120 31 133 232 140 216 67 220 66 231 154 29 35 242 167 
11 : 27 165 74 171 152 34 194 112 204 139 40 120 187 56 186 189 210 239 192 245 217 228 182 158 170 209 164 114 227 61 83 178 156 122 25 184 125 93 237 76 201 140 47 91 230 191 235 197 26 238 48 44 203 121 176 55 89 88 138 70 71 244 240 190 78 111 155 154 213 118 39 226 150 30 234 142 233 219 229 145 166 98 84 200 92 195 174 160 216 248 141 
12 : 218 198 215 63 155 35 103 139 48 244 61 121 54 152 171 85 166 109 153 159 236 172 224 113 92 232 240 
13 : 130 154 117 51 155 193 178 234 78 198 137 39 160 100 76 219 133 153 135 190 105 158 27 191 64 103 145 97 206 75 180 152 168 185 81 210 228 177 59 111 201 188 54 38 90 165 138 32 192 124 233 207 58 122 118 236 98 125 143 65 237 91 151 71 49 194 159 136 56 211 40 79 246 33 107 181 166 164 114 43 102 69 92 95 57 80 221 197 140 128 173 224 232 204 
14 : 123 52 191 137 189 185 92 138 102 90 33 203 235 220 38 119 241 142 188 27 129 166 81 47 163 228 25 196 42 94 69 213 88 248 149 116 178 136 214 147 84 57 160 79 83 224 175 171 154 240 126 108 230 71 162 67 101 74 221 210 206 82 124 64 39 46 130 198 194 87 80 117 121 135 170 242 212 75 72 168 
15 : 201 229 187 181 132 232 191 36 153 57 30 77 137 184 81 247 223 32 157 72 204 87 183 75 114 52 145 205 163 93 245 203 243 189 113 128 185 121 197 213 33 169 164 120 208 94 231 117 78 140 196 222 100 162 103 99 104 
16 : 182 244 184 204 31 199 67 41 120 188 128 78 53 100 77 161 32 84 176 154 42 99 166 134 69 207 94 236 60 208 137 168 117 126 83 90 190 149 238 177 225 93 234 113 186 228 219 151 203 247 108 235 38 48 185 68 173 74 123 27 87 227 52 164 80 75 158 189 226 144 218 37 156 89 
17 : 152 216 237 128 160 131 74 139 44 121 39 116 191 217 83 58 95 53 207 222 70 179 124 208 181 120 242 213 195 149 25 224 246 211 192 63 67 165 206 183 212 27 193 174 61 64 228 170 148 133 112 156 106 147 182 26 142 136 236 90 85 244 82 218 
18 : 145 214 88 168 197 161 245 193 39 191 149 190 95 112 180 32 99 189 211 44 122 128 61 53 195 153 102 111 127 225 129 41 223 132 203 84 89 194 241 77 86 216 209 248 52 79 62 150 227 117 178 183 212 130 182 25 43 160 141 34 51 133 92 46 121 66 158 151 138 94 234 72 243 101 185 47 187 114 208 230 56 29 91 159 68 199 192 42 247 
19 : 92 177 80 189 154 157 218 93 214 173 172 100 232 223 161 171 130 229 49 89 47 61 39 169 67 211 127 142 59 163 107 69 121 158 95 219 192 199 116 48 200 132 240 65 178 212 221 248 217 197 84 
20 : 80 81 101 202 40 220 216 136 78 223 149 177 146 186 235 141 110 79 215 229 32 115 143 226 170 243 174 151 156 162 242 74 185 150 116 108 166 182 191 118 117 169 130 48 227 134 98 76 160 213 144 64 84 231 193 211 88 132 233 237 112 203 192 106 239 60 222 96 107 181 218 73 100 31 52 155 35 53 179 30 109 34 121 87 
21 : 87 237 105 134 118 51 109 121 104 200 230 180 83 244 128 249 131 166 69 56 224 238 66 204 189 79 124 127 149 158 93 71 194 92 154 176 74 165 184 32 133 221 175 114 67 168 233 181 101 60 106 63 243 31 123 177 172 126 209 239 236 216 
22 : 229 71 84 94 111 141 211 100 210 147 34 196 92 114 70 58 189 33 176 65 149 75 130 85 132 245 186 199 56 216 194 28 145 201 161 50 77 38 37 237 126 125 82 227 112 96 137 219 134 66 228 143 76 73 234 64 95 230 206 220 226 90 36 142 83 113 153 170 163 61 118 193 46 
23 : 54 189 31 53 44 104 125 128 163 63 50 94 136 122 130 108 150 60 155 169 84 151 120 143 196 
24 : 192 136 126 85 130 105 104 216 35 106 116 178 37 45 150 179 207 160 141 159 67 117 124 236 182 32 120 131 231 48 224 158 82 75 222 176 190 79 149 26 184 183 226 211 
25 : 37 249 244 80 92 232 204 163 55 30 38 183 234 196 93 134 65 186 91 31 58 82 205 176 247 195 64 223 107 211 237 25 36 189 160 94 136 152 217 27 240 62 185 83 214 146 45 157 166 103 198 87 106 135 76 210 147 184 48 207 57 193 71 137 219 32 
26 : 58 248 217 214 144 233 72 86 218 209 90 89 45 231 74 211 103 235 124 198 37 95 167 79 178 240 52 92 179 78 143 206 203 123 71 62 47 122 136 150 33 67 101 93 75 88 31 239 160 34 180 69 244 210 91 48 49 158 192 212 80 29 232 25 172 32 134 46 184 114 199 185 243 82 77 207 219 
27 : 231 28 120 111 130 94 214 115 242 157 83 62 142 199 31 123 98 116 35 117 45 124 61 245 114 90 39 59 92 68 212 100 208 132 48 139 122 81 232 239 127 149 121 69 40 27 82 131 72 194 197 75 237 174 187 168 70 144 206 228 151 164 26 155 235 43 106 158 140 104 57 166 76 202 211 218 161 156 41 217 137 230 105 73 219 128 102 99 207 180 170 
28 : 239 208 58 171 155 30 207 168 38 156 104 205 128 41 54 88 218 101 203 238 157 146 55 140 221 227 138 103 145 235 132 236 68 92 48 200 49 44 213 229 186 113 139 189 201 131 159 125 242 51 32 85 56 81 231 136 117 210 233 215 223 119 129 
29 : 215 40 65 140 91 127 54 115 243 221 122 163 30 156 217 183 204 112 231 103 87 35 88 181 226 187 89 154 51 239 237 211 85 212 172 109 135 93 29 53 201 106 128 161 249 246 74 26 100 208 56 31 136 33 175 151 241 160 159 77 220 199 209 39 86 110 173 133 102 75 155 52 
30 : 84 108 234 161 222 123 165 216 225 206 160 197 104 93 60 71 232 248 29 217 42 247 115 90 177 89 136 145 187 79 37 56 249 25 163 117 186 101 213 102 30 148 246 35 44 224 140 125 209 82 198 46 158 59 49 230 240 65 73 134 172 100 153 38 237 
31 : 59 157 133 98 154 160 46 43 78 239 247 91 79 196 139 190 174 237 106 38 25 58 181 235 232 66 37 201 200 49 
32 : 114 164 226 67 101 64 189 121 109 71 196 35 123 207 166 129 149 82 212 103 120 153 165 56 130 247 70 54 57 48 107 105 210 100 59 74 173 231 79 91 144 156 62 72 65 158 140 209 145 150 249 106 185 146 181 208 220 132 89 224 186 93 52 104 80 168 76 187 31 246 229 69 86 78 122 53 239 
33 : 212 39 30 231 88 61 122 131 191 222 160 44 155 65 113 89 67 163 141 69 50 189 130 35 138 107 121 178 209 237 246 100 186 85 58 183 223 96 63 188 110 145 92 117 180 40 115 139 175 179 146 144 174 38 77 71 45 118 94 76 164 43 105 214 60 79 157 172 42 226 140 161 181 123 101 165 54 210 29 190 248 75 224 80 221 126 99 171 137 147 195 
34 : 222 114 245 207 166 83 95 72 97 146 198 128 46 169 33 165 231 247 221 158 171 70 184 248 240 130 49 126 200 80 82 154 41 161 220 218 234 48 212 176 98 185 63 117 209 92 170 77 133 107 34 45 235 187 211 181 142 113 74 78 61 88 91 188 204 66 189 75 150 153 110 208 100 
35 : 162 185 186 191 135 77 115 233 40 202 147 60 230 200 29 204 133 155 141 102 205 231 66 137 241 223 159 34 51 212 109 108 73 153 220 
36 : 37 241 139 101 75 99 54 71 239 130 57 240 98 53 72 40 161 175 144 160 34 158 246 226 231 138 243 219 236 25 70 61 96 203 212 58 153 229 224 209 109 176 76 185 115 73 51 82 183 41 171 235 180 123 197 117 92 
37 : 56 182 121 133 101 104 86 218 136 162 131 138 122 114 219 25 41 241 28 226 52 141 85 215 235 222 82 111 236 90 199 149 135 88 67 221 98 119 79 144 153 127 102 105 69 213 96 207 100 50 216 203 57 225 110 178 154 192 195 77 179 177 75 109 
38 : 245 177 111 36 221 213 234 216 30 70 81 193 139 182 185 169 146 80 142 45 92 96 51 184 56 84 130 109 106 107 186 219 228 220 215 190 114 197 50 207 194 161 243 154 160 200 48 88 118 149 79 77 141 57 144 124 69 162 133 65 150 115 73 33 54 27 138 31 61 47 72 
39 : 66 111 38 163 80 50 194 44 177 245 73 26 210 176 146 37 178 78 42 158 123 56 138 143 79 
40 : 172 189 220 158 130 67 230 243 168 50 178 37 75 51 38 26 185 110 159 40 118 111 44 245 68 208 100 87 90 226 202 169 25 240 123 155 81 200 195 180 43 165 89 76 45 248 62 107 145 160 233 206 97 176 57 217 27 55 
41 : 104 88 246 87 130 199 57 144 176 168 203 205 49 129 160 28 37 235 243 212 247 121 41 51 236 103 201 72 178 193 133 106 47 131 152 90 234 172 46 175 195 48 185 194 190 188 149 153 80 230 93 151 67 69 124 210 200 145 161 209 157 68 
42 : 34 121 27 26 214 31 98 160 208 71 44 93 107 49 94 241 48 220 66 60 52 51 157 197 216 226 109 78 89 219 87 
43 : 74 237 43 99 202 204 162 148 33 210 242 83 29 198 118 50 145 244 147 49 161 184 108 110 146 131 165 188 151 75 236 122 115 34 225 221 154 121 86 220 193 60 241 41 166 238 88 105 117 66 222 69 168 227 231 228 109 178 249 32 125 163 172 126 159 36 213 144 97 240 61 209 177 181 153 170 182 58 70 234 27 143 192 62 186 67 119 
44 : 89 106 87 245 166 132 176 111 203 54 72 227 135 44 200 97 39 212 147 66 220 225 28 83 122 40 156 56 248 192 196 42 55 91 78 69 37 59 218 73 208 177 238 64 33 179 99 112 109 70 125 35 129 36 117 240 92 210 30 162 34 187 172 174 48 115 153 222 211 65 29 173 118 239 223 206 145 178 205 180 133 60 105 167 246 46 219 136 217 51 47 154 184 151 214 114 
45 : 70 153 181 67 127 141 178 185 202 247 188 195 125 37 54 139 84 110 30 193 81 119 103 75 145 72 32 219 109 40 46 207 176 74 179 93 101 26 241 225 198 116 
46 : 177 225 120 207 198 166 232 200 108 67 223 222 122 107 151 105 88 74 61 182 78 219 50 192 55 169 65 174 220 226 241 154 240 249 216 141 52 37 204 231 215 221 201 75 172 70 53 49 106 202 181 184 183 99 136 212 25 
47 : 131 184 207 49 163 148 37 98 71 145 208 97 167 88 169 52 27 183 101 222 231 100 199 212 158 168 142 121 232 165 213 150 50 159 62 99 244 128 32 204 109 225 56 229 57 84 171 111 79 153 219 241 54 67 95 
48 : 193 241 104 203 80 59 151 177 148 44 42 244 235 224 139 152 118 100 25 219 64 176 154 138 90 167 130 82 140 87 222 71 159 92 121 134 182 156 37 117 33 123 53 85 62 124 128 212 153 43 98 144 149 184 26 142 204 54 141 233 106 166 93 86 229 63 200 31 
49 : 72 57 104 159 53 75 73 127 41 168 171 180 199 230 205 32 103 151 33 77 217 200 246 108 138 25 124 129 216 99 86 186 190 94 142 29 224 241 134 229 26 123 166 206 114 56 177 222 95 146 125 233 242 115 221 238 172 198 44 211 215 218 120 132 97 195 193 116 176 163 209 119 219 148 228 149 160 82 34 153 69 191 74 173 185 188 141 152 169 110 90 47 60 240 
50 : 154 39 51 100 235 197 81 26 178 217 101 245 211 121 241 75 30 171 181 129 99 142 184 170 54 133 155 148 196 199 139 153 226 193 141 38 145 200 203 210 167 244 41 131 128 76 108 90 87 114 31 221 216 177 25 63 69 73 59 74 79 151 86 71 66 189 208 110 98 96 93 130 172 109 91 190 191 160 127 64 60 84 27 126 115 117 52 37 50 111 
51 : 33 202 136 165 122 114 37 40 181 52 74 77 92 143 140 62 121 35 135 69 249 159 168 213 163 94 226 236 142 82 78 72 34 222 229 85 56 49 119 214 44 156 126 42 113 130 178 158 215 41 204 212 100 71 146 199 219 47 155 127 86 144 172 224 25 198 225 120 187 55 64 90 154 38 32 177 66 68 200 166 107 231 248 221 218 171 95 58 195 223 217 183 169 
52 : 224 27 51 246 127 155 163 82 85 232 198 132 124 191 70 167 165 60 121 203 42 161 202 123 104 221 177 216 136 58 37 162 214 28 196 95 105 55 174 77 157 189 67 30 111 184 239 73 249 129 209 231 131 63 248 147 103 83 102 197 91 247 112 96 122 242 108 225 149 236 59 26 144 128 170 46 176 218 152 115 101 56 145 47 50 38 64 93 178 
53 : 84 226 197 152 248 63 47 173 120 141 91 111 143 38 27 130 70 219 114 132 109 105 69 232 82 211 128 87 30 121 236 147 148 179 106 66 92 210 113 99 192 177 28 155 163 40 119 240 181 129 188 95 96 204 161 58 164 160 228 171 203 208 207 225 124 43 64 134 209 52 26 205 194 123 183 54 213 229 127 191 
54 : 167 126 248 176 149 152 199 216 240 222 98 235 223 113 80 143 206 94 101 179 158 146 201 118 47 36 157 103 89 175 198 48 203 215 169 124 109 153 112 237 81 189 44 57 60 40 205 129 162 177 156 174 91 232 180 62 239 92 234 117 138 165 26 182 38 68 151 210 120 73 141 27 159 121 
55 : 191 123 192 136 239 168 137 42 166 36 66 160 46 44 146 234 60 72 198 177 87 31 68 161 221 244 128 211 247 95 126 222 27 209 205 124 179 47 142 132 208 135 238 102 176 108 218 175 184 180 89 41 63 107 32 79 104 229 245 133 55 121 144 172 197 80 249 38 145 202 231 74 34 53 85 228 39 148 30 62 138 52 158 54 92 114 154 195 187 130 
56 : 211 226 185 244 102 166 140 96 196 230 164 206 177 170 119 165 145 115 189 93 159 168 80 141 113 38 40 45 108 188 173 73 233 162 158 148 234 129 133 36 219 187 207 116 106 136 208 126 222 178 89 41 123 54 218 124 58 37 100 101 122 193 32 135 51 248 151 109 191 227 55 
57 : 128 239 148 154 37 125 41 150 73 229 103 89 190 208 174 100 167 132 90 213 169 42 79 198 197 104 149 95 93 226 217 36 206 124 94 27 199 216 111 54 58 211 127 146 214 83 192 175 122 131 61 166 161 152 145 207 39 136 82 52 63 196 225 203 173 53 243 168 191 87 34 223 
58 : 87 41 117 93 96 228 241 42 116 60 225 53 68 217 129 221 32 150 58 74 233 54 64 44 47 215 92 177 39 179 231 113 95 43 169 29 238 119 197 46 122 108 139 165 226 78 243 105 194 224 106 83 160 133 130 
59 : 194 227 32 70 75 200 174 246 130 118 117 93 102 127 100 51 73 179 56 172 95 129 71 186 58 162 72 82 144 163 204 54 198 36 210 131 88 212 133 236 126 221 229 217 74 209 103 34 228 59 67 
60 : 240 111 237 96 105 30 219 50 213 66 228 145 151 28 156 49 109 84 78 115 127 231 46 62 207 
61 : 46 182 136 155 90 192 232 199 61 114 67 221 95 42 187 245 242 73 76 248 205 170 204 142 174 216 240 60 47 122 156 206 166 27 115 91 37 66 140 93 241 127 226 28 210 243 102 72 239 244 134 51 56 175 162 89 123 45 234 203 137 178 70 68 193 41 71 211 161 198 201 30 195 44 160 180 139 212 236 153 189 97 183 25 146 207 179 77 48 96 227 113 54 
62 : 192 53 108 161 114 35 209 168 98 229 72 170 149 182 29 91 56 97 220 63 43 244 238 188 218 143 67 45 164 112 59 176 185 65 228 32 224 106 169 134 221 215 245 239 217 113 157 89 162 199 78 54 52 123 225 104 187 141 148 81 243 236 33 77 110 
63 : 35 166 73 87 108 143 133 160 119 183 46 28 132 148 141 149 81 91 107 168 233 60 105 68 234 225 242 71 38 214 158 34 30 213 181 186 155 170 207 180 121 161 211 106 55 51 123 120 40 218 135 215 74 139 37 85 39 208 162 138 
64 : 115 216 170 132 167 214 233 76 51 87 98 201 195 85 198 177 100 169 161 71 245 107 33 35 103 64 104 232 182 44 40 110 88 97 240 73 55 81 181 128 54 142 86 32 203 78 42 147 184 60 180 211 157 242 152 109 131 144 102 46 149 235 208 246 174 122 202 188 140 69 114 136 41 176 75 63 179 173 27 148 120 82 164 248 129 137 43 
65 : 92 113 166 140 103 34 129 30 237 165 28 94 184 135 85 125 136 101 64 74 77 35 117 110 161 88 176 95 208 82 228 206 48 239 139 55 104 91 102 191 159 105 134 234 71 145 60 211 236 146 38 163 115 26 152 246 90 68 137 156 
66 : 185 166 39 242 161 192 236 113 90 70 184 69 34 154 74 109 151 112 238 120 219 106 171 173 182 92 127 47 95 234 223 241 152 176 111 135 58 32 49 210 155 240 207 199 45 60 187 220 118 38 196 79 247 91 132 44 122 140 43 229 82 145 239 186 114 63 
67 : 184 224 103 198 232 182 33 73 169 92 138 90 203 39 147 239 248 50 194 221 162 176 36 141 102 171 96 179 207 32 
68 : 179 159 50 116 58 168 220 164 170 210 103 217 60 45 32 226 41 64 52 215 143 87 31 185 171 178 39 169 95 160 156 92 101 249 72 89 241 65 204 104 227 175 146 136 177 139 29 36 122 28 144 245 216 154 126 163 193 231 26 133 94 76 240 203 186 149 100 128 82 181 129 212 73 135 161 106 230 
69 : 120 145 119 102 52 116 74 192 178 137 134 73 171 236 75 209 42 201 200 36 51 83 151 72 79 204 174 196 54 157 95 210 30 82 113 31 
70 : 149 248 170 193 207 139 131 226 166 195 87 30 81 38 244 55 32 68 153 221 63 184 249 145 113 178 241 28 225 105 48 199 190 41 85 93 237 168 154 186 73 43 239 243 80 150 158 79 112 135 
71 : 199 157 212 219 167 213 211 110 241 103 238 197 91 114 176 239 203 69 204 129 243 46 151 201 229 
72 : 225 227 175 165 32 84 63 219 81 92 238 73 80 74 83 144 99 85 139 180 137 212 52 44 166 174 143 218 47 115 192 163 237 146 211 229 168 72 117 82 38 114 116 42 153 242 69 203 136 129 
73 : 136 125 72 65 243 46 236 165 209 169 110 63 75 160 42 230 181 183 180 148 194 78 105 28 235 128 58 156 157 141 69 70 247 79 118 140 175 86 161 51 153 131 241 87 215 193 184 245 50 76 
74 : 207 111 81 184 135 67 182 98 47 107 200 248 210 106 158 66 84 105 187 25 218 34 80 99 167 191 36 215 149 196 226 138 35 206 55 71 183 244 133 156 151 188 247 79 76 50 176 170 198 75 221 168 29 165 150 72 217 57 48 139 118 246 224 33 40 212 64 58 146 26 148 51 91 113 88 122 
75 : 191 231 40 240 138 190 111 188 27 168 72 220 155 53 81 206 211 245 125 95 242 233 34 225 169 241 58 152 243 76 200 153 222 128 215 77 44 75 237 192 176 124 126 
76 : 103 145 40 230 96 139 234 76 154 187 243 44 77 146 173 113 138 56 27 164 121 68 151 227 100 178 197 124 117 65 35 162 240 225 111 132 
77 : 176 180 83 197 141 119 147 37 239 87 104 160 71 213 221 146 161 116 107 194 26 153 195 192 245 225 109 40 51 79 218 152 205 105 159 55 203 91 34 191 138 240 120 115 223 140 88 102 64 175 98 46 235 143 48 70 211 206 47 122 236 56 173 230 157 231 247 227 25 31 117 158 96 78 187 215 217 135 111 27 249 58 198 35 106 185 242 165 101 178 
78 : 34 199 123 46 72 77 234 116 110 166 109 133 180 211 239 178 164 162 218 117 200 241 221 97 131 242 155 201 73 54 149 78 94 65 114 50 137 249 143 96 27 222 135 243 223 120 45 111 160 35 107 138 38 98 103 89 233 240 108 247 188 205 49 51 206 229 81 182 43 48 184 129 158 25 244 170 55 207 157 127 76 187 42 83 140 102 100 219 150 32 190 105 
79 : 209 178 37 102 247 68 177 158 206 29 45 165 185 60 76 198 218 39 120 208 173 181 63 201 94 74 172 57 142 238 197 56 86 77 160 223 82 132 98 239 30 136 188 80 52 116 100 33 199 205 240 186 143 211 147 104 79 246 48 145 200 237 108 156 220 36 182 153 169 244 89 
80 : 108 204 29 95 99 42 206 121 193 211 122 237 172 238 67 246 129 207 50 192 180 117 140 187 173 100 31 83 138 242 176 233 183 109 219 249 64 239 161 59 87 221 160 142 118 119 156 232 214 63 56 197 230 181 51 126 77 185 98 167 228 220 66 134 182 72 76 166 32 46 111 150 81 162 216 38 191 157 86 186 30 152 169 41 
81 : 247 190 112 93 117 118 48 132 110 138 62 210 104 213 103 102 83 134 68 69 60 248 192 98 149 178 150 137 100 61 37 158 95 239 122 123 195 185 155 228 166 139 193 202 205 245 34 96 31 163 186 125 229 196 78 177 199 241 67 28 91 51 121 181 169 222 217 71 77 127 82 72 64 49 116 124 167 182 101 65 131 238 75 47 44 225 235 79 242 240 114 197 221 142 143 
82 : 88 31 119 99 72 82 140 138 118 27 225 178 172 132 159 218 55 101 83 123 160 157 135 151 223 190 133 227 188 136 96 52 208 51 145 219 98 35 110 117 169 197 58 104 186 100 59 95 164 199 222 224 78 43 206 214 89 242 248 37 167 170 97 67 32 30 171 86 246 238 232 149 181 42 161 26 236 216 109 
83 : 157 159 118 115 134 185 148 172 210 73 144 68 105 99 49 217 110 192 189 55 88 201 67 227 180 
84 : 206 242 120 171 158 151 142 105 101 76 163 144 156 79 186 181 219 82 204 129 28 161 191 136 207 180 249 89 77 170 175 152 99 40 233 93 63 122 104 165 201 113 84 183 25 162 131 177 30 200 92 73 143 33 111 117 100 148 130 244 174 168 224 146 102 67 109 123 167 56 178 124 32 179 108 34 51 139 217 
85 : 71 172 196 127 91 189 68 94 213 104 43 237 59 101 206 244 223 245 184 234 158 31 204 194 175 110 45 142 182 162 52 161 219 105 121 215 129 181 209 159 177 170 56 115 178 233 86 160 113 92 235 191 117 136 165 70 81 126 171 50 130 198 201 137 155 107 212 99 230 64 49 176 214 225 75 152 246 88 210 102 27 149 
86 : 176 46 57 53 117 72 216 111 26 97 41 203 178 62 34 227 233 200 95 161 241 212 73 158 32 71 99 148 167 247 119 189 186 44 67 125 31 48 52 79 133 96 93 80 78 175 159 68 69 199 151 187 105 83 
87 : 126 38 127 164 100 136 66 203 115 32 147 195 181 188 68 29 166 204 79 46 116 141 169 93 30 149 245 221 220 206 54 202 163 218 40 170 230 113 219 246 31 48 235 227 198 43 94 233 187 110 142 177 165 72 145 249 190 85 144 121 
88 : 179 86 59 72 56 202 69 221 98 242 217 138 44 103 94 225 111 106 58 41 247 126 167 101 164 118 102 182 176 174 158 160 224 187 27 128 148 145 110 48 122 144 198 169 165 124 114 31 172 152 43 105 88 39 29 119 61 183 64 216 205 162 196 99 147 168 146 222 237 218 173 45 137 166 215 123 104 53 204 93 47 95 236 134 26 231 
89 : 64 70 173 129 76 234 226 108 162 55 49 238 161 110 118 136 69 75 59 190 177 174 166 77 74 167 37 201 206 216 58 97 46 66 122 249 98 29 227 93 40 115 229 53 34 126 148 111 135 83 184 207 31 209 87 239 44 125 192 137 103 133 149 112 80 105 210 65 54 99 71 182 95 81 86 247 57 35 
90 : 183 116 241 54 229 96 134 181 211 173 166 158 38 51 91 139 149 86 70 217 106 190 66 131 222 188 233 180 99 168 237 230 80 119 215 243 220 239 55 205 122 204 124 170 44 36 49 144 138 213 186 167 195 145 136 30 156 171 209 198 120 142 164 231 247 109 89 64 159 87 143 225 68 177 81 150 50 199 63 182 52 37 60 108 94 127 207 
91 : 173 223 82 134 207 217 44 188 209 197 146 35 68 86 131 201 226 105 164 244 227 237 30 36 221 178 95 27 90 91 142 213 42 41 116 139 50 183 143 66 29 70 51 80 222 204 245 38 126 242 101 63 58 25 28 78 193 89 113 94 114 92 225 153 57 47 71 122 96 65 121 119 189 141 236 144 199 233 187 156 171 215 43 218 219 76 234 53 147 172 177 87 31 49 
92 : 100 163 78 122 111 203 87 233 236 247 82 145 68 124 207 237 176 61 40 190 35 43 139 228 29 44 74 138 47 49 37 197 129 41 126 125 120 131 192 151 52 222 240 69 153 75 127 32 199 83 245 121 34 238 60 172 79 249 191 148 198 119 70 243 179 189 96 72 177 166 229 242 202 160 58 
93 : 185 31 212 40 61 89 163 45 27 162 32 249 115 85 217 154 77 117 191 197 237 228 206 52 203 147 152 222 116 56 38 30 75 214 166 93 71 95 246 207 215 135 67 234 248 
94 : 81 236 183 130 47 50 106 142 204 232 184 112 216 37 240 131 235 119 42 35 213 171 108 173 74 93 195 140 175 221 144 186 114 155 60 143 202 113 192 117 139 176 133 152 61 172 36 208 56 132 78 91 27 177 30 82 26 206 59 40 244 29 156 227 136 211 110 71 39 174 154 125 
95 : 228 28 50 80 100 103 37 169 168 142 126 35 92 109 77 62 214 108 155 42 41 27 115 227 206 26 131 143 234 104 94 224 30 64 186 188 93 177 91 137 178 97 128 57 78 192 111 132 222 191 152 38 235 149 56 40 230 226 208 
96 : 40 231 184 188 107 51 63 209 245 166 143 196 123 136 236 42 30 162 104 125 102 157 193 180 32 167 50 109 135 217 37 31 226 224 110 132 101 147 26 106 153 96 113 122 149 121 57 227 66 130 158 48 28 247 137 172 76 108 164 210 215 119 191 186 85 181 115 198 174 216 141 190 
97 : 117 237 209 163 223 167 219 133 176 89 126 92 127 96 79 224 65 54 90 200 116 249 242 171 215 85 158 104 108 50 196 48 32 
98 : 223 124 78 65 103 182 49 85 159 203 116 57 36 105 212 139 207 178 227 164 214 167 50 132 197 107 193 131 58 100 28 93 26 149 29 82 155 32 119 108 179 200 140 98 55 106 125 241 169 25 189 183 170 73 166 171 198 161 74 163 177 46 129 37 
99 : 46 101 111 223 35 51 216 131 183 185 227 203 102 135 128 33 148 68 237 34 67 109 172 184 87 93 156 243 210 190 89 239 125 97 31 205 96 114 194 220 50 213 99 229 162 225 32 171 157 212 28 186 48 64 42 43 179 76 36 100 65 191 105 115 151 47 200 202 236 144 77 246 152 62 145 95 132 245 130 29 197 58 
100 : 210 107 198 188 161 173 153 35 147 233 189 42 54 231 232 175 171 82 113 30 152 79 83 199 78 112 151 124 137 190 162 56 146 213 133 52 121 32 157 197 201 86 150 156 177 65 164 182 117 122 60 214 219 204 246 101 
101 : 101 128 246 161 127 113 155 59 72 89 91 168 189 164 227 82 230 204 226 144 235 242 77 27 117 46 79 151 194 41 175 203 81 184 83 110 209 142 198 236 84 244 143 96 183 55 98 218 243 170 137 133 78 210 221 114 93 130 178 172 234 180 74 51 192 39 139 38 106 149 233 116 40 185 154 195 99 241 53 97 160 58 
102 : 129 228 164 140 183 120 81 163 113 97 52 85 124 247 145 205 190 53 178 100 177 45 36 222 61 125 62 193 25 149 127 134 77 46 94 139 237 160 180 203 67 168 206 158 148 118 30 64 82 194 233 56 79 173 43 219 191 207 126 119 55 242 105 240 217 199 161 197 71 86 104 186 47 147 215 108 201 232 63 243 229 95 33 174 107 165 218 239 102 
103 : 89 189 166 87 117 130 178 85 84 102 137 86 113 236 229 115 180 29 215 216 233 124 228 163 71 108 97 220 230 185 184 30 35 176 238 242 246 173 145 126 206 234 62 240 42 28 52 156 155 92 237 53 47 32 104 211 221 186 222 40 120 203 
104 : 25 97 108 200 111 130 92 245 124 53 36 202 107 127 109 178 69 243 216 156 220 146 223 70 196 29 226 90 34 168 165 199 113 129 82 240 172 45 217 60 150 209 52 151 121 159 117 77 126 147 173 131 213 190 231 180 91 50 189 232 56 214 225 58 78 162 210 35 57 171 80 115 76 211 114 221 105 99 142 170 112 154 222 152 224 116 169 
105 : 219 198 68 223 153 104 105 174 121 28 51 189 78 56 249 227 226 86 161 30 97 212 177 178 115 55 213 184 62 171 45 229 53 84 234 120 94 224 44 36 88 46 131 160 118 180 66 134 133 43 73 52 192 64 116 31 141 48 41 138 117 60 57 240 89 217 114 85 181 183 167 129 244 128 90 215 34 25 42 87 208 207 210 245 156 135 125 237 
106 : 247 179 196 110 105 165 106 183 139 241 36 43 140 120 199 134 147 82 113 172 235 216 207 124 30 72 92 133 187 219 128 123 151 86 56 237 228 47 174 62 153 39 130 218 166 170 146 29 48 52 65 50 184 116 178 63 177 37 60 31 33 168 155 186 202 88 126 180 145 131 61 243 64 144 114 192 185 240 68 
107 : 85 96 235 199 238 137 239 61 215 241 160 119 140 183 77 32 127 146 120 157 240 68 156 70 72 226 75 210 170 41 194 80 90 108 159 217 65 139 86 133 30 51 162 205 179 174 229 126 63 172 125 74 213 177 244 109 73 147 193 
108 : 143 141 94 114 189 240 45 79 164 168 230 128 152 165 135 179 74 182 176 199 202 186 239 173 157 136 120 193 72 218 115 158 180 140 30 122 59 217 154 41 73 113 25 236 243 214 237 44 161 155 83 213 36 57 145 206 112 216 121 32 56 249 92 241 110 99 194 98 175 201 211 177 106 247 81 163 105 68 221 139 104 134 192 226 37 103 162 86 238 33 102 184 60 156 
109 : 174 69 95 248 187 241 162 186 172 39 193 71 115 109 33 155 209 70 123 189 73 91 57 142 36 101 83 98 96 211 138 84 154 214 160 199 125 35 244 86 145 198 202 232 30 56 68 118 181 46 87 76 200 191 65 51 
110 : 175 33 151 161 179 63 81 237 129 116 222 205 149 183 82 196 118 39 91 77 94 88 190 168 125 70 185 28 195 220 207 199 55 219 145 139 167 215 156 80 138 245 141 67 
111 : 51 116 218 211 201 113 187 188 236 52 186 43 244 193 132 100 147 33 86 122 185 38 64 216 85 160 66 192 227 49 130 179 
112 : 166 68 245 59 155 234 66 46 149 208 100 197 237 45 214 167 192 92 127 218 139 65 243 220 228 242 76 175 176 122 213 81 231 57 29 
113 : 134 202 101 98 145 30 54 48 217 159 248 45 190 126 246 208 41 231 151 25 82 59 192 38 221 116 65 222 90 79 203 166 141 177 179 235 165 109 83 43 44 213 133 239 212 144 237 127 138 36 170 66 40 139 188 
114 : 212 148 74 192 118 145 140 196 45 90 189 183 198 66 159 164 195 173 174 170 143 81 77 33 222 154 42 104 52 149 116 136 106 54 109 98 185 71 94 49 130 217 55 152 144 65 176 228 50 80 134 181 248 126 82 162 146 87 172 68 38 231 110 224 37 100 166 35 177 48 
115 : 101 169 48 156 242 237 76 215 241 134 165 99 77 181 103 40 108 230 102 57 95 154 49 231 167 28 207 54 119 
116 : 244 152 36 205 58 70 212 146 79 71 217 46 102 53 168 172 153 68 52 140 131 117 183 118 181 61 56 75 229 98 208 170 44 167 187 213 25 147 206 34 78 92 231 225 155 237 64 200 169 248 220 166 218 67 82 227 230 235 119 222 39 246 197 138 133 96 164 28 201 185 160 45 134 88 126 238 35 110 114 72 216 103 184 31 57 54 233 116 99 47 193 42 240 33 174 137 
117 : 26 39 235 196 153 121 199 133 170 25 173 93 182 158 101 240 220 132 47 60 126 241 130 163 161 208 174 227 198 169 76 66 33 221 73 176 54 232 81 204 98 123 207 51 202 226 113 43 233 194 72 46 237 160 71 189 61 234 27 213 134 231 154 140 30 205 191 228 168 78 172 116 249 36 125 31 120 100 152 74 136 29 75 141 180 129 187 105 224 
118 : 178 117 204 231 129 189 61 213 108 145 180 38 83 240 48 226 85 63 216 238 220 34 162 59 124 105 249 138 161 150 175 148 153 115 121 45 118 185 89 79 116 76 93 96 134 51 197 86 102 218 201 73 50 64 188 217 136 247 208 67 244 172 27 192 242 212 141 215 44 176 179 37 71 100 156 87 132 165 198 207 203 146 49 142 248 82 187 140 52 81 195 
119 : 66 245 157 232 217 62 166 150 204 197 127 131 237 91 109 95 215 206 205 65 149 129 153 249 30 137 113 183 188 160 143 220 192 58 233 187 64 212 97 151 161 140 114 190 49 234 222 144 
120 : 180 34 66 121 151 194 169 196 212 26 84 44 177 246 75 199 127 28 163 31 71 174 228 173 211 104 168 242 179 142 102 171 103 45 97 117 92 221 231 238 201 68 
121 : 121 73 80 102 148 163 160 198 31 111 161 67 108 202 92 54 74 113 185 25 194 218 96 247 177 48 232 180 93 42 195 210 
122 : 125 225 242 93 58 117 66 195 116 226 48 215 144 127 146 140 83 53 25 192 203 151 248 106 30 211 45 204 180 214 69 87 176 36 74 131 108 72 
123 : 66 191 50 223 126 32 161 72 190 182 39 33 201 138 175 80 61 93 44 56 100 146 205 185 109 106 123 84 145 132 220 133 134 91 53 65 76 178 95 193 49 70 125 171 127 215 96 25 75 179 129 124 116 85 231 213 222 143 47 168 221 249 242 105 159 113 243 239 120 167 131 202 42 228 103 68 208 217 150 184 88 164 152 69 225 73 188 139 62 
124 : 204 46 163 150 227 73 96 212 68 240 48 95 145 239 246 53 32 137 146 26 37 208 57 31 91 192 52 244 25 195 174 107 221 187 82 242 40 41 
125 : 108 89 140 176 148 144 238 81 152 130 70 242 237 160 162 114 119 57 222 183 131 239 173 135 55 127 206 233 163 204 137 71 184 68 95 172 217 59 230 
126 : 172 119 142 180 26 106 244 200 139 93 143 156 241 236 30 153 239 135 50 196 150 77 152 48 205 146 161 39 90 181 87 202 71 243 40 38 52 70 215 116 132 151 190 138 61 149 217 84 163 192 32 110 179 220 97 49 85 137 111 113 89 227 219 223 170 175 31 165 245 212 112 174 43 216 171 108 33 248 209 123 
127 : 115 95 194 155 235 37 205 62 101 181 139 170 169 212 197 51 244 74 99 243 237 30 83 148 124 42 171 178 64 130 32 198 29 225 125 132 182 175 68 131 46 93 89 91 208 108 117 166 239 88 47 126 141 109 161 180 43 211 35 72 202 154 102 149 94 158 195 249 90 142 98 219 82 133 145 210 192 238 245 28 60 112 140 201 157 231 53 36 128 
128 : 132 230 75 226 69 218 207 168 160 121 237 49 54 241 82 151 144 34 130 139 249 156 100 88 216 77 158 115 157 50 70 162 28 85 96 191 35 89 233 64 
129 : 238 227 114 144 145 248 142 185 171 233 126 119 161 203 140 239 179 75 192 84 139 83 165 162 104 118 137 246 221 61 97 247 177 182 188 74 73 166 37 129 131 225 133 223 33 150 136 155 63 93 224 40 57 151 
130 : 176 210 148 128 162 127 87 61 219 226 244 157 53 60 66 200 247 225 238 182 112 133 213 62 56 171 104 156 42 173 229 78 175 194 31 165 50 108 80 139 106 38 65 224 207 41 125 90 205 57 33 77 237 214 184 107 196 43 178 58 181 46 227 115 99 236 191 246 150 141 26 116 239 110 
131 : 37 46 157 111 200 97 184 122 201 148 171 89 217 202 243 249 177 145 144 246 114 86 69 183 33 135 71 104 244 137 80 62 248 207 56 79 176 205 
132 : 52 39 219 139 211 235 40 134 168 243 125 68 97 244 101 188 179 28 142 42 95 181 54 32 110 213 222 117 196 138 45 79 152 204 136 199 161 56 33 44 99 246 60 178 174 143 206 129 31 124 197 46 182 160 130 169 230 162 76 184 192 232 126 194 166 209 47 150 59 57 92 147 234 132 90 43 64 239 80 221 224 227 96 104 
133 : 164 206 215 80 64 174 87 71 127 135 187 70 248 96 94 246 118 149 63 27 213 121 171 92 243 133 86 142 85 105 61 68 30 97 47 190 124 50 126 211 178 150 244 230 151 102 233 25 163 200 115 52 235 245 45 216 198 144 73 183 140 166 109 119 193 
134 : 108 120 104 131 110 95 196 231 174 129 173 126 225 176 246 165 123 28 134 171 98 145 179 200 85 31 146 44 69 152 194 168 68 161 224 139 135 100 242 195 119 41 56 181 84 184 60 116 114 61 77 111 202 82 45 
135 : 121 230 119 186 74 120 169 92 180 104 107 83 31 118 136 63 187 158 185 226 217 131 93 100 200 221 157 86 224 215 97 84 70 177 151 48 182 64 81 66 233 188 69 32 130 223 102 42 247 140 77 67 109 161 191 162 208 170 87 149 55 236 128 239 159 114 54 178 124 38 80 116 248 175 122 206 227 198 218 65 62 76 43 146 46 228 90 134 150 145 82 232 35 246 
136 : 103 118 51 28 215 53 234 46 115 158 168 60 122 57 223 80 55 127 101 59 79 107 43 189 132 225 44 138 214 242 191 150 212 193 244 229 174 88 34 73 89 217 155 175 130 151 178 136 240 162 227 148 171 124 221 170 199 71 29 140 205 239 92 111 181 113 108 52 245 
137 : 110 248 115 67 189 78 190 27 127 232 33 59 81 47 229 134 147 71 53 44 151 56 31 94 186 210 80 233 68 58 158 154 32 160 222 75 165 103 196 204 
138 : 212 51 86 111 104 155 173 31 95 193 91 223 26 178 203 122 206 231 192 166 143 116 241 214 144 65 137 38 66 248 83 102 75 49 142 198 77 156 210 221 113 185 225 82 76 74 247 47 224 157 197 42 53 234 200 245 130 240 90 183 73 35 59 94 204 69 79 125 176 72 180 81 172 148 
139 : 93 70 123 33 39 109 81 216 37 223 72 78 220 171 204 25 75 44 143 232 148 237 190 52 118 207 246 65 162 191 104 50 173 164 79 177 63 27 36 168 152 38 241 181 150 102 40 106 137 
140 : 152 50 182 110 108 154 133 210 97 202 123 36 244 222 85 90 170 212 121 103 157 57 239 89 68 38 138 181 114 230 219 76 119 150 193 130 134 223 209 249 70 148 49 203 196 117 214 135 237 227 180 51 48 205 194 124 137 88 42 75 26 63 32 83 132 206 190 166 96 184 147 29 34 233 160 81 105 25 245 
141 : 80 59 27 63 47 202 76 68 161 166 130 136 220 86 206 31 163 26 97 55 79 70 137 184 105 171 215 
142 : 28 195 146 109 197 54 68 163 102 152 180 194 184 196 101 192 204 100 72 221 53 71 206 36 111 139 105 153 226 80 170 177 75 57 74 225 
143 : 193 153 102 148 170 249 48 176 236 112 131 229 72 191 130 81 199 84 73 190 175 90 70 178 126 49 169 83 211 198 100 220 187 111 79 182 78 204 30 232 173 87 54 
144 : 78 122 143 98 43 118 209 34 204 242 149 38 60 120 217 210 121 194 224 81 62 69 234 183 113 66 56 42 223 186 27 112 158 176 222 52 135 202 116 76 87 89 73 126 44 171 146 28 154 136 247 189 214 
145 : 154 190 232 168 62 85 127 130 102 38 111 222 108 149 100 236 114 217 167 86 135 224 193 50 228 183 93 36 125 64 92 116 237 52 219 238 146 200 110 196 89 87 97 148 176 197 181 188 212 84 113 40 150 184 234 182 107 141 204 71 78 65 136 57 67 61 94 191 117 59 34 122 
146 : 173 45 237 39 80 32 46 182 162 93 183 67 222 144 61 64 133 72 70 26 56 177 76 97 194 103 41 186 193 220 55 69 86 34 154 153 246 197 102 95 165 29 146 195 164 53 104 42 213 156 28 108 122 196 228 54 244 125 101 
147 : 164 122 31 154 158 221 227 103 97 81 156 161 244 47 192 106 131 199 72 73 123 241 193 196 247 86 102 129 182 184 249 65 210 94 163 45 212 57 99 137 77 87 88 126 27 207 79 113 66 127 59 181 177 215 208 141 226 71 246 74 114 60 245 211 
148 : 186 174 34 215 176 155 59 140 74 161 239 100 54 70 96 25 157 41 92 204 219 232 243 207 40 91 192 178 107 244 106 89 137 97 235 42 43 26 120 99 212 156 122 131 108 167 214 145 130 209 240 55 201 217 158 46 191 224 111 58 117 71 38 105 27 245 49 39 44 93 33 75 153 88 
149 : 87 198 91 207 30 56 48 59 152 183 95 245 125 112 223 135 53 208 117 121 146 44 165 113 163 70 131 181 230 210 101 225 203 192 96 41 205 104 119 244 204 227 42 86 77 140 182 222 62 236 187 76 219 71 246 221 224 209 248 234 211 176 79 75 115 148 215 218 50 232 231 39 132 33 38 147 166 68 32 69 177 191 
150 : 238 61 112 46 218 249 37 99 144 92 196 122 135 241 96 51 80 103 209 100 226 72 163 154 242 110 82 78 150 76 182 
151 : 156 237 103 210 80 166 232 68 76 181 248 196 77 91 200 109 114 122 99 216 247 25 73 132 70 38 191 89 192 95 190 131 243 148 86 67 214 
152 : 116 81 136 102 173 161 162 142 185 25 47 26 134 93 66 58 181 104 45 115 140 120 50 100 143 141 196 187 245 212 43 56 85 74 177 130 97 147 184 133 62 206 118 224 193 109 57 75 63 236 83 77 242 123 103 182 99 151 124 207 159 227 214 164 192 189 243 30 31 121 219 154 201 211 179 195 
153 : 31 159 125 232 93 80 85 52 74 214 90 72 132 106 218 103 205 138 142 47 183 177 155 168 147 27 223 198 25 189 161 61 193 184 228 180 97 248 244 220 56 151 165 67 120 208 224 235 217 
154 : 96 73 164 208 239 48 102 119 78 189 134 238 66 110 205 40 244 227 81 122 246 202 209 114 103 212 46 89 32 180 39 
155 : 89 92 74 170 177 150 237 159 173 55 69 129 205 56 102 184 171 80 204 121 38 45 98 176 57 182 107 114 126 157 224 108 81 137 203 40 213 244 85 30 86 168 64 91 29 148 218 115 67 167 103 119 234 235 141 230 52 183 101 58 144 65 78 50 75 
156 : 65 101 95 88 86 165 108 103 197 116 204 93 150 27 66 61 243 67 182 190 30 104 242 171 206 215 56 244 221 74 36 249 162 220 
157 : 128 177 190 215 96 57 44 114 203 109 237 234 43 53 47 72 216 140 196 143 36 34 90 105 197 54 175 101 104 222 52 95 228 160 164 174 51 91 108 165 98 186 100 45 185 208 127 25 209 117 46 62 65 152 27 102 218 89 130 184 195 204 134 93 81 187 249 239 119 131 79 156 198 28 178 219 154 202 97 146 233 247 110 113 206 87 173 207 
158 : 249 86 121 116 209 137 115 113 135 93 138 139 56 199 82 247 168 205 180 128 32 117 232 218 124 148 182 203 28 68 152 131 66 186 111 62 123 132 42 34 229 144 59 46 165 145 154 43 173 236 36 78 157 192 217 61 105 181 227 241 64 69 193 238 54 162 114 39 222 172 50 92 25 197 215 
159 : 118 85 33 58 174 183 249 240 161 134 133 194 235 159 76 237 222 189 137 138 38 84 83 111 231 37 98 44 187 89 28 127 197 103 151 147 34 132 110 77 
160 : 207 230 177 71 245 202 120 48 224 88 34 134 165 148 56 46 65 72 91 105 141 190 28 146 116 236 218 39 211 129 185 152 64 36 206 150 81 112 58 155 161 55 51 242 42 92 246 163 110 29 101 145 66 223 156 144 79 44 173 50 220 184 171 154 232 200 26 176 221 225 
161 : 212 110 90 163 106 191 237 105 176 32 226 241 224 219 97 149 213 142 53 107 92 87 68 79 153 167 50 99 122 73 235 173 
162 : 111 43 140 160 68 127 188 243 176 235 224 105 236 216 169 151 69 222 178 248 114 145 123 165 211 91 175 223 142 217 48 164 35 87 125 62 58 67 103 64 185 121 102 228 85 89 110 129 120 220 49 27 40 231 233 56 47 189 124 126 159 214 226 157 98 46 238 144 215 34 182 107 26 73 241 174 180 115 131 94 44 66 244 106 81 36 55 134 25 53 
163 : 75 164 249 26 215 182 39 201 72 27 97 62 107 169 224 146 219 66 231 94 65 194 162 40 52 113 190 161 244 59 172 154 91 68 144 38 202 76 134 58 110 102 185 126 142 176 77 47 
164 : 247 190 240 150 122 179 192 128 27 130 225 67 143 48 135 236 90 134 58 244 88 206 196 231 85 175 108 33 230 77 241 169 172 177 208 144 52 232 174 65 
165 : 216 82 203 43 78 153 25 132 108 142 149 120 86 102 126 106 67 70 91 69 73 218 192 100 39 238 204 50 37 229 243 29 158 174 225 42 196 62 68 202 119 98 74 101 130 239 127 27 114 220 31 122 155 194 64 189 
166 : 160 214 207 163 194 239 54 60 222 101 77 249 174 245 127 107 178 198 148 119 157 112 36 147 75 57 152 197 236 33 86 47 67 120 137 41 94 144 180 243 172 105 64 211 208 138 118 108 246 129 82 27 88 100 235 153 79 149 210 125 199 46 51 169 151 130 186 224 29 
167 : 60 191 66 174 26 197 175 28 230 127 95 152 119 150 65 74 29 105 90 34 69 229 188 173 216 89 195 203 88 120 36 236 220 41 190 141 75 59 144 138 170 149 212 199 
168 : 210 130 190 92 214 144 166 211 50 126 27 88 218 165 227 163 132 87 94 67 48 173 172 119 245 71 197 176 78 175 208 207 242 112 237 202 108 123 95 25 57 32 36 73 203 244 55 158 47 150 145 169 142 93 139 220 51 234 229 236 101 41 122 243 184 235 232 147 241 219 83 136 238 
169 : 69 177 150 61 221 44 70 31 95 81 50 183 91 71 144 106 93 133 60 56 167 117 114 153 205 82 233 241 39 120 246 174 219 141 212 169 171 204 142 47 123 218 110 186 76 208 191 137 158 57 193 199 194 109 229 108 51 165 86 34 143 36 164 235 170 84 182 27 209 227 224 202 105 32 42 152 113 237 173 90 222 96 210 192 134 
170 : 244 118 227 70 221 151 83 236 101 30 71 139 216 95 192 230 200 65 79 126 90 110 225 234 187 205 31 153 248 222 148 209 100 214 46 245 54 165 231 183 220 211 229 133 62 203 103 175 58 170 33 177 239 172 240 142 149 
171 : 74 46 65 220 217 171 192 161 126 211 41 219 208 184 178 64 76 222 200 141 109 29 197 106 50 48 30 68 54 28 177 120 221 185 110 123 180 111 117 27 237 152 83 210 146 75 98 81 193 186 150 79 194 159 218 122 249 145 88 125 87 224 44 232 182 234 156 127 
172 : 90 245 150 44 166 191 201 236 53 212 125 136 33 194 80 151 224 66 135 102 67 232 177 227 75 58 240 207 96 198 229 202 168 203 186 106 244 133 122 238 153 230 211 184 148 226 91 152 209 223 204 63 176 167 
173 : 57 214 74 180 55 232 117 147 189 89 178 166 60 62 28 200 249 98 70 130 96 92 88 77 76 118 66 
174 : 142 159 150 73 143 69 218 94 202 82 101 221 47 226 183 136 224 182 168 208 107 209 56 137 39 103 155 36 213 180 49 116 91 100 38 105 123 106 83 
175 : 199 247 51 235 138 79 63 130 106 125 45 158 75 220 186 202 133 49 154 231 211 86 121 222 88 92 240 109 217 60 34 142 128 228 32 193 155 58 159 198 74 197 107 124 143 204 42 116 156 62 78 176 91 218 28 168 98 
176 : 82 201 159 205 174 162 55 71 131 171 25 62 44 212 105 73 176 119 134 109 69 220 206 228 156 
177 : 241 119 135 152 62 156 80 217 101 189 94 91 33 109 150 122 66 41 121 117 63 127 108 131 136 155 59 145 199 35 102 180 56 81 198 246 201 161 52 162 172 99 190 38 240 50 82 230 193 85 229 249 214 195 139 202 191 106 43 107 234 132 204 196 111 200 
178 : 32 103 68 116 86 240 133 212 219 76 151 107 88 247 235 139 190 141 171 65 41 84 144 120 248 48 162 126 51 31 197 202 163 225 100 78 140 93 207 154 127 85 149 95 122 62 174 82 105 118 238 40 214 211 152 177 159 75 96 232 150 201 60 115 209 165 153 108 158 136 98 56 38 182 35 188 66 146 36 137 246 106 193 104 39 113 181 237 50 157 25 213 
179 : 219 238 188 218 29 69 71 115 33 57 93 237 101 98 41 163 209 171 72 225 95 128 64 118 241 39 92 37 242 40 129 138 143 103 199 158 240 196 68 144 170 82 131 154 153 43 100 50 34 75 61 119 236 207 155 160 109 96 106 38 
180 : 195 213 151 145 229 150 177 203 174 140 69 121 172 185 112 135 209 231 54 180 249 55 187 28 211 86 75 154 194 77 176 166 44 25 131 57 103 74 125 92 230 171 79 91 102 183 
181 : 138 59 244 37 239 55 87 222 67 51 170 184 176 172 61 199 139 60 165 69 210 203 72 120 151 218 32 233 49 188 164 82 237 123 102 117 149 92 153 243 79 106 147 62 125 152 213 53 195 248 236 220 224 215 226 171 211 197 177 48 142 65 81 75 31 241 107 181 45 57 245 52 115 144 235 104 137 201 223 116 46 90 146 189 35 126 73 119 97 43 206 234 174 85 
182 : 188 26 160 40 108 210 103 198 117 99 162 114 215 227 133 223 37 115 90 68 138 105 33 239 106 58 182 226 153 135 175 158 164 53 62 208 249 196 247 59 102 243 211 168 41 32 60 104 34 120 72 130 127 228 42 43 172 197 39 214 184 118 144 186 142 173 244 121 64 97 149 170 137 204 163 
183 : 84 205 111 104 182 36 134 140 162 57 207 80 102 142 92 242 94 193 209 105 39 25 82 155 172 88 222 133 227 32 26 223 139 54 34 55 186 217 126 219 75 101 129 123 184 65 58 146 154 232 106 66 93 49 200 246 208 103 98 95 189 156 198 199 37 239 83 115 40 144 81 243 52 59 136 224 226 214 179 203 128 90 97 64 181 99 33 76 171 100 137 67 130 
184 : 233 115 244 221 101 87 122 50 34 164 186 48 110 195 227 218 103 69 160 226 30 139 177 150 219 53 94 138 96 215 179 224 91 59 140 41 84 112 98 
185 : 123 114 46 246 68 188 85 111 72 210 139 235 56 212 109 84 215 152 137 67 62 49 60 140 93 130 125 115 136 187 238 167 106 201 53 34 162 79 96 126 195 71 
186 : 138 120 67 201 203 37 240 68 103 154 246 174 176 156 55 115 236 147 167 25 243 36 75 89 248 180 127 94 187 129 
187 : 90 247 85 191 143 219 233 47 166 51 72 92 132 58 37 149 35 230 74 211 59 212 213 95 249 86 29 103 170 63 69 84 111 173 203 198 147 169 28 186 87 79 124 25 155 41 201 140 154 57 156 68 91 146 122 241 162 220 46 165 204 171 152 199 226 150 67 82 40 234 243 50 177 175 209 127 98 246 178 168 107 
188 : 42 164 66 202 201 146 132 226 162 216 168 200 193 181 83 130 239 227 243 101 62 141 57 154 102 236 246 80 44 214 38 115 184 27 237 143 
189 : 189 127 176 39 170 163 158 148 165 145 153 246 77 87 135 125 230 226 199 59 44 161 116 102 140 91 113 86 169 146 89 204 190 43 56 224 188 82 219 155 243 51 159 70 106 123 47 192 151 38 128 
190 : 94 65 153 57 229 110 118 205 116 191 197 231 33 238 96 146 115 130 196 249 111 179 230 56 241 193 108 221 64 38 141 122 156 36 107 195 181 160 27 174 68 106 73 172 25 93 183 136 39 171 185 100 80 199 131 90 176 124 34 98 247 225 119 186 113 102 206 60 128 92 215 213 147 72 227 154 223 35 82 133 84 143 112 152 44 178 59 212 
191 : 173 243 44 141 55 184 174 242 104 166 119 92 147 196 48 129 71 163 214 151 81 171 105 134 120 230 177 232 116 68 179 118 136 198 113 59 47 30 159 85 206 244 95 216 190 27 221 96 
192 : 202 74 175 203 242 103 31 105 197 137 225 25 35 47 64 95 222 34 99 45 61 198 240 174 235 141 147 232 165 244 169 81 155 163 116 189 143 65 214 230 243 36 139 233 245 114 54 190 92 216 206 248 172 86 219 237 195 133 87 113 90 151 227 208 207 42 128 49 236 27 192 160 249 180 167 100 72 127 80 166 184 125 162 111 77 78 210 39 218 179 98 68 124 
193 : 76 208 71 167 55 78 50 38 164 156 160 152 79 183 224 198 45 248 73 93 126 36 246 206 58 172 29 
194 : 44 218 109 108 81 46 113 152 69 79 130 219 140 203 54 93 104 87 117 32 180 38 243 136 232 76 68 27 34 201 120 88 28 37 223 74 185 207 65 154 143 40 178 
195 : 166 29 51 36 179 25 93 189 231 79 97 49 42 84 69 103 194 34 161 193 113 201 80 82 94 40 233 218 109 164 57 181 183 207 86 148 46 182 146 217 108 151 196 120 202 239 105 191 208 140 116 198 232 60 118 121 243 43 95 172 154 165 134 71 223 138 117 180 197 141 91 66 135 249 173 68 175 96 234 
196 : 170 127 145 180 47 133 143 74 77 155 228 97 100 173 102 134 186 38 86 96 177 66 246 150 222 165 57 104 248 72 236 243 75 80 76 160 85 147 208 144 128 
197 : 158 132 77 205 208 76 138 240 159 40 239 157 47 45 30 62 89 128 101 161 48 177 236 151 249 166 154 35 97 46 63 243 195 54 81 69 52 64 53 34 93 191 42 56 171 147 206 178 224 141 218 79 88 105 174 123 196 125 228 186 238 38 94 246 82 55 203 217 27 226 57 190 92 144 66 
198 : 205 41 51 136 52 218 130 47 168 32 156 201 105 121 190 49 44 208 233 70 127 223 68 226 88 151 122 55 38 114 137 67 27 239 87 39 215 85 152 65 133 195 227 235 167 62 53 125 96 110 106 199 100 73 81 149 28 80 104 210 74 211 138 112 56 234 184 95 232 101 71 178 155 196 77 176 194 109 108 231 246 
199 : 209 117 42 109 240 69 47 194 214 80 131 101 44 88 38 182 141 65 226 29 183 205 111 167 221 228 97 145 148 188 123 91 114 25 119 43 142 98 61 39 66 137 170 233 45 149 60 128 96 52 73 129 108 212 147 105 223 169 64 
200 : 147 72 179 169 50 127 154 37 121 64 49 29 148 68 90 153 228 77 206 234 222 145 60 190 42 119 101 132 245 67 38 247 124 157 237 200 168 192 208 161 125 146 92 25 173 155 233 128 
201 : 176 227 215 246 73 50 68 223 238 143 79 77 240 207 48 43 146 201 32 151 142 104 174 231 113 177 244 122 108 184 62 239 126 92 75 166 134 148 218 172 144 65 191 197 84 234 155 36 232 147 136 168 170 101 175 132 194 135 198 127 153 220 115 206 139 42 179 93 173 41 106 219 152 145 205 
202 : 70 98 222 180 33 196 229 111 139 87 212 41 173 160 199 192 225 203 108 120 248 143 205 198 208 107 157 235 179 187 124 189 169 142 230 227 80 102 55 30 166 96 81 47 122 220 40 63 145 191 50 51 156 48 61 64 211 163 148 185 66 118 249 
203 : 189 51 238 108 52 159 233 174 67 214 75 128 230 182 38 186 103 156 138 212 62 54 94 215 88 27 98 93 195 44 197 184 170 105 78 244 60 73 218 120 211 236 82 132 58 124 26 154 210 235 71 152 32 77 144 70 140 222 126 64 65 122 121 47 169 61 163 185 188 248 207 134 112 192 43 
204 : 51 129 183 155 36 192 176 79 144 69 101 126 234 147 27 200 139 33 243 102 208 153 181 180 89 209 
205 : 103 51 192 190 67 225 194 236 27 195 217 165 63 139 152 69 57 207 234 117 146 65 50 173 141 167 151 114 212 159 95 237 191 53 76 106 209 26 49 70 116 124 100 54 
206 : 181 209 198 47 31 143 223 141 217 234 27 247 107 242 229 219 187 48 110 51 171 200 77 109 205 228 139 156 246 235 75 180 85 231 101 153 214 236 137 78 33 226 121 61 188 118 213 245 218 132 36 158 52 152 73 125 39 227 124 221 88 126 249 177 62 59 175 237 147 185 49 92 135 225 57 199 172 206 215 136 25 165 87 86 68 238 239 41 122 204 106 
207 : 82 143 176 79 91 170 221 217 206 136 64 65 124 29 41 148 131 246 247 121 42 203 155 154 76 45 70 88 25 52 228 179 72 108 58 161 48 166 242 103 142 241 191 147 144 106 141 189 219 83 53 69 167 240 156 243 98 
208 : 101 110 158 81 230 137 56 26 96 45 167 68 203 224 43 32 44 191 52 33 177 94 193 176 79 42 197 145 112 186 88 83 240 130 115 205 195 207 249 61 123 114 142 65 25 210 157 175 47 58 184 40 108 59 160 117 129 144 242 220 41 202 49 91 93 36 64 103 163 121 244 71 168 92 76 236 138 134 106 72 221 66 225 148 30 63 232 233 209 152 27 57 188 75 199 
209 : 233 189 138 62 170 43 249 89 218 134 194 29 248 147 237 76 63 117 154 133 203 168 44 80 195 36 230 40 114 27 142 115 205 66 216 228 41 213 188 135 235 83 246 181 124 177 75 46 207 155 70 227 
210 : 76 48 74 176 113 46 118 183 82 156 228 166 162 25 87 147 43 62 69 233 131 224 90 129 194 237 38 212 67 242 141 153 28 132 70 165 191 235 227 159 192 51 174 134 110 218 105 197 229 95 33 100 136 50 209 181 185 195 140 163 216 170 201 217 114 146 123 35 246 99 225 30 122 96 
211 : 182 246 238 139 236 169 174 39 216 231 192 89 217 244 44 81 65 149 190 127 148 154 206 25 49 123 220 64 45 166 29 85 228 107 248 52 164 124 93 229 104 34 209 102 70 88 97 207 199 105 98 36 161 67 58 242 78 146 54 241 114 40 208 90 226 177 133 31 211 193 186 181 101 234 75 180 138 112 218 51 142 
212 : 234 161 155 106 185 59 90 148 166 216 201 40 39 60 183 53 176 136 56 171 88 130 233 164 73 181 202 38 118 32 117 41 190 36 169 222 152 228 80 246 231 126 145 203 98 173 74 141 69 119 34 186 79 177 92 83 67 62 230 229 55 198 240 207 71 206 154 33 237 153 
213 : 124 201 89 94 245 164 117 167 215 59 192 31 128 158 113 173 180 159 98 232 241 221 195 127 33 58 203 168 179 68 181 66 96 200 67 249 149 210 115 71 244 106 34 
214 : 185 164 160 102 43 212 245 219 174 244 238 108 53 142 86 59 115 141 128 74 68 58 48 45 171 97 179 30 40 51 135 46 226 32 90 116 83 186 81 200 107 163 114 152 162 168 229 145 
215 : 127 134 190 115 114 110 30 97 98 236 85 118 188 145 48 35 42 34 212 89 232 167 208 169 229 132 135 194 200 91 221 202 193 113 57 112 53 50 186 116 213 231 86 199 40 73 243 140 25 32 38 79 90 45 138 136 
216 : 161 222 142 240 93 112 46 99 43 176 159 39 125 186 109 35 205 85 116 210 98 153 194 232 123 91 246 127 189 124 181 178 119 122 174 160 48 140 229 134 60 63 243 
217 : 191 43 174 184 232 35 116 25 165 236 122 147 205 83 94 159 187 211 61 47 194 103 170 235 231 80 221 218 48 109 197 90 36 139 
218 : 114 83 46 216 217 112 113 76 200 157 43 168 97 149 166 185 89 96 169 107 111 246 186 243 125 37 30 210 134 154 219 55 65 244 232 139 227 203 38 35 34 241 162 54 180 208 33 155 77 62 67 138 182 69 197 140 26 130 36 152 61 57 158 156 135 177 44 223 239 209 201 
219 : 64 235 128 111 225 73 219 174 99 205 63 179 193 156 216 57 126 158 44 181 187 135 65 142 240 165 138 62 233 214 207 29 200 78 183 199 229 153 201 163 241 175 149 58 45 41 222 231 227 42 164 226 83 185 48 170 92 178 108 72 161 182 208 33 26 146 
220 : 215 112 134 40 56 198 228 67 31 224 146 238 208 97 29 180 186 53 176 125 121 84 144 42 60 165 130 157 28 152 249 173 117 194 91 
221 : 69 199 211 206 187 208 35 45 134 150 55 28 161 85 86 111 202 212 151 219 49 194 51 91 135 200 31 185 58 29 193 68 122 234 183 128 30 204 132 83 61 157 
222 : 136 191 111 58 168 213 153 94 70 199 188 67 185 232 56 170 194 113 184 234 64 175 41 160 93 172 241 112 135 95 65 32 220 34 156 52 152 74 176 49 47 92 
223 : 180 111 108 65 248 110 61 107 147 200 162 221 249 116 85 84 128 42 114 141 51 161 122 52 44 230 69 144 173 198 112 247 246 83 
224 : 107 122 85 80 119 48 142 243 125 186 79 148 140 118 183 95 116 172 192 158 46 104 143 69 123 128 249 237 163 40 173 151 184 152 31 77 129 38 108 175 130 206 244 137 96 135 194 138 26 72 239 64 147 181 162 44 132 56 28 75 76 
225 : 43 192 211 199 44 196 78 124 215 31 59 89 87 245 127 248 216 143 101 102 151 26 161 136 30 247 225 49 239 206 178 238 134 111 179 119 112 244 94 182 41 159 97 57 36 153 108 176 131 132 209 170 168 118 76 34 90 222 224 193 173 152 169 194 164 116 106 148 60 133 75 73 99 130 208 81 27 140 207 234 82 231 114 122 113 37 184 137 226 197 
226 : 116 220 165 147 216 197 52 57 60 193 169 209 163 95 73 146 100 96 210 152 194 98 43 67 35 212 132 185 129 26 184 36 135 27 159 30 117 86 202 31 144 83 51 244 125 111 187 118 89 126 247 66 214 226 151 68 59 149 70 154 55 231 179 168 145 114 222 87 188 71 234 207 58 174 158 160 39 99 80 170 241 
227 : 141 33 99 176 227 239 151 205 60 101 102 153 40 236 210 69 243 235 130 81 242 147 57 142 175 44 148 220 233 158 169 219 62 26 160 52 28 177 35 72 67 32 138 29 43 56 183 53 87 186 184 
228 : 140 103 168 134 67 77 151 211 95 27 234 150 176 132 229 232 205 54 187 190 186 61 172 199 242 46 143 29 183 189 160 85 180 100 184 139 147 203 63 28 191 86 34 93 185 248 99 73 244 195 76 174 197 122 49 90 75 161 56 58 154 107 239 109 120 115 145 36 131 30 72 149 60 111 225 65 82 125 92 69 26 98 
229 : 166 113 226 203 173 111 194 189 72 123 87 167 240 42 161 61 215 152 235 54 96 53 67 247 117 136 106 202 205 98 204 192 79 241 200 65 154 225 31 34 229 100 60 199 179 26 246 109 201 158 220 210 108 122 94 51 63 239 52 223 90 
230 : 152 109 63 91 188 161 53 102 174 155 170 128 87 78 42 76 223 80 36 83 198 93 205 49 232 148 39 140 101 84 136 57 216 41 114 29 37 247 47 193 70 184 112 50 236 71 159 201 119 162 95 177 213 248 127 210 235 45 244 86 215 150 
231 : 159 121 202 205 240 58 248 43 56 41 234 170 194 145 238 206 192 81 180 203 136 224 117 150 164 119 146 226 86 227 233 26 74 220 53 60 207 38 204 242 228 188 39 156 114 132 68 70 135 105 246 116 80 73 184 36 129 236 69 160 134 99 97 239 95 186 193 62 88 120 71 211 
