0 : 225 92 84 219 107 126 32 213 102 150 72 243 85 91 149 62 30 121 177 51 90 112 241 164 175 233 147 116 160 87 29 187 100 119 60 206 165 239 205 240 50 235 156 69 28 58 34 55 49 77 212 111 166 108 133 221 171 244 48 139 136 138 71 151 186 39 127 
1 : 121 175 131 151 54 28 41 219 232 82 94 59 96 95 157 226 214 108 143 244 179 187 119 159 114 116 235 201 164 243 65 91 234 155 39 153 133 222 230 51 45 161 88 199 86 99 165 204 138 245 85 148 
2 : 38 28 197 200 175 79 217 29 186 136 102 249 161 209 171 104 74 30 77 170 87 142 141 33 57 81 112 211 203 80 122 116 126 198 114 96 199 35 219 46 121 68 244 40 131 118 52 188 115 241 56 174 61 62 172 59 167 106 108 129 94 64 128 50 105 48 160 152 154 158 183 212 227 182 202 208 83 230 92 
3 : 39 224 63 205 152 226 111 109 104 128 229 76 171 141 211 182 186 177 108 144 184 53 125 239 41 223 68 178 146 230 209 203 161 48 123 176 64 225 130 220 25 114 87 157 36 74 139 192 204 242 127 71 40 52 50 34 134 138 201 90 88 154 232 113 212 132 135 98 118 137 207 110 158 43 122 35 210 80 233 140 54 91 185 155 150 131 188 115 97 163 235 67 160 96 82 179 31 213 92 
4 : 114 197 50 236 166 30 127 144 224 132 147 214 113 108 177 164 184 189 171 137 122 95 174 180 223 245 237 34 221 102 233 91 187 146 162 149 185 243 179 86 61 103 201 208 40 70 141 26 45 159 190 175 157 182 148 163 57 151 150 121 
5 : 231 73 168 56 207 70 146 31 124 69 145 62 149 192 185 224 120 167 244 173 102 27 235 89 85 225 208 241 49 83 65 98 55 84 123 141 61 
6 : 175 69 249 57 83 186 215 218 78 213 248 32 25 36 112 137 207 125 223 75 84 138 162 232 139 108 109 153 96 71 194 245 155 188 202 171 114 103 178 179 43 45 110 107 98 243 92 150 93 170 123 121 145 192 177 58 165 73 68 94 158 100 210 67 235 168 187 181 
7 : 116 73 206 91 47 121 169 236 177 187 93 63 48 188 229 150 200 129 197 99 246 114 107 29 31 123 113 170 78 42 122 95 68 61 166 216 106 69 175 126 72 94 75 71 226 241 76 164 45 245 215 92 155 112 242 191 180 40 101 231 90 34 128 168 44 181 159 219 130 196 139 190 146 174 41 157 59 105 39 62 98 140 103 131 218 161 104 138 118 74 
8 : 217 72 245 93 106 74 99 172 145 163 225 175 63 200 80 206 182 221 82 237 124 70 132 186 165 240 58 83 97 242 205 65 46 187 57 43 148 129 199 204 79 181 138 228 90 158 91 202 185 47 62 113 150 169 127 155 128 170 210 153 108 227 95 
9 : 36 232 119 243 187 94 167 245 142 106 192 137 48 179 182 212 174 159 166 89 83 161 215 236 221 202 112 194 134 198 66 237 146 87 107 143 206 
10 : 55 189 104 198 59 212 145 232 160 185 173 209 37 124 95 68 200 245 120 116 30 75 110 153 231 216 192 42 157 184 99 193 241 141 170 165 161 61 162 43 78 113 82 203 176 85 214 199 84 221 91 238 172 228 240 168 132 210 247 180 79 54 243 
11 : 106 230 170 147 223 79 28 240 127 172 75 78 102 138 34 36 213 193 107 119 234 135 49 195 191 80 84 40 248 156 157 57 198 123 
12 : 172 93 116 168 64 138 72 243 208 29 120 130 220 179 57 125 229 200 154 134 63 42 37 99 136 83 230 180 50 46 45 235 87 106 51 30 155 198 237 151 131 49 160 43 59 146 102 33 62 114 159 96 189 133 211 246 103 27 206 225 219 109 58 139 236 183 68 104 40 194 242 158 169 203 201 226 231 38 89 73 107 213 111 210 119 173 170 126 122 238 32 
13 : 177 86 88 243 156 173 90 75 214 42 73 230 93 108 104 238 105 92 236 59 142 216 97 47 74 58 51 89 38 27 163 171 247 100 39 121 162 50 218 195 107 200 187 25 192 221 29 36 168 60 66 52 231 131 79 147 203 83 72 103 161 
14 : 84 113 98 148 249 110 105 225 115 25 79 34 61 209 135 201 171 219 236 234 76 57 64 41 173 151 60 223 33 102 94 51 156 45 93 149 78 158 208 180 75 168 213 32 129 150 65 248 176 37 226 185 155 38 241 204 215 142 153 47 
15 : 42 73 56 167 158 93 150 145 175 116 156 32 138 232 142 243 33 127 79 196 57 45 159 169 233 207 132 247 69 60 174 94 125 29 81 41 31 170 72 244 152 126 171 224 227 66 223 248 240 163 136 
16 : 190 186 113 29 119 233 187 57 163 81 69 35 222 184 79 34 132 236 183 107 88 144 25 77 49 111 205 61 198 157 228 212 101 143 
17 : 176 227 63 96 177 26 138 91 120 68 132 72 137 100 32 56 238 62 103 70 205 133 140 206 167 174 78 59 36 111 73 61 153 42 67 222 158 
18 : 136 62 130 147 157 133 69 201 165 81 194 169 73 235 88 26 86 245 180 184 224 182 150 146 93 58 33 212 204 110 105 57 205 101 218 128 102 159 29 186 129 127 37 65 92 207 114 196 79 153 209 53 152 50 91 188 41 193 185 
19 : 61 48 67 240 57 220 146 114 184 104 213 142 40 97 46 118 150 105 101 158 55 168 195 199 122 196 128 145 248 36 91 138 148 66 194 30 56 134 161 112 124 225 207 242 78 107 246 170 31 249 41 139 63 181 133 201 155 70 94 243 
20 : 104 131 31 180 81 109 41 224 248 126 212 158 85 194 106 32 219 142 58 27 231 68 211 133 49 159 43 209 135 84 143 249 161 70 51 48 100 215 150 177 167 168 130 220 151 77 234 237 148 125 193 92 79 108 123 217 120 128 
21 : 31 154 84 40 146 240 234 62 138 71 198 190 121 165 210 86 152 102 233 169 112 114 91 34 209 
22 : 145 246 211 135 140 221 223 107 172 142 96 155 218 179 45 29 222 100 98 230 67 220 57 124 159 234 165 36 132 86 205 191 225 68 85 237 217 40 62 160 118 187 79 69 137 108 133 89 47 235 78 33 216 232 122 123 176 
23 : 211 69 188 82 205 106 110 58 88 178 83 32 56 53 55 207 45 152 52 43 33 247 29 63 244 133 155 26 232 137 234 
24 : 91 129 120 111 92 36 98 181 159 248 233 27 134 43 110 123 178 124 40 38 245 46 139 101 239 172 127 223 103 141 202 86 174 161 55 147 67 166 106 64 75 226 65 132 140 232 206 220 146 143 169 155 214 241 
25 : 96 62 95 174 130 182 43 78 216 145 178 188 239 137 168 68 115 136 180 176 193 73 156 61 185 74 247 234 71 189 33 200 
26 : 230 170 61 59 155 73 131 205 100 183 211 184 201 101 198 76 146 245 57 30 242 178 175 130 80 172 65 47 94 135 120 83 142 180 116 48 126 151 97 238 69 32 74 33 53 157 236 78 104 206 166 98 29 56 167 231 44 64 218 42 164 140 107 43 237 26 79 121 45 113 117 
27 : 109 148 31 60 169 248 168 203 81 207 249 140 244 170 235 141 106 139 32 145 66 218 122 62 73 105 193 134 135 177 217 36 94 224 242 211 104 182 128 99 181 57 213 76 227 113 179 70 239 121 108 188 127 220 35 186 77 123 226 
28 : 82 235 164 29 145 168 134 245 199 128 40 54 144 83 203 76 215 119 126 66 193 225 37 71 207 171 179 56 221 222 39 106 69 173 58 79 109 151 35 90 108 97 242 116 46 240 182 47 162 208 91 237 33 231 95 85 177 156 188 51 48 127 131 102 230 68 118 236 233 75 60 218 174 28 155 158 98 62 150 241 81 93 114 147 247 146 84 113 73 239 122 200 57 204 88 138 217 194 224 
29 : 247 99 98 162 89 127 137 171 180 218 164 163 145 133 82 212 125 141 226 214 183 35 114 79 138 75 187 195 216 115 32 27 136 36 246 102 220 120 121 31 243 29 203 96 204 165 198 69 43 94 80 123 64 111 97 209 211 242 236 222 233 90 44 72 154 176 84 144 248 126 192 234 142 26 156 88 53 190 150 65 148 182 202 232 58 147 49 116 47 237 
30 : 188 208 37 137 111 76 170 124 243 204 150 131 123 247 139 30 182 134 120 88 206 80 112 183 240 144 155 107 129 159 47 222 193 40 45 173 51 136 148 205 54 113 128 186 50 69 52 242 152 117 217 189 35 187 105 161 190 244 218 154 27 114 194 60 180 41 110 26 211 85 92 228 236 199 174 58 115 48 171 146 32 163 95 226 178 145 227 46 195 177 78 83 93 141 
31 : 52 175 155 157 74 44 126 197 239 149 86 248 47 48 127 249 30 130 166 45 65 204 143 103 198 95 59 219 224 201 55 58 50 102 113 208 26 174 131 245 172 68 109 94 85 168 214 221 209 134 169 238 170 246 100 34 217 111 46 179 192 118 148 150 241 41 235 183 51 70 195 77 79 71 
32 : 34 144 185 82 215 37 130 88 225 221 32 128 44 150 59 201 170 177 158 166 245 61 212 226 41 77 
33 : 234 57 145 84 114 105 79 61 218 247 102 165 83 168 62 135 227 237 42 219 71 64 164 195 205 244 45 140 93 172 209 44 242 194 178 188 206 130 
34 : 114 153 65 212 100 203 208 42 197 230 248 77 76 155 56 84 162 144 135 129 130 195 175 39 122 140 119 222 145 219 214 55 35 125 70 165 242 52 83 61 38 221 127 169 
35 : 212 149 137 61 131 97 121 184 168 233 231 82 99 180 45 38 117 49 72 53 240 80 29 67 227 73 145 186 83 138 203 77 223 201 109 164 134 158 54 197 102 246 178 119 210 42 106 169 46 195 124 154 
36 : 180 113 25 78 101 181 235 111 165 172 193 219 211 221 97 35 71 80 99 236 183 140 63 245 72 223 102 135 157 213 177 237 224 147 204 191 132 242 145 49 95 189 76 57 169 185 161 154 174 27 50 227 241 222 29 83 87 109 196 55 168 68 246 158 31 199 107 127 81 228 194 249 133 153 88 46 42 156 210 138 61 62 179 93 124 67 182 141 167 
37 : 193 54 66 109 94 116 189 174 155 108 77 102 83 84 228 208 86 53 36 76 140 87 199 107 212 166 79 91 69 181 153 82 197 96 81 
38 : 128 136 214 209 172 164 168 93 183 120 71 169 227 207 129 41 124 236 241 72 233 43 142 245 174 243 246 64 59 199 33 189 84 170 224 217 162 109 225 146 134 111 56 200 232 148 66 44 28 101 220 87 173 57 69 190 79 65 149 210 215 147 25 85 115 126 55 34 29 163 231 132 203 196 106 42 141 180 198 51 139 188 94 176 133 26 100 186 73 89 
39 : 192 133 183 138 201 97 165 124 51 82 194 224 68 60 100 103 107 236 216 248 193 150 205 40 221 77 30 235 151 156 66 228 190 152 245 101 61 130 120 246 149 76 135 168 242 237 196 234 129 189 88 244 171 128 230 98 160 247 67 110 211 181 119 105 187 233 169 240 44 213 
40 : 186 196 90 192 240 157 70 155 164 91 46 238 145 217 89 81 210 38 212 138 42 149 102 180 159 191 185 231 182 139 225 99 239 105 246 114 101 181 153 233 207 74 168 103 245 33 187 124 218 178 64 162 100 140 131 166 28 173 222 209 156 56 208 224 60 215 30 48 80 47 
41 : 164 81 163 139 156 218 60 206 228 207 165 80 82 222 136 145 111 118 46 190 236 245 143 223 209 25 38 232 186 87 149 53 65 211 48 96 51 79 217 61 221 95 196 130 63 126 179 229 188 110 158 104 242 247 177 152 
42 : 202 112 40 234 98 215 46 119 85 189 228 41 193 198 76 122 188 130 185 166 102 154 247 226 27 131 220 183 243 229 140 115 195 194 138 225 110 57 101 128 214 217 77 235 159 80 63 109 164 106 125 240 145 168 201 144 64 73 197 196 150 199 90 70 
43 : 106 30 221 139 154 127 33 82 229 98 69 233 149 236 107 171 168 189 126 125 70 133 85 137 214 26 77 113 80 227 163 71 150 204 152 225 91 151 59 53 44 190 67 165 147 131 231 183 161 160 157 117 218 89 212 191 195 92 144 203 179 122 162 210 46 129 124 186 101 64 63 32 199 148 211 232 145 182 234 187 181 27 128 206 193 142 153 
44 : 207 177 233 159 195 151 59 150 184 201 247 47 99 37 186 149 172 193 116 239 105 126 107 189 245 127 161 145 134 49 190 198 215 197 216 155 200 243 63 125 128 56 153 158 194 165 210 131 112 185 170 84 196 33 81 52 31 80 152 187 67 143 34 246 27 36 102 109 
45 : 193 151 79 103 50 152 76 203 211 117 204 110 65 25 226 165 159 235 123 213 187 102 220 85 160 98 241 197 166 212 207 51 121 233 189 78 202 111 238 246 242 240 42 30 192 208 244 83 170 27 163 81 104 70 222 130 
46 : 122 108 95 249 142 190 153 218 171 176 51 210 104 129 47 36 177 37 144 107 101 223 119 226 94 100 167 116 110 75 25 168 77 205 213 160 186 159 63 76 212 120 219 156 228 222 41 211 40 216 187 244 83 86 199 72 246 189 97 48 115 136 71 236 34 33 204 170 85 152 
47 : 128 126 72 219 129 70 46 122 114 54 225 191 148 51 121 216 184 186 45 73 234 137 228 160 65 81 49 236 200 120 109 
48 : 32 65 228 213 39 201 240 183 207 75 136 119 175 147 233 139 212 193 146 63 230 128 85 158 172 127 184 131 133 79 111 76 169 241 91 224 216 58 197 210 226 181 102 189 84 107 62 217 103 101 185 35 138 164 109 143 156 116 123 60 180 122 234 113 249 68 247 162 99 204 239 167 187 59 182 
49 : 194 108 75 208 115 216 46 44 221 181 111 71 128 200 222 180 248 127 117 52 137 84 114 142 134 49 224 144 225 83 
50 : 34 95 167 90 60 178 126 110 28 47 40 63 101 217 79 74 136 171 33 68 188 127 150 48 51 37 179 225 246 194 142 27 192 143 62 26 208 58 73 148 247 46 147 222 196 187 201 67 104 132 99 97 156 93 109 134 227 131 151 200 39 163 71 153 111 216 100 235 199 84 85 221 158 213 169 180 103 197 122 173 160 59 220 186 182 219 170 203 226 166 123 
51 : 63 44 226 30 53 201 97 27 181 71 45 163 186 233 246 74 205 225 184 236 88 133 72 132 185 60 108 243 28 244 70 222 95 135 178 134 199 114 202 196 34 
52 : 169 44 193 129 162 221 67 104 111 54 80 235 163 231 192 224 40 196 79 31 98 170 55 150 155 166 63 168 115 74 220 57 164 89 171 183 120 65 238 101 173 90 136 165 209 160 86 215 42 182 139 237 94 29 48 99 51 41 200 59 137 188 243 33 176 71 125 103 157 172 233 123 178 197 85 181 133 244 116 247 195 70 134 69 35 201 77 205 149 58 207 148 
53 : 154 140 159 91 38 229 176 199 240 131 36 127 144 108 152 158 41 123 92 179 96 118 216 98 79 246 174 134 217 95 124 185 87 52 186 142 122 232 90 107 
54 : 217 39 241 198 139 109 137 54 149 243 112 164 69 73 185 237 181 36 64 150 184 204 79 174 145 118 167 182 155 215 74 127 119 53 57 171 210 242 26 33 59 224 32 246 219 
55 : 240 216 155 167 65 197 178 214 52 51 181 136 154 103 208 206 219 177 28 218 176 234 80 45 42 182 26 84 74 119 121 95 153 97 243 184 189 186 194 29 131 116 145 196 222 27 72 49 113 231 139 175 172 67 44 35 70 96 40 204 94 246 149 36 34 199 
56 : 104 72 117 78 154 62 201 47 231 98 219 33 74 25 188 80 212 227 43 185 150 163 172 102 127 109 199 48 165 76 148 236 179 235 100 
57 : 101 243 209 45 129 105 173 77 210 83 68 151 124 141 233 95 218 132 63 148 56 164 82 135 202 150 60 248 235 
58 : 62 27 214 208 205 101 58 118 28 228 125 164 218 244 47 161 52 80 110 141 41 233 36 90 174 124 142 
59 : 149 52 51 200 248 176 135 190 196 71 130 65 35 232 97 100 93 168 249 49 220 145 36 120 61 30 231 127 76 177 192 60 224 197 189 80 102 210 191 236 55 173 86 126 156 227 180 203 37 214 113 151 159 111 199 63 31 124 46 64 95 198 121 172 
60 : 216 107 28 96 48 85 155 163 222 66 123 239 89 47 179 169 173 199 139 218 193 160 135 212 167 204 80 34 86 33 84 118 188 111 180 124 130 247 55 219 122 68 44 153 206 140 161 106 103 158 116 150 120 105 45 164 56 127 112 83 29 213 232 77 137 95 78 69 108 231 207 65 67 132 121 35 102 71 
61 : 183 144 97 118 163 117 61 123 103 145 186 162 207 174 92 76 222 36 136 122 165 202 245 62 66 239 248 110 156 125 231 236 100 146 93 152 161 164 86 182 228 157 200 106 203 170 57 238 133 213 46 147 129 249 44 169 50 128 217 197 199 91 49 113 142 206 208 185 59 26 153 233 150 187 194 99 232 177 204 192 64 189 
62 : 137 38 185 54 64 43 111 201 210 151 229 82 92 194 122 56 89 117 100 193 105 83 235 195 218 
63 : 240 38 237 162 203 159 138 132 76 174 225 42 135 108 54 241 233 88 36 35 97 189 45 87 191 164 145 213 185 77 205 209 141 208 153 238 34 219 200 71 136 195 
64 : 70 113 41 77 159 61 232 194 206 157 26 46 154 82 185 177 54 29 171 243 28 136 109 52 196 36 191 101 79 135 161 92 190 47 122 58 81 38 199 119 146 33 96 111 143 142 172 53 
65 : 111 48 145 97 209 102 35 43 226 41 32 241 27 170 128 120 151 153 239 184 110 212 159 133 64 218 34 156 91 119 30 201 82 78 122 228 
66 : 122 79 141 72 112 197 200 201 83 176 153 214 120 156 222 25 196 218 49 195 128 67 150 31 40 66 84 78 105 43 207 211 108 238 191 186 65 116 130 240 80 160 41 178 146 241 235 82 189 145 68 121 166 87 37 148 187 249 62 64 113 224 209 216 220 39 164 212 199 133 91 219 97 158 165 215 169 58 53 243 217 52 114 174 127 102 139 159 96 246 90 194 138 242 192 182 193 142 229 198 
67 : 39 242 190 164 55 219 128 131 134 95 56 96 53 163 124 177 247 166 63 119 130 231 47 147 66 32 236 189 137 115 136 26 73 30 65 158 74 215 31 114 230 125 212 241 123 144 168 226 97 167 27 103 51 153 108 33 208 228 214 187 180 44 232 143 227 202 112 110 109 193 
68 : 139 46 41 109 117 73 154 143 96 86 103 167 205 128 65 180 123 36 127 236 50 164 63 204 105 148 221 202 190 58 45 244 238 234 229 52 111 122 249 31 99 37 173 215 188 189 56 120 184 242 137 155 78 203 231 89 168 129 152 
69 : 161 167 113 115 241 209 102 34 64 67 54 246 109 76 146 80 225 132 173 172 48 240 33 200 74 27 88 157 36 153 136 118 70 229 99 72 87 212 83 181 84 31 198 56 51 28 81 82 94 
70 : 241 25 37 109 35 207 40 124 100 216 110 190 95 39 198 84 222 36 132 166 238 246 31 181 112 97 172 188 215 191 107 203 57 211 
71 : 163 123 150 207 88 41 233 223 136 71 85 132 249 137 238 134 190 33 237 130 197 209 81 246 196 214 176 62 114 189 200 80 118 91 203 216 182 49 44 124 119 84 154 111 66 152 240 55 199 210 115 103 97 178 27 212 98 194 63 77 198 169 243 72 100 229 35 99 127 135 170 195 162 161 70 101 105 228 83 204 208 52 213 164 122 149 140 45 175 87 107 147 69 231 48 117 180 61 53 
72 : 145 127 195 43 206 243 166 164 87 142 192 39 89 170 139 34 188 223 98 133 126 68 227 189 199 125 109 158 237 73 244 67 137 217 96 94 57 80 26 190 130 131 86 191 245 194 79 66 246 106 180 41 198 108 210 136 47 50 115 45 218 78 239 247 113 233 176 232 147 228 51 226 221 27 107 230 197 172 97 121 200 152 99 59 240 153 148 36 150 38 111 102 56 214 185 105 119 129 213 93 161 
73 : 102 43 108 227 103 164 153 199 36 77 190 44 186 201 33 133 41 80 174 86 168 184 71 121 117 209 237 65 91 211 213 34 30 167 172 243 76 247 49 161 94 82 73 220 137 128 169 138 141 204 46 25 203 176 240 132 246 74 37 171 129 159 226 183 109 135 136 64 215 60 217 207 216 111 116 112 120 127 197 244 198 67 99 69 156 
74 : 164 105 49 60 197 160 149 153 195 201 186 206 111 64 227 94 241 213 234 128 58 126 203 77 161 220 124 53 151 210 81 109 247 
75 : 120 140 243 240 37 27 72 78 25 112 66 99 213 189 92 154 114 232 147 225 217 73 61 184 96 206 175 82 131 119 32 103 246 89 201 212 150 176 167 152 204 121 84 40 245 164 194 39 190 79 133 170 45 231 77 75 208 171 91 104 141 52 211 56 200 242 130 97 183 162 101 234 249 166 134 169 87 214 135 186 70 35 47 230 181 105 31 69 139 42 198 180 165 
76 : 114 218 58 66 185 159 109 113 161 215 214 245 213 226 196 126 164 67 212 207 136 151 246 188 192 158 44 38 138 230 124 236 49 200 225 208 112 190 166 182 220 211 156 77 141 
77 : 81 86 138 76 131 82 43 96 92 97 74 102 42 126 218 106 99 56 243 170 123 214 94 221 88 47 118 25 113 229 36 236 38 137 91 107 40 67 249 161 215 127 112 234 156 31 84 178 193 35 159 95 125 75 78 77 114 117 241 130 213 101 44 227 73 175 115 58 223 228 183 68 200 149 238 30 197 209 152 157 203 
78 : 99 125 59 229 170 168 98 223 84 205 127 231 225 230 25 80 54 210 74 56 143 93 139 158 150 227 152 58 171 121 156 194 50 237 212 224 68 219 215 100 113 60 172 106 234 66 189 95 141 112 43 173 195 34 144 114 132 199 206 175 211 31 245 233 88 130 69 151 198 220 163 217 180 51 149 138 137 
79 : 101 131 96 107 135 246 93 222 228 50 44 125 180 240 31 230 160 106 158 235 98 113 60 210 73 91 
80 : 68 196 139 107 225 201 119 25 58 227 95 99 218 125 237 34 205 38 214 194 137 44 190 158 129 54 118 86 46 203 65 247 40 143 215 98 177 245 85 171 204 
81 : 173 233 113 49 96 158 106 135 53 133 142 207 188 83 52 198 47 219 222 82 44 130 55 164 177 144 40 162 94 60 100 29 248 119 189 226 246 242 235 63 104 85 140 169 194 125 245 68 
82 : 135 189 200 206 215 76 244 119 105 185 217 55 162 26 209 186 201 114 81 161 241 70 46 191 107 84 85 183 83 124 130 230 239 207 104 51 120 167 141 169 106 27 29 122 227 33 52 73 164 68 30 
83 : 248 110 128 51 196 55 27 52 160 138 116 204 57 54 37 136 186 142 236 48 225 214 29 229 177 28 39 112 150 158 181 246 203 70 84 230 102 143 58 53 64 131 183 187 25 
84 : 215 38 60 97 86 61 128 224 175 67 127 44 159 91 62 131 214 243 87 73 152 28 231 76 107 132 189 138 148 74 245 78 129 88 223 191 154 126 50 165 95 181 106 176 162 63 103 207 209 196 34 30 220 169 90 178 55 188 153 39 241 179 69 111 180 174 246 222 46 93 64 160 155 249 202 99 221 195 45 
85 : 74 226 177 28 83 216 241 174 33 69 172 212 156 25 201 65 64 51 160 88 225 79 132 94 235 122 194 84 157 165 
86 : 44 240 32 217 195 198 89 118 138 202 210 104 246 58 191 201 46 116 164 206 249 160 73 155 225 247 230 237 139 229 38 35 187 172 109 75 161 95 68 122 86 56 188 190 28 72 241 184 40 208 34 82 219 64 61 162 175 203 53 205 214 156 91 216 130 123 36 71 96 171 
87 : 165 116 51 132 214 149 144 134 223 135 194 232 202 179 203 97 95 141 110 164 217 183 79 32 123 216 153 148 221 211 133 62 199 69 208 91 171 35 120 159 147 87 53 209 64 192 168 142 104 230 103 198 60 240 105 41 200 197 99 177 241 207 118 96 102 119 139 243 36 46 140 129 114 185 247 117 27 72 233 226 109 107 160 184 54 82 
88 : 92 37 102 71 152 188 228 207 187 53 49 80 52 151 235 199 208 241 229 148 56 242 198 191 124 47 159 226 185 112 121 51 196 204 211 101 41 192 97 98 234 164 
89 : 68 148 89 235 154 63 104 176 161 135 232 172 65 75 231 248 115 92 169 100 158 42 73 76 28 146 99 238 147 33 54 96 55 29 164 199 182 30 105 155 166 196 225 88 101 179 95 218 51 116 
90 : 236 99 162 194 95 246 35 120 157 49 105 127 36 118 206 28 190 148 164 173 103 69 42 188 154 89 234 62 238 212 74 135 240 85 168 126 244 108 220 87 183 80 138 147 235 151 34 184 78 63 48 149 39 145 242 217 218 139 239 38 109 140 207 101 181 71 44 116 47 83 112 130 129 68 134 146 133 128 61 102 204 46 123 
91 : 73 165 62 79 222 186 30 167 86 71 145 233 140 147 192 128 43 126 148 59 163 92 162 36 28 84 228 80 173 74 158 130 56 181 239 97 138 
92 : 165 64 104 216 129 128 194 36 26 166 107 197 54 199 201 146 224 145 133 61 235 84 138 92 48 127 185 82 186 35 37 105 163 50 213 215 60 226 31 158 151 97 108 88 126 214 90 30 59 169 152 225 174 52 219 86 172 71 148 229 94 212 227 182 75 122 56 68 140 44 181 192 160 139 179 96 183 242 184 147 57 70 135 157 228 210 190 168 78 77 
93 : 168 201 247 235 146 191 210 73 95 188 162 217 94 203 141 215 160 55 239 128 174 129 32 185 213 131 125 157 104 66 246 80 33 228 167 79 115 57 135 97 182 65 216 108 231 212 240 194 109 117 41 50 31 134 152 119 120 144 222 166 98 48 193 159 209 54 68 106 81 87 151 138 147 211 56 220 107 245 173 76 25 163 242 103 102 36 112 92 27 77 137 230 225 165 196 190 197 186 189 39 
94 : 102 61 138 235 125 157 198 26 104 127 140 141 234 52 228 151 241 175 187 226 54 58 244 47 117 62 94 150 89 230 245 143 168 113 68 240 46 182 215 211 191 236 201 246 192 160 65 119 210 118 
95 : 160 134 206 118 29 39 184 65 35 57 43 234 34 162 64 108 56 188 120 192 143 232 123 49 94 172 151 63 96 81 119 69 243 121 233 79 161 242 45 237 138 51 75 155 230 238 139 70 62 235 204 98 209 148 86 231 87 180 189 92 42 110 171 40 248 181 170 104 174 156 36 249 99 145 152 82 126 89 217 167 241 61 219 60 85 129 158 218 246 112 
96 : 249 112 121 196 199 193 64 107 169 44 149 139 26 33 228 83 50 69 140 211 70 27 49 30 66 54 172 46 198 51 214 231 45 244 185 42 35 61 222 145 65 118 111 173 103 239 55 116 114 168 72 178 100 216 201 78 237 233 56 134 154 37 189 224 53 74 150 187 210 28 162 135 160 177 204 31 238 161 81 62 181 123 60 248 170 159 157 91 158 77 
97 : 96 118 29 42 30 69 232 237 75 222 127 170 125 84 92 71 52 173 216 156 101 28 54 199 211 248 161 139 147 89 32 205 72 164 82 152 220 192 162 122 50 186 238 76 58 27 74 70 207 151 228 181 88 246 144 143 97 99 43 224 91 67 80 172 176 202 130 204 240 166 135 78 183 185 167 180 104 114 178 37 155 187 90 157 190 247 215 233 120 106 115 64 149 195 249 94 38 117 210 
98 : 183 167 151 28 127 160 215 211 246 210 85 203 164 57 175 34 95 153 168 187 65 112 163 63 142 69 176 56 53 145 213 39 220 58 224 236 146 217 35 93 44 101 204 70 195 196 193 181 201 50 89 186 191 158 225 141 117 134 47 75 43 189 248 120 71 137 59 144 77 188 139 
99 : 186 137 64 177 149 200 216 47 134 96 209 232 93 131 162 165 113 207 202 140 125 160 219 192 130 213 
100 : 191 142 84 198 72 104 60 188 145 39 182 80 174 42 113 106 110 75 89 139 161 114 87 118 248 32 37 108 126 130 164 
101 : 192 232 241 27 199 233 188 59 83 198 50 148 156 243 89 211 72 221 84 144 45 119 155 102 128 68 88 93 127 47 125 139 193 146 203 200 65 137 95 180 154 
102 : 90 37 245 152 231 69 223 228 218 27 121 227 112 204 25 225 36 140 148 103 128 213 210 71 197 107 55 120 63 144 97 122 108 119 31 249 70 211 34 98 234 236 145 149 79 26 207 132 161 199 191 171 50 51 85 222 54 151 
103 : 163 110 80 201 96 195 229 115 39 156 244 182 113 194 228 196 48 153 26 150 47 133 162 50 99 59 76 170 238 56 49 82 54 43 231 88 69 191 98 203 100 126 173 187 85 27 74 155 236 240 108 105 34 232 29 135 176 245 140 249 104 175 36 149 
104 : 25 211 119 133 168 149 56 54 110 28 233 107 81 217 131 51 213 43 27 85 55 161 159 209 50 234 89 122 109 163 183 37 235 80 158 218 106 153 78 128 104 172 203 190 26 156 124 84 42 196 111 33 214 139 187 34 30 123 102 194 100 41 219 179 199 69 47 40 204 178 231 115 160 38 
105 : 74 49 197 192 51 248 233 111 54 105 227 201 69 56 131 174 241 55 245 162 36 71 244 198 177 148 164 110 234 86 172 193 221 68 106 144 136 129 30 89 175 194 128 90 27 190 206 189 214 67 204 183 200 184 33 249 38 182 26 81 210 153 65 101 
106 : 108 80 133 53 158 136 88 216 207 123 70 143 103 54 121 181 36 167 60 137 241 134 96 175 111 147 29 105 190 47 126 211 59 203 74 169 220 236 196 138 191 130 198 55 52 141 156 122 
107 : 50 89 96 185 141 148 196 57 151 94 122 132 214 224 117 87 181 243 103 191 56 249 247 189 99 109 35 205 62 211 207 108 41 177 186 163 39 83 170 204 102 233 85 130 198 90 156 213 225 128 101 118 175 237 229 248 145 129 182 72 84 58 
108 : 173 195 193 147 202 152 177 111 130 43 26 151 70 115 29 127 218 87 107 145 231 103 248 93 32 157 122 51 175 62 59 211 159 208 68 124 100 94 135 186 214 219 153 244 182 129 79 83 121 37 117 137 246 45 108 235 197 64 67 71 101 245 221 192 134 199 110 213 180 90 34 234 38 61 183 181 119 156 240 25 166 247 56 136 163 236 66 128 85 82 
109 : 143 199 229 216 43 148 240 201 162 218 79 208 125 44 37 158 172 232 84 35 233 179 181 151 191 141 91 160 132 140 156 155 119 71 136 217 146 30 112 75 73 238 137 153 90 74 56 206 202 50 49 234 62 168 106 42 215 214 103 190 89 123 243 225 212 64 200 87 126 219 52 39 221 142 139 173 228 237 113 117 165 26 25 128 192 57 188 99 187 152 93 72 169 47 244 114 66 81 45 170 245 
110 : 216 78 107 131 231 42 234 223 190 139 233 217 222 116 103 120 199 185 244 239 96 89 236 207 130 118 194 166 33 132 87 102 213 224 180 59 76 179 187 64 160 141 63 197 60 70 29 196 124 74 214 150 79 71 82 34 97 167 169 176 159 41 122 204 177 93 50 40 58 146 68 174 44 53 81 181 151 38 66 127 171 
111 : 202 44 215 86 107 237 131 29 228 135 169 236 43 112 163 199 193 103 41 122 211 144 204 109 134 170 95 137 50 118 30 72 105 191 73 141 133 186 59 27 184 124 225 54 34 37 168 94 177 174 46 83 166 149 209 246 154 217 45 229 88 125 126 190 58 55 158 207 210 244 121 224 238 78 138 234 70 91 198 150 48 203 63 
112 : 196 174 46 239 75 27 194 30 180 233 151 241 115 135 152 198 113 124 163 40 122 153 63 104 144 172 195 189 52 228 101 240 173 48 80 147 117 242 183 128 142 95 200 223 38 191 219 70 77 220 85 150 127 245 146 119 84 145 238 217 215 86 234 182 237 192 49 210 211 169 36 216 204 197 83 131 213 41 140 89 133 106 78 103 225 171 154 58 96 68 123 157 205 129 185 93 125 206 
113 : 211 111 208 118 31 223 35 72 210 238 239 199 113 125 61 235 148 33 201 226 128 204 102 108 89 161 48 196 165 69 95 142 190 114 75 229 82 126 219 57 67 30 232 143 136 104 34 86 110 73 185 32 127 188 122 157 46 183 59 176 96 66 101 144 139 182 248 55 247 133 90 175 87 174 154 62 186 132 249 215 76 218 70 77 25 162 41 209 202 39 81 74 147 236 207 
114 : 206 182 158 39 169 186 103 223 87 40 107 190 168 34 25 188 97 73 102 48 171 50 119 143 211 104 218 184 77 121 151 106 222 202 
115 : 165 45 150 173 54 34 168 248 135 103 237 191 184 138 232 228 82 112 207 117 197 87 119 66 198 189 179 229 203 156 109 43 178 246 241 105 101 141 170 39 222 65 162 97 215 166 80 187 208 40 226 94 139 224 181 211 174 98 44 164 75 233 88 74 182 234 218 186 85 25 
116 : 187 204 141 188 119 180 62 213 190 169 34 235 143 210 40 91 246 70 77 212 240 163 80 207 242 228 243 42 110 177 248 112 155 66 53 186 179 114 76 231 132 64 214 159 115 150 103 39 113 185 109 137 175 
117 : 34 83 63 68 226 176 133 244 231 85 137 220 96 157 74 175 199 131 186 216 189 119 145 152 144 26 190 240 66 61 56 122 100 29 38 49 217 181 81 154 59 107 238 141 192 58 55 149 156 114 121 173 136 201 172 123 219 69 82 31 46 165 235 
118 : 48 65 191 175 185 106 174 198 149 190 155 156 226 71 27 192 61 232 150 206 223 144 136 230 39 249 112 227 68 240 214 231 125 54 101 222 172 205 44 92 95 121 122 164 58 135 75 215 153 78 132 66 88 158 60 244 139 52 32 100 127 67 102 63 141 241 225 53 124 104 56 90 167 166 115 200 134 113 59 182 123 99 247 130 195 216 142 221 228 105 178 
119 : 241 174 159 223 162 155 216 38 229 90 149 202 152 53 154 44 48 54 121 41 80 102 59 34 113 76 198 60 199 203 95 246 33 220 63 123 144 103 32 130 235 179 29 28 27 151 46 31 129 126 98 119 51 134 112 78 168 127 77 58 219 238 43 204 117 242 82 116 205 177 45 71 166 230 147 221 233 106 183 87 52 65 104 207 114 139 185 213 120 200 92 83 227 131 239 79 224 197 69 85 
120 : 120 100 137 213 168 157 248 242 231 112 85 140 227 212 130 217 169 93 95 110 68 178 102 47 80 145 189 97 27 195 114 201 188 147 170 167 183 117 160 44 216 
121 : 173 111 89 230 79 177 126 227 119 218 98 247 212 136 185 235 234 175 142 157 188 161 178 163 240 149 184 135 81 137 172 215 241 122 29 171 27 204 80 109 99 
122 : 152 40 98 249 243 112 224 45 146 175 245 93 51 42 68 110 137 203 91 117 100 166 242 133 216 235 28 56 205 55 207 105 210 218 173 164 180 226 202 127 167 240 
123 : 25 188 234 152 217 213 197 231 102 59 46 37 220 246 135 125 79 63 50 81 86 192 172 64 60 123 245 182 115 240 146 207 180 35 74 76 72 191 100 198 111 39 55 99 42 131 85 194 56 124 144 201 118 208 202 153 218 160 77 105 107 177 173 96 120 163 109 141 129 247 94 
124 : 58 236 83 61 168 46 29 243 186 148 156 69 167 103 157 72 184 176 194 214 172 244 219 54 133 
125 : 137 96 172 47 248 98 160 134 226 249 83 132 191 153 211 155 33 223 32 225 181 52 204 233 117 56 129 34 76 152 72 
126 : 168 182 145 223 126 146 115 225 29 157 229 172 155 74 240 184 32 236 130 178 56 94 112 134 221 144 77 198 141 153 244 49 185 151 102 212 34 117 26 220 159 177 35 156 201 119 136 165 233 222 84 194 192 76 203 50 110 195 163 196 200 124 216 128 242 164 190 28 103 87 36 82 42 96 125 132 33 81 214 38 47 75 152 237 83 143 85 97 67 
127 : 93 51 92 90 219 242 198 60 70 211 162 144 156 75 82 77 194 53 32 26 36 117 94 52 240 85 224 96 122 66 238 225 200 154 48 227 97 65 127 230 45 80 50 30 187 209 239 56 98 
128 : 146 52 153 51 162 149 100 249 74 177 165 103 65 42 122 49 28 112 98 67 173 215 170 169 87 134 159 216 55 213 27 50 89 114 158 192 171 211 82 77 210 248 101 108 164 201 224 26 109 84 132 45 34 46 233 220 166 197 229 66 75 246 130 202 223 143 228 125 178 157 30 92 185 214 237 118 56 43 93 121 61 90 115 183 222 123 184 151 48 
129 : 106 102 97 171 127 203 57 109 147 83 219 155 153 87 89 40 235 66 152 126 139 28 78 58 224 202 145 144 180 211 244 113 222 170 135 141 183 50 172 91 
130 : 188 195 105 62 158 107 125 28 96 245 153 79 57 94 168 209 141 103 208 230 49 211 45 186 112 
131 : 93 200 163 70 191 247 183 148 132 136 227 169 63 228 30 179 119 199 111 113 33 172 235 161 52 197 166 174 40 220 140 143 87 193 99 67 72 120 215 41 84 46 241 229 240 73 133 219 109 167 135 233 112 146 195 175 68 156 206 248 243 58 91 
132 : 72 105 78 42 218 84 162 57 227 81 69 220 108 121 75 61 70 149 36 130 65 161 211 170 31 169 35 193 190 219 113 96 207 91 128 99 60 156 243 146 199 223 168 37 137 98 221 191 27 124 74 186 123 95 101 176 236 118 141 224 32 182 214 145 188 165 92 242 173 76 107 246 237 233 53 138 
133 : 99 93 74 205 50 88 190 135 155 230 208 123 151 244 92 198 136 200 40 49 47 181 85 186 168 183 212 66 53 76 78 210 191 107 61 146 195 248 65 91 97 247 77 83 246 228 141 170 37 182 240 84 220 174 197 223 111 132 52 36 68 109 30 89 87 160 161 142 43 102 150 187 209 237 162 
134 : 190 202 206 96 119 54 192 221 99 45 165 199 173 25 160 71 101 134 94 30 182 122 37 200 57 59 81 83 137 155 65 167 74 164 41 87 223 118 35 224 91 70 66 179 188 33 115 163 68 140 218 92 209 177 158 42 232 79 133 178 117 150 157 126 247 187 80 121 194 60 103 112 169 161 235 78 154 31 213 180 185 53 142 176 77 136 205 153 73 111 162 230 63 55 189 147 181 228 159 113 
135 : 245 104 116 93 155 232 125 180 126 181 91 185 227 134 243 109 74 97 186 39 182 141 29 230 145 153 188 218 225 83 231 
136 : 106 216 161 156 141 81 102 123 168 165 193 73 26 232 219 142 59 55 209 166 247 61 120 44 160 66 31 162 208 88 
137 : 79 150 64 219 39 73 114 195 158 134 135 165 129 238 76 198 235 216 124 128 29 233 236 120 145 95 88 104 65 36 140 226 222 66 248 169 147 63 
138 : 170 85 29 34 89 129 189 136 201 249 162 95 243 52 242 82 39 233 69 151 67 132 155 150 181 65 236 152 70 161 167 246 58 209 169 208 71 41 120 102 182 110 220 105 118 175 48 36 32 238 147 107 27 101 88 74 130 239 229 154 157 193 76 195 104 
139 : 115 25 188 185 199 35 31 66 89 104 74 148 201 187 164 171 248 144 200 150 95 62 227 127 92 142 76 230 38 151 105 107 36 207 186 223 51 
140 : 188 49 180 177 132 231 137 61 186 172 226 122 106 26 74 97 67 87 90 174 192 37 88 239 246 66 229 220 197 202 44 181 176 115 225 175 223 63 89 217 95 242 141 163 221 136 216 170 84 33 78 144 82 211 164 173 32 35 145 245 34 81 232 53 240 45 166 158 41 213 110 109 
141 : 28 104 223 204 115 249 80 90 39 127 72 154 246 184 33 62 224 84 120 147 26 178 124 41 157 229 211 151 98 168 73 103 166 230 76 91 183 134 158 95 133 176 217 234 58 239 107 27 146 37 174 61 148 32 194 241 42 74 29 55 175 179 88 71 111 185 44 221 161 170 43 232 81 68 195 226 238 240 63 216 75 165 141 212 198 159 202 89 137 82 203 36 208 86 
142 : 163 174 106 59 193 245 148 130 246 35 209 184 29 155 42 70 41 233 81 249 105 84 91 120 200 102 134 162 110 208 244 207 232 147 211 90 79 199 56 237 121 78 239 136 164 104 145 216 152 169 157 77 158 44 83 39 98 210 96 27 116 63 238 168 171 113 67 202 214 
143 : 139 236 160 80 53 70 224 86 64 63 71 222 165 173 204 142 190 133 170 83 87 94 65 105 96 207 128 230 28 213 187 123 85 61 233 144 158 129 145 219 40 52 51 221 182 156 141 248 194 183 120 72 39 238 172 
144 : 127 142 125 141 101 93 29 240 82 106 139 134 162 71 196 200 102 205 177 241 26 99 40 52 221 76 192 149 122 113 83 189 212 144 244 223 135 152 55 124 204 173 225 117 33 35 175 110 30 232 207 39 49 48 108 89 239 185 219 
145 : 124 157 203 163 118 232 208 206 149 32 115 91 185 81 51 79 31 64 35 33 137 194 117 170 188 92 162 212 209 73 238 150 136 205 84 88 142 100 68 140 116 169 86 138 177 146 110 89 132 72 29 216 198 45 101 48 200 82 207 202 218 155 27 154 78 123 93 151 166 46 65 71 76 156 159 245 57 242 152 153 112 39 53 105 228 226 55 108 114 87 211 190 85 210 180 182 175 141 
146 : 135 161 162 92 77 228 195 227 52 26 48 127 32 220 113 166 99 104 148 36 186 116 137 51 64 25 143 75 214 165 241 151 68 101 30 80 136 245 62 57 41 144 47 129 244 146 65 172 35 105 248 83 182 164 185 191 106 149 222 112 235 44 194 169 132 196 168 174 123 120 107 217 192 114 175 138 188 85 78 130 76 95 79 46 153 206 37 100 243 236 183 
147 : 125 167 214 123 36 103 86 54 228 104 92 146 122 107 161 156 242 151 120 155 249 111 129 28 112 26 158 171 88 220 183 211 241 100 82 133 227 215 93 222 108 223 248 66 212 130 217 64 91 170 239 87 225 128 32 75 177 37 190 186 204 232 193 216 246 65 109 62 113 205 231 99 185 134 51 105 126 60 
148 : 62 210 178 36 167 218 51 154 44 105 216 159 34 135 132 124 214 245 208 234 220 196 123 231 101 219 238 80 
149 : 134 58 87 170 75 140 202 207 162 137 102 212 192 161 155 248 68 226 66 43 157 210 185 65 47 44 57 179 174 76 225 153 94 120 150 142 88 81 116 232 62 190 188 220 143 178 218 127 55 189 89 236 177 28 224 98 154 209 99 136 95 173 69 243 167 25 54 182 128 176 183 211 199 103 184 50 235 78 114 196 106 40 61 118 239 246 29 229 80 64 152 107 158 100 109 213 105 42 
150 : 150 81 170 132 188 121 242 191 187 108 60 239 163 206 37 146 198 179 25 147 55 173 204 54 182 180 232 212 172 111 148 162 71 196 137 177 178 160 74 115 32 151 113 27 41 70 34 237 50 193 249 65 91 90 
151 : 77 43 220 182 93 64 32 184 196 249 42 147 234 198 106 177 110 45 135 150 166 224 102 74 239 57 73 96 109 207 223 104 
152 : 78 180 233 168 222 195 103 57 181 186 232 68 125 104 107 89 53 191 215 209 202 119 26 225 93 151 133 182 197 70 110 40 108 
153 : 216 106 121 97 218 104 37 36 176 214 181 108 129 80 41 58 247 203 43 61 123 128 138 131 85 94 88 230 102 59 64 229 134 34 146 215 238 186 239 112 45 198 170 53 182 52 40 130 185 180 60 209 86 155 51 220 184 68 99 137 120 219 44 72 234 200 57 174 151 249 168 96 190 166 243 56 178 127 240 175 140 62 222 147 224 71 111 248 28 92 172 194 
154 : 209 40 90 122 189 129 68 112 206 39 234 146 204 25 166 126 81 232 147 224 188 203 100 74 57 174 246 128 48 70 52 245 190 144 108 205 105 65 121 151 66 149 97 35 85 
155 : 119 109 143 110 115 67 135 216 29 75 60 123 174 176 165 195 207 104 221 224 77 106 178 150 85 200 84 218 108 53 58 42 52 193 27 76 229 171 186 173 25 162 93 
156 : 160 207 225 110 89 179 230 107 124 75 80 222 32 170 209 38 187 130 153 168 161 42 242 120 198 211 44 135 138 150 240 136 148 
157 : 223 236 221 63 214 49 123 208 88 36 65 102 33 196 45 235 177 166 228 191 29 34 148 154 128 215 230 130 157 155 249 
158 : 93 208 129 135 226 58 164 127 77 114 48 31 205 45 247 184 198 140 56 212 173 154 209 203 41 40 79 82 119 230 43 201 49 54 107 112 138 38 90 36 80 122 124 98 234 194 195 156 142 223 227 151 99 67 123 57 231 96 85 52 163 115 47 29 109 86 136 172 111 104 87 92 139 
159 : 107 125 162 77 79 126 206 161 90 94 180 92 47 197 29 154 149 153 176 179 95 115 131 28 146 30 32 223 218 139 33 71 229 
160 : 79 247 136 203 122 157 114 178 84 102 71 95 141 81 183 150 107 182 64 128 111 187 137 154 117 45 90 167 248 155 39 211 36 55 118 80 47 25 132 189 78 240 147 229 76 217 139 103 72 129 172 120 133 177 226 225 218 123 161 94 159 37 34 174 212 215 145 242 209 82 208 44 116 51 175 144 85 230 70 184 113 244 222 206 135 127 152 153 151 
161 : 165 25 171 198 191 184 249 243 66 100 219 83 163 189 32 225 43 123 233 88 47 78 59 244 241 112 173 152 160 34 182 82 68 101 144 76 102 212 238 35 150 224 37 222 239 248 157 84 
162 : 120 208 234 229 160 202 80 49 183 95 125 164 68 122 96 194 235 236 203 241 232 133 53 237 114 25 189 217 118 225 135 29 66 48 132 109 70 166 116 126 92 191 224 94 77 204 150 38 131 230 158 197 243 72 149 198 179 156 75 89 128 226 67 219 37 35 169 93 
163 : 27 241 210 61 226 224 197 196 40 58 79 171 94 57 187 115 80 44 118 193 53 218 169 208 170 101 148 86 99 76 236 133 139 119 67 60 220 74 59 35 155 120 68 246 173 75 130 117 135 202 81 235 89 188 98 77 204 96 45 247 203 128 125 153 174 147 198 42 230 182 52 29 179 227 146 152 25 69 82 245 
164 : 40 196 195 180 230 124 100 63 211 58 46 212 149 99 96 35 187 129 185 50 128 160 118 152 44 221 206 120 126 249 159 36 246 56 61 77 48 243 172 91 104 239 223 194 33 94 80 41 119 95 240 101 73 110 90 65 245 146 140 158 52 69 68 121 111 247 174 117 213 79 191 219 135 178 229 78 220 136 53 
165 : 121 153 155 37 145 126 217 48 64 177 140 204 105 107 149 218 73 100 63 36 94 243 86 178 96 130 190 211 157 159 67 45 79 
166 : 245 121 57 111 46 196 134 56 119 112 189 183 47 77 235 27 133 244 165 115 197 208 226 236 237 243 203 83 139 66 228 48 53 85 72 37 110 147 162 50 103 143 144 211 32 225 164 159 43 54 49 92 163 125 136 109 157 180 166 167 60 63 205 78 25 97 102 107 74 84 210 81 204 30 227 186 212 132 188 224 181 67 31 29 126 113 116 93 26 
167 : 102 25 174 227 142 134 184 70 81 132 203 82 191 189 38 154 108 85 151 214 116 92 173 150 121 136 61 115 192 58 242 109 202 195 100 87 43 140 54 159 104 188 213 124 111 164 44 207 241 138 145 156 223 53 147 34 128 93 210 89 86 236 179 149 106 143 122 196 199 218 182 244 88 169 49 120 123 234 172 146 163 166 41 107 69 32 
168 : 39 132 243 103 75 83 182 109 227 201 125 107 37 210 124 78 240 235 81 65 183 226 154 59 177 129 146 53 112 242 58 144 101 42 95 120 239 80 156 41 155 204 86 162 115 164 244 60 110 
169 : 132 247 84 90 249 144 148 88 192 180 108 227 170 196 215 51 63 211 186 55 172 104 105 32 201 155 221 165 70 152 224 61 158 127 79 66 235 149 178 176 106 198 131 216 243 57 48 78 83 100 35 199 68 134 154 141 77 163 28 174 183 190 109 67 40 181 239 214 
170 : 130 132 193 238 32 125 63 159 183 72 51 56 104 33 100 248 177 194 227 221 111 244 108 243 172 66 230 78 220 161 
171 : 102 35 200 107 237 116 170 191 126 104 97 43 85 235 185 155 223 171 206 145 153 158 157 74 215 218 54 186 69 30 213 109 44 228 236 46 65 160 197 244 141 178 247 138 175 194 47 49 151 246 146 184 110 139 227 114 
172 : 189 206 54 62 92 198 154 60 222 99 53 125 208 131 80 94 70 243 246 56 170 203 190 31 136 86 158 116 46 124 126 197 231 91 215 132 61 39 127 210 107 163 130 223 128 240 77 180 69 171 135 199 185 174 146 230 96 143 238 188 150 89 51 147 27 241 114 82 84 30 42 228 113 149 224 38 148 67 50 187 115 166 140 63 33 79 167 181 196 90 207 
173 : 236 162 207 78 184 61 88 185 60 58 84 158 122 246 68 96 204 168 152 50 131 133 144 77 147 27 102 35 113 
174 : 226 202 112 199 222 205 238 134 207 189 158 82 118 159 180 117 64 200 30 127 46 25 42 191 107 243 126 137 115 187 157 65 100 59 78 52 220 206 153 103 129 142 156 57 210 247 146 119 170 41 144 215 213 94 55 188 185 190 39 165 201 70 150 203 
175 : 154 234 142 169 46 106 173 51 113 231 43 174 117 40 148 140 74 31 28 151 243 182 83 178 102 244 227 124 166 50 155 202 180 45 118 219 141 228 195 92 54 146 88 242 230 191 49 153 245 55 101 157 183 229 198 240 58 107 64 223 135 110 217 44 206 162 112 171 212 53 130 126 232 152 95 131 66 145 25 205 127 246 199 89 170 249 71 38 133 68 67 137 91 192 186 116 115 33 119 
176 : 60 158 207 168 191 31 176 159 193 106 245 62 43 104 235 128 92 100 56 220 115 73 223 74 196 231 63 198 29 204 113 81 139 173 224 85 59 34 221 131 129 94 
177 : 239 79 171 152 69 117 243 176 221 155 36 126 136 141 145 130 88 207 27 41 42 78 38 188 205 169 129 192 195 110 199 173 68 184 236 124 51 107 228 103 179 80 203 161 210 216 70 112 212 166 148 142 82 231 157 28 224 122 99 113 60 215 240 159 87 247 
178 : 33 242 210 138 63 219 163 39 149 72 57 75 175 101 225 198 135 112 103 207 234 193 150 54 137 214 55 146 107 91 94 26 53 30 120 84 109 197 217 212 46 85 106 98 52 51 204 76 95 244 227 196 142 
179 : 242 157 220 154 129 80 249 130 56 119 81 52 206 97 109 188 230 46 190 91 203 235 72 196 232 82 192 36 166 152 153 32 41 191 77 186 224 134 78 86 165 50 184 55 149 125 69 227 114 51 219 147 200 234 156 73 30 202 193 174 179 213 189 233 175 42 107 225 185 47 67 35 120 99 84 
180 : 109 199 63 229 106 183 66 73 111 194 98 38 77 116 43 36 120 165 75 209 231 166 144 200 93 69 65 60 127 83 169 225 148 233 37 150 220 97 121 185 175 49 130 129 227 221 139 178 27 203 232 107 31 226 191 90 167 39 242 108 152 156 45 104 224 53 202 80 
181 : 110 109 62 72 25 223 108 64 138 186 65 32 44 195 234 55 116 229 80 120 86 28 196 170 83 117 68 160 111 54 208 148 192 176 172 137 236 175 245 205 87 238 84 118 
182 : 61 193 146 67 153 96 168 109 143 84 225 78 220 154 132 192 86 114 232 216 218 158 171 100 38 72 53 29 30 62 185 246 85 137 113 54 25 207 198 248 48 46 176 242 210 91 172 219 110 79 111 71 115 231 31 166 229 202 69 163 237 226 
183 : 125 219 27 63 194 59 162 147 171 191 242 155 228 212 120 153 140 235 53 241 68 31 177 160 146 70 46 
184 : 203 66 211 231 108 246 125 71 63 176 210 159 80 216 43 157 204 148 89 104 126 155 141 224 36 142 172 79 178 83 166 161 29 91 31 106 143 50 67 110 69 152 100 187 94 229 75 227 150 127 194 183 185 217 168 59 138 233 145 60 54 25 215 116 105 213 124 241 33 154 58 95 220 87 93 111 221 228 85 153 248 112 171 238 101 184 123 
185 : 219 65 114 28 160 232 27 100 26 47 142 95 109 116 104 111 144 48 98 39 168 231 62 175 44 101 200 94 246 124 93 31 73 97 58 230 57 129 126 171 
186 : 242 237 156 159 97 186 195 134 211 57 241 117 152 158 114 89 84 213 247 219 194 96 193 123 105 217 87 168 210 54 239 179 56 55 246 178 173 36 126 93 53 185 244 131 147 101 69 157 196 62 68 165 124 230 81 177 34 44 110 174 146 171 216 83 133 140 67 29 142 183 225 
187 : 186 130 144 150 44 170 128 75 39 121 93 153 182 55 97 196 215 108 25 219 124 178 63 129 138 156 193 188 229 33 199 115 185 51 107 123 187 127 190 191 111 34 231 119 179 175 242 157 161 114 183 59 195 198 167 201 61 31 174 243 90 88 110 232 45 79 173 84 214 125 29 82 64 73 92 239 218 77 212 102 85 
188 : 232 130 95 188 90 145 89 109 134 242 186 81 225 208 172 122 141 63 135 180 227 87 165 162 190 245 181 64 150 105 49 58 98 248 146 78 220 46 76 60 226 183 139 123 215 97 51 228 103 124 111 194 33 238 115 217 82 96 93 166 116 53 203 185 140 126 137 219 236 79 70 173 62 119 151 47 164 234 216 38 133 231 83 129 34 239 138 205 41 142 178 198 110 94 
189 : 33 182 163 155 78 143 194 51 49 186 183 110 55 153 34 25 239 235 85 199 73 229 71 135 137 66 212 160 86 196 180 245 154 150 41 242 113 114 100 83 120 174 68 104 118 176 130 88 81 142 247 231 48 123 53 127 181 147 200 157 54 102 52 178 195 26 208 111 50 27 223 90 124 140 211 101 170 
190 : 184 70 60 100 67 157 151 107 98 25 30 232 215 52 58 93 187 102 233 90 27 101 91 118 84 161 75 
191 : 184 214 105 67 107 223 235 131 37 38 26 242 85 207 110 142 197 210 92 83 249 217 88 215 27 130 
192 : 62 59 64 80 36 201 101 123 34 195 25 154 203 240 221 249 163 88 112 209 97 47 35 213 197 217 161 129 28 144 194 143 148 185 207 192 159 180 111 188 199 196 173 145 222 193 198 142 225 52 179 160 69 73 205 85 115 151 122 41 134 27 224 43 120 131 187 91 235 50 189 153 233 200 216 227 175 84 247 128 241 44 109 100 231 140 146 183 171 66 86 114 236 242 40 
193 : 211 107 123 124 185 224 188 70 87 121 175 193 182 153 63 93 25 139 162 74 247 69 135 149 90 164 142 166 191 55 42 29 213 178 249 60 160 227 
194 : 28 91 38 213 81 35 32 116 77 232 121 130 107 84 118 195 229 165 187 223 82 27 239 209 125 179 98 146 142 221 241 249 228 54 171 87 238 210 222 70 83 203 198 76 133 72 233 242 128 57 159 151 247 191 226 30 41 181 149 189 137 100 231 103 74 199 60 73 58 
195 : 46 241 216 105 137 118 111 233 51 211 167 197 80 232 204 143 124 228 164 247 142 160 104 156 59 116 49 236 99 144 218 207 58 32 226 109 88 196 128 84 221 248 166 135 205 212 36 238 108 93 182 96 119 73 187 131 110 26 56 151 145 223 194 185 91 90 66 154 92 209 
196 : 196 169 28 83 135 29 219 230 128 73 171 63 174 242 148 206 217 75 234 93 110 27 168 179 154 197 43 185 200 194 218 72 180 245 137 126 
197 : 161 111 27 205 64 38 65 70 239 210 67 224 228 236 146 217 175 122 156 93 227 30 95 26 109 242 209 74 169 232 119 41 198 50 182 114 130 106 48 187 99 
198 : 88 103 96 150 111 50 182 26 186 249 99 62 244 31 44 139 119 221 167 127 60 132 178 94 43 25 48 74 49 211 218 108 237 100 172 195 247 201 93 47 194 118 174 242 121 197 32 126 35 188 165 91 59 228 65 61 40 183 85 176 185 92 77 210 192 29 225 143 199 146 179 205 153 151 46 
199 : 92 208 84 163 106 110 181 200 44 91 89 152 69 99 30 228 203 93 25 192 160 105 205 176 173 53 194 231 185 125 123 26 59 83 222 128 193 151 191 68 100 58 126 130 180 166 213 65 67 108 85 31 45 56 227 229 186 142 80 109 81 189 66 107 133 54 144 94 119 183 120 127 43 
200 : 236 99 234 71 161 49 207 149 68 119 82 135 238 199 111 38 224 109 32 93 65 160 73 214 136 61 233 176 185 175 62 103 182 216 183 46 140 152 163 79 75 51 153 248 186 104 55 222 237 50 60 134 230 128 97 29 157 56 220 241 247 113 197 196 195 114 101 170 132 171 131 226 133 126 198 244 54 85 169 57 66 44 232 87 129 191 139 123 59 209 98 201 165 240 107 210 76 190 115 
201 : 184 178 81 135 173 113 51 172 104 76 85 166 198 96 141 140 120 217 138 90 55 108 69 110 31 197 219 233 191 157 59 222 171 199 67 46 152 203 158 209 56 125 43 72 75 208 196 49 99 249 176 211 207 154 84 143 146 64 168 106 186 159 27 206 147 61 
202 : 238 46 162 85 199 248 96 249 186 183 193 31 204 219 55 84 196 205 116 217 70 134 152 65 68 86 58 172 111 177 126 26 234 244 
203 : 29 176 139 52 165 157 174 111 241 73 240 195 207 85 110 77 203 190 82 215 228 46 48 107 128 79 122 235 130 31 167 113 169 63 53 92 173 
204 : 157 195 66 154 160 148 116 45 54 174 80 118 191 177 145 110 106 89 164 126 163 214 246 27 199 137 88 91 169 124 182 208 249 198 181 28 193 121 168 25 72 105 161 238 
205 : 197 74 106 37 136 207 48 190 220 157 203 149 249 168 186 90 185 181 97 175 103 109 91 209 228 195 115 241 213 52 82 55 
206 : 159 147 115 187 203 158 237 246 175 58 119 228 130 143 86 247 27 213 193 79 230 220 32 204 120 103 156 162 224 169 113 208 101 28 151 227 63 144 192 195 44 201 112 180 60 137 168 165 241 29 93 212 46 239 135 39 53 163 95 126 90 57 249 72 166 99 82 105 202 116 83 248 188 124 
207 : 57 41 26 174 74 223 241 38 213 58 182 68 219 93 96 67 48 227 29 54 201 167 30 196 106 143 154 109 134 45 221 80 212 60 175 165 27 49 119 77 139 31 62 214 218 172 192 236 206 245 180 217 197 240 65 132 72 66 225 79 142 226 238 210 64 138 246 113 114 205 169 185 216 173 115 104 140 33 168 200 178 126 179 133 
208 : 96 217 50 115 114 106 27 107 158 210 248 80 119 25 204 151 129 211 61 77 127 81 249 101 220 199 139 188 149 247 65 196 36 209 92 195 192 240 157 52 112 145 63 28 49 51 194 35 76 135 121 193 85 219 167 56 102 66 45 212 103 94 229 177 243 185 91 31 134 242 231 128 244 161 178 205 62 74 238 44 213 239 37 109 95 142 
209 : 202 50 70 145 192 43 123 38 144 130 234 190 61 217 138 210 233 151 241 221 52 224 177 207 72 236 44 240 55 58 139 51 54 219 200 98 80 169 227 116 166 191 32 149 64 156 84 62 216 75 118 125 153 174 220 85 124 196 148 119 59 137 243 154 226 49 121 161 78 126 178 223 242 104 67 96 113 31 127 215 244 245 140 105 228 74 184 35 232 157 65 82 175 56 238 162 176 235 231 
210 : 187 108 223 91 27 237 249 156 214 81 198 118 206 67 162 157 46 196 63 109 207 191 202 36 60 238 158 216 171 184 
211 : 219 75 122 233 58 173 94 27 202 172 224 83 238 46 206 91 141 140 176 64 209 74 189 31 177 236 245 87 29 249 148 218 116 197 239 200 220 234 117 53 90 182 57 78 93 246 226 39 248 98 159 155 45 241 108 240 137 178 133 34 232 168 130 70 28 179 110 113 82 125 167 131 181 160 121 145 52 185 247 149 44 111 63 101 
212 : 128 76 25 88 201 150 183 78 106 48 207 32 229 90 49 171 198 45 116 217 241 165 104 71 39 249 170 189 230 188 28 232 139 214 172 243 34 70 176 222 124 101 82 30 177 153 42 85 94 194 99 168 179 151 65 182 138 145 73 227 166 134 81 140 228 204 212 29 43 197 233 206 52 66 119 239 58 72 226 123 133 225 174 223 27 234 121 47 100 216 63 219 77 147 108 235 79 125 60 68 
213 : 30 228 207 234 83 210 134 49 179 188 147 38 87 206 174 80 221 173 121 202 115 31 168 201 29 103 154 46 129 144 34 78 165 208 
214 : 81 66 38 138 122 37 171 179 36 97 197 100 137 181 189 196 139 230 204 107 194 89 208 40 108 84 112 44 237 214 116 65 147 47 120 43 218 186 140 156 182 172 25 
215 : 240 183 233 216 71 139 73 157 236 150 90 98 26 126 211 225 148 197 81 229 174 209 224 53 243 45 83 168 206 141 128 179 102 104 72 144 188 153 249 58 54 200 190 171 176 181 140 99 80 173 52 50 245 232 116 146 143 192 231 228 159 94 214 84 69 178 152 193 164 170 114 156 28 125 127 158 123 89 207 63 182 226 56 137 92 215 185 134 107 36 37 70 246 165 212 161 108 175 
216 : 128 175 78 104 235 160 186 149 127 213 245 226 166 39 76 107 198 172 94 153 36 187 221 33 55 66 79 216 182 129 205 220 35 178 176 159 210 227 249 126 148 169 154 147 119 56 181 243 240 93 196 203 74 103 179 115 223 134 54 106 45 58 164 70 206 71 170 219 38 247 110 25 81 211 174 237 202 248 86 177 201 238 28 29 
217 : 242 144 28 105 110 205 137 179 111 87 60 58 182 97 244 88 124 233 31 43 66 217 171 153 112 214 198 236 230 193 248 27 234 62 147 170 174 135 109 196 73 237 132 123 51 75 49 177 142 159 46 52 93 224 208 44 212 221 134 211 85 207 141 84 86 201 29 229 120 79 102 246 178 55 223 243 213 98 226 168 32 67 190 
218 : 115 57 203 201 152 210 105 87 70 76 43 72 193 175 170 195 90 51 231 74 46 217 180 61 123 241 109 183 132 224 131 164 124 246 39 168 82 104 207 99 103 186 
219 : 27 157 148 115 75 224 222 99 246 128 117 176 97 209 149 66 150 248 78 127 69 30 85 98 237 47 168 215 101 186 194 94 45 43 67 37 143 208 172 242 159 56 175 83 188 233 140 63 236 107 130 193 89 81 123 198 125 
220 : 128 72 120 35 137 235 241 71 37 67 232 100 86 194 214 205 129 110 95 192 238 44 166 99 180 38 228 226 200 143 244 171 106 221 199 79 64 121 117 93 154 173 213 41 181 
221 : 233 92 118 34 214 193 42 50 165 217 143 224 31 64 46 103 201 124 197 208 191 78 137 235 62 112 117 125 82 242 94 72 248 36 96 222 133 75 179 176 121 136 90 202 196 212 169 135 244 139 25 218 73 116 126 115 89 128 107 105 182 237 216 102 141 205 155 239 177 183 41 29 52 55 109 106 171 226 51 
222 : 224 123 159 93 78 63 170 165 83 106 238 229 57 217 213 233 243 167 179 91 29 249 35 96 232 42 119 208 28 236 245 
223 : 204 190 199 32 176 25 142 162 240 131 145 180 113 38 247 92 52 119 150 99 79 80 58 98 207 194 109 26 209 103 238 70 143 157 
224 : 41 134 191 194 214 95 211 116 209 169 241 221 232 234 61 141 228 152 85 76 180 51 75 171 122 102 64 216 124 156 133 155 223 154 174 160 224 59 144 77 215 32 176 219 199 73 153 100 131 125 49 161 206 197 218 143 69 164 43 82 37 159 239 229 245 236 177 35 89 195 244 123 237 226 178 110 230 117 84 68 168 26 247 
225 : 126 204 109 221 214 156 213 87 153 86 108 100 177 91 104 194 122 45 218 185 195 157 248 211 217 210 158 110 127 25 146 27 60 247 39 142 77 226 36 96 224 239 119 124 98 215 132 137 209 72 133 135 235 172 136 203 162 70 
226 : 158 194 216 166 239 169 72 114 81 155 141 168 86 189 44 89 249 133 92 149 140 244 48 143 124 220 208 122 183 74 237 55 214 115 50 63 218 51 230 161 35 120 236 64 195 190 78 52 145 210 113 75 148 134 199 215 111 179 80 170 131 243 82 232 238 197 150 187 104 66 132 
227 : 132 29 64 116 224 110 122 143 97 192 81 181 96 203 238 73 171 165 202 120 174 36 130 134 246 138 117 193 211 
228 : 248 85 73 93 182 231 118 120 91 41 72 58 105 96 34 128 235 133 174 204 143 69 195 211 144 75 49 203 156 217 27 84 207 116 193 138 196 154 201 146 125 242 206 240 153 101 232 89 32 233 28 249 39 88 139 189 43 205 171 175 40 66 106 162 33 181 224 113 208 52 60 103 192 25 140 78 214 135 86 227 94 36 177 65 54 149 48 112 77 163 
229 : 49 71 223 135 237 241 65 113 146 117 109 27 92 180 25 84 136 74 32 205 112 170 216 178 187 108 148 196 133 158 154 137 61 87 70 82 155 200 184 123 56 165 164 111 26 38 222 162 167 29 140 76 83 138 198 95 145 39 229 143 81 98 42 100 43 228 66 226 104 59 236 183 41 209 191 69 207 122 160 36 152 85 33 239 201 240 64 131 144 80 35 126 67 175 119 147 
230 : 230 57 75 194 232 94 113 234 199 181 46 30 163 84 173 40 28 48 212 106 153 25 198 64 152 184 219 52 32 50 186 150 79 220 108 103 187 154 210 192 98 89 44 121 51 223 211 213 97 45 39 188 226 111 74 171 93 247 169 205 201 119 228 81 26 242 110 127 149 142 140 33 102 221 183 88 132 53 72 128 62 68 67 200 122 43 209 238 227 236 248 107 63 115 148 125 215 
231 : 46 65 118 137 209 201 202 203 134 89 197 26 104 199 151 90 165 103 126 27 221 244 50 133 204 100 99 64 213 147 156 161 127 174 162 228 97 176 94 207 77 224 30 249 113 208 91 36 132 54 186 62 
232 : 44 31 70 240 33 138 249 151 174 162 107 114 181 108 141 129 53 66 152 248 243 54 189 200 90 159 239 175 28 97 57 168 198 131 62 102 59 190 63 195 213 88 227 211 80 85 192 
