0 : 139 125 57 149 182 218 117 34 144 26 217 178 164 37 80 219 172 112 155 167 204 229 166 74 169 248 101 151 199 175 81 27 116 91 238 137 56 242 95 92 55 133 240 179 215 231 150 85 177 118 86 119 58 233 93 191 180 222 209 232 70 152 196 235 100 129 78 109 156 210 46 127 54 69 75 200 203 158 106 197 146 201 176 121 79 
1 : 172 58 181 125 45 114 118 221 116 33 136 224 200 170 237 44 128 156 65 214 195 230 60 39 89 126 185 64 50 203 110 70 52 209 92 167 140 239 163 34 199 86 235 218 183 62 54 213 73 229 113 137 35 249 84 149 146 247 211 245 162 207 153 151 201 120 88 72 206 87 97 47 32 194 99 210 76 51 189 202 159 248 109 157 205 127 42 78 184 129 155 37 31 
2 : 46 81 74 51 192 242 137 131 170 45 93 139 108 97 55 193 205 70 116 177 119 30 178 90 186 209 240 37 194 115 202 238 88 110 223 64 162 132 233 195 120 77 231 190 213 168 210 96 68 67 82 165 222 249 142 218 32 50 214 196 113 25 78 147 43 56 63 247 28 182 86 
3 : 42 36 88 114 139 157 198 224 133 96 201 101 149 103 43 90 145 49 190 146 165 40 218 174 119 81 244 183 167 191 200 140 142 197 216 182 211 214 128 65 152 102 69 229 164 245 233 161 221 58 67 83 223 238 213 242 79 82 26 179 123 92 170 230 220 56 70 237 86 232 202 134 160 63 94 227 38 188 215 137 48 176 236 60 231 34 199 28 93 52 110 66 193 180 228 39 
4 : 212 247 47 204 196 109 62 216 142 240 220 176 32 41 131 132 239 157 46 169 102 155 43 25 99 180 82 30 229 116 213 118 106 113 52 89 159 139 227 112 44 149 68 249 228 140 123 73 95 84 238 98 241 94 205 225 92 152 69 53 88 115 56 125 190 87 67 184 214 33 27 173 114 91 170 135 200 192 161 235 105 210 
5 : 58 29 182 174 46 125 140 51 194 230 141 101 204 38 148 146 222 117 225 215 192 166 79 74 145 178 210 149 44 191 116 188 92 157 83 85 233 39 232 78 171 181 163 170 34 187 55 61 106 56 47 84 235 103 144 105 110 172 211 91 57 201 
6 : 139 193 64 203 179 141 32 162 225 217 89 188 146 245 98 202 177 248 36 159 197 205 244 184 119 140 230 199 117 210 69 134 220 82 131 
7 : 65 240 137 130 160 53 27 224 129 150 231 96 93 237 228 171 116 179 200 55 247 154 128 40 110 33 100 214 35 220 72 222 125 209 207 233 136 212 241 73 97 91 190 46 197 203 167 58 94 170 239 134 148 42 225 69 37 180 81 123 183 84 92 206 152 105 153 54 98 119 108 79 
8 : 185 204 77 228 129 147 94 140 174 205 107 221 40 101 78 186 184 233 164 246 165 125 46 26 64 208 175 92 197 50 71 237 44 239 244 137 47 85 168 156 220 106 145 110 167 93 206 81 151 28 57 201 222 183 120 161 52 223 240 122 124 103 215 
9 : 29 217 68 245 181 177 64 121 172 142 202 104 39 221 235 73 241 171 140 30 182 184 198 191 174 36 51 207 90 188 137 54 72 222 214 166 31 113 56 108 161 144 60 55 159 78 162 190 197 119 141 
10 : 61 36 79 85 165 57 98 137 186 56 211 102 94 112 129 189 65 229 226 40 213 63 103 248 125 46 214 82 41 110 114 235 239 238 155 132 111 89 99 234 146 84 134 27 78 148 39 87 246 169 26 123 200 217 210 196 77 158 124 195 151 59 97 136 228 247 223 149 181 227 230 93 208 
11 : 204 72 240 146 47 79 131 46 118 188 90 139 173 54 197 144 85 185 115 53 50 110 124 247 56 164 93 
12 : 109 226 149 207 132 240 95 102 157 144 241 37 195 196 187 128 151 249 213 124 161 47 100 173 212 89 217 126 114 56 202 51 188 237 136 101 77 78 168 98 
13 : 109 75 156 201 185 80 101 223 60 143 30 55 247 173 159 211 167 77 136 179 218 52 193 246 140 204 82 192 138 37 64 128 200 148 142 25 197 249 66 187 203 104 98 34 149 103 67 113 194 63 100 79 38 144 69 27 141 238 58 102 186 129 93 239 241 213 145 171 87 196 43 222 168 134 81 125 41 210 
14 : 227 168 208 139 245 185 182 103 45 177 138 30 86 233 109 119 198 54 52 43 219 220 207 117 172 224 62 112 28 216 83 44 145 249 179 91 167 202 215 169 166 181 63 204 143 101 212 55 110 135 193 53 34 171 197 36 199 95 131 221 37 60 73 120 39 160 148 195 164 154 
15 : 203 215 78 36 219 119 249 214 227 108 94 72 116 188 196 44 212 231 41 228 99 75 96 33 145 165 90 48 197 70 92 97 103 198 74 113 46 67 209 180 195 223 156 161 163 162 140 135 117 159 171 79 62 247 170 179 56 155 27 50 121 226 149 34 204 98 169 81 80 126 202 85 124 28 199 87 201 136 68 243 51 158 181 89 131 47 88 148 142 86 45 235 106 
16 : 174 173 137 84 99 172 112 48 35 145 126 166 27 110 185 143 120 111 144 75 58 43 231 211 25 129 29 223 240 133 248 118 131 90 180 134 191 195 123 44 53 89 245 227 187 159 92 175 181 60 78 204 105 249 155 128 50 135 36 235 106 66 153 226 130 
17 : 180 113 162 244 236 141 164 125 84 117 246 94 108 66 227 92 215 39 64 186 48 75 89 33 73 245 59 80 191 160 145 220 184 52 176 129 229 197 109 28 148 72 178 142 
18 : 146 93 194 214 64 137 180 237 73 143 191 142 215 108 66 175 95 42 247 203 233 114 75 190 58 223 200 72 107 26 
19 : 138 149 41 213 237 225 131 87 183 100 101 142 33 45 57 96 89 59 75 165 129 162 50 208 91 
20 : 42 77 177 94 187 147 96 40 139 179 66 160 247 51 39 135 200 159 133 216 156 126 149 151 55 178 30 202 129 48 81 204 248 112 83 28 86 243 183 189 110 130 127 237 78 54 46 128 53 244 218 241 181 234 240 58 72 84 41 192 207 99 76 65 101 165 44 238 136 215 155 102 50 59 
21 : 34 234 236 219 151 229 77 94 176 57 40 155 90 245 210 67 143 71 241 76 31 218 232 149 63 224 30 214 184 73 121 115 41 200 46 239 106 157 192 179 148 186 188 123 216 158 238 180 156 154 69 215 75 28 244 84 160 32 247 68 167 93 97 242 227 182 134 142 37 102 44 202 246 175 130 212 125 208 98 240 185 172 126 87 141 110 243 
22 : 209 150 190 158 32 201 212 53 203 182 125 145 147 224 129 43 107 44 110 67 149 50 79 100 95 235 144 35 99 155 180 28 161 222 198 211 70 167 60 218 111 208 101 228 236 220 104 136 96 68 143 83 183 200 65 26 214 122 202 98 169 157 
23 : 76 44 131 27 47 157 149 136 197 69 153 192 209 214 54 34 215 82 45 32 36 247 240 224 158 179 238 115 28 156 189 164 31 205 154 227 170 204 133 40 122 125 33 38 70 91 60 53 57 81 216 
24 : 45 156 228 80 196 203 167 98 160 183 51 103 95 171 246 185 89 100 131 187 221 117 128 194 138 247 182 
25 : 53 226 177 40 128 210 239 80 44 212 149 64 57 136 248 141 132 105 147 216 243 39 67 50 161 119 214 123 164 117 97 179 27 74 71 183 203 237 219 184 25 46 241 118 167 166 75 176 85 79 101 34 130 182 113 95 233 157 133 190 137 158 78 49 73 218 246 51 38 54 63 197 175 247 232 122 192 131 144 108 165 109 125 206 151 231 249 174 225 48 
26 : 104 222 248 99 195 46 126 92 209 85 33 31 35 142 182 58 112 130 91 108 157 41 203 119 194 63 156 102 187 125 29 123 81 223 167 39 69 249 174 153 55 65 170 71 57 26 118 205 219 210 201 94 74 28 
27 : 126 176 89 147 224 209 180 47 45 189 33 187 234 94 160 190 49 111 182 115 196 204 52 90 59 195 244 93 70 210 62 129 222 241 77 150 225 245 65 135 157 91 143 205 34 
28 : 194 230 134 228 28 148 36 51 45 63 62 216 79 232 244 175 71 97 116 118 238 192 217 208 207 153 165 174 249 183 64 81 136 161 54 26 209 56 31 223 58 231 243 25 184 191 142 172 117 158 179 69 114 113 111 55 49 199 70 221 239 177 53 27 90 125 37 137 200 149 67 204 44 124 105 52 72 91 38 143 68 242 182 236 235 110 119 80 218 115 211 233 130 
29 : 44 147 145 203 181 82 178 231 172 210 47 248 85 171 93 56 148 72 73 113 34 201 39 83 27 103 134 160 143 239 164 165 153 242 175 162 177 97 213 50 54 235 129 230 84 169 205 69 
30 : 202 113 238 92 116 83 147 153 84 148 120 63 79 38 91 216 69 217 177 101 145 247 196 234 39 186 96 207 54 31 178 159 139 102 97 93 106 214 94 123 241 169 66 119 175 146 42 109 122 221 76 125 30 226 171 239 40 229 36 68 248 162 117 64 191 127 193 
31 : 107 156 102 133 52 186 111 234 244 136 184 33 201 231 39 123 67 99 211 229 188 151 76 161 81 51 64 214 163 36 162 92 72 88 44 160 223 224 181 34 232 166 180 247 241 175 233 41 200 83 178 43 226 216 141 168 228 217 165 174 29 65 173 48 60 167 79 238 95 245 57 25 40 191 194 58 98 121 114 115 82 37 189 158 122 69 54 71 143 126 27 100 119 105 66 196 
32 : 149 84 106 205 148 72 249 210 220 73 197 113 35 181 234 43 138 135 194 237 239 228 103 183 188 112 203 63 158 111 31 82 187 62 221 226 200 75 156 119 38 219 27 212 159 71 166 
33 : 131 81 114 137 31 166 223 234 65 247 101 40 215 129 98 195 138 187 141 50 127 173 80 194 91 239 72 229 155 102 190 86 146 207 35 64 169 73 197 213 135 89 28 236 217 151 36 119 77 220 42 100 160 59 222 179 109 209 54 201 88 70 168 107 186 84 171 154 241 53 183 34 182 55 30 38 106 242 177 51 147 60 240 66 25 211 112 69 200 180 111 49 67 130 232 110 
34 : 114 186 197 126 137 35 103 33 118 77 146 38 79 212 34 135 63 159 182 205 37 133 32 107 148 64 39 198 80 43 111 167 62 195 170 224 55 70 53 176 222 52 156 123 113 109 149 30 228 50 162 203 233 242 97 196 
35 : 63 62 38 80 138 113 85 239 79 198 191 235 128 225 156 215 247 108 233 49 182 70 244 161 190 152 216 54 96 33 118 218 94 249 223 74 133 176 211 217 202 169 181 219 115 75 101 175 184 141 230 78 120 188 126 99 
36 : 32 52 162 63 105 86 199 183 133 93 55 34 188 244 178 217 116 223 124 38 129 56 51 138 30 35 82 206 243 114 31 224 230 145 200 136 221 212 115 91 43 226 72 85 233 210 108 184 159 231 42 33 135 240 241 228 57 121 127 40 204 83 102 164 92 186 157 71 185 84 88 125 76 222 97 174 236 37 140 232 193 182 
37 : 246 148 42 135 141 170 37 31 162 186 131 105 61 143 201 225 216 95 185 215 156 65 26 206 66 159 227 40 56 200 124 188 53 139 128 29 180 58 153 244 47 230 208 241 187 36 151 248 38 34 106 146 68 90 177 63 239 145 181 96 44 220 118 164 190 158 120 73 99 69 192 243 202 233 64 88 33 161 32 210 127 221 130 82 
38 : 89 108 214 169 150 243 146 176 200 49 199 165 219 162 184 209 137 196 240 80 139 236 241 247 130 183 231 76 38 116 62 155 28 221 78 33 92 177 185 151 114 73 113 109 96 191 205 106 239 154 27 168 98 226 157 189 225 72 111 222 29 224 84 121 25 136 142 198 156 230 128 135 202 203 83 132 94 163 122 161 56 123 59 
39 : 166 84 177 242 100 187 70 98 42 72 138 43 224 50 123 143 58 209 154 195 59 75 97 44 110 125 95 139 171 54 176 231 236 156 239 64 214 113 145 165 73 160 182 41 197 203 55 105 184 122 134 60 
40 : 195 108 134 113 73 247 198 71 162 148 218 169 114 193 39 85 238 50 88 224 62 227 245 149 56 226 92 242 201 186 78 121 236 206 54 107 188 184 47 173 205 29 99 64 230 66 216 42 241 57 90 146 
41 : 192 203 88 157 48 187 161 42 201 169 225 83 35 64 150 239 177 71 149 68 164 28 234 152 72 32 195 79 89 57 
42 : 107 141 184 245 147 81 56 197 48 178 102 238 247 79 116 27 108 88 39 125 99 106 212 71 193 163 112 146 63 164 237 232 167 74 98 134 218 140 217 159 143 213 34 222 239 104 69 100 124 219 105 57 120 151 95 166 195 72 47 43 68 211 169 176 44 220 248 153 92 155 198 73 26 91 202 96 149 171 182 142 200 38 131 208 101 224 243 122 49 226 65 51 221 240 225 
43 : 71 35 31 160 166 197 151 94 247 112 178 169 143 129 204 96 174 190 104 220 145 39 36 134 237 33 219 109 140 209 211 139 91 144 84 222 116 42 147 
44 : 127 185 70 174 224 142 170 30 95 87 125 64 52 91 247 245 132 227 204 41 220 189 198 116 100 194 181 238 102 144 168 157 167 122 179 72 137 164 216 242 74 54 59 228 84 33 112 40 140 38 71 136 
45 : 112 143 150 57 208 244 86 155 245 113 48 140 156 234 165 145 128 134 158 192 209 189 130 136 219 55 103 152 247 214 69 122 246 168 108 198 133 119 237 34 186 204 117 147 120 30 185 163 84 137 115 207 74 166 197 90 213 50 179 121 132 59 161 210 66 42 223 36 203 195 72 220 51 80 233 
46 : 72 181 127 84 69 248 236 157 68 46 39 91 110 62 219 154 152 99 26 235 182 51 81 25 103 158 165 244 37 100 109 202 163 33 31 63 194 108 42 191 174 79 34 198 171 138 38 151 134 222 147 87 129 142 206 119 180 
47 : 245 65 235 171 127 150 42 162 59 124 174 100 169 242 49 246 135 67 157 193 83 111 64 168 197 196 104 147 136 99 41 233 191 199 144 38 155 172 223 56 25 34 241 214 55 35 177 194 248 188 50 170 234 54 120 85 149 192 92 203 114 244 29 211 60 57 78 181 102 190 43 166 107 110 208 180 
48 : 85 145 140 81 143 211 69 212 127 159 50 45 203 232 114 100 83 227 243 104 128 38 179 214 54 105 235 162 36 249 87 64 46 181 124 221 138 65 182 222 187 202 68 150 92 173 209 78 219 141 175 96 74 103 91 236 178 118 188 56 210 135 199 237 30 131 157 58 146 204 51 215 196 139 122 55 244 226 60 208 35 155 94 28 117 25 168 220 180 164 70 160 216 246 101 129 42 
49 : 157 104 229 43 116 219 101 171 147 94 76 39 126 66 65 232 40 176 209 97 96 48 131 138 189 124 119 194 27 111 114 220 185 221 
50 : 29 126 141 237 179 61 249 97 224 33 43 102 92 26 148 86 103 130 77 123 124 242 146 175 80 168 213 91 152 115 157 121 151 135 236 42 186 171 160 194 60 108 178 94 243 227 235 
51 : 63 238 113 234 159 160 65 50 236 189 148 142 30 240 217 223 226 82 248 129 75 84 242 179 136 68 28 116 31 70 38 202 247 171 177 60 36 46 215 93 205 52 
52 : 41 87 193 241 161 71 184 192 173 160 246 229 123 235 102 125 53 139 219 197 50 34 73 97 62 211 146 130 127 167 121 
53 : 72 198 37 67 48 133 204 145 82 153 202 167 194 115 131 40 99 86 222 60 220 240 180 105 118 127 226 178 186 232 155 165 95 88 185 123 173 56 144 132 85 237 90 76 236 35 
54 : 115 211 171 54 233 66 89 99 188 151 169 70 159 110 146 166 53 225 212 49 184 222 117 30 191 93 183 71 27 221 148 192 97 204 128 190 127 58 156 162 187 32 209 153 224 175 77 101 79 82 189 152 234 227 143 116 164 218 67 206 242 199 167 215 226 103 235 104 179 62 177 50 28 81 129 83 142 241 203 132 46 138 113 217 134 157 
55 : 152 244 96 123 84 208 94 198 37 217 201 221 82 190 155 85 227 83 162 44 43 186 157 219 95 69 111 93 128 75 102 33 127 90 71 161 225 87 138 173 91 202 238 56 166 60 140 185 98 220 121 113 235 70 42 63 36 181 246 237 240 101 120 57 125 243 248 89 114 59 29 178 30 112 212 231 53 58 213 249 223 65 177 135 158 207 133 130 160 126 109 105 117 118 233 76 146 192 
56 : 111 61 28 201 91 35 165 78 145 175 81 203 133 132 228 181 68 167 177 125 109 122 225 108 241 168 37 231 55 48 41 65 190 29 199 183 32 193 247 184 99 25 230 96 89 156 46 57 74 30 173 169 70 42 76 148 27 34 53 39 170 71 73 187 237 
57 : 190 191 28 122 174 71 101 116 104 66 52 92 230 36 142 243 74 249 115 61 41 148 238 113 244 156 130 181 107 94 58 236 112 88 150 109 182 151 
58 : 35 204 88 222 36 92 149 93 82 33 66 145 243 215 177 187 237 81 206 163 183 132 174 246 31 42 84 224 165 64 109 161 200 57 190 201 83 27 86 102 99 107 65 108 131 159 62 72 75 126 179 43 116 60 142 69 239 51 130 39 154 114 153 195 220 188 121 185 178 133 238 217 231 221 95 176 101 91 146 240 248 209 186 61 119 213 67 96 63 216 106 50 138 156 202 73 32 197 234 
59 : 43 40 158 74 162 181 71 49 95 123 184 110 82 171 34 176 185 167 153 69 225 249 215 192 53 59 103 163 35 149 114 121 132 194 240 180 91 136 31 170 141 199 102 172 221 219 131 218 247 189 87 159 116 60 77 243 173 127 205 70 239 160 90 85 134 44 108 72 
60 : 117 47 192 75 48 31 184 187 221 197 198 65 37 42 218 87 238 36 85 200 154 219 94 248 244 38 241 171 71 134 166 161 105 59 150 103 222 81 73 126 97 74 76 179 67 212 181 245 205 92 217 50 189 79 231 56 243 164 83 60 70 140 33 101 232 82 186 44 159 32 115 89 162 174 95 57 122 188 111 112 41 246 49 173 130 93 249 46 113 190 72 
61 : 186 189 112 145 36 52 70 209 69 119 33 154 98 64 230 173 38 47 30 133 151 239 57 110 37 164 220 193 210 60 108 75 83 178 74 172 242 
62 : 244 28 95 128 58 203 52 107 200 223 65 189 179 111 87 204 247 134 174 206 45 40 226 176 160 166 35 248 80 194 191 193 125 84 245 38 126 127 105 102 167 162 59 225 90 230 119 246 234 192 185 42 202 172 153 138 142 92 82 136 71 229 85 155 143 60 77 240 249 73 212 238 198 64 
63 : 83 237 214 138 142 200 242 223 145 79 122 151 92 70 147 108 136 178 118 111 176 222 76 64 161 190 246 67 173 60 193 181 144 247 78 47 35 101 85 204 219 196 166 191 197 110 54 53 36 182 130 180 143 168 28 59 46 220 58 103 31 128 205 158 148 116 249 37 57 69 97 105 125 248 175 
64 : 80 55 187 173 102 30 114 129 197 89 59 58 202 88 246 199 69 235 37 214 99 32 120 156 34 221 40 182 167 161 144 155 74 
65 : 57 244 208 237 79 159 207 242 178 157 100 220 134 137 27 50 184 82 138 86 166 48 123 108 202 144 158 60 51 165 94 73 170 219 75 246 136 87 193 104 195 167 113 42 
66 : 84 123 144 115 194 246 238 94 64 78 196 100 125 104 106 46 34 30 249 209 222 208 149 227 229 177 239 216 220 103 189 248 110 92 139 79 195 27 221 190 154 217 207 212 109 247 214 130 215 73 40 146 53 165 240 157 36 213 218 159 197 57 179 183 90 135 131 206 228 28 170 54 210 97 203 91 192 204 128 161 232 151 182 
67 : 211 246 74 78 156 33 96 227 75 40 36 221 162 140 76 99 83 35 64 168 170 54 48 159 47 44 41 235 38 115 201 134 138 146 193 88 232 152 30 112 231 25 70 188 189 100 180 164 135 28 244 240 151 34 118 53 114 241 104 184 113 
68 : 152 170 218 221 210 104 209 78 237 234 212 162 99 127 114 244 75 202 241 29 107 73 48 129 242 90 45 88 239 124 53 238 205 46 72 139 177 240 158 216 181 140 49 226 119 147 154 173 54 247 223 235 150 87 110 69 171 103 167 166 57 101 146 200 176 224 201 
69 : 234 135 110 161 207 241 189 195 151 47 83 211 49 46 64 39 134 194 166 34 76 201 89 199 190 26 81 87 248 177 227 78 77 105 215 111 192 168 232 99 244 184 208 96 162 56 214 32 101 
70 : 148 120 32 186 155 100 153 41 234 37 60 72 93 221 171 29 198 110 126 176 213 28 64 50 70 42 87 86 206 169 224 179 214 131 31 40 114 121 202 156 118 53 90 233 113 212 236 192 187 184 190 85 194 106 165 211 73 146 44 63 107 135 139 83 46 
71 : 225 86 59 114 245 178 201 171 164 82 36 75 103 230 39 185 93 31 145 244 48 214 141 221 198 175 233 139 52 179 68 85 194 237 51 150 156 212 46 56 249 183 122 47 50 115 218 77 127 88 151 119 177 191 66 99 60 187 69 92 161 110 62 90 134 189 76 224 107 121 222 169 49 124 
72 : 31 186 36 135 65 179 124 234 223 168 189 218 183 169 46 130 139 112 103 35 59 171 69 137 140 200 43 228 143 196 74 151 152 91 175 93 122 156 115 
73 : 189 125 195 41 178 213 39 63 93 114 136 52 80 222 155 157 151 237 106 92 196 116 135 133 108 87 223 194 129 71 201 62 89 28 86 102 44 158 132 88 29 48 144 226 100 192 168 32 241 167 137 246 73 74 98 95 160 205 210 159 138 219 171 184 217 224 207 66 248 240 174 117 156 67 220 209 249 99 97 148 134 43 26 182 34 128 202 
74 : 236 221 188 224 130 74 242 117 241 223 75 42 98 84 121 246 226 229 35 67 58 60 116 235 153 144 161 68 64 203 66 50 34 211 104 88 45 178 127 245 140 169 83 40 93 155 123 138 114 
75 : 173 176 122 214 28 134 146 106 153 136 44 113 220 175 245 155 57 212 105 244 164 177 116 209 31 73 154 190 77 67 62 183 243 205 172 206 196 203 151 166 29 141 149 200 56 130 92 192 161 
76 : 153 86 36 243 217 75 195 85 248 143 72 166 25 156 37 103 164 61 116 200 227 235 99 218 210 161 65 220 236 152 42 112 216 214 121 135 167 123 239 231 53 62 90 159 140 124 68 209 51 30 50 160 45 133 186 56 83 177 64 57 151 242 119 226 206 223 197 39 71 59 125 137 176 215 193 78 76 138 149 80 110 147 88 208 35 128 172 191 204 192 221 171 230 91 233 46 105 222 31 120 
77 : 89 135 98 28 77 228 56 211 48 182 171 209 111 150 166 231 193 148 248 35 70 246 181 183 156 236 105 31 247 222 34 140 174 199 107 160 63 201 204 71 177 81 130 95 102 126 239 26 128 113 55 233 114 157 87 66 188 40 75 219 123 232 144 162 136 
78 : 167 232 193 105 82 160 230 249 31 165 100 120 138 83 93 198 117 213 76 124 159 116 173 157 245 112 29 36 129 49 180 109 147 37 197 84 74 170 188 139 66 30 206 149 175 145 121 184 168 38 220 141 41 
79 : 159 241 244 62 163 184 101 98 88 41 74 92 231 224 34 79 166 193 223 75 222 31 171 46 237 151 216 50 136 127 199 73 174 78 105 108 188 248 137 228 47 87 51 169 148 63 200 209 221 60 107 152 182 226 153 45 147 220 129 219 30 61 40 141 210 204 84 142 208 43 194 95 158 
80 : 50 151 34 55 90 42 73 127 106 123 169 57 242 240 248 175 98 43 82 179 222 58 128 180 210 174 56 201 49 121 195 157 149 
81 : 244 121 25 123 210 136 243 88 220 119 56 200 195 242 60 168 54 165 230 83 153 228 45 101 43 239 184 151 
82 : 91 242 40 245 224 135 51 153 124 58 56 132 173 223 126 169 243 109 30 105 155 193 97 159 164 211 178 69 206 98 128 110 149 66 90 190 151 199 44 27 229 247 87 103 134 249 170 196 176 79 26 52 129 121 93 39 43 215 46 122 95 89 61 148 42 120 240 85 234 47 202 208 213 177 
83 : 96 126 128 52 241 189 157 105 29 225 164 182 57 48 217 243 171 34 50 244 39 162 216 173 83 167 175 176 204 80 31 
84 : 138 107 97 222 26 102 245 80 51 110 162 177 130 88 247 194 89 31 141 117 46 221 224 109 170 186 128 214 67 119 179 27 59 210 180 197 202 187 246 85 154 131 150 167 44 87 169 28 81 238 33 174 105 181 215 153 91 95 236 172 52 115 63 70 211 103 58 171 25 145 229 113 83 192 37 212 198 116 199 143 139 76 73 147 79 
85 : 131 70 76 85 37 207 62 128 38 32 83 153 77 34 68 106 168 159 219 178 120 196 30 96 130 148 107 50 69 91 208 160 167 55 54 174 114 56 204 185 226 239 136 121 111 234 28 
86 : 57 127 45 115 213 61 235 150 244 56 42 96 201 119 67 82 169 52 26 68 223 249 142 95 40 181 37 97 72 222 54 121 183 130 106 208 123 198 78 207 231 27 70 99 98 149 195 159 176 162 141 200 238 177 66 196 
87 : 186 197 52 202 155 86 48 71 46 180 189 68 191 126 223 137 90 193 236 96 99 133 172 70 93 248 35 75 220 64 147 245 109 116 129 136 169 115 160 241 141 103 161 130 231 183 146 206 101 215 69 65 45 229 134 175 117 84 127 209 77 151 233 53 128 121 165 89 44 138 224 150 200 58 33 195 242 238 173 214 213 237 194 179 110 26 55 76 144 
88 : 221 223 33 237 219 92 172 199 175 87 178 118 97 194 169 78 183 129 222 142 67 152 117 64 196 185 32 212 174 123 191 145 160 134 143 110 190 59 150 62 232 236 100 89 75 137 217 90 240 151 40 249 94 93 34 200 128 213 168 44 80 202 166 72 30 226 36 84 233 211 132 111 154 119 105 86 204 197 101 225 158 206 146 181 126 
89 : 40 50 240 153 222 170 84 102 244 177 187 223 121 178 207 64 127 179 89 35 129 96 237 246 67 213 138 219 238 25 117 200 54 159 49 151 28 155 235 157 188 80 190 51 70 172 154 171 91 201 192 99 30 63 160 29 66 248 211 208 166 82 143 65 136 79 181 111 243 122 87 95 105 225 119 37 83 98 165 142 221 72 158 36 149 216 133 185 
90 : 200 89 232 182 167 135 26 95 37 125 73 27 236 148 203 42 128 92 50 140 197 247 193 104 120 32 204 99 185 85 220 218 112 221 57 240 173 86 209 217 216 66 130 196 210 188 194 234 144 39 110 75 246 72 156 96 56 133 76 61 127 186 141 52 212 229 164 118 83 123 228 165 243 163 60 227 100 171 166 176 224 46 
91 : 173 124 142 176 193 39 235 99 161 216 192 145 247 160 191 228 244 217 238 245 121 82 146 200 181 249 81 62 38 74 114 174 203 208 26 206 33 222 63 27 70 165 84 101 119 170 90 207 40 233 49 219 100 168 202 172 58 57 118 
92 : 97 121 65 184 193 246 141 166 29 67 86 123 196 201 165 39 183 57 109 210 71 95 154 149 64 214 169 192 244 189 126 131 217 135 101 75 247 171 185 164 33 87 150 118 91 61 226 47 218 147 66 129 137 93 195 167 204 215 77 197 245 208 156 89 211 200 157 56 212 32 227 142 172 62 49 236 
93 : 137 180 182 173 140 187 186 48 40 122 218 209 188 143 206 99 156 231 111 178 179 248 157 63 219 223 154 113 127 155 115 57 75 81 123 42 159 84 210 66 74 227 124 203 26 83 79 235 33 44 86 197 36 125 147 109 185 141 150 68 64 170 61 229 246 221 116 120 244 107 245 95 101 240 37 87 247 174 
94 : 231 212 233 203 225 56 98 178 243 137 165 26 153 149 115 125 53 79 25 147 42 62 216 131 198 51 209 113 141 73 58 246 239 94 69 84 28 235 163 152 48 47 60 100 31 187 67 241 134 89 93 107 238 124 220 
95 : 89 239 31 151 85 190 153 36 75 135 198 83 186 34 115 146 238 58 176 124 245 92 175 38 62 154 165 112 30 114 134 113 187 203 100 208 133 35 207 105 86 45 
96 : 215 205 176 179 216 233 134 186 104 137 157 145 112 161 222 82 73 219 61 64 26 232 28 80 168 98 111 130 242 120 220 56 183 97 202 
97 : 166 161 199 225 88 152 195 51 181 188 118 194 129 193 192 119 230 77 133 87 101 239 164 151 238 60 148 114 41 168 223 
98 : 248 37 60 184 173 233 160 235 87 36 171 88 72 186 128 69 207 134 48 219 170 166 139 168 100 126 111 41 232 108 80 96 34 
99 : 194 147 104 245 235 103 82 51 130 149 210 111 129 97 73 154 29 241 136 92 105 146 151 95 231 27 101 171 76 85 214 79 209 98 137 66 249 167 248 58 
100 : 32 163 223 120 38 94 125 205 216 136 118 248 170 52 178 68 33 130 95 61 208 142 75 64 147 225 202 97 123 76 35 192 230 25 30 203 218 182 
101 : 86 124 227 47 70 139 100 143 154 149 89 120 156 247 249 32 90 25 182 76 168 66 236 241 110 77 116 79 220 50 102 248 234 221 245 69 203 184 193 233 223 38 111 246 238 224 98 175 75 197 46 
102 : 67 106 244 26 155 57 78 53 170 242 59 43 54 169 233 217 127 249 89 231 122 243 62 100 136 124 213 241 88 149 105 143 205 112 85 204 42 181 121 50 68 116 157 168 118 140 108 159 109 41 185 240 79 167 232 219 75 190 129 176 130 134 81 177 40 91 92 197 151 234 115 226 25 223 187 128 114 152 195 58 245 34 207 208 76 191 203 179 227 218 220 65 
103 : 157 192 46 34 231 164 249 109 106 239 31 222 63 166 95 202 128 182 140 150 44 110 218 193 227 
104 : 228 158 120 78 144 134 128 76 84 103 74 162 161 184 168 175 163 237 104 131 38 179 233 248 240 244 185 187 123 77 246 34 211 60 146 155 210 214 66 148 65 219 140 130 242 245 224 186 107 176 72 249 209 235 217 86 53 43 223 121 160 171 135 115 196 54 57 97 136 154 71 153 193 238 28 114 231 199 59 215 105 207 229 157 236 108 26 45 195 182 81 119 143 96 95 44 205 36 
105 : 148 71 207 243 60 94 162 227 151 180 80 158 204 228 221 222 235 47 129 216 42 114 248 27 245 142 109 197 186 131 137 196 172 244 118 49 111 73 65 116 138 
106 : 114 241 29 42 89 136 111 32 147 43 78 66 30 148 38 28 173 171 90 200 96 177 54 208 138 130 61 33 112 193 119 110 211 57 59 137 73 106 230 201 95 153 144 126 120 92 34 67 129 100 192 109 76 235 220 55 
107 : 127 25 112 30 65 34 68 208 105 141 216 143 133 245 166 192 110 177 62 123 205 41 107 178 118 239 117 171 206 139 186 44 227 213 219 156 211 231 93 90 228 67 172 97 134 113 173 165 229 174 196 210 135 187 76 59 83 161 249 167 78 191 217 38 61 129 158 
108 : 29 161 135 226 207 163 97 174 132 192 112 43 203 33 91 42 166 128 64 158 115 61 126 151 26 216 71 237 185 134 85 213 198 94 58 68 81 232 142 116 178 76 30 236 127 130 93 224 206 136 41 188 141 108 189 249 212 235 36 49 107 72 104 165 164 150 35 37 110 123 92 204 48 148 147 202 205 217 118 172 106 220 44 65 201 100 243 47 153 140 170 32 98 175 248 159 173 114 186 183 138 
109 : 236 94 188 143 204 67 73 174 60 134 238 176 153 95 233 159 212 61 62 185 44 133 179 172 187 76 239 59 31 189 234 146 144 216 112 162 168 52 141 68 126 98 46 229 154 220 48 114 232 205 130 145 192 110 75 208 140 163 102 108 116 86 89 88 43 209 247 56 127 201 
110 : 93 132 30 246 228 146 189 207 141 42 125 33 131 83 237 43 45 101 177 160 158 136 198 129 77 72 178 70 230 96 239 215 144 159 102 214 86 73 156 78 80 40 223 54 187 74 204 116 199 57 170 87 248 108 234 185 63 172 55 103 104 105 149 59 92 35 227 114 184 37 66 107 121 69 167 216 27 182 164 161 97 81 145 197 157 202 46 183 49 100 28 
111 : 137 143 57 67 88 184 93 86 32 45 113 221 134 159 36 230 30 117 55 236 76 83 179 35 207 111 90 132 168 91 81 126 44 193 154 153 152 206 185 186 97 127 150 72 228 66 180 115 198 208 87 164 104 248 191 220 51 205 102 74 65 37 43 174 31 145 124 162 151 79 110 56 138 28 197 75 123 195 238 216 70 178 199 245 146 130 116 78 231 106 84 77 136 242 241 
112 : 29 247 179 28 201 184 83 25 49 210 196 139 183 212 82 236 227 203 38 79 114 157 91 187 190 143 176 62 142 163 133 96 40 148 245 26 94 124 197 140 110 128 
113 : 155 139 46 97 204 174 163 187 64 164 213 184 132 229 129 189 40 103 88 55 73 156 99 152 217 222 206 208 242 116 181 166 237 183 126 215 121 151 182 200 53 115 227 137 130 
114 : 63 201 222 126 36 177 104 77 191 57 46 122 97 70 247 103 80 142 249 196 69 130 221 74 124 37 223 188 224 
115 : 103 156 238 84 110 181 99 36 212 155 127 215 128 59 241 218 96 161 55 185 243 131 29 175 207 40 69 27 186 104 44 97 170 146 193 54 39 145 125 245 63 232 208 244 247 188 177 158 132 189 89 205 114 58 108 142 173 233 137 45 178 225 234 171 248 64 95 174 35 191 62 129 74 219 240 107 116 217 139 180 120 229 
116 : 246 239 187 234 62 211 120 127 218 160 247 50 84 149 237 100 175 232 210 115 206 198 189 166 124 224 202 83 78 153 197 137 39 209 116 130 240 165 212 131 60 201 109 156 248 122 135 81 208 193 155 207 87 40 123 126 28 56 74 132 34 33 97 61 
117 : 69 175 210 128 28 75 154 73 238 79 190 68 193 155 27 248 207 126 84 47 220 119 205 37 249 35 218 134 130 123 129 50 38 54 198 188 178 33 145 111 59 
118 : 85 161 195 121 95 214 233 102 133 116 146 206 71 36 197 117 243 93 138 105 82 215 167 228 246 92 199 247 171 79 73 
119 : 58 161 27 39 156 215 237 122 26 192 198 230 234 173 143 131 212 75 140 182 229 148 165 224 108 60 113 171 134 93 200 207 240 129 162 96 204 218 25 35 28 244 82 153 68 151 246 73 40 208 100 38 205 227 181 247 189 36 97 169 48 199 85 109 57 79 105 183 128 87 187 232 201 185 42 154 221 132 54 118 103 191 147 
120 : 88 167 191 30 223 101 60 90 79 107 229 58 171 190 105 40 94 211 57 210 59 204 99 38 200 150 100 93 81 194 185 67 42 126 213 163 131 118 178 218 165 62 173 236 
121 : 154 184 169 118 234 77 73 126 137 162 129 104 248 148 130 101 195 142 84 27 111 177 46 34 38 186 63 241 209 95 90 92 141 115 112 132 163 194 128 242 247 127 173 40 188 206 158 246 119 192 65 93 105 57 61 152 120 133 
122 : 37 242 135 151 71 35 161 163 227 45 144 43 150 115 93 98 155 51 246 231 99 78 192 225 212 81 177 86 234 235 85 107 100 228 174 198 205 183 139 206 32 215 165 
123 : 228 115 98 207 44 105 139 125 117 154 244 73 96 132 150 112 109 184 182 147 164 128 203 246 32 185 179 217 123 165 110 46 106 249 45 173 155 233 47 121 88 77 159 82 143 171 156 26 102 113 89 43 65 114 78 97 193 188 157 220 166 189 
124 : 183 45 77 139 179 152 204 186 238 182 211 146 225 134 168 31 194 60 41 74 117 33 157 43 38 61 82 103 94 113 25 218 59 122 109 187 220 100 
125 : 171 187 212 52 91 105 34 74 156 180 173 44 220 61 46 141 92 162 111 62 90 115 25 217 43 37 135 103 152 159 176 170 238 151 27 230 73 227 65 86 68 76 234 125 70 87 175 93 236 
126 : 224 154 89 183 139 97 137 147 118 32 219 187 149 202 92 241 248 25 231 165 71 29 240 82 138 229 210 232 124 64 115 41 47 77 175 35 96 168 107 108 213 130 191 105 87 61 116 46 66 43 113 199 54 151 153 225 142 37 233 247 186 48 148 
127 : 55 59 221 115 171 48 243 50 41 234 69 237 204 172 145 157 93 174 224 72 139 61 62 200 152 159 31 104 193 190 43 205 153 140 122 230 131 67 35 108 194 113 36 214 235 184 96 239 26 33 219 38 49 178 141 99 28 45 109 231 130 54 83 198 132 100 154 164 175 202 227 74 128 160 168 129 207 89 192 222 120 148 236 102 114 177 68 44 149 110 176 51 123 
128 : 45 233 25 29 245 131 208 94 125 193 197 57 203 54 112 182 198 38 50 30 147 56 78 36 175 135 101 62 157 126 154 189 83 236 107 231 151 68 133 215 136 184 177 116 122 114 47 77 191 205 74 96 244 80 241 120 185 201 87 181 229 230 155 105 100 183 32 172 143 82 195 152 97 137 216 249 
129 : 172 134 160 127 213 141 169 39 70 195 110 212 197 98 133 201 96 101 145 241 27 150 174 156 204 193 30 226 246 90 191 44 236 186 53 206 26 157 132 210 69 225 
130 : 94 112 64 181 203 100 115 101 83 207 113 171 125 236 188 102 220 49 198 202 46 25 151 93 183 184 178 146 247 114 37 104 162 42 217 244 235 219 128 177 233 249 31 152 132 187 147 27 210 149 136 179 145 226 238 196 108 175 105 55 47 61 121 66 180 41 87 80 123 164 134 216 215 156 30 52 192 159 135 107 200 153 142 232 248 75 158 59 
131 : 156 229 170 61 157 184 125 42 186 247 60 190 62 66 205 154 239 140 127 35 168 151 75 219 137 228 243 210 48 216 119 34 201 94 40 149 80 213 83 179 182 244 115 118 241 176 171 237 141 163 202 167 113 71 29 102 177 98 59 109 104 236 169 183 133 226 47 220 200 57 148 147 181 68 81 92 99 117 128 25 32 72 234 173 111 108 144 64 122 196 194 138 178 120 222 105 160 249 175 87 
132 : 39 185 75 242 153 190 114 94 161 200 59 64 35 71 126 111 177 92 36 166 146 223 219 210 165 128 186 112 108 46 187 131 182 143 87 170 133 201 44 228 191 176 86 66 231 33 162 173 90 202 30 179 124 130 116 227 236 61 121 150 47 60 221 184 113 28 120 232 57 109 189 148 235 233 99 98 103 195 230 249 171 102 25 239 136 110 32 238 167 138 197 58 145 80 29 40 
133 : 42 111 201 172 84 210 129 217 163 57 188 137 76 49 151 214 77 154 92 140 83 230 156 184 61 170 78 160 105 149 233 120 249 123 142 192 30 152 166 240 190 35 216 41 174 195 86 178 29 223 96 197 164 200 145 99 47 180 209 98 87 44 208 236 185 52 207 56 48 181 88 97 58 116 110 121 94 69 165 196 36 43 
134 : 64 66 108 209 134 188 97 113 231 43 31 81 218 143 230 144 249 198 182 191 82 207 69 181 60 28 173 150 52 92 67 241 247 175 48 35 224 217 226 112 211 205 169 120 40 159 187 131 147 184 45 214 151 110 71 158 99 196 133 116 179 44 185 38 162 213 78 105 128 
135 : 36 236 209 168 238 147 85 72 208 108 126 146 123 218 167 38 166 125 228 92 186 114 163 144 49 203 59 156 47 223 187 153 103 27 41 200 71 119 174 76 57 48 43 127 216 112 152 115 130 101 150 39 226 169 58 116 74 46 45 237 184 54 248 189 225 142 241 182 204 133 230 44 242 121 
136 : 106 65 178 221 68 91 165 170 42 180 166 137 198 187 200 205 95 226 114 212 48 218 143 173 214 139 247 59 119 55 249 53 135 217 232 240 56 145 93 31 29 215 27 219 157 98 123 78 33 75 99 133 67 88 213 148 245 58 191 243 109 26 37 108 125 202 110 45 172 131 66 
137 : 60 154 168 153 215 217 126 181 120 83 101 140 144 61 170 44 134 159 33 206 130 235 54 48 194 203 182 121 99 248 200 224 146 135 128 234 239 178 188 81 131 163 137 87 247 139 183 
138 : 204 77 181 184 98 132 27 130 189 242 177 33 195 148 149 164 233 59 154 117 63 194 114 110 116 210 97 147 207 139 105 193 38 144 219 235 106 134 174 205 186 238 173 112 150 169 176 217 87 74 230 76 53 185 166 45 138 51 100 49 175 108 183 208 202 172 239 196 234 161 31 78 85 92 
139 : 192 122 81 116 219 193 164 134 47 94 178 161 28 222 158 135 90 156 246 42 169 183 26 159 58 243 93 151 48 34 88 201 32 176 91 208 224 98 54 73 211 85 128 247 199 212 84 100 25 204 154 99 37 119 97 163 103 104 64 109 155 113 106 223 78 45 195 
140 : 183 238 145 179 214 48 181 105 239 209 117 60 78 109 99 95 226 106 233 54 100 59 229 91 182 43 160 70 220 198 151 103 
141 : 83 161 147 75 37 155 245 31 48 240 80 35 218 102 79 143 99 184 89 222 206 32 86 66 46 71 239 152 68 238 243 63 209 172 103 97 171 101 67 230 47 112 207 203 189 107 117 166 185 128 180 91 28 43 145 228 100 179 217 195 153 78 57 154 211 114 42 204 235 244 226 160 59 196 186 55 118 121 229 51 
142 : 40 181 246 169 219 239 156 212 176 58 174 211 80 184 85 231 188 72 90 225 180 77 64 52 242 206 110 82 41 42 49 122 115 54 142 244 161 235 98 154 172 205 
143 : 212 169 41 141 143 137 205 119 68 163 136 60 71 46 147 167 149 234 75 158 50 150 87 66 73 38 148 52 200 229 144 246 130 175 44 35 83 191 28 157 122 213 164 
144 : 55 184 62 100 31 239 48 163 161 41 33 85 79 57 63 30 179 236 130 221 93 98 38 58 151 118 106 247 218 135 114 56 47 216 202 68 233 149 116 29 89 245 186 91 142 105 228 141 181 44 136 249 94 154 147 170 238 182 159 120 187 243 210 76 175 61 183 192 194 75 119 219 81 115 60 223 164 195 174 32 
145 : 68 64 49 195 31 81 137 211 83 238 122 182 127 86 147 249 73 204 232 228 223 181 36 135 206 161 48 82 151 71 90 118 192 
146 : 40 111 185 231 74 148 93 121 164 232 141 146 67 114 237 236 201 91 147 196 180 60 118 69 49 52 94 219 34 246 175 25 85 177 205 100 33 137 244 226 190 208 84 149 187 239 81 88 57 225 142 75 199 38 43 96 105 72 41 125 122 213 107 130 182 133 183 210 159 101 26 58 174 80 145 77 157 
147 : 73 223 169 222 157 80 239 168 231 244 28 62 180 130 71 195 152 226 119 135 166 243 59 137 165 75 247 237 249 183 210 98 124 70 236 118 132 26 
148 : 203 170 111 100 26 137 107 124 108 152 37 214 166 157 63 121 114 95 237 85 122 161 229 56 110 230 128 69 115 82 66 150 130 228 38 156 103 79 98 200 182 131 181 143 34 
149 : 153 198 192 195 223 235 125 30 74 29 79 88 196 26 202 73 203 225 91 187 81 66 156 197 229 228 105 130 90 194 114 212 28 59 171 71 243 34 108 51 58 210 135 237 206 190 205 110 179 184 124 65 175 77 133 122 177 94 57 181 84 67 233 241 32 69 207 104 117 174 39 155 246 160 
150 : 155 204 77 159 237 158 130 40 190 232 28 97 108 185 76 221 91 229 72 153 73 152 33 69 116 67 162 47 31 75 111 32 96 182 209 166 58 178 225 49 132 38 123 39 238 121 171 101 224 188 241 104 154 118 54 90 141 211 56 202 247 29 243 142 82 112 136 147 84 228 143 93 42 119 244 36 68 63 233 70 105 218 207 78 129 236 86 145 64 50 227 201 172 133 
151 : 201 179 139 38 167 127 132 142 27 156 52 49 209 123 182 125 57 61 221 135 184 118 71 60 187 98 67 183 140 116 137 131 76 174 93 236 164 129 212 165 186 225 112 177 39 120 45 247 223 243 44 89 202 28 136 206 192 189 213 134 111 237 51 29 226 198 193 69 153 62 144 102 74 68 185 147 245 97 244 78 173 191 46 148 95 73 152 199 128 168 200 207 234 155 108 83 248 
152 : 131 109 79 135 185 172 203 181 44 143 85 47 239 111 38 206 243 91 200 178 130 164 67 35 147 120 106 217 153 53 168 121 27 117 77 33 80 219 177 28 100 195 240 123 244 138 39 115 242 65 119 197 95 70 191 199 232 204 241 245 229 40 163 59 230 122 189 139 173 162 51 105 101 222 220 238 34 66 216 183 190 42 233 184 87 102 60 32 
153 : 94 213 128 160 25 92 58 232 170 95 204 96 200 31 35 45 212 68 132 106 53 103 190 217 56 61 202 81 140 90 187 241 194 113 151 242 105 62 125 66 41 189 
154 : 211 116 100 134 115 163 91 61 114 71 58 51 77 175 226 208 143 98 149 142 158 215 161 228 201 112 173 39 129 41 
155 : 197 67 111 90 45 124 125 239 119 183 187 234 167 154 78 57 245 215 127 133 97 55 115 44 82 148 105 106 120 107 231 32 38 80 229 100 151 114 48 145 156 126 98 188 65 192 153 61 91 41 26 235 89 247 249 59 68 94 174 64 159 181 207 29 160 116 95 56 233 228 128 60 88 
156 : 200 146 42 37 96 57 76 211 104 112 210 56 237 189 244 196 174 239 49 84 167 180 226 121 71 85 94 103 182 152 216 149 79 163 101 54 131 75 246 33 67 68 45 43 166 55 249 26 46 140 86 83 181 66 204 172 100 109 89 92 78 188 88 72 63 93 48 30 177 228 202 198 
157 : 67 88 41 146 105 26 185 155 216 55 104 151 31 74 173 236 76 175 106 154 241 233 96 187 34 122 248 40 221 178 95 239 137 209 138 98 32 102 160 174 
158 : 164 65 34 231 43 106 226 42 200 113 33 126 186 144 124 152 131 111 35 159 158 211 136 96 32 79 179 194 108 77 
159 : 81 118 132 37 108 220 71 173 78 226 128 151 91 110 237 48 122 157 60 51 196 64 190 75 68 162 245 218 186 244 160 164 194 53 102 225 99 72 183 239 43 222 136 228 203 232 198 94 
160 : 85 175 205 54 114 123 132 27 190 37 186 34 83 31 215 41 96 233 100 212 155 241 117 42 139 247 86 157 91 33 227 181 221 185 143 204 188 120 72 234 57 124 216 176 189 106 148 55 187 
161 : 168 216 238 224 47 108 207 171 123 204 239 219 186 27 249 76 173 30 147 69 247 241 199 164 182 71 191 116 175 154 181 65 104 190 153 156 146 201 194 66 230 136 75 25 188 159 34 142 82 209 162 240 88 144 41 126 83 131 112 124 187 155 206 95 
162 : 187 109 246 51 203 184 233 61 60 243 170 181 31 163 175 44 148 116 76 144 74 103 211 183 150 81 216 239 212 238 86 89 112 35 197 92 160 149 143 113 209 188 50 97 190 173 244 99 42 236 47 122 87 158 37 210 90 234 101 120 36 145 199 25 155 119 242 142 126 110 123 139 168 28 179 127 96 248 29 85 117 167 225 55 223 147 34 
163 : 131 129 68 57 49 117 26 242 40 73 94 66 67 103 38 138 180 44 111 150 81 236 53 80 222 234 227 116 27 71 163 200 177 235 188 162 197 148 
164 : 51 235 32 26 82 115 75 191 100 208 117 249 49 140 179 196 159 163 41 42 217 46 123 139 35 143 67 39 45 28 173 212 211 71 224 239 90 
165 : 114 80 216 31 245 247 48 106 201 118 116 233 239 152 87 217 136 236 212 38 215 129 93 185 223 194 78 88 44 105 227 143 132 187 59 97 221 73 200 92 165 179 176 57 101 157 42 161 131 162 181 86 90 27 25 60 198 111 133 104 50 205 192 182 102 170 85 209 196 112 151 210 241 244 197 36 72 135 240 158 26 199 189 190 155 65 56 248 128 137 146 103 167 67 110 220 127 188 191 32 28 
166 : 96 209 26 161 64 243 85 152 239 183 134 178 101 94 203 75 87 237 225 192 156 166 70 169 38 78 194 191 108 90 140 232 92 233 67 221 124 212 144 168 230 208 241 80 113 61 30 114 125 142 132 158 149 50 123 151 103 184 146 
167 : 41 236 26 129 202 52 69 226 110 248 45 88 221 246 91 156 106 28 229 61 220 188 46 247 159 25 192 60 244 243 57 53 218 121 49 177 186 97 148 206 228 141 157 84 134 212 161 230 83 232 
168 : 149 125 219 119 186 240 120 103 166 41 216 141 197 114 48 239 77 181 78 152 232 44 160 65 72 79 90 
169 : 54 146 89 245 197 173 51 174 73 192 201 229 94 212 78 136 171 117 61 79 64 139 168 172 203 222 42 150 69 246 213 154 165 143 157 206 111 96 224 205 75 159 133 48 221 
170 : 208 62 113 32 141 180 247 60 25 154 31 162 118 195 95 52 167 123 58 57 119 224 168 166 78 120 65 90 170 61 232 223 99 108 35 79 239 30 174 36 132 143 69 74 111 133 217 172 227 
171 : 195 91 221 135 68 138 206 52 248 112 180 28 60 245 30 55 141 244 108 175 149 145 229 157 170 158 65 235 50 116 67 185 74 209 70 43 237 98 109 32 75 119 129 233 226 194 48 204 172 199 178 142 187 154 219 44 240 168 211 41 104 228 
172 : 166 52 50 58 241 211 219 102 168 248 212 29 80 167 227 180 194 88 136 221 68 207 231 107 59 100 27 172 106 245 115 38 48 65 122 243 173 151 55 201 204 73 191 161 144 235 121 247 135 215 110 184 214 223 182 188 143 112 64 134 225 160 96 181 165 94 95 46 70 159 36 162 183 222 157 216 93 156 76 169 123 153 229 111 155 209 119 82 154 196 176 228 99 236 104 185 171 118 
173 : 89 102 120 202 195 52 82 32 241 103 38 152 122 49 231 184 84 105 215 155 27 237 73 65 153 55 223 121 74 61 151 98 179 192 88 182 108 47 183 180 62 249 147 106 171 133 48 136 141 100 196 222 54 99 107 238 163 68 44 
174 : 214 165 139 49 71 120 223 151 86 212 59 190 243 64 75 94 148 209 172 249 26 140 80 128 134 41 122 125 36 142 173 196 104 244 67 177 42 189 111 171 153 224 48 123 61 136 82 35 219 53 33 193 70 141 155 167 110 175 55 63 241 
175 : 228 200 153 223 185 225 193 189 60 57 232 42 230 35 164 242 162 135 52 38 119 179 120 85 56 104 210 236 133 214 106 209 151 97 207 126 170 205 201 229 39 188 166 46 114 237 220 29 221 118 194 198 
176 : 143 104 67 184 109 172 117 72 221 166 142 188 167 169 200 174 92 99 246 199 130 45 131 180 79 137 133 95 175 232 80 211 37 194 46 162 115 118 147 150 71 122 102 36 187 207 226 139 209 159 205 241 49 208 192 33 78 35 100 204 160 34 178 43 30 168 219 173 105 154 31 245 97 86 190 146 203 77 161 47 
177 : 185 111 223 77 64 113 30 188 40 145 67 69 39 87 105 243 41 221 218 139 50 61 124 112 104 165 118 196 149 56 224 116 170 130 68 138 91 217 33 108 184 229 161 237 45 95 183 110 25 79 234 80 207 181 29 187 189 176 101 78 100 58 129 200 88 191 156 180 232 150 155 166 37 219 193 34 99 222 228 72 172 199 48 74 190 246 175 239 49 158 70 122 66 212 157 
178 : 140 69 203 87 237 111 161 141 123 102 174 42 67 220 90 165 205 149 243 81 76 234 131 211 46 109 213 28 88 185 181 195 241 124 106 172 45 238 216 75 32 152 77 230 95 222 104 176 167 89 98 25 169 99 159 68 184 233 
179 : 27 214 73 56 106 69 107 178 78 242 185 88 112 79 144 234 129 50 81 40 96 158 211 177 75 89 32 131 52 192 95 109 102 170 83 87 137 220 164 183 36 30 160 209 156 153 202 135 171 210 86 118 68 229 184 90 173 238 29 67 226 223 231 241 66 224 57 159 168 115 
180 : 160 215 205 197 68 44 167 201 123 180 118 184 59 220 200 168 45 114 76 96 132 112 211 209 229 83 43 33 125 99 140 240 159 66 71 27 173 221 248 111 239 172 214 78 236 162 190 120 207 143 231 226 128 242 247 108 115 133 
181 : 206 138 167 43 134 213 36 204 161 222 111 69 172 59 65 29 164 80 182 243 66 183 168 96 98 110 170 188 47 184 142 187 119 237 208 197 151 150 221 78 54 60 175 148 165 121 241 95 152 211 102 39 212 207 114 135 28 143 38 235 136 218 82 122 139 52 113 171 
182 : 191 62 246 179 38 240 160 80 215 136 32 166 244 29 31 162 102 153 105 232 73 130 145 208 171 72 248 236 150 229 58 157 87 48 210 235 181 111 96 156 131 112 233 65 159 82 194 110 190 92 41 228 
183 : 175 40 172 102 184 170 218 143 88 226 45 243 199 134 205 179 188 221 198 241 121 217 110 177 63 203 83 164 37 25 87 249 104 132 118 108 117 100 233 47 68 186 123 141 30 236 204 136 92 33 106 29 96 180 128 139 208 72 113 239 
184 : 204 95 192 88 49 71 197 214 50 176 188 170 135 215 201 46 156 186 143 150 203 87 162 238 56 53 
185 : 41 106 158 79 27 108 44 222 248 187 90 186 223 91 149 60 109 76 168 114 139 88 163 165 206 138 68 110 181 141 172 228 86 50 105 219 152 239 210 101 203 42 73 40 100 166 39 71 61 232 123 155 167 115 83 77 201 26 157 70 179 150 238 118 200 121 134 147 95 
186 : 158 247 59 88 52 93 164 96 230 130 145 197 102 187 71 94 77 104 120 69 227 135 144 54 170 223 85 184 147 153 188 138 189 213 239 193 245 41 131 141 179 48 151 174 209 25 204 236 35 106 91 26 226 159 81 33 95 84 44 154 148 231 237 115 156 221 186 140 110 45 243 99 225 163 111 128 183 73 89 113 74 124 149 101 190 139 127 150 
187 : 137 246 122 50 125 228 189 140 205 195 217 88 128 186 214 239 233 92 232 36 130 106 191 247 74 47 109 33 147 30 121 240 225 237 151 43 224 138 37 219 193 77 127 161 104 26 79 65 
188 : 175 128 121 180 75 210 118 73 55 216 84 50 163 82 193 243 194 126 56 202 198 132 59 209 224 61 190 233 189 111 183 207 230 
189 : 140 211 242 68 230 226 235 127 153 87 187 86 195 136 49 185 101 26 31 234 82 42 71 59 200 35 54 52 90 80 128 238 76 109 175 108 78 243 156 227 120 106 131 135 114 91 
190 : 202 86 236 131 207 214 226 185 116 120 167 124 188 212 219 147 191 73 46 52 244 177 140 96 25 72 109 174 128 39 82 245 79 48 231 247 136 206 28 98 64 153 196 99 59 141 115 58 61 176 246 150 210 217 152 162 181 127 121 224 201 
191 : 96 142 171 50 166 126 84 71 187 170 233 153 83 239 47 131 175 191 143 55 229 61 38 127 118 90 
192 : 189 204 181 176 66 145 224 175 212 216 219 221 85 60 125 86 157 164 160 195 74 47 150 167 230 36 72 48 238 89 111 57 67 152 26 243 159 240 213 100 91 233 123 113 83 235 179 55 208 101 87 215 177 44 121 241 194 134 171 81 226 98 191 187 206 165 119 236 82 139 77 201 211 108 153 231 122 207 162 131 209 161 105 102 37 192 138 96 247 
193 : 126 232 89 132 33 135 186 246 140 38 41 107 163 84 148 95 51 31 204 210 213 197 119 231 120 
194 : 30 107 118 47 199 163 85 202 96 111 235 110 92 26 127 156 53 79 37 201 29 135 124 142 229 43 149 228 138 241 54 246 83 33 69 152 178 45 171 216 95 66 60 185 122 196 100 58 175 215 184 99 170 190 183 238 248 150 173 141 68 42 55 236 119 212 103 225 139 167 231 28 176 108 126 34 120 
195 : 245 62 30 103 240 138 59 64 51 186 151 169 196 230 229 37 176 179 39 234 165 92 178 185 221 157 101 
196 : 75 169 77 180 212 237 100 29 221 104 76 209 55 85 226 214 91 155 248 42 112 107 240 211 150 26 99 138 247 121 231 44 197 201 127 103 78 179 65 172 148 177 109 48 243 193 32 246 184 216 128 208 232 181 70 191 40 61 90 178 133 235 223 93 86 218 49 194 132 31 152 67 58 82 72 38 175 92 160 198 146 239 105 157 238 63 79 45 111 249 200 233 129 30 215 156 
197 : 110 158 67 125 54 129 204 211 99 170 97 108 210 226 171 233 55 106 154 126 138 73 52 218 223 228 185 221 206 151 115 182 231 83 42 43 121 203 190 192 
198 : 180 132 70 208 102 105 67 66 43 73 38 219 158 51 246 77 222 91 129 82 230 125 60 75 241 237 
199 : 99 151 39 73 201 228 172 249 57 103 43 141 155 85 142 158 231 58 222 82 182 223 188 184 110 190 42 45 189 37 176 148 35 47 102 123 246 84 218 76 105 83 97 214 100 204 
200 : 64 104 54 85 36 165 75 108 103 116 138 38 192 93 246 215 70 185 191 212 34 172 124 234 171 200 208 43 92 128 67 88 249 153 244 117 148 154 129 86 164 211 183 179 156 238 151 162 127 217 152 247 201 102 133 241 100 177 167 87 33 170 58 73 155 114 199 209 198 242 169 144 210 174 213 231 69 
201 : 130 230 57 124 48 95 39 106 177 144 197 195 77 240 60 28 169 100 193 245 209 50 155 156 217 94 239 222 126 200 213 181 29 162 96 75 183 37 102 117 165 
202 : 97 98 153 186 139 214 173 34 203 96 207 111 198 40 90 26 190 58 118 199 212 238 175 94 148 105 82 159 101 244 35 171 85 247 172 124 249 229 246 70 88 37 208 89 83 192 123 74 125 179 181 117 204 216 223 99 66 176 169 156 84 151 155 233 197 211 54 95 112 217 146 227 168 137 33 240 165 47 248 177 55 64 193 230 51 241 170 160 166 
203 : 229 38 75 210 128 124 134 80 147 63 28 55 104 162 218 119 105 165 169 241 183 53 108 217 60 248 31 121 84 51 120 33 107 85 125 161 
204 : 189 79 103 117 107 39 111 94 76 122 151 108 223 220 119 190 81 178 45 74 59 47 145 93 194 70 155 147 58 217 69 168 162 75 96 85 191 157 136 213 133 199 177 40 33 38 51 167 233 125 207 77 130 180 186 49 42 140 179 196 141 245 56 150 
205 : 241 53 133 204 228 76 194 131 60 55 52 121 249 65 132 101 240 230 201 120 86 185 103 170 51 192 181 149 68 47 117 218 238 175 119 171 73 142 209 214 29 151 236 84 108 187 104 217 154 215 144 36 158 89 124 57 130 98 116 239 64 102 49 160 190 99 141 63 48 202 58 41 106 93 205 183 107 134 233 111 225 198 43 193 95 44 
206 : 184 136 243 53 143 175 183 85 63 178 119 114 248 146 54 165 231 205 187 234 171 158 168 47 145 163 55 88 123 89 73 233 247 237 124 161 217 
207 : 246 125 104 186 123 181 52 106 68 128 196 164 56 30 94 211 46 37 193 138 66 61 49 185 197 234 118 199 
208 : 224 183 102 127 65 78 114 30 221 38 181 54 232 60 226 64 163 44 92 172 248 122 46 113 243 174 244 26 156 192 206 184 239 124 139 27 145 103 200 201 155 53 80 107 227 218 167 71 212 228 84 217 56 119 169 70 146 47 225 43 81 67 165 219 115 188 154 123 120 112 196 209 108 91 197 79 73 189 25 111 222 37 32 162 106 132 42 185 117 171 134 88 104 
209 : 66 146 248 91 94 164 75 31 197 57 102 33 106 125 81 213 92 169 53 172 69 29 145 72 77 231 239 119 225 200 
210 : 228 54 105 150 132 219 130 42 138 46 249 119 169 32 218 58 67 118 36 45 86 56 234 192 144 247 35 245 239 157 226 148 64 92 139 240 145 30 212 189 135 87 84 238 53 40 191 224 103 121 110 235 81 52 220 137 158 89 163 184 199 77 120 116 216 149 214 167 68 102 29 49 221 155 173 140 172 153 26 190 57 185 147 241 227 125 95 164 48 197 146 97 165 248 183 171 99 66 179 74 
211 : 32 213 138 225 88 37 148 171 239 243 212 56 224 116 43 82 54 83 209 74 184 70 44 158 227 28 99 247 238 115 67 93 226 234 27 176 192 244 103 102 123 97 63 222 64 50 34 128 210 30 193 36 45 167 237 179 53 188 69 111 137 202 61 112 162 186 46 60 76 151 66 68 78 195 
212 : 107 65 87 141 92 34 71 175 69 108 211 226 196 173 159 58 181 148 73 167 93 101 64 194 126 200 208 100 54 82 52 120 76 174 249 86 37 88 127 138 26 43 207 240 97 144 117 35 128 224 104 143 68 203 145 178 243 66 
213 : 131 118 188 234 236 245 241 143 96 138 25 187 91 87 220 37 61 117 78 171 109 132 40 172 199 139 70 65 189 169 75 136 217 193 184 231 82 144 116 148 242 86 101 163 113 162 57 53 154 63 89 157 69 122 123 186 235 229 34 100 215 225 232 206 73 170 181 
214 : 71 107 187 122 124 93 239 191 193 120 43 244 57 127 83 35 48 67 51 59 190 238 70 200 39 209 89 157 139 217 142 167 112 173 49 53 197 169 
215 : 83 69 210 56 223 72 204 218 150 66 245 28 173 29 92 216 108 169 81 198 235 143 208 190 37 201 225 181 157 133 207 164 166 31 40 165 118 110 97 116 226 115 163 101 107 209 206 95 234 47 89 187 42 113 186 96 57 249 141 52 76 68 38 147 
216 : 186 145 67 153 222 143 248 26 147 50 226 155 91 47 162 148 61 161 144 60 84 28 89 190 103 164 235 211 168 77 117 160 249 207 187 146 202 244 120 133 131 216 123 195 134 135 95 102 32 25 105 137 96 149 128 142 85 209 231 152 228 92 180 243 34 206 79 63 247 64 171 198 150 177 97 217 136 200 227 241 83 174 108 191 188 113 229 40 111 43 210 242 238 157 51 86 189 192 90 
217 : 63 191 223 56 70 233 166 209 88 75 195 184 160 187 147 52 146 153 148 170 94 80 35 109 128 168 228 37 244 79 206 74 193 101 66 39 73 142 214 129 132 115 29 108 151 67 95 224 163 89 55 201 215 113 106 72 138 32 247 
218 : 223 83 186 75 146 79 38 51 131 25 236 69 72 110 247 35 93 216 214 244 245 61 50 40 190 139 123 248 230 179 191 221 180 44 122 63 113 77 232 48 168 210 94 158 197 76 242 215 188 246 145 71 118 53 104 68 84 47 166 169 31 108 33 29 142 157 112 208 181 140 237 192 80 149 116 155 41 49 148 97 212 128 228 200 89 39 172 234 170 136 81 174 
219 : 139 244 196 156 174 141 217 127 52 249 135 32 230 107 35 102 116 173 224 64 88 199 198 43 164 201 189 72 206 
220 : 85 134 127 69 114 164 202 186 63 190 238 182 142 95 31 195 242 35 218 120 72 82 162 211 108 84 148 30 93 90 205 52 154 45 146 128 240 150 25 180 92 124 34 107 170 
221 : 67 104 186 196 106 245 49 215 208 61 121 62 228 119 145 184 160 222 235 247 181 230 91 73 42 75 139 142 107 129 157 211 197 175 38 151 40 153 31 46 70 113 27 163 76 78 224 167 155 242 55 133 134 172 154 204 136 34 202 
222 : 105 206 231 97 186 230 38 139 183 204 209 168 104 126 189 130 83 57 182 158 129 171 37 246 64 190 237 63 179 232 128 164 191 238 52 47 150 49 61 29 56 165 178 82 116 172 147 146 187 175 28 214 152 169 225 195 143 48 177 85 180 70 196 217 167 140 50 98 208 194 91 202 44 199 112 220 247 69 66 118 81 223 
223 : 142 115 110 85 218 133 116 38 32 26 241 117 243 74 109 245 190 79 192 44 234 212 173 53 197 179 106 51 138 92 226 75 35 163 235 47 194 242 70 137 99 123 167 50 168 189 114 165 94 120 131 130 29 202 40 65 236 34 107 157 180 98 42 39 80 214 166 248 207 238 183 171 
224 : 245 68 215 242 171 91 52 117 42 219 65 114 232 168 47 149 103 202 246 172 28 39 152 226 61 228 157 214 179 48 137 70 136 180 75 72 92 198 
225 : 248 87 216 233 226 186 51 207 88 219 126 165 199 40 208 31 138 212 46 133 147 155 136 173 156 241 197 100 30 94 110 60 229 239 242 185 214 65 104 55 137 85 71 68 52 140 158 210 105 238 166 163 228 26 234 127 118 203 113 42 135 50 141 175 134 143 125 132 146 
226 : 200 144 54 138 51 240 136 179 230 43 100 58 129 168 193 198 183 36 178 39 28 122 123 222 219 29 60 59 140 206 151 241 134 171 194 166 81 229 108 224 248 89 121 112 180 115 153 239 249 231 234 128 27 31 
227 : 118 42 89 193 199 122 36 37 52 56 88 133 130 176 59 156 44 211 170 31 198 114 177 85 131 141 246 132 222 101 137 129 214 232 99 150 81 40 67 219 206 96 25 57 147 140 203 204 134 234 30 244 82 60 66 95 185 171 188 182 63 178 100 65 227 115 113 180 190 74 175 75 53 70 39 83 62 26 181 71 236 93 33 160 196 110 205 103 73 191 200 46 209 107 125 92 165 28 153 
228 : 115 66 83 229 131 183 215 197 34 160 230 45 171 153 159 63 72 94 42 175 96 184 145 37 57 84 247 132 127 29 92 161 142 164 213 195 235 80 71 208 237 130 89 32 198 189 104 186 
229 : 29 128 34 108 244 149 164 144 188 102 240 74 155 61 132 213 39 107 47 77 97 82 62 66 54 243 
230 : 249 221 70 185 163 158 166 234 133 182 145 118 57 125 110 129 90 186 177 75 214 28 176 117 148 71 205 193 208 46 183 170 201 243 83 159 115 102 169 180 132 198 150 215 43 184 155 100 232 165 105 30 219 190 38 36 89 93 47 181 153 187 244 111 203 162 167 67 123 246 164 231 60 80 194 41 40 34 62 44 137 35 97 78 51 189 112 76 138 84 128 82 236 152 240 233 149 217 147 48 
231 : 56 227 97 153 78 247 216 212 46 234 190 224 202 182 123 100 240 143 47 183 35 73 175 242 167 141 59 236 125 149 53 33 154 171 194 199 172 50 192 61 157 
232 : 144 244 196 247 150 175 137 230 46 238 158 104 206 181 169 66 152 107 117 113 217 84 71 155 39 243 73 58 216 227 115 91 48 174 119 
233 : 161 92 140 171 91 71 73 141 122 206 98 145 32 153 193 208 66 60 160 67 244 130 76 156 117 31 175 179 213 227 115 83 137 48 123 209 81 232 109 229 135 170 25 51 219 223 74 118 201 195 186 189 85 182 144 
234 : 95 118 224 34 167 73 141 237 204 115 180 231 52 246 125 163 84 48 120 227 101 126 181 108 65 176 194 
235 : 175 144 188 210 213 158 232 130 99 114 120 155 133 47 89 134 196 157 117 233 72 137 96 104 59 66 118 229 90 170 41 67 95 98 199 190 65 168 74 115 83 242 55 227 26 56 122 25 73 58 218 203 38 215 79 235 239 223 147 160 142 46 243 185 216 143 87 129 166 36 220 27 194 53 212 92 219 201 195 152 43 121 167 126 70 49 112 240 31 109 108 163 183 105 78 186 217 187 
236 : 51 54 166 231 243 42 67 201 47 168 50 131 182 105 193 146 70 155 236 101 141 53 150 158 75 156 200 179 66 97 39 203 27 219 223 204 246 135 152 153 191 56 45 171 38 117 99 220 198 207 188 106 73 149 30 112 96 148 151 87 82 28 209 34 122 37 227 43 44 235 109 239 136 72 55 86 189 228 167 49 186 65 52 71 94 115 224 119 40 225 
237 : 30 110 241 163 36 28 27 121 202 170 141 222 84 240 248 77 228 127 35 198 229 73 80 85 212 34 238 86 81 208 64 151 78 118 65 106 83 60 96 108 116 247 50 88 178 200 187 92 26 94 132 137 76 131 143 57 139 138 193 196 203 220 237 104 54 63 231 124 38 174 69 215 48 149 213 224 165 51 221 105 214 161 89 107 42 242 103 68 117 113 32 70 49 
238 : 89 46 192 70 124 238 184 52 236 112 63 232 138 86 239 186 28 130 107 67 218 228 229 39 241 91 168 188 203 172 55 198 160 71 38 57 191 117 85 77 113 34 40 122 127 42 199 94 120 90 73 155 174 129 171 200 212 
