0 : 64 70 85 22 24 43 40 99 28 49 9 82 20 2 74 39 30 25 58 73 19 53 68 17 76 32 42 6 57 
1 : 1 46 27 
2 : 49 73 83 91 70 68 50 43 56 99 13 61 1 47 93 7 79 44 9 72 39 51 62 82 45 71 74 4 67 95 84 16 5 77 26 48 6 34 35 94 88 
3 : 1 15 22 95 91 75 92 42 9 82 50 52 54 98 87 68 30 78 12 93 61 31 6 72 46 96 74 45 0 62 13 7 25 18 8 24 94 69 17 49 16 
4 : 97 93 33 51 70 17 10 6 30 76 75 72 69 20 37 96 84 0 35 16 8 80 23 59 71 58 46 88 27 52 45 48 21 
5 : 71 86 99 65 18 49 25 73 53 9 77 32 13 67 21 43 64 58 3 11 63 28 26 40 81 72 20 5 75 17 55 37 96 88 31 89 62 29 45 22 80 79 42 70 74 36 10 
6 : 36 17 37 43 51 48 40 15 93 66 83 88 67 71 19 85 0 98 99 61 10 84 86 91 92 95 6 50 3 13 
7 : 49 74 13 88 26 95 19 7 97 96 57 5 99 20 73 91 23 34 44 21 92 58 29 10 17 24 54 30 27 28 18 82 71 45 68 
8 : 63 47 85 51 11 15 79 68 83 60 12 33 35 32 91 13 58 97 25 92 
9 : 44 54 86 83 75 2 9 96 72 39 88 49 20 89 62 16 63 11 70 23 
10 : 11 91 83 96 5 3 95 79 8 20 35 15 7 27 19 36 38 62 6 23 72 48 51 34 32 37 67 13 98 28 70 87 21 31 57 43 64 24 84 59 49 0 88 17 47 44 29 22 30 
11 : 85 48 79 91 24 59 56 68 65 81 31 12 67 43 13 28 27 
12 : 49 14 73 27 1 40 78 84 0 38 19 39 74 77 43 48 79 21 10 23 56 64 71 89 55 5 9 30 15 34 37 63 7 47 6 31 12 98 88 95 8 54 20 46 41 68 32 99 59 81 60 35 93 67 85 86 18 17 3 22 87 91 58 57 92 28 82 66 
13 : 8 92 
14 : 82 84 0 1 33 9 17 79 73 25 49 70 62 21 39 
15 : 8 93 64 78 94 6 33 81 38 26 90 22 63 75 73 47 27 21 65 91 96 55 35 82 20 17 
16 : 2 34 51 31 81 59 99 69 11 63 43 58 79 78 14 23 24 6 52 91 27 64 89 3 50 97 33 19 42 22 67 61 80 30 68 76 47 75 49 20 
17 : 29 73 99 49 4 63 98 84 20 78 7 45 17 90 33 38 37 39 85 74 19 59 42 76 41 
18 : 34 73 83 17 87 44 90 14 98 28 97 67 58 85 61 69 55 12 21 30 64 11 20 96 77 39 10 71 76 32 26 37 93 2 95 57 3 8 63 86 13 74 19 72 70 27 62 
19 : 62 39 4 89 85 83 20 24 77 33 11 27 66 87 34 41 82 92 65 14 8 78 98 23 40 35 57 63 10 29 7 97 28 72 46 5 13 59 80 96 16 61 37 52 38 
20 : 44 83 15 54 29 82 40 70 88 75 84 90 62 8 72 16 85 97 51 53 66 
21 : 76 38 90 25 15 84 52 48 51 63 12 67 29 49 1 97 92 83 14 35 43 93 42 6 68 98 74 17 20 22 3 31 37 45 80 19 36 66 44 40 27 61 75 72 81 4 77 
22 : 21 77 67 96 12 49 65 73 98 41 55 99 54 66 6 43 86 25 91 60 11 35 92 69 8 37 85 94 82 52 0 90 63 31 61 3 87 33 83 97 47 22 26 45 70 13 58 
23 : 46 36 37 90 84 61 21 20 6 35 73 24 9 98 96 80 87 64 66 77 34 23 63 58 0 11 5 83 40 52 2 50 19 65 12 88 59 27 54 81 67 10 71 93 99 94 28 70 15 55 68 16 97 8 1 95 62 44 39 7 31 92 18 4 
24 : 39 71 12 33 0 43 97 15 23 89 60 25 37 78 55 72 80 14 44 27 75 24 50 77 29 92 42 20 45 54 46 70 32 31 11 36 18 13 65 30 7 58 85 48 66 95 
25 : 32 41 76 66 51 80 77 25 60 57 61 88 78 26 36 47 13 89 38 71 48 97 7 69 62 74 55 20 98 22 50 39 44 53 
26 : 43 6 25 77 47 19 73 52 31 8 41 65 11 28 1 18 74 81 24 89 59 39 63 13 37 33 36 3 66 76 96 12 4 75 64 38 95 78 91 61 10 26 15 30 80 55 86 49 60 56 69 53 44 5 32 46 72 88 57 27 20 23 67 94 93 45 
27 : 82 4 95 3 67 69 81 57 27 78 58 62 76 84 49 83 89 40 46 28 21 65 66 87 50 2 6 98 90 55 53 13 99 43 29 42 77 20 32 7 61 48 88 5 31 37 70 22 71 23 11 72 86 12 79 8 85 54 
28 : 81 51 29 96 89 58 71 56 33 38 45 25 99 10 47 19 18 75 4 86 50 95 42 34 27 53 40 5 49 17 87 12 35 91 78 
29 : 63 92 15 98 16 1 25 
30 : 96 48 0 54 81 67 29 11 22 1 42 34 58 16 37 41 92 18 20 61 74 78 13 5 66 69 72 93 59 99 55 65 63 83 19 87 6 30 85 36 84 60 75 64 
31 : 31 9 50 74 82 60 24 15 19 4 79 70 35 
32 : 71 91 17 48 11 35 77 97 43 99 59 96 63 22 93 
