0 : 184 136 208 117 199 171 108 98 35 60 187 47 112 144 228 81 221 214 222 90 123 239 203 72 52 244 93 125 206 84 76 95 215 209 55 64 119 196 201 246 179 226 92 170 89 70 186 242 225 26 87 96 33 194 99 200 37 102 147 231 131 191 235 43 185 243 205 168 27 30 
1 : 156 29 50 125 164 31 25 95 69 55 60 153 56 77 93 38 85 219 118 214 209 227 89 194 137 110 236 109 201 159 37 175 58 101 36 80 182 65 165 152 166 128 133 121 151 245 75 
2 : 140 27 189 165 68 173 104 89 235 70 128 188 55 108 74 117 127 112 244 71 82 34 41 221 236 52 38 59 210 149 54 83 131 182 163 147 229 120 157 37 145 164 105 67 243 151 45 196 58 115 207 39 118 201 138 192 191 101 161 152 167 48 63 240 217 231 122 33 36 175 172 65 97 194 100 156 111 
3 : 105 96 207 89 183 87 172 212 103 220 75 202 154 112 186 206 225 53 120 217 60 36 68 90 82 31 147 56 54 191 81 113 209 137 164 240 110 97 94 241 194 99 146 171 59 156 107 
4 : 92 90 235 40 153 174 189 88 248 133 57 28 232 27 217 100 212 238 147 89 29 63 37 86 223 214 81 227 47 79 218 33 69 187 215 148 59 130 188 169 221 201 44 65 49 80 211 111 26 149 85 137 172 94 240 219 121 224 128 229 36 41 157 93 246 170 127 206 
5 : 88 203 191 71 227 124 168 31 192 218 135 151 208 207 72 228 29 144 61 110 52 229 69 185 152 25 198 248 169 
6 : 61 187 223 204 55 34 217 76 96 220 98 116 100 152 109 149 169 108 29 36 50 79 154 112 236 130 110 49 135 247 37 103 94 117 38 153 234 127 213 91 46 88 161 92 52 230 231 67 159 157 249 163 243 107 160 105 141 198 201 174 192 90 97 218 68 25 131 126 
7 : 202 177 248 131 216 123 174 43 176 50 105 52 233 234 25 136 98 171 122 201 67 179 45 133 74 47 80 27 115 147 161 101 200 195 29 34 61 134 39 183 207 206 192 157 228 42 127 165 220 64 223 162 142 151 188 204 83 102 175 245 117 146 79 87 103 242 247 125 229 110 90 243 30 36 209 37 66 
8 : 197 240 110 125 119 85 192 67 30 143 124 90 164 51 26 132 238 175 239 167 243 134 244 58 114 92 188 235 222 184 204 33 195 48 
9 : 219 89 109 85 222 67 171 51 105 246 146 117 68 129 64 116 241 38 152 182 142 132 97 224 150 83 56 247 203 40 106 112 113 88 173 178 26 84 145 37 223 73 233 70 30 248 228 172 93 114 60 133 183 163 29 213 115 218 127 71 82 77 180 157 76 249 192 231 199 102 39 131 227 130 165 
10 : 188 53 157 191 59 81 126 30 172 143 50 28 146 90 223 219 69 179 248 66 155 95 214 128 163 39 72 37 133 52 67 
11 : 118 188 149 164 243 202 192 45 224 159 61 179 133 158 113 59 65 234 185 215 150 37 78 183 50 81 147 132 76 124 237 176 79 100 56 138 167 93 219 55 236 160 161 131 38 96 217 97 129 41 198 104 225 53 27 
12 : 28 84 238 63 50 176 211 86 194 228 219 163 246 132 137 224 200 216 235 65 57 147 44 226 189 54 29 166 25 206 121 101 119 208 55 184 31 26 66 56 148 177 180 167 150 
13 : 172 180 101 175 191 135 86 197 178 66 143 129 57 35 231 150 26 100 174 95 33 103 38 154 213 47 37 212 81 141 64 90 138 107 160 216 171 52 
14 : 90 77 157 45 82 61 156 187 220 122 237 217 72 128 206 234 166 124 113 227 161 147 120 67 153 248 58 178 154 79 99 109 240 106 27 198 225 199 65 
15 : 98 143 201 243 120 116 74 107 89 47 117 54 234 128 138 105 82 237 182 100 157 31 196 91 84 51 146 
16 : 52 33 139 69 234 182 117 45 49 41 166 197 28 56 36 114 34 171 104 173 53 110 177 32 38 122 232 165 145 243 233 84 72 51 213 61 138 141 121 106 134 95 82 46 240 78 155 133 129 43 220 105 140 76 248 161 212 94 185 247 135 174 179 48 131 
17 : 201 114 217 96 79 31 239 73 169 71 138 95 42 160 188 35 52 122 134 247 34 197 129 83 60 76 111 72 206 143 186 212 126 67 55 50 77 29 214 243 106 120 84 62 244 
18 : 118 49 151 184 177 203 64 133 110 31 206 106 202 172 242 187 68 188 136 212 168 179 77 97 183 194 191 235 167 99 94 
19 : 32 174 58 136 93 127 152 141 134 87 138 238 176 53 46 104 63 181 229 70 86 157 208 82 92 191 137 158 194 89 139 248 105 81 214 148 99 43 55 190 207 167 233 150 169 245 196 146 83 231 202 247 170 90 33 177 200 240 75 101 34 71 213 106 60 155 72 221 61 189 178 76 77 211 95 42 132 
20 : 135 231 145 176 151 47 207 60 58 112 120 197 177 196 206 54 190 130 167 223 186 210 57 208 110 201 242 89 245 32 237 48 158 182 217 84 171 92 104 50 45 61 214 
21 : 99 185 75 27 230 156 127 195 206 70 176 168 234 97 154 171 106 146 190 118 116 31 170 57 111 166 203 197 122 144 79 98 131 107 138 163 86 29 30 244 204 187 103 134 150 113 109 135 151 198 63 240 76 35 141 145 202 221 224 192 82 77 69 208 93 159 34 167 139 152 56 236 42 155 231 80 43 
22 : 158 228 122 235 117 77 173 139 64 142 168 94 82 136 180 137 231 164 202 160 218 178 36 249 33 134 125 105 190 52 114 55 189 223 51 25 79 234 210 248 230 145 75 112 222 81 147 166 195 
23 : 122 136 214 153 245 185 131 60 221 174 38 130 177 125 163 165 207 56 139 149 194 208 249 219 88 222 46 32 82 49 107 195 144 203 146 78 126 134 54 68 85 
24 : 243 229 249 47 222 200 123 98 204 237 145 221 190 133 113 70 125 166 148 153 53 79 144 150 139 63 235 207 214 181 134 198 223 135 60 32 152 35 187 50 
25 : 199 208 103 128 177 205 244 222 138 114 122 223 89 60 126 139 182 55 58 64 79 217 104 210 168 233 234 192 231 215 143 87 243 190 57 48 132 
26 : 79 247 200 63 108 35 161 244 31 222 178 229 193 175 211 99 159 110 195 90 105 141 181 97 55 166 183 68 48 26 224 74 61 221 132 218 115 176 130 114 111 206 228 136 143 220 203 73 33 78 
27 : 206 135 81 199 114 75 66 237 227 171 38 189 40 139 100 88 207 59 89 245 33 225 85 218 216 161 131 172 68 180 160 226 134 166 232 101 56 150 32 204 179 195 111 67 95 240 140 63 247 201 188 55 211 128 137 108 118 138 194 117 157 162 93 170 148 234 173 228 26 121 35 60 
28 : 230 187 225 81 59 186 28 112 175 88 159 89 234 216 34 162 157 202 172 149 181 249 189 217 154 243 61 235 104 105 143 163 227 194 158 125 92 171 204 26 188 199 90 240 120 173 224 197 41 110 44 50 244 214 123 37 45 133 27 93 231 205 135 200 167 111 39 87 25 118 142 219 153 57 62 
29 : 160 143 107 161 120 89 180 233 184 146 189 54 141 203 134 185 223 228 158 245 172 202 207 147 131 123 65 52 214 116 83 110 135 69 179 165 241 195 151 44 132 47 51 239 103 240 196 225 230 68 249 61 192 
30 : 202 235 81 144 117 60 228 173 59 212 197 227 154 214 184 193 201 151 111 31 219 183 233 158 127 237 89 147 108 238 159 168 39 107 229 79 101 109 26 55 220 247 56 152 139 203 40 140 
31 : 227 221 184 176 133 124 99 76 238 111 137 38 25 161 244 48 69 151 200 198 66 170 186 150 166 65 89 30 147 243 94 225 62 86 71 135 145 127 180 181 226 154 168 78 88 229 129 169 246 63 248 162 228 61 207 220 64 84 37 163 123 
32 : 57 229 124 203 145 31 219 35 32 178 30 177 176 249 248 133 93 29 196 33 111 186 120 246 195 58 179 202 131 136 104 125 71 226 
33 : 35 52 143 216 105 115 30 137 217 152 69 108 83 56 205 234 168 198 229 65 95 36 248 209 145 27 38 245 230 162 188 247 94 33 207 172 131 182 61 201 153 109 74 47 106 199 59 186 239 122 68 204 211 26 46 193 148 158 210 170 43 71 
34 : 155 47 65 183 235 184 81 179 32 82 125 93 66 26 37 79 247 197 131 111 80 176 190 169 149 84 217 44 202 178 61 165 108 123 115 147 63 233 48 46 172 117 181 144 171 33 120 97 143 113 193 191 73 114 
35 : 234 241 145 228 185 84 127 194 204 129 170 191 72 52 118 242 188 55 243 58 219 25 218 65 106 115 38 171 102 111 158 125 68 205 143 198 161 53 221 126 177 83 157 175 203 93 179 31 167 48 189 26 45 162 73 46 231 195 138 96 213 168 173 209 97 77 
36 : 163 220 195 186 160 245 72 110 212 191 86 222 216 56 85 54 130 88 232 147 114 203 242 131 141 84 172 
37 : 181 165 242 151 231 112 80 135 67 94 53 50 87 51 191 101 79 198 46 118 168 175 128 104 66 131 144 44 211 43 73 229 161 148 115 216 
38 : 125 46 55 145 239 160 230 123 65 124 34 59 118 181 157 110 249 196 111 51 113 244 96 148 152 60 216 141 235 226 189 122 205 88 
39 : 68 233 98 66 205 46 119 95 112 116 132 102 171 215 160 47 166 63 108 91 194 174 64 172 247 188 76 242 198 206 90 191 31 243 149 130 44 127 229 235 239 71 58 202 187 
40 : 54 203 69 30 45 161 241 110 38 39 89 234 126 145 28 182 193 183 25 116 240 46 173 65 58 31 155 174 
41 : 44 143 137 129 207 201 140 105 95 96 203 224 186 38 123 26 157 242 211 189 115 65 145 112 226 116 163 125 142 223 83 124 188 34 59 156 99 92 29 209 27 79 80 220 141 196 53 
42 : 27 146 116 110 119 151 50 218 159 188 148 226 175 89 133 28 168 154 99 189 94 236 36 100 221 244 118 203 230 69 138 242 91 234 33 103 92 105 48 142 134 61 150 121 55 46 215 68 117 135 81 206 233 220 123 62 237 139 155 83 25 31 130 101 71 145 156 127 30 
43 : 73 102 180 210 106 247 130 187 90 32 26 124 223 107 48 145 169 27 31 137 49 246 242 218 248 151 195 132 125 206 142 37 219 216 231 190 78 103 183 188 33 194 89 71 167 42 25 173 197 82 70 156 59 201 154 109 
44 : 32 42 38 131 160 175 135 126 233 120 118 119 60 178 39 92 97 183 167 182 51 212 191 53 231 26 123 211 134 225 198 90 239 166 245 162 43 71 154 217 103 179 114 240 165 226 242 99 202 96 28 229 115 174 27 234 206 214 
45 : 47 206 165 62 139 81 248 119 56 194 175 172 170 86 146 104 143 180 85 150 34 154 230 162 140 149 61 88 166 163 52 68 239 64 178 92 135 128 225 36 99 115 245 
46 : 145 171 159 246 120 149 179 105 103 192 219 144 26 29 212 55 66 135 116 101 107 153 188 165 119 185 233 125 184 53 236 67 174 139 31 161 60 200 154 218 166 244 112 206 202 238 172 59 39 207 220 157 248 121 223 198 49 140 177 86 61 240 122 
47 : 175 27 77 50 241 133 208 198 183 80 38 219 31 107 196 148 213 73 44 28 228 209 188 204 75 117 25 
48 : 100 113 58 66 81 123 112 157 108 96 83 87 205 111 101 127 92 95 134 176 53 44 174 193 161 126 110 221 121 209 173 56 230 120 217 33 91 192 102 47 80 118 78 180 34 186 144 183 170 107 169 38 51 147 219 
49 : 202 81 138 192 227 179 197 112 217 62 115 101 237 80 48 27 72 151 85 65 167 33 246 61 171 76 
50 : 225 119 68 31 96 241 220 153 204 150 202 180 99 80 45 25 111 92 206 50 214 115 239 128 129 167 
51 : 153 147 173 50 121 75 169 149 45 131 113 79 134 117 108 230 120 206 159 165 80 49 76 91 143 96 62 82 236 247 95 68 128 168 240 241 226 38 107 94 202 229 170 59 103 118 161 246 100 127 198 
52 : 217 170 225 106 166 53 132 47 207 181 194 244 165 246 242 134 121 119 42 68 216 234 168 28 197 154 27 
53 : 195 232 155 125 190 50 209 197 109 215 127 131 191 177 120 119 126 27 103 56 98 161 64 134 39 129 
54 : 26 169 97 77 226 44 229 249 203 178 244 183 227 122 175 161 147 235 214 155 119 233 193 35 152 83 164 103 192 63 41 143 160 149 213 248 116 224 132 151 208 127 234 159 148 186 80 205 89 236 242 
55 : 39 194 40 215 183 180 60 157 101 172 107 223 186 151 190 137 178 177 188 205 62 245 76 149 246 154 218 33 233 153 217 41 64 57 67 
56 : 190 106 35 179 198 81 147 101 30 200 135 142 86 148 67 47 58 103 213 116 120 160 99 218 184 152 90 77 62 123 235 239 231 66 183 49 225 159 211 59 97 212 84 26 143 117 80 56 154 173 73 60 124 153 232 28 157 185 37 96 52 210 163 223 38 78 79 236 140 89 
57 : 73 109 160 72 198 65 168 188 163 192 185 131 174 34 240 235 26 237 85 108 222 38 202 143 111 234 128 125 165 139 47 219 172 67 186 33 
58 : 26 188 153 76 221 211 61 161 104 179 143 158 181 236 64 86 235 145 31 237 219 93 155 78 116 154 99 194 163 88 38 121 149 125 89 216 182 48 32 224 114 66 228 231 227 238 207 141 73 74 214 142 72 204 170 33 239 94 100 47 87 164 70 213 25 135 75 84 176 132 43 126 137 147 
59 : 122 162 183 107 206 126 243 85 139 56 49 220 64 152 106 202 188 201 175 58 236 131 173 190 167 239 225 160 198 144 227 111 248 112 46 194 94 136 70 231 93 43 135 184 88 123 97 52 35 71 196 211 246 66 114 
60 : 227 191 243 171 69 149 220 115 103 89 108 138 157 217 161 86 208 72 71 175 159 228 170 204 222 111 233 206 231 41 230 83 48 134 201 195 188 40 234 212 129 246 35 141 176 114 248 242 37 198 236 28 
61 : 75 31 117 90 123 95 51 144 162 103 107 249 30 218 213 157 41 238 69 65 198 82 54 28 91 182 163 64 208 164 168 55 81 170 74 85 46 201 125 195 133 154 79 179 104 210 220 32 113 192 112 88 212 106 105 96 131 148 233 141 156 120 
62 : 220 241 218 110 160 182 214 60 109 61 133 85 132 234 106 248 233 148 124 174 247 44 222 83 126 162 30 179 102 47 65 199 168 
63 : 245 168 103 152 61 227 213 93 233 197 218 140 33 199 40 54 132 149 50 136 156 236 162 27 65 159 70 31 170 143 68 124 232 194 125 184 205 243 91 35 75 154 69 62 189 209 119 81 59 212 138 
64 : 212 97 237 234 225 230 135 145 48 100 139 91 198 249 134 215 239 231 182 38 107 170 207 123 119 136 28 152 162 121 
65 : 144 220 93 236 147 59 122 171 31 178 32 139 76 136 214 47 167 177 110 39 132 233 101 25 138 104 135 222 198 238 184 45 113 126 241 243 112 163 108 247 
66 : 170 95 198 185 215 143 235 129 132 234 98 173 145 65 218 158 156 195 45 200 180 232 154 114 134 94 117 26 240 28 179 248 237 214 72 149 49 112 152 226 144 159 241 186 60 67 99 103 
67 : 249 94 125 194 152 43 221 217 198 42 52 46 244 51 201 68 61 132 30 247 225 148 66 96 168 209 
68 : 223 195 86 104 135 34 174 109 45 214 161 124 47 235 249 70 165 226 197 101 218 128 156 203 179 137 136 112 61 144 33 202 
69 : 44 230 237 166 156 74 78 241 103 223 117 162 190 31 239 152 38 135 73 91 132 154 58 56 147 185 155 218 225 210 99 34 29 97 220 124 43 177 209 144 215 216 202 70 206 109 188 71 198 61 123 153 96 94 249 235 165 127 200 51 133 201 182 
70 : 131 230 245 192 105 90 43 58 48 219 191 232 26 240 206 184 249 32 226 166 97 86 210 78 235 171 141 194 112 76 49 55 169 183 152 241 188 215 38 39 84 119 124 57 133 47 181 50 126 167 221 109 88 242 189 66 186 168 155 74 234 
71 : 54 26 178 36 55 43 112 158 74 85 141 227 167 94 220 215 131 78 153 206 152 96 82 123 161 98 135 195 73 
72 : 76 190 91 126 78 216 227 67 87 81 117 170 51 164 149 249 96 193 232 82 176 109 53 213 57 59 229 35 146 85 123 220 47 212 44 141 201 160 184 143 163 46 240 50 219 159 66 75 151 121 34 191 110 217 83 222 142 198 205 70 77 187 42 128 215 182 118 233 58 49 
73 : 188 169 61 201 126 57 121 248 147 223 127 25 229 184 149 163 159 49 205 45 103 68 106 212 140 84 124 65 240 186 87 56 172 37 51 98 207 211 238 222 178 110 215 170 120 192 204 135 67 136 100 226 80 173 195 105 194 79 247 117 242 30 218 202 183 168 91 
74 : 217 136 230 86 182 82 73 146 163 147 46 113 31 144 127 243 190 43 58 98 169 222 150 197 67 204 209 239 29 39 119 207 184 103 194 81 172 212 52 137 
75 : 115 69 130 153 61 39 91 92 208 200 176 80 193 181 211 205 174 72 81 70 84 29 183 38 236 213 123 235 142 35 144 150 229 163 199 243 245 34 26 202 88 
76 : 236 70 170 221 147 188 45 178 116 66 113 106 219 145 223 89 231 207 91 148 95 68 25 29 51 196 74 103 216 125 46 155 203 149 31 144 210 173 224 42 
77 : 209 137 69 94 51 244 174 42 202 91 138 206 117 84 86 226 219 93 146 176 203 148 149 159 83 59 70 139 225 204 99 85 241 238 151 247 210 127 30 187 143 123 188 223 56 160 170 46 68 41 157 50 90 192 135 248 166 213 74 165 115 142 215 114 140 167 178 121 145 156 32 52 107 
78 : 110 105 203 193 208 66 90 116 117 139 109 221 69 101 192 140 112 31 72 183 28 248 150 186 231 198 83 138 234 173 67 206 36 84 111 80 70 104 52 119 114 
79 : 147 152 31 110 233 182 98 206 167 157 78 86 244 231 35 82 199 223 195 93 187 134 39 97 151 132 89 177 55 104 143 57 53 249 29 122 26 92 185 216 210 94 109 58 201 41 48 80 232 96 127 77 52 200 49 173 190 34 44 50 154 75 84 69 70 123 242 230 145 119 224 
80 : 107 154 29 136 121 109 114 246 99 142 55 122 73 135 71 208 192 70 197 190 229 219 131 202 226 222 171 
81 : 121 155 208 119 48 223 149 138 157 195 114 172 159 137 145 80 75 171 85 154 26 129 133 196 179 89 207 49 163 236 136 64 123 242 42 120 244 83 67 66 117 218 72 99 40 
82 : 98 92 240 77 76 149 182 59 57 160 213 142 70 162 129 194 60 49 40 140 124 216 227 56 113 195 27 205 103 26 211 186 201 45 29 177 163 127 242 50 169 37 90 122 157 230 167 
83 : 149 220 197 187 204 131 80 71 190 59 28 39 249 86 225 224 77 228 171 173 170 196 79 219 134 154 95 34 52 198 234 139 103 41 60 222 
84 : 195 186 222 233 100 121 73 64 214 32 236 189 144 49 39 231 38 65 175 90 141 89 110 80 182 82 135 247 56 202 232 116 53 174 140 134 156 230 28 152 159 181 45 117 200 29 187 126 77 43 206 163 217 219 95 199 245 150 52 197 165 62 74 166 145 114 172 237 98 229 79 85 40 171 
85 : 28 62 26 205 46 186 218 223 96 78 108 29 88 126 53 202 214 163 142 104 135 79 115 128 177 69 154 143 120 206 56 54 241 164 65 232 175 113 102 173 118 216 244 77 32 
86 : 123 67 83 114 173 202 61 74 94 158 189 209 221 152 81 41 171 144 46 204 50 169 33 132 27 147 91 249 243 208 224 213 43 246 122 34 186 226 92 241 69 143 177 185 84 211 242 150 118 153 218 108 25 97 231 223 244 87 220 193 139 71 187 86 54 77 35 82 240 37 216 225 
87 : 74 93 63 66 50 160 51 57 96 43 48 209 179 143 174 42 158 30 92 213 210 214 224 147 191 125 40 88 164 193 223 233 81 35 124 170 71 128 246 95 130 126 102 175 222 26 67 180 131 208 159 36 152 132 199 91 230 200 212 157 44 204 171 145 184 
88 : 220 249 194 71 191 232 116 101 210 218 164 245 99 44 56 62 80 112 159 163 49 131 70 149 189 168 219 48 108 193 98 117 144 122 
89 : 160 64 177 134 52 237 59 201 152 133 28 107 35 191 181 66 211 30 76 238 137 156 119 223 86 166 135 143 112 226 161 167 180 145 187 216 189 157 171 245 151 73 96 234 109 110 232 89 67 205 144 94 26 132 124 100 168 125 44 193 31 126 99 79 154 173 146 121 117 228 
90 : 179 234 210 124 159 99 29 244 104 190 58 113 73 28 50 54 40 30 114 248 202 145 62 174 79 80 112 241 63 136 98 154 214 236 44 101 87 187 46 152 246 176 235 128 169 26 
91 : 59 176 43 145 131 220 158 28 107 32 120 58 236 91 117 111 115 219 102 144 222 118 106 216 163 155 31 46 98 103 57 248 169 210 182 40 165 56 166 217 88 218 119 181 184 86 196 114 201 148 83 75 80 240 193 197 192 231 45 156 72 
92 : 192 63 121 80 93 95 226 131 224 158 110 87 175 200 62 248 146 44 85 72 180 137 64 65 45 134 212 101 219 211 157 245 143 53 68 88 186 112 67 96 241 178 239 210 217 46 60 208 27 76 161 173 216 136 230 171 43 145 125 98 135 57 154 
93 : 200 53 45 216 90 81 239 205 177 98 229 129 128 85 38 197 37 119 46 208 51 93 203 193 61 96 64 161 42 207 87 89 131 202 152 214 56 118 135 136 162 101 130 195 164 
94 : 185 77 242 182 134 169 210 96 150 196 170 244 87 220 190 218 62 206 192 239 180 122 55 126 243 144 191 224 241 198 90 226 71 154 209 63 28 117 231 240 174 188 56 223 195 212 171 227 76 208 156 229 51 98 246 124 145 97 215 128 67 
95 : 142 195 102 63 158 214 117 246 244 179 49 245 48 191 45 228 181 47 126 193 54 56 127 37 33 236 161 201 249 135 100 190 146 165 130 209 67 26 167 29 139 205 97 192 160 169 187 239 150 82 225 159 74 203 27 46 194 32 243 69 212 219 183 83 223 157 218 113 72 59 168 163 122 151 66 180 
96 : 232 193 135 61 147 162 171 133 142 167 59 189 51 26 95 68 42 39 214 54 149 231 72 157 60 110 99 130 141 127 206 183 192 218 
97 : 208 130 151 161 105 177 95 87 203 167 212 51 82 241 240 103 165 57 179 172 136 107 109 69 101 55 104 111 206 67 197 
98 : 65 103 177 34 88 212 56 149 26 29 210 170 169 95 193 236 224 182 25 233 158 215 180 226 184 28 74 243 174 154 54 204 113 189 146 116 57 178 71 51 33 200 100 136 205 187 90 181 62 81 
99 : 175 189 144 41 38 147 40 151 72 215 209 49 45 99 116 232 162 212 178 173 65 75 73 130 102 129 171 180 176 194 54 113 221 115 235 167 70 188 160 224 140 207 203 142 
100 : 211 239 45 169 234 240 59 125 91 101 187 52 145 193 225 120 180 28 79 177 147 136 56 202 76 236 73 179 142 170 32 189 88 61 194 116 141 137 229 49 63 118 68 72 148 60 102 100 206 
101 : 25 162 114 226 166 180 231 128 155 242 143 106 42 234 170 85 90 88 185 194 55 87 122 179 60 110 33 133 53 100 103 215 31 165 67 199 56 190 129 35 150 205 97 109 141 158 51 148 80 146 
102 : 85 141 202 241 242 201 44 95 162 181 127 216 28 196 197 156 209 168 140 70 110 57 74 54 246 58 66 76 26 138 145 215 102 205 32 172 178 194 118 249 56 200 166 146 55 125 195 38 171 68 124 187 129 210 236 115 142 104 159 191 213 31 88 96 
103 : 122 187 156 96 233 173 70 206 98 33 140 222 95 150 169 172 163 60 112 31 179 167 143 132 32 104 82 165 118 161 
104 : 62 86 59 113 47 163 223 148 173 239 142 149 111 156 226 35 136 170 194 51 138 133 38 98 27 117 90 64 115 74 132 246 198 143 196 112 166 217 157 50 118 180 227 123 174 188 33 30 46 81 58 147 129 43 241 240 34 192 37 167 93 102 48 49 158 202 183 187 243 169 83 152 
105 : 92 149 27 106 87 189 66 243 78 30 117 158 110 187 125 183 154 111 120 185 203 121 214 136 238 221 39 108 71 145 101 181 115 216 200 160 244 103 146 46 74 107 40 113 68 
106 : 142 248 154 125 90 208 122 36 186 135 179 48 51 129 233 146 206 92 56 172 54 163 102 164 152 69 222 246 49 219 71 
107 : 177 31 69 157 163 164 25 212 169 44 196 82 152 53 200 176 190 239 41 210 135 246 158 55 57 27 70 43 131 191 110 71 203 104 38 159 100 248 87 35 30 153 123 26 68 136 96 90 73 140 245 126 244 206 145 127 223 52 235 114 174 49 234 213 188 107 63 236 211 45 39 
108 : 120 241 159 114 121 193 249 166 56 81 228 140 95 168 171 219 69 40 164 142 54 226 238 184 235 53 85 173 230 73 38 134 122 72 143 83 77 28 183 186 211 
109 : 234 109 178 57 26 76 156 129 206 72 58 50 127 142 208 196 27 41 113 195 202 241 220 134 243 123 100 116 226 180 183 242 75 51 157 164 176 70 99 197 112 204 217 90 92 173 118 37 33 184 135 221 228 52 97 98 44 32 107 198 168 248 152 91 141 146 244 128 43 35 167 175 172 
110 : 50 109 44 197 218 122 174 117 242 75 131 196 78 192 248 126 87 210 61 203 98 90 184 234 127 185 171 58 86 99 136 157 170 97 83 212 81 175 29 219 245 47 202 145 178 230 66 28 240 60 32 
111 : 71 86 98 230 139 90 77 141 201 210 162 115 38 46 49 194 182 102 72 220 58 81 223 231 148 228 36 153 191 213 70 208 151 174 135 53 184 106 128 155 34 207 118 130 198 26 146 82 147 59 76 67 25 73 64 50 75 143 97 170 132 178 78 129 165 
112 : 37 119 49 102 39 212 59 149 147 165 110 40 160 48 241 57 248 231 169 219 214 209 120 82 84 105 75 30 198 201 71 236 131 111 76 237 246 44 141 53 85 
113 : 207 54 216 152 179 203 160 231 127 39 83 220 87 146 89 178 123 181 247 110 177 214 199 162 168 
114 : 26 156 115 191 117 152 140 184 95 180 173 145 179 170 196 195 218 213 80 106 77 123 220 97 131 187 177 143 216 81 249 159 66 57 54 232 125 104 53 101 233 
115 : 191 118 190 147 158 229 80 207 41 29 175 95 248 215 115 36 47 204 30 200 195 170 127 246 209 193 205 119 77 230 194 162 152 25 222 65 132 197 144 176 149 112 221 126 140 63 28 
116 : 45 207 38 173 223 185 120 139 69 91 102 167 152 82 92 148 177 64 175 213 188 205 57 116 230 245 211 42 59 233 158 153 44 29 147 186 142 97 163 240 63 105 31 200 62 
117 : 173 213 38 200 122 36 74 197 248 49 219 102 131 75 104 204 199 241 185 31 194 245 138 151 120 108 177 94 57 76 186 70 146 109 237 118 83 105 170 218 43 116 26 152 126 149 205 242 154 208 42 239 210 50 160 135 73 174 190 89 51 188 209 148 52 
118 : 245 202 97 194 169 235 100 124 232 177 74 149 98 114 237 163 36 133 182 238 181 61 228 56 153 29 248 67 58 33 31 191 142 220 35 180 102 188 155 89 184 161 55 
119 : 158 100 94 127 195 59 91 110 61 30 85 199 224 103 38 231 107 198 49 181 50 72 122 51 60 223 121 39 232 90 155 96 123 87 225 82 
120 : 204 113 125 139 149 192 110 236 206 216 137 188 94 44 164 175 146 74 78 215 210 212 31 87 232 37 98 120 39 159 123 47 88 65 153 38 208 46 51 33 202 243 45 32 57 133 148 111 147 41 246 176 106 108 116 132 96 178 248 50 190 237 86 203 143 200 
121 : 98 97 248 89 135 208 125 84 169 145 184 163 166 134 105 118 234 123 155 82 49 230 247 224 31 66 115 129 202 215 156 178 65 191 185 204 100 37 111 63 128 228 64 121 213 170 168 71 147 192 109 243 
122 : 192 85 82 121 169 79 122 166 30 189 185 155 34 65 217 235 87 238 209 203 248 62 37 114 75 43 52 116 144 170 178 226 55 214 205 196 130 239 84 74 31 137 173 220 47 131 102 
123 : 177 236 223 66 224 111 99 155 247 240 31 217 156 136 75 179 32 87 158 139 196 200 195 162 105 123 46 184 132 53 148 94 93 52 88 211 103 248 198 185 187 43 102 57 113 183 152 38 
124 : 84 207 38 87 126 112 29 44 146 39 238 35 168 69 210 49 70 189 54 43 63 167 211 66 31 94 249 
125 : 151 206 41 92 234 158 189 113 73 233 172 39 212 228 82 49 91 26 83 221 243 129 106 192 207 78 219 196 169 119 150 25 102 183 198 238 240 185 58 87 174 68 84 149 105 118 
126 : 67 34 116 188 47 211 142 167 206 229 62 131 144 174 151 183 113 137 194 150 69 100 162 244 149 217 176 160 196 191 48 80 
127 : 126 42 136 163 228 95 55 177 201 66 171 162 71 161 200 164 186 101 167 159 93 151 83 111 37 217 142 
128 : 107 29 66 183 240 142 146 116 99 96 241 182 135 156 223 221 65 206 155 132 41 185 138 42 192 224 157 179 126 53 114 112 47 211 189 58 73 
129 : 57 217 28 137 122 225 147 98 26 216 35 175 203 99 69 94 50 116 184 84 135 220 146 29 199 56 91 104 44 72 209 96 
130 : 168 198 153 115 61 114 163 29 175 222 190 69 231 193 108 171 51 41 117 186 145 183 207 155 166 
131 : 208 244 66 185 106 105 78 158 231 176 221 179 225 191 126 98 97 245 181 162 130 53 151 132 36 249 121 70 190 196 43 177 213 246 96 222 170 230 117 64 178 216 242 167 113 47 45 169 28 65 133 118 195 
132 : 203 105 207 173 192 142 231 98 61 39 214 241 47 51 138 229 35 62 165 152 124 217 208 248 205 247 212 84 54 221 72 211 29 167 230 27 91 68 180 130 139 104 129 89 166 183 78 245 176 225 147 195 117 188 42 106 63 235 215 177 88 172 126 97 75 92 112 
133 : 90 222 175 29 191 243 69 242 116 247 208 232 201 59 156 215 79 65 230 227 210 194 75 170 80 155 42 249 197 54 235 97 53 151 104 211 204 143 162 52 
134 : 189 210 64 29 224 219 153 35 237 119 78 122 186 238 179 176 190 161 157 218 158 225 84 139 53 81 117 96 192 108 201 50 167 214 143 243 107 58 230 195 134 128 208 240 91 131 79 242 43 124 144 31 206 236 57 88 48 
135 : 106 157 193 146 43 218 151 86 62 139 156 210 28 54 40 130 185 74 168 60 58 25 148 194 116 188 158 204 138 202 142 136 123 232 230 137 115 
136 : 57 51 185 100 169 52 59 247 123 155 225 186 146 90 136 194 38 102 219 223 249 129 120 220 65 175 166 221 99 111 
137 : 205 69 66 233 199 168 157 129 28 144 136 167 234 102 99 45 77 188 143 211 26 27 140 192 222 217 82 117 
138 : 185 28 213 57 226 71 200 113 56 119 171 87 63 59 25 89 88 33 43 151 230 249 190 244 67 47 168 36 91 182 247 78 74 149 152 195 54 239 164 44 122 137 61 148 45 211 142 118 127 218 240 27 209 175 132 
139 : 156 113 242 58 207 124 173 27 167 53 38 137 130 34 180 179 199 187 95 148 47 149 208 136 151 26 66 134 42 212 49 154 92 152 75 41 109 46 85 64 68 54 185 135 39 188 232 40 219 169 147 125 48 146 100 67 229 
140 : 145 98 188 154 46 72 81 64 161 227 202 186 108 158 25 88 178 245 241 89 137 111 184 40 218 123 53 56 
141 : 72 71 87 77 230 249 85 202 54 131 176 175 171 28 67 84 144 191 173 31 61 167 186 139 90 163 209 160 158 112 121 223 27 143 37 215 243 74 45 53 88 157 43 207 52 118 155 39 205 220 29 57 145 66 187 245 135 
142 : 53 165 43 73 79 225 170 231 153 126 191 235 140 219 114 132 239 105 190 91 143 72 49 145 202 226 154 135 27 129 200 169 125 
143 : 168 208 60 220 231 192 165 41 230 64 234 109 65 217 127 111 92 178 33 46 142 77 154 190 185 237 103 86 49 117 182 233 218 241 159 223 28 95 43 30 188 120 31 56 184 147 202 89 105 201 219 74 181 35 130 108 213 36 53 91 
144 : 57 74 218 143 214 167 205 36 107 138 179 249 117 158 169 131 239 115 29 230 108 150 178 182 51 70 89 111 58 105 124 219 146 73 173 98 157 242 84 170 177 137 153 186 211 67 116 180 175 176 220 80 85 140 200 215 93 99 174 189 52 103 56 209 151 104 119 194 166 133 72 
145 : 153 131 126 45 181 232 241 197 95 82 76 99 184 198 195 47 237 163 209 217 205 101 166 114 204 106 77 37 245 183 120 39 73 33 194 89 
146 : 231 109 146 247 174 202 184 243 88 96 187 102 132 84 58 79 127 191 66 115 78 239 117 126 99 200 45 107 104 131 246 133 229 248 137 89 34 85 92 87 61 54 226 119 80 47 151 155 93 
147 : 38 163 219 68 214 159 226 76 109 87 72 103 113 40 155 92 238 31 213 240 67 101 44 90 244 36 77 207 167 73 57 181 85 54 216 245 169 25 237 110 131 61 41 102 157 211 201 78 173 94 145 178 137 190 
148 : 57 101 130 74 150 237 62 59 213 30 87 61 94 128 231 183 198 157 211 133 206 182 164 233 208 193 167 235 68 224 214 244 248 80 137 44 114 53 147 149 42 144 
149 : 200 165 45 51 29 219 133 214 171 152 64 87 109 189 53 224 186 179 169 167 60 151 75 110 170 217 44 130 83 122 242 205 105 36 127 46 120 206 137 123 235 81 149 161 199 227 233 31 162 140 234 93 57 55 89 80 210 27 236 61 102 246 184 119 100 136 25 240 220 112 114 
150 : 232 218 175 241 213 73 221 86 184 161 151 29 159 214 26 167 188 248 164 76 244 203 144 30 90 45 44 27 171 210 126 124 141 172 83 25 183 49 128 
151 : 141 68 105 244 66 39 206 40 62 128 87 43 44 161 158 109 149 91 140 151 135 80 145 146 211 184 227 31 42 27 215 72 
152 : 156 158 242 59 75 148 151 76 241 74 171 118 93 55 176 222 35 106 96 202 39 132 161 52 194 63 143 175 207 154 82 81 236 77 216 128 179 97 31 127 159 64 232 42 203 141 230 78 25 243 231 101 119 189 107 112 71 46 193 211 238 41 44 123 138 130 61 220 109 152 200 104 246 49 102 62 
153 : 112 41 170 101 154 193 92 40 214 153 127 145 82 91 117 162 215 236 28 45 191 75 72 51 70 195 142 245 166 197 60 49 31 37 167 102 235 249 240 53 192 223 151 248 97 190 32 27 169 110 180 211 247 78 39 57 233 140 229 146 230 202 124 104 243 184 141 71 47 234 157 64 
154 : 135 153 236 142 137 151 86 132 49 50 74 174 121 78 77 64 32 247 130 55 87 140 139 159 101 126 
155 : 246 238 46 73 163 247 181 104 70 195 52 99 37 138 156 134 231 47 179 167 89 226 120 187 48 100 95 137 68 237 58 224 171 66 174 196 25 43 222 83 121 61 244 218 39 164 86 208 65 111 34 147 98 126 56 82 30 72 158 90 204 182 31 
156 : 245 129 216 62 152 195 237 181 72 130 231 210 82 100 232 171 40 173 127 222 225 53 68 199 55 174 215 102 146 212 188 178 91 118 230 128 235 50 233 110 248 141 208 193 
157 : 207 152 155 104 85 186 208 203 221 30 98 107 159 58 161 35 219 36 175 189 235 66 100 76 84 33 160 173 205 199 89 45 148 196 177 180 174 140 118 121 158 154 233 222 37 119 248 217 38 62 237 96 120 149 242 92 82 109 102 215 213 197 34 234 139 218 
158 : 174 169 59 227 70 122 134 66 136 80 172 112 218 37 82 140 159 203 231 199 236 190 98 33 138 148 78 97 171 220 81 69 155 39 246 189 146 26 214 149 120 202 115 153 128 96 30 180 67 57 177 93 179 191 52 204 60 208 61 100 108 34 137 248 28 121 243 116 35 
159 : 193 205 239 163 52 87 40 124 97 25 108 86 94 93 100 96 119 189 133 90 129 45 232 115 158 80 27 198 75 233 156 197 222 69 235 
160 : 48 238 152 197 181 144 194 139 173 116 193 206 246 36 103 121 124 43 231 240 138 182 102 208 71 66 76 107 209 97 127 171 41 232 220 86 126 80 153 241 123 228 64 88 114 172 244 55 146 198 84 162 28 131 239 101 
161 : 65 42 157 32 191 194 161 27 202 152 238 150 180 144 164 148 111 66 179 82 100 45 79 67 149 243 133 134 110 101 159 142 221 185 230 174 78 189 129 57 33 223 192 50 165 122 186 123 138 104 80 36 107 85 87 125 196 
162 : 27 199 104 214 162 110 145 82 123 112 218 98 174 168 108 85 57 44 28 224 116 170 213 190 126 65 157 205 219 78 66 150 237 146 201 169 141 147 242 154 221 128 191 56 99 203 64 200 204 193 
163 : 63 82 190 105 215 170 237 121 230 59 109 68 175 217 242 182 216 127 168 243 154 135 185 241 56 97 202 192 240 227 132 75 69 179 73 165 196 95 222 67 108 102 207 72 160 52 164 84 147 153 203 197 33 103 181 77 161 205 32 131 31 25 80 104 99 213 144 40 35 232 53 223 166 88 
164 : 159 179 106 195 109 100 233 128 38 82 53 138 247 169 183 96 50 192 207 52 28 184 216 223 208 176 205 232 88 98 166 172 
165 : 119 248 69 127 43 121 39 214 41 107 51 31 130 63 231 116 129 212 151 242 234 97 217 91 135 243 37 159 140 147 150 194 88 218 180 114 177 169 199 76 29 96 
166 : 196 239 63 159 113 82 30 154 203 38 231 77 123 121 178 98 164 67 43 57 223 86 118 138 186 188 199 157 48 126 211 218 179 122 245 133 45 240 205 158 217 246 168 232 52 191 109 94 70 224 200 125 102 166 79 114 76 173 181 234 106 93 187 167 107 55 207 95 61 64 249 193 60 180 142 
167 : 26 221 130 209 83 236 120 97 93 214 228 198 171 133 49 244 190 207 170 205 115 238 224 124 113 140 226 229 249 174 114 70 61 39 191 76 150 179 163 212 103 173 50 169 139 30 138 57 122 123 186 240 185 85 112 89 167 242 67 178 40 248 166 201 208 234 246 81 
168 : 68 243 32 146 30 78 228 91 165 189 194 75 37 230 179 127 38 215 53 60 29 70 190 120 85 129 55 249 110 231 234 31 118 150 157 246 83 242 182 102 219 158 93 222 206 98 168 227 210 80 71 25 164 240 244 136 211 140 
169 : 115 40 87 234 194 240 80 128 28 159 183 139 95 196 208 108 45 88 29 152 217 163 79 111 199 130 169 37 207 166 184 91 63 167 67 122 202 187 230 178 114 238 126 26 51 144 244 138 48 218 25 124 118 103 227 168 213 205 206 43 140 200 101 39 182 142 239 85 
170 : 227 164 149 211 141 117 237 153 226 201 154 98 135 231 205 222 110 50 115 51 143 136 178 108 175 144 77 55 172 53 248 228 133 140 31 58 80 203 100 161 162 236 48 66 35 230 44 70 113 103 38 159 73 208 245 244 95 179 75 216 74 145 198 187 106 189 
171 : 237 211 243 90 195 186 112 82 176 221 166 42 165 54 85 89 114 145 174 139 29 215 79 210 71 161 95 72 122 209 198 246 197 80 119 41 132 121 226 100 94 234 150 101 232 230 203 154 49 133 144 67 28 130 69 
172 : 124 127 196 136 39 237 227 221 72 153 73 85 41 188 46 222 63 122 235 171 161 38 132 58 105 226 172 51 137 76 131 86 75 123 164 129 158 66 146 27 35 181 244 195 
173 : 31 157 218 71 149 216 139 54 203 53 150 225 179 188 112 42 27 114 44 130 144 243 108 82 241 63 41 52 238 240 212 126 99 232 184 173 182 45 170 220 230 247 152 191 131 198 70 76 200 115 123 84 81 231 167 137 213 73 116 89 172 25 206 
174 : 230 44 162 151 29 249 163 182 207 139 210 216 226 129 53 240 180 115 224 108 126 242 73 245 219 82 59 117 57 146 235 248 217 75 48 56 55 159 63 71 155 52 196 203 34 26 223 45 165 43 189 215 124 236 104 37 85 238 136 186 229 111 154 141 39 145 177 231 72 119 199 232 220 
175 : 189 138 25 209 51 99 222 123 119 126 227 164 173 233 61 43 238 37 72 111 128 35 48 175 167 171 56 85 145 229 113 202 230 41 114 74 78 135 121 226 71 129 115 151 91 194 130 152 163 97 208 68 174 218 47 
176 : 84 198 86 180 249 161 47 213 73 186 160 52 71 41 50 193 136 78 46 101 142 36 123 120 154 56 246 112 33 124 151 49 55 232 82 
177 : 102 28 40 244 249 118 201 43 89 91 92 104 241 246 123 195 190 211 140 133 88 236 197 166 80 95 206 126 163 146 25 130 224 93 86 125 147 229 154 112 26 199 168 48 47 115 64 51 135 84 213 139 203 
178 : 57 168 144 185 27 90 213 129 42 179 133 140 110 51 73 246 159 109 145 238 83 205 30 233 26 234 47 37 82 41 71 228 165 178 150 212 163 59 149 153 107 231 222 126 157 203 127 241 147 240 173 31 181 166 105 141 190 175 188 247 146 245 114 209 34 91 206 104 60 122 68 160 116 44 79 40 226 176 
179 : 56 227 88 127 36 76 151 84 164 87 72 45 179 64 79 40 106 47 28 133 168 222 52 85 188 153 160 37 130 62 170 232 180 107 197 25 119 96 145 236 95 38 33 240 246 140 182 48 248 113 193 210 101 89 51 74 203 31 192 70 104 83 207 110 29 230 165 126 206 32 73 105 39 219 
180 : 49 163 203 68 132 81 35 208 119 176 47 88 199 213 214 105 97 128 142 152 33 181 194 173 150 220 191 227 235 108 107 178 30 215 143 82 65 198 156 130 243 188 90 186 200 241 42 161 206 205 185 95 127 32 93 
181 : 227 158 55 198 49 175 131 136 132 208 79 168 56 153 46 95 34 99 147 187 85 230 76 50 31 249 194 39 237 222 137 113 206 121 105 40 94 209 192 87 166 59 116 207 38 98 233 133 155 72 129 58 103 96 140 124 71 97 163 32 184 182 215 28 62 246 78 177 57 178 134 161 214 181 90 183 
182 : 213 29 34 178 136 90 215 236 97 131 116 83 233 201 209 135 141 187 111 33 247 100 225 85 31 133 161 179 200 107 25 78 124 109 37 227 75 
183 : 101 186 54 225 93 31 37 27 134 238 183 78 150 61 168 143 227 42 41 128 197 192 201 231 71 126 147 224 108 223 172 129 62 77 80 198 87 174 66 125 59 98 95 184 91 233 176 33 175 146 155 40 249 232 200 105 133 195 230 137 68 73 180 243 169 160 85 211 121 111 178 158 53 49 141 
184 : 204 117 112 215 142 248 103 43 36 221 140 154 109 161 57 245 202 170 100 26 127 238 134 219 225 79 130 83 46 205 191 153 67 27 209 125 106 241 226 86 228 143 54 176 144 102 29 169 231 59 189 80 156 207 158 68 87 145 192 132 179 58 159 76 247 214 208 137 163 
185 : 186 109 137 84 193 129 55 81 194 75 126 231 50 247 106 213 161 110 156 198 211 245 221 72 223 246 95 132 52 88 207 184 108 206 105 220 199 236 133 79 228 134 242 43 157 116 183 69 99 167 140 28 147 249 100 226 189 60 222 215 117 192 154 205 45 29 165 80 101 216 210 201 145 217 74 149 
186 : 99 192 77 166 118 170 108 180 85 155 39 190 145 36 161 57 214 172 195 199 202 90 219 138 101 127 213 89 193 227 25 143 207 126 179 234 38 120 201 244 111 216 205 156 28 115 71 67 124 220 144 158 222 243 235 240 40 80 196 78 72 229 173 245 63 183 76 204 238 197 247 182 121 116 162 150 94 
187 : 123 216 138 206 126 176 196 222 115 66 220 143 49 153 202 47 58 100 218 200 30 53 212 88 161 70 175 132 62 67 168 122 190 193 51 60 113 238 192 185 242 119 171 172 55 131 68 183 165 71 73 151 
188 : 102 83 118 101 85 95 179 166 147 116 153 185 70 121 68 75 62 123 58 204 148 37 201 195 93 36 32 154 228 203 63 
189 : 71 107 87 94 165 244 145 222 104 171 63 216 149 124 245 172 174 81 227 237 76 140 234 186 148 224 54 228 163 217 235 82 52 158 167 40 130 
190 : 79 53 194 41 110 233 220 242 247 119 189 37 62 128 222 122 193 223 107 152 151 157 120 147 208 144 163 205 182 85 135 142 169 156 118 203 87 89 
191 : 62 218 50 83 173 96 55 149 183 197 129 112 33 38 201 63 49 45 114 28 127 134 109 37 97 224 69 167 202 168 166 228 
192 : 185 233 27 200 202 187 66 102 180 232 221 242 181 145 133 157 201 239 126 156 53 224 30 93 149 212 69 85 84 172 125 162 179 70 68 75 158 226 81 166 198 229 227 213 49 244 240 100 61 184 87 165 139 44 33 223 168 108 35 209 71 124 190 193 210 
193 : 157 49 50 229 209 159 199 30 227 119 208 182 142 116 66 68 158 28 81 124 32 125 130 247 197 237 171 248 138 54 
194 : 51 238 112 84 244 213 145 171 83 54 235 232 78 215 204 85 95 201 187 61 108 185 59 136 134 242 206 240 202 29 237 226 208 194 152 123 80 48 49 164 109 
195 : 186 46 98 192 43 222 104 209 126 143 125 42 103 57 173 230 239 26 55 92 113 44 58 109 241 30 152 121 127 33 119 205 45 29 34 81 193 100 151 148 56 62 85 67 215 40 235 60 38 233 66 83 203 
196 : 100 164 104 82 48 102 133 130 244 178 146 25 225 157 229 209 196 220 186 242 27 38 101 85 71 120 219 198 208 105 98 160 173 122 129 180 154 171 217 78 200 63 237 127 118 163 249 236 91 58 61 235 228 73 32 123 151 88 115 31 223 33 152 136 162 108 226 182 187 50 41 190 117 206 47 212 143 29 
197 : 158 242 124 220 239 99 64 89 149 132 98 101 51 96 186 39 240 31 108 45 60 173 247 224 59 174 161 116 118 127 162 93 148 184 241 43 182 38 104 78 103 131 228 
198 : 205 197 47 42 96 58 39 182 103 92 184 218 212 154 165 213 64 208 221 135 86 161 236 70 75 240 246 
199 : 212 196 191 199 118 249 154 148 101 192 117 44 178 46 88 158 97 42 143 226 195 62 213 242 70 190 92 94 109 166 78 58 221 100 188 189 194 225 168 156 68 72 25 71 165 121 
200 : 105 97 241 246 213 179 59 78 38 122 239 135 163 166 245 36 46 71 164 89 92 29 69 218 142 129 114 153 223 222 
201 : 212 188 124 121 149 223 170 89 126 221 71 147 94 236 164 208 53 204 206 51 44 128 105 148 190 150 131 100 155 165 82 199 174 220 32 213 34 237 26 140 74 172 139 27 227 171 194 157 168 80 167 
202 : 212 124 42 228 138 85 88 224 61 65 218 118 136 92 249 47 204 190 83 182 130 181 168 134 243 113 110 238 36 248 123 223 48 167 180 209 95 117 91 185 240 40 75 170 127 32 26 150 201 109 239 81 74 131 157 237 66 193 221 160 39 172 122 98 225 89 116 128 
203 : 60 46 40 52 242 211 241 170 67 87 140 74 47 118 109 43 199 70 204 188 45 218 150 93 77 167 128 105 92 50 122 141 161 88 51 202 146 91 106 213 119 39 62 191 126 248 73 239 192 71 72 164 163 35 113 230 132 203 226 79 156 245 81 159 196 243 177 44 111 134 76 58 108 97 228 240 
204 : 148 182 67 164 196 227 109 155 49 202 99 214 232 211 158 142 169 199 98 120 50 36 149 147 198 146 125 93 224 70 176 81 113 191 209 47 33 137 245 39 242 26 150 167 128 58 183 51 30 60 193 48 174 171 97 73 124 118 141 151 
205 : 134 107 196 226 155 89 170 67 97 119 52 164 110 74 87 81 230 197 75 51 122 126 212 222 213 145 215 172 228 194 146 63 39 79 73 244 151 166 29 82 77 209 210 162 44 247 85 124 168 48 149 248 199 105 135 32 96 138 125 217 112 236 191 46 111 200 120 227 173 
206 : 246 218 40 85 180 63 49 238 159 104 96 127 228 118 227 182 68 150 61 216 95 176 111 71 106 240 56 247 88 59 214 215 105 81 130 154 236 201 38 171 32 78 
207 : 106 135 126 184 94 78 90 224 92 121 221 195 148 242 87 86 160 115 206 80 162 219 25 198 240 144 117 113 243 214 49 143 74 111 234 123 170 108 99 196 154 
208 : 124 147 193 211 84 174 129 57 48 151 28 170 47 166 201 62 58 59 128 194 52 171 233 49 229 146 51 195 100 127 173 243 164 37 133 240 226 76 188 192 130 101 53 235 55 72 78 246 191 67 206 189 241 155 167 198 184 172 39 238 234 168 179 158 205 89 236 220 202 140 105 186 
209 : 29 27 245 76 158 241 198 45 167 82 100 43 40 110 224 178 134 122 157 181 149 32 56 184 163 176 59 124 68 41 101 209 44 236 61 30 151 188 248 129 126 249 217 67 81 215 154 182 185 237 230 202 228 80 47 117 121 161 187 152 212 235 138 144 86 120 
210 : 44 155 220 217 212 30 221 54 108 120 45 227 201 105 102 158 53 66 25 59 219 205 35 148 185 32 123 232 246 
211 : 109 213 236 141 39 104 102 68 136 130 234 134 202 133 178 158 224 64 181 51 103 142 235 179 195 30 219 180 67 108 25 98 132 101 106 131 116 71 237 165 171 93 53 200 175 36 112 232 74 110 152 62 73 34 218 184 49 211 44 148 91 75 114 140 230 185 
212 : 44 239 199 28 132 141 126 127 186 220 80 48 138 133 60 66 27 176 238 161 119 88 145 229 170 83 31 211 112 228 79 86 33 104 177 87 64 49 163 106 217 128 221 89 225 105 249 103 178 144 96 231 67 175 109 97 81 196 156 36 244 153 107 130 29 98 165 85 236 202 164 247 
213 : 141 126 124 182 166 200 249 121 243 179 131 112 103 69 225 120 76 142 54 28 180 208 49 196 104 158 40 111 109 171 29 60 214 178 95 224 77 127 201 232 58 240 217 145 118 153 33 101 62 197 99 65 48 125 27 
214 : 73 105 46 43 102 91 133 164 187 213 194 79 242 118 28 62 128 29 122 55 132 110 185 239 159 173 160 90 35 166 81 66 76 224 226 72 175 197 42 98 57 138 202 240 217 168 40 214 222 53 78 59 61 245 199 205 25 
215 : 241 89 160 97 133 201 85 130 222 203 237 90 149 213 132 71 127 186 173 33 171 165 114 91 129 164 244 58 202 145 189 198 39 30 162 146 193 204 158 243 82 
216 : 66 176 29 126 72 204 223 249 226 107 179 188 123 61 45 77 41 82 42 227 239 158 163 139 186 134 114 197 
217 : 194 138 203 99 151 70 182 91 157 193 106 101 219 85 181 42 229 111 76 88 95 243 212 33 242 221 214 180 154 28 172 204 234 26 139 200 93 51 54 201 90 178 87 175 179 206 65 92 55 220 118 239 144 227 117 74 224 230 
218 : 88 105 175 178 182 247 189 157 128 102 219 236 160 115 170 44 87 97 133 48 78 215 249 214 197 206 212 66 163 203 91 146 124 90 199 103 100 
219 : 72 143 138 55 215 237 205 30 163 229 201 130 147 150 155 62 186 47 129 31 145 49 200 223 121 157 167 217 213 224 53 245 204 91 118 221 122 51 87 48 123 162 127 120 58 161 198 
220 : 213 82 247 233 246 239 43 119 218 124 29 145 37 170 191 28 214 121 165 243 177 120 220 79 141 209 
221 : 189 235 172 241 190 224 116 182 37 45 232 70 122 155 93 139 38 175 32 102 171 144 203 130 202 166 243 84 46 113 216 67 128 188 133 27 164 56 244 165 30 137 95 120 
222 : 26 206 233 128 174 37 41 85 248 129 236 197 215 110 164 118 78 92 116 63 179 105 67 73 184 43 27 30 166 214 234 209 194 140 84 103 
223 : 217 52 139 78 119 185 124 232 171 220 193 182 101 57 77 143 36 97 240 88 47 61 235 165 100 102 89 83 123 183 201 175 106 81 82 38 237 127 156 203 
224 : 99 44 79 69 249 219 48 209 89 135 237 225 242 189 132 150 229 25 182 67 124 39 180 137 204 213 107 216 91 195 243 43 187 184 188 179 125 75 51 202 233 239 34 108 246 122 160 49 156 117 116 205 128 97 169 58 95 
225 : 217 207 65 72 230 211 222 133 114 146 225 165 132 27 102 67 221 186 105 246 68 198 171 104 174 70 63 84 126 43 31 83 243 121 130 229 210 152 
226 : 218 140 92 42 99 80 168 126 31 115 97 128 178 117 189 103 71 204 75 199 101 27 136 150 118 52 161 159 177 156 104 
227 : 155 151 62 33 36 224 198 249 31 93 236 49 218 239 227 35 60 194 141 139 175 200 177 221 81 232 201 101 99 167 217 205 115 182 156 147 202 87 166 39 109 134 68 110 190 83 71 146 78 222 235 90 207 48 199 91 191 131 46 214 192 100 165 184 231 228 152 85 164 63 82 47 77 84 
228 : 142 84 143 109 236 190 45 220 95 100 56 152 178 235 163 218 83 153 28 141 107 105 82 117 167 131 161 61 179 154 231 70 43 204 26 60 38 91 114 41 64 55 122 213 180 185 93 217 136 112 77 227 196 123 203 
229 : 201 194 108 66 204 173 36 245 221 160 44 248 181 206 218 121 232 214 80 94 249 98 35 247 164 235 131 166 157 85 34 211 142 42 113 31 92 222 224 149 148 33 125 
230 : 35 156 190 238 42 173 99 48 240 215 103 55 71 207 201 26 180 92 57 171 58 122 163 154 97 86 29 46 81 140 170 116 247 152 151 124 120 84 111 132 139 63 41 54 196 25 166 79 119 93 128 244 65 157 183 165 188 100 
231 : 77 192 87 121 130 104 136 201 82 84 154 76 173 115 108 187 223 237 165 182 79 183 126 106 123 132 129 242 216 26 145 75 49 178 160 120 
232 : 184 174 175 148 147 47 144 191 122 242 159 46 200 111 132 121 134 115 245 28 190 49 63 143 219 139 211 53 187 249 68 51 98 37 152 244 123 178 36 129 149 246 30 31 78 113 239 186 208 102 138 229 94 89 81 45 70 172 116 
233 : 131 165 232 146 182 74 188 34 91 179 111 108 152 52 61 83 137 28 94 123 88 25 244 143 144 229 122 120 133 115 163 69 148 220 75 217 215 35 213 42 59 26 141 186 124 234 177 56 129 226 221 139 166 224 245 225 248 114 135 36 169 200 247 54 102 136 44 121 170 160 208 236 126 147 212 117 
234 : 239 154 216 135 44 37 93 225 67 136 70 229 92 247 131 249 173 66 91 166 85 119 246 224 83 207 89 164 116 78 
235 : 63 119 192 165 38 208 82 146 157 222 66 161 122 153 81 139 239 160 234 62 233 44 246 147 79 58 108 221 210 75 186 113 65 116 174 154 163 83 97 46 120 151 99 159 171 103 74 52 107 60 40 124 226 111 131 166 51 
236 : 144 48 116 95 216 190 163 213 178 209 68 234 136 222 183 61 229 203 82 194 74 27 228 247 204 161 176 127 208 248 119 157 45 188 34 59 140 245 83 113 138 122 231 57 244 186 214 28 171 129 230 152 182 225 184 173 
237 : 152 145 117 51 27 91 78 107 218 163 238 200 135 243 225 151 236 185 197 170 210 69 221 33 28 68 118 109 25 32 227 45 42 138 71 186 146 48 126 115 104 205 201 59 234 63 129 193 73 137 44 38 191 70 
238 : 100 56 75 120 132 187 138 103 218 240 63 186 160 111 85 185 170 169 139 204 101 233 78 73 168 130 236 219 87 199 99 37 80 229 155 196 146 197 41 178 174 183 28 245 27 210 116 33 248 212 84 91 228 81 131 
239 : 105 189 166 249 243 156 164 206 134 160 144 193 86 198 125 116 76 127 63 35 220 153 62 230 29 173 210 178 136 28 244 31 218 138 135 202 51 133 67 78 219 90 192 148 
240 : 149 174 125 178 198 204 176 143 71 227 197 182 245 54 226 62 167 187 202 109 169 83 95 135 208 189 141 88 133 68 55 50 225 138 116 97 87 93 105 113 56 72 242 203 219 121 75 191 61 220 44 96 180 46 152 223 38 166 186 131 151 218 209 163 48 37 
