0 : 127 233 228 163 83 177 164 239 145 92 64 28 194 186 179 244 120 26 144 200 30 87 237 202 67 82 55 63 34 108 98 215 41 114 238 95 48 191 198 123 38 142 245 226 184 62 131 218 68 231 134 75 112 156 219 88 121 118 170 124 166 159 162 180 128 167 125 71 136 158 90 60 199 161 214 56 115 224 35 50 
1 : 28 53 39 99 51 78 134 183 100 66 76 242 158 231 146 90 239 142 62 150 162 180 220 190 153 29 202 61 155 25 245 116 196 184 82 94 248 79 211 164 212 221 72 167 38 203 179 42 129 110 105 69 88 154 233 139 64 27 
2 : 216 213 218 98 244 100 34 52 103 26 227 33 185 83 199 119 57 221 233 245 125 237 128 104 136 55 48 206 112 235 71 248 176 115 106 54 45 50 220 42 219 196 61 225 72 120 47 73 142 59 203 200 67 179 192 148 66 102 37 133 99 53 80 44 183 58 86 111 138 194 152 230 241 32 189 147 87 184 149 226 77 91 208 162 85 211 96 51 173 249 30 232 140 63 122 210 137 242 25 130 
3 : 220 206 140 83 39 201 71 153 223 135 230 40 204 69 120 49 194 169 142 149 85 171 70 151 138 136 218 208 214 88 213 31 244 172 89 183 82 238 225 81 209 203 178 205 63 184 116 160 158 224 241 77 101 175 150 45 112 78 122 41 
4 : 118 177 132 81 225 74 38 64 54 243 138 57 119 45 222 86 204 58 65 93 68 182 193 123 174 237 235 131 66 28 172 147 107 115 245 207 79 217 35 191 194 37 60 159 239 202 215 154 72 196 163 205 198 200 140 142 234 192 46 126 246 146 141 238 162 34 214 228 89 59 197 109 158 137 78 248 127 53 199 55 173 117 
5 : 174 169 187 232 237 30 193 91 64 113 82 132 116 35 143 87 231 33 209 239 162 89 98 213 163 102 236 56 229 74 158 161 58 233 199 234 114 59 66 57 182 26 100 160 224 241 128 219 185 140 90 145 93 75 131 53 191 246 206 230 242 94 65 63 248 49 
6 : 173 175 198 133 92 235 218 233 186 200 52 145 98 85 177 116 212 220 111 30 163 194 136 188 190 49 193 90 89 207 119 129 122 196 83 88 28 80 236 68 93 157 203 148 95 214 57 210 51 144 224 67 71 192 25 43 247 48 209 56 94 248 249 179 153 50 54 130 69 159 97 75 66 
7 : 44 207 146 230 77 225 38 66 123 65 151 103 42 246 174 245 231 208 133 204 200 93 221 222 72 247 147 122 210 190 155 68 186 100 223 168 203 195 118 135 172 211 248 120 175 209 64 110 187 126 98 242 226 240 206 236 189 149 138 127 159 143 62 85 217 177 235 
8 : 243 71 244 210 209 70 31 91 49 146 80 92 124 227 161 43 119 152 249 145 55 59 169 42 218 78 228 234 95 
9 : 217 96 87 121 203 172 75 95 41 200 171 61 143 192 122 205 208 133 176 34 102 175 52 178 196 165 158 38 247 118 114 204 149 156 183 198 53 93 229 132 214 84 191 58 224 120 94 157 202 238 66 57 92 249 141 248 201 86 162 166 209 210 206 139 181 146 241 140 83 193 90 148 69 243 242 44 55 112 151 135 
10 : 65 152 224 47 124 248 79 69 89 108 29 180 56 46 242 70 144 147 32 173 189 184 30 42 166 97 61 62 77 133 225 101 208 244 241 84 161 205 178 60 227 158 187 86 193 74 216 183 122 215 110 51 195 111 200 156 105 196 206 67 165 39 119 53 125 204 155 88 233 127 249 72 116 132 139 73 50 197 75 27 38 235 57 185 48 40 230 154 219 163 237 37 159 121 157 25 109 
11 : 125 225 30 94 105 164 60 148 241 69 42 158 141 46 204 96 126 37 194 248 187 246 45 136 107 86 237 156 93 166 231 229 198 236 113 34 209 144 51 244 31 64 235 215 213 245 61 189 56 208 100 76 179 110 40 184 102 29 140 131 197 130 134 82 170 117 33 214 233 143 112 72 80 219 181 133 172 128 137 122 
12 : 119 230 192 116 83 46 59 112 240 195 80 92 52 170 213 133 154 69 218 183 249 165 32 94 169 142 173 90 66 121 51 27 163 231 44 114 228 
13 : 216 204 212 249 45 96 243 203 97 172 85 80 242 137 231 176 86 131 103 106 64 211 170 40 113 181 244 52 188 
14 : 61 164 238 46 244 78 239 111 220 226 62 179 43 172 243 52 170 53 219 224 158 240 49 216 152 151 105 193 47 231 69 228 64 106 223 116 110 94 249 175 171 165 190 138 100 198 32 96 200 87 90 145 204 29 205 211 230 157 67 187 77 156 142 36 195 76 126 107 215 45 129 65 91 40 197 194 93 35 42 102 210 207 39 85 99 130 178 104 80 108 134 139 132 131 82 34 149 63 83 
15 : 243 91 33 47 98 152 246 88 36 213 167 160 32 215 240 104 172 35 133 94 184 69 52 46 157 185 220 224 43 75 230 125 245 218 89 209 92 84 226 37 142 248 183 103 135 221 31 208 210 100 105 41 131 177 158 140 126 130 30 62 79 76 49 106 229 
16 : 65 42 45 107 108 248 151 140 199 246 163 76 77 175 68 234 40 49 207 124 154 90 136 93 36 117 38 133 95 237 208 74 27 225 212 143 25 181 224 159 223 34 129 209 50 96 172 215 26 119 104 86 176 118 137 161 197 99 128 182 53 130 56 80 105 44 72 131 32 148 201 92 244 147 126 153 200 238 54 109 60 165 243 58 193 232 57 66 220 218 64 221 233 112 226 84 47 
17 : 199 228 168 66 212 88 109 225 54 92 226 64 138 72 41 192 208 119 91 196 150 197 106 103 243 209 161 75 224 57 62 100 115 48 173 50 37 94 124 188 202 230 
18 : 98 245 45 216 53 50 123 35 241 63 164 93 165 100 191 243 178 161 105 95 30 230 184 168 242 199 56 49 169 101 226 238 231 177 232 194 80 247 82 225 163 125 174 52 86 160 249 234 92 223 89 68 200 150 40 110 55 185 121 221 103 118 81 67 84 124 139 97 122 62 209 145 155 134 180 
19 : 196 234 66 218 144 143 150 188 111 207 237 25 39 83 239 89 204 148 29 67 122 131 54 216 181 184 41 77 224 30 80 104 87 
20 : 227 53 225 37 106 235 118 209 96 68 120 214 189 116 183 193 171 204 147 72 167 158 82 249 29 140 213 109 136 139 145 75 59 110 216 184 127 128 131 226 114 146 79 170 33 187 28 92 30 203 144 132 130 
21 : 95 79 54 73 36 168 170 113 185 137 90 215 33 118 200 133 57 116 193 111 239 211 50 87 53 195 78 225 68 75 46 44 109 205 91 40 88 190 123 233 244 187 196 85 98 135 232 92 219 231 192 64 148 158 110 198 67 121 125 181 106 197 66 86 155 154 248 
22 : 32 129 208 177 26 239 131 84 46 39 73 138 68 90 182 96 88 222 186 61 211 82 72 30 59 27 115 242 216 36 238 113 168 173 81 34 33 35 109 50 127 
23 : 121 58 89 222 206 117 241 201 43 69 192 126 160 231 80 142 147 63 188 39 216 230 52 82 134 106 242 66 55 77 93 44 46 215 47 115 50 150 234 91 171 53 
24 : 94 162 179 80 135 233 216 121 99 120 119 188 106 100 92 36 173 79 235 189 229 49 160 125 62 46 60 68 190 38 115 161 238 144 207 245 28 227 113 191 54 177 128 40 196 183 45 101 118 241 48 126 136 112 58 98 159 133 61 156 194 140 43 231 66 34 107 123 157 78 219 91 213 132 198 171 149 209 166 57 109 215 151 182 29 244 44 77 228 239 152 116 87 111 214 
25 : 59 227 226 150 138 116 245 187 246 109 194 223 176 99 144 184 213 40 153 54 50 108 222 131 183 215 234 27 173 55 160 100 248 122 62 243 73 82 56 196 232 49 125 25 29 115 192 166 233 89 103 164 155 168 133 199 137 26 52 92 70 87 191 241 161 172 119 157 47 171 231 31 95 221 170 212 66 175 44 39 97 158 197 149 111 142 63 218 72 167 139 126 230 
26 : 84 70 159 130 216 34 78 137 53 97 80 86 47 108 128 245 201 83 115 131 244 243 143 212 73 92 29 190 166 41 157 208 88 93 101 226 138 121 224 240 165 202 141 45 185 51 230 145 105 219 106 211 195 172 61 71 103 197 63 168 122 123 189 37 32 149 90 39 109 125 223 180 163 89 49 217 95 52 113 246 50 120 135 199 28 44 218 
27 : 212 51 240 132 90 152 46 160 137 65 138 211 174 64 165 144 189 177 187 91 131 142 76 197 130 83 50 168 87 129 148 176 185 126 204 163 30 59 139 198 98 105 238 29 216 96 135 111 201 38 247 61 127 248 133 157 107 213 207 225 49 55 109 80 113 97 57 217 190 116 186 120 118 169 44 183 206 175 48 234 101 78 85 56 231 86 170 242 182 123 245 218 193 93 
28 : 25 158 170 83 109 47 179 197 208 209 110 106 200 143 174 207 38 153 212 226 166 122 152 221 127 112 175 134 69 162 149 243 210 234 75 101 189 161 148 182 107 199 185 245 33 100 130 74 116 196 244 192 141 242 77 103 78 224 67 64 79 80 195 138 42 241 232 92 176 206 145 115 173 27 180 41 63 211 114 105 113 52 150 43 88 167 136 237 191 118 
29 : 43 46 214 104 37 220 198 123 44 225 230 30 151 177 215 212 180 129 242 92 216 190 195 64 162 130 126 93 127 102 33 90 63 62 114 157 193 79 179 87 150 36 233 45 133 119 82 217 61 
30 : 54 145 97 95 143 89 122 195 114 118 232 28 58 160 132 219 41 83 31 198 103 249 231 98 105 86 49 213 139 149 216 108 185 109 104 240 157 242 25 36 34 43 243 182 241 68 81 229 173 107 183 151 66 134 224 175 46 246 45 239 33 176 191 228 196 88 84 207 142 189 233 74 123 172 171 96 248 220 
31 : 164 103 172 162 35 26 41 169 242 218 135 248 28 222 193 70 199 121 30 213 69 212 132 113 77 173 78 88 192 76 126 180 57 246 38 195 179 25 147 74 165 209 210 188 112 84 63 243 215 29 170 33 152 153 156 176 80 143 146 184 139 60 107 37 136 127 231 247 50 68 81 53 157 211 31 238 196 123 174 115 59 227 175 89 144 
32 : 173 80 171 152 126 186 112 148 163 213 117 119 245 85 43 56 216 124 235 41 178 153 198 73 75 57 36 53 231 145 162 111 88 188 147 113 69 82 139 141 154 191 105 38 142 158 49 101 143 40 47 71 195 146 246 205 81 176 149 151 121 89 62 221 61 25 83 
33 : 56 99 131 225 103 180 65 164 62 248 148 135 217 92 129 71 43 83 149 224 125 208 76 126 27 186 169 80 73 154 120 96 94 89 104 97 177 212 115 33 240 52 150 106 179 137 139 130 247 209 174 175 223 216 155 68 233 152 138 113 108 241 157 124 236 151 61 211 112 201 191 72 54 79 141 63 
34 : 137 114 59 210 132 108 172 144 76 127 198 97 51 34 240 133 208 222 53 37 104 166 136 106 209 165 40 134 162 151 45 41 86 161 233 58 103 236 67 157 80 27 158 201 229 145 207 49 55 160 107 241 38 98 191 197 47 96 154 147 200 140 169 92 115 65 220 74 225 206 118 94 153 122 180 168 101 242 
35 : 95 111 114 199 137 184 123 76 166 91 187 245 104 225 156 130 36 25 26 101 116 177 217 32 64 128 226 89 144 172 47 183 152 132 45 67 198 82 139 125 211 53 207 228 109 134 179 221 80 35 
36 : 117 109 196 95 232 226 222 166 159 177 161 83 59 138 184 238 85 97 129 52 247 245 44 41 152 202 183 157 190 26 172 201 231 127 68 131 65 209 43 45 192 94 121 181 111 248 61 185 148 60 164 88 91 211 141 37 
37 : 163 102 156 37 72 174 92 221 121 194 73 127 166 43 195 167 158 49 229 129 115 113 142 140 240 117 249 91 109 39 213 99 100 41 184 105 64 205 137 58 84 144 114 199 95 28 107 178 227 238 248 222 209 215 106 110 87 61 210 159 157 98 82 164 180 83 51 168 185 139 181 45 216 111 33 193 46 78 176 246 179 149 47 89 31 190 161 32 162 218 54 53 217 200 165 57 122 
38 : 160 161 238 34 60 165 101 151 225 192 95 152 221 68 196 113 107 129 65 77 237 135 84 172 176 48 27 109 193 112 45 199 62 
39 : 97 40 231 215 188 244 38 196 150 164 224 83 229 54 157 147 167 87 214 41 62 195 180 60 130 119 37 123 207 183 99 202 47 126 46 152 187 219 245 194 142 148 56 122 175 225 133 170 209 112 36 177 205 33 89 236 127 220 169 59 166 100 68 181 129 101 186 45 64 218 58 228 198 66 39 247 67 190 57 86 78 73 201 211 50 208 49 117 241 221 149 120 34 48 91 109 
40 : 48 44 212 77 34 25 75 219 52 149 90 129 145 118 107 51 182 194 30 167 165 214 126 237 38 135 172 70 208 83 189 89 158 186 203 184 134 35 247 87 50 224 174 202 207 178 225 205 171 170 108 232 32 188 110 120 102 243 201 43 220 211 85 42 168 199 140 154 115 234 103 137 113 155 101 74 97 29 192 181 241 76 122 111 131 53 66 47 238 119 100 56 151 249 58 230 150 39 
41 : 243 161 120 200 192 247 218 103 91 61 240 93 141 118 32 181 226 171 119 177 83 164 138 204 77 244 125 205 63 199 28 72 180 189 27 212 219 57 127 229 157 132 182 149 163 209 194 92 215 202 178 248 175 112 137 154 148 106 51 133 78 150 234 128 36 134 237 220 111 105 62 188 222 98 52 25 53 206 71 228 246 
42 : 97 245 96 219 131 168 62 188 229 247 148 79 126 102 185 57 48 248 59 204 165 212 171 77 225 142 44 51 207 138 65 40 68 78 66 76 150 132 170 58 109 157 228 197 
43 : 182 103 58 222 161 98 117 105 27 126 158 189 220 30 228 136 92 203 87 174 240 195 101 196 57 159 73 131 172 96 77 124 242 130 66 221 118 215 149 169 246 115 191 59 233 61 247 211 206 76 248 197 168 238 93 129 210 123 245 180 188 95 72 232 60 31 173 79 176 29 138 204 42 70 146 34 167 157 
44 : 95 77 56 88 143 230 185 36 129 60 114 121 142 239 238 108 50 52 126 149 246 113 215 146 63 150 43 140 224 170 54 241 106 176 182 112 40 169 61 240 76 157 102 208 207 206 191 229 236 55 103 25 123 216 71 30 161 232 234 172 92 209 137 111 99 184 180 151 225 26 148 175 242 188 156 44 62 233 195 186 219 179 162 237 178 107 119 86 159 82 78 37 189 202 110 173 130 
45 : 179 76 83 105 122 185 175 134 181 143 172 60 47 70 137 71 73 161 144 178 129 106 192 52 123 30 186 159 248 50 242 165 131 168 44 92 249 93 171 31 79 109 99 170 202 42 35 89 58 94 190 163 149 187 61 88 45 112 180 84 230 26 162 
46 : 48 129 152 37 219 222 165 237 212 209 225 248 246 40 168 89 153 58 77 249 54 240 140 193 64 177 210 213 183 114 131 227 238 172 143 124 162 76 49 141 
47 : 196 222 188 145 190 203 77 71 25 55 56 218 44 202 111 30 173 238 47 52 194 248 129 132 159 64 27 119 201 221 128 42 245 124 181 59 113 165 66 247 153 180 189 226 168 33 210 76 225 125 216 227 54 214 82 223 69 118 50 179 89 156 167 112 78 96 
48 : 77 143 108 51 60 80 70 33 210 234 218 28 154 83 233 65 192 106 37 223 140 41 58 109 248 142 240 76 134 132 114 98 45 152 32 183 
49 : 80 169 48 244 121 96 134 52 145 211 176 60 27 91 185 161 94 178 114 197 82 181 39 26 127 140 204 205 162 144 101 157 32 241 65 249 118 102 85 133 248 38 79 175 164 105 
50 : 31 104 85 34 233 90 223 141 137 51 193 64 78 108 213 49 204 195 198 179 86 70 207 171 79 26 128 99 191 96 186 125 230 109 234 221 47 88 211 48 27 225 217 208 89 237 162 142 41 139 189 145 55 118 163 156 
51 : 195 38 151 206 161 229 28 68 236 222 39 232 124 56 154 180 102 233 52 145 194 185 51 245 99 234 167 173 240 166 115 108 34 239 29 35 76 96 188 153 148 137 207 43 223 100 177 189 224 200 103 65 57 211 125 130 61 192 66 107 86 225 55 127 187 80 129 33 210 36 27 134 87 184 70 47 92 178 128 77 101 142 44 126 141 208 89 146 84 248 201 48 228 209 54 149 144 156 214 94 
52 : 99 107 188 57 248 178 216 221 182 92 242 31 213 61 218 51 60 160 154 45 108 224 33 228 91 62 55 175 43 26 118 82 116 186 174 66 205 67 130 159 241 38 74 63 132 75 32 171 98 30 204 217 129 168 93 198 231 151 69 212 173 215 37 194 101 95 58 152 190 150 226 238 127 
53 : 30 25 139 104 34 48 120 28 155 39 149 125 105 185 230 190 54 136 55 44 142 192 189 80 60 76 206 133 29 153 65 93 103 98 95 53 246 169 122 56 193 64 247 200 229 41 137 72 42 50 100 167 239 232 216 205 84 38 
54 : 169 183 156 247 178 195 78 84 171 89 215 192 188 95 136 67 160 150 44 96 161 81 200 202 86 106 203 66 37 33 193 39 129 99 87 154 165 172 194 177 62 51 
55 : 126 186 247 117 157 226 235 57 241 42 75 185 112 49 130 39 156 91 149 245 30 44 27 141 51 220 56 29 66 179 85 88 177 191 172 36 234 95 166 87 118 173 125 74 46 194 98 189 78 76 171 212 
56 : 157 59 210 25 83 247 65 29 142 170 242 43 161 172 156 205 55 40 182 38 35 231 61 116 64 42 227 151 139 245 179 47 143 176 211 56 60 133 76 241 
57 : 184 133 49 245 60 186 237 219 70 203 64 109 115 104 187 198 150 122 155 78 226 79 63 102 208 
58 : 157 58 46 243 67 222 213 166 249 141 121 216 53 174 179 34 97 239 173 201 171 113 29 177 176 120 189 92 207 244 35 221 240 226 25 39 126 107 184 158 247 87 190 199 122 231 208 61 52 54 82 57 154 30 144 155 210 238 193 31 49 134 228 186 237 80 130 215 147 242 191 98 
59 : 158 134 73 37 142 100 99 34 212 35 40 211 178 149 51 240 138 31 107 247 186 52 191 248 171 118 242 48 105 228 156 249 
60 : 49 63 196 89 151 140 208 123 213 64 29 235 197 83 34 135 129 55 71 176 87 147 198 209 88 164 120 154 115 152 79 94 171 168 136 246 173 56 134 201 221 69 160 242 112 142 202 229 240 170 184 62 109 78 222 59 236 31 74 234 187 121 27 190 186 57 33 
61 : 218 58 187 203 39 206 62 178 198 84 63 65 85 239 249 227 96 143 102 33 100 230 107 191 182 120 81 183 95 54 73 238 45 204 67 47 129 68 217 121 184 140 93 80 75 176 175 241 234 56 74 193 94 229 199 157 77 40 170 61 155 179 88 221 233 147 202 59 172 83 48 243 114 127 109 60 186 226 210 29 66 53 113 190 117 245 134 43 
62 : 194 165 26 64 142 61 240 90 39 42 160 224 140 227 119 94 171 60 80 207 122 77 235 93 150 145 124 198 129 68 249 204 58 62 84 173 32 73 52 51 120 132 102 143 104 172 182 78 221 157 96 100 201 89 205 85 248 185 82 56 139 210 112 
63 : 61 146 162 66 189 107 236 123 174 140 178 136 132 200 235 113 220 34 36 26 190 80 43 130 143 232 138 25 27 79 214 47 207 249 151 144 231 111 38 62 46 77 
64 : 193 233 125 115 33 220 117 126 143 223 200 249 245 209 135 133 127 174 74 210 242 152 86 70 64 37 124 207 90 241 96 89 167 194 169 26 185 225 109 84 232 239 189 41 192 119 80 38 206 215 197 234 110 120 104 66 161 72 238 131 
65 : 171 51 129 237 164 75 32 148 143 233 189 88 218 90 173 110 47 138 212 241 231 247 25 152 123 27 224 141 57 209 207 55 168 182 226 196 36 149 96 68 46 128 183 30 98 155 56 103 35 60 74 184 42 202 41 248 112 198 195 219 43 91 117 222 136 246 49 28 205 157 175 77 124 53 78 243 116 108 50 107 174 158 114 48 40 220 245 240 187 213 104 188 170 140 
66 : 84 193 181 240 87 50 141 246 32 114 160 241 104 117 212 203 245 134 93 86 148 108 80 200 107 30 227 221 
67 : 198 232 199 202 194 166 108 118 103 150 208 66 102 188 164 42 148 229 72 53 117 56 216 230 131 206 145 210 191 109 190 135 177 144 236 120 34 93 220 130 153 163 58 248 110 73 140 60 161 27 138 100 112 55 169 61 106 195 209 122 33 184 171 
68 : 153 162 147 168 35 68 117 54 135 181 94 215 79 53 155 175 114 93 236 97 133 50 189 220 206 80 218 170 112 115 244 72 245 77 67 101 160 140 46 120 173 61 89 161 150 225 246 105 63 202 48 148 30 
69 : 134 181 171 28 119 79 78 220 142 94 58 240 204 114 176 80 215 145 126 177 243 199 72 195 229 105 60 235 66 200 33 
70 : 45 147 187 84 42 60 171 127 167 200 157 58 102 160 128 78 67 108 197 151 141 40 162 193 210 188 93 80 237 101 144 73 98 215 156 231 52 149 220 133 87 77 49 245 246 28 114 100 119 130 183 226 55 191 112 172 242 234 199 113 57 170 25 184 126 216 66 59 105 142 123 26 75 180 225 70 31 247 56 244 202 120 117 122 68 106 104 118 65 111 30 110 132 47 92 
71 : 148 248 68 116 226 146 171 211 61 42 140 128 137 194 65 127 27 60 74 119 84 91 45 244 247 223 231 95 203 94 183 
72 : 248 185 186 238 142 46 26 138 52 60 99 192 225 123 234 108 232 211 62 57 241 204 207 195 178 95 71 101 194 132 47 244 64 184 90 134 67 129 74 230 126 171 161 191 51 120 61 240 222 48 89 188 237 111 130 220 69 53 
73 : 133 150 163 110 212 129 187 248 102 211 51 204 91 162 125 141 42 124 123 165 90 157 63 48 172 196 67 143 169 171 188 159 46 40 191 36 247 218 31 47 193 55 80 118 140 121 49 66 32 100 98 184 68 119 127 93 106 249 82 77 223 160 183 220 72 245 177 130 195 38 65 236 126 240 53 213 241 88 197 229 132 89 107 39 79 226 
74 : 186 228 187 192 134 198 146 111 220 208 143 120 167 178 98 25 195 179 201 148 92 66 211 68 113 169 48 161 188 101 42 241 61 240 67 175 45 56 156 230 53 96 106 41 87 93 166 46 112 28 145 118 50 144 239 194 105 149 141 154 60 40 158 137 34 59 234 78 90 209 152 163 26 35 43 171 168 210 135 174 
75 : 66 242 165 62 77 31 188 118 57 213 243 91 47 53 214 248 145 34 95 181 102 156 88 221 249 
76 : 154 88 216 49 37 109 222 211 164 83 149 209 75 143 243 66 242 117 249 215 183 45 227 208 95 100 48 132 101 185 71 105 181 168 104 46 188 204 124 35 44 229 218 137 172 43 29 195 220 74 60 77 
77 : 130 198 158 122 29 38 225 220 100 216 234 47 25 164 248 223 116 59 231 148 78 166 82 205 109 90 115 45 108 204 135 74 235 
78 : 37 133 88 38 245 121 234 170 241 182 140 93 222 189 123 163 198 124 202 102 47 113 111 103 129 168 216 89 
79 : 222 60 179 123 168 128 118 100 160 244 154 198 206 167 39 236 50 132 90 122 203 230 204 143 121 76 64 77 232 46 189 183 196 201 53 36 130 94 72 106 124 237 34 114 
80 : 31 106 249 110 40 200 91 236 212 76 237 166 138 98 225 207 168 39 65 66 221 42 216 134 162 213 84 58 163 201 64 47 
81 : 150 204 86 84 82 174 26 143 149 79 247 191 27 229 241 139 81 188 65 220 189 162 113 99 38 213 35 131 42 140 178 135 59 108 116 62 75 202 158 47 28 172 232 207 61 25 107 218 217 215 88 57 141 205 78 169 95 190 209 96 98 60 123 48 239 90 222 240 219 206 214 77 231 212 40 76 122 137 236 249 176 43 63 182 155 223 85 67 175 192 146 
82 : 129 29 104 223 119 43 185 222 31 127 204 123 182 173 81 40 45 47 203 179 145 41 234 74 208 72 98 176 55 54 217 160 83 165 209 180 149 133 138 248 44 60 90 75 65 92 235 246 112 99 148 106 198 228 243 153 211 61 59 154 73 38 155 213 84 128 78 51 
83 : 217 164 185 181 120 200 138 192 167 163 173 133 171 179 130 48 103 71 224 124 150 114 128 191 211 26 183 241 234 196 148 41 109 129 116 166 215 40 126 147 107 188 221 230 36 90 55 92 86 132 118 189 248 78 72 240 243 186 104 193 208 33 64 74 184 30 111 115 204 156 125 142 38 87 96 
84 : 208 175 61 138 26 176 70 219 45 113 87 106 190 235 81 142 88 170 247 115 96 99 82 85 245 153 51 
85 : 87 209 235 61 197 121 152 91 244 237 96 178 205 190 75 117 63 161 148 219 181 100 84 68 107 139 55 135 180 69 59 47 229 120 172 116 130 187 202 36 66 247 170 83 27 203 102 145 159 94 80 76 194 111 156 220 143 88 151 227 162 174 128 82 104 185 
86 : 178 106 124 31 197 30 180 93 247 199 67 154 111 78 99 248 79 171 104 206 94 225 238 229 64 182 45 184 145 169 120 174 113 39 156 237 142 55 131 157 245 146 148 155 27 37 207 175 43 234 186 170 223 201 233 211 228 195 89 217 72 164 92 160 136 208 105 95 
87 : 105 140 190 178 172 223 114 163 103 216 60 170 195 160 158 138 188 212 53 77 88 72 40 151 129 79 133 62 215 67 100 244 191 66 34 109 200 149 234 181 51 44 179 26 107 28 94 117 202 184 33 87 144 157 145 166 
88 : 48 73 38 187 112 152 177 41 200 167 28 229 235 246 189 53 172 165 98 197 202 114 131 190 222 46 243 60 67 126 117 56 133 75 183 196 162 123 238 
89 : 143 71 112 158 160 140 242 245 34 213 64 215 78 53 226 209 55 164 182 70 50 206 48 76 174 178 99 197 234 249 204 221 118 210 103 68 196 202 126 186 87 163 244 225 128 73 246 27 147 106 49 133 165 81 155 26 122 232 148 157 46 233 59 108 84 217 88 129 236 31 52 62 95 142 248 85 185 195 151 89 150 203 190 181 239 57 123 171 100 218 124 65 93 141 25 237 98 29 224 
90 : 213 145 230 186 81 246 71 130 109 113 163 182 234 112 243 104 97 200 202 169 151 124 118 129 158 30 209 222 114 56 58 212 123 35 45 99 
91 : 247 65 87 33 36 237 205 242 174 214 194 246 31 197 155 125 93 178 163 30 184 220 165 76 88 171 49 241 153 227 129 207 127 221 240 98 243 151 172 210 175 159 115 158 228 145 77 192 230 131 80 51 137 118 147 69 107 203 61 176 28 185 57 164 
92 : 91 150 44 84 106 29 46 25 98 135 197 68 151 129 60 202 225 124 201 66 248 130 40 70 147 123 170 192 102 107 80 65 83 157 
93 : 148 71 44 78 167 101 200 34 136 218 111 199 238 235 203 156 47 140 185 159 86 125 113 187 147 144 77 62 127 244 69 176 220 51 172 212 152 45 95 215 242 232 183 120 195 30 65 89 27 222 84 208 40 59 64 246 155 146 173 181 217 248 143 98 
94 : 76 172 47 218 132 220 41 170 229 89 104 242 88 164 143 116 199 36 212 54 222 176 247 246 158 174 203 150 62 109 74 131 67 66 125 83 46 49 102 186 84 53 156 182 231 180 133 103 183 85 37 185 249 175 90 128 79 154 111 38 123 110 127 122 144 44 243 151 232 191 160 32 58 42 179 
95 : 224 102 133 38 195 105 32 47 241 212 137 149 229 75 104 57 27 202 180 216 214 177 142 205 34 85 98 129 76 168 41 232 220 227 44 106 246 236 181 235 89 225 103 165 207 54 166 182 192 164 58 109 237 31 223 199 80 219 73 209 150 97 191 179 153 231 71 33 107 185 
96 : 176 55 44 239 217 103 198 222 61 124 40 145 195 109 183 246 119 133 194 36 130 70 247 43 30 205 93 166 212 223 88 159 204 170 177 230 225 174 245 178 110 220 31 182 42 120 216 104 28 193 181 224 158 97 148 32 89 39 95 
97 : 159 177 180 93 80 92 212 120 178 236 218 39 126 201 135 72 128 125 229 238 144 226 195 168 242 33 30 194 66 132 208 203 31 164 75 204 158 53 145 27 211 163 29 167 247 60 85 37 225 233 113 143 217 202 112 188 174 59 78 142 76 221 
98 : 29 55 188 202 137 239 66 104 25 32 158 199 54 217 111 189 53 65 52 236 75 124 110 221 118 31 93 39 73 
99 : 187 105 62 92 27 203 207 218 118 139 229 248 79 240 56 183 72 227 108 196 95 135 38 76 168 100 237 204 53 194 110 179 200 211 81 41 
100 : 68 54 166 61 87 170 88 206 139 201 212 159 149 157 47 111 93 28 40 145 81 238 73 110 82 60 141 114 236 56 124 122 39 66 244 134 247 232 64 26 161 105 100 194 150 32 63 126 62 27 160 74 174 239 70 41 171 33 120 177 175 57 182 113 191 132 75 200 176 163 
101 : 158 174 45 36 229 48 120 179 35 151 124 236 248 116 126 73 43 84 220 193 231 90 132 50 227 89 99 128 197 138 148 91 150 170 155 232 101 159 194 184 52 240 136 241 67 103 40 79 222 46 182 199 211 110 161 164 153 64 218 62 242 111 187 108 217 175 191 122 176 154 247 186 37 118 156 237 68 235 83 238 
102 : 84 38 239 243 214 166 68 76 92 180 99 208 42 49 151 94 248 125 78 212 134 136 120 226 67 43 
103 : 154 207 198 61 90 105 82 133 201 161 124 110 170 76 153 200 216 224 150 237 182 64 73 148 238 86 169 109 171 165 72 248 212 158 191 138 129 218 151 221 199 202 135 142 88 220 47 204 44 245 27 136 197 189 147 92 144 217 167 33 93 113 157 58 39 181 128 117 126 226 85 119 184 28 67 230 178 137 
104 : 217 243 27 25 81 162 239 93 203 123 114 60 176 135 236 201 204 128 154 37 240 86 233 73 101 42 144 71 150 156 170 179 134 127 210 67 35 169 96 105 82 54 161 55 194 87 180 195 116 159 187 189 109 133 76 143 234 69 178 202 72 91 151 142 211 79 115 231 124 112 110 53 74 181 94 132 68 249 157 207 90 136 206 56 
105 : 194 96 228 246 138 106 150 125 41 28 95 249 156 34 134 222 155 68 187 143 237 204 100 223 229 227 122 27 40 144 79 207 206 182 116 94 86 174 216 113 183 87 236 208 102 46 93 166 218 241 161 66 108 240 220 154 160 189 
106 : 52 247 70 32 233 161 211 173 58 144 79 153 30 216 57 242 136 37 150 212 249 107 99 140 187 160 33 96 245 142 224 118 197 47 195 29 117 132 188 170 125 77 214 154 130 234 137 78 69 218 165 206 64 49 199 162 208 42 240 92 237 169 163 189 97 207 
107 : 56 35 197 135 128 55 45 106 74 196 96 101 61 195 219 207 225 153 184 140 52 217 91 198 59 215 81 39 37 178 229 77 171 117 134 216 174 100 242 132 124 243 116 147 239 42 113 34 168 47 172 234 199 107 49 233 150 44 93 161 188 141 181 247 130 114 30 102 115 36 231 103 236 163 86 155 131 165 33 223 200 88 235 51 89 241 187 173 189 87 
108 : 67 196 162 233 229 82 40 119 177 111 235 208 179 83 101 116 204 163 113 237 121 143 194 192 34 226 48 95 220 37 201 31 136 96 131 216 222 61 157 78 243 55 185 126 211 107 186 56 168 206 146 66 199 139 86 247 100 32 74 38 122 110 57 36 167 42 92 198 79 108 154 
109 : 59 71 186 26 139 158 135 136 145 75 159 142 96 82 77 209 51 164 242 105 61 138 198 103 195 116 185 118 194 148 52 120 28 47 177 65 94 33 180 249 108 151 212 245 173 43 231 187 93 181 167 221 27 56 153 73 200 126 196 165 168 172 125 36 69 206 113 202 40 203 147 117 
110 : 95 35 155 209 144 116 120 112 182 151 202 93 201 25 181 130 91 222 97 234 233 176 212 213 45 137 237 173 62 148 178 145 64 48 34 177 231 36 50 57 153 103 94 228 174 107 80 29 40 140 133 128 119 191 82 189 51 54 108 61 150 154 86 87 185 123 77 52 99 215 33 246 190 74 125 171 138 70 88 169 28 241 132 101 220 230 114 30 167 
111 : 124 187 230 93 147 116 98 73 79 248 192 88 108 199 134 121 70 191 185 234 200 225 221 224 38 222 244 139 69 212 197 35 233 65 125 228 119 238 31 249 216 111 173 240 167 132 62 42 72 214 78 106 76 171 46 63 92 112 203 71 45 48 155 198 117 189 223 164 52 208 37 196 36 143 211 202 229 190 58 74 184 152 86 145 188 183 41 104 66 
112 : 38 30 239 140 231 28 114 29 132 53 95 205 48 183 115 89 158 96 112 127 145 83 156 151 55 220 116 69 34 106 245 51 248 133 74 190 138 82 204 141 174 168 78 136 84 241 120 221 39 44 234 59 146 94 144 206 42 162 203 172 121 101 92 147 98 246 178 187 238 161 57 66 229 109 110 198 217 33 58 47 194 150 93 126 137 235 111 188 119 143 105 135 102 154 149 177 
113 : 36 213 83 38 123 152 202 103 37 93 182 92 224 29 62 174 98 131 96 67 198 133 69 154 169 130 128 229 99 164 210 86 113 43 139 48 51 144 34 58 217 248 216 75 72 108 219 245 26 100 215 117 143 221 40 233 249 85 112 209 
114 : 173 168 123 200 237 26 188 81 99 152 56 183 142 41 153 140 135 229 157 208 225 112 230 86 158 79 53 36 80 187 165 243 226 240 51 93 189 31 171 221 100 163 98 249 197 118 185 166 212 191 60 193 211 217 169 78 50 178 151 57 244 76 133 35 85 234 176 134 232 219 202 32 144 238 222 33 194 175 39 29 72 210 196 198 164 115 107 124 121 201 84 38 245 42 25 248 147 110 
115 : 46 84 141 167 100 97 62 88 116 127 221 73 217 137 245 125 229 246 181 243 188 228 79 51 90 154 201 
116 : 82 204 123 81 197 67 226 78 130 175 151 34 247 98 110 48 49 168 95 216 88 219 193 192 228 159 44 59 121 179 164 188 46 139 25 55 27 134 202 222 176 233 237 242 141 143 114 174 62 45 136 52 196 180 184 238 218 132 234 53 210 39 77 109 118 171 66 244 229 58 133 209 194 111 105 115 57 97 108 150 178 83 185 
117 : 176 95 141 175 136 42 76 61 74 53 172 222 231 157 127 200 145 101 216 40 54 174 195 223 75 41 191 155 202 220 183 105 51 138 146 147 119 225 59 94 103 212 52 132 49 236 29 93 122 143 125 154 148 133 126 179 139 89 204 129 230 39 135 50 166 91 83 217 246 207 244 162 96 120 124 115 242 209 88 123 
118 : 103 43 188 67 170 94 202 112 89 73 177 76 70 41 122 69 149 206 163 178 226 111 99 86 68 229 240 126 203 204 166 137 88 100 151 129 143 218 64 211 95 200 167 93 55 212 216 190 201 75 108 156 39 114 234 31 45 29 79 247 109 249 222 138 28 155 54 236 220 106 110 186 169 44 47 193 128 74 153 144 104 87 34 81 
119 : 173 134 61 106 105 246 54 86 79 87 131 92 30 162 40 204 94 236 126 243 78 207 119 102 190 27 26 165 170 133 187 100 107 235 148 128 70 214 48 47 223 33 144 242 174 122 135 183 
120 : 28 176 104 206 243 233 52 183 48 32 58 145 71 138 178 187 86 45 201 44 74 226 94 84 150 200 202 105 237 107 221 182 117 234 91 49 174 246 88 155 39 50 87 132 189 210 80 196 35 103 56 136 175 89 97 116 120 185 212 77 26 215 78 64 194 149 139 227 193 240 192 83 59 69 85 98 222 55 75 90 141 38 31 152 76 179 157 199 66 154 160 140 67 209 36 61 124 
121 : 152 113 230 248 53 168 220 39 183 70 134 78 129 221 28 213 61 112 236 81 37 231 149 62 225 211 182 217 50 164 131 108 67 
122 : 103 38 166 89 196 115 179 58 212 226 146 85 228 117 233 31 75 121 102 241 77 63 72 152 144 177 148 69 136 109 171 43 126 194 231 51 86 97 66 153 197 172 195 200 73 239 137 37 96 157 143 
123 : 236 46 90 52 27 191 197 176 82 108 205 144 38 138 105 110 145 224 159 37 122 248 210 180 225 53 181 172 61 41 116 95 129 151 73 69 64 101 164 77 137 154 
124 : 218 63 216 203 109 179 41 59 105 65 241 51 81 115 190 57 48 162 187 76 46 186 75 181 168 220 107 84 120 211 153 163 69 166 180 213 185 89 165 155 126 207 210 159 29 78 223 149 49 119 45 172 25 209 195 36 174 55 100 108 127 156 125 145 183 143 133 52 114 116 199 217 226 242 246 66 191 206 88 229 204 42 138 
125 : 153 196 49 112 126 55 228 149 75 185 193 41 207 240 100 52 133 99 111 44 136 106 87 43 26 170 34 96 107 202 90 60 190 175 124 27 130 62 76 39 167 94 84 178 249 138 98 176 63 50 82 95 197 159 92 
126 : 50 95 190 248 201 205 113 39 141 184 106 146 27 33 117 55 178 150 217 240 219 193 227 31 202 199 101 115 192 136 161 145 174 102 64 89 152 73 129 241 76 70 68 38 187 198 196 77 229 137 151 94 42 181 160 135 120 48 246 111 100 54 
127 : 230 172 224 128 68 218 201 82 166 44 64 126 40 232 215 91 153 200 149 236 140 242 71 142 103 241 181 147 174 114 55 169 135 75 112 54 26 227 229 206 159 62 192 207 173 85 119 213 32 56 
128 : 217 88 84 65 191 157 168 197 45 139 181 61 236 241 72 81 175 62 136 121 199 116 225 130 146 129 75 94 203 70 145 148 206 105 195 33 227 39 38 106 73 80 210 230 183 233 26 159 127 76 211 244 213 118 177 182 167 97 108 214 134 83 100 215 207 141 155 216 
129 : 181 178 68 44 73 104 121 116 237 155 173 129 228 220 161 29 216 95 36 45 58 207 83 89 34 125 154 98 241 30 196 41 229 70 119 108 192 136 
130 : 213 145 245 86 91 131 204 247 181 201 190 65 111 132 236 60 232 49 221 110 170 146 225 142 118 199 74 143 98 122 45 59 128 243 215 147 179 28 156 92 52 97 161 158 218 249 139 99 47 113 64 112 164 144 32 134 219 100 208 85 168 171 
131 : 170 146 239 210 202 235 212 81 158 217 47 247 180 194 246 116 68 159 50 31 78 143 163 144 220 222 154 75 145 94 49 237 126 165 138 173 248 211 151 236 140 118 61 44 86 41 153 34 244 206 225 93 207 100 77 229 74 169 203 176 234 157 104 227 106 178 98 124 228 179 233 215 117 
132 : 164 120 128 48 208 116 129 100 35 227 237 166 73 44 36 143 138 57 109 135 38 30 125 43 165 245 32 221 127 148 60 176 58 249 223 82 111 160 206 234 81 45 242 84 69 50 122 184 126 37 51 197 171 137 228 156 220 95 31 89 70 203 200 222 207 205 65 110 168 147 214 42 133 159 209 180 107 185 163 238 158 102 246 94 113 157 189 
133 : 228 213 99 224 118 57 84 242 76 204 168 87 49 112 179 150 175 28 187 216 88 164 193 137 131 94 71 105 207 214 142 
134 : 247 120 141 183 216 168 63 153 139 31 208 144 122 138 143 42 61 236 176 209 175 212 79 241 219 88 28 197 169 205 154 155 127 246 171 224 62 76 74 189 38 65 58 64 83 95 142 99 60 129 71 185 56 111 54 179 244 119 157 229 50 167 128 43 98 213 109 107 188 162 102 96 133 173 222 161 124 66 211 178 91 113 81 97 48 108 
135 : 74 108 88 117 178 130 237 91 63 241 196 34 89 227 217 120 152 147 86 105 42 236 238 110 187 215 234 184 211 39 134 64 103 210 31 72 56 84 232 80 204 43 159 177 245 57 197 47 32 153 104 50 138 240 194 224 70 226 119 107 179 69 123 161 244 176 228 143 246 40 141 92 
136 : 220 32 148 188 180 238 27 229 33 45 208 79 36 154 37 113 81 247 39 106 233 201 206 67 109 64 87 177 85 240 54 176 56 141 191 246 157 74 52 231 103 120 187 235 94 217 71 75 130 126 118 192 227 193 243 152 51 104 197 26 89 169 142 213 181 28 205 183 149 166 242 128 98 
137 : 96 97 45 50 217 28 199 165 176 144 60 148 149 115 83 32 151 127 143 158 106 108 205 74 193 58 219 90 206 135 103 221 208 67 116 204 34 225 76 175 81 227 155 248 153 70 122 52 239 169 121 194 211 57 55 80 177 98 30 235 191 43 188 140 93 62 196 38 230 246 105 114 137 215 202 197 233 47 40 170 160 84 224 164 231 94 120 29 238 101 
138 : 35 91 163 134 194 110 247 184 201 62 246 45 148 172 65 122 84 190 226 233 166 127 71 236 128 37 133 73 70 92 108 155 152 87 209 219 47 185 217 39 40 169 56 42 69 132 143 154 76 114 222 234 89 225 74 153 188 30 78 97 136 239 179 90 54 106 173 137 98 177 36 85 206 165 230 48 96 142 104 88 223 200 135 193 121 101 248 31 123 212 196 95 
139 : 41 108 81 206 131 34 120 26 238 183 244 239 110 242 88 57 73 181 29 221 122 203 228 198 168 218 147 119 103 200 240 209 193 69 54 106 116 80 39 201 190 236 246 35 
140 : 120 153 103 94 30 26 209 54 195 50 97 40 81 79 70 96 248 112 161 102 116 241 130 158 179 74 168 37 27 60 178 169 106 34 182 43 146 198 175 49 
141 : 85 55 72 234 136 170 36 87 162 201 203 141 172 209 35 124 47 40 43 27 44 223 246 67 76 156 183 231 60 34 187 49 137 242 118 74 126 105 204 25 42 127 148 182 140 232 235 244 103 71 213 163 37 240 41 147 38 202 211 145 175 104 119 247 129 135 54 70 48 189 227 173 212 236 61 218 153 210 53 81 165 214 50 30 73 121 125 184 123 237 
142 : 134 146 53 29 125 54 69 153 193 147 183 216 225 194 176 76 174 185 117 151 47 55 169 81 237 40 142 123 188 154 197 105 161 64 25 198 209 104 46 109 74 223 148 128 91 85 165 41 233 120 173 199 113 39 103 249 243 226 159 115 212 186 
143 : 187 190 212 137 134 66 218 144 237 32 246 232 249 197 248 136 41 98 151 131 204 47 179 67 224 230 149 176 178 75 186 103 157 140 210 152 59 146 73 57 122 85 116 205 123 109 177 45 139 220 215 89 80 125 214 145 129 168 226 86 225 193 141 91 162 31 244 42 112 28 160 51 175 228 55 133 161 174 46 76 
144 : 193 177 128 173 95 37 78 62 246 185 87 123 202 46 112 141 74 80 86 57 171 116 43 179 48 186 71 36 49 195 114 61 25 72 88 122 98 85 150 35 224 113 164 47 239 118 178 90 38 101 39 58 245 219 64 188 180 79 40 52 147 132 209 94 238 99 68 174 244 241 138 151 223 204 53 229 211 152 59 136 208 30 103 148 233 162 125 247 242 144 154 84 169 45 143 44 60 31 175 142 
145 : 225 138 163 184 181 110 83 92 217 35 180 97 227 79 207 75 46 219 62 156 127 218 128 240 173 141 52 34 210 220 162 66 169 243 150 50 54 172 120 174 175 25 49 191 157 238 193 74 134 90 28 190 149 229 32 85 158 77 236 81 101 152 37 144 57 242 142 47 203 88 95 164 176 148 224 237 105 
146 : 48 25 57 133 78 122 85 189 183 31 221 214 141 144 180 119 160 170 108 224 139 110 107 231 128 91 222 116 49 182 40 93 118 204 173 209 46 80 216 67 56 65 168 44 36 75 45 166 152 150 58 66 163 179 223 186 213 64 245 129 113 246 242 62 111 165 215 106 161 244 90 218 41 137 212 226 131 135 158 124 50 191 154 225 234 202 114 169 208 95 192 
147 : 138 163 221 200 56 133 162 202 48 236 135 91 151 95 99 26 71 49 169 248 249 97 181 208 240 206 224 107 120 59 220 30 190 177 101 175 225 112 241 119 228 186 170 42 140 43 90 230 167 134 64 146 
148 : 187 99 111 98 194 223 115 85 97 211 86 241 50 216 168 166 174 161 130 182 153 44 227 33 179 118 45 180 40 198 139 128 81 236 60 29 70 91 125 116 57 34 239 143 145 
149 : 37 249 154 80 102 59 69 197 164 131 41 46 192 165 103 169 51 221 106 83 207 228 199 156 216 98 208 152 234 224 82 163 158 171 77 116 39 120 248 110 
150 : 43 80 93 211 26 138 160 27 61 135 219 124 196 144 214 204 163 65 31 107 186 112 190 118 141 36 207 
151 : 171 96 109 147 62 183 60 105 199 61 187 25 34 185 222 54 134 108 137 214 142 148 35 229 176 246 117 219 73 216 131 37 126 45 78 52 164 198 237 76 240 208 95 57 192 46 110 158 138 121 114 160 38 129 32 42 116 98 65 58 43 44 157 93 227 71 146 69 28 75 125 174 212 167 242 149 53 40 48 26 215 193 
152 : 122 159 208 182 67 176 188 99 36 123 206 220 78 148 133 237 158 217 202 121 196 224 186 174 190 130 216 128 240 94 213 151 239 131 189 219 247 200 154 86 201 34 146 249 45 66 105 195 145 179 100 31 153 63 37 139 178 62 98 126 69 117 147 46 53 168 241 40 48 54 187 106 137 103 170 175 140 245 
153 : 26 233 105 240 133 135 234 238 214 157 198 61 224 183 223 122 144 189 199 115 192 103 184 42 89 231 99 172 190 208 
154 : 101 125 34 203 131 112 31 122 155 180 86 145 154 72 134 233 94 28 160 77 65 167 69 55 163 218 248 80 217 127 151 152 35 141 149 142 130 171 98 184 225 187 215 194 78 49 47 71 166 63 244 104 165 60 124 99 232 133 82 38 186 243 241 223 177 144 237 146 159 87 109 236 201 113 246 116 169 228 
155 : 161 248 35 46 167 54 138 69 196 230 117 66 26 112 50 197 108 48 245 31 41 209 232 39 177 160 133 128 142 186 147 149 74 200 184 44 
156 : 28 121 245 177 170 63 64 145 154 228 91 175 122 193 103 54 213 149 38 75 215 171 203 162 230 164 123 78 136 161 120 71 173 216 127 217 25 163 176 236 201 56 150 195 50 242 196 246 209 62 248 178 93 198 98 184 77 229 199 167 96 67 82 157 45 159 68 141 129 244 188 158 148 111 144 85 132 108 128 126 92 46 61 33 29 241 139 207 49 134 212 
157 : 86 149 189 97 131 92 55 227 125 69 219 196 249 182 164 109 248 70 159 31 212 44 29 77 87 145 244 204 56 120 102 54 218 223 28 110 27 147 198 
158 : 200 49 117 220 74 129 106 187 109 223 52 121 206 213 222 85 145 39 245 218 79 244 234 77 103 173 56 238 94 194 161 215 83 199 67 126 120 89 47 140 98 241 32 37 235 167 150 113 88 198 172 247 246 69 196 115 122 68 53 249 134 149 230 143 154 133 210 31 72 186 86 144 102 125 28 219 202 93 108 104 221 176 192 227 25 214 228 232 168 212 136 
159 : 69 51 35 160 131 86 101 122 29 240 156 204 161 175 211 155 56 207 227 83 76 113 129 235 244 147 62 100 157 237 102 145 188 181 146 152 80 169 79 26 94 95 193 63 65 230 134 142 81 55 151 97 172 107 210 132 
160 : 105 244 37 213 216 154 123 93 139 187 89 170 169 61 221 70 83 175 143 229 203 137 248 59 62 196 227 133 81 50 32 225 204 79 46 126 238 146 210 80 127 191 185 234 214 235 167 128 129 31 183 43 189 84 58 55 69 224 115 193 57 
161 : 164 108 236 155 76 233 120 101 78 77 194 213 122 142 46 248 144 112 41 234 50 202 131 227 172 53 214 189 145 241 72 157 187 173 121 86 89 73 218 150 148 97 178 181 160 192 246 87 188 208 177 209 103 61 66 119 136 186 49 174 94 176 180 167 27 44 35 36 201 107 40 198 123 54 133 32 88 92 154 39 153 200 37 168 191 100 149 196 132 115 143 226 203 240 
162 : 32 136 129 170 107 94 105 153 239 41 111 115 89 237 192 82 95 141 45 62 174 123 221 168 235 159 193 60 206 223 194 78 244 229 80 164 180 109 130 
163 : 82 102 207 66 32 93 146 52 83 69 155 228 59 136 121 34 213 111 200 110 87 100 86 234 64 166 241 180 144 99 204 132 94 178 101 73 
164 : 166 152 132 244 117 120 202 131 36 149 65 112 141 235 171 85 227 240 198 229 88 168 193 213 101 155 83 128 86 102 74 125 242 124 55 157 62 161 163 145 27 236 219 154 51 248 76 46 69 165 146 115 184 167 135 147 160 180 89 173 29 40 228 25 79 195 164 226 32 56 183 203 159 204 70 231 208 172 196 44 181 57 93 61 205 
165 : 199 125 212 95 146 151 88 41 171 106 165 156 42 204 231 170 35 233 172 164 79 78 48 150 238 160 224 94 197 143 180 26 225 145 45 47 82 133 161 221 59 31 128 141 230 185 235 37 242 193 27 123 174 190 176 248 103 67 132 113 195 114 228 130 30 112 208 247 147 102 245 239 
166 : 129 83 111 211 207 187 68 156 130 164 102 135 185 38 64 158 189 125 179 66 215 190 172 209 81 41 222 233 105 57 148 93 147 177 110 171 25 96 200 230 87 59 32 174 143 218 132 27 37 72 242 75 150 94 30 202 51 45 71 149 126 136 157 79 151 240 217 224 63 134 221 47 80 73 214 186 91 106 182 119 82 192 36 163 26 199 216 53 67 241 193 206 226 
167 : 40 130 210 164 35 141 166 33 158 216 140 73 106 142 64 77 127 153 169 160 137 120 239 109 233 188 195 70 28 201 53 57 220 198 209 71 100 197 133 69 58 118 126 48 105 52 131 223 235 236 165 151 124 129 30 96 225 196 155 135 74 32 171 162 72 83 224 114 46 168 42 89 144 178 79 206 207 170 54 76 248 78 156 31 148 25 154 192 194 
168 : 28 88 101 210 209 161 178 191 69 134 248 165 67 211 126 62 227 193 117 27 42 87 83 72 146 119 45 194 47 115 242 237 91 219 204 167 79 160 140 107 39 156 234 137 130 208 196 151 108 169 97 246 144 55 189 104 215 239 220 133 163 
169 : 237 112 102 107 30 101 213 210 47 121 99 48 126 70 144 79 148 239 116 51 75 78 133 91 74 109 203 130 206 135 103 149 131 173 238 215 117 169 176 67 235 218 172 
170 : 32 39 29 172 111 118 120 152 63 182 208 60 221 114 177 193 207 133 141 171 104 206 212 231 95 233 249 56 27 175 116 82 109 100 151 62 230 157 61 235 159 214 86 37 225 138 89 183 179 188 178 58 106 239 164 153 108 
171 : 106 121 58 223 114 180 37 153 147 68 54 187 197 219 45 234 167 199 90 165 93 57 177 205 100 51 33 236 241 26 119 249 179 52 174 112 56 123 207 117 73 29 184 190 154 206 231 103 27 221 105 91 229 243 212 97 44 70 63 181 99 133 230 
172 : 146 95 33 121 197 50 207 145 143 138 108 206 114 165 240 247 37 62 211 44 89 188 249 77 42 31 119 34 210 243 90 166 73 43 101 227 52 25 184 228 214 220 205 235 59 189 198 63 150 94 30 187 53 49 130 148 139 27 202 201 
173 : 161 214 104 219 110 199 158 34 121 241 99 174 83 41 222 88 76 226 36 152 124 168 123 30 145 67 66 221 188 86 206 210 28 127 155 175 193 93 
174 : 210 106 192 243 31 80 92 151 73 136 226 112 61 232 67 42 239 87 233 93 230 53 108 150 194 158 111 168 104 189 229 100 77 203 187 95 213 58 44 41 218 242 196 165 246 28 245 186 125 144 26 55 74 157 47 25 138 212 200 205 122 208 222 228 204 34 109 188 216 71 183 240 50 166 153 176 102 147 143 96 237 116 209 54 162 169 89 177 43 113 
175 : 161 186 73 126 165 191 85 201 151 233 182 245 221 106 228 34 93 71 163 193 213 130 60 144 52 215 89 150 51 183 181 79 223 109 156 42 189 241 231 175 207 82 58 217 158 214 46 92 190 141 166 160 74 176 236 138 83 47 153 164 154 131 120 194 168 136 94 105 234 36 100 210 111 107 247 104 162 65 112 198 121 133 179 54 118 48 69 219 149 127 84 113 53 26 
176 : 242 139 114 203 49 72 238 206 228 69 216 166 66 150 52 38 67 178 164 240 86 234 197 31 104 198 103 207 229 149 152 151 77 211 93 109 134 249 98 188 145 128 173 39 84 227 175 99 237 79 165 147 32 138 68 214 85 224 174 232 37 186 97 180 89 158 91 45 135 204 70 122 192 160 127 34 115 201 36 172 212 181 176 161 202 130 196 60 65 56 157 119 143 
177 : 147 166 141 146 95 125 197 132 217 242 42 226 27 117 159 105 244 149 35 247 173 229 205 203 34 109 59 25 107 39 236 200 84 192 218 186 133 161 57 241 180 144 112 148 26 249 207 235 165 31 167 86 158 51 33 29 67 164 99 213 
178 : 65 216 144 147 49 163 221 32 96 155 102 158 168 159 131 150 57 187 27 140 212 48 115 170 146 54 37 246 139 40 230 113 204 26 240 70 154 169 180 80 181 34 237 148 106 179 164 161 43 84 29 203 77 92 174 243 125 128 59 100 201 198 
179 : 34 118 120 30 217 53 179 139 185 155 178 167 238 148 200 38 170 112 59 201 121 189 136 233 216 128 140 203 57 55 105 193 176 172 77 236 247 127 93 138 54 157 162 35 52 142 227 246 144 177 168 101 47 50 171 63 204 119 209 161 116 206 150 78 81 109 45 202 100 243 181 46 97 231 220 104 85 125 228 221 149 186 89 180 234 141 232 199 154 229 
180 : 55 35 181 175 136 211 64 174 28 160 226 199 119 172 116 178 134 218 78 60 150 213 151 47 125 70 166 117 97 238 162 244 48 188 245 154 76 89 114 155 
181 : 148 231 175 220 213 179 55 207 127 122 111 210 54 161 44 187 173 223 26 181 130 81 159 232 39 201 237 92 70 125 103 169 157 47 109 68 214 141 100 42 144 219 182 145 90 63 71 235 82 74 129 91 217 238 112 102 222 80 104 151 174 53 85 149 241 128 147 225 137 170 176 61 154 172 195 194 94 134 119 203 164 69 124 123 233 37 142 230 86 209 135 114 215 221 166 78 
182 : 237 32 72 66 203 130 233 43 56 70 210 30 247 165 224 189 138 28 157 183 104 82 71 178 60 168 171 33 136 116 34 139 46 219 159 36 206 181 93 123 191 221 58 167 26 54 226 143 198 238 150 119 190 75 188 202 131 154 147 182 197 106 105 146 92 127 212 161 89 25 107 83 122 140 228 
183 : 93 213 103 209 44 125 169 221 94 225 214 49 204 55 207 177 168 140 162 138 147 243 75 124 148 95 61 117 224 
184 : 248 139 77 124 39 244 192 200 134 234 184 115 196 141 143 153 191 233 167 223 126 194 185 58 128 160 199 119 140 113 188 105 231 31 37 50 171 55 165 237 169 47 168 228 201 26 63 41 32 49 100 42 163 97 90 122 82 166 
185 : 199 165 152 143 132 118 233 129 229 28 78 214 109 154 148 67 188 194 227 74 50 63 71 204 44 162 136 45 170 224 212 60 91 47 90 34 124 195 151 
186 : 85 197 215 53 89 124 249 97 247 120 45 182 35 173 221 95 90 61 104 33 47 153 143 135 242 82 29 148 46 142 137 105 189 211 63 132 191 131 116 208 146 232 181 62 150 98 110 100 58 114 205 87 108 57 196 188 243 236 56 216 235 192 73 178 224 229 241 167 83 212 65 228 60 130 51 122 64 152 66 171 248 119 79 176 118 180 226 239 159 193 164 172 72 184 84 
187 : 210 116 142 167 66 172 70 157 90 247 176 114 47 217 143 84 88 180 219 204 38 205 115 122 117 50 60 71 222 127 123 51 240 92 244 49 220 39 164 104 223 155 67 81 83 216 183 80 107 213 235 36 118 150 214 46 221 152 120 48 203 159 112 178 140 109 73 179 26 182 175 229 195 82 62 181 138 
188 : 121 187 228 215 61 224 113 242 161 120 172 150 245 220 147 182 66 86 178 88 56 183 42 67 83 163 124 234 119 105 203 25 197 31 134 45 171 46 221 49 55 230 32 152 
189 : 246 127 37 236 137 82 44 170 93 247 109 29 205 194 86 54 129 193 135 225 150 114 249 67 45 233 80 124 90 78 66 120 60 104 47 192 97 58 235 136 130 180 156 30 173 160 198 207 28 49 146 31 99 53 212 40 145 38 217 39 43 96 202 227 199 26 103 117 165 122 210 245 147 152 221 57 190 68 115 110 177 73 179 200 154 111 213 197 188 201 163 
190 : 76 136 89 60 151 102 64 58 133 200 125 247 189 116 45 129 52 202 62 73 44 196 193 123 94 122 88 
191 : 212 155 245 46 143 241 127 119 61 92 153 43 220 193 191 221 67 98 213 237 109 85 244 166 228 108 45 51 136 198 
192 : 232 223 88 128 246 72 209 155 32 82 65 108 104 127 83 150 67 51 211 218 34 220 102 28 63 151 96 177 103 42 110 207 181 172 225 71 64 189 222 245 138 97 159 197 224 130 
193 : 77 213 235 146 103 115 190 50 170 181 207 214 33 246 89 187 216 189 197 43 128 81 233 100 70 174 225 88 27 34 195 161 40 99 58 180 67 162 125 147 188 60 160 249 205 75 
194 : 93 225 159 84 100 242 219 141 204 207 54 237 170 181 166 199 179 40 156 92 106 152 176 80 86 57 212 143 216 36 90 197 73 55 41 187 117 79 233 201 247 123 136 169 209 178 95 190 109 168 208 210 130 157 135 26 122 149 230 37 205 32 71 146 76 125 64 28 124 56 238 139 132 107 186 60 
195 : 121 247 231 243 245 27 26 160 142 124 69 70 176 159 192 94 177 111 58 55 184 127 248 239 235 120 88 41 78 75 110 125 117 113 207 77 196 140 128 97 219 190 225 214 82 86 89 134 162 109 215 31 116 237 99 52 174 101 37 137 36 81 57 46 126 211 210 213 60 185 74 181 193 234 205 119 130 226 187 236 66 198 180 169 106 188 148 51 67 98 228 
196 : 234 103 244 162 55 87 62 117 33 54 153 113 156 48 39 128 195 245 198 227 98 218 222 97 180 145 52 119 76 134 59 144 53 240 116 31 75 152 175 157 37 47 241 122 161 238 124 80 171 73 130 91 192 68 220 58 82 237 190 150 142 159 42 143 246 56 223 148 228 78 188 209 94 207 123 211 194 
197 : 152 247 69 245 220 126 100 178 109 216 157 67 98 171 159 214 172 79 194 173 200 133 164 101 199 61 187 167 32 218 117 75 225 
198 : 161 242 237 53 111 144 166 219 113 108 189 214 88 151 107 218 143 115 176 114 173 42 160 241 94 212 105 209 126 60 211 84 123 206 194 187 129 
199 : 202 234 136 107 126 75 227 60 27 30 38 96 67 28 121 146 59 127 209 189 183 119 116 142 145 113 221 66 188 228 47 199 98 225 100 45 173 44 124 144 212 233 118 29 88 57 85 99 80 35 191 46 185 131 123 197 139 154 246 141 160 224 163 223 32 133 198 132 50 245 148 94 140 231 214 176 129 77 
200 : 63 41 70 139 240 228 182 212 95 97 117 50 156 93 142 99 48 208 242 115 118 122 125 134 222 136 78 171 54 65 211 185 219 124 205 163 92 198 145 80 175 131 168 90 133 85 204 152 79 67 178 148 172 57 149 217 200 71 241 234 196 189 62 155 38 227 66 137 103 181 226 76 218 166 25 229 140 167 61 37 207 94 232 35 116 102 104 154 151 169 135 170 27 88 
201 : 88 62 32 185 73 151 195 40 56 170 80 67 35 74 82 214 99 50 66 224 142 37 103 172 130 188 194 75 76 166 222 238 161 131 153 105 145 122 125 183 111 65 240 160 64 202 135 180 220 141 227 102 30 137 155 49 113 48 189 39 232 100 228 193 77 91 136 204 233 245 83 127 53 106 191 158 60 197 235 209 217 223 134 79 33 124 164 182 93 34 
202 : 117 171 79 187 164 153 35 180 224 78 43 196 123 227 76 44 166 168 173 118 93 231 136 213 88 133 41 226 57 50 28 248 30 210 225 214 143 199 94 140 100 42 107 108 223 138 161 109 176 101 198 62 49 90 174 112 154 195 243 237 124 172 239 241 190 52 141 220 53 92 116 245 185 200 233 207 211 128 
203 : 53 100 84 73 111 94 81 170 33 32 89 54 166 206 131 237 55 113 67 58 96 238 244 148 101 202 220 75 97 205 203 
204 : 90 82 167 149 129 162 182 234 92 191 166 81 192 177 209 40 179 116 62 155 28 95 211 174 74 224 50 238 72 53 97 185 120 43 75 245 241 146 237 44 70 208 201 175 227 229 152 184 113 101 196 222 30 123 159 186 188 34 69 117 115 58 102 
205 : 191 136 144 238 202 35 211 78 247 239 59 127 194 234 240 142 173 101 242 99 61 203 160 75 157 223 48 181 37 171 189 52 225 72 226 
206 : 194 241 82 67 234 245 169 77 106 190 32 156 71 31 90 140 129 248 104 50 60 175 105 63 74 47 149 219 247 151 237 236 203 95 198 181 97 157 215 27 62 75 187 243 238 84 96 44 170 35 150 145 101 33 222 136 211 141 231 25 244 127 72 180 114 221 79 128 30 213 49 227 57 85 91 191 122 87 119 123 41 224 103 207 125 159 200 134 193 178 195 109 216 92 162 223 118 179 
207 : 180 232 213 142 173 235 44 185 73 31 63 111 152 57 212 131 47 105 120 163 244 182 161 135 109 112 141 97 104 124 34 87 84 190 116 239 219 205 134 54 211 217 241 39 37 55 162 198 46 123 169 220 82 229 150 132 49 26 174 188 56 196 92 189 94 208 108 29 146 230 118 127 155 79 187 91 175 60 30 59 126 99 214 179 237 160 201 204 25 194 140 
208 : 163 116 118 115 195 26 213 188 48 212 145 31 61 149 242 136 127 38 78 77 109 52 158 103 228 140 58 179 237 169 173 203 215 134 230 220 57 153 80 198 126 128 222 197 156 194 131 
209 : 71 175 131 233 239 127 113 62 79 101 173 58 25 198 42 49 27 35 39 246 178 169 148 136 180 182 31 181 134 125 217 194 68 202 138 83 167 33 88 112 230 116 76 119 93 75 146 114 220 231 95 50 244 154 232 86 190 205 191 207 222 81 135 238 203 
210 : 165 244 159 186 59 179 190 166 206 114 30 95 127 142 51 125 192 129 33 61 122 226 99 233 76 219 98 
211 : 221 113 225 150 96 164 83 71 229 242 76 207 116 152 48 227 47 60 205 217 135 124 160 204 61 171 186 26 185 130 49 163 55 106 103 166 100 73 233 213 38 143 140 128 228 248 114 72 178 104 177 203 210 209 165 137 57 97 170 241 115 82 81 216 218 175 59 121 88 112 188 63 42 176 122 249 44 232 125 34 29 174 181 193 
212 : 102 122 77 103 34 211 217 92 140 134 206 202 162 39 121 52 94 204 200 88 78 117 153 93 221 175 81 249 50 111 214 83 90 245 176 241 193 247 138 194 99 63 203 213 141 29 59 130 222 37 120 223 235 185 58 86 182 187 136 170 115 97 237 42 85 126 201 65 137 188 219 239 171 55 149 156 51 110 161 54 183 36 143 64 242 104 129 186 215 49 60 66 159 158 123 142 166 
213 : 109 207 152 171 134 200 34 198 229 178 37 128 228 231 245 33 141 220 246 239 95 96 123 106 61 219 93 145 176 30 27 38 72 164 209 122 157 132 131 196 214 68 97 35 105 193 191 204 159 
214 : 119 130 54 99 221 134 34 222 249 86 90 236 41 183 197 65 68 62 42 200 245 179 95 38 102 72 55 174 131 74 116 45 123 67 87 91 218 85 204 231 143 161 88 120 219 232 56 145 142 141 166 194 46 192 118 96 148 196 59 48 35 188 138 181 153 140 124 187 107 126 243 184 69 164 168 151 93 146 122 26 31 111 173 248 217 144 139 228 97 108 64 239 167 114 210 117 101 
215 : 53 229 100 175 108 174 241 97 86 225 130 134 246 206 245 102 168 41 136 157 210 32 33 147 185 61 217 88 140 56 119 214 235 
216 : 120 175 68 155 31 232 97 226 242 87 202 106 238 48 189 208 159 98 55 217 223 216 245 45 67 118 121 81 80 49 66 111 229 186 47 210 91 75 219 107 62 70 222 100 139 205 188 227 235 234 164 203 26 221 181 44 156 34 157 193 178 42 37 128 240 137 163 249 170 72 141 126 230 239 199 132 28 195 43 191 96 117 183 59 50 158 94 231 190 233 129 236 150 114 
217 : 91 224 38 167 41 158 133 89 147 247 242 132 122 187 31 83 198 116 28 164 86 248 60 106 101 59 199 171 42 157 58 130 165 111 141 29 217 30 25 200 107 191 143 160 155 154 112 249 202 201 245 142 49 57 186 67 223 47 239 174 211 35 204 183 74 84 214 140 237 97 88 207 170 137 208 33 103 225 69 114 
218 : 101 219 143 122 123 179 67 156 33 92 125 214 152 195 244 27 212 177 72 246 87 105 190 28 82 89 171 135 132 99 114 98 202 69 217 32 145 129 44 215 180 118 35 209 64 242 133 119 178 170 223 167 142 53 121 238 111 150 168 226 245 88 228 77 200 134 59 100 96 194 192 62 78 60 249 188 95 198 184 116 70 39 230 73 109 46 79 153 203 86 94 181 115 137 174 103 
219 : 174 217 108 103 37 222 83 149 109 48 146 68 29 231 36 138 46 72 41 242 33 76 193 104 185 75 81 144 162 171 143 130 80 136 73 124 235 55 199 180 87 168 137 66 39 94 233 156 34 198 
220 : 243 127 178 69 210 73 189 183 32 52 63 194 166 28 162 153 65 85 60 83 49 173 48 180 33 64 187 158 132 43 75 241 129 102 172 53 164 112 184 196 141 86 95 62 144 94 46 211 159 192 176 175 104 209 42 105 193 133 74 157 248 121 236 238 47 182 215 142 247 206 81 90 31 185 228 
221 : 58 180 232 244 84 141 51 105 32 49 73 121 225 87 204 151 249 120 147 81 174 179 163 65 237 176 31 79 201 216 245 106 47 194 119 187 235 63 223 170 183 182 44 
222 : 84 61 173 147 98 141 160 242 121 164 215 166 62 95 185 101 186 143 135 128 239 88 206 92 54 231 199 78 180 211 232 63 172 201 32 
223 : 243 196 120 130 43 42 115 184 128 87 216 69 154 34 126 174 106 165 155 97 136 182 31 170 113 224 122 59 236 27 81 160 148 167 194 88 203 227 48 249 90 223 209 137 52 156 233 142 78 163 244 
224 : 82 204 232 220 174 195 94 110 107 136 188 135 97 65 27 33 151 218 156 240 58 52 85 25 215 49 32 137 246 243 207 41 140 119 109 231 149 154 194 239 229 120 238 45 182 235 213 143 93 124 53 150 55 102 106 186 162 127 236 191 129 228 165 74 242 56 88 167 44 234 72 180 75 144 89 101 36 224 219 158 157 148 163 131 222 226 155 248 171 145 147 114 35 170 185 139 115 175 169 177 
225 : 240 47 44 109 30 207 213 159 69 229 46 145 38 100 204 182 194 134 148 199 31 43 32 133 124 139 111 94 118 29 121 181 228 137 39 85 174 131 175 
226 : 85 39 214 67 60 224 74 81 242 111 86 156 150 66 108 128 46 105 205 162 59 202 89 100 78 87 32 176 206 246 183 136 247 118 48 65 208 113 154 184 53 212 209 232 249 72 160 130 240 197 193 194 157 219 77 195 191 26 245 115 155 164 131 41 98 69 90 30 47 243 61 238 54 161 159 103 231 110 40 168 106 44 234 186 213 236 
227 : 240 93 167 146 104 216 154 138 107 88 244 71 211 194 73 57 29 203 239 26 84 229 155 162 224 219 136 78 206 191 248 195 137 116 148 75 91 175 198 67 156 215 200 161 212 72 86 81 179 193 87 227 230 30 49 94 90 184 113 65 54 173 33 237 41 74 163 145 68 
228 : 70 63 82 157 136 87 242 168 151 75 81 188 126 155 177 51 189 104 237 228 115 141 33 207 116 218 32 93 245 201 204 129 101 58 90 109 
229 : 53 108 193 79 54 145 152 98 178 30 61 230 138 32 62 202 200 226 209 48 116 88 194 67 38 115 93 86 227 129 221 187 241 231 89 205 74 124 69 163 214 175 97 121 42 177 63 107 173 113 139 179 87 199 135 229 164 47 56 171 49 238 92 103 64 96 100 235 167 101 228 118 185 114 240 191 140 188 95 168 130 35 182 105 26 45 136 90 111 77 203 28 59 244 102 224 57 91 
230 : 111 224 45 77 84 153 170 152 221 227 218 156 56 78 41 187 132 201 241 125 131 134 110 103 67 163 48 216 166 73 57 236 107 167 209 25 151 128 31 47 246 148 50 88 32 51 63 129 28 248 87 27 101 161 
231 : 50 203 135 129 151 137 165 123 84 204 217 92 42 25 216 117 29 248 67 155 184 77 139 206 130 175 143 35 118 167 225 58 40 68 166 64 144 65 105 127 98 249 126 28 191 90 221 95 73 192 154 60 120 
232 : 47 92 68 232 145 124 153 111 184 31 79 191 138 94 133 72 35 194 204 170 75 220 48 49 175 101 196 239 76 41 210 234 46 244 39 97 192 172 130 212 163 58 120 61 177 43 185 171 242 249 186 56 144 91 42 
233 : 93 69 58 138 216 56 205 78 166 148 218 112 83 29 80 120 136 161 27 194 234 190 37 81 179 163 208 203 159 122 88 175 151 67 124 231 107 111 48 152 131 104 244 146 189 125 35 233 199 128 65 53 196 
234 : 138 25 229 227 67 102 41 198 114 133 201 109 40 151 75 123 131 233 88 183 179 187 228 29 191 95 117 161 93 120 193 219 96 39 58 234 157 243 50 31 168 212 173 231 166 176 71 209 106 214 94 128 45 158 177 164 33 154 142 97 56 124 125 242 130 113 27 196 77 237 118 47 54 236 82 
235 : 173 185 247 239 214 91 61 140 142 241 151 70 110 112 86 248 30 182 128 201 58 195 28 66 38 98 150 122 111 127 82 154 80 133 
236 : 76 144 120 165 65 231 85 149 176 38 41 248 72 170 136 210 171 132 141 98 71 209 79 200 140 135 57 90 84 116 227 243 194 78 105 133 202 153 28 159 143 228 62 114 245 240 59 207 96 178 241 199 55 181 193 48 30 94 50 119 249 39 80 152 69 
237 : 188 243 37 78 77 30 137 33 49 218 56 104 238 83 81 119 179 138 111 105 156 63 166 149 126 143 162 28 220 117 55 237 222 142 43 154 216 
238 : 42 63 132 74 230 244 55 201 49 50 58 245 40 41 167 111 136 113 213 131 184 217 45 188 144 216 126 156 237 235 140 210 179 229 61 97 31 88 170 43 180 232 59 138 190 38 242 28 239 69 215 120 162 125 89 32 247 172 104 34 73 187 64 37 112 96 193 106 159 114 56 189 145 
239 : 171 97 150 84 93 59 58 117 190 99 119 52 168 98 175 123 32 62 131 222 80 83 139 242 243 169 163 152 109 132 166 219 182 67 217 74 41 223 216 172 45 92 203 73 79 157 34 60 195 46 69 107 42 88 151 211 125 232 246 102 26 111 53 170 149 176 164 173 
240 : 111 71 169 193 243 181 216 141 194 75 64 170 93 104 78 219 95 39 144 140 224 142 153 174 139 55 61 116 179 90 221 192 154 171 249 231 228 234 197 166 30 212 50 229 168 82 176 
241 : 179 38 96 236 74 60 227 114 140 235 44 246 73 26 28 56 87 170 191 196 76 177 52 205 181 139 200 36 173 199 245 109 93 61 195 95 183 67 216 40 192 122 90 54 34 215 167 31 156 229 107 37 230 180 136 248 242 48 237 142 29 50 39 94 129 125 213 33 145 43 189 238 98 134 163 78 86 130 75 178 121 159 182 42 171 35 46 209 
242 : 168 105 136 245 35 133 26 86 84 65 58 162 178 221 149 81 25 173 63 192 212 208 191 165 87 55 232 132 51 139 98 241 217 246 227 91 143 94 199 57 156 160 234 68 129 244 101 166 225 
