0 : 53 195 32 147 135 89 92 143 220 229 221 218 44 166 126 84 80 167 27 185 175 159 136 137 121 117 72 65 128 205 58 245 231 217 108 182 146 104 133 213 239 86 158 41 225 116 197 140 139 149 123 247 42 81 134 120 83 237 115 
1 : 168 130 73 85 106 121 244 31 76 43 51 131 157 138 120 67 163 189 230 183 171 173 188 97 227 225 105 59 237 146 49 149 226 233 48 127 144 118 111 45 107 209 200 32 54 224 35 25 197 201 184 181 241 205 52 194 222 248 151 161 57 68 55 167 40 122 211 
2 : 247 191 64 60 30 234 81 164 153 66 130 193 68 122 32 86 76 65 97 192 57 119 249 134 165 232 158 117 91 248 133 145 48 239 175 211 89 62 28 144 228 180 150 162 79 189 50 220 121 88 147 173 215 36 222 156 45 195 217 128 142 110 82 51 212 73 231 149 137 43 237 72 170 26 183 223 210 112 77 136 160 187 140 161 238 
3 : 155 28 243 31 71 61 238 132 97 167 249 237 183 114 91 137 119 76 181 143 242 89 156 72 229 44 54 133 92 100 88 42 52 94 230 111 204 185 219 
4 : 153 26 242 67 49 225 31 217 239 233 89 59 110 85 48 220 130 30 122 195 156 39 210 80 230 169 148 176 185 82 
5 : 44 55 38 207 217 115 46 191 56 29 108 233 239 246 49 247 143 63 87 147 145 124 136 133 172 206 222 107 161 51 170 72 144 227 30 155 149 205 34 102 158 40 92 165 203 214 
6 : 148 180 125 247 84 71 157 72 122 173 124 118 201 234 210 193 38 55 45 175 73 119 208 76 35 142 236 154 146 152 185 52 224 181 184 
7 : 148 209 119 88 199 208 95 37 161 87 210 240 206 127 228 81 74 39 179 137 30 223 243 248 162 106 176 177 203 171 36 184 121 130 55 201 212 51 198 218 89 47 202 92 69 215 245 244 205 43 45 46 110 61 35 158 57 172 120 227 111 125 105 91 115 78 32 50 225 138 236 102 165 123 97 140 100 211 
8 : 130 224 57 212 68 128 140 52 229 181 50 189 196 123 171 218 78 109 211 202 28 94 60 26 73 204 240 107 98 236 151 37 162 77 219 201 25 88 39 112 44 92 133 49 186 235 176 238 29 237 105 85 
9 : 124 98 144 236 79 248 197 205 180 108 34 26 240 150 66 145 45 246 106 190 35 82 152 60 237 193 70 39 137 102 50 93 220 170 141 69 121 42 217 107 229 139 183 242 222 89 84 103 206 131 143 204 33 230 72 247 56 149 78 228 171 123 235 221 133 233 178 223 244 75 192 167 174 176 182 186 111 96 116 65 
10 : 46 55 204 181 154 131 119 70 186 139 242 208 40 201 38 100 217 206 147 99 54 67 44 85 175 48 173 65 138 163 87 68 178 226 52 43 218 120 203 140 152 200 77 112 177 165 123 156 83 153 122 241 166 31 155 106 
11 : 148 75 69 150 194 129 179 64 43 162 248 245 213 154 44 209 249 173 153 170 100 204 103 133 54 246 235 244 203 196 77 110 94 26 156 115 212 56 90 51 144 87 96 39 177 192 52 38 122 73 89 32 78 53 60 171 91 71 119 62 34 46 82 104 72 210 243 188 92 48 168 169 172 198 152 242 180 234 217 159 228 237 155 
12 : 72 112 189 157 34 79 240 136 74 77 36 125 41 130 138 63 145 82 122 234 143 154 129 123 45 235 39 221 64 46 191 118 105 119 103 115 150 94 175 89 241 56 148 111 219 75 200 249 217 88 28 198 60 220 194 120 81 147 26 160 29 227 230 166 214 68 229 184 67 158 131 85 53 
13 : 48 55 246 150 74 52 166 38 201 223 189 214 104 138 123 115 195 70 229 141 154 228 121 191 129 238 156 200 96 185 207 209 244 148 120 80 94 98 144 25 100 56 174 179 58 248 32 170 157 
14 : 170 99 164 46 168 217 91 69 220 103 57 214 149 109 174 114 45 153 194 236 228 248 180 206 25 200 95 190 155 30 123 249 165 210 39 47 71 53 81 80 163 52 
15 : 111 155 231 152 84 124 187 246 230 47 146 112 163 83 119 104 136 93 222 205 209 117 77 237 69 241 224 243 72 27 235 139 171 35 58 52 98 91 60 55 64 165 30 121 190 87 184 86 45 234 42 96 188 29 248 193 173 223 130 215 194 147 80 232 65 216 217 164 199 75 108 178 144 120 36 88 25 244 43 63 211 132 192 
16 : 249 33 183 218 43 203 201 58 126 29 85 114 105 40 151 242 34 228 206 189 49 212 207 60 84 131 95 239 165 41 172 186 47 109 221 90 179 208 185 124 192 170 197 205 77 195 104 91 146 
17 : 57 86 129 227 31 111 148 209 145 128 114 26 189 216 115 215 161 120 225 191 87 182 171 179 181 211 42 104 100 208 126 80 137 38 113 221 92 37 95 206 224 173 243 102 125 233 200 183 101 64 202 234 193 66 190 232 157 155 247 62 
18 : 194 176 214 180 163 110 35 99 89 106 107 86 165 152 241 98 36 244 77 157 173 47 218 223 121 185 82 182 149 136 247 113 131 129 170 28 242 133 187 31 158 209 137 224 33 127 220 168 68 56 229 179 63 201 105 91 103 134 147 94 
19 : 117 172 63 205 216 191 182 196 58 52 183 87 98 69 242 217 175 105 46 80 93 82 165 134 72 113 158 195 146 143 
20 : 201 81 38 221 33 160 181 75 48 232 89 56 71 180 69 144 197 40 231 122 72 153 118 169 190 145 36 97 102 207 185 214 188 212 161 213 236 90 176 86 202 76 149 104 32 140 205 130 65 95 209 148 192 64 182 152 225 49 55 57 128 
21 : 165 80 60 193 222 199 65 109 177 138 35 84 163 73 86 111 205 181 25 240 189 132 106 56 206 118 43 141 64 131 140 30 188 224 204 116 40 214 235 129 79 217 127 215 162 41 159 151 61 45 243 192 237 93 133 103 146 208 121 68 125 190 134 88 36 114 232 150 126 156 55 213 48 82 200 152 218 144 203 117 
22 : 196 201 91 131 128 223 92 231 213 38 96 175 243 72 69 93 67 176 219 112 26 136 205 169 186 110 238 36 82 224 181 66 185 249 89 234 107 147 52 139 68 86 51 62 58 90 125 159 146 237 57 151 226 63 85 166 200 245 94 60 192 215 171 157 230 149 35 178 49 124 
23 : 79 208 139 239 144 171 149 118 129 248 206 105 230 174 200 215 122 91 88 115 184 163 47 36 207 70 125 110 84 173 114 244 53 80 182 157 33 133 136 112 
24 : 142 165 52 71 171 134 191 199 33 130 196 83 46 74 239 159 137 65 91 123 220 237 235 43 197 202 198 214 119 57 68 113 75 97 247 218 230 141 161 26 192 82 40 136 108 217 100 73 105 45 77 118 86 25 128 144 188 229 216 177 221 248 183 149 131 246 162 240 
25 : 185 145 183 118 206 139 173 27 117 227 50 143 55 196 162 165 142 222 187 116 225 127 219 54 172 25 153 115 166 158 57 38 201 91 190 237 245 195 92 51 87 126 31 84 209 194 122 167 34 176 77 154 205 208 193 226 212 191 79 90 73 138 111 42 147 100 80 68 28 232 170 181 95 200 
26 : 100 33 151 40 215 179 93 159 92 231 108 172 44 234 174 99 198 55 101 235 162 168 111 107 170 144 91 154 127 48 214 42 81 86 148 166 74 120 227 119 225 195 94 193 
27 : 182 26 124 225 166 204 186 239 177 134 28 223 43 56 129 106 33 168 234 87 220 116 218 193 133 64 97 170 207 71 
28 : 156 210 96 230 216 54 75 82 170 208 187 198 155 56 190 36 70 81 146 162 55 73 242 46 107 140 53 213 205 71 92 217 86 183 58 117 105 240 176 132 200 203 119 34 184 76 144 120 28 64 118 194 137 157 106 87 219 139 160 231 45 30 195 74 153 110 39 152 177 147 206 98 129 222 33 60 202 41 175 103 
29 : 129 149 196 41 213 144 82 164 40 48 107 31 225 117 72 160 57 229 120 180 215 102 34 71 199 54 96 67 148 132 187 185 179 60 35 62 119 44 235 141 37 137 202 
30 : 81 108 142 28 215 104 45 224 97 163 230 187 48 220 94 156 139 190 184 197 121 243 134 225 204 117 144 179 200 122 183 79 89 107 132 128 
31 : 118 201 65 192 78 116 50 101 46 26 216 171 108 195 48 221 59 132 112 73 117 169 137 143 205 134 68 165 33 178 236 110 241 37 81 42 181 164 70 66 187 149 208 245 211 89 56 41 106 167 43 191 218 129 76 224 213 210 177 53 114 113 194 154 183 180 75 244 
32 : 230 54 49 233 173 142 28 77 207 163 34 52 209 129 240 189 177 165 147 241 159 50 188 92 140 180 32 44 194 132 25 80 94 221 235 59 108 204 68 124 109 201 200 
33 : 227 39 83 242 139 169 217 31 98 137 152 63 36 190 91 115 125 148 146 43 168 202 205 32 76 163 131 54 89 232 224 173 
34 : 217 158 203 125 45 62 148 208 231 171 221 244 74 156 41 73 157 140 116 43 173 182 112 147 172 39 160 155 224 192 121 49 27 135 178 
35 : 29 42 189 242 246 103 181 53 179 226 63 40 139 235 174 80 222 206 31 237 91 72 150 220 186 245 76 58 214 105 99 166 41 176 120 184 127 156 126 115 240 30 164 223 121 170 33 158 180 109 73 157 118 66 26 75 
36 : 30 206 116 62 52 187 67 40 182 122 133 106 203 201 211 69 216 143 89 44 95 205 230 107 180 50 153 113 238 129 97 77 59 179 114 158 78 71 73 193 119 45 66 156 207 144 148 169 57 136 123 225 146 234 80 118 185 194 
37 : 171 48 96 116 230 57 214 247 100 237 91 45 127 131 88 244 32 200 39 213 160 208 80 122 25 53 211 97 204 234 136 170 174 135 46 151 178 231 192 36 84 40 229 197 205 156 188 29 26 169 49 123 
38 : 83 84 160 134 141 193 186 79 105 241 213 166 71 179 137 120 190 69 242 94 240 51 212 165 88 113 218 29 200 183 232 74 65 91 132 111 104 154 27 106 43 217 70 128 149 243 50 226 236 169 80 230 41 178 199 228 86 210 220 188 216 59 44 223 211 167 37 38 123 55 198 42 114 191 125 222 147 26 33 176 102 72 168 32 
39 : 182 44 175 131 156 230 89 138 52 127 145 88 123 178 53 164 190 171 29 41 105 130 165 85 172 71 124 76 169 180 196 244 192 161 214 142 148 77 117 227 147 106 80 151 183 132 122 162 246 235 49 137 103 65 73 243 163 128 247 40 87 37 99 239 75 126 194 155 238 79 154 104 58 100 197 51 96 74 224 39 36 140 
40 : 195 97 174 45 47 34 208 62 152 171 29 150 102 126 230 140 104 50 77 85 71 91 116 241 194 131 
41 : 202 191 163 84 80 39 216 184 144 121 222 179 83 124 133 96 76 239 65 150 115 108 71 160 185 228 104 229 116 77 244 187 180 52 237 218 232 134 174 
42 : 111 121 168 45 243 200 36 146 89 234 236 214 153 129 107 164 52 58 136 228 139 190 199 194 163 220 30 73 70 215 171 34 26 155 240 149 222 103 132 137 158 233 90 32 68 159 104 114 71 43 166 156 101 201 61 180 96 118 53 54 175 195 126 225 144 
43 : 131 70 123 156 203 176 49 198 101 79 222 161 205 29 31 44 72 148 225 137 184 56 202 147 100 219 112 171 127 114 233 129 154 193 76 25 88 158 201 175 217 113 90 237 242 82 74 234 232 212 121 109 63 34 35 170 77 185 54 216 42 211 208 167 149 166 124 95 134 181 224 159 153 118 141 94 191 119 231 
44 : 33 68 156 118 104 152 210 51 204 198 39 114 107 240 49 220 181 146 183 177 226 85 190 140 29 31 222 86 105 239 75 189 69 45 223 193 217 59 25 88 244 248 95 115 112 236 108 77 46 124 94 127 53 101 73 103 82 93 171 125 187 32 40 201 211 62 208 74 215 102 216 71 99 30 241 231 142 182 150 52 126 178 50 195 27 230 
45 : 248 67 244 61 175 111 60 215 50 232 233 193 32 170 137 129 217 245 199 169 31 28 243 198 78 197 42 194 46 211 89 147 144 164 143 176 29 180 218 101 133 189 165 225 80 37 209 183 74 172 43 73 123 27 45 138 158 151 36 230 174 188 95 
46 : 110 207 35 50 179 194 199 246 36 214 39 101 244 208 93 245 151 168 32 223 121 228 57 122 206 98 235 25 186 181 67 26 97 43 125 103 88 242 
47 : 249 154 229 218 87 34 210 148 177 100 222 231 69 128 63 123 141 93 196 117 73 28 220 173 76 162 234 68 194 25 116 192 89 233 172 159 239 163 212 180 52 130 165 82 30 247 78 144 65 219 107 60 124 106 176 208 240 112 43 132 155 51 169 64 
48 : 104 244 155 131 212 105 138 174 98 216 49 242 95 52 229 154 55 28 87 191 146 108 145 239 208 45 27 137 117 180 246 217 144 44 29 71 103 120 78 128 199 249 150 
49 : 225 32 227 247 108 135 219 45 104 111 230 31 152 41 228 175 203 53 86 162 143 70 134 220 125 95 83 94 202 131 209 178 33 115 149 118 214 46 141 67 116 159 240 35 
50 : 62 132 237 84 246 138 74 136 70 105 146 245 183 180 223 198 72 131 217 120 42 32 25 110 28 59 197 240 94 44 46 143 126 135 58 107 160 201 199 188 41 221 222 91 191 220 90 238 38 173 163 229 50 113 128 45 68 
51 : 166 141 74 245 200 89 231 103 75 205 203 137 77 197 47 214 136 115 241 60 86 189 179 39 138 206 32 105 96 153 226 242 176 160 158 229 81 37 228 168 220 66 201 49 185 196 146 215 92 104 41 151 93 246 102 172 130 120 62 202 61 124 127 
52 : 88 127 160 84 139 203 231 177 79 224 58 121 205 204 235 226 154 245 209 136 122 158 193 61 104 93 155 117 217 233 54 163 108 129 181 26 120 150 64 67 161 59 60 145 82 222 147 124 176 105 45 212 71 151 98 52 197 118 142 78 247 170 148 73 42 196 86 157 40 25 125 164 114 131 156 
53 : 63 142 154 227 138 221 125 104 61 229 197 230 224 96 171 207 30 225 41 176 28 117 121 76 85 202 67 240 179 119 233 
54 : 176 249 154 187 237 95 28 91 122 173 230 212 182 29 141 79 64 198 71 203 77 40 170 148 147 27 217 242 123 219 169 168 56 185 130 83 208 160 155 108 188 106 144 224 53 41 244 112 42 59 246 206 231 
55 : 62 114 148 164 185 142 163 131 87 235 43 64 97 49 208 127 249 162 40 197 218 226 206 61 233 103 216 58 108 52 140 30 212 130 73 34 91 75 243 113 67 111 178 248 166 77 59 161 170 102 134 56 93 195 68 144 78 231 121 26 76 116 159 150 182 146 187 227 192 
56 : 75 188 228 139 74 80 99 143 52 220 161 63 29 110 132 102 120 140 241 101 170 201 103 164 233 43 169 248 194 67 159 217 227 193 113 77 38 135 111 221 185 145 
57 : 200 199 94 163 49 234 63 195 72 84 156 217 173 130 141 145 77 187 59 30 100 196 52 44 32 58 219 93 136 67 116 46 125 151 178 48 99 
58 : 141 97 95 146 225 107 183 135 81 220 160 184 247 62 26 245 66 139 138 187 113 96 46 30 150 100 144 111 33 80 
59 : 215 40 156 185 116 71 145 107 30 104 48 115 200 199 218 168 137 109 213 123 239 127 245 194 188 120 84 243 216 60 118 155 82 142 228 98 131 117 106 
60 : 109 132 162 139 101 135 166 210 151 238 108 69 31 146 236 42 91 27 161 191 145 124 182 206 154 62 235 107 229 184 158 123 35 241 122 121 84 199 249 57 34 188 233 47 127 29 92 179 248 143 94 171 221 37 102 112 33 
61 : 81 150 191 225 104 235 195 196 127 94 151 113 229 111 147 210 138 228 95 133 27 72 118 119 219 45 171 92 164 67 
62 : 51 216 231 145 67 137 45 110 34 248 56 241 163 55 227 172 119 235 59 80 129 197 162 240 77 198 61 81 168 158 220 232 213 102 112 128 190 166 120 130 200 209 103 203 76 101 155 170 178 52 99 236 69 117 38 228 43 210 150 49 195 206 71 191 
63 : 227 69 54 195 89 113 78 220 99 123 117 26 170 217 230 138 169 188 229 57 107 154 167 76 121 119 149 144 228 51 85 130 
64 : 147 39 163 25 87 74 69 58 218 128 223 193 194 64 182 198 55 204 98 183 127 189 133 113 140 103 76 176 85 100 122 174 47 143 226 244 108 57 152 81 139 27 146 206 219 83 65 56 185 40 
65 : 137 80 189 192 72 38 48 61 86 128 204 231 229 29 46 160 60 200 164 186 174 215 89 211 154 71 226 168 157 167 99 122 77 98 171 102 236 182 243 249 218 117 106 224 91 188 227 88 
66 : 245 179 92 225 175 206 235 63 80 105 152 62 141 218 240 104 65 155 106 247 244 96 109 70 165 76 114 128 118 34 202 249 183 192 93 28 248 41 90 29 229 110 224 173 196 242 146 103 167 163 208 169 71 151 125 91 67 195 66 160 148 194 121 204 60 176 174 37 180 44 
67 : 64 200 230 117 81 90 142 61 191 149 128 176 152 244 118 93 104 220 241 78 49 32 144 87 105 98 69 47 
68 : 166 118 177 155 211 107 69 68 226 165 134 82 174 38 101 157 191 229 147 106 216 172 148 198 75 238 127 234 164 193 150 59 40 77 162 235 232 242 94 44 231 41 227 152 50 35 131 225 239 139 156 46 89 130 221 197 
69 : 85 170 100 119 236 28 63 207 248 169 73 204 122 64 94 226 76 199 235 74 141 121 90 194 133 234 34 125 243 182 97 65 
70 : 74 142 75 201 202 156 141 166 164 173 215 32 219 247 131 172 246 218 222 59 207 199 100 147 98 52 129 65 48 91 137 216 191 95 124 120 236 72 112 
71 : 75 236 195 160 244 33 142 194 53 91 157 59 82 70 36 186 129 88 27 102 177 145 166 173 132 25 120 155 83 34 196 242 188 55 77 214 221 199 239 138 181 48 234 150 60 105 35 103 29 50 95 58 198 96 
72 : 97 57 146 166 44 231 125 145 62 127 88 32 230 237 46 43 172 229 140 199 248 99 102 131 52 101 109 246 67 176 28 71 240 72 201 95 212 93 202 144 141 161 198 66 247 217 175 54 114 206 115 153 186 41 249 184 225 49 40 236 36 39 107 116 113 108 94 59 51 132 29 243 56 194 193 155 241 232 
73 : 157 230 176 45 237 149 139 38 113 247 136 145 72 195 153 70 236 240 54 44 26 58 101 133 183 66 119 205 167 67 143 111 231 232 226 182 210 169 
74 : 33 221 29 42 225 160 213 183 155 83 76 46 35 245 86 246 112 137 49 229 167 51 108 179 224 96 77 
75 : 126 83 151 91 155 167 166 116 207 50 176 88 217 112 223 137 103 141 120 247 215 183 47 127 57 76 86 108 173 219 163 130 71 93 197 147 72 224 48 162 169 78 242 188 77 212 124 200 241 149 238 145 101 60 243 248 229 199 
76 : 37 43 170 75 30 229 212 82 242 123 113 40 65 112 132 159 145 79 199 94 41 107 171 26 39 180 246 233 97 60 134 84 104 45 208 176 130 190 204 173 135 237 137 226 141 71 169 115 175 215 108 64 47 235 122 63 210 98 69 59 89 50 164 223 181 221 225 198 105 52 55 200 51 149 153 119 160 
77 : 130 248 196 102 113 167 105 140 49 133 103 127 169 185 142 129 240 114 125 27 137 210 45 247 226 99 47 106 29 58 242 221 232 239 135 25 198 209 207 
78 : 192 39 27 219 134 137 212 159 57 153 168 213 183 139 83 227 155 199 167 118 68 106 163 98 174 242 81 179 216 172 59 60 133 235 241 186 185 244 232 125 44 245 198 90 32 
79 : 113 231 119 204 61 35 149 51 238 193 184 186 243 103 26 106 245 152 236 170 141 93 158 59 131 75 45 107 150 168 185 140 55 
80 : 120 170 228 185 109 164 149 133 169 197 212 229 100 48 162 207 134 124 112 178 36 70 205 126 64 88 183 213 42 153 152 244 154 121 95 173 74 82 157 89 143 225 63 145 206 216 186 196 62 235 110 80 104 
81 : 217 211 68 37 161 112 115 243 222 245 69 204 214 88 164 235 132 171 65 96 187 186 110 72 191 184 29 168 53 84 75 141 118 227 54 233 126 66 166 138 238 42 129 98 188 122 114 193 116 86 244 78 210 31 170 41 229 146 163 57 85 169 189 33 181 134 
82 : 249 55 91 77 39 103 113 160 92 169 79 184 194 143 42 63 48 231 236 66 122 221 189 26 111 93 164 38 56 51 185 
83 : 38 31 173 199 229 92 85 210 91 139 108 106 190 150 179 70 48 116 66 99 187 216 160 136 159 142 219 
84 : 37 136 86 181 49 144 72 140 116 53 77 126 90 213 38 46 123 115 48 119 32 56 35 64 150 199 102 227 204 130 95 26 120 84 237 177 66 242 193 165 63 232 137 
85 : 148 213 52 124 167 87 216 40 170 27 75 83 221 230 154 47 132 126 66 51 140 197 214 247 152 129 180 128 200 121 237 130 234 33 80 233 54 244 231 111 240 182 174 34 205 134 163 59 227 65 79 58 125 78 105 41 89 229 93 228 175 248 123 104 157 131 57 60 55 26 
86 : 190 55 41 164 124 99 226 79 88 237 112 57 182 235 51 54 207 104 169 146 232 243 220 200 244 170 186 177 151 236 245 37 102 117 71 59 123 141 172 246 135 130 42 121 119 38 67 58 206 137 77 201 97 171 202 155 46 56 157 153 66 44 101 209 147 36 32 90 25 61 154 68 165 174 125 175 127 144 
87 : 84 141 240 122 46 178 40 52 73 143 115 249 212 55 147 119 229 107 182 33 91 50 106 89 66 170 77 96 159 102 43 86 157 158 34 183 221 133 161 75 68 112 211 125 121 26 88 137 204 169 85 150 220 93 70 243 145 199 235 127 99 224 187 118 207 225 152 110 44 100 87 188 27 51 230 140 197 76 200 175 31 236 134 81 185 36 
88 : 167 74 188 106 38 192 41 156 184 37 33 201 147 56 168 161 128 203 28 233 223 158 72 81 157 175 141 132 78 170 71 200 30 80 162 114 177 46 179 248 96 55 217 32 100 237 93 79 125 91 123 196 59 151 206 172 138 111 247 
89 : 191 151 53 186 163 158 105 172 35 241 140 132 232 245 230 148 104 108 166 143 76 233 126 137 54 178 175 156 219 214 106 39 176 27 193 160 231 129 
90 : 126 120 135 243 81 198 183 169 52 121 46 78 196 86 80 152 110 216 60 150 164 220 187 227 248 130 163 68 230 219 241 171 173 205 50 113 148 45 158 75 125 109 144 186 215 36 116 92 72 28 229 200 47 51 155 83 181 192 199 94 57 99 49 
91 : 85 164 56 201 241 78 31 191 74 168 136 186 178 180 163 50 44 87 69 124 213 170 227 103 165 77 106 198 65 131 214 
92 : 171 155 159 224 57 202 216 179 243 53 111 192 73 153 104 240 48 33 146 37 223 244 120 80 210 242 151 45 152 248 157 185 71 61 144 203 238 233 96 35 225 199 
93 : 148 139 197 185 124 225 110 147 212 92 164 59 105 127 50 176 201 204 149 177 39 126 172 203 46 170 169 97 156 235 143 226 79 199 229 135 118 60 189 168 246 40 38 208 107 214 155 49 219 63 94 86 95 113 159 34 76 136 104 85 179 142 230 186 234 68 237 37 211 
94 : 236 95 232 106 189 198 136 120 241 116 243 43 25 57 108 195 149 111 184 113 137 131 135 82 27 46 112 78 171 248 168 205 70 76 227 210 29 75 142 114 47 41 233 34 155 215 141 200 152 102 119 238 28 188 100 32 124 109 181 74 26 242 178 110 117 157 73 186 133 183 148 127 51 101 38 52 30 167 147 98 
95 : 142 56 109 162 223 179 58 160 234 145 100 32 67 198 112 226 248 60 39 133 54 63 118 95 171 187 120 197 191 82 62 168 108 29 28 138 68 244 50 144 89 216 124 132 231 148 49 125 170 128 97 43 53 243 77 175 40 114 249 123 206 72 161 156 91 85 47 233 
96 : 229 109 74 137 234 177 75 239 72 64 188 220 192 141 222 248 227 187 170 201 70 199 249 212 206 65 99 165 134 116 145 85 218 27 123 45 131 125 142 136 38 89 34 82 207 52 156 186 79 148 209 50 182 86 166 162 78 150 217 127 115 39 32 49 46 240 81 114 189 149 
97 : 168 148 173 94 219 182 237 232 132 100 141 83 50 243 170 126 199 66 80 184 242 127 157 239 214 156 245 38 150 177 37 27 32 125 218 190 137 30 201 104 57 209 121 163 31 54 160 69 79 207 180 181 48 142 193 215 110 240 225 136 81 119 60 244 192 230 61 206 205 213 203 248 249 246 53 171 
98 : 127 138 205 57 128 190 118 203 176 68 206 73 246 84 193 122 75 111 44 229 184 125 39 240 180 141 
99 : 66 187 37 52 190 165 168 160 132 62 195 59 243 221 26 149 25 213 192 150 226 171 56 113 196 163 230 174 78 73 40 84 136 51 193 55 233 140 48 166 223 141 135 100 144 219 120 157 211 87 118 175 208 33 227 212 134 38 76 109 247 158 198 244 147 35 80 155 114 34 170 217 112 206 
100 : 225 26 193 63 243 229 187 135 151 186 97 33 47 43 117 112 180 102 74 177 157 198 114 94 119 140 237 73 78 249 220 101 231 145 178 83 65 208 51 88 192 48 242 53 234 125 93 144 118 92 86 124 115 219 181 90 137 113 128 158 224 196 209 239 170 80 227 202 55 201 247 69 25 179 68 232 175 241 108 30 129 72 127 139 96 
101 : 130 213 218 134 196 166 153 203 144 221 140 235 216 172 220 184 129 183 188 214 114 49 211 85 65 215 236 133 135 167 99 117 241 209 52 112 171 204 192 217 100 200 28 222 245 38 27 34 158 202 
102 : 234 193 166 188 165 133 135 152 39 131 41 129 211 118 78 61 88 25 231 202 213 104 84 220 110 100 244 167 48 53 139 28 58 49 186 221 
103 : 128 192 34 204 52 187 157 205 220 116 46 36 38 158 221 89 198 126 40 242 41 190 245 122 43 135 230 218 105 49 223 199 62 173 144 197 228 63 96 240 143 229 213 27 191 39 139 77 132 140 163 106 
104 : 245 164 35 240 234 202 79 177 197 64 189 201 195 124 170 142 247 218 45 165 166 84 194 150 134 224 91 206 237 221 61 88 119 27 44 26 85 75 160 207 161 112 
105 : 127 41 158 198 28 241 128 35 159 109 136 209 84 134 126 141 73 63 210 147 225 33 172 107 215 135 87 207 214 97 53 227 75 111 237 51 226 123 193 44 55 113 189 204 99 78 187 26 222 72 65 46 57 165 178 82 92 216 249 59 143 162 130 245 231 174 138 91 139 179 129 148 145 47 124 223 246 110 115 149 66 61 155 218 34 122 
106 : 84 105 192 39 148 155 109 207 146 64 50 94 223 163 230 190 170 33 220 127 136 126 28 199 210 43 80 143 184 242 128 31 48 240 235 201 66 112 243 227 145 113 166 164 175 99 73 200 82 32 212 130 178 135 85 56 203 120 157 222 98 141 202 213 147 100 236 61 174 89 83 248 137 134 140 208 188 125 51 49 238 161 189 180 152 
107 : 106 32 108 140 62 210 75 30 198 92 199 132 101 241 51 37 45 168 58 34 49 117 148 157 176 122 144 47 125 167 66 197 214 104 211 163 103 169 46 190 102 208 105 114 238 111 182 231 90 184 54 147 185 239 109 154 223 141 
108 : 138 199 153 244 57 225 62 49 68 37 167 131 93 121 56 223 123 26 119 98 115 146 33 221 90 39 36 207 172 208 88 136 181 156 46 184 218 246 117 148 142 217 182 196 188 
109 : 163 179 145 242 154 176 108 152 132 128 209 64 218 198 44 97 106 199 194 82 134 79 216 231 110 137 224 157 39 187 34 196 63 52 77 247 217 229 240 26 238 133 116 213 208 177 59 144 193 191 
110 : 248 94 103 196 136 25 182 44 71 46 108 223 124 222 219 242 239 237 206 82 207 104 61 192 148 229 233 220 73 58 93 
111 : 210 246 192 153 64 104 130 69 242 32 188 180 142 41 131 244 220 156 134 38 205 44 83 141 207 197 128 96 76 181 217 206 29 248 56 50 77 170 190 88 72 127 116 167 46 150 230 145 86 193 120 57 66 194 226 105 55 229 222 107 27 117 232 171 172 236 121 43 204 78 151 89 200 225 39 155 82 28 
112 : 151 53 127 70 210 243 64 215 238 101 131 67 79 75 119 234 179 248 135 117 123 140 197 217 96 221 118 186 232 213 182 216 50 33 116 40 88 112 26 158 196 104 149 137 128 38 136 247 204 111 121 57 49 242 
113 : 101 115 117 239 149 130 142 148 47 248 85 247 120 224 67 175 41 178 187 230 229 77 140 134 222 59 132 110 249 55 225 83 48 109 97 102 151 218 87 161 100 
114 : 203 247 83 182 232 201 98 77 225 198 161 47 214 40 246 160 96 170 177 91 39 108 74 237 191 176 189 
115 : 39 60 52 96 69 43 80 35 171 82 202 112 150 237 114 226 47 51 193 104 33 187 83 59 131 199 125 241 29 230 84 206 113 94 65 204 71 37 155 27 99 56 91 40 130 44 229 95 154 140 54 212 248 50 213 89 169 219 62 201 25 129 119 231 110 74 109 
116 : 191 218 232 36 151 137 121 243 73 50 46 222 68 38 57 235 144 111 102 47 150 32 59 239 173 176 75 181 172 166 91 60 188 138 190 132 103 86 126 106 71 125 85 160 27 142 131 105 35 95 145 28 205 194 104 66 44 147 180 149 127 34 234 89 
117 : 76 106 118 27 120 45 157 46 221 162 73 108 159 78 25 98 29 54 65 144 41 237 128 211 87 116 58 137 210 80 170 38 220 247 219 129 143 85 104 117 51 121 134 188 173 64 69 156 59 83 136 238 102 245 30 205 140 215 171 192 187 201 206 229 68 88 96 153 239 191 241 133 74 105 37 112 93 127 92 142 181 94 
118 : 113 183 216 181 130 158 168 118 245 89 152 128 29 175 40 217 156 243 248 240 203 44 37 88 62 55 39 38 58 33 74 249 195 52 178 143 36 70 61 106 60 112 211 134 209 28 25 75 56 116 233 109 205 180 238 173 98 170 219 90 141 202 179 34 234 182 199 
119 : 82 153 107 126 231 205 128 136 212 209 163 185 218 43 166 101 68 177 240 73 213 171 56 157 127 86 216 168 110 99 47 31 211 223 34 115 197 121 188 200 235 139 38 238 141 26 44 230 116 120 167 29 61 58 72 105 53 25 194 118 63 95 30 241 69 122 222 233 117 77 40 210 199 92 91 97 90 28 
120 : 86 120 113 135 138 204 189 214 208 160 187 179 131 172 242 96 174 77 212 32 54 94 192 100 136 
121 : 140 221 236 98 196 83 91 43 64 96 188 39 220 63 55 82 249 224 75 52 32 215 201 125 148 169 119 161 229 44 205 175 115 53 105 195 207 102 147 154 128 165 
122 : 194 96 157 93 30 88 71 132 34 231 234 223 171 237 109 177 110 249 185 135 203 182 149 163 153 
123 : 182 147 141 35 241 29 102 131 124 66 74 133 138 163 48 25 222 243 36 162 61 236 177 231 86 165 164 88 72 75 58 217 129 220 112 33 
124 : 126 144 55 64 187 137 196 180 200 225 228 104 70 93 30 158 114 86 247 152 150 229 135 181 191 178 129 203 68 237 153 188 47 59 108 246 92 88 122 90 116 154 171 165 112 98 199 192 99 157 211 179 195 170 210 239 235 159 174 139 81 140 173 67 60 79 176 156 38 119 205 234 103 26 244 43 131 
125 : 82 136 39 157 100 211 67 171 139 77 158 64 223 46 147 62 193 59 129 247 42 131 182 248 57 81 27 112 26 96 75 95 120 237 68 232 199 146 105 203 73 47 159 119 93 204 109 201 194 219 37 191 
126 : 140 166 146 192 55 188 76 206 92 153 155 138 168 205 63 143 208 221 245 98 101 72 108 53 216 232 220 117 194 121 210 193 79 215 225 160 171 181 129 167 109 29 32 246 176 86 229 226 222 28 150 34 126 82 58 85 241 51 223 198 
127 : 164 184 31 147 221 87 73 245 123 54 55 186 62 66 236 247 165 156 34 59 194 138 185 49 47 
128 : 188 227 146 193 71 185 129 122 120 70 214 79 73 41 156 191 99 55 108 190 228 207 244 248 80 224 40 135 72 192 169 88 49 57 47 172 114 202 133 89 126 229 195 84 220 85 35 138 65 51 223 157 36 103 158 208 101 75 56 152 167 69 58 121 232 197 134 32 241 
129 : 215 117 184 227 201 96 152 164 154 102 141 197 69 92 36 64 90 223 221 56 37 208 66 175 200 238 127 57 241 189 214 133 67 29 59 165 131 125 230 49 110 41 137 83 103 216 106 71 235 34 168 44 138 198 228 163 167 236 88 105 65 75 217 225 229 232 210 27 126 242 40 146 107 207 233 140 39 42 162 
130 : 65 75 38 233 137 118 181 97 81 249 29 214 131 62 82 122 174 109 47 160 165 129 210 222 207 166 31 123 186 116 111 232 25 142 151 243 205 71 73 213 202 41 69 204 161 88 46 115 
131 : 164 185 190 155 39 44 248 41 130 102 205 176 127 135 125 87 144 28 136 120 139 45 162 244 145 91 199 36 53 170 58 157 47 31 188 242 113 54 160 209 103 59 46 228 172 71 123 34 132 126 116 104 171 215 122 84 239 143 240 161 64 115 167 
132 : 37 27 126 65 159 104 38 229 135 199 129 117 96 153 125 209 186 157 94 101 174 158 92 71 155 236 62 195 139 
133 : 37 235 77 245 240 188 231 194 236 133 122 110 200 91 184 174 249 210 100 173 149 143 223 78 190 46 205 116 130 207 
134 : 62 186 144 193 231 196 249 96 239 58 40 50 99 184 210 72 145 221 25 59 245 152 114 71 75 151 140 164 208 166 123 54 142 137 178 192 127 113 165 41 83 220 52 155 87 205 128 134 195 91 35 112 89 215 44 36 108 213 95 168 174 29 32 163 218 156 232 243 247 201 
135 : 99 69 102 130 95 179 39 187 178 238 197 145 128 215 124 194 153 180 204 186 171 54 218 211 108 160 214 110 138 117 203 195 172 133 43 70 53 248 82 57 192 224 216 228 125 65 136 155 147 140 48 208 200 122 205 235 217 127 121 26 220 142 181 120 84 40 184 101 61 150 25 132 111 174 206 97 68 62 74 
136 : 114 25 160 235 48 137 165 237 98 249 47 109 91 240 100 54 174 31 63 111 118 179 41 76 69 106 217 64 219 164 229 146 189 35 122 123 182 142 107 68 40 75 131 58 136 155 205 113 46 72 148 141 199 139 214 180 213 206 27 127 117 126 209 226 110 57 161 26 147 167 227 234 128 246 74 133 175 
137 : 197 43 37 80 193 117 194 200 214 234 87 229 139 64 192 140 205 92 220 77 135 198 36 38 119 164 123 54 121 165 246 76 52 183 41 177 195 156 132 213 233 244 147 74 97 217 212 72 65 28 116 100 182 114 61 185 83 184 208 47 158 105 174 150 122 84 131 99 101 48 57 136 238 162 70 181 168 49 148 40 51 175 173 59 46 207 
138 : 160 236 225 40 94 96 66 110 169 139 30 46 244 141 168 60 140 143 112 119 45 98 81 105 108 187 51 114 103 246 217 229 31 203 111 104 247 166 84 206 181 191 209 
139 : 64 109 115 124 92 96 107 159 226 94 144 153 184 71 196 199 145 213 152 211 29 83 112 155 178 225 26 212 122 186 76 232 151 174 218 208 48 88 237 192 58 114 221 234 142 61 158 25 166 165 36 136 169 164 50 30 87 129 143 47 214 
140 : 184 164 40 77 220 223 212 214 87 126 156 108 227 61 135 173 246 158 151 149 152 46 69 144 62 51 84 134 109 243 92 238 99 213 177 206 117 203 120 245 64 189 48 47 195 244 56 222 28 180 123 202 221 112 196 71 230 160 73 201 170 197 204 30 128 131 143 136 127 133 116 225 31 
141 : 121 239 198 98 78 140 25 85 44 213 55 70 122 238 157 169 133 142 237 151 196 38 107 83 64 59 81 187 101 80 235 65 175 77 45 68 63 247 30 51 50 205 240 73 174 61 171 167 91 224 60 131 115 159 200 102 111 209 232 176 234 97 128 162 56 134 153 144 43 212 248 168 29 147 202 177 90 245 243 141 53 163 74 217 129 165 
142 : 163 234 103 25 73 68 146 113 150 60 154 43 222 172 208 220 155 88 78 52 116 40 75 117 164 37 179 74 82 35 145 214 148 127 109 242 218 91 63 233 210 191 236 93 105 204 203 177 89 66 70 188 235 79 165 151 230 190 94 128 
143 : 240 137 61 176 90 199 217 191 59 178 128 236 173 25 56 214 57 30 109 230 38 238 37 106 58 177 63 223 163 193 44 92 111 136 164 200 34 94 72 239 180 147 105 154 150 117 183 67 156 248 204 82 159 101 69 102 103 96 77 148 228 32 55 43 70 73 107 91 65 226 153 
144 : 36 174 69 195 25 124 133 134 222 235 53 117 199 179 50 28 113 200 154 137 163 40 248 177 110 151 171 58 48 76 33 44 217 211 144 105 131 185 210 182 67 60 227 180 78 240 66 47 196 161 190 168 247 224 90 129 189 72 162 141 146 
145 : 97 139 112 108 147 134 212 72 151 218 246 117 229 180 174 62 194 166 57 228 46 137 197 199 211 226 70 186 201 37 111 81 141 109 153 160 223 79 63 114 131 82 216 73 69 122 60 193 32 44 144 171 99 29 95 237 40 178 222 115 240 142 173 121 90 126 76 213 88 27 179 156 56 75 230 242 177 50 74 
146 : 186 64 55 52 42 207 51 29 26 185 102 92 172 88 198 127 70 100 181 165 67 159 122 160 53 118 140 199 202 210 188 86 224 43 221 201 104 235 108 155 89 28 144 96 63 239 111 
147 : 181 176 104 62 39 151 107 49 191 54 154 147 220 161 64 207 142 179 218 42 89 159 204 197 105 219 144 190 88 33 229 44 216 108 249 57 158 240 205 187 139 138 201 137 36 166 55 152 236 222 52 109 
148 : 152 58 48 205 214 158 100 82 199 38 108 78 123 132 204 224 104 243 84 53 28 200 192 140 147 186 245 47 81 88 161 238 96 102 212 98 64 194 139 91 129 232 228 76 247 110 135 52 211 105 155 30 142 25 163 130 146 154 141 
149 : 69 131 239 54 217 28 82 124 27 232 225 168 119 189 137 105 68 108 182 133 172 246 199 218 147 73 240 183 178 30 186 84 
150 : 136 205 76 49 82 177 77 128 129 73 83 29 174 70 181 195 96 182 60 235 211 156 192 144 227 159 65 224 32 137 85 51 84 163 152 202 80 26 47 246 133 209 153 157 94 179 124 116 213 187 107 148 206 217 158 126 42 223 229 90 95 142 50 110 81 59 87 145 164 101 191 68 231 173 118 198 112 41 28 33 27 
151 : 88 217 128 188 209 104 61 214 189 41 207 37 179 166 185 63 118 125 249 100 211 164 86 130 101 195 248 135 114 208 229 196 72 146 239 47 70 27 245 142 171 134 112 219 102 120 97 157 247 231 123 
152 : 182 150 193 86 246 232 209 206 75 196 160 26 222 93 100 208 132 169 227 74 219 189 55 119 57 204 241 141 151 202 180 77 134 215 164 104 237 115 139 239 131 72 29 68 36 168 167 176 190 123 205 43 135 154 159 106 207 49 110 
153 : 52 214 244 198 191 228 120 77 223 113 245 194 224 197 125 234 41 151 33 61 53 62 92 104 180 107 132 196 153 220 118 179 38 247 60 94 59 106 46 64 35 70 44 236 40 126 58 49 84 169 192 178 155 156 37 131 142 240 232 124 54 75 88 203 152 
154 : 152 237 52 211 31 69 227 156 192 112 109 119 116 158 27 195 214 106 88 186 190 78 126 228 246 160 242 101 222 33 44 241 84 95 204 181 76 164 182 154 171 90 73 146 
155 : 142 82 215 29 153 229 139 143 55 164 116 47 178 234 75 152 154 244 119 62 236 169 188 187 194 79 167 86 49 30 101 150 67 102 201 163 88 26 39 50 38 27 237 97 89 240 166 66 151 225 
156 : 52 33 164 241 75 187 112 148 220 48 96 68 27 139 136 81 167 166 213 103 179 90 157 151 208 153 237 36 225 102 182 116 130 140 191 50 233 183 209 198 192 216 203 43 61 124 189 170 212 125 121 243 202 238 120 131 174 123 105 83 168 211 54 110 156 143 31 181 119 201 224 40 111 190 28 64 132 100 56 135 
157 : 27 182 58 67 34 183 133 219 225 43 161 106 181 112 220 55 211 90 227 123 222 146 33 154 76 25 100 115 248 38 81 178 149 141 99 93 131 197 162 54 94 221 75 166 201 194 186 102 167 77 88 236 129 92 144 223 63 243 53 52 51 204 29 246 212 73 87 37 
158 : 38 202 179 103 116 189 217 112 133 226 57 148 85 227 195 61 183 241 86 131 58 52 240 49 207 135 134 231 115 95 50 125 143 77 171 172 41 136 209 64 65 98 47 187 113 36 34 44 169 35 60 51 233 69 55 186 206 53 142 141 194 212 221 83 151 110 111 75 242 67 28 43 66 166 63 99 147 161 228 46 48 31 93 184 218 
159 : 231 97 199 49 59 57 66 191 128 35 38 25 114 232 218 54 112 108 142 189 210 147 131 133 42 236 
160 : 155 87 214 72 164 27 226 131 37 134 68 174 200 98 119 239 56 165 43 159 49 112 67 227 66 244 138 209 182 64 99 243 246 33 45 94 146 111 162 171 36 137 163 100 125 34 195 120 127 247 161 116 35 38 88 220 101 65 249 84 70 63 133 105 189 95 115 167 86 228 
161 : 40 163 217 158 137 129 180 89 73 128 207 232 68 173 238 172 196 142 249 64 70 133 58 53 204 160 65 214 189 108 63 135 84 110 159 112 222 82 209 170 51 230 103 240 227 147 208 88 126 120 113 95 167 29 145 224 246 71 183 235 28 248 118 116 50 54 156 92 60 
162 : 206 63 33 123 188 117 62 189 35 180 38 60 71 51 241 70 79 131 219 107 116 75 76 47 140 77 174 210 99 214 198 44 164 64 83 143 213 191 87 200 171 69 45 82 61 54 178 59 106 68 133 209 30 101 109 248 37 126 84 36 173 41 150 247 39 207 56 234 245 158 92 204 122 223 72 201 95 218 172 169 96 160 182 146 225 49 
163 : 175 77 55 72 105 151 188 213 225 243 103 58 239 115 38 141 200 237 62 148 79 61 45 128 71 107 91 220 111 76 157 39 106 153 218 35 37 176 240 217 231 84 170 34 192 219 235 32 205 245 94 69 207 236 232 47 204 89 117 87 171 97 85 169 60 190 66 173 90 138 112 
164 : 226 57 198 238 63 92 90 85 49 200 199 201 194 243 52 71 164 126 67 103 121 104 29 241 131 89 51 168 242 62 38 40 174 230 105 173 54 137 70 147 157 56 229 222 247 133 80 235 182 167 136 183 106 132 210 
165 : 123 222 208 178 132 166 159 162 73 25 180 117 60 43 48 190 154 29 173 49 230 217 148 168 59 76 30 67 227 239 147 46 152 
166 : 34 203 218 98 47 128 45 102 124 71 127 248 191 130 234 36 189 247 156 160 100 132 115 185 94 63 237 29 93 89 204 120 30 103 209 151 216 144 87 164 226 
167 : 190 238 105 207 109 186 90 164 227 110 50 149 120 171 54 128 143 170 223 229 150 116 175 96 180 55 191 192 231 26 85 65 112 108 69 193 230 233 82 201 133 51 123 168 197 70 220 140 102 182 246 241 195 174 113 153 218 122 202 154 237 32 25 147 136 41 52 177 127 74 228 33 159 163 75 146 107 27 81 203 49 172 179 234 56 83 
168 : 62 185 70 57 85 229 186 199 97 155 114 169 203 240 127 105 230 48 86 156 246 142 191 180 124 223 51 237 92 67 206 89 42 231 33 145 119 132 239 176 121 99 60 26 143 91 188 221 146 32 46 93 249 47 234 152 96 65 36 35 95 181 211 183 182 37 170 212 64 193 147 243 219 225 55 71 61 78 218 201 90 
169 : 58 46 197 226 122 198 174 96 83 219 168 63 133 67 134 60 167 247 25 237 54 53 141 127 69 118 173 165 154 189 142 68 233 244 224 84 209 199 201 217 207 204 33 27 47 48 149 95 188 
170 : 220 227 81 78 150 190 240 97 110 70 56 179 80 90 31 84 169 171 125 101 62 100 136 165 98 61 175 115 59 200 74 116 162 87 47 83 39 238 209 215 163 92 86 69 225 33 235 152 187 212 178 71 107 44 245 194 
171 : 39 128 93 145 207 177 231 132 217 176 240 154 52 74 82 166 148 107 116 144 171 167 241 203 51 191 150 204 46 109 87 36 164 139 186 69 27 238 175 71 33 42 91 162 161 124 126 192 174 
172 : 216 66 52 122 248 88 215 249 165 130 152 194 227 157 134 37 166 129 112 244 81 104 29 186 79 243 171 189 27 137 67 94 155 108 168 233 225 113 170 223 231 131 230 246 63 38 242 142 40 
173 : 75 132 136 65 68 159 171 249 108 146 87 231 243 174 131 200 92 71 118 211 74 203 235 165 207 156 37 47 215 42 167 64 143 76 25 52 148 177 182 240 192 99 105 124 193 213 79 51 173 179 208 164 199 
174 : 217 131 87 92 69 207 39 213 227 78 95 71 205 225 240 226 201 245 163 135 93 173 91 36 161 109 246 221 219 169 64 106 237 233 
175 : 210 142 205 212 51 127 245 52 191 28 160 49 207 234 36 246 248 50 189 62 25 116 109 106 48 29 161 135 239 180 78 164 89 33 147 203 231 227 186 93 178 67 187 133 124 150 177 120 219 71 194 242 105 208 238 34 134 31 107 152 104 108 69 
176 : 184 86 207 59 25 188 40 95 117 124 107 244 171 210 233 140 158 62 44 162 110 141 209 26 208 58 67 91 79 27 204 183 84 172 154 72 94 136 87 203 235 205 127 63 100 165 113 145 138 170 202 174 112 128 126 103 247 116 144 169 
177 : 179 113 136 117 61 131 100 111 95 124 240 110 238 55 51 210 34 46 186 137 212 104 199 175 105 88 92 205 207 189 235 149 171 217 139 127 150 159 43 82 209 109 41 187 248 44 216 218 233 164 57 203 160 115 121 166 67 230 147 130 47 140 87 96 73 151 38 236 86 106 98 107 102 
178 : 197 38 104 56 55 235 33 169 213 83 193 191 91 51 120 107 109 179 121 78 195 102 108 211 149 106 222 88 130 118 124 34 206 64 61 74 63 47 186 166 209 72 41 97 66 151 245 25 231 194 92 129 89 37 26 157 60 147 115 95 190 171 158 200 201 233 159 145 143 241 30 96 154 43 
179 : 105 55 64 209 136 49 247 78 243 104 170 196 223 95 132 115 180 202 70 197 131 75 142 107 114 25 221 41 190 65 245 212 147 144 138 155 150 85 205 146 128 217 79 40 152 237 234 230 235 215 182 106 121 54 187 141 165 27 
180 : 111 239 158 138 209 166 50 199 98 44 30 64 116 141 110 207 245 83 28 81 89 80 46 75 161 187 61 202 247 246 27 53 236 78 136 162 153 156 235 249 142 220 147 237 79 191 108 190 42 182 149 33 
181 : 76 246 39 101 192 249 179 245 63 194 74 77 152 200 171 151 173 60 242 201 219 44 207 166 124 228 52 220 178 92 89 214 94 36 154 119 34 
182 : 193 92 209 159 184 51 244 229 155 222 60 25 142 195 55 85 230 87 247 236 128 220 208 59 168 211 172 105 104 237 28 103 225 121 133 204 149 
183 : 112 61 242 80 233 182 219 95 108 33 170 165 189 116 150 92 232 144 168 50 54 27 76 240 85 71 225 163 98 143 113 181 191 235 40 194 83 91 236 
184 : 89 125 182 76 147 117 97 176 233 243 172 234 153 169 38 102 236 161 50 227 122 202 75 246 175 63 95 183 109 69 79 211 51 139 81 187 134 217 239 201 220 208 43 70 27 195 77 137 40 113 171 148 58 108 62 152 65 74 128 163 66 213 82 141 248 110 35 64 190 31 87 197 116 221 107 
185 : 130 74 247 132 156 29 136 188 144 176 145 32 108 192 128 168 37 205 166 218 64 194 111 95 152 167 190 34 185 122 240 116 85 164 149 65 236 129 163 93 131 115 94 201 62 200 238 92 178 31 55 
186 : 44 81 230 50 248 74 142 165 169 120 160 61 136 209 52 135 83 148 176 204 156 203 39 30 57 28 201 208 139 56 178 112 189 105 125 190 218 173 78 94 154 246 244 72 150 37 155 129 31 216 106 182 92 122 243 46 223 
187 : 236 49 53 70 174 213 172 122 66 160 147 164 183 130 110 57 33 117 100 103 152 62 165 155 194 90 142 38 175 128 237 156 31 104 37 197 208 39 50 214 29 51 203 145 245 244 87 192 157 169 109 186 224 215 97 105 121 72 35 
188 : 83 190 221 130 102 98 73 226 77 237 213 177 191 103 224 139 181 136 188 180 134 176 78 72 183 187 118 209 173 204 101 171 164 66 25 133 117 
189 : 244 36 223 141 116 210 150 184 110 132 96 232 135 81 167 113 108 179 202 65 249 82 56 182 189 61 166 136 142 144 220 239 104 190 63 100 76 197 
190 : 107 142 93 59 147 95 244 98 62 174 71 158 63 33 32 118 185 162 97 233 236 105 120 44 103 228 146 106 249 119 55 78 108 88 112 197 204 
191 : 144 39 163 79 46 214 207 47 181 215 145 121 48 52 171 141 104 87 238 88 74 197 69 53 125 149 227 102 101 30 123 97 
192 : 214 53 82 93 85 172 34 114 240 90 184 103 48 50 192 200 191 99 117 238 210 127 208 234 226 157 194 138 152 230 228 26 102 143 106 35 170 185 51 130 128 57 113 109 129 73 193 92 30 183 149 134 74 241 196 236 101 244 142 243 231 218 28 223 107 139 104 44 144 61 69 70 89 222 
193 : 246 105 82 243 45 143 144 224 99 159 189 66 182 222 114 142 223 77 91 84 155 161 236 58 196 195 210 227 33 237 208 163 205 111 
194 : 82 205 246 112 30 115 141 116 188 127 226 225 219 227 148 243 122 89 210 93 61 146 45 137 235 50 54 66 160 209 177 240 231 233 78 55 149 99 183 172 245 193 228 189 
195 : 97 93 70 46 176 166 181 116 91 129 151 100 34 193 192 154 243 118 203 204 206 65 51 163 105 183 50 26 179 189 146 208 78 205 67 114 92 212 172 190 201 235 94 219 123 47 132 40 41 138 36 234 210 113 246 79 73 115 249 101 71 167 231 223 142 184 75 174 155 
196 : 244 33 152 223 60 192 200 162 85 45 147 42 240 101 235 161 138 52 155 205 175 46 94 107 209 53 171 198 111 26 54 229 96 123 224 114 151 221 199 30 92 204 43 164 163 129 77 236 76 203 112 179 102 172 69 28 109 134 201 120 145 212 116 153 47 78 218 193 167 63 146 
197 : 140 131 248 217 142 221 144 105 168 235 149 116 47 249 93 112 208 67 237 120 57 163 164 75 238 29 43 132 56 
198 : 209 94 82 26 40 227 165 71 69 52 67 72 192 91 37 124 168 159 196 235 232 203 78 93 219 175 169 112 115 135 57 50 30 62 193 46 109 228 66 130 248 214 123 184 27 201 229 90 97 
199 : 61 47 235 244 194 179 91 153 32 210 196 238 191 176 54 174 29 34 25 189 77 180 220 80 246 175 40 223 162 242 141 202 214 26 117 156 99 166 195 129 152 211 76 221 28 172 52 115 93 186 
200 : 36 123 204 102 228 132 145 215 210 75 54 185 193 191 120 78 98 184 156 163 40 64 119 118 248 95 235 153 207 205 171 181 115 100 108 206 121 234 27 212 182 221 247 88 96 232 202 60 203 233 180 63 225 155 244 245 219 144 190 142 83 66 178 50 222 242 52 37 237 200 105 25 53 35 172 84 82 140 112 240 32 67 
201 : 82 141 126 34 234 240 185 76 151 51 95 79 115 205 238 145 184 35 199 196 157 128 208 179 203 220 26 
202 : 194 215 210 122 187 42 182 31 53 98 180 212 157 70 153 159 197 138 37 77 235 40 220 175 204 223 76 238 188 126 134 50 87 170 130 148 100 201 246 200 60 171 172 230 117 140 219 74 25 177 169 218 96 119 221 190 154 178 174 225 214 46 113 161 160 79 94 88 68 39 85 30 43 209 151 147 242 103 
203 : 196 58 153 104 74 243 205 27 39 167 115 41 186 138 222 98 181 145 45 30 84 208 202 148 151 81 242 55 179 156 165 194 36 100 108 72 34 224 139 80 112 120 102 95 212 140 
204 : 204 152 223 118 209 239 159 113 56 224 114 242 220 63 135 69 215 153 57 101 26 25 106 84 60 31 229 179 
205 : 109 111 103 235 231 29 73 192 83 39 203 122 52 105 94 195 42 77 145 187 99 106 69 190 115 117 53 129 171 219 140 64 150 104 28 146 149 62 31 119 155 161 60 34 160 170 214 175 131 41 46 44 194 165 133 82 182 173 57 164 112 248 234 118 51 120 45 35 202 65 229 95 153 135 201 33 121 137 143 222 217 159 169 26 90 156 
206 : 39 47 171 230 134 196 66 151 75 221 49 89 139 152 245 170 37 136 210 188 65 68 74 176 237 219 36 246 112 32 233 123 231 117 153 33 76 206 243 108 194 56 128 190 178 119 124 177 121 98 208 236 157 247 
207 : 143 68 227 45 193 92 105 149 29 64 31 179 116 97 150 43 35 101 46 189 209 221 241 195 249 162 185 106 228 112 127 235 118 201 244 174 232 42 200 137 95 30 79 38 180 57 61 146 83 181 26 173 163 
208 : 202 176 163 237 79 193 50 90 216 94 227 211 112 76 41 43 170 125 199 117 178 73 29 100 172 36 98 166 75 69 247 72 180 65 54 47 
209 : 73 36 81 99 139 66 204 28 39 169 223 98 138 120 213 198 125 80 224 218 222 234 30 228 203 25 200 72 140 141 51 151 42 111 157 153 217 168 240 219 212 150 84 116 232 144 241 242 40 233 
210 : 227 219 25 237 177 80 61 158 186 76 56 162 163 54 182 204 146 213 81 234 75 196 38 159 83 29 229 205 150 90 176 180 203 93 235 157 225 60 58 27 137 178 209 84 189 74 45 37 72 173 65 100 165 125 249 185 214 30 133 126 199 47 69 48 42 248 91 
211 : 221 160 60 150 84 69 225 146 212 182 167 210 162 63 136 194 101 26 128 39 33 241 242 67 94 
212 : 57 194 117 240 173 30 155 110 76 170 77 92 132 162 175 141 75 207 93 120 179 211 220 68 38 42 233 149 225 86 192 190 218 159 183 209 109 122 67 128 229 127 
213 : 136 125 156 218 152 232 114 209 63 149 151 184 77 85 41 203 138 238 167 37 64 217 55 102 216 183 153 175 46 94 91 107 197 75 226 170 179 95 189 192 154 79 124 88 228 187 171 233 194 147 248 
214 : 35 207 140 217 145 211 227 114 63 133 126 178 50 104 219 91 243 247 55 127 148 118 122 88 84 71 136 41 
215 : 221 248 223 82 183 236 220 110 229 217 233 59 123 204 129 71 128 76 51 166 81 167 147 42 141 89 132 172 37 39 165 93 232 83 118 215 145 133 211 190 198 180 131 140 192 168 234 206 174 238 58 193 96 246 57 185 49 169 78 34 109 121 186 178 203 46 197 114 135 
216 : 44 29 45 69 73 115 240 34 80 99 87 207 58 27 193 174 210 120 89 218 134 65 173 190 216 107 132 68 123 124 197 241 206 35 222 202 39 109 127 103 246 96 98 101 54 159 128 91 238 194 200 38 59 201 163 183 129 234 191 171 205 57 144 213 133 106 182 146 114 126 136 228 211 46 235 152 168 247 188 77 138 
217 : 148 78 39 238 83 189 76 89 182 102 180 118 245 48 218 219 58 181 246 152 244 167 34 82 90 157 104 56 42 111 247 133 31 131 100 172 156 50 132 86 27 119 179 30 207 41 66 135 194 46 239 65 217 237 95 214 249 74 220 91 232 105 106 199 202 57 37 38 98 145 216 177 138 110 146 197 208 
218 : 39 237 25 187 99 227 184 159 243 153 244 51 100 86 247 217 70 156 233 206 210 155 64 107 164 200 116 192 162 138 248 174 166 42 224 
219 : 80 126 243 91 229 77 142 145 140 143 151 176 76 173 109 162 39 75 135 113 244 124 26 218 190 154 157 208 200 217 61 69 152 33 150 248 180 87 130 131 98 74 213 204 183 241 231 72 
220 : 34 152 151 246 155 233 227 72 185 153 137 97 53 249 212 94 168 67 174 87 71 211 200 148 68 52 179 138 79 115 218 127 92 172 205 46 98 109 121 193 96 235 146 247 29 178 81 
221 : 36 81 109 96 154 25 235 199 197 156 112 169 60 152 49 123 225 245 164 176 162 27 221 43 64 177 209 48 191 32 150 101 184 132 187 88 38 46 149 179 117 201 226 141 62 86 188 98 153 203 136 29 143 224 244 30 219 196 94 249 157 95 151 116 165 126 248 113 158 133 234 50 33 167 44 194 67 34 192 63 200 213 
222 : 170 60 129 247 98 130 135 58 156 46 113 45 50 119 102 157 200 67 168 150 111 221 110 154 121 101 85 25 148 249 222 127 189 124 122 139 83 152 183 217 151 30 82 230 179 198 159 53 143 39 125 138 120 93 144 57 99 172 243 248 239 137 207 131 205 106 38 158 238 
223 : 45 32 168 205 225 60 204 30 123 106 41 221 234 137 61 152 200 97 142 213 133 121 69 182 139 96 103 189 25 66 38 70 101 207 238 47 28 175 71 160 99 184 113 77 248 33 134 232 92 151 68 177 165 109 79 135 144 65 198 104 58 39 42 240 214 186 246 87 132 148 116 136 185 130 
224 : 222 240 89 212 190 66 76 146 203 201 55 208 239 231 90 160 46 171 140 137 225 95 51 156 236 65 27 174 215 150 40 121 157 87 31 109 194 191 63 242 245 126 91 62 153 88 32 131 221 54 61 43 85 230 149 177 138 175 52 130 214 247 69 196 33 182 195 
225 : 122 92 202 156 242 35 205 217 25 197 102 219 157 213 175 49 228 247 211 210 81 59 104 77 111 29 245 43 66 200 193 118 65 215 115 86 146 173 136 163 154 177 106 240 241 41 150 48 191 187 67 208 27 249 107 195 190 
226 : 35 45 63 158 73 96 89 46 91 227 230 233 201 90 148 68 43 140 215 87 115 160 161 163 27 159 169 195 33 221 49 146 75 130 29 157 125 243 193 52 61 123 108 192 62 102 200 248 242 143 53 32 181 228 
227 : 92 71 33 213 46 164 127 175 118 244 163 156 98 49 142 211 62 242 159 131 84 234 166 230 128 146 197 36 171 102 247 45 47 76 37 90 58 60 185 221 179 69 55 86 
228 : 87 30 121 242 228 188 162 240 243 92 196 173 174 102 142 96 213 51 159 168 165 181 111 189 147 59 41 123 128 89 236 233 149 183 232 62 66 141 204 226 88 124 245 156 86 134 219 
229 : 40 223 239 178 152 96 190 189 98 114 89 52 235 168 91 122 191 171 197 138 94 109 213 234 36 217 30 39 37 103 76 105 227 244 56 242 54 139 249 27 188 180 174 102 61 126 187 163 133 28 170 226 236 43 
230 : 145 144 82 239 147 243 35 115 83 185 235 223 31 151 70 163 87 75 94 192 202 44 95 214 231 85 146 156 43 40 69 79 174 90 149 117 121 225 93 196 187 169 152 212 30 113 92 65 28 97 164 240 226 224 74 132 106 54 143 
231 : 249 48 165 99 115 55 81 25 127 121 41 230 126 56 124 206 237 236 180 172 40 222 191 213 143 102 190 219 215 140 182 168 176 106 196 205 238 214 86 159 68 209 75 198 179 31 158 57 95 60 188 218 231 210 123 67 178 200 36 77 203 88 72 
232 : 180 242 125 148 31 202 244 141 200 76 223 40 72 228 160 182 59 122 75 35 112 88 211 73 71 52 29 92 120 100 215 162 94 229 210 143 48 45 134 166 77 89 83 214 222 86 249 236 27 131 220 90 208 69 155 33 192 165 233 243 190 219 181 97 207 159 68 213 50 36 84 232 41 135 66 239 64 25 144 167 56 199 193 
233 : 56 51 44 215 83 90 68 121 211 26 249 199 67 147 57 184 142 238 107 70 122 194 167 243 54 43 150 82 214 72 59 115 41 185 128 170 246 46 151 61 71 190 174 93 237 182 92 85 32 152 154 117 220 131 186 120 161 110 129 180 173 66 113 94 209 
234 : 136 28 88 31 33 64 34 134 122 194 69 58 38 203 168 111 90 139 232 62 53 177 47 73 29 135 229 146 37 114 98 249 45 30 46 77 56 50 217 109 161 42 130 84 107 241 113 86 102 176 35 81 165 36 95 180 237 132 178 224 59 218 54 125 246 214 202 82 247 225 235 63 100 230 105 143 103 231 201 
235 : 182 123 102 201 42 130 184 103 224 226 40 244 185 247 148 142 84 116 28 63 216 193 94 145 236 58 112 92 150 221 170 78 133 217 80 107 249 206 160 55 246 190 83 56 180 120 141 146 209 186 105 122 67 181 96 111 126 29 175 176 200 121 87 135 99 82 33 88 155 211 194 218 117 212 208 127 49 
236 : 248 237 72 144 33 59 96 97 154 160 98 200 183 114 123 80 163 161 238 132 145 85 106 46 51 102 170 115 171 229 130 109 168 147 91 73 206 222 167 37 245 117 209 120 95 32 188 166 25 83 128 156 190 30 40 60 176 187 68 215 49 65 227 
237 : 158 29 122 81 40 207 167 166 182 183 164 137 211 209 103 102 95 70 244 205 62 174 93 56 215 127 141 148 212 28 38 240 123 126 
238 : 147 67 157 171 123 70 80 153 86 132 107 176 90 206 210 197 173 199 126 149 31 32 141 96 200 124 102 201 114 226 249 205 238 30 61 25 178 233 41 128 203 43 209 122 39 186 193 230 172 146 100 161 219 177 137 48 231 91 77 148 175 248 185 98 202 150 129 241 65 139 64 166 52 44 133 127 243 68 196 
239 : 187 168 245 61 220 240 137 215 189 200 52 148 112 181 159 74 224 38 226 115 48 108 66 183 211 25 164 173 34 26 35 47 57 221 217 129 124 172 179 103 225 204 49 150 158 238 72 99 188 36 177 246 136 120 106 37 90 117 199 196 88 244 134 97 
240 : 167 74 100 120 203 200 40 67 42 65 129 107 49 72 172 59 133 215 48 181 76 165 61 35 235 50 227 176 201 199 240 63 94 187 125 217 26 104 134 54 185 31 209 62 144 221 28 41 218 159 231 148 89 197 205 95 124 153 192 234 177 216 166 46 
241 : 86 243 108 110 182 170 157 129 148 128 151 130 201 194 224 219 31 45 84 137 140 66 81 25 248 92 96 107 79 178 167 203 223 230 204 55 39 82 103 227 85 143 222 181 132 228 185 95 149 127 106 245 172 88 42 118 234 98 38 231 126 43 195 249 156 169 154 50 113 155 121 146 115 32 89 102 64 114 174 53 
242 : 235 85 158 82 169 234 96 230 64 205 65 51 243 153 224 121 60 112 222 69 133 101 59 116 100 95 196 134 204 48 226 188 212 81 94 245 166 248 199 68 171 119 157 223 73 70 72 183 46 87 177 165 215 154 78 117 187 
243 : 178 206 32 248 171 169 105 215 224 187 57 200 51 106 159 79 126 65 38 123 108 209 63 185 137 134 233 128 131 150 180 52 244 82 66 149 156 229 41 225 173 60 95 174 152 
244 : 80 216 57 104 202 171 69 94 155 168 44 39 242 166 212 52 150 48 176 182 78 71 247 231 109 153 152 159 163 173 172 120 185 50 114 68 220 123 207 223 36 76 87 30 66 187 205 239 218 83 129 33 199 158 27 118 32 162 105 59 97 60 235 148 90 164 181 245 100 42 
