0 : 27 189 163 215 99 41 184 85 142 115 162 192 94 25 110 175 51 249 86 118 48 157 74 123 229 227 128 177 164 76 40 78 47 222 33 61 246 161 135 113 244 36 89 44 82 
1 : 221 79 217 142 69 215 133 76 77 116 107 47 195 106 83 33 43 224 58 74 194 205 112 149 201 109 70 226 129 154 110 238 134 152 223 150 208 173 178 198 177 172 228 132 234 204 42 36 104 214 59 147 239 65 135 181 176 137 166 28 57 241 102 175 48 171 212 119 213 61 236 140 26 144 86 229 115 35 52 197 174 168 
2 : 100 217 80 159 167 42 37 93 193 164 189 74 31 216 127 169 79 208 214 55 96 122 111 152 155 29 165 145 185 163 232 234 30 236 36 35 112 75 32 206 133 245 119 171 168 90 195 
3 : 167 36 44 153 149 131 163 57 45 214 218 225 212 166 231 237 159 56 224 144 51 54 59 41 71 200 243 189 191 198 203 156 73 66 181 182 139 165 240 180 126 130 208 97 138 70 48 115 141 83 113 216 117 206 99 86 195 116 133 162 140 125 49 222 42 82 79 209 90 193 143 
4 : 111 204 157 68 129 44 75 200 249 56 216 31 160 231 214 74 55 145 49 187 224 241 217 64 106 191 163 233 125 71 79 221 169 235 246 91 141 133 198 209 93 156 161 186 34 36 185 144 119 177 194 167 86 201 128 180 219 127 
5 : 110 61 210 116 151 219 191 70 178 145 92 29 140 56 47 128 65 30 228 98 189 96 166 183 238 215 184 216 122 212 46 199 243 106 195 107 44 64 176 71 227 167 150 193 142 235 130 109 161 158 233 39 74 247 48 118 
6 : 174 205 227 220 175 102 139 53 98 199 246 38 208 27 187 182 110 160 247 39 130 95 190 94 61 148 116 161 124 201 49 242 119 80 114 136 143 163 236 64 191 69 180 72 223 135 65 44 181 57 108 30 138 78 77 142 91 106 79 170 162 41 171 245 177 231 179 84 42 140 112 158 63 
7 : 217 116 132 207 72 30 125 229 241 168 194 187 79 172 182 73 66 67 184 82 154 123 43 158 169 144 206 219 246 200 58 203 141 25 221 150 244 85 107 93 37 177 126 105 156 129 230 101 41 
8 : 144 58 94 155 162 121 139 216 149 84 131 78 156 47 170 27 79 72 194 110 140 163 119 44 180 113 198 195 86 34 62 193 213 211 75 61 115 169 174 45 177 206 146 
9 : 198 91 182 127 201 33 34 234 156 103 204 118 77 117 176 128 162 152 157 44 126 239 39 139 158 186 48 62 216 60 224 189 121 199 85 129 235 70 140 114 185 222 206 104 190 245 63 69 111 101 188 35 94 141 241 30 136 88 163 164 138 107 203 228 191 171 147 41 28 53 172 174 26 57 195 119 143 135 108 
10 : 239 241 244 147 228 80 61 52 60 171 50 233 74 41 125 96 108 154 173 94 118 175 148 222 234 182 32 
11 : 121 207 113 151 181 82 191 103 231 186 237 143 193 77 102 50 58 183 76 44 247 62 147 117 133 98 91 29 63 74 78 116 118 119 219 124 95 161 156 36 155 139 195 39 65 242 169 232 97 200 238 
12 : 244 200 236 32 58 152 50 201 211 213 228 179 156 36 84 75 51 238 227 37 153 169 59 223 120 106 196 247 165 170 125 62 240 229 199 107 77 61 89 112 31 160 29 225 122 103 
13 : 239 60 161 111 57 205 55 218 158 166 217 191 88 230 92 192 38 78 86 96 226 100 155 148 238 147 142 99 184 105 
14 : 170 133 226 245 244 95 126 55 180 127 242 152 78 107 60 190 71 87 115 43 185 136 97 140 217 207 53 146 63 247 155 119 123 47 92 114 120 198 214 159 168 158 39 201 238 128 83 145 193 236 56 218 205 156 31 88 79 220 48 33 222 200 216 77 131 160 26 243 149 144 34 94 151 183 91 202 204 142 
15 : 228 78 148 65 212 46 157 128 220 43 153 105 95 140 114 39 165 28 225 217 185 94 209 123 38 81 196 92 76 168 215 70 181 132 36 85 167 141 189 51 204 33 180 116 74 44 122 87 147 82 110 108 42 219 52 155 27 37 
16 : 144 122 195 134 96 99 53 243 43 223 224 118 147 102 167 221 152 92 124 219 123 242 25 163 239 107 181 153 30 73 133 111 95 193 180 
17 : 61 97 45 142 152 129 102 53 106 131 112 215 212 175 89 183 195 143 229 58 240 169 84 156 63 216 168 49 246 34 232 114 91 123 180 145 68 32 72 132 163 165 26 
18 : 201 216 229 194 161 97 179 187 27 246 195 78 25 222 144 43 171 237 32 233 111 116 143 54 183 166 121 40 130 214 155 55 164 98 211 103 249 61 106 160 44 169 56 220 152 99 159 242 213 93 66 185 53 212 92 75 128 174 70 244 122 113 42 31 83 58 209 119 33 
19 : 121 131 47 100 95 150 61 179 36 68 45 79 102 245 175 74 49 75 113 101 165 77 91 202 154 78 192 206 85 140 
20 : 188 128 61 198 248 68 184 73 106 97 196 151 84 216 226 217 50 147 228 178 158 154 215 77 174 233 132 90 183 146 223 30 46 169 134 31 105 43 220 165 167 27 99 149 157 33 67 126 37 
21 : 81 145 147 82 105 143 30 153 111 155 52 89 169 177 43 118 107 86 68 90 71 88 239 33 40 121 48 73 192 184 178 201 174 238 159 182 172 72 50 96 151 102 240 64 108 
22 : 194 121 204 72 233 201 74 55 237 126 166 94 211 190 183 35 83 86 125 249 25 109 97 138 118 57 163 67 101 160 28 165 46 77 247 136 95 224 29 164 44 207 154 175 215 116 157 179 75 246 130 59 34 245 119 82 117 66 200 73 115 30 27 76 99 172 209 187 182 80 185 
23 : 219 246 239 236 200 111 37 64 56 224 109 104 193 199 63 184 233 121 150 127 102 73 116 240 114 54 174 237 175 147 226 32 205 143 186 70 34 248 211 169 185 
24 : 130 86 238 175 204 144 29 95 78 88 143 105 49 111 200 146 70 205 194 99 72 202 173 249 135 177 59 189 190 133 36 197 92 170 158 157 214 51 119 145 169 32 77 152 224 196 34 94 69 195 57 164 125 
25 : 108 223 96 31 27 186 117 196 63 107 208 202 129 243 183 148 145 34 46 101 39 150 228 149 131 176 242 217 58 103 25 137 187 233 75 35 123 163 146 207 191 201 204 237 
26 : 217 216 231 249 208 220 39 99 166 150 204 78 49 205 149 227 130 48 87 73 211 75 152 198 137 42 168 45 183 146 230 226 27 40 36 202 92 199 104 132 90 30 47 175 32 106 123 
27 : 116 155 111 80 118 73 200 77 120 43 190 90 147 197 38 52 228 166 199 129 191 167 157 47 244 175 98 246 86 28 74 161 217 211 216 164 189 99 198 102 51 235 55 94 
28 : 109 33 103 31 84 248 62 60 93 200 138 159 218 227 75 160 102 225 76 206 126 237 49 110 158 58 122 106 209 180 108 192 177 233 147 132 128 246 224 216 127 168 
29 : 79 28 227 120 177 159 42 129 76 26 192 208 123 31 81 162 152 240 101 210 133 163 232 234 122 165 158 65 
30 : 126 109 73 119 71 92 157 225 245 46 104 192 238 185 43 52 160 138 161 101 136 180 166 155 39 134 181 165 159 193 26 200 175 110 118 51 130 152 37 97 191 38 205 63 54 61 168 72 143 227 177 99 190 121 154 133 47 173 247 137 194 218 164 84 96 67 221 179 80 83 79 117 189 102 184 230 240 58 89 234 209 
31 : 72 138 156 162 196 92 81 207 187 249 243 103 123 143 205 135 95 139 233 241 70 76 52 219 248 44 188 152 58 200 65 38 218 37 99 158 227 73 43 
32 : 53 207 45 112 35 192 58 107 246 175 190 102 145 148 106 100 57 227 61 233 80 141 40 195 216 217 52 
33 : 107 37 161 238 131 158 56 126 122 79 29 236 111 38 96 129 27 224 227 52 68 70 63 179 62 36 
34 : 120 196 140 146 115 68 42 238 249 236 53 63 102 85 240 64 60 230 165 35 190 170 46 36 97 37 159 226 67 224 107 218 126 138 105 200 242 111 149 246 201 87 166 233 191 103 96 75 232 168 185 176 129 113 212 155 25 244 220 101 29 72 225 30 203 48 
35 : 98 133 33 177 111 41 243 55 171 178 149 166 239 139 77 205 62 76 156 118 130 179 158 187 185 154 214 52 101 109 183 168 151 181 218 
36 : 209 234 45 82 110 184 147 75 51 186 206 113 181 79 204 187 109 103 63 104 122 169 167 74 81 25 224 86 106 226 127 118 121 148 29 77 150 90 232 218 163 55 101 156 47 231 192 108 68 157 215 
37 : 112 46 29 151 239 245 216 82 158 134 206 243 221 180 224 228 234 25 137 193 237 235 186 133 42 89 225 242 103 144 163 51 130 214 117 122 36 209 95 129 160 90 179 241 240 231 108 64 220 219 197 217 141 26 44 65 173 56 30 127 172 94 212 189 142 236 156 168 177 102 199 62 238 116 86 
38 : 42 65 165 94 139 171 130 157 240 169 115 79 39 108 32 215 101 71 149 212 41 104 89 197 72 123 28 223 213 98 180 78 203 87 33 67 80 63 238 193 244 64 49 70 227 160 107 82 51 35 56 159 195 141 173 92 206 83 208 219 122 43 216 117 155 111 91 142 205 243 196 170 178 103 61 
39 : 50 91 195 48 210 80 230 107 202 61 240 36 201 163 199 151 134 190 49 29 40 244 226 79 136 241 232 70 124 181 224 179 229 180 
40 : 121 95 227 77 115 63 41 45 74 38 239 76 102 238 188 132 73 199 53 205 215 212 71 176 126 162 111 47 245 91 170 198 180 44 105 165 133 247 189 167 
41 : 79 64 230 127 132 182 106 25 248 234 143 110 94 176 141 245 147 213 45 209 80 203 204 187 96 93 218 28 92 191 47 140 192 181 27 115 170 194 61 135 86 216 161 240 142 77 200 43 167 241 238 88 231 164 174 117 129 105 189 233 38 126 66 169 89 67 221 177 108 33 220 29 237 134 123 99 
42 : 31 163 171 199 117 125 42 186 122 123 74 187 168 170 75 153 118 76 141 55 245 81 106 201 96 148 147 220 68 128 121 60 77 83 197 66 41 237 84 103 28 61 190 94 169 144 131 240 138 32 189 233 62 158 145 239 134 185 225 
43 : 129 64 30 221 229 72 71 185 183 29 126 85 173 187 176 240 55 102 58 25 199 162 101 146 184 98 218 115 201 127 189 139 140 94 216 97 88 160 209 142 134 61 157 63 77 191 231 105 54 73 84 82 83 145 194 230 144 246 87 66 182 125 59 150 57 167 233 46 50 
44 : 66 27 83 143 155 45 80 26 188 165 136 217 39 235 177 154 186 44 198 57 229 223 127 200 146 185 204 189 113 151 105 140 36 184 220 100 32 68 241 234 149 56 134 
45 : 33 187 107 205 109 36 49 219 62 76 181 209 230 132 54 99 176 175 60 72 195 124 73 221 182 156 63 242 239 32 141 67 136 95 165 37 193 151 225 
46 : 176 33 100 51 54 237 160 201 177 213 138 171 149 60 92 31 131 53 231 175 197 50 78 37 137 243 235 227 212 224 25 109 178 221 59 74 85 117 116 126 241 194 32 133 72 110 136 185 139 229 114 69 132 199 123 84 215 43 57 187 244 184 248 111 95 28 206 80 228 39 
47 : 188 176 179 133 184 203 107 226 81 40 91 190 125 234 121 68 101 227 49 109 240 239 85 248 149 47 218 88 196 42 74 185 154 152 136 173 66 195 110 220 78 231 192 236 156 146 187 246 116 25 90 75 206 238 233 117 139 62 137 97 145 93 158 199 102 214 33 138 213 221 164 119 
48 : 72 88 122 243 109 237 212 137 102 154 76 150 81 53 184 211 98 71 104 173 55 126 198 113 127 62 34 
49 : 236 165 151 244 82 238 157 137 136 206 145 159 51 87 133 85 163 231 222 32 86 178 239 69 205 100 158 152 142 135 211 242 96 184 112 208 71 66 214 186 92 79 183 228 245 249 98 144 169 150 54 210 75 240 44 114 47 167 171 185 38 139 207 76 213 190 81 192 181 27 
50 : 71 186 242 193 116 50 146 77 122 234 136 138 222 160 246 165 89 25 117 38 92 149 194 230 188 197 132 30 216 129 241 58 217 26 130 178 201 86 
51 : 187 182 124 221 160 238 111 138 97 25 189 190 249 30 188 70 232 66 170 236 26 32 183 68 196 165 231 180 53 172 101 243 222 79 203 51 248 241 178 132 50 139 162 153 227 173 72 152 114 107 218 174 164 133 76 65 209 158 235 143 59 120 205 108 135 
52 : 99 191 52 111 200 137 102 242 174 31 98 203 156 184 131 106 234 43 65 195 108 58 245 227 172 81 185 152 100 232 228 140 229 138 69 235 115 166 76 161 112 44 134 37 196 47 119 30 231 120 85 68 205 213 103 169 186 36 50 62 63 93 122 167 91 34 237 82 143 148 163 123 151 216 121 176 215 110 128 46 67 
53 : 207 205 193 191 63 215 83 206 50 43 236 79 57 48 153 132 39 33 81 37 159 244 41 234 86 36 189 115 108 210 46 241 222 163 82 152 71 235 52 73 194 188 137 169 118 201 128 220 123 171 143 239 95 80 151 155 120 167 216 47 34 92 124 197 116 180 40 181 144 110 117 97 112 55 172 54 60 93 196 247 
54 : 78 248 163 189 216 126 195 74 57 182 62 34 215 30 135 166 232 148 240 31 224 140 127 95 212 28 129 73 230 186 71 236 228 88 177 43 180 158 49 208 190 139 44 68 32 191 198 105 81 94 50 211 220 100 199 59 123 169 217 70 124 38 33 36 131 41 221 200 103 125 172 79 96 233 72 136 226 
55 : 182 231 199 65 240 184 67 68 120 145 180 123 74 108 245 63 221 47 40 173 191 183 42 196 178 64 143 133 205 136 188 94 227 54 93 164 211 169 46 233 238 208 44 185 116 114 101 106 220 186 95 247 147 226 177 158 32 146 126 83 37 154 100 249 
56 : 184 133 164 206 62 210 102 182 86 41 244 225 136 177 247 39 132 81 175 29 103 93 31 83 189 61 194 153 65 131 145 96 217 32 129 
57 : 43 60 80 28 162 82 103 90 41 99 204 104 155 173 238 37 198 136 95 218 191 107 49 183 193 69 137 212 237 141 151 142 216 167 109 123 248 102 214 66 116 132 62 205 232 243 163 
58 : 36 60 187 106 172 203 215 112 167 164 221 186 70 229 151 246 198 238 204 235 74 219 44 131 123 218 61 249 43 118 40 105 73 130 64 169 188 158 176 98 136 125 92 201 177 241 38 210 91 181 84 245 137 111 212 178 113 107 127 190 51 50 122 89 96 97 
59 : 61 247 68 47 201 78 49 197 36 222 173 234 133 245 79 231 102 221 137 211 39 42 121 158 110 151 194 143 170 148 214 208 
60 : 200 85 175 246 121 164 74 185 219 30 62 122 106 49 34 72 111 58 187 76 141 88 67 156 228 87 124 100 37 232 192 33 154 64 41 168 243 184 129 190 115 188 191 
61 : 233 170 243 166 144 204 157 215 225 205 92 194 112 120 145 213 201 180 171 183 43 105 38 230 80 32 221 163 198 47 26 73 222 102 179 114 53 101 220 36 175 59 99 237 34 129 152 89 28 81 150 87 214 133 236 136 139 83 134 60 
62 : 68 230 127 171 134 207 239 216 79 223 120 107 156 133 109 45 182 170 33 241 215 35 219 185 41 104 87 62 183 144 97 99 111 181 213 73 202 193 131 199 196 43 191 94 179 61 55 237 48 217 163 123 34 69 47 101 161 
63 : 62 140 189 195 181 58 63 60 138 168 114 33 204 30 122 241 103 89 34 160 46 113 116 248 65 249 224 247 167 
64 : 178 88 236 194 141 57 206 28 181 140 161 55 112 123 90 36 173 215 142 101 103 214 144 155 99 199 121 105 129 53 240 29 113 37 51 152 54 182 135 137 156 230 202 166 249 44 38 
65 : 113 25 125 126 207 138 173 191 228 196 148 239 139 152 217 190 132 61 88 65 140 106 149 151 82 42 154 81 176 220 243 142 120 161 143 89 200 246 157 83 74 27 44 203 58 122 119 97 182 206 226 213 103 80 86 70 175 229 104 116 111 158 234 62 185 146 71 85 55 114 
66 : 103 223 167 78 194 121 70 25 74 218 93 32 55 111 69 96 179 241 221 132 116 50 73 60 118 126 157 246 51 183 79 
67 : 128 44 108 42 165 245 174 74 26 118 138 238 228 154 79 105 210 112 193 132 52 191 198 142 115 182 114 27 91 75 222 59 227 41 65 46 232 214 150 32 80 215 211 130 73 101 157 158 189 200 120 151 152 72 202 30 67 216 146 148 170 169 95 179 123 
68 : 134 106 135 83 230 149 122 162 42 64 107 27 185 175 74 159 53 238 179 94 138 141 199 123 86 73 145 180 168 102 44 225 197 114 45 160 54 105 51 137 173 198 59 85 203 153 41 210 242 33 113 195 49 229 236 84 209 26 170 104 34 157 193 239 58 60 207 99 128 244 38 166 
69 : 110 175 66 198 124 228 163 26 209 217 249 190 179 130 160 65 80 147 133 164 176 57 52 156 105 129 140 136 195 81 103 94 208 48 112 106 33 76 83 91 223 119 69 232 244 173 138 170 43 245 172 192 56 
70 : 148 124 176 194 232 214 111 46 35 205 83 208 31 206 238 166 172 227 158 178 212 122 52 133 90 65 92 236 157 29 180 61 186 173 225 28 228 247 106 
71 : 165 27 207 227 210 103 209 117 148 52 190 236 44 224 28 25 83 145 159 106 59 164 243 126 97 198 228 247 192 189 53 231 149 225 241 147 60 161 99 122 131 64 130 150 38 223 84 94 85 202 244 77 50 30 184 205 196 70 230 206 74 68 79 46 54 
72 : 76 46 101 146 241 31 26 102 73 245 239 227 166 50 137 177 199 176 213 233 122 136 63 171 78 186 178 208 66 53 95 80 35 158 123 97 87 127 99 240 108 244 100 106 175 109 43 237 60 65 153 56 180 62 119 98 64 112 247 215 223 149 143 148 27 47 205 150 193 224 163 85 222 209 124 89 29 141 194 211 58 38 
73 : 52 179 105 119 43 58 149 207 166 186 69 61 125 56 67 215 244 223 241 172 95 50 198 68 72 199 79 159 195 168 135 70 190 217 151 189 185 212 127 187 92 205 242 97 236 30 108 169 59 82 138 75 133 218 120 41 134 116 110 161 
74 : 172 112 229 49 135 26 207 62 150 228 27 79 183 47 224 236 136 216 171 90 206 111 127 176 80 182 102 230 168 232 124 210 72 97 122 217 155 178 157 32 33 91 
75 : 80 55 153 180 70 191 158 243 182 164 217 125 230 184 240 63 145 168 149 25 140 28 192 188 172 219 196 72 223 197 209 107 91 235 212 42 210 154 128 181 110 35 159 81 108 189 48 71 44 79 163 47 157 205 
76 : 205 234 240 39 53 38 233 208 175 117 152 98 197 155 221 194 102 195 44 231 144 86 241 83 213 236 225 219 93 34 36 211 63 32 224 51 242 65 106 41 84 182 116 100 148 75 104 185 110 202 133 161 146 137 118 239 85 43 120 235 193 115 191 179 206 229 177 123 167 129 249 29 49 171 82 55 71 218 
77 : 46 129 108 194 70 231 133 149 123 223 52 222 173 42 50 209 80 179 114 65 105 177 64 26 79 185 69 171 48 106 247 98 150 
78 : 139 92 242 109 57 59 77 151 29 166 171 97 26 205 203 47 159 79 141 73 111 68 226 41 116 148 178 164 236 117 244 90 204 200 234 237 127 248 53 206 131 158 104 209 183 144 238 36 182 69 160 101 169 100 44 39 146 37 219 34 49 113 98 32 123 174 119 99 241 94 157 87 170 75 30 48 129 215 93 134 45 108 
79 : 189 118 47 112 174 241 222 131 136 147 126 101 122 56 214 207 37 59 179 44 143 175 32 169 170 34 168 110 161 62 70 82 28 88 154 90 81 187 173 95 180 69 142 139 210 208 242 86 245 163 
80 : 27 91 49 129 26 112 234 212 113 124 28 220 123 73 145 84 48 115 159 223 40 50 114 100 56 31 
81 : 115 34 118 154 134 150 201 163 142 222 153 186 62 249 59 78 35 29 26 110 195 54 148 64 205 77 47 200 71 155 140 36 209 33 52 
82 : 198 88 96 49 52 211 111 232 29 143 165 39 205 70 113 80 147 185 87 93 67 238 199 200 249 175 107 195 72 215 146 180 191 106 219 166 92 190 99 55 157 170 53 154 239 37 89 30 207 217 136 26 101 
83 : 244 182 133 50 213 153 155 199 239 178 81 245 125 43 236 166 229 211 177 96 157 222 65 120 40 122 206 226 56 225 204 242 42 134 124 135 114 34 172 165 158 159 60 121 94 117 192 119 185 55 111 234 212 137 210 230 233 104 198 57 72 193 109 217 68 224 83 115 202 249 79 
84 : 54 223 178 90 61 62 175 136 203 72 132 76 32 116 150 179 154 145 210 174 198 200 71 127 184 193 177 50 120 51 47 80 139 182 242 68 202 248 123 161 212 224 159 43 88 162 201 46 173 42 237 214 142 239 49 34 108 195 111 91 191 235 152 146 45 52 230 95 119 128 167 222 60 40 170 181 
85 : 125 97 120 40 113 159 175 135 179 199 172 72 178 249 143 145 71 96 88 87 91 152 38 190 79 117 70 213 189 122 74 226 204 236 60 121 219 208 227 144 67 99 165 191 234 118 169 136 112 206 95 221 66 180 108 100 150 32 116 98 138 69 171 149 57 162 105 89 
86 : 152 140 187 56 142 128 129 40 92 223 161 212 190 67 54 227 248 112 36 136 75 84 167 195 165 74 194 133 208 57 114 215 33 46 127 207 28 159 216 148 
87 : 126 170 95 46 242 226 198 136 104 61 199 191 185 222 245 26 28 154 66 101 131 106 163 52 105 39 75 140 85 37 72 139 68 240 57 137 150 87 127 204 149 189 166 164 236 118 203 76 55 133 49 129 215 60 96 86 234 143 89 188 116 174 173 58 71 25 
88 : 146 147 173 55 125 82 73 202 200 144 129 106 117 68 237 52 91 127 50 44 239 182 120 190 244 249 187 234 122 191 162 136 103 216 156 89 245 240 80 107 135 88 39 150 166 130 84 40 79 
89 : 86 154 183 63 56 236 235 80 28 164 245 196 103 141 71 212 217 70 105 232 168 158 30 59 113 42 133 242 62 39 226 143 119 75 128 136 215 163 148 
90 : 31 225 199 83 200 65 243 110 95 61 208 184 54 28 214 105 201 63 239 232 37 185 134 164 156 62 56 246 32 149 122 230 238 119 160 132 124 69 67 40 219 178 203 142 244 145 125 
91 : 235 147 191 101 206 143 63 128 167 195 240 202 148 127 231 57 226 112 82 76 103 217 186 163 166 156 169 121 164 205 245 48 201 248 58 150 224 124 122 96 46 134 74 130 222 35 175 28 50 81 171 62 238 69 
92 : 238 69 240 153 151 161 130 247 78 48 194 167 99 86 116 102 139 85 188 39 100 28 179 127 71 132 141 197 66 97 172 31 228 76 126 109 29 185 144 166 173 225 181 25 189 35 168 119 159 143 152 70 187 229 128 239 249 217 63 113 204 178 73 180 223 182 92 94 245 120 190 125 224 242 26 149 
93 : 153 66 60 134 162 130 104 186 89 136 45 125 53 160 29 110 120 218 135 78 113 201 139 247 47 176 75 172 166 170 200 35 129 34 48 109 123 28 148 61 245 149 226 194 108 119 215 76 141 121 25 161 242 70 36 74 32 86 126 150 173 101 99 221 185 65 156 202 203 231 
94 : 86 100 78 144 143 90 177 133 40 161 159 29 124 216 149 168 182 237 119 224 41 77 66 156 38 59 145 120 122 210 153 166 181 241 95 31 148 179 202 39 96 97 108 65 130 219 81 160 87 128 129 239 93 193 116 147 243 49 164 104 25 60 26 203 114 139 83 167 229 206 214 79 74 234 127 51 125 212 187 43 
95 : 224 157 180 60 92 109 71 168 46 230 38 147 37 247 170 107 194 227 45 216 141 55 181 166 77 44 110 235 125 220 150 233 130 158 205 189 195 200 66 127 138 89 25 91 217 126 
96 : 106 96 26 132 117 165 86 148 217 235 144 103 183 236 83 222 200 164 216 30 229 129 185 215 172 228 167 207 50 76 204 193 242 85 125 69 202 190 223 71 247 37 67 53 123 98 161 149 196 25 162 233 227 158 206 88 214 29 135 142 188 203 120 234 238 221 201 180 62 104 171 51 41 91 197 
97 : 119 26 58 158 177 134 173 29 218 189 81 198 245 107 213 99 183 224 141 233 237 169 152 226 196 246 104 125 163 243 151 130 123 137 133 238 244 234 211 214 54 170 39 45 153 229 63 37 209 178 117 31 103 83 187 72 66 139 38 105 120 62 36 78 242 92 204 89 142 
98 : 240 69 142 144 28 224 44 228 244 134 110 36 115 233 74 214 40 46 68 39 62 94 140 102 67 247 209 114 210 218 204 155 136 42 231 89 138 215 235 65 47 88 216 185 195 128 31 245 172 145 242 173 207 29 34 237 58 196 93 249 158 35 125 106 181 179 241 197 
99 : 124 59 66 115 28 80 205 102 173 122 171 96 181 55 86 213 78 103 168 91 27 223 135 34 202 162 106 
100 : 153 187 136 242 219 226 249 218 31 229 71 134 104 206 189 227 82 166 135 233 191 33 180 178 57 234 224 200 40 142 159 58 69 96 133 110 143 139 154 147 106 236 164 
101 : 78 166 135 203 209 28 229 171 35 91 200 222 106 32 113 31 159 95 206 185 249 131 181 89 123 60 119 105 109 211 103 213 145 160 157 183 140 99 201 158 70 
102 : 192 108 187 107 168 115 39 169 209 214 42 54 99 224 111 138 103 143 61 60 121 92 161 149 69 162 191 145 91 118 26 70 47 56 193 
103 : 68 145 32 139 198 169 240 35 200 107 79 222 229 96 25 134 114 70 83 80 27 177 67 66 31 74 125 191 203 112 195 106 89 232 137 126 226 119 75 212 152 244 47 128 161 29 142 73 42 183 92 72 223 140 249 149 87 144 113 88 182 194 108 109 176 246 34 82 189 
104 : 38 157 193 172 100 65 235 174 80 111 109 92 224 208 173 237 145 70 216 135 139 96 74 61 213 64 228 153 103 200 105 229 242 151 125 128 246 161 
105 : 232 196 63 29 34 154 95 78 141 210 44 163 203 160 73 129 211 54 243 94 41 50 67 84 64 226 248 106 133 31 215 161 234 157 206 86 26 223 110 58 109 143 112 225 182 193 116 137 96 136 123 91 174 237 56 155 45 222 209 97 
106 : 35 187 246 30 88 25 105 97 135 110 244 70 157 129 212 46 154 193 166 190 111 249 178 100 201 34 143 221 71 72 238 148 208 93 103 170 80 138 241 123 62 57 232 53 218 55 181 202 219 161 174 211 41 179 28 81 194 44 33 107 155 210 94 51 185 125 150 234 38 165 196 26 236 49 200 64 162 68 195 149 164 
107 : 142 65 238 119 64 36 164 146 102 170 26 206 229 61 144 248 193 172 147 157 154 189 77 215 246 
108 : 216 183 187 127 153 78 26 82 137 180 98 81 138 212 91 194 156 102 50 88 173 165 92 47 79 239 207 238 65 135 100 168 213 223 107 174 157 83 142 
109 : 132 81 25 94 161 102 167 226 131 45 235 164 249 179 184 105 108 223 221 40 61 178 56 80 32 
110 : 63 210 87 186 97 31 169 41 70 65 226 135 93 134 99 98 239 122 121 86 111 29 237 147 34 190 88 107 249 215 247 193 90 200 96 152 115 176 243 206 105 229 74 67 235 118 196 244 45 148 106 245 83 205 62 32 36 
111 : 166 154 93 214 40 56 91 141 83 201 34 167 247 180 224 33 35 244 92 80 111 120 104 234 96 199 70 136 128 188 99 118 145 90 242 95 170 112 113 75 243 76 68 61 102 165 140 88 48 191 208 227 44 173 206 73 78 47 123 106 131 200 151 190 203 85 97 196 160 217 64 121 
112 : 157 227 67 130 240 131 154 184 97 225 151 233 115 45 39 138 180 188 29 28 176 27 126 155 166 31 173 142 98 110 89 33 203 91 202 101 171 222 108 192 208 
113 : 79 121 131 66 154 112 51 99 124 195 158 82 113 177 59 242 187 181 35 238 129 38 78 111 125 96 199 80 211 221 235 
114 : 76 173 114 198 215 195 118 98 35 153 184 187 145 236 209 31 117 104 246 149 40 248 190 216 107 63 123 239 229 139 205 106 96 221 241 163 189 161 122 192 154 214 94 53 66 102 182 52 172 80 213 232 208 67 146 49 100 224 159 137 212 101 233 124 131 58 105 89 25 150 90 129 
115 : 158 74 80 207 220 114 53 177 201 90 143 75 115 140 137 25 63 26 51 64 119 52 59 217 136 197 203 95 159 231 229 196 32 232 85 41 192 173 239 163 87 112 219 100 142 181 78 175 57 193 183 213 92 108 215 242 
116 : 140 86 232 35 29 196 30 185 218 122 40 239 242 90 89 72 123 184 25 171 70 43 28 27 32 136 112 189 145 31 129 205 50 137 97 38 99 101 139 61 74 49 202 240 75 63 234 54 53 96 
117 : 69 26 75 105 140 81 29 160 161 214 58 57 197 178 101 158 125 171 155 44 85 231 132 192 191 143 181 239 74 51 41 63 38 141 135 246 208 242 180 
118 : 52 121 100 39 132 230 103 94 199 98 161 86 102 28 50 146 62 201 97 67 73 38 156 84 95 131 79 113 81 186 127 249 119 133 225 54 205 110 202 218 112 77 44 154 117 215 217 
119 : 119 114 153 93 103 86 209 159 186 36 45 111 80 244 90 169 170 71 188 220 29 149 52 96 94 231 242 122 47 194 174 212 55 191 181 75 85 110 105 152 62 248 178 192 243 
120 : 217 39 34 25 67 170 168 68 50 245 142 207 158 180 88 107 191 224 198 216 162 52 192 159 64 211 209 133 247 189 121 58 204 84 128 118 91 205 45 230 228 62 78 92 59 119 149 145 65 210 148 112 37 188 79 212 76 63 90 36 153 221 97 131 157 
121 : 184 185 126 167 111 70 155 237 129 30 219 123 125 64 216 222 197 241 233 208 141 166 202 81 99 79 119 194 130 131 196 162 67 45 100 201 145 226 92 163 56 150 179 134 246 152 159 53 124 77 231 244 91 213 33 96 26 232 190 170 211 38 217 65 74 69 193 204 245 249 73 171 230 182 135 142 116 41 42 200 110 158 
122 : 81 80 150 119 172 155 84 168 219 138 48 175 51 96 44 139 212 112 153 171 242 110 143 118 206 239 224 
123 : 149 195 188 218 30 72 186 77 153 209 198 109 34 95 122 51 136 222 107 70 154 244 249 116 78 166 35 238 112 208 187 80 143 242 29 232 
124 : 190 230 231 201 92 156 46 198 199 61 214 127 116 63 52 167 196 155 102 166 193 203 101 129 225 244 49 27 158 191 124 43 80 120 243 
125 : 113 134 151 211 221 149 225 190 112 198 164 170 100 218 200 194 109 238 204 111 116 203 169 137 139 69 135 160 33 219 65 56 98 75 55 87 29 81 165 62 227 60 177 172 174 67 90 121 66 235 185 129 30 208 88 107 126 92 91 122 39 222 216 182 184 123 105 
126 : 58 220 188 213 90 211 25 143 226 182 186 198 133 246 141 148 124 229 176 92 66 119 138 85 134 111 82 102 57 242 
127 : 62 213 32 208 228 172 91 209 179 49 156 102 175 170 178 96 40 117 66 236 211 86 112 188 138 227 
128 : 33 152 109 25 124 52 60 112 29 61 79 28 125 62 156 77 163 230 247 26 126 40 208 123 31 66 63 86 184 214 248 237 99 51 191 222 249 197 107 185 114 212 188 189 95 182 193 98 171 219 149 121 207 211 82 145 76 35 78 
129 : 31 146 143 29 90 223 194 96 75 68 41 49 28 62 138 40 208 25 154 185 115 91 218 193 77 152 239 213 27 173 132 136 135 36 220 221 228 189 192 145 197 140 126 234 236 32 106 158 195 109 199 191 211 184 155 169 206 163 61 219 
130 : 163 195 160 148 178 209 230 192 59 232 35 205 135 222 112 203 223 151 91 161 155 30 129 137 181 164 189 73 240 119 117 198 177 90 147 38 245 228 173 156 46 193 69 145 75 
131 : 108 33 96 205 112 152 235 38 28 179 95 79 192 144 91 175 30 59 217 159 142 82 92 198 113 122 196 110 136 70 118 
132 : 241 143 61 141 26 243 57 75 33 70 214 234 140 160 65 72 124 87 59 112 213 216 236 30 74 120 44 25 162 110 215 42 201 225 197 151 128 106 147 50 28 240 193 207 219 29 182 125 48 101 195 102 170 60 98 204 235 227 104 63 202 38 185 152 211 119 230 205 220 224 76 198 163 173 249 161 39 95 238 82 66 114 
133 : 78 85 25 197 113 241 91 79 55 64 248 47 34 171 167 70 168 189 69 216 89 180 125 119 115 45 145 106 231 229 141 130 198 120 196 36 77 111 164 117 134 38 37 139 243 223 201 75 218 33 61 170 161 116 90 175 203 112 126 230 242 148 159 160 76 124 107 240 101 54 155 200 217 
134 : 34 163 165 183 122 213 217 64 247 131 197 245 135 66 207 108 221 174 152 177 181 180 232 111 179 83 198 39 133 28 32 146 136 189 204 90 241 53 60 82 96 230 44 25 233 69 219 206 171 128 158 173 201 45 199 79 107 51 76 229 30 61 112 190 137 186 172 212 91 118 49 238 187 193 224 185 208 249 119 37 
135 : 109 168 75 89 241 27 165 249 153 233 184 188 150 129 26 46 59 141 180 227 45 186 217 82 147 213 71 200 135 29 225 118 32 115 140 154 40 157 116 194 125 87 177 94 160 77 120 238 78 164 208 191 74 198 197 240 65 161 219 202 110 76 123 148 149 185 
136 : 188 51 160 103 107 82 64 110 35 36 215 101 135 184 61 43 249 156 148 62 185 210 162 153 79 145 32 42 151 100 166 60 247 91 
137 : 61 68 149 63 151 216 219 55 77 91 85 161 113 51 135 188 193 194 231 114 206 46 133 242 183 29 100 217 207 226 152 27 160 189 81 212 134 39 120 111 125 156 249 213 147 107 138 158 223 169 54 28 209 174 153 201 42 178 112 93 65 173 157 122 80 97 247 220 64 214 88 126 101 
138 : 181 239 128 215 124 36 238 219 137 222 242 190 134 90 89 204 76 98 201 207 210 179 46 63 227 103 195 70 212 54 96 159 38 78 169 39 28 80 197 174 77 246 146 125 247 123 81 60 59 206 107 82 221 143 214 73 74 142 213 65 113 171 211 225 220 147 205 87 41 57 53 104 194 136 122 95 236 162 
139 : 84 130 165 70 207 145 35 116 192 40 31 216 129 174 128 221 115 237 248 178 60 62 109 243 150 169 
140 : 110 98 208 215 233 53 125 135 109 230 122 64 121 162 190 117 152 132 199 224 58 211 183 206 157 99 214 221 68 84 77 86 244 85 88 156 93 46 120 52 204 59 38 195 171 36 118 242 
141 : 194 172 61 170 57 185 201 106 133 53 101 113 237 97 91 156 235 100 204 68 60 42 228 102 109 158 74 78 139 45 198 226 145 146 30 239 144 241 121 199 134 164 75 142 174 141 147 215 25 70 208 38 154 103 128 231 245 136 63 217 234 80 110 135 33 243 43 92 47 69 67 105 
142 : 187 133 146 112 103 118 53 69 30 88 109 99 126 51 201 179 121 125 173 238 108 243 74 232 215 171 190 97 26 59 93 81 132 123 176 78 29 77 113 221 89 129 189 50 
143 : 167 178 85 214 86 63 205 132 245 159 244 217 135 225 118 177 221 240 39 55 246 207 209 107 219 37 57 202 46 181 139 184 233 50 115 70 228 119 197 89 239 84 182 241 28 101 216 238 124 125 236 112 75 79 105 99 40 117 69 153 130 147 151 229 154 97 222 58 32 42 95 25 56 41 
144 : 153 182 206 71 129 118 29 30 181 159 224 58 50 25 81 131 149 246 216 147 94 165 167 191 237 211 103 73 144 122 107 155 135 193 125 203 200 184 244 214 175 98 105 223 231 201 67 37 158 219 
145 : 50 74 129 152 173 243 28 208 217 126 77 121 70 218 112 210 202 167 153 184 175 71 212 113 42 203 188 248 241 149 98 120 102 146 114 51 88 185 127 72 131 87 56 53 249 232 95 30 170 199 122 115 
146 : 148 102 72 133 243 112 207 74 222 221 53 66 59 131 110 128 46 42 234 122 147 163 154 70 37 127 153 241 168 84 79 93 189 171 202 68 192 177 244 161 180 109 86 30 58 52 249 47 210 206 103 218 92 45 95 176 137 62 130 200 63 114 89 111 167 197 48 160 151 31 119 231 88 144 51 55 117 236 223 142 238 
147 : 149 49 94 64 214 40 220 227 209 116 113 42 173 235 185 170 196 215 184 100 237 91 144 101 30 131 58 
148 : 138 67 53 173 227 26 66 178 248 70 77 147 55 121 158 239 225 249 140 221 63 163 193 218 62 104 182 171 78 52 200 194 216 83 232 210 56 228 102 126 36 48 148 144 233 86 27 118 166 169 45 222 87 49 89 224 35 168 29 123 223 137 88 80 242 198 100 33 28 
149 : 121 42 234 220 106 132 78 29 49 56 94 206 222 202 102 85 175 233 129 95 82 109 168 169 151 124 134 209 184 63 140 135 48 224 217 28 144 98 183 105 62 25 211 81 229 138 64 31 110 50 163 46 55 53 203 159 187 162 92 90 
150 : 49 235 226 208 192 209 51 92 146 44 246 137 230 213 148 30 214 237 119 154 221 149 139 45 118 138 28 191 27 222 78 82 61 202 168 133 156 126 93 194 176 
151 : 79 63 76 156 217 140 238 104 192 52 136 164 59 47 137 159 60 112 34 244 45 53 189 179 231 234 80 149 147 
152 : 134 118 116 58 221 67 148 128 185 236 136 189 107 232 143 208 48 59 183 27 124 30 180 244 131 
153 : 170 147 210 155 201 136 41 82 175 64 109 67 40 227 134 163 86 62 146 229 212 171 116 234 115 184 
154 : 80 37 89 235 72 177 87 249 192 27 187 106 194 152 61 167 212 242 227 103 41 169 73 102 161 185 115 53 133 107 69 26 118 216 40 121 48 66 171 113 140 160 244 221 182 
155 : 213 43 128 215 169 120 104 133 232 68 101 223 86 61 226 152 193 140 194 113 33 64 65 26 121 187 201 145 185 242 174 69 224 30 88 211 216 176 246 42 60 136 200 35 85 109 208 225 203 132 39 227 210 73 190 151 36 115 153 144 171 172 195 114 147 79 32 221 170 
156 : 68 30 37 51 36 166 247 136 242 73 161 99 62 227 26 87 194 94 143 192 113 204 170 118 172 241 45 155 139 187 133 150 107 179 82 31 142 246 147 
157 : 91 97 240 139 247 122 100 123 113 67 34 168 134 30 248 158 246 72 37 212 182 96 103 187 51 29 194 222 44 46 237 201 
158 : 168 150 40 214 78 175 238 236 199 34 243 204 195 241 209 93 156 54 138 163 39 213 81 145 63 91 98 106 86 55 92 137 200 229 167 210 142 85 58 249 231 68 189 197 66 242 110 51 105 112 
159 : 102 85 241 163 26 131 234 147 29 178 115 152 91 150 162 96 164 207 138 44 227 238 211 25 56 79 86 108 71 184 161 117 33 157 141 81 243 75 169 186 222 30 105 43 40 191 36 97 84 57 230 42 127 194 111 
160 : 235 73 220 239 47 98 200 241 243 126 81 116 119 35 109 147 55 154 230 56 57 36 87 25 65 137 128 131 95 123 75 61 204 191 66 89 232 76 118 79 100 133 199 88 231 221 113 185 192 228 37 184 170 186 59 68 158 209 85 86 213 71 242 176 171 196 69 162 45 207 28 177 198 110 41 84 165 152 30 
161 : 230 137 37 171 43 199 96 152 193 212 178 184 41 202 53 161 74 245 190 235 211 222 242 91 88 162 127 158 249 128 77 141 80 85 223 38 49 122 87 94 103 78 99 116 172 182 48 
162 : 81 46 32 71 199 168 240 43 234 153 72 160 57 231 30 210 117 164 249 76 31 150 208 247 105 165 178 27 112 133 218 143 114 215 108 48 25 125 79 67 149 172 228 78 106 99 28 121 37 238 82 90 181 51 109 70 130 49 39 193 110 201 86 156 89 74 116 61 132 219 92 34 232 144 159 124 206 
163 : 130 69 97 49 147 122 121 48 25 243 112 70 53 39 88 56 213 182 202 140 143 189 101 221 236 150 159 58 117 63 181 190 78 54 92 247 170 192 110 127 210 125 82 81 224 164 84 65 156 184 220 107 180 211 100 194 102 33 240 231 145 185 
164 : 210 51 74 73 141 212 227 102 91 199 106 234 205 136 95 64 53 27 128 179 202 139 58 246 113 26 138 115 78 59 157 35 156 164 195 238 107 173 83 181 133 249 97 48 216 208 154 223 96 56 112 47 170 221 150 159 161 33 66 192 40 99 222 230 193 245 30 52 123 197 121 217 219 69 224 
165 : 177 34 241 189 243 197 104 149 152 128 154 52 59 238 95 137 155 85 101 235 160 204 38 163 136 232 227 141 90 111 156 202 39 208 94 116 195 230 223 43 187 193 49 68 164 247 63 237 80 75 67 105 55 165 72 36 
166 : 195 27 115 86 122 114 173 96 126 239 78 120 111 181 184 77 171 84 157 208 231 87 136 42 119 191 34 29 170 233 137 85 102 238 211 228 146 104 237 32 221 147 62 154 
167 : 52 119 208 247 88 53 109 144 60 122 205 130 61 34 106 63 146 90 62 137 231 126 57 148 101 51 27 39 95 180 73 103 32 121 49 141 215 
168 : 233 114 181 241 242 121 116 139 247 157 106 36 189 199 208 220 113 168 94 211 141 143 57 115 183 49 207 98 70 104 222 146 72 176 215 29 41 163 27 37 223 91 133 186 197 93 172 131 111 180 85 200 206 80 165 210 73 246 179 177 214 66 245 238 166 
169 : 219 37 44 40 73 105 170 83 62 158 112 142 247 242 143 136 121 66 160 114 145 70 196 69 133 167 52 144 88 148 81 25 195 120 42 207 200 184 104 39 76 75 234 153 227 87 127 101 131 116 240 86 99 139 215 80 45 78 53 72 204 221 188 212 32 176 63 228 108 95 218 151 102 106 249 177 94 79 64 
170 : 179 138 42 122 155 27 215 207 149 199 174 205 194 85 142 38 181 88 212 210 184 43 178 60 126 125 35 71 34 151 93 121 139 201 69 224 195 135 231 225 47 192 
171 : 169 34 26 151 103 94 96 148 212 206 181 185 44 175 36 192 184 138 140 152 123 142 214 82 50 225 224 31 158 233 160 134 180 75 171 170 228 87 98 249 230 29 102 146 235 25 205 91 128 217 165 215 196 157 197 115 144 125 73 182 
172 : 227 237 205 173 168 241 110 238 127 235 180 96 125 194 150 231 233 120 146 58 70 204 83 88 138 44 54 236 172 143 98 154 176 64 89 221 159 247 73 27 66 139 179 91 52 34 36 242 118 155 93 156 
173 : 214 224 34 97 73 178 237 205 156 246 143 183 190 184 197 176 111 193 49 247 27 80 134 36 94 81 171 72 161 163 244 187 217 
174 : 128 143 127 166 115 148 95 136 87 140 70 181 216 146 54 89 163 180 135 193 238 194 126 241 205 204 96 145 72 242 125 144 156 35 61 171 49 120 118 215 41 44 63 224 56 184 186 160 152 196 154 221 153 248 185 25 195 52 117 240 94 28 78 68 64 104 137 
175 : 114 93 74 130 58 45 100 116 156 210 243 88 168 42 188 230 150 195 41 147 197 126 201 231 140 213 84 181 135 198 127 99 104 212 232 
176 : 153 134 172 135 139 152 141 57 245 171 179 138 136 195 207 155 49 115 51 150 144 92 164 234 215 39 161 183 227 114 189 128 46 33 145 154 121 165 
177 : 195 249 220 127 74 81 198 96 177 52 70 85 200 113 31 143 238 97 121 205 178 47 26 246 229 80 69 236 240 63 140 45 160 210 72 189 227 78 244 35 29 212 30 43 67 40 76 27 37 89 60 214 234 134 206 226 197 92 180 153 222 59 117 225 109 228 161 55 49 41 158 216 201 131 98 139 207 151 93 137 188 154 
178 : 209 136 28 221 126 62 240 234 213 115 127 156 212 64 49 50 48 31 151 226 152 244 81 46 35 164 215 60 144 141 105 222 61 162 248 192 206 93 125 243 201 138 230 200 236 58 39 188 142 199 131 55 111 80 219 119 69 89 224 233 43 
179 : 64 153 164 86 246 108 236 163 33 185 85 80 240 208 158 214 133 176 188 177 213 127 241 165 47 44 73 212 31 54 103 61 145 160 183 50 35 
180 : 168 235 232 249 242 96 155 180 47 198 201 245 193 120 40 190 115 219 72 108 149 157 153 55 141 68 44 145 152 27 38 
181 : 116 63 90 242 25 74 55 65 119 125 156 66 150 132 94 179 73 103 114 173 57 236 67 224 154 81 207 240 
182 : 148 65 208 58 219 205 224 238 103 192 61 231 71 40 141 154 185 198 226 135 232 49 109 212 57 112 117 126 248 161 223 105 54 39 215 69 89 77 164 190 222 181 51 187 160 209 151 35 210 36 249 52 233 225 172 76 28 184 93 173 130 146 199 
183 : 85 77 180 44 62 172 222 65 86 113 84 235 53 59 239 37 161 144 185 72 188 242 191 234 66 134 244 69 123 226 203 105 58 61 81 41 201 165 138 71 236 128 50 230 97 49 210 67 94 174 237 177 214 78 137 247 45 89 175 215 33 166 104 163 
184 : 207 211 195 133 116 124 132 229 36 164 232 145 156 118 221 216 149 83 96 121 51 57 215 169 224 134 159 246 237 66 90 194 143 62 69 177 238 222 109 198 203 140 146 204 151 201 235 209 86 37 176 78 99 42 186 113 234 147 230 228 43 111 175 163 168 137 72 142 95 202 40 218 27 185 131 188 
185 : 224 40 227 117 171 179 78 141 77 237 200 130 91 59 68 230 128 41 163 175 213 248 102 55 104 53 34 153 86 126 113 132 101 106 131 162 67 37 164 151 219 225 226 215 75 81 120 72 184 45 245 241 38 129 208 111 74 123 235 
186 : 246 62 56 84 125 137 224 143 208 232 190 115 217 237 148 27 196 88 160 164 233 54 183 79 77 86 50 76 123 90 172 103 108 37 112 163 31 144 30 134 179 51 34 136 74 151 45 43 212 247 132 130 83 80 135 167 223 124 147 131 230 91 241 69 53 111 133 180 200 231 142 28 152 33 146 
187 : 170 241 144 133 47 198 73 249 227 190 54 86 67 80 69 151 165 53 231 117 149 222 189 214 100 139 187 76 79 132 97 58 119 156 207 221 124 194 148 201 177 217 142 61 130 169 37 116 145 29 238 185 27 43 172 57 87 106 32 103 118 82 98 137 34 167 199 173 75 184 162 213 206 
188 : 91 144 106 128 118 155 134 139 141 245 217 161 66 232 246 35 114 121 158 160 110 179 26 230 209 135 52 107 85 39 214 64 151 140 60 38 92 69 224 81 239 100 172 178 102 240 186 159 133 96 187 219 238 103 226 108 31 
189 : 233 28 125 191 248 93 53 117 48 94 240 189 174 192 69 239 100 139 237 149 157 144 175 26 39 121 155 126 45 106 241 204 200 43 29 136 49 162 72 138 47 70 202 107 36 164 128 145 63 111 235 238 75 81 225 153 151 182 143 31 211 247 160 220 87 102 71 103 44 46 
190 : 124 243 122 130 208 75 205 198 192 62 230 31 26 39 246 138 79 187 102 142 51 46 98 149 37 123 104 
191 : 171 144 110 100 114 25 41 91 212 235 71 48 119 197 31 69 58 222 192 165 196 228 137 47 145 191 
192 : 203 82 195 125 26 248 244 124 243 179 25 239 100 74 206 115 67 107 128 99 59 86 146 113 173 169 241 122 219 207 94 233 144 230 46 84 27 29 188 246 135 134 110 69 37 44 120 87 224 104 112 43 85 171 186 114 198 30 
193 : 241 83 70 133 86 169 26 80 184 188 78 185 161 42 195 143 132 210 242 243 115 61 77 46 125 239 192 85 52 84 27 79 145 157 158 107 63 180 208 186 105 137 55 25 87 215 194 57 175 37 219 43 34 173 66 228 246 196 136 230 214 106 126 117 245 142 226 41 190 217 171 130 200 92 151 51 
194 : 218 121 142 136 247 231 134 149 159 117 143 189 144 100 196 133 131 203 225 168 232 116 79 166 151 175 248 122 238 249 209 239 111 192 241 184 85 132 90 106 87 207 245 164 210 127 187 118 84 157 115 97 162 199 244 215 57 148 213 105 158 37 48 140 
195 : 180 242 59 87 245 218 187 73 116 62 155 196 52 146 43 172 224 217 41 234 99 144 209 44 140 179 220 89 222 122 74 100 189 113 126 61 246 129 117 232 166 56 233 174 104 248 55 132 32 199 216 225 201 229 98 84 161 
196 : 104 34 231 69 181 60 158 226 123 138 63 223 190 200 96 56 54 73 134 239 25 103 100 98 48 191 27 128 135 208 247 198 94 33 183 83 234 111 101 240 106 113 68 178 150 132 147 212 211 151 53 122 210 77 45 29 121 171 245 72 
197 : 206 52 171 248 98 28 179 166 147 85 112 194 215 103 29 118 182 128 162 37 61 150 197 212 190 143 160 41 201 93 183 231 48 50 203 135 242 246 223 186 218 238 202 247 211 152 123 77 204 208 59 89 145 117 
198 : 159 217 160 43 81 61 114 247 50 37 83 204 113 60 94 86 148 162 137 241 183 51 203 221 171 110 26 118 245 218 79 167 246 165 123 111 216 103 109 49 249 139 198 138 128 98 145 45 226 213 92 207 69 151 32 214 131 
199 : 163 104 96 87 142 34 69 27 193 192 237 221 156 168 82 164 180 240 53 124 201 80 148 231 105 52 183 131 138 83 187 85 58 121 214 107 99 144 65 172 205 68 30 200 110 128 178 38 77 246 247 
200 : 91 184 58 130 126 191 33 160 211 193 140 152 207 233 206 34 69 174 45 30 75 28 124 199 134 200 115 73 227 187 82 25 125 72 113 36 104 241 213 105 201 247 238 44 57 194 179 195 60 74 234 192 170 
201 : 203 182 187 108 218 111 212 29 107 86 67 50 78 63 54 215 147 221 35 114 149 65 189 52 200 74 109 112 60 174 131 235 122 232 126 44 238 137 192 51 127 
202 : 100 245 192 26 186 206 135 227 62 201 202 229 165 137 181 87 191 189 232 104 97 175 133 58 185 123 169 45 194 95 179 161 176 51 228 210 38 162 216 44 27 86 233 75 187 65 69 219 63 126 129 142 84 132 225 35 158 153 116 32 166 172 127 79 156 236 177 
203 : 97 74 56 177 103 70 223 69 35 149 213 218 65 133 210 219 46 208 245 122 168 169 136 179 134 84 167 170 76 234 191 88 131 152 246 83 156 42 105 247 220 163 55 228 194 235 206 96 29 31 181 60 207 98 205 240 66 81 47 232 184 180 153 53 114 187 52 63 197 198 58 233 123 222 111 33 
204 : 41 129 230 84 196 189 112 28 203 139 229 231 126 106 208 187 218 34 64 133 146 205 121 170 175 123 60 122 91 88 237 168 118 217 174 235 76 96 233 120 188 183 80 108 193 201 145 158 244 249 
205 : 55 61 144 38 194 39 162 151 212 42 116 240 231 234 208 159 115 113 185 215 222 177 125 158 146 165 154 182 244 69 112 175 145 209 98 161 148 63 110 207 34 152 133 238 224 181 137 211 150 153 199 81 54 237 143 202 176 92 78 72 82 136 96 48 
206 : 160 168 180 37 93 71 234 242 146 199 118 55 138 81 157 26 66 202 133 143 179 124 119 228 184 204 57 113 244 91 129 123 248 188 220 68 229 224 51 246 35 112 83 105 107 212 121 140 54 89 137 132 170 115 111 60 164 80 185 243 103 75 100 217 131 41 53 32 
207 : 159 238 49 169 197 106 88 230 200 226 123 93 195 104 127 201 59 135 47 186 58 245 148 192 32 236 142 125 164 71 46 156 224 43 114 78 219 101 35 95 209 36 126 121 145 99 27 172 193 
208 : 91 219 220 30 35 80 165 173 206 171 235 205 56 69 111 246 122 66 190 151 110 49 41 129 245 140 181 208 155 94 217 201 211 104 75 207 184 229 152 132 48 169 196 146 44 88 167 109 
209 : 228 214 219 81 39 222 61 154 144 159 150 190 235 106 28 244 206 60 223 189 182 230 181 125 71 216 27 232 147 25 234 191 38 114 153 139 49 227 179 98 218 178 127 135 148 91 157 134 196 97 162 149 173 65 221 145 236 117 89 47 110 108 183 237 229 111 202 53 141 249 109 46 
210 : 84 189 55 183 102 205 86 35 227 116 91 192 26 57 122 157 28 97 240 146 236 29 72 32 140 96 225 248 152 175 203 89 124 138 178 135 95 36 52 170 73 190 159 179 46 241 181 119 44 77 75 118 33 64 235 42 165 80 187 121 144 201 65 220 74 43 150 132 193 27 200 211 166 134 51 113 112 126 
211 : 177 218 126 134 228 25 67 71 101 151 176 82 167 29 227 76 91 222 213 96 122 184 193 90 198 155 127 85 156 140 146 153 106 199 225 164 52 46 124 168 178 215 48 133 131 54 160 183 112 162 63 161 233 32 190 231 163 181 109 138 128 113 83 33 93 56 
212 : 124 153 88 240 154 207 122 99 237 150 179 247 102 167 144 201 157 226 187 223 190 132 173 38 100 27 57 170 123 48 53 248 234 220 216 34 86 195 180 36 101 192 138 204 107 218 35 189 41 171 114 212 178 235 164 231 85 155 
213 : 242 122 32 192 236 28 139 142 237 123 193 47 69 102 144 171 204 135 211 170 107 97 34 103 78 90 191 45 84 222 153 87 203 184 238 183 244 220 43 38 164 188 88 
214 : 197 105 159 245 63 215 26 165 125 224 230 198 108 225 142 109 74 249 239 55 65 61 234 123 231 83 202 248 41 127 237 40 69 182 195 45 35 44 177 236 205 111 42 132 208 153 
215 : 138 177 49 117 101 132 151 192 209 112 104 72 163 217 54 159 28 175 245 122 57 74 189 40 111 63 87 201 127 
216 : 119 40 115 76 156 60 243 169 234 110 109 87 242 226 176 195 218 31 196 52 179 108 212 90 171 135 163 103 227 84 44 170 197 101 148 97 79 205 180 29 233 139 151 94 127 55 49 77 192 146 111 172 63 132 203 122 98 199 189 34 82 47 46 193 198 65 136 206 26 217 92 208 25 235 
217 : 206 145 150 143 169 166 189 126 190 178 100 117 236 104 55 233 242 219 195 25 91 174 243 199 115 68 247 63 230 144 244 101 228 98 168 216 130 107 34 220 148 129 185 81 186 170 82 153 26 221 89 122 139 28 248 179 32 197 182 116 108 196 131 94 105 201 192 234 
218 : 231 237 91 151 75 125 82 166 57 181 36 149 113 175 148 40 116 233 178 44 131 204 135 39 167 61 70 52 177 244 94 106 109 239 
219 : 172 28 68 109 41 84 76 115 140 87 95 208 180 187 232 52 88 166 46 210 116 186 179 136 185 235 190 29 126 78 164 237 92 77 26 195 243 201 206 
220 : 91 93 181 231 75 87 51 213 55 169 103 156 112 149 232 219 71 121 182 223 210 195 79 86 80 134 212 233 164 155 123 90 99 
221 : 40 217 182 169 234 212 138 30 92 143 42 193 198 63 246 155 136 179 27 122 230 100 49 132 186 144 177 102 213 208 31 148 174 28 223 66 150 140 189 206 101 98 126 181 54 87 
222 : 111 202 26 209 178 61 92 242 133 116 59 213 98 119 190 188 35 155 234 123 86 232 223 225 136 218 204 175 51 245 126 162 166 81 174 135 118 239 130 113 80 40 108 196 247 63 54 200 216 60 122 151 
223 : 168 90 127 193 136 45 76 55 179 153 187 25 171 165 119 208 173 99 134 146 249 94 141 189 81 139 34 129 
224 : 188 208 169 105 178 41 209 152 75 193 153 36 26 127 89 46 214 216 91 159 142 118 39 192 207 45 112 191 232 33 190 43 157 222 30 199 80 106 195 185 212 175 65 51 173 133 129 101 72 76 162 59 132 164 97 146 210 63 249 70 66 131 117 149 111 144 204 116 196 240 99 171 113 55 236 140 40 82 109 138 227 
225 : 183 181 141 206 73 45 120 143 134 236 224 177 234 96 199 60 185 149 126 118 130 155 92 189 31 76 108 187 40 138 61 105 114 223 207 142 
226 : 131 191 61 221 171 234 34 134 96 153 200 217 144 241 95 100 164 228 172 50 40 165 154 159 229 205 151 206 27 133 45 249 73 33 127 51 223 187 70 121 87 105 196 175 37 244 248 208 150 126 220 
227 : 83 92 52 170 55 198 215 123 175 77 26 139 114 116 137 184 247 31 107 124 38 186 191 231 243 51 185 131 244 90 176 177 169 242 117 216 228 105 181 220 225 71 108 66 133 140 207 57 67 154 130 219 113 174 190 214 245 179 143 81 122 69 158 
228 : 106 184 156 194 139 66 167 202 154 90 138 206 128 241 107 52 173 69 179 87 35 175 97 86 217 33 58 146 170 157 221 46 192 229 73 57 222 131 171 230 31 30 40 152 
229 : 67 53 137 79 180 200 198 234 181 58 188 112 83 203 171 150 146 89 107 167 172 149 66 241 64 183 45 141 163 69 106 43 46 151 35 247 63 221 59 214 143 88 202 160 65 
230 : 49 62 205 195 37 169 191 34 224 178 122 86 64 89 132 208 136 97 198 102 228 124 105 58 48 42 168 154 120 177 65 93 144 175 114 131 214 233 35 28 52 111 30 63 230 192 121 235 197 138 119 90 39 31 116 126 193 231 239 181 127 183 83 84 232 101 203 142 
231 : 95 141 168 48 119 247 164 231 47 50 49 27 216 121 123 174 84 219 221 116 159 115 178 66 142 68 169 188 210 133 207 122 26 108 103 241 77 69 128 181 
232 : 222 35 190 121 126 65 135 26 243 169 207 134 161 192 194 31 42 185 197 153 236 166 67 120 61 98 30 
233 : 176 96 75 29 235 221 162 68 192 174 101 167 104 36 132 200 74 34 50 65 59 224 212 82 205 49 170 109 37 137 93 222 40 172 185 247 182 164 76 201 31 213 206 248 231 195 243 55 44 140 157 146 245 35 114 67 208 80 117 26 187 54 199 136 152 241 
234 : 50 107 192 171 95 72 165 244 127 92 196 123 45 179 167 122 80 221 110 214 113 58 248 229 67 129 29 62 36 219 112 93 106 160 135 218 39 57 116 51 98 144 105 201 178 249 103 223 183 25 220 96 222 75 
235 : 179 104 169 230 219 221 74 70 72 131 68 76 65 63 138 154 142 33 25 81 112 192 124 156 181 201 155 158 71 37 167 249 105 133 132 61 111 248 136 182 32 51 
236 : 177 114 87 150 54 229 205 226 208 166 196 110 124 202 43 41 55 72 148 152 222 46 64 168 193 135 61 31 178 60 195 194 238 169 236 127 223 52 133 104 140 129 98 121 176 25 181 106 164 137 228 103 81 44 237 225 102 65 167 56 107 188 245 69 50 138 207 190 130 136 210 113 94 144 70 163 122 232 162 247 74 139 
237 : 225 63 25 156 180 94 37 185 96 50 241 111 138 217 218 175 92 88 128 183 198 115 248 97 136 133 129 147 75 71 229 132 190 247 186 182 213 244 142 56 73 
238 : 220 132 228 75 214 95 183 141 53 84 109 78 50 36 131 72 160 114 153 154 197 111 233 25 60 187 192 157 63 122 33 83 105 55 74 158 200 166 126 170 221 104 136 113 184 34 123 199 133 219 40 162 59 110 79 139 218 189 124 97 76 169 240 241 175 249 222 42 48 247 29 54 112 35 
239 : 101 105 128 222 111 226 116 135 172 86 92 107 148 87 241 146 245 96 183 187 28 45 192 30 190 166 60 219 191 93 84 125 152 113 193 90 115 67 76 218 54 42 68 98 141 122 53 34 123 57 206 248 169 236 197 208 186 225 160 153 155 117 121 97 137 66 171 181 47 144 229 72 178 138 162 44 159 95 37 221 158 
240 : 214 150 59 126 84 218 141 102 76 205 225 170 25 173 100 201 80 229 212 227 79 166 224 40 200 
241 : 42 215 231 125 167 188 35 113 182 33 134 238 202 221 237 200 156 51 66 67 36 137 216 166 130 233 101 186 155 53 206 246 185 149 174 129 32 100 94 207 229 240 175 141 108 95 76 43 103 146 72 64 107 154 193 217 
242 : 116 29 158 140 75 184 105 224 123 226 234 186 40 197 90 73 85 83 91 88 180 36 114 134 70 100 150 171 63 57 68 130 216 84 199 109 139 244 142 124 218 243 62 246 198 96 249 190 223 89 217 50 98 191 115 54 201 118 92 200 159 188 117 
243 : 227 105 33 183 112 94 143 169 118 172 231 135 210 29 81 184 93 217 185 54 84 40 126 52 139 86 216 192 195 32 168 87 132 225 233 213 85 180 113 236 114 243 25 235 247 68 98 95 244 104 50 144 221 146 214 136 249 151 106 194 239 166 234 119 92 27 160 138 116 212 176 241 232 75 147 73 83 179 
244 : 163 113 65 72 60 204 206 214 169 90 67 138 117 231 220 33 217 233 225 153 160 230 52 109 246 199 62 219 42 158 211 191 30 238 91 186 128 115 175 58 185 133 198 212 192 107 235 57 195 93 108 51 120 242 55 44 
245 : 79 45 43 61 190 148 124 36 85 168 37 182 52 232 91 229 128 40 150 177 179 158 171 219 245 135 165 191 178 248 25 27 117 243 235 71 102 187 155 226 127 225 140 34 94 86 90 103 74 161 249 28 78 212 242 176 138 184 118 62 
