0 : 227 185 125 198 29 84 34 224 73 161 83 239 228 68 234 186 131 54 189 204 80 104 233 197 242 206 142 71 63 26 149 74 179 81 38 85 141 132 237 44 244 58 167 36 192 35 111 31 188 199 181 42 
1 : 80 214 107 43 164 144 219 175 98 223 116 91 29 28 134 211 76 25 233 112 34 133 154 165 188 54 204 121 215 240 120 53 46 38 117 227 228 166 58 213 148 49 
2 : 247 116 169 231 151 157 97 92 212 172 214 190 70 111 194 226 177 230 227 139 198 216 148 150 71 
3 : 187 159 236 227 171 106 100 37 132 165 156 68 25 65 224 169 139 172 63 226 82 155 110 76 182 87 151 58 31 98 195 240 136 94 55 247 127 133 101 42 30 43 54 135 146 213 220 154 189 150 234 184 198 71 245 145 49 27 204 34 160 96 193 41 168 112 32 166 200 207 114 118 173 95 85 188 92 57 143 157 84 148 90 
4 : 207 200 214 229 156 53 91 155 54 118 112 128 94 235 108 187 83 78 232 44 52 63 27 189 42 73 135 70 185 41 99 159 173 66 58 146 161 34 190 244 90 222 61 131 25 100 71 56 220 191 184 123 67 225 37 176 174 157 59 169 32 80 240 
5 : 144 171 156 215 41 107 110 160 192 42 61 103 173 91 70 135 163 113 129 28 200 46 244 94 32 127 140 114 77 116 198 187 165 247 168 68 179 117 228 190 249 235 218 92 229 40 162 63 111 176 109 118 134 225 88 159 52 98 53 38 131 164 232 83 153 115 36 124 122 125 95 185 48 57 60 147 234 59 201 87 119 183 31 212 99 
6 : 51 53 246 167 38 206 41 42 137 219 56 217 122 48 183 173 88 66 80 148 64 113 187 140 185 94 120 136 218 144 114 46 178 108 
7 : 181 86 199 140 172 240 30 104 246 189 243 44 198 70 147 220 217 120 99 45 174 209 176 42 80 230 123 233 167 130 58 106 242 134 32 184 119 158 236 33 34 100 137 40 226 163 228 241 96 152 159 207 110 149 113 48 126 93 118 160 238 121 73 83 105 
8 : 160 53 143 230 97 185 135 79 199 243 161 40 249 164 196 113 95 127 75 93 223 71 39 153 167 119 187 117 92 169 158 74 125 171 126 32 231 82 130 236 172 27 218 131 229 123 180 177 200 55 88 191 140 99 63 106 
9 : 74 175 107 88 25 226 183 159 33 128 80 43 57 135 247 44 170 194 108 40 120 228 140 197 117 242 51 222 234 246 77 141 240 205 37 105 93 82 87 193 84 220 69 203 64 186 85 124 98 223 157 142 103 54 67 
10 : 217 231 165 139 160 64 192 117 85 243 156 97 182 28 103 115 94 41 132 221 129 26 81 151 50 153 51 33 177 128 224 60 40 190 25 84 69 147 106 194 242 145 127 114 65 68 71 188 53 42 159 99 214 234 187 155 93 90 200 157 225 86 215 164 178 227 74 197 189 216 91 80 77 
11 : 194 231 104 136 142 217 124 200 222 232 176 99 246 196 106 38 193 129 101 187 94 37 233 123 53 125 228 221 33 107 234 84 205 216 117 63 167 178 191 127 29 43 25 72 156 223 144 114 27 154 174 161 177 162 112 
12 : 42 204 208 167 189 139 49 135 107 156 179 203 192 242 165 202 48 86 171 126 201 95 188 133 79 59 99 
13 : 162 54 244 167 45 34 57 40 157 184 131 151 60 35 101 245 175 110 71 143 204 243 87 86 79 142 132 33 84 122 164 156 46 209 85 248 94 217 39 68 105 158 231 183 216 51 102 246 58 30 192 76 213 99 130 180 62 196 221 44 208 29 124 176 28 72 
14 : 93 105 174 110 205 99 95 62 163 209 201 184 53 204 98 112 165 88 137 200 147 66 235 173 133 197 145 151 108 115 243 51 128 123 143 199 42 219 65 103 149 176 85 32 241 91 113 118 206 167 52 196 150 210 135 
15 : 222 240 177 44 31 106 207 147 174 155 71 49 162 159 47 32 72 74 97 95 53 58 176 189 55 163 33 27 83 122 198 128 29 196 238 219 115 65 217 127 123 84 158 195 149 103 88 104 143 247 38 79 236 221 185 186 85 172 179 59 212 204 45 69 116 120 142 228 234 137 119 37 25 154 98 202 73 230 182 242 150 225 197 40 208 
16 : 111 180 164 62 65 81 92 235 133 69 146 137 134 229 234 78 126 108 77 58 53 89 135 113 140 166 131 29 94 178 49 246 39 159 34 121 153 37 181 139 26 145 28 233 85 90 217 214 35 76 25 243 125 56 
17 : 124 36 246 129 141 118 35 169 156 217 186 71 106 138 67 216 25 29 170 144 241 125 173 190 56 131 114 149 168 33 107 215 94 187 140 167 50 64 172 180 192 199 137 49 27 86 91 237 227 221 210 62 61 164 108 154 101 103 87 245 182 174 142 54 51 228 82 38 65 47 203 191 145 90 88 236 238 184 121 28 197 30 205 231 202 200 160 73 234 239 109 112 139 53 
18 : 55 104 68 120 82 83 212 205 237 77 119 85 56 106 234 219 114 154 214 183 112 199 191 168 43 29 33 132 47 230 190 121 95 248 152 39 133 38 163 44 98 61 109 167 231 115 142 134 111 28 153 244 125 37 86 179 94 155 73 30 107 210 63 200 173 243 89 130 203 188 49 50 198 
19 : 189 243 123 226 238 217 57 115 135 47 222 125 116 232 120 119 29 70 64 54 172 228 80 136 129 127 185 220 184 82 
20 : 209 174 58 142 233 129 97 112 60 118 165 244 170 81 214 125 133 38 72 31 127 220 208 239 148 157 98 51 202 95 144 56 178 36 198 42 132 226 35 191 52 171 54 53 
21 : 128 196 61 199 49 101 205 53 135 103 46 186 223 188 105 224 210 81 100 142 37 219 247 50 155 241 54 118 111 246 208 248 169 249 156 150 44 119 230 148 139 117 171 181 172 231 72 52 126 55 242 152 177 31 114 110 222 124 182 243 158 35 221 191 79 147 149 176 123 60 236 76 212 74 238 190 83 233 225 163 36 97 134 209 107 129 166 25 43 146 151 130 164 41 227 
22 : 49 204 202 174 158 210 142 220 110 193 170 159 27 150 58 194 52 244 180 95 47 67 57 160 208 240 245 125 178 181 215 126 156 203 171 163 218 243 29 169 153 185 141 225 149 94 211 33 36 232 97 226 117 216 173 90 88 247 189 50 151 182 222 81 191 
23 : 133 89 114 147 222 167 173 117 115 195 113 54 179 224 138 134 135 146 45 176 171 246 157 74 242 47 237 236 248 155 52 127 79 240 181 216 163 229 211 172 87 72 188 213 128 94 165 84 241 93 187 
24 : 202 172 137 133 79 205 57 239 128 209 170 166 97 106 216 87 136 177 218 158 231 118 100 65 117 77 104 175 114 74 246 247 157 153 84 69 162 154 244 67 105 27 182 66 227 116 111 197 34 129 248 230 91 156 121 211 40 191 223 48 195 135 169 
25 : 200 211 112 34 206 166 100 188 135 60 32 37 205 29 47 78 161 43 169 144 222 213 136 198 87 86 207 51 202 
26 : 41 158 215 81 29 139 32 213 31 61 40 235 206 220 43 57 54 223 144 185 118 99 236 151 133 103 77 80 128 216 201 46 26 82 107 111 239 205 91 159 131 60 177 52 203 124 56 63 116 157 108 72 146 199 93 132 192 34 115 120 109 164 228 161 100 113 163 69 119 182 193 178 71 160 232 112 
27 : 91 43 214 171 40 199 227 26 231 178 242 248 217 82 237 201 157 151 189 190 133 236 153 122 116 218 179 56 67 164 48 134 170 165 239 204 46 85 226 219 25 79 88 180 100 174 83 50 99 
28 : 172 142 216 78 41 79 44 199 239 191 145 108 184 130 62 201 42 141 226 72 27 210 45 221 150 151 28 69 183 176 38 174 218 71 186 220 212 143 106 125 160 80 215 61 119 171 177 153 152 178 192 33 146 82 93 157 217 235 175 88 65 207 81 104 166 105 167 247 89 25 209 228 243 48 147 63 55 189 161 173 117 66 91 32 36 194 
29 : 172 176 29 79 227 82 126 43 169 117 75 140 56 134 219 213 105 167 136 104 220 60 48 92 65 123 39 237 241 183 41 197 228 88 50 128 187 196 229 181 223 156 242 239 190 120 182 204 236 163 149 143 188 244 28 215 168 124 121 162 226 150 246 158 130 103 100 115 174 59 95 139 231 151 191 62 73 211 89 142 
30 : 157 112 173 61 228 169 85 54 245 147 65 82 55 165 222 207 44 164 90 130 29 138 197 67 38 227 33 68 41 48 88 152 77 78 184 93 148 193 114 103 185 80 219 142 229 188 163 
31 : 149 30 136 191 210 122 185 189 59 119 74 216 212 123 44 196 37 103 182 76 96 222 150 231 172 166 63 229 71 29 249 102 127 108 232 109 83 239 192 208 164 55 86 124 248 244 99 205 34 35 77 209 36 207 200 121 91 188 145 126 49 
32 : 125 31 179 120 30 203 106 43 193 74 227 143 145 170 88 77 154 180 34 231 191 149 223 222 134 
33 : 216 199 132 162 161 85 234 248 164 126 32 169 180 71 176 78 170 136 144 113 96 36 217 35 86 121 225 93 114 118 238 188 80 197 179 135 184 72 84 73 178 68 156 75 25 45 152 190 173 230 31 76 140 208 222 127 
34 : 239 36 188 33 126 215 171 176 107 43 106 173 153 202 87 104 249 220 177 187 29 240 121 31 127 185 229 246 241 123 201 248 218 131 63 65 48 41 26 56 154 197 231 204 232 140 209 77 149 172 105 190 60 125 88 82 51 124 116 115 216 99 174 95 28 130 245 92 141 62 46 136 132 222 53 97 34 135 226 194 90 139 71 76 55 91 122 
35 : 118 117 170 245 52 56 235 201 222 93 213 244 91 64 164 134 41 47 98 138 100 182 143 227 89 168 132 105 122 129 103 157 199 151 48 194 33 148 176 215 65 203 249 57 228 218 219 69 238 38 86 240 247 123 45 234 153 167 77 158 141 180 80 101 211 178 246 111 60 224 241 66 230 210 214 237 171 155 145 71 236 
36 : 188 121 199 162 153 215 128 79 115 191 84 42 142 124 154 218 244 59 181 182 129 68 157 78 130 214 179 30 233 209 39 212 230 224 48 
37 : 185 25 127 154 80 248 125 89 48 111 237 44 128 98 167 210 191 97 104 93 112 47 76 103 95 79 74 90 57 142 43 118 194 209 193 54 138 216 220 157 28 96 123 106 249 215 181 202 
38 : 77 154 228 127 98 74 38 51 65 59 224 36 161 177 84 58 117 112 171 184 190 186 229 248 234 94 235 68 54 206 183 49 166 47 157 153 91 131 147 187 223 75 116 87 109 43 134 108 73 217 225 244 207 214 33 114 179 32 247 105 35 66 121 102 232 85 31 45 193 208 76 
39 : 71 93 157 81 173 40 241 218 188 205 64 107 235 99 147 213 224 195 31 130 32 118 164 168 92 236 198 55 186 87 72 156 
40 : 71 186 50 243 205 125 114 145 109 110 63 26 152 54 57 136 113 240 99 103 122 171 98 35 236 90 207 44 75 162 241 104 94 66 77 28 118 224 177 172 176 48 40 116 156 169 215 33 131 82 203 68 164 202 155 229 124 190 154 25 180 188 95 56 30 217 119 79 137 
41 : 188 209 157 178 43 33 27 121 94 152 69 159 134 104 125 245 118 143 50 77 115 197 63 45 109 82 110 53 234 100 183 187 67 241 59 87 74 213 215 149 89 92 113 172 243 176 218 39 246 119 
42 : 192 59 63 146 33 78 76 111 229 122 53 214 88 189 52 113 95 101 182 225 191 85 36 226 156 40 81 177 79 228 69 37 166 118 108 202 203 147 164 165 65 102 58 70 246 136 120 212 121 30 124 132 248 77 152 99 249 32 176 49 34 199 170 140 181 35 160 100 220 169 62 145 205 247 187 93 126 117 154 128 198 137 43 50 184 237 115 97 68 41 159 133 188 109 116 46 138 27 206 243 
43 : 164 117 103 192 122 150 124 80 162 237 202 108 69 78 186 244 149 45 60 133 177 83 226 100 188 107 37 172 96 129 99 
44 : 49 203 91 165 42 58 217 197 246 115 113 43 137 224 222 181 176 56 122 112 65 237 108 133 95 126 175 102 191 131 168 226 228 216 206 149 159 135 244 74 180 27 171 97 210 36 119 128 121 
45 : 220 168 158 190 119 98 38 84 204 62 196 227 229 215 129 148 107 95 224 167 51 240 128 81 59 177 68 46 53 41 86 164 246 166 96 137 79 209 162 192 242 212 85 156 112 60 34 230 239 64 67 218 94 113 28 144 226 136 213 216 37 236 134 232 58 206 135 153 109 200 155 228 194 184 61 32 183 205 78 185 197 143 97 87 132 171 234 35 80 48 145 89 
46 : 227 76 28 168 249 243 213 244 66 203 39 139 60 171 179 228 229 172 116 155 200 71 84 238 103 119 181 33 197 208 180 73 92 246 96 145 224 138 207 166 59 122 198 97 57 117 88 129 55 124 43 199 157 105 248 225 120 121 184 36 201 81 98 195 163 222 106 112 212 101 210 35 190 110 100 183 167 
47 : 161 68 128 224 48 71 81 147 32 102 158 242 187 225 36 204 181 39 214 196 103 217 233 79 216 112 107 159 115 60 
48 : 158 30 206 82 230 146 150 222 213 138 51 193 127 198 134 39 231 229 240 238 64 200 46 65 93 99 202 59 151 80 236 226 63 218 83 207 76 249 38 74 52 50 152 199 69 40 205 72 176 237 155 145 164 87 211 228 79 92 188 147 95 133 113 32 116 68 171 47 194 196 162 41 109 86 172 37 244 36 97 161 234 214 180 89 148 223 104 88 235 62 111 246 110 84 
49 : 44 30 70 65 146 233 239 153 33 180 29 57 110 45 240 117 35 124 58 94 52 241 193 155 119 61 244 38 225 114 196 195 84 27 134 224 242 102 140 113 204 49 216 40 77 228 145 189 168 161 81 131 187 91 211 32 50 137 54 
50 : 56 157 37 228 49 142 229 188 120 60 224 192 212 102 46 115 182 232 95 175 244 76 112 235 148 155 180 36 109 202 43 248 53 99 108 233 80 239 219 151 203 47 111 62 171 28 103 169 118 220 237 85 27 196 74 122 205 206 119 86 
51 : 224 203 181 128 52 102 118 176 177 137 180 200 123 242 222 72 241 42 244 183 69 108 179 29 106 110 246 147 231 178 167 90 168 221 198 126 228 210 173 154 81 26 43 172 82 
52 : 197 41 134 147 185 164 27 195 107 75 106 89 198 88 216 93 111 171 53 162 101 204 167 108 114 40 144 47 152 66 50 154 28 213 62 212 148 227 210 39 58 249 203 116 142 31 226 165 135 223 54 239 155 172 140 196 130 76 45 128 109 245 124 153 92 44 225 207 125 91 202 145 95 43 71 63 235 190 137 
53 : 133 51 229 112 197 214 34 116 232 147 105 101 194 126 92 176 154 48 102 161 208 244 212 53 245 93 50 69 173 128 227 71 221 63 228 166 65 60 236 186 134 217 211 26 86 210 207 143 234 110 33 220 196 240 35 152 169 157 117 42 139 98 242 84 239 172 223 219 156 38 191 64 151 142 41 201 46 30 108 164 73 246 171 120 138 213 160 218 45 114 62 237 57 29 90 94 180 216 
54 : 98 223 107 154 225 66 25 115 213 81 147 130 192 64 49 171 247 125 198 71 185 144 106 119 166 124 87 62 99 197 134 202 43 50 57 35 189 82 224 187 141 227 83 
55 : 223 113 47 85 119 37 199 211 246 56 64 49 101 71 93 98 187 138 178 249 192 159 122 208 76 57 114 144 125 242 82 89 43 44 244 88 245 97 217 36 238 58 130 132 176 231 185 147 123 109 90 180 171 139 126 160 148 121 166 234 124 61 131 158 99 117 240 186 203 164 165 209 225 179 155 134 33 149 107 218 177 200 157 181 214 227 222 228 
56 : 195 160 134 163 154 142 187 57 200 203 111 53 62 110 204 30 41 29 206 211 201 196 212 46 32 174 169 37 59 39 56 54 135 155 158 184 108 70 210 104 117 243 191 49 78 63 65 76 235 119 202 84 220 114 175 179 35 96 218 168 66 80 67 122 102 71 162 97 193 115 148 
57 : 125 95 99 130 120 239 233 164 58 73 78 169 135 91 184 236 183 72 230 157 55 166 185 198 104 117 96 65 113 246 147 213 203 221 31 141 52 176 49 63 67 37 106 209 80 204 110 217 61 140 35 109 127 168 182 53 224 186 41 212 190 88 71 226 64 138 247 134 152 143 27 196 174 
58 : 237 238 77 107 87 34 132 71 214 27 207 43 190 170 179 96 145 217 216 90 243 199 208 150 202 68 88 49 159 156 197 227 196 164 26 172 220 224 73 112 59 131 157 201 31 186 121 139 57 194 95 193 102 189 103 126 122 32 111 171 200 99 234 154 249 69 79 184 114 115 38 175 198 141 42 100 166 28 74 104 226 94 117 41 58 232 228 109 183 162 36 245 151 188 163 187 138 181 195 
59 : 48 237 30 118 232 83 209 199 93 78 43 215 44 99 163 153 95 225 177 244 186 208 32 185 56 71 28 189 124 76 147 33 39 222 211 180 158 52 92 242 231 173 45 233 212 108 121 25 238 192 170 100 220 168 58 183 86 73 141 97 70 140 207 94 79 55 132 174 123 38 149 125 229 131 145 
60 : 89 100 129 63 103 75 211 232 209 71 32 144 39 148 35 157 195 230 200 82 172 66 179 175 51 141 123 156 193 101 165 224 249 52 201 131 207 173 134 36 145 154 221 87 174 215 225 33 30 244 245 79 
61 : 234 157 106 180 137 197 77 44 73 205 64 37 102 107 31 237 174 149 160 151 248 182 209 128 112 46 233 165 158 150 27 93 139 184 178 65 190 166 144 33 236 43 78 203 100 193 208 204 72 175 25 116 122 153 42 
62 : 38 195 26 114 177 37 71 58 25 187 32 166 136 68 171 246 113 204 34 119 134 235 126 165 98 96 110 141 77 233 73 
63 : 182 163 117 86 113 162 191 41 101 135 82 188 110 109 90 111 199 36 112 144 200 124 79 232 161 63 249 151 64 141 194 40 99 204 126 71 248 55 213 224 134 227 106 54 139 174 223 53 219 44 128 42 119 220 92 34 80 
64 : 174 246 54 112 222 97 198 176 77 50 214 196 74 93 195 110 75 226 117 125 73 52 156 87 120 61 229 
65 : 224 57 152 37 125 182 109 52 67 54 26 69 174 244 208 133 136 216 130 218 32 192 41 209 112 138 233 186 163 227 127 92 180 190 195 249 194 150 206 40 158 121 96 114 61 116 29 161 193 115 84 135 236 173 81 200 149 232 56 183 167 202 
66 : 114 73 130 37 210 57 213 80 115 38 227 245 204 48 60 147 209 214 33 187 229 93 94 193 32 54 169 27 189 165 56 149 153 99 199 
67 : 144 201 44 66 47 238 117 210 173 94 218 220 206 36 209 247 240 174 39 52 226 241 75 167 169 149 73 118 224 103 246 233 158 85 58 41 28 207 122 186 61 152 172 156 81 51 146 204 59 245 71 121 109 131 191 249 236 135 100 242 127 128 93 217 244 
68 : 131 92 224 164 71 219 51 236 211 59 93 122 42 32 228 153 46 114 101 181 111 127 135 81 227 185 121 87 189 188 243 57 41 146 210 123 183 34 156 150 158 30 197 225 45 106 85 206 80 
69 : 132 193 245 109 182 217 180 54 185 184 206 106 78 241 85 226 228 201 42 174 121 115 222 168 164 235 181 207 202 92 35 82 30 128 143 75 38 65 98 192 195 237 114 
70 : 125 182 113 215 115 240 130 227 195 161 70 185 95 239 194 181 46 112 232 131 246 206 88 152 224 56 111 35 229 135 163 85 48 243 174 223 42 198 92 65 87 162 151 190 249 211 248 53 192 124 96 230 32 80 197 160 119 210 217 157 172 61 213 142 62 64 137 
71 : 143 36 221 178 220 106 160 128 191 86 186 65 102 87 133 35 105 126 43 138 193 92 169 154 90 62 247 230 53 164 142 38 
72 : 198 94 58 50 51 115 183 209 134 151 57 154 141 235 202 113 228 109 137 85 54 131 45 108 82 226 135 227 244 
73 : 165 139 177 77 128 45 160 39 235 242 153 222 229 80 221 86 176 126 227 75 207 223 238 43 234 105 218 42 208 102 200 49 103 120 211 109 27 61 231 56 107 172 82 213 112 157 192 122 188 62 101 193 182 163 104 74 179 219 184 202 217 99 100 143 156 131 108 119 203 127 212 33 170 76 44 159 197 230 55 168 29 54 142 87 84 148 167 25 187 37 110 
74 : 236 128 168 184 233 231 191 232 142 195 129 46 203 82 123 227 113 126 166 154 107 238 218 87 79 177 175 98 57 80 215 38 90 209 156 248 172 189 106 62 117 114 216 146 120 35 185 192 73 116 125 51 28 181 102 33 96 94 34 226 246 40 249 198 66 225 112 75 153 68 190 170 213 149 89 222 163 92 173 164 140 
75 : 207 52 218 96 203 192 46 144 244 25 28 111 223 204 202 221 117 53 91 180 93 76 176 205 166 184 61 231 172 82 213 127 69 147 238 160 36 177 114 62 217 173 88 236 201 73 206 115 45 194 40 159 139 107 152 214 168 141 226 229 137 219 188 126 210 150 161 104 131 66 209 156 185 240 92 162 169 189 48 32 
76 : 238 57 167 120 137 164 170 244 58 108 34 198 151 231 246 225 214 37 209 172 216 44 188 162 130 215 189 224 26 184 42 78 226 207 109 138 122 152 92 96 86 106 104 56 178 52 185 110 229 192 61 190 98 83 139 194 161 65 157 82 223 180 38 31 175 144 113 219 
77 : 75 146 40 46 57 103 56 31 208 231 98 233 169 147 100 93 168 219 216 131 82 25 52 85 92 128 99 177 104 245 97 221 60 119 238 170 194 174 106 59 61 200 213 173 94 29 237 190 154 218 230 105 36 159 155 137 166 160 47 129 244 192 117 102 189 239 51 
78 : 91 219 187 65 155 60 206 50 201 138 172 136 171 68 232 149 37 87 119 162 242 193 39 59 80 147 32 111 103 93 132 88 130 108 240 34 213 243 89 72 150 61 199 140 184 121 203 76 154 81 113 107 63 41 38 
79 : 145 232 96 236 51 189 63 216 157 71 160 92 150 179 140 58 136 27 182 67 244 246 113 237 70 242 61 99 203 137 29 227 146 44 170 111 229 161 30 180 84 211 43 
80 : 103 113 179 83 149 187 214 91 176 175 60 47 181 208 144 110 71 239 202 37 198 121 86 73 116 98 219 39 132 223 127 204 209 33 62 228 118 168 173 66 43 218 197 138 48 174 101 213 188 40 76 27 170 227 123 97 105 114 150 200 125 
81 : 153 205 148 85 185 89 97 27 78 93 199 228 207 160 91 226 106 209 117 247 227 96 103 162 170 53 245 198 133 88 121 73 244 249 186 197 194 54 203 50 126 132 158 191 99 156 145 164 120 
82 : 177 95 133 56 217 219 167 100 137 239 212 46 105 199 94 62 61 68 172 229 211 70 90 127 66 171 97 189 168 116 233 28 35 123 45 156 31 130 155 26 158 69 157 197 40 57 236 240 194 246 134 71 150 232 178 191 223 227 115 108 245 192 153 160 200 47 161 41 208 107 
83 : 152 212 73 179 114 25 49 50 100 66 186 183 138 63 169 81 163 117 30 121 67 146 84 241 29 204 208 96 239 141 92 234 172 230 116 210 205 201 64 219 236 101 173 107 231 41 34 35 229 69 233 105 59 154 39 40 142 31 123 130 113 88 51 133 124 202 
84 : 187 206 124 70 154 244 37 35 173 110 242 103 143 127 94 192 166 186 238 102 172 115 189 30 212 49 185 183 136 161 210 226 249 34 93 224 133 147 31 38 26 208 204 177 101 194 219 48 149 178 167 198 217 112 64 191 73 99 54 156 139 72 232 
85 : 154 203 130 170 229 222 113 71 138 175 35 237 54 61 108 198 116 205 27 103 33 101 143 180 69 58 156 96 135 111 49 57 174 46 164 144 51 75 43 147 208 114 219 82 72 
86 : 163 223 141 171 201 106 142 155 199 65 79 151 232 103 146 193 174 72 77 48 139 37 219 133 202 
87 : 141 147 186 53 150 79 59 229 210 217 67 144 89 230 36 163 98 162 249 178 47 245 132 61 75 179 226 223 168 234 120 60 64 83 57 166 197 33 167 72 170 35 68 125 30 96 243 43 225 109 93 123 115 152 236 108 238 184 151 
88 : 33 206 150 106 166 65 236 172 227 208 122 139 148 167 63 156 91 44 111 50 27 35 230 212 45 173 201 140 55 57 53 197 32 62 60 178 125 239 226 214 41 171 119 28 102 160 
89 : 150 227 196 175 247 117 183 36 148 245 193 123 241 246 98 74 169 130 240 79 243 85 59 211 91 61 228 108 109 166 81 221 111 89 213 99 84 113 237 48 140 235 242 201 216 100 249 145 118 231 115 127 77 197 
90 : 221 56 200 208 142 51 120 228 136 125 188 218 36 71 176 113 198 225 194 202 175 45 234 248 157 95 42 54 70 44 181 147 93 69 222 201 
91 : 55 174 156 39 178 103 144 159 84 189 119 242 192 111 87 238 205 193 245 180 157 88 136 31 214 63 122 228 132 158 185 27 222 148 67 161 52 120 105 93 139 149 
92 : 192 209 140 157 184 126 185 101 79 40 93 153 104 163 37 138 49 198 31 194 169 155 203 41 45 115 238 246 91 82 133 241 111 124 189 210 34 174 56 193 242 164 84 96 80 245 130 46 70 200 248 60 172 240 95 208 170 69 107 99 94 97 247 207 88 233 191 176 143 181 244 224 232 204 71 136 205 74 
93 : 117 198 169 104 40 72 161 159 216 26 203 248 196 230 68 152 31 114 74 65 225 244 232 53 32 91 45 190 42 174 184 146 132 213 85 96 108 25 182 171 164 215 147 245 236 235 163 231 54 194 89 229 95 224 183 239 73 84 33 181 82 30 135 139 97 107 50 167 51 78 112 
94 : 207 110 221 179 228 114 244 123 85 196 168 218 131 144 92 199 193 212 160 143 209 217 35 148 74 32 62 81 235 82 68 
95 : 130 115 125 93 47 204 239 182 101 127 36 111 222 160 57 193 48 126 80 129 35 82 81 83 156 224 105 45 102 194 213 173 152 51 241 144 155 188 246 201 62 27 169 240 200 153 66 175 120 55 171 64 25 117 133 72 44 29 91 249 165 33 230 217 248 65 162 56 192 190 148 244 104 199 110 136 206 67 186 58 177 108 242 191 
96 : 196 247 237 143 32 27 71 230 244 249 70 112 107 31 225 117 121 101 133 154 82 60 119 77 54 45 200 239 208 66 238 46 233 41 180 135 68 108 72 209 52 34 44 78 130 236 110 51 
97 : 112 211 237 174 45 77 203 132 238 97 245 183 230 155 115 137 229 38 219 48 145 146 57 224 232 119 98 32 165 66 212 225 25 43 201 169 133 149 141 136 105 185 228 234 239 33 144 68 47 159 87 217 
98 : 102 114 148 215 94 136 45 62 140 161 71 238 103 137 163 37 54 31 197 141 39 44 184 239 123 34 203 129 179 247 66 186 174 132 67 225 101 134 222 205 213 69 58 216 145 237 224 125 106 228 248 241 189 172 97 201 244 162 92 83 232 46 169 218 156 194 104 243 42 130 95 135 47 231 111 89 81 25 185 200 60 79 191 204 115 27 117 168 110 107 230 187 
99 : 127 209 214 100 107 236 202 206 120 167 196 119 248 104 192 113 229 136 135 233 180 145 215 216 235 32 208 200 170 219 98 76 247 78 189 68 45 108 183 94 227 56 105 33 158 162 138 146 142 232 224 150 59 87 72 166 89 228 48 243 91 41 140 179 163 60 
100 : 65 122 37 193 44 162 28 31 136 57 67 197 181 50 113 110 208 71 81 97 116 108 53 233 157 217 186 124 150 200 204 118 172 168 175 126 91 234 76 187 176 185 32 87 
101 : 108 155 60 68 231 123 129 105 217 76 95 122 92 72 115 36 96 243 57 117 107 221 118 220 143 225 90 183 130 128 84 71 99 181 203 153 165 106 49 70 244 229 81 98 33 182 194 146 135 172 113 204 54 69 224 174 91 67 239 214 119 27 215 210 152 77 56 196 140 161 29 235 197 
102 : 170 138 207 205 26 51 126 147 57 150 37 54 149 33 114 31 131 106 99 152 91 226 177 39 165 204 194 44 83 146 211 229 163 230 210 105 104 58 196 166 184 71 206 167 203 42 246 215 52 135 154 222 198 164 168 113 50 87 94 38 120 122 162 88 123 247 235 155 139 73 213 65 220 69 
103 : 195 59 55 117 178 230 130 90 162 37 164 137 221 199 35 228 68 161 81 57 63 118 28 51 38 206 119 179 116 77 160 62 60 181 34 185 111 39 210 149 217 80 229 99 48 215 207 233 53 145 92 
104 : 184 58 163 182 98 81 89 206 139 172 233 247 229 109 99 85 64 134 44 27 77 187 196 61 171 235 238 226 179 122 228 152 176 145 169 124 110 146 36 68 93 189 174 197 117 158 118 241 112 102 207 225 245 108 211 28 29 180 213 123 198 249 240 170 244 72 155 92 168 125 31 111 76 239 205 165 48 150 39 195 223 183 203 167 
105 : 145 169 165 60 65 187 132 213 70 163 40 148 120 227 159 184 39 233 208 125 57 47 209 53 192 151 93 105 149 52 219 111 131 141 214 167 134 201 94 232 179 68 138 249 91 164 177 224 186 44 36 69 207 162 67 107 88 99 154 173 239 97 245 150 
106 : 173 193 118 57 88 130 103 59 231 165 28 159 205 134 43 181 248 176 201 227 107 54 51 128 89 86 93 215 126 211 38 36 69 27 170 48 172 85 131 
107 : 178 234 159 218 59 235 133 191 109 39 45 123 168 95 203 216 35 67 154 182 47 137 66 32 92 130 126 124 224 227 149 99 223 164 162 199 134 179 140 51 197 238 200 160 46 161 122 229 129 240 145 44 157 209 148 185 175 69 31 85 248 228 226 225 50 58 113 189 100 
108 : 109 202 199 125 173 32 149 118 48 141 213 34 183 115 92 234 231 47 225 187 64 226 242 185 78 128 61 197 33 165 191 35 227 230 179 86 134 247 142 144 52 209 82 169 136 132 151 228 88 126 167 106 211 139 201 148 39 112 72 79 186 93 200 177 127 75 224 98 111 164 172 212 168 62 188 160 96 133 138 204 161 71 244 207 190 143 28 214 233 26 194 85 248 31 203 
109 : 77 156 225 35 155 216 172 130 186 56 139 132 64 47 116 87 103 171 121 45 150 86 43 108 220 126 230 152 79 63 142 125 147 177 66 105 99 76 136 67 31 73 212 184 244 117 81 246 239 167 234 50 194 205 26 52 249 84 164 219 238 34 180 
110 : 248 45 27 223 170 26 67 226 243 207 48 224 72 201 117 123 30 89 171 177 54 43 125 183 209 40 185 167 28 129 83 219 38 247 188 195 71 159 198 161 194 199 61 227 68 232 31 228 42 126 140 143 154 191 182 213 118 51 92 114 216 146 66 234 
111 : 138 191 200 205 63 199 66 177 26 146 198 193 109 135 151 57 139 83 129 39 163 113 98 145 34 152 202 167 72 54 211 92 190 210 104 62 168 67 208 136 38 238 184 42 51 246 79 226 71 101 43 171 228 100 103 166 224 106 150 245 241 158 126 80 234 116 206 120 56 133 232 233 73 215 237 124 183 69 81 236 170 49 27 55 220 
112 : 30 87 50 179 29 169 33 80 43 27 174 79 57 206 113 142 210 185 172 101 190 242 60 215 231 35 241 73 32 69 89 187 155 235 228 246 110 72 122 84 106 137 225 243 200 125 26 90 93 224 220 180 75 66 194 162 118 249 233 148 216 140 64 191 108 154 217 44 160 218 229 150 223 132 124 161 182 208 62 166 119 133 
113 : 141 84 86 239 142 217 109 240 116 110 145 94 171 88 170 107 61 139 147 202 81 169 155 28 62 98 104 206 78 162 66 54 242 57 220 85 150 122 236 74 174 120 39 51 241 209 89 38 168 175 172 102 176 118 212 164 27 40 237 76 42 226 154 227 159 224 190 208 191 148 157 173 115 119 149 135 105 127 243 91 188 126 204 181 72 83 92 
114 : 74 79 172 134 102 70 120 73 236 153 129 110 52 43 76 190 87 181 217 235 227 123 195 139 103 47 164 144 67 133 37 239 51 136 213 48 26 138 113 171 163 98 146 168 31 53 222 81 100 184 115 125 56 245 80 85 116 233 104 97 140 106 201 89 
115 : 194 108 95 152 41 177 211 82 228 154 148 97 213 62 117 35 106 64 187 110 169 57 52 242 162 141 244 98 129 135 102 38 84 32 113 73 202 156 114 235 25 107 70 40 105 215 86 39 51 58 45 83 178 133 193 36 186 246 249 111 223 206 199 138 209 53 63 241 157 79 80 226 29 132 74 81 160 104 122 183 165 42 185 93 221 163 77 205 225 161 158 101 216 66 195 139 
116 : 57 67 150 46 122 194 39 95 193 73 49 179 108 69 186 105 63 214 132 72 110 208 201 62 83 145 163 239 155 34 137 244 76 75 242 152 162 28 234 178 
117 : 242 160 187 248 146 191 74 30 46 177 215 223 91 82 163 44 236 220 219 88 26 222 117 60 175 239 209 196 83 80 233 118 103 204 87 172 158 98 73 84 153 138 34 244 48 71 140 205 37 64 133 111 120 92 112 176 170 136 183 54 161 182 237 208 43 100 241 78 227 47 216 228 105 193 108 217 213 110 61 113 
118 : 216 58 167 204 134 78 73 163 228 174 67 79 246 181 182 114 139 241 149 224 76 108 126 245 211 238 236 48 170 185 88 96 188 124 80 53 207 29 
119 : 248 99 229 40 103 169 132 151 211 203 80 57 135 128 26 217 122 222 91 63 210 237 54 124 85 49 59 66 77 191 68 202 164 245 93 75 90 73 152 82 35 206 176 155 183 246 74 27 115 37 87 44 241 188 240 112 178 238 127 218 47 215 133 149 131 134 34 56 159 41 129 62 161 189 162 244 212 123 
120 : 191 42 130 77 80 43 199 198 37 25 28 68 49 146 69 214 78 193 58 85 147 91 120 108 183 239 88 93 105 158 75 
121 : 168 98 96 233 222 29 206 145 231 101 179 114 31 195 157 226 77 71 132 87 164 248 54 130 170 214 45 72 85 198 28 129 247 237 246 154 178 147 166 103 37 137 99 149 97 32 39 203 90 160 127 88 159 25 44 165 142 232 80 219 81 
122 : 109 43 233 248 176 146 175 174 69 147 232 40 29 38 204 115 225 228 41 110 224 148 214 89 33 134 98 154 36 156 171 64 206 37 211 192 54 93 131 83 186 58 30 88 120 243 34 61 167 172 71 73 158 237 68 201 108 104 48 136 132 140 141 235 160 142 151 
123 : 169 35 195 93 42 131 82 227 57 115 167 126 235 240 243 34 213 69 44 184 208 98 88 74 181 81 61 41 214 53 59 170 204 158 36 249 122 128 162 239 216 116 219 
124 : 124 58 138 153 74 30 178 51 44 57 132 186 224 84 54 48 209 88 187 129 36 236 167 101 183 143 139 62 26 46 218 43 155 156 162 176 242 197 173 239 248 80 115 37 79 135 168 199 68 170 63 208 77 45 234 230 188 87 128 117 141 243 240 52 27 127 81 126 
125 : 233 170 80 62 161 210 244 55 243 174 209 68 156 227 71 215 166 69 180 223 179 72 231 175 199 206 240 238 229 184 211 42 51 86 31 124 97 78 246 53 50 52 89 208 196 182 201 146 125 37 151 157 91 27 32 138 214 
126 : 206 76 59 58 86 246 35 223 33 40 56 163 51 120 90 101 242 114 130 174 71 154 232 49 137 106 32 72 26 108 110 70 28 211 196 213 126 117 122 97 218 115 243 181 198 89 228 79 111 227 113 215 247 200 157 104 112 210 158 38 235 194 107 161 190 47 74 216 99 188 82 116 127 
127 : 182 165 149 203 133 173 239 34 38 160 139 176 212 136 83 168 154 156 227 184 36 27 232 211 194 215 216 80 147 62 94 29 201 127 167 70 169 246 195 230 77 231 199 81 39 61 217 213 110 85 50 207 47 90 242 46 63 192 60 152 79 103 55 158 138 226 180 116 228 112 243 124 161 64 
128 : 160 206 151 153 73 32 33 130 230 96 40 189 66 107 79 100 220 163 235 138 245 125 186 116 62 159 164 45 72 222 105 233 165 208 214 150 41 54 227 80 146 28 91 136 119 118 232 108 193 248 106 30 74 99 211 26 69 126 171 181 36 83 90 65 131 210 113 249 200 59 190 216 43 103 120 128 102 201 195 149 207 161 241 218 
129 : 64 69 90 149 223 247 71 171 212 91 109 152 130 30 36 143 87 114 46 31 246 49 102 121 128 243 142 161 240 76 213 80 146 104 244 162 137 127 112 101 138 68 28 148 188 62 194 206 172 75 
130 : 106 239 112 135 160 180 77 64 214 44 196 151 80 163 209 29 243 115 124 148 63 208 157 189 228 235 36 88 82 192 242 50 56 231 123 30 134 
131 : 89 114 152 150 162 117 196 237 88 57 51 94 228 145 199 200 44 234 66 238 60 110 109 76 108 34 245 225 116 143 111 135 59 181 161 139 137 28 64 227 107 171 74 180 75 202 194 185 212 197 33 61 100 187 38 214 226 126 85 84 134 72 172 39 131 112 224 46 29 42 140 
132 : 167 70 49 123 131 190 162 83 36 132 30 147 81 179 119 64 65 229 145 61 151 88 165 95 160 185 118 78 66 238 171 104 129 69 201 112 161 41 60 223 98 242 220 188 143 240 141 110 62 209 97 152 246 210 71 94 231 102 192 115 126 35 189 175 124 
133 : 227 196 37 33 214 58 223 218 234 114 165 28 26 202 76 78 172 190 83 32 64 109 164 248 209 68 212 94 179 130 124 112 201 169 243 121 35 175 161 249 126 144 30 27 105 210 53 82 215 90 240 166 47 153 233 101 191 242 70 52 69 157 50 110 98 67 241 85 80 247 44 142 39 213 150 42 72 154 238 56 143 158 244 137 60 122 155 178 188 204 115 134 
134 : 99 230 187 72 103 226 170 28 154 189 130 45 210 152 153 242 114 192 212 53 141 77 107 92 214 90 183 176 202 71 106 185 204 84 30 151 142 64 241 61 119 80 184 54 43 193 198 75 225 52 143 188 136 139 120 146 88 229 81 175 222 221 211 67 63 228 150 108 34 224 38 48 
135 : 153 239 143 89 249 37 26 215 230 220 241 138 120 42 212 95 237 182 57 184 168 224 118 27 149 90 79 146 163 53 178 169 151 71 231 63 51 104 45 244 188 147 190 164 210 133 189 117 137 158 106 181 40 66 211 
136 : 238 211 99 158 159 220 34 187 210 240 235 70 241 246 98 185 215 109 243 201 95 163 232 239 229 115 77 206 196 76 247 60 106 91 146 100 135 200 154 27 216 203 125 221 83 149 180 212 30 214 54 104 145 249 186 50 78 231 61 242 65 223 47 148 139 72 190 90 69 157 204 67 130 192 138 42 183 62 197 113 236 29 53 117 219 93 184 151 41 116 39 92 
137 : 159 29 177 245 104 106 186 210 222 230 53 138 48 199 158 240 216 227 211 79 233 136 64 172 71 31 207 39 133 154 
138 : 167 162 30 151 237 86 182 220 198 160 247 175 211 57 32 68 64 219 67 39 180 106 187 143 72 134 61 117 155 116 75 85 31 189 111 
139 : 187 236 115 186 88 70 243 43 120 99 48 169 144 176 61 124 166 239 196 86 34 241 37 170 204 172 199 41 231 164 147 65 227 218 77 183 245 42 195 178 
140 : 197 123 100 25 206 167 244 151 37 156 57 93 174 192 220 138 68 67 41 105 121 94 125 52 201 247 228 55 130 207 66 89 84 223 
141 : 194 68 133 173 64 48 61 152 234 146 53 135 103 183 200 131 209 172 158 29 202 108 36 77 217 142 137 191 117 195 49 141 70 40 132 82 34 190 30 98 41 125 
142 : 41 166 224 202 217 218 29 241 104 87 89 189 56 49 223 172 208 73 242 50 115 57 186 200 153 124 70 55 137 86 123 103 127 108 99 233 93 45 69 112 40 111 169 207 213 131 164 101 113 145 146 210 151 178 71 42 88 110 75 240 190 244 229 143 107 222 167 35 96 136 198 132 60 183 26 191 236 37 160 121 141 225 144 196 34 176 62 52 247 72 192 48 98 
143 : 198 168 114 131 178 152 159 155 236 41 133 245 31 92 136 85 149 91 42 129 180 84 130 47 69 72 46 86 226 34 230 108 100 165 83 137 63 206 202 246 57 39 173 229 60 186 117 94 170 145 111 175 125 33 218 209 154 200 193 164 167 59 122 179 182 81 56 112 109 73 68 140 120 128 174 156 144 121 74 43 181 191 142 169 160 219 172 82 135 
144 : 39 42 135 211 155 243 218 159 239 223 147 249 110 103 98 173 127 206 222 85 152 242 215 184 101 87 43 
145 : 44 50 118 218 148 231 60 238 217 84 132 183 211 41 141 178 162 62 123 101 112 163 76 46 193 89 203 109 246 150 223 170 157 188 
146 : 243 175 199 32 51 30 123 218 172 49 160 246 227 188 183 159 62 151 61 200 68 59 141 241 178 36 149 40 74 180 31 198 38 217 216 91 60 143 115 229 132 100 28 170 147 157 77 204 55 232 44 99 138 210 156 121 85 179 140 34 223 234 58 46 106 165 201 63 27 133 94 114 105 79 69 226 54 203 108 155 205 220 136 
147 : 221 66 214 98 172 81 69 231 144 242 215 27 40 205 218 62 235 58 71 195 248 154 101 169 125 203 122 118 157 52 223 68 54 116 136 95 185 74 97 87 158 243 181 31 224 48 45 84 102 47 241 183 186 207 232 202 99 78 126 86 73 37 28 220 206 192 49 
148 : 199 227 243 45 77 165 202 219 30 121 189 215 164 126 127 249 62 119 136 211 75 174 76 43 70 133 237 226 67 57 60 231 44 175 235 104 108 207 89 53 59 63 239 69 225 203 52 74 117 218 244 110 209 39 241 137 
149 : 57 208 133 105 108 232 167 147 33 211 153 206 199 166 249 214 94 119 122 217 185 168 80 126 245 238 134 92 36 95 62 209 204 67 79 154 165 169 216 41 101 91 193 186 31 176 30 73 
150 : 184 211 169 105 155 221 159 183 32 68 198 229 147 120 138 118 41 53 40 239 171 192 165 176 244 187 212 202 167 93 166 
151 : 148 88 117 199 135 211 182 96 172 241 69 139 122 35 50 170 200 186 206 66 236 43 146 167 120 179 106 90 67 125 184 110 224 204 207 231 133 44 213 58 210 100 160 105 214 55 31 142 248 173 233 33 109 163 168 48 129 86 217 83 87 181 218 243 71 247 98 238 84 240 70 237 65 114 49 34 147 54 59 
152 : 188 87 143 249 218 114 243 182 167 225 54 183 84 60 200 192 130 136 123 59 227 98 172 210 97 73 205 245 159 103 86 90 41 68 44 196 171 176 74 50 58 216 202 151 198 184 149 146 99 101 145 201 75 234 232 49 128 226 62 38 78 76 199 28 177 69 77 187 139 83 194 154 147 224 231 55 93 
153 : 55 233 84 37 41 51 96 54 153 78 107 59 143 46 62 151 231 221 60 125 246 81 122 181 225 216 49 106 33 157 161 56 109 42 97 117 185 188 113 100 57 177 110 187 67 32 168 116 204 186 219 162 65 228 47 212 85 245 171 235 52 169 195 237 232 226 76 34 132 209 207 29 99 134 
154 : 72 200 249 208 199 162 178 93 81 113 28 61 217 39 232 167 128 156 164 45 215 124 236 79 220 134 244 96 135 141 219 222 31 43 32 34 230 125 49 77 56 152 240 50 106 153 75 76 179 223 235 115 188 190 116 172 184 59 78 120 180 38 150 238 197 181 171 85 229 140 127 155 233 218 41 104 114 194 136 151 159 161 51 94 198 241 243 157 177 169 126 209 
155 : 27 106 172 63 150 246 191 115 135 88 98 34 211 97 143 123 217 67 43 188 242 210 220 77 207 162 49 29 227 243 129 37 167 57 45 93 175 104 161 222 156 66 26 205 232 180 247 70 58 96 218 103 44 212 
156 : 231 62 114 140 88 132 159 84 186 218 176 104 203 92 194 71 246 152 102 81 148 72 103 172 115 157 139 189 210 146 223 240 38 37 228 144 179 35 219 85 125 225 174 111 69 128 141 248 131 61 123 36 112 217 122 34 49 25 68 165 83 244 209 124 211 205 26 226 153 136 197 215 213 191 39 204 171 55 118 70 182 173 28 175 47 243 166 60 143 89 234 74 65 
157 : 36 145 62 41 67 244 215 27 218 186 168 96 163 193 245 214 162 231 47 208 158 225 101 188 56 196 139 130 104 149 124 115 128 38 68 113 54 181 72 211 39 137 185 63 74 61 42 236 195 224 103 143 223 237 238 106 109 95 57 98 220 242 126 46 142 94 229 112 71 160 203 49 32 80 227 175 28 
158 : 234 109 181 222 71 204 57 182 209 73 129 170 52 110 188 127 66 193 122 120 99 219 195 61 111 197 64 154 104 233 142 190 49 45 171 144 79 69 76 173 151 138 184 82 168 70 145 206 245 146 115 105 98 60 162 194 97 96 40 119 246 74 31 226 229 201 41 236 112 89 93 34 123 149 231 191 137 43 196 54 167 130 91 81 217 238 223 86 134 249 
159 : 71 235 193 227 247 151 43 185 32 220 65 76 230 99 249 200 114 236 112 79 124 82 159 242 45 156 74 78 27 144 179 234 106 107 203 218 62 89 222 189 97 195 217 176 187 115 211 109 
160 : 189 26 48 131 60 202 92 238 73 138 198 172 239 111 35 36 31 210 88 232 174 134 124 95 120 112 190 245 57 160 140 72 201 103 137 237 29 209 97 147 220 226 154 208 183 44 61 186 212 166 45 230 224 47 107 144 99 49 54 169 96 58 51 163 115 211 223 191 246 171 76 247 233 243 173 114 39 110 84 40 199 204 38 231 175 206 109 165 27 55 242 41 132 
161 : 247 162 42 27 39 72 78 68 76 196 167 179 55 190 140 227 168 108 249 67 151 57 114 170 106 124 65 150 107 116 244 128 64 91 218 185 77 154 223 29 47 117 74 231 143 217 220 200 90 127 197 71 109 222 195 236 237 130 163 126 129 51 234 86 148 225 37 230 158 110 82 248 34 134 232 56 138 38 183 243 28 139 145 171 187 246 
162 : 245 41 176 222 145 143 74 48 112 31 220 45 124 88 58 230 113 120 225 73 219 108 163 146 177 27 38 151 217 207 155 229 77 96 173 71 101 106 132 90 149 116 162 191 233 203 195 98 105 241 135 193 87 178 68 153 104 111 57 185 29 
163 : 121 123 132 221 176 147 211 205 194 115 93 200 213 170 67 34 27 233 78 81 140 118 167 134 144 116 
164 : 120 187 198 223 185 80 144 124 65 235 219 88 184 210 190 110 196 39 166 97 85 240 197 118 122 134 111 243 101 83 191 74 236 176 178 113 73 169 32 155 225 78 87 143 180 84 28 92 241 90 249 194 148 165 192 77 238 141 62 147 150 247 105 125 45 96 175 37 53 177 182 129 31 81 211 126 132 142 217 58 27 229 195 232 220 242 51 206 203 224 172 221 239 193 52 121 204 
165 : 182 220 241 81 145 109 235 157 41 37 49 127 117 77 124 94 59 118 143 62 242 247 138 115 114 190 170 74 133 25 123 180 88 218 42 92 194 245 152 69 139 236 86 28 167 89 173 137 148 40 184 122 38 221 233 160 222 164 188 
166 : 131 232 79 57 202 118 205 64 35 124 123 191 145 198 241 37 144 211 32 235 91 190 132 215 143 85 81 30 121 193 200 103 228 157 74 42 82 154 75 168 108 192 100 209 109 196 236 181 229 239 249 140 175 44 147 237 48 208 225 212 70 112 176 95 
167 : 168 123 82 243 205 152 141 124 155 56 80 175 66 128 185 199 34 228 197 53 179 110 87 245 83 235 48 101 117 223 248 100 192 144 30 67 216 194 76 172 
168 : 115 170 229 227 141 144 176 76 57 192 221 78 223 110 105 235 154 190 206 249 98 232 199 63 165 74 143 217 106 79 73 121 75 71 53 112 60 44 241 40 179 187 135 157 109 191 140 26 195 
169 : 186 38 197 155 208 72 203 61 28 151 124 34 95 64 33 183 217 189 230 134 120 178 84 185 75 89 184 105 221 31 119 241 179 112 187 139 141 110 168 36 82 209 140 163 53 132 65 233 42 30 80 212 113 27 109 171 101 247 207 71 55 67 195 158 99 236 100 125 60 150 238 48 70 222 181 194 172 142 118 98 93 135 191 57 205 46 97 52 43 58 137 167 157 45 192 198 85 
170 : 72 242 165 207 226 221 148 213 187 102 178 75 130 52 103 217 154 232 78 81 229 63 168 53 152 113 173 109 179 164 220 69 48 162 205 180 44 135 
171 : 154 121 184 92 164 161 88 237 107 110 193 33 136 43 142 94 192 150 205 208 27 82 25 65 229 99 67 160 196 113 75 143 146 51 197 72 44 209 80 28 234 213 174 54 49 145 125 242 55 203 163 31 179 116 153 100 226 228 103 85 30 211 71 79 40 98 52 235 36 60 220 108 180 122 198 152 42 135 158 111 29 64 
172 : 147 150 233 67 166 31 78 246 236 68 104 54 232 151 32 238 173 35 92 135 30 185 51 52 129 211 26 75 244 87 191 121 199 
173 : 91 176 70 46 128 163 141 156 76 180 142 232 65 247 44 42 61 174 143 209 213 50 199 75 29 54 81 145 178 38 118 186 185 229 214 202 146 170 228 242 25 100 147 175 41 82 99 62 173 220 103 218 32 78 155 131 63 116 55 83 190 125 223 
174 : 176 248 101 85 221 157 203 244 100 53 188 88 62 31 55 242 141 120 230 60 232 87 231 222 82 75 73 118 52 26 38 146 84 132 170 152 67 145 29 185 48 214 56 237 167 122 64 70 171 240 83 92 220 217 142 164 106 97 113 147 
175 : 181 47 214 103 98 144 239 34 49 97 147 234 191 165 143 52 231 118 130 216 127 86 28 227 29 42 59 243 51 100 196 43 155 105 208 122 226 170 150 172 72 173 215 133 89 187 138 220 53 246 30 61 35 178 135 194 136 129 142 177 25 66 244 184 224 225 120 241 123 167 148 197 96 151 158 83 99 124 248 107 190 101 152 222 62 247 182 41 121 221 145 223 237 188 218 
176 : 53 120 164 97 31 219 110 54 38 157 68 59 107 212 163 222 147 215 150 220 80 216 51 56 243 187 136 181 39 226 129 168 40 87 43 47 64 162 156 200 119 131 92 
177 : 225 129 90 142 232 204 182 168 206 175 176 118 158 66 35 101 110 208 226 130 40 234 96 76 109 56 137 172 144 122 78 177 211 36 155 169 
178 : 229 60 111 95 155 69 121 77 138 45 157 83 74 140 29 147 172 46 34 73 156 151 119 139 26 133 187 223 168 213 226 161 30 162 
179 : 221 45 105 140 34 237 27 74 163 117 125 52 246 133 166 32 37 111 127 60 245 205 138 180 176 62 244 113 224 218 39 110 158 71 129 31 196 48 170 181 233 201 234 51 25 128 42 29 56 28 248 177 
180 : 108 107 156 246 99 87 138 155 219 218 239 174 180 231 247 76 29 234 101 63 169 178 162 144 47 
181 : 153 167 85 104 165 214 51 127 173 191 154 88 186 66 143 158 228 169 148 100 141 117 84 190 87 54 89 26 114 105 220 64 236 170 247 90 198 82 110 189 139 237 205 72 231 98 30 95 234 200 69 187 134 70 163 210 131 212 36 164 202 108 27 138 83 199 101 48 73 
182 : 192 87 155 154 149 117 207 248 75 183 120 166 131 140 197 41 129 236 162 202 216 184 77 36 218 144 25 45 169 182 226 146 204 126 159 86 89 189 181 191 88 40 60 201 145 95 116 124 158 147 31 194 71 139 84 235 30 233 240 160 200 173 128 137 96 208 79 142 72 35 125 111 167 133 193 220 172 122 150 190 178 165 69 93 174 217 68 
183 : 146 210 143 66 115 145 51 232 116 132 34 96 111 197 56 77 117 89 241 152 32 65 122 67 214 82 243 157 49 40 245 171 114 84 109 42 33 27 48 86 153 169 228 91 188 220 175 124 57 95 194 83 219 204 224 108 166 73 92 240 46 119 85 231 47 107 238 62 200 110 242 125 55 138 37 58 39 105 112 148 
184 : 83 167 72 67 195 171 34 61 80 97 28 182 66 52 232 122 209 175 206 218 199 44 181 228 216 140 33 151 157 201 135 93 106 114 99 205 220 176 104 71 36 60 226 121 88 78 77 107 58 123 27 26 59 109 120 163 219 204 139 41 129 55 102 81 96 249 174 172 111 197 244 247 119 37 42 110 74 242 98 136 76 85 84 40 49 25 231 240 243 152 92 68 101 212 131 158 185 142 103 
185 : 137 244 113 31 86 92 134 174 214 182 154 30 168 42 122 27 81 205 245 119 118 248 82 88 50 97 109 44 171 51 38 237 133 173 90 126 155 135 204 186 189 115 220 151 48 223 231 166 191 195 103 199 53 29 127 208 132 183 213 74 28 102 146 80 192 106 114 131 52 46 111 99 
186 : 230 226 110 81 111 221 173 77 74 199 210 195 181 102 64 156 63 207 130 189 45 105 186 120 216 104 198 139 192 184 108 201 112 138 52 154 238 92 
187 : 74 171 169 221 128 219 144 25 108 28 244 150 198 179 33 118 29 122 151 176 55 167 127 140 96 85 124 207 120 220 174 195 248 102 51 224 105 99 
188 : 39 164 152 47 95 78 181 224 60 65 126 90 54 235 105 109 38 55 51 48 205 180 177 115 141 210 69 216 63 53 138 188 42 84 219 197 215 229 50 153 80 145 199 122 66 125 120 230 92 190 213 165 160 167 110 79 174 231 158 195 107 29 222 101 
189 : 122 184 77 237 160 206 203 177 243 130 169 139 164 116 135 124 98 232 30 34 64 74 166 115 227 172 226 47 119 65 152 28 190 224 53 188 45 66 140 230 92 85 59 94 44 196 136 137 71 79 108 109 219 231 117 155 110 61 103 185 48 40 62 93 102 215 111 217 162 91 72 179 221 67 54 83 163 202 178 218 154 236 208 69 89 156 209 
190 : 199 131 237 54 52 142 150 241 165 210 111 76 243 103 119 163 25 180 207 120 225 81 101 135 48 212 202 194 126 53 149 116 43 187 242 211 192 47 186 197 36 169 193 158 185 58 160 245 183 93 64 32 141 42 200 215 79 90 188 49 85 153 234 34 151 177 83 108 189 198 136 209 113 96 130 144 175 206 35 123 137 37 122 156 112 162 139 68 143 181 164 27 132 166 92 63 28 
191 : 58 125 81 64 187 243 188 228 131 69 161 193 232 146 27 241 89 247 172 199 234 88 74 63 191 184 212 86 162 84 132 46 65 47 105 117 173 213 217 153 70 56 119 45 147 129 116 220 108 104 85 127 30 194 137 219 50 227 38 177 180 113 235 92 96 
192 : 115 203 213 119 108 173 165 188 116 182 93 135 77 70 228 198 222 146 147 208 200 166 46 226 248 80 212 162 124 143 71 84 140 37 207 164 234 78 72 120 76 149 102 103 41 33 216 68 118 245 127 54 214 92 199 193 171 74 61 60 
193 : 206 115 87 116 37 158 135 182 95 190 244 42 219 132 66 51 171 126 80 146 238 117 98 143 172 149 228 196 155 64 240 136 133 92 150 165 203 45 129 191 227 248 207 193 60 157 47 43 199 82 232 33 187 110 112 151 41 210 164 194 54 89 123 177 67 138 86 169 154 212 223 162 119 243 108 201 27 220 88 50 234 35 247 128 167 120 
194 : 188 108 153 105 110 202 142 94 112 109 102 72 74 158 111 29 124 140 180 107 139 244 209 193 237 171 84 184 181 218 100 
195 : 107 76 152 47 191 109 31 115 100 64 157 209 117 219 188 148 67 164 32 128 59 39 146 43 113 90 105 240 45 245 104 30 244 96 156 106 213 207 53 173 162 48 65 220 88 235 71 
196 : 100 135 81 221 37 228 245 163 56 26 61 191 153 210 249 199 165 65 156 234 34 120 171 84 46 118 178 206 62 105 132 138 130 232 92 148 101 94 158 248 35 88 172 136 116 36 207 188 211 155 213 69 58 128 164 235 246 236 63 222 224 242 44 96 104 97 203 154 225 72 50 108 111 139 146 151 240 76 169 187 78 180 145 238 30 
197 : 133 194 220 147 229 126 95 106 242 37 121 138 192 247 34 124 212 49 246 241 134 108 137 175 86 201 145 90 31 172 109 239 173 58 62 154 195 48 223 72 148 160 40 111 135 76 30 38 110 240 43 183 120 184 60 77 225 164 149 234 113 85 36 142 168 244 64 53 70 119 127 214 232 197 78 45 146 73 63 28 61 46 207 187 249 178 83 238 248 51 
198 : 51 124 128 48 92 185 117 60 76 88 132 29 110 176 202 169 121 109 28 233 220 82 218 127 240 98 118 211 112 221 245 232 155 114 32 224 131 46 170 61 91 40 35 238 188 165 101 149 181 153 234 214 33 133 141 173 222 34 43 86 143 229 248 177 99 113 30 108 166 244 81 26 83 96 193 210 136 180 178 67 247 158 94 249 198 140 103 219 111 71 152 
199 : 100 155 130 197 214 35 111 200 99 134 174 159 239 51 156 164 235 38 93 39 170 28 61 34 177 242 27 136 44 65 121 96 152 227 131 160 173 167 213 147 234 69 29 225 189 43 241 90 78 
200 : 81 129 37 131 202 144 73 163 248 42 72 53 150 124 91 57 199 116 246 56 183 51 216 152 120 156 173 214 182 186 39 181 145 189 43 71 168 64 238 77 100 176 139 128 141 149 45 160 138 212 230 157 29 103 92 196 65 180 191 225 106 187 44 117 140 209 224 210 27 164 239 66 67 
201 : 211 48 90 75 163 184 181 198 100 78 67 193 228 132 36 45 227 199 240 58 64 222 241 189 82 166 108 107 185 208 61 170 30 85 145 137 195 229 162 89 74 144 231 159 96 158 224 83 57 215 32 190 157 244 117 205 154 223 72 245 167 93 197 248 148 129 173 84 194 133 226 79 
202 : 214 67 105 149 201 212 56 92 54 194 200 103 192 178 195 243 63 181 209 97 242 47 228 134 145 172 186 244 80 52 147 167 79 110 174 143 35 176 180 166 87 46 115 39 41 57 75 32 95 96 126 150 196 119 236 127 216 114 120 231 89 130 49 65 83 
203 : 138 202 66 137 49 129 36 136 50 220 102 28 142 213 104 176 225 41 109 63 46 149 98 91 112 132 88 130 34 72 185 99 115 62 214 205 95 29 219 83 139 92 110 230 122 163 42 134 
204 : 130 193 40 223 52 224 185 184 207 65 131 234 122 120 124 115 112 239 68 48 155 226 64 93 201 46 43 102 177 198 42 236 228 194 77 88 168 200 244 32 217 92 172 218 157 196 53 221 
205 : 47 43 69 176 205 182 108 95 34 79 189 174 190 232 206 31 162 59 32 116 209 161 168 181 143 85 145 177 73 28 100 111 64 83 66 157 44 71 92 147 133 228 217 126 197 122 152 164 158 55 187 169 148 227 115 110 41 84 117 57 170 151 63 138 180 78 
206 : 145 103 123 59 222 238 237 94 127 82 29 62 185 95 98 246 234 68 65 77 129 51 193 99 167 91 
207 : 46 44 65 188 62 157 118 82 217 167 101 218 189 35 73 57 112 34 150 180 166 163 246 234 133 26 179 94 107 208 96 153 213 81 141 58 27 216 237 92 204 72 145 186 134 196 137 233 184 43 75 98 78 104 240 229 63 38 138 50 191 220 66 86 225 222 120 74 223 110 143 83 124 64 121 25 117 90 159 152 226 136 155 205 162 200 165 30 71 61 53 194 146 212 185 122 158 49 
208 : 69 39 47 59 95 107 57 71 142 163 146 198 177 90 222 74 84 56 45 31 26 122 217 30 183 66 196 108 179 44 204 243 225 154 116 110 213 206 64 246 118 50 192 159 130 138 52 161 174 46 167 232 244 233 63 
209 : 182 171 244 180 195 145 183 84 146 47 25 127 106 208 46 238 179 233 193 82 190 75 210 189 201 92 37 115 99 137 62 73 199 156 163 228 132 198 89 133 203 50 138 69 64 45 164 96 90 110 237 124 48 104 209 184 81 157 214 113 61 204 185 108 169 71 74 42 102 241 109 187 66 219 85 142 230 118 76 119 33 205 178 150 243 234 79 173 
210 : 51 54 103 162 185 190 132 238 172 180 173 205 228 97 168 171 119 127 26 189 155 244 136 158 164 241 90 160 25 128 159 237 29 194 199 166 100 229 42 122 64 169 60 224 46 83 209 200 143 109 104 77 129 75 80 99 140 28 79 197 203 156 94 44 31 234 110 221 131 49 208 161 108 112 163 39 58 92 71 27 210 149 41 225 212 181 235 118 240 187 84 123 226 170 152 218 91 
211 : 183 200 233 197 160 104 141 168 184 107 135 98 25 203 169 157 142 44 136 28 100 129 83 208 148 34 72 204 97 131 238 106 137 240 212 193 209 90 178 159 75 115 127 243 61 91 239 235 198 26 196 29 
212 : 28 139 111 40 51 165 113 148 80 25 216 173 54 177 120 221 233 128 114 117 58 93 86 245 155 202 63 206 231 205 103 208 59 168 219 156 200 143 140 196 180 78 42 246 
213 : 106 120 180 222 123 82 197 210 201 161 169 77 37 207 125 119 186 221 124 116 56 230 65 104 233 25 215 194 93 202 232 231 178 185 140 129 145 117 190 72 234 58 36 152 173 33 226 46 157 109 193 227 87 
214 : 36 49 75 110 90 224 170 82 230 205 169 122 243 100 28 37 72 42 190 132 155 162 134 93 120 203 249 60 112 76 164 115 240 78 123 228 219 149 242 77 39 161 247 196 103 232 26 189 147 188 81 148 241 246 55 220 231 204 168 48 182 198 27 142 167 71 165 207 
215 : 202 153 149 103 205 242 49 25 186 241 247 196 172 191 151 175 174 231 192 137 157 220 102 144 217 74 93 243 117 160 120 66 37 
216 : 84 83 25 147 235 47 81 240 73 99 66 109 107 133 124 169 140 67 129 123 190 98 224 188 245 142 91 202 119 90 61 
217 : 73 120 177 232 162 185 193 75 143 115 160 128 159 45 200 141 222 33 67 168 103 132 35 194 208 44 238 78 173 242 229 236 88 111 156 110 234 157 139 83 91 50 90 55 82 25 52 235 65 42 215 138 249 34 201 144 161 98 107 199 79 104 206 
218 : 226 162 128 101 165 203 191 247 134 156 98 121 68 36 239 218 141 209 92 133 171 81 83 48 161 122 217 235 100 157 64 176 79 43 166 242 90 103 51 234 241 111 149 173 225 145 154 174 246 198 61 222 144 32 39 236 66 30 82 137 184 196 193 183 229 168 106 55 89 177 204 42 44 102 41 
219 : 232 235 66 173 137 207 41 35 206 91 114 55 104 247 108 144 69 243 110 150 81 156 59 83 132 239 217 187 218 240 34 99 226 224 230 26 133 60 122 93 155 124 
220 : 174 37 68 163 186 217 146 43 242 44 47 91 56 122 86 62 151 137 199 95 120 25 207 189 154 96 192 145 211 158 130 
221 : 225 97 223 50 203 118 180 168 112 85 33 26 55 79 89 161 127 90 157 63 30 194 122 211 53 237 235 107 133 191 245 105 47 150 244 164 29 232 233 86 37 92 239 221 248 66 77 155 243 70 197 100 142 123 154 179 83 159 149 226 204 54 60 64 96 44 91 141 238 119 109 102 217 134 88 99 
222 : 65 210 76 223 83 222 185 41 245 214 164 119 156 61 189 182 184 248 114 230 141 100 124 231 170 84 143 36 49 159 152 217 28 44 69 121 90 195 240 139 151 73 209 225 27 88 165 135 131 213 218 35 80 127 149 215 243 153 57 72 234 155 107 198 211 48 116 227 148 161 144 89 220 111 196 98 99 192 101 64 138 171 197 207 85 55 120 
223 : 224 126 143 32 121 124 164 62 133 222 149 162 131 167 52 205 107 28 80 199 100 148 99 197 243 136 40 91 45 201 161 58 67 85 29 
224 : 234 160 89 177 207 117 225 59 128 143 46 188 57 81 53 115 170 67 153 162 72 124 109 82 37 158 140 145 148 242 90 75 54 106 184 92 127 71 166 222 125 34 25 76 58 104 218 248 55 176 217 42 64 38 133 169 151 246 60 150 236 168 201 141 155 136 167 224 179 88 233 83 142 227 235 79 50 157 163 187 
225 : 176 92 81 195 90 44 232 65 197 238 237 221 58 138 27 165 88 113 234 170 134 96 151 31 173 155 162 175 156 215 73 109 111 205 159 204 50 153 80 149 154 124 56 217 214 183 200 146 95 167 212 130 185 54 157 40 194 123 68 39 225 132 188 136 76 106 245 129 60 87 137 
226 : 66 205 192 70 74 143 239 218 156 86 222 113 246 94 193 159 67 69 171 153 39 179 216 48 34 30 71 160 95 177 208 234 47 204 42 244 108 163 72 100 201 88 62 129 166 233 58 104 117 144 199 31 
227 : 92 175 52 247 228 236 206 47 104 142 219 83 130 210 73 191 105 65 99 202 74 155 110 146 173 106 58 153 107 120 112 68 27 77 217 67 165 134 53 109 49 85 84 220 232 126 
228 : 138 55 67 245 40 192 28 235 238 69 190 202 231 142 124 216 38 246 209 48 220 26 183 241 201 158 77 243 122 185 101 227 33 219 228 182 75 100 43 111 199 104 73 99 44 49 154 79 83 150 110 203 127 249 170 151 177 135 155 143 103 42 145 141 236 57 193 217 179 191 102 
229 : 107 93 55 74 194 208 133 72 219 110 111 47 80 177 42 141 48 178 151 40 57 217 189 205 88 176 73 152 45 97 161 242 150 245 175 187 230 99 37 63 124 122 123 170 66 76 89 234 125 101 46 130 60 86 197 75 172 35 83 180 68 50 94 67 92 196 
230 : 143 220 217 134 98 211 126 27 170 116 242 147 161 38 163 33 90 245 69 193 224 182 81 246 57 73 55 184 119 159 138 29 207 232 71 243 229 222 87 234 59 107 46 85 58 40 76 42 225 132 104 218 102 103 31 189 136 210 244 112 167 174 200 128 65 154 190 115 164 158 209 194 204 131 185 169 226 192 142 179 176 155 149 198 72 45 137 152 106 93 241 196 121 96 
231 : 248 163 102 136 53 131 244 109 27 187 217 169 43 159 58 225 76 166 45 215 37 240 205 97 231 101 175 192 47 206 184 34 235 125 218 91 165 79 182 142 238 143 120 173 207 52 170 132 56 124 204 
232 : 106 73 83 218 74 139 170 198 162 60 126 232 67 213 103 178 148 135 155 229 219 141 201 71 230 205 127 248 244 182 194 177 114 173 87 184 100 27 200 98 88 223 
233 : 177 240 119 115 30 50 84 249 231 120 135 37 104 125 185 66 245 236 217 141 40 99 196 169 222 106 71 248 57 140 237 42 48 184 163 191 114 244 80 128 28 87 159 33 25 31 77 166 67 195 142 95 187 194 139 76 43 32 123 108 85 199 164 174 60 112 151 246 212 150 198 69 116 178 210 52 183 98 242 214 235 153 74 146 168 36 38 136 233 207 96 238 49 137 
234 : 97 57 29 170 127 157 70 226 233 125 159 143 132 218 144 52 67 206 103 46 174 87 169 181 160 228 180 82 135 200 234 81 166 69 192 209 95 173 45 77 94 80 227 182 163 199 124 110 154 30 113 197 244 142 151 202 126 88 92 123 236 84 176 216 134 38 133 152 214 188 150 241 239 148 99 63 172 177 139 232 72 
235 : 194 105 134 199 61 214 68 103 228 56 187 176 115 123 222 224 52 109 135 232 37 149 197 96 206 83 213 245 172 208 98 193 220 173 74 225 164 147 239 57 202 64 133 50 235 101 216 127 91 190 100 104 30 38 136 138 67 73 102 227 242 231 80 77 79 174 128 218 236 65 146 221 46 196 233 180 53 166 70 157 62 94 48 163 207 118 58 126 158 131 144 42 189 41 89 141 188 230 43 33 
236 : 204 94 179 120 40 154 84 106 119 73 155 227 167 233 219 220 86 74 42 217 189 184 241 201 158 102 147 229 27 190 247 188 123 96 57 185 97 47 136 210 142 177 95 26 216 157 135 173 195 112 166 238 60 39 98 52 175 33 169 46 132 141 104 192 81 92 85 146 76 139 194 35 149 110 225 105 236 66 65 161 248 196 70 214 174 87 
237 : 78 215 144 41 47 66 150 232 129 193 95 246 165 70 138 63 82 89 35 227 73 72 126 40 183 226 
238 : 54 121 218 104 97 155 132 143 205 27 138 168 110 83 50 51 108 203 159 209 199 140 79 56 139 236 215 48 162 227 75 61 127 151 78 180 62 86 46 144 137 
239 : 79 219 60 172 25 61 189 109 209 245 53 123 49 33 93 230 59 246 38 184 35 193 147 237 55 235 130 167 36 81 111 164 107 220 171 222 170 68 144 124 133 145 203 69 88 76 106 146 249 136 141 149 175 244 206 242 178 233 66 47 154 48 213 26 110 57 221 198 114 91 214 
240 : 35 34 61 246 132 231 55 41 114 195 65 75 198 241 158 222 221 199 117 139 193 225 229 143 50 214 230 213 160 236 51 228 113 138 96 118 90 191 168 128 147 136 32 81 220 54 205 67 116 40 208 172 140 219 95 145 98 217 56 204 120 248 215 190 129 188 53 130 70 235 28 212 73 218 174 194 66 153 33 112 170 183 71 89 102 48 209 78 173 232 163 
241 : 91 170 27 150 103 160 77 115 96 245 147 124 66 132 62 221 26 33 202 81 162 239 172 232 213 64 209 180 92 59 157 192 237 193 47 128 109 138 199 201 58 214 57 105 125 56 133 238 231 67 123 169 167 195 215 206 55 166 212 53 52 200 182 126 155 97 246 234 61 80 208 148 142 164 217 225 158 198 220 226 134 29 89 139 127 177 100 210 90 137 50 248 118 63 
242 : 74 237 214 154 40 149 164 179 171 172 69 36 44 142 200 79 128 107 28 95 90 130 206 104 190 27 68 102 158 54 114 231 88 87 143 150 245 77 140 62 
243 : 207 231 70 169 171 238 136 99 40 243 225 67 139 41 112 55 35 226 58 96 46 61 36 108 214 82 144 129 63 188 77 119 127 137 193 147 230 190 172 76 184 31 
244 : 56 83 111 133 160 81 96 69 49 80 169 60 167 85 246 159 94 149 155 219 134 152 218 142 201 154 67 244 173 32 198 93 84 34 57 75 204 158 168 193 171 25 101 227 225 189 179 191 166 124 148 221 110 76 129 145 62 141 38 199 116 28 68 240 98 123 210 128 185 232 235 73 71 153 170 243 182 70 217 27 112 190 195 63 91 
245 : 118 221 44 151 30 58 87 66 117 89 178 224 81 113 208 124 176 228 53 171 139 72 186 136 103 220 207 209 138 82 216 90 63 162 78 27 35 200 157 49 52 204 188 199 248 110 129 
246 : 75 116 204 51 117 70 104 218 237 185 124 166 80 110 173 199 47 247 100 60 195 168 96 81 91 119 86 236 59 30 50 230 182 107 88 93 94 229 169 240 142 148 159 121 136 160 61 133 165 126 112 85 108 163 43 177 130 210 196 54 239 139 63 152 106 84 212 73 69 151 27 140 138 211 115 87 244 209 143 146 99 
247 : 138 43 153 186 168 162 229 58 179 78 164 119 205 194 235 50 45 120 133 66 130 167 70 60 134 108 243 124 125 93 199 31 230 80 156 149 182 25 109 176 42 239 203 215 244 32 159 150 202 101 94 27 69 51 
