0 : 213 205 215 93 25 220 99 123 206 44 91 193 29 135 151 234 72 184 61 160 50 200 106 110 77 132 223 90 218 230 179 207 154 157 159 138 196 224 232 122 225 84 114 73 165 119 55 125 
1 : 202 82 240 62 67 61 208 57 135 138 69 63 186 195 164 109 189 95 178 68 148 114 170 160 80 104 112 120 51 143 30 161 
2 : 239 139 30 186 28 196 119 163 162 117 199 203 194 238 220 178 176 172 222 125 124 127 241 219 153 140 145 63 112 211 184 195 210 118 100 221 35 79 160 102 
3 : 124 32 172 173 236 127 158 135 147 160 180 86 88 214 148 203 210 66 121 241 157 246 238 44 213 59 176 107 189 175 184 55 165 95 201 125 
4 : 193 196 135 126 177 73 143 32 68 42 34 25 200 154 86 36 96 103 72 227 50 147 182 66 84 224 222 132 51 127 156 234 228 246 87 79 64 157 166 109 40 229 164 83 43 70 105 211 58 
5 : 54 218 132 200 145 122 240 232 71 33 178 124 221 169 53 225 86 219 93 182 95 59 80 227 204 192 67 47 171 73 65 167 238 248 114 244 27 187 242 193 163 
6 : 229 47 69 107 138 82 110 211 141 176 61 205 62 150 73 175 152 174 101 177 85 79 67 217 143 111 188 132 237 86 186 25 64 144 
7 : 154 225 214 144 189 60 61 114 168 32 72 139 208 190 68 205 175 82 63 95 50 141 218 111 118 234 172 123 241 65 180 29 44 169 48 217 195 192 152 149 240 58 66 92 127 54 121 
8 : 98 154 149 153 184 139 177 59 108 176 249 52 76 179 242 215 49 187 106 166 117 53 217 92 83 89 114 91 198 115 248 74 165 240 159 158 192 132 109 210 162 97 201 182 209 180 70 227 42 157 175 69 
9 : 109 160 194 171 37 86 47 132 90 223 81 146 173 38 169 63 167 248 102 203 31 28 144 145 76 216 229 139 238 33 25 115 110 154 245 217 130 70 125 111 172 128 46 136 186 
10 : 95 46 119 96 48 185 85 60 99 71 226 121 214 137 40 195 29 193 74 125 30 34 145 54 86 222 208 84 241 152 31 142 207 176 100 184 187 44 198 174 32 102 191 165 209 163 109 67 177 115 236 123 
11 : 47 145 248 152 220 230 129 198 124 203 188 131 169 150 87 184 37 76 234 187 207 148 162 189 138 222 206 212 127 84 157 
12 : 185 34 72 154 232 107 183 157 165 219 238 86 118 132 108 53 184 155 111 162 249 133 110 226 109 247 36 147 31 29 221 99 85 71 151 73 213 114 32 45 235 205 146 179 51 241 
13 : 184 84 67 52 82 246 196 141 146 229 243 119 175 150 93 236 48 221 41 62 107 212 170 220 169 65 75 32 
14 : 227 243 38 70 87 121 72 209 160 81 108 165 150 79 220 193 232 83 147 94 186 71 226 45 77 237 68 82 46 97 39 166 204 57 25 
15 : 98 247 216 173 36 90 82 178 92 31 164 226 192 139 84 205 234 64 95 45 137 208 151 153 124 96 210 94 28 212 232 243 175 129 47 81 202 146 70 224 168 87 244 41 161 197 142 67 233 127 76 200 57 
16 : 221 153 108 59 210 179 146 198 215 56 233 135 112 61 128 143 208 57 53 160 63 161 142 29 163 131 218 243 191 188 154 107 38 
17 : 87 241 247 182 54 134 79 52 202 117 160 127 132 82 123 43 129 27 192 197 115 133 179 156 178 130 199 64 59 239 237 144 232 142 174 104 103 233 173 75 126 91 166 210 47 248 212 148 249 107 112 172 62 
18 : 233 127 78 65 40 85 241 173 157 205 185 202 118 111 126 86 194 130 31 99 32 135 103 69 112 247 229 175 131 206 88 230 
19 : 95 165 144 217 89 211 54 46 224 248 159 126 210 69 181 146 184 192 117 87 101 244 199 63 68 35 209 96 73 150 94 125 139 167 200 39 134 74 153 45 172 226 98 53 161 156 148 187 220 
20 : 92 72 100 243 228 111 156 202 232 43 207 74 167 73 96 197 104 87 90 208 193 123 34 97 171 47 35 166 114 65 187 144 56 
21 : 56 60 88 120 90 221 190 197 49 160 185 232 248 102 244 208 192 174 229 182 132 114 171 107 115 235 42 53 62 79 203 119 163 202 85 204 76 75 172 117 167 52 148 44 123 33 210 168 77 169 58 226 30 
22 : 107 65 85 204 141 28 240 45 136 111 229 132 86 123 38 63 142 195 233 87 93 76 223 139 66 62 200 161 246 224 95 128 220 57 67 196 29 154 171 140 248 88 225 126 
23 : 221 191 91 29 233 47 112 70 113 68 165 66 149 182 67 129 119 86 223 148 227 166 198 212 40 180 
24 : 160 100 59 143 117 39 126 90 141 120 149 243 55 107 26 136 227 166 109 223 167 82 80 199 233 186 121 245 213 148 232 94 34 73 113 92 89 210 193 47 152 221 32 159 237 81 183 182 102 29 
25 : 198 149 37 193 35 138 125 109 34 36 159 229 128 102 115 114 108 239 124 181 117 45 39 66 205 72 82 70 80 88 236 
26 : 125 232 202 33 104 180 39 223 54 123 130 159 77 229 92 64 157 168 86 236 141 161 191 59 217 82 53 174 233 164 28 207 34 138 205 40 241 154 103 227 237 48 163 76 87 56 181 
27 : 106 225 68 65 137 166 171 157 67 125 185 219 120 76 165 230 151 193 25 167 46 126 53 88 93 189 84 92 197 222 119 59 48 188 109 105 102 43 60 162 107 
28 : 243 55 104 111 159 49 235 73 134 189 93 107 117 200 57 106 129 242 228 136 105 90 74 198 240 98 92 239 75 138 226 114 241 197 96 199 186 70 185 225 66 38 
29 : 107 152 175 29 171 102 172 192 184 148 146 220 88 54 97 133 110 182 69 218 36 234 85 112 176 187 244 225 168 93 68 92 116 27 147 108 114 165 221 235 118 237 131 160 
30 : 81 165 160 196 121 246 68 161 140 105 117 38 168 232 174 35 109 62 133 119 47 159 187 147 70 134 
31 : 248 84 147 140 38 169 70 187 50 81 31 146 79 126 86 145 185 241 131 210 199 135 119 182 109 240 223 65 
32 : 198 91 132 97 216 55 248 29 150 46 80 147 32 125 44 77 171 92 98 87 74 247 224 71 102 118 245 225 209 244 217 
33 : 31 76 172 177 203 32 30 147 170 156 92 242 246 53 183 110 80 194 27 158 239 202 226 249 86 192 61 191 75 234 121 114 140 
34 : 248 134 242 232 132 206 49 173 196 200 121 179 62 67 89 239 162 51 81 197 33 69 226 102 212 153 243 222 170 68 180 165 131 146 92 64 182 88 228 35 218 156 194 198 225 207 149 124 46 214 
35 : 184 104 87 148 229 50 206 57 27 73 129 121 204 155 237 221 45 182 110 56 208 223 95 31 33 117 176 132 142 123 82 
36 : 102 114 213 223 181 121 40 52 94 233 238 44 164 124 239 168 139 86 76 245 209 54 232 63 85 45 162 208 53 
37 : 223 249 63 131 180 170 209 164 234 133 203 246 151 242 139 56 193 58 126 160 194 121 92 161 213 201 221 163 46 59 49 152 197 117 100 94 215 61 174 190 43 186 150 35 198 113 191 
38 : 155 192 211 134 37 64 190 108 73 248 173 178 205 102 245 98 212 234 78 74 87 90 107 158 183 39 222 148 149 239 159 210 
39 : 116 119 144 104 205 194 241 115 95 64 89 188 234 153 32 228 74 150 63 107 101 168 45 44 243 138 108 94 40 163 
40 : 158 127 133 208 248 71 130 61 64 186 68 53 164 52 55 215 37 100 124 29 36 225 234 235 156 45 212 101 221 207 58 176 206 91 227 228 88 230 157 63 108 67 214 
41 : 230 74 219 243 66 164 157 174 187 183 55 106 204 156 119 186 40 69 203 134 136 96 202 132 36 248 34 149 131 232 100 98 123 246 154 193 218 227 163 68 115 159 139 208 220 42 
42 : 79 241 88 223 49 178 154 181 98 238 200 85 96 148 228 41 69 239 150 172 34 213 218 51 215 247 225 184 155 38 78 103 120 164 212 56 171 77 193 230 54 245 74 
43 : 116 132 76 28 192 49 90 212 55 210 47 115 181 103 175 97 198 239 31 226 35 125 141 27 232 86 122 196 96 243 146 
44 : 36 56 85 196 210 218 106 28 191 163 219 221 225 59 235 229 241 88 233 155 105 242 101 192 63 126 78 248 205 157 224 173 167 199 189 158 139 80 42 161 131 35 76 98 96 
45 : 217 68 108 110 163 49 59 103 218 219 142 234 123 31 115 159 156 185 151 192 189 236 118 84 157 28 178 122 141 55 52 238 195 131 211 223 45 134 93 121 
46 : 29 87 72 121 104 229 239 47 33 181 217 205 140 183 168 196 25 163 101 135 37 129 185 236 105 56 225 209 46 222 166 134 170 247 64 108 50 136 159 230 99 103 193 216 28 248 147 233 162 53 249 
47 : 132 129 135 228 214 155 247 75 119 210 216 128 212 205 26 208 151 138 146 156 161 152 248 162 176 102 154 230 245 175 185 141 42 213 36 163 241 157 238 40 78 178 223 160 221 39 77 32 249 211 
48 : 212 117 192 178 66 197 34 64 224 75 65 86 154 186 165 67 122 164 103 110 95 202 96 87 148 140 134 
49 : 174 226 136 115 110 34 55 157 241 73 44 246 78 54 247 82 138 227 150 134 233 203 155 133 140 146 86 39 148 67 52 244 231 175 161 118 112 30 170 
50 : 167 77 171 239 139 241 36 221 140 68 38 47 37 69 70 126 112 136 114 157 242 41 122 218 31 42 71 105 247 39 166 117 92 245 58 29 217 231 132 48 33 115 144 130 170 182 220 59 227 30 40 50 
51 : 190 124 135 37 239 84 79 127 45 95 180 197 50 217 137 130 77 173 69 92 96 229 122 88 232 242 226 228 246 38 123 
52 : 161 42 241 114 141 213 57 194 210 145 34 229 80 240 159 158 100 191 143 181 69 242 90 224 193 82 75 
53 : 74 225 63 55 232 145 193 201 162 175 80 72 238 152 117 247 178 228 184 113 27 230 235 226 35 119 210 
54 : 201 174 182 144 132 43 77 227 208 217 199 220 235 234 89 123 74 247 147 48 236 214 197 71 78 58 91 94 82 178 240 33 93 223 47 239 126 119 161 76 243 233 222 40 
55 : 162 112 184 142 128 147 129 139 221 97 92 85 133 211 87 123 39 79 169 175 62 93 81 75 227 108 159 114 116 90 219 149 225 72 48 209 46 242 207 45 124 216 
56 : 239 210 199 77 180 34 196 82 141 35 106 50 133 246 198 145 226 47 166 153 71 60 189 249 107 178 217 36 75 183 202 135 57 154 44 197 120 193 
57 : 229 236 196 71 88 86 65 162 28 50 119 192 187 176 36 94 168 234 89 58 53 230 191 245 40 188 90 221 148 203 143 56 62 121 82 238 141 113 167 209 152 241 108 204 208 68 223 219 132 183 91 173 
58 : 156 34 53 191 182 47 92 248 111 190 50 119 210 203 49 183 54 196 214 189 86 173 51 194 66 57 106 35 
59 : 181 233 46 213 131 141 44 197 118 57 230 154 137 34 196 130 172 238 235 96 66 64 90 206 163 107 217 162 186 115 176 222 140 158 111 123 60 210 225 156 229 87 189 182 187 208 102 228 70 91 139 
60 : 243 161 234 107 32 144 204 163 53 116 101 31 132 181 146 118 178 80 29 212 43 191 196 197 143 87 179 154 142 25 246 93 
61 : 146 91 156 211 125 228 234 194 197 192 188 177 40 203 245 236 135 249 61 178 115 41 242 99 222 120 151 190 84 168 180 64 202 69 27 110 247 173 166 79 158 150 122 54 88 181 174 35 241 77 
62 : 79 90 166 148 248 45 86 181 112 146 56 82 176 234 180 243 102 47 214 123 103 224 173 84 121 78 204 68 94 101 113 161 218 160 144 244 107 242 64 
63 : 37 65 164 191 81 175 134 210 34 35 103 130 25 106 173 71 195 143 158 223 249 150 140 192 92 101 205 57 46 36 184 235 80 55 73 238 207 
64 : 244 137 34 66 89 173 178 93 182 30 193 26 110 58 120 172 200 174 229 239 101 185 165 153 98 181 160 37 74 180 106 79 144 31 226 86 223 225 164 109 90 145 233 33 42 162 207 139 202 68 130 216 155 
65 : 99 53 182 101 59 89 54 51 77 72 140 82 216 104 119 31 228 172 95 240 226 50 48 200 219 237 75 185 201 180 241 126 170 
66 : 241 109 87 172 93 121 35 89 243 127 205 132 38 59 203 75 100 162 210 180 138 72 190 145 135 244 217 209 198 149 200 212 41 174 50 66 124 78 
67 : 237 41 206 67 48 100 94 30 122 93 176 73 229 137 34 169 25 234 66 87 52 118 141 124 37 110 86 101 186 153 212 59 193 
68 : 47 80 129 58 67 221 196 90 64 50 55 117 130 91 98 226 215 223 68 161 211 241 236 38 48 81 88 185 197 168 187 206 
69 : 116 49 176 88 43 246 105 69 236 242 199 97 227 150 213 202 182 83 99 225 163 57 75 35 164 154 
70 : 162 207 91 186 161 159 212 85 143 215 231 137 223 46 221 127 47 36 166 224 80 78 199 90 48 25 244 129 79 114 66 102 108 190 247 109 175 40 147 150 45 182 158 69 218 117 243 203 107 122 148 
71 : 117 74 73 227 238 29 190 184 151 114 237 34 143 185 71 76 179 153 215 100 51 128 90 40 145 
72 : 142 62 99 53 186 126 103 145 214 49 150 75 148 88 63 96 244 100 169 220 207 163 55 183 217 239 41 101 197 31 160 57 32 45 190 146 151 128 138 221 
73 : 121 246 170 64 113 227 109 210 140 135 110 132 223 155 168 126 209 79 37 74 122 218 234 149 93 71 33 108 28 136 248 213 195 75 127 123 103 62 34 179 51 41 199 192 211 187 196 156 83 175 215 
74 : 50 93 95 114 205 204 241 105 200 137 35 117 74 244 101 119 160 126 166 152 82 91 102 217 48 109 71 224 231 107 49 
75 : 236 164 60 64 219 44 238 32 177 95 217 88 185 83 123 106 63 116 184 237 114 183 87 209 159 248 193 171 31 208 57 182 
76 : 62 239 75 123 114 244 151 152 174 196 68 246 248 236 51 57 240 179 41 145 226 142 133 27 215 223 224 77 168 202 108 126 173 61 158 232 65 160 243 139 
77 : 249 62 145 216 91 108 76 118 181 116 110 49 54 66 75 73 61 63 45 106 52 103 87 68 220 197 191 47 144 94 235 51 83 173 229 
78 : 225 156 133 213 81 100 212 51 83 230 143 61 30 118 226 80 139 232 47 144 54 175 186 160 192 236 209 66 248 57 77 121 127 198 163 105 32 113 206 33 92 211 142 200 193 195 
79 : 144 224 187 193 56 184 166 125 117 160 176 135 52 240 194 239 115 48 126 180 122 185 154 241 99 247 109 161 164 93 98 40 28 
80 : 84 165 134 215 48 78 125 96 58 188 97 93 106 156 205 114 102 118 224 229 86 89 176 77 60 167 197 212 225 186 208 209 162 164 
81 : 90 134 167 76 111 28 96 203 176 173 191 189 230 121 177 132 241 29 94 63 193 123 247 71 122 130 106 194 107 172 199 192 37 40 187 124 223 219 95 228 68 50 27 72 153 175 39 105 151 32 155 195 
82 : 135 70 76 246 116 131 112 230 86 187 134 221 214 49 240 64 103 177 153 94 170 96 29 56 181 25 79 59 95 123 110 158 75 152 222 43 235 52 190 82 205 188 141 210 166 
83 : 83 193 46 101 26 36 130 168 109 82 56 201 166 170 40 78 115 50 145 227 162 68 229 27 49 147 242 55 64 218 117 179 249 143 233 43 103 35 85 226 58 160 88 
84 : 170 137 192 43 154 86 233 216 205 191 240 242 206 212 186 92 103 209 106 54 237 91 172 52 123 219 178 119 190 139 48 
85 : 163 226 150 182 143 133 66 249 242 214 156 248 167 97 229 174 201 193 220 104 139 177 194 152 195 199 140 175 99 235 165 200 236 203 28 52 30 169 31 166 207 231 183 125 179 29 205 240 44 
86 : 154 116 78 37 223 69 75 98 204 146 177 149 130 114 233 222 36 184 115 108 133 180 128 188 176 66 175 159 218 147 219 123 220 71 
87 : 77 98 237 50 70 32 202 85 115 229 163 47 143 41 185 218 92 38 37 236 166 221 69 123 56 158 227 197 112 182 241 180 59 194 64 121 116 211 192 
88 : 103 239 121 78 53 49 40 234 120 207 145 38 31 177 29 152 191 226 175 50 240 221 162 87 230 28 198 116 115 167 43 75 141 150 82 179 109 206 204 102 61 66 101 172 107 176 
89 : 127 162 151 133 187 71 92 244 232 101 213 193 190 122 52 93 236 195 217 25 110 31 125 198 105 200 95 240 55 242 183 67 103 204 124 210 129 152 107 62 42 208 143 28 209 197 199 34 177 
90 : 176 181 219 132 166 217 67 97 213 193 64 215 223 99 248 222 30 150 98 83 100 92 122 146 196 230 73 227 192 218 171 77 202 114 142 129 221 117 87 185 194 84 173 
91 : 211 231 154 159 232 41 215 88 245 196 112 242 100 107 75 28 223 177 241 156 82 49 199 130 216 135 171 192 94 238 246 96 169 167 56 181 
92 : 117 135 106 228 230 205 231 127 202 125 31 86 87 102 225 91 119 173 169 221 152 64 198 212 27 112 48 143 179 124 150 171 148 147 177 200 30 
93 : 172 67 238 136 179 214 54 91 110 242 78 112 182 198 216 152 31 212 167 143 72 102 192 163 60 188 199 104 96 227 233 132 
94 : 168 146 167 95 89 115 98 191 71 211 195 78 170 151 233 210 30 140 247 104 165 41 118 79 207 85 122 205 190 238 68 42 248 232 117 113 213 93 171 28 169 175 52 155 226 60 96 212 163 126 83 
95 : 126 197 222 176 144 181 141 97 148 62 133 143 234 81 223 92 227 182 51 33 168 190 68 147 73 212 129 122 37 167 175 
96 : 185 78 189 82 50 129 230 94 201 40 30 126 151 46 35 236 156 132 169 192 95 134 32 215 72 203 68 63 150 208 97 167 128 89 47 34 114 83 55 123 
97 : 143 77 42 184 228 72 76 58 213 29 140 146 172 235 116 141 55 100 114 162 210 47 223 174 81 105 215 113 97 120 148 243 206 68 112 
98 : 229 34 122 101 53 126 71 74 82 87 167 59 117 36 191 161 31 142 138 79 137 28 128 183 76 100 72 108 70 150 169 90 123 99 197 41 133 50 43 139 233 206 
99 : 127 144 110 100 240 201 191 198 80 136 186 161 34 48 77 249 87 210 124 96 40 47 112 169 160 231 35 60 43 163 153 218 56 199 205 181 156 172 236 241 248 232 59 84 54 
100 : 77 186 157 130 227 134 96 223 60 202 90 61 181 25 80 224 170 139 177 27 172 32 209 192 215 132 113 86 152 51 70 210 200 42 63 41 65 98 198 
101 : 38 235 247 187 51 212 157 231 42 127 180 202 178 79 182 240 213 195 175 205 28 118 184 119 103 145 179 185 206 121 
102 : 176 148 49 169 44 63 65 104 233 241 165 222 125 36 35 139 231 236 216 156 193 174 43 240 242 207 69 26 90 119 110 32 45 249 37 137 25 121 67 79 
103 : 249 191 201 148 155 131 208 109 67 149 182 161 127 172 145 222 105 217 197 65 151 129 228 104 176 164 163 227 175 30 132 169 79 43 48 86 215 73 
104 : 216 123 135 143 43 107 240 165 68 168 148 63 55 197 75 48 37 222 101 69 79 112 170 59 138 243 83 194 94 137 228 
105 : 190 152 154 146 58 83 62 111 135 56 81 104 197 88 84 196 236 136 156 201 148 202 98 48 89 87 203 211 55 65 223 207 137 139 114 26 179 141 68 103 224 162 213 79 99 57 174 42 
106 : 30 82 156 97 140 213 188 210 225 170 96 237 110 111 157 33 59 231 162 40 184 216 201 187 114 48 
107 : 115 125 74 229 210 201 190 71 181 65 73 42 156 234 177 212 58 80 127 130 34 151 241 244 145 124 35 247 90 216 53 154 211 168 132 89 230 
108 : 70 37 146 131 209 206 80 198 66 172 32 49 92 193 234 160 63 107 125 65 27 112 199 232 119 91 237 122 220 54 148 57 51 
109 : 113 166 41 68 154 69 87 220 139 132 213 203 71 108 126 124 182 185 78 88 117 82 234 140 134 201 115 106 48 90 50 97 146 85 83 161 157 230 227 160 74 65 26 210 229 28 198 102 43 
110 : 166 34 240 76 127 236 248 147 206 103 249 94 32 191 188 75 68 88 29 122 71 159 189 235 162 183 140 234 110 237 244 45 
111 : 158 65 218 186 118 199 46 156 106 67 246 136 229 102 165 226 63 80 66 240 171 224 117 204 104 157 129 223 247 214 82 86 84 209 57 26 152 121 191 242 169 116 89 42 185 31 101 216 149 164 115 33 61 
112 : 129 146 40 185 51 67 48 62 112 247 72 34 220 171 180 244 190 162 87 56 93 205 75 239 230 234 219 36 151 96 192 35 213 142 243 
113 : 183 242 227 101 113 157 81 58 224 148 39 197 48 204 96 79 89 164 67 64 146 116 167 33 56 100 66 193 73 44 188 181 213 
114 : 36 171 144 239 94 225 184 105 78 111 193 232 71 242 159 216 147 133 75 76 103 154 114 218 106 156 26 104 179 198 69 217 56 160 228 125 155 157 170 58 127 188 187 189 130 166 64 28 97 233 
115 : 124 213 57 211 84 87 55 126 107 141 180 66 201 238 51 176 36 131 209 171 231 42 230 34 41 203 232 74 129 152 243 99 40 221 52 120 
116 : 145 232 128 86 159 155 192 50 55 41 92 201 104 33 48 88 39 205 94 135 169 85 219 188 233 
117 : 167 145 94 198 186 224 136 41 74 71 199 111 140 139 86 113 51 173 190 30 107 154 33 50 215 49 210 
118 : 160 117 207 63 218 43 156 42 187 178 30 113 89 64 240 70 50 119 183 105 29 59 32 208 161 213 167 68 
119 : 45 44 117 222 79 190 191 194 148 68 229 84 177 55 186 158 81 42 162 93 61 169 181 83 247 216 192 217 125 
120 : 69 188 72 41 32 226 183 89 53 44 220 59 33 137 225 113 230 232 123 162 115 139 129 154 124 173 97 131 114 128 92 238 75 43 149 68 207 249 189 91 199 110 
121 : 131 60 79 65 34 192 53 100 26 101 163 227 207 48 187 74 88 130 146 85 212 237 75 193 35 209 39 46 68 204 238 76 43 77 110 109 125 58 234 102 228 28 182 200 104 
122 : 240 71 46 144 162 138 49 108 170 229 232 220 156 227 219 139 247 35 128 187 47 166 58 81 118 239 101 119 42 249 70 65 62 
123 : 246 116 40 85 130 100 201 240 202 145 25 110 39 31 235 239 41 117 78 143 157 91 175 223 66 186 198 125 213 242 36 237 245 191 68 188 111 219 212 63 90 241 74 114 197 54 221 179 133 196 96 126 
124 : 113 138 110 159 236 61 81 181 27 232 227 128 177 235 161 40 207 122 220 76 105 190 208 178 51 141 142 204 43 
125 : 249 248 219 117 56 171 218 52 141 193 247 130 196 238 41 136 50 62 27 146 25 83 198 82 221 100 60 245 65 197 241 30 149 182 201 94 115 104 216 61 106 183 194 224 58 170 74 77 47 
126 : 152 55 34 211 87 78 195 46 236 185 79 189 220 70 90 80 95 49 76 132 58 158 82 61 65 172 69 113 83 94 168 89 169 53 47 135 205 106 97 31 91 232 138 128 122 244 40 104 228 
127 : 174 38 172 247 84 175 203 231 241 142 190 189 148 72 176 217 192 245 227 88 107 106 111 40 117 210 79 230 48 133 225 149 243 180 246 62 31 141 92 228 206 159 229 186 158 
128 : 167 33 70 56 29 135 30 247 147 50 221 174 189 89 150 209 52 79 146 110 78 40 241 166 192 195 132 242 205 49 113 243 90 99 136 
129 : 244 199 197 91 219 188 110 57 134 80 212 204 216 245 41 184 130 154 56 173 79 146 96 32 247 147 227 135 40 129 171 
130 : 116 230 246 170 159 131 142 26 79 59 233 224 171 99 51 138 32 209 56 242 94 181 82 40 177 112 212 76 149 
131 : 136 199 234 114 86 227 198 239 207 98 176 109 159 80 97 111 31 200 160 94 39 229 221 116 33 32 
132 : 173 68 81 202 107 230 58 148 126 247 93 231 224 69 97 219 115 50 203 180 226 182 53 167 145 204 129 130 
133 : 109 174 148 175 186 180 182 36 79 177 107 216 221 39 90 106 185 141 205 77 209 102 119 143 66 150 156 164 49 226 74 146 245 61 184 
134 : 65 163 81 215 169 189 155 118 168 103 64 180 115 41 167 194 43 26 165 50 69 27 177 200 152 120 145 68 164 40 33 57 181 75 202 62 190 129 195 149 39 230 42 61 47 157 238 207 188 31 147 78 
135 : 42 58 120 165 28 166 199 240 78 55 26 128 121 160 170 38 187 173 244 157 44 174 77 241 59 152 229 176 180 216 53 109 125 198 32 163 164 37 102 149 162 119 70 225 168 148 181 63 167 129 138 47 232 
136 : 70 75 188 41 192 234 162 170 39 58 57 102 68 224 147 154 101 25 113 148 90 210 213 140 223 38 198 
137 : 237 204 181 166 78 208 80 175 153 105 172 118 132 74 102 81 219 193 170 178 214 68 71 151 53 162 39 248 75 154 241 77 99 137 122 104 98 156 46 145 70 126 51 59 158 34 197 228 112 
138 : 113 148 160 134 194 190 141 93 116 224 84 28 47 166 35 38 109 59 220 98 132 183 114 201 204 25 26 130 52 133 50 155 60 177 65 118 131 
139 : 109 140 242 164 179 138 96 48 218 34 121 221 90 165 31 75 32 83 40 247 223 219 127 84 107 235 198 102 114 192 173 211 106 
140 : 242 86 75 111 222 211 243 79 88 142 127 183 89 180 132 56 33 230 215 166 50 162 139 179 27 62 171 41 140 228 154 36 146 212 245 227 225 204 194 
141 : 107 158 218 32 79 30 204 37 240 64 162 217 195 42 175 95 140 226 33 219 61 225 245 216 72 117 138 131 134 163 193 86 62 89 176 68 
142 : 125 49 129 81 242 31 211 107 128 103 248 190 135 223 104 92 162 196 123 147 74 117 64 79 53 146 193 207 240 80 165 87 245 89 177 220 41 233 184 83 
143 : 208 144 88 221 182 42 169 99 191 116 214 128 137 48 234 44 206 154 183 142 225 235 63 219 239 40 126 106 70 172 241 87 103 171 204 41 240 33 28 249 224 81 226 
144 : 232 215 240 164 205 239 185 247 144 218 88 45 243 220 71 186 33 66 206 102 143 148 154 51 48 222 128 108 41 93 238 30 151 92 110 188 141 196 116 53 25 119 198 84 233 54 230 76 203 217 112 245 
145 : 162 125 147 137 229 42 79 168 71 163 225 91 189 248 36 228 174 221 45 97 130 187 30 113 28 219 140 184 136 
146 : 144 99 33 93 172 156 126 143 98 179 135 103 183 46 168 35 229 70 213 236 29 210 87 230 226 195 100 193 208 197 105 216 188 163 
147 : 81 138 203 249 218 134 230 84 121 204 124 183 57 71 239 33 55 109 235 27 107 58 219 40 129 45 205 77 44 153 96 137 130 94 36 60 160 43 182 102 62 154 168 244 25 82 167 227 199 114 152 238 
148 : 192 222 88 232 184 78 69 204 44 179 229 145 198 196 121 231 235 227 247 111 94 119 171 59 160 230 238 163 118 154 60 144 151 194 75 54 115 62 97 147 42 216 
149 : 117 100 234 44 214 164 235 153 47 60 161 154 156 33 182 86 163 173 186 150 96 219 177 157 108 155 76 115 51 126 229 
150 : 141 203 148 89 196 83 200 119 26 118 244 144 232 63 133 80 210 151 58 31 145 204 139 176 57 207 99 158 161 90 84 71 194 107 219 137 191 154 54 227 179 67 247 68 128 85 36 108 180 214 66 
151 : 69 45 123 60 73 135 228 149 92 154 100 93 130 59 102 84 241 157 188 182 76 79 114 213 54 36 144 146 159 207 89 176 152 170 
152 : 79 41 229 239 194 90 83 100 72 95 142 136 26 222 160 37 184 187 180 192 135 91 82 109 218 248 173 231 102 199 217 246 163 85 28 241 148 48 139 44 232 205 114 
153 : 240 244 29 54 144 102 42 30 100 164 238 246 92 40 33 204 184 182 174 60 145 173 232 82 75 142 133 124 172 95 140 210 104 
154 : 117 119 113 202 44 158 101 91 64 137 248 215 121 246 235 198 84 63 143 151 96 190 169 162 223 164 43 247 36 57 145 188 34 127 233 29 138 217 60 146 228 76 174 221 66 111 77 48 133 180 107 171 25 
155 : 234 172 230 154 110 117 245 101 143 136 44 99 195 91 174 223 189 135 210 119 29 204 203 196 113 226 238 224 125 93 106 142 62 102 64 219 89 37 155 156 140 207 148 182 36 170 131 56 96 228 69 90 39 
156 : 91 245 159 152 96 232 201 122 241 78 117 215 50 151 229 126 119 160 141 127 90 219 214 220 29 41 163 155 
157 : 215 166 110 63 177 33 176 82 56 190 174 104 149 159 195 226 227 202 98 241 40 114 242 88 153 94 170 45 48 107 
158 : 204 210 224 218 113 148 208 233 72 89 239 56 85 152 82 181 119 53 135 105 104 112 61 144 123 71 40 109 155 122 188 126 194 97 213 45 111 236 91 75 134 157 66 
159 : 235 149 139 230 116 46 238 93 27 224 43 54 121 31 221 108 113 134 33 100 206 107 153 120 49 112 126 67 101 198 122 51 129 131 30 55 177 90 
160 : 165 244 72 86 105 60 139 31 215 93 153 161 148 30 41 186 192 232 141 216 138 55 134 99 97 189 44 126 197 89 239 111 164 85 146 213 221 52 27 162 84 220 196 119 
161 : 91 70 173 185 28 249 152 195 217 95 209 154 87 46 196 199 240 67 32 44 78 158 60 43 248 238 110 111 97 63 66 148 112 223 55 49 94 232 221 51 45 39 35 222 101 159 71 
162 : 46 106 152 224 165 237 26 82 201 57 88 248 157 249 242 150 189 80 185 182 116 52 131 102 171 78 204 70 221 240 95 60 190 81 44 
163 : 143 103 40 120 72 191 30 144 229 224 124 68 66 104 225 36 246 126 138 64 48 122 248 207 58 196 111 71 78 242 109 127 163 201 
164 : 228 52 224 147 184 238 150 133 75 100 243 151 72 195 66 215 113 65 39 97 129 199 248 141 38 172 163 108 135 165 186 125 146 205 82 226 126 162 93 229 207 37 87 110 168 138 245 35 211 188 
165 : 51 178 64 162 202 65 208 173 29 234 232 70 145 110 212 32 92 150 246 224 245 40 209 229 60 85 47 36 242 44 82 205 206 174 168 152 88 37 109 228 153 124 247 46 184 69 166 84 139 118 76 
166 : 219 34 105 201 132 138 80 153 124 151 61 129 40 106 68 234 137 223 113 109 114 175 237 42 241 244 205 146 115 94 140 120 
167 : 111 226 159 127 163 113 183 220 108 181 110 190 114 36 84 86 82 168 238 89 53 192 121 247 233 133 28 166 96 40 78 
168 : 61 130 209 141 64 132 78 89 174 71 125 225 118 119 226 230 42 54 150 148 135 176 249 190 36 116 46 236 235 185 
169 : 148 106 240 184 86 72 245 218 189 190 243 34 139 51 168 74 179 211 199 194 222 63 57 141 233 111 90 91 227 50 114 140 36 220 121 150 176 68 96 210 77 155 119 224 248 134 196 205 
170 : 120 140 206 78 114 64 168 159 209 142 43 133 231 236 249 181 97 77 35 37 108 102 221 54 90 
171 : 45 243 220 130 135 174 73 198 212 204 218 122 50 37 94 172 221 119 235 62 244 105 47 216 169 214 167 168 236 136 61 32 95 195 146 42 205 
172 : 167 97 93 194 140 27 216 41 100 118 137 163 82 89 73 165 206 171 63 202 121 74 168 98 210 139 55 247 67 112 192 235 61 
173 : 245 110 32 64 39 96 183 176 59 99 195 232 95 217 132 67 168 89 125 208 246 164 65 204 106 26 82 35 192 143 134 
174 : 130 226 70 57 198 172 60 152 113 176 32 231 209 37 180 248 147 182 170 42 244 125 191 89 184 214 88 44 185 177 215 196 53 50 202 74 193 203 162 186 192 
175 : 154 62 170 110 70 212 106 124 161 224 225 139 41 38 147 184 138 90 199 158 213 228 159 218 234 194 100 137 82 196 239 151 169 88 74 85 148 93 182 80 178 76 146 193 
176 : 91 81 104 206 120 218 35 127 60 244 204 108 93 82 122 129 52 78 59 133 141 149 124 151 45 161 61 135 79 134 186 118 249 119 111 224 56 76 
177 : 25 109 221 41 57 198 222 192 193 228 55 95 88 159 165 185 43 29 168 115 79 113 195 91 216 48 97 179 225 47 203 117 242 142 80 44 77 114 232 207 118 111 59 171 128 99 229 146 
178 : 29 248 51 243 239 188 199 114 208 152 68 150 240 192 145 165 231 168 191 184 187 170 104 183 177 26 85 49 213 225 135 67 86 212 
179 : 222 79 225 52 124 215 195 121 55 131 159 107 63 147 34 84 175 171 39 218 193 244 73 166 154 134 135 172 50 141 165 77 240 87 209 103 106 230 27 88 245 151 249 136 94 102 183 
180 : 234 168 232 173 249 90 129 231 143 150 66 53 80 77 123 119 70 181 87 199 185 222 103 192 120 135 109 65 239 182 210 49 112 145 230 166 46 79 26 68 
181 : 162 235 59 179 73 183 36 230 56 67 207 194 137 220 84 192 187 74 214 198 118 188 175 174 181 163 140 240 143 176 62 123 85 166 81 158 195 41 104 46 94 26 182 237 133 78 115 196 223 173 43 206 95 
182 : 208 196 155 39 30 132 167 75 134 173 146 193 52 239 164 171 190 42 189 181 139 85 40 33 213 117 106 199 145 111 175 
183 : 193 31 25 51 73 149 48 186 85 233 30 204 181 244 69 102 178 124 213 57 154 114 194 173 63 66 74 120 152 88 221 77 76 37 150 
184 : 183 155 138 118 142 179 247 181 165 213 184 45 173 70 25 51 91 136 42 95 177 164 110 222 242 26 238 141 228 102 140 47 219 163 49 120 170 195 166 200 38 208 80 123 180 126 115 
185 : 243 213 244 220 103 219 67 177 79 50 123 227 223 140 108 247 150 214 70 189 202 175 182 149 174 101 168 86 166 112 28 
186 : 94 61 148 48 239 40 67 31 177 71 201 59 122 238 42 183 34 104 224 205 187 127 235 108 212 231 246 249 180 70 176 161 57 167 204 
187 : 237 171 106 234 105 236 162 168 64 100 186 205 132 173 55 79 73 151 36 59 84 40 165 213 228 109 216 139 169 94 193 159 192 33 
188 : 86 67 83 53 224 97 120 131 61 129 242 248 66 167 185 121 208 115 94 238 209 152 50 149 191 244 60 220 45 65 106 104 228 174 163 59 75 110 111 29 62 
189 : 119 52 120 247 109 79 184 165 126 144 32 149 48 75 216 231 30 153 148 238 95 37 152 61 44 237 122 
190 : 103 187 218 75 159 33 25 100 180 224 45 52 38 179 116 166 114 126 49 27 211 184 133 68 144 221 125 149 229 63 77 193 90 
191 : 124 134 170 151 28 66 189 123 130 113 197 159 206 208 150 191 114 36 219 33 121 146 103 157 54 246 120 44 83 144 172 227 233 69 209 
192 : 74 136 194 139 35 193 213 119 28 68 86 121 142 220 169 154 241 128 27 179 141 57 197 208 83 90 45 104 114 120 102 100 207 134 215 222 125 31 195 126 133 185 165 52 157 58 66 
193 : 226 149 223 42 248 125 26 183 138 78 170 162 147 50 204 173 221 99 132 191 142 91 66 41 51 176 228 43 109 213 161 135 230 156 59 165 181 69 76 208 56 124 237 177 172 148 119 186 37 87 
194 : 192 63 232 177 34 69 62 184 78 188 116 76 218 168 157 200 84 124 245 238 99 33 80 246 49 134 167 96 169 40 
195 : 153 155 227 119 57 87 77 109 215 80 101 244 207 48 111 112 27 241 55 192 137 61 50 199 150 128 94 36 97 59 93 33 174 185 198 69 35 122 165 246 121 190 54 81 104 211 64 228 157 142 
196 : 66 79 247 32 149 37 212 98 217 133 92 221 27 145 65 129 218 137 59 191 195 223 39 138 242 52 110 
197 : 151 232 143 112 98 126 105 101 70 166 179 238 56 195 182 65 84 95 67 37 162 139 60 94 175 137 235 242 96 
198 : 80 226 221 168 66 244 55 178 108 77 214 135 187 130 237 212 40 170 188 227 100 105 115 78 101 68 223 122 102 229 164 200 82 72 52 150 
199 : 180 136 62 52 236 78 54 126 196 67 25 160 110 106 165 80 185 217 119 140 57 49 198 184 151 195 245 202 72 246 45 234 43 
200 : 82 86 208 35 31 155 234 160 72 32 42 161 162 52 88 222 194 145 131 65 96 93 77 127 247 48 62 209 229 103 243 95 71 203 36 175 
201 : 172 137 63 216 200 135 97 210 170 247 227 52 146 110 191 68 204 176 245 195 76 157 35 206 92 67 233 113 141 173 29 149 121 131 
202 : 120 51 158 183 122 167 130 114 229 70 29 191 77 219 105 67 48 84 131 233 214 103 170 211 222 45 151 189 148 113 109 85 216 197 62 140 27 234 196 
203 : 214 108 111 130 80 157 175 118 203 195 33 99 30 174 155 70 249 35 58 26 87 121 37 72 84 25 244 240 138 59 168 142 248 179 
204 : 84 144 161 38 34 234 70 225 36 60 53 136 177 206 215 69 219 181 145 149 231 180 40 32 73 52 198 62 91 113 179 218 80 236 
205 : 136 180 208 82 41 45 228 225 74 152 76 234 66 244 108 141 88 212 73 135 63 247 206 172 48 125 35 173 28 171 195 90 143 52 219 233 140 118 169 159 191 216 239 70 215 139 221 29 124 226 
206 : 142 215 162 81 78 75 172 240 219 126 68 70 205 200 179 39 198 31 238 192 74 52 123 120 148 103 189 175 138 118 180 145 146 76 30 165 184 119 82 69 177 125 
207 : 66 146 64 196 182 59 230 44 63 91 156 229 205 218 246 224 136 214 85 195 56 87 92 215 76 
208 : 155 220 211 224 249 107 234 43 117 52 198 76 147 49 78 231 101 180 213 77 85 97 86 106 197 70 51 54 27 63 121 
209 : 83 49 217 121 59 132 183 156 224 182 219 96 143 227 94 58 127 82 234 157 209 221 86 196 192 31 161 60 45 103 106 62 84 85 80 174 77 92 146 104 191 37 193 
210 : 91 243 191 135 147 240 182 45 164 128 35 184 212 218 133 113 188 176 107 142 76 86 110 38 58 103 122 92 79 192 178 123 187 179 139 115 152 36 49 
211 : 220 128 154 100 48 181 110 99 182 201 38 84 57 118 188 160 97 55 29 124 189 202 127 190 224 226 129 89 233 151 103 35 240 161 137 146 249 197 33 
212 : 107 70 29 140 101 76 61 241 32 72 119 145 129 142 54 176 49 162 47 91 204 153 128 114 196 230 169 146 41 218 187 147 223 
213 : 110 67 126 98 76 49 143 104 186 156 191 229 222 42 118 103 47 31 185 184 35 62 113 217 173 190 208 175 165 80 129 25 82 109 81 179 183 64 160 
214 : 85 215 122 92 193 153 221 187 161 138 69 212 242 218 105 142 164 40 169 241 62 139 87 86 28 100 
215 : 89 87 49 120 152 112 194 123 31 99 156 81 38 27 76 127 221 40 166 220 58 175 247 162 203 66 234 146 57 138 193 100 180 207 
216 : 72 184 239 69 100 162 53 159 168 70 110 67 68 38 152 94 120 85 192 206 137 223 203 34 236 136 195 237 209 205 174 58 46 163 193 32 217 234 
217 : 158 175 133 249 83 93 76 46 159 239 164 181 161 87 172 34 54 92 91 109 50 32 222 192 199 47 235 165 233 231 227 84 190 
218 : 35 170 97 61 98 64 239 141 240 42 85 186 213 66 121 109 238 123 178 41 119 190 36 212 158 
219 : 145 220 62 50 244 229 171 178 80 235 189 56 165 188 137 133 181 109 41 141 125 122 148 65 34 51 94 135 238 161 237 47 79 232 73 69 219 89 97 147 102 231 225 
220 : 160 73 240 216 136 71 188 241 123 110 219 139 104 196 225 152 143 117 228 103 235 121 201 174 53 58 97 217 83 
221 : 92 107 225 162 132 82 58 200 30 142 81 179 46 147 38 68 229 219 26 99 63 195 110 169 165 202 182 
222 : 78 207 145 196 231 54 116 149 59 45 248 56 81 108 109 71 66 210 204 223 219 155 48 205 242 83 
223 : 103 162 195 214 99 147 145 66 87 241 29 203 201 212 217 127 225 186 205 224 110 231 197 167 58 248 32 81 207 227 39 35 106 48 46 101 79 174 91 116 95 77 118 60 93 218 164 192 128 42 177 
224 : 42 99 101 123 182 189 177 245 98 247 190 246 193 62 91 34 185 202 59 150 110 74 81 132 55 162 77 105 124 
225 : 88 106 139 149 143 70 229 114 52 50 86 40 26 25 46 153 38 61 130 185 28 172 33 27 110 217 178 148 105 31 
226 : 46 214 75 184 203 161 213 73 228 190 30 84 32 132 44 193 122 119 65 183 97 239 237 106 112 36 29 67 66 38 54 47 240 174 33 
227 : 30 129 114 223 120 163 237 232 50 110 83 75 222 87 191 152 185 85 25 33 168 41 229 203 134 29 36 221 60 202 220 169 94 49 184 195 147 241 70 207 121 
228 : 32 162 41 135 83 36 60 108 238 40 148 30 64 166 123 46 201 222 91 172 211 94 86 143 26 61 39 138 216 142 42 102 175 176 107 229 214 191 117 48 104 130 132 96 109 
229 : 206 233 246 44 47 224 105 207 56 95 104 45 34 141 161 231 82 201 65 40 142 81 159 27 220 144 230 110 43 38 147 83 217 119 169 232 80 101 140 212 152 68 100 157 245 200 174 73 196 67 111 
230 : 235 30 116 68 94 26 162 156 149 212 163 238 213 198 244 217 158 233 148 240 72 120 67 80 188 170 207 48 247 43 45 166 150 143 102 66 29 104 114 239 191 224 249 52 50 111 37 118 53 179 
231 : 89 106 189 180 67 159 158 167 172 226 235 156 65 136 31 66 244 224 111 51 141 86 186 155 107 153 169 227 228 168 
232 : 162 225 134 190 163 37 54 200 102 28 179 81 101 137 64 208 47 198 221 117 233 204 108 51 58 89 203 91 127 211 189 
233 : 211 233 95 212 135 84 31 123 184 157 93 130 197 30 25 193 234 74 231 136 186 171 154 204 181 222 219 72 
234 : 193 197 86 173 149 163 82 111 70 26 40 59 245 113 34 71 107 186 230 196 30 208 247 240 146 218 95 143 210 83 93 176 164 37 54 98 152 44 142 48 123 
235 : 34 149 51 175 137 126 176 203 99 146 206 103 48 66 185 111 163 106 234 210 198 212 93 136 180 247 29 143 165 249 245 222 78 26 121 147 68 32 59 
236 : 41 216 104 237 182 214 132 87 165 66 75 96 215 71 126 145 42 111 207 192 60 123 64 143 178 43 174 194 58 39 77 218 188 225 240 
237 : 243 33 179 218 63 220 170 44 192 247 37 241 140 145 105 88 139 231 67 94 53 180 47 200 74 27 157 225 156 210 28 72 221 182 238 152 103 236 56 52 177 
238 : 48 236 75 219 60 65 36 238 181 130 32 29 84 197 166 183 199 216 202 135 125 52 137 82 83 230 148 
239 : 86 210 189 64 221 135 31 118 171 194 36 243 249 192 246 186 224 235 238 66 141 132 248 170 226 91 142 40 62 110 134 26 247 244 75 50 74 88 147 165 216 183 138 37 116 158 93 
240 : 112 141 53 37 180 156 123 71 65 113 96 122 203 95 136 100 235 31 46 111 143 76 137 73 165 109 
241 : 119 139 115 227 193 215 68 218 97 145 90 124 158 60 120 183 80 116 157 126 91 55 44 196 221 41 94 181 169 152 138 53 156 149 214 247 110 54 161 102 121 122 34 164 239 27 244 189 99 87 213 141 
242 : 129 245 192 184 50 212 186 73 153 205 148 76 80 220 193 197 51 204 72 28 207 191 244 121 163 63 84 29 172 239 174 215 146 105 77 113 42 34 164 115 128 61 233 221 216 
243 : 26 157 25 200 181 245 40 64 226 92 35 127 55 57 49 52 138 221 61 96 65 216 44 179 161 184 195 211 249 54 139 34 118 108 109 90 146 110 
244 : 129 247 93 179 86 37 182 47 169 102 203 52 44 66 133 118 126 201 149 158 148 55 216 178 63 157 141 245 32 239 171 190 202 144 172 105 128 92 83 30 78 79 183 137 249 166 197 58 48 246 57 218 156 
245 : 212 110 125 160 38 101 51 25 161 186 244 102 90 58 71 138 106 89 123 69 98 154 79 211 99 104 96 49 188 36 77 83 195 129 209 193 135 142 150 137 192 63 
246 : 194 222 176 55 132 230 202 138 134 219 167 158 33 58 239 210 188 248 217 87 147 148 119 154 157 106 206 88 99 141 129 172 25 118 59 111 48 133 85 80 105 244 41 94 128 203 
247 : 208 247 158 226 175 46 83 59 74 243 45 212 201 118 30 100 172 26 64 41 51 130 71 140 87 157 245 99 72 58 115 221 49 132 179 96 53 34 150 125 149 225 166 167 214 213 95 29 113 
248 : 208 183 248 244 158 225 240 171 99 60 138 30 186 115 135 205 187 116 144 85 234 200 218 219 70 43 214 166 90 33 143 29 170 75 94 189 188 229 108 155 48 72 28 228 150 154 199 114 44 
249 : 78 168 193 210 237 232 144 163 183 90 161 218 248 229 246 175 181 213 231 173 63 157 72 130 160 151 143 96 154 212 195 230 225 66 197 158 226 186 244 178 162 37 
250 : 33 96 168 63 113 231 93 128 57 152 165 229 188 146 139 199 133 160 224 202 70 154 67 219 115 103 31 110 102 149 201 69 207 130 182 40 28 249 232 104 36 
