0 : 153 223 133 213 185 30 172 181 198 149 91 241 129 107 135 161 216 190 81 113 102 203 159 205 224 43 163 248 69 40 235 144 56 98 54 230 128 29 52 28 206 220 47 46 130 139 103 218 183 168 106 112 31 140 245 234 100 170 209 44 26 66 104 88 239 175 77 154 61 45 75 101 64 76 84 184 32 247 120 157 201 49 127 48 147 182 78 226 
1 : 215 25 209 95 234 49 156 206 165 203 128 44 31 183 37 236 208 245 132 48 109 188 197 235 58 63 158 184 87 221 33 210 249 66 134 106 56 129 35 148 116 155 100 167 72 73 219 57 246 180 137 171 45 60 231 50 46 88 143 125 169 26 147 226 232 207 152 53 243 213 142 161 86 194 154 164 92 110 99 242 90 190 144 173 69 150 117 228 247 126 84 185 83 96 98 
2 : 232 103 129 28 125 169 195 157 35 177 233 37 120 239 121 227 44 67 47 197 68 176 172 55 104 137 156 61 186 133 143 152 241 145 32 78 179 118 57 185 219 209 247 160 161 193 248 246 38 86 45 211 187 69 174 25 154 218 217 72 242 221 
3 : 190 112 167 177 56 166 164 142 132 95 80 181 191 161 71 168 47 200 106 179 102 43 79 61 117 180 175 176 55 196 135 66 88 136 68 207 114 211 32 53 122 218 240 44 42 52 174 87 64 
4 : 229 113 187 171 239 83 199 118 75 59 153 53 170 176 223 152 42 86 39 54 225 236 63 68 203 230 101 204 47 228 109 93 80 55 213 224 160 46 37 161 51 189 166 201 216 245 220 31 175 85 205 56 128 143 154 45 130 129 233 119 186 111 100 79 64 137 164 62 92 88 91 206 163 27 210 202 215 36 232 134 165 151 188 
5 : 50 91 85 68 125 81 44 27 97 206 103 231 108 37 69 187 60 205 32 89 161 52 82 92 188 70 232 208 61 28 124 132 63 57 171 51 229 
6 : 225 65 50 248 239 51 148 232 150 39 122 110 58 127 60 186 126 169 156 161 176 108 69 236 185 218 42 72 54 209 136 135 202 70 40 180 145 97 92 123 165 35 52 112 206 102 82 224 138 106 95 109 153 74 73 26 41 241 113 38 34 222 147 75 85 45 243 172 233 240 49 87 43 98 79 104 93 144 29 86 198 228 131 64 103 25 175 238 37 166 119 143 61 96 193 
7 : 88 141 194 196 58 191 56 208 46 72 155 188 70 145 179 178 207 202 146 51 75 212 171 238 199 148 234 242 134 214 175 150 164 28 162 122 50 189 201 135 167 44 31 204 219 205 123 102 
8 : 110 109 70 134 51 207 85 105 241 179 220 197 142 206 158 172 115 26 140 56 74 53 73 37 122 96 223 64 72 188 32 236 189 81 
9 : 113 158 161 49 178 197 30 220 183 152 70 129 80 146 64 173 53 200 145 149 209 192 114 236 75 118 186 41 153 77 163 181 74 32 126 245 107 131 166 231 130 182 141 240 93 204 159 72 26 52 179 213 128 82 103 125 221 196 86 38 29 208 27 98 127 66 175 69 154 167 88 81 191 164 140 227 170 71 94 99 108 73 215 117 123 195 79 109 135 143 216 84 157 156 225 
10 : 186 147 155 192 105 150 182 243 57 189 136 84 233 218 50 104 89 51 47 172 39 74 235 181 176 77 162 28 29 97 116 91 94 61 43 151 204 48 208 133 193 115 26 119 95 213 179 31 220 120 222 67 88 228 78 144 224 135 241 230 85 127 217 187 185 142 109 157 247 153 191 148 42 30 194 32 130 226 210 221 199 75 131 45 152 53 237 90 46 102 71 165 214 146 49 164 
11 : 230 68 205 198 28 169 161 165 108 87 139 39 116 106 96 242 63 234 95 193 231 36 58 212 238 133 80 104 197 202 220 170 226 71 200 70 114 109 190 248 142 76 124 148 178 196 173 194 149 92 102 191 233 74 154 224 183 78 172 208 123 83 147 136 223 182 150 27 89 181 46 243 135 82 47 73 84 115 128 42 151 66 31 52 229 146 137 221 107 247 57 125 211 201 174 
12 : 141 46 59 172 110 200 60 64 71 77 112 189 48 61 43 74 150 212 204 165 41 237 124 115 190 220 218 78 139 
13 : 126 162 222 49 43 122 137 151 227 216 211 212 183 115 88 136 87 236 240 167 221 199 178 214 166 114 41 45 242 195 97 75 172 205 230 173 219 38 106 128 161 125 138 213 33 224 108 244 
14 : 225 101 77 75 244 155 102 163 221 218 138 74 132 25 123 248 128 192 161 240 212 31 153 124 26 37 226 233 122 216 91 108 205 172 246 28 71 234 81 222 125 107 148 223 65 69 196 177 152 59 96 99 118 249 84 87 238 206 27 142 63 85 154 219 111 171 141 134 67 41 203 189 119 58 70 231 
15 : 239 139 56 119 44 171 49 213 154 149 110 30 27 74 249 167 106 166 240 61 77 58 232 185 68 210 187 130 98 148 88 170 
16 : 215 194 104 46 144 140 105 31 53 30 133 209 38 231 226 236 101 187 240 193 232 170 230 195 27 189 34 72 80 243 120 185 113 86 183 88 59 54 51 208 158 109 68 216 
17 : 203 213 58 128 54 170 168 222 136 88 218 180 232 234 167 107 72 55 179 162 249 198 188 84 79 189 126 65 94 151 
18 : 148 100 174 38 71 64 194 98 36 223 51 65 130 129 122 97 67 205 35 137 60 187 243 234 225 192 149 178 44 160 218 244 144 159 231 177 84 69 125 151 216 154 156 29 79 152 213 63 111 168 184 198 75 163 173 190 80 211 26 68 114 57 139 230 197 90 62 135 72 179 116 42 127 193 208 171 238 46 158 115 99 196 165 43 78 32 34 30 112 73 54 27 50 143 
19 : 170 203 71 221 144 232 190 127 150 83 183 65 173 92 162 243 117 157 80 44 123 115 100 31 136 133 33 158 108 227 230 26 214 129 70 201 151 67 172 32 155 90 87 
20 : 108 60 105 129 173 199 224 79 221 183 43 114 146 131 107 49 235 194 74 77 65 47 136 71 200 26 33 157 226 228 94 103 248 69 191 98 179 213 223 51 132 117 139 102 66 68 88 174 167 82 27 182 178 59 163 134 54 123 41 92 32 164 242 96 55 241 36 153 133 64 202 138 125 109 143 246 159 101 
21 : 191 202 167 105 140 173 245 118 237 31 213 137 103 149 40 157 216 25 90 160 63 76 98 211 28 33 189 226 169 34 41 225 
22 : 237 101 103 131 83 44 222 81 71 231 91 60 178 57 28 242 149 238 104 116 235 110 170 51 171 86 108 25 225 58 246 38 87 159 202 191 193 64 204 134 162 141 138 26 175 53 107 181 186 90 180 32 148 144 100 72 167 236 206 88 122 70 47 145 173 249 128 179 80 203 223 79 114 43 85 49 166 36 45 55 35 78 233 75 157 132 105 213 188 112 109 39 
23 : 75 215 234 53 180 66 226 84 133 222 140 164 71 44 149 187 172 25 78 54 28 243 48 82 43 114 160 147 219 221 122 113 245 173 193 62 87 177 200 239 235 35 96 109 242 197 176 46 63 246 220 56 88 85 233 216 159 186 137 42 244 249 116 170 126 92 77 83 203 182 118 30 131 26 194 31 236 120 218 240 206 57 
24 : 119 41 234 96 205 127 49 123 176 109 103 117 126 239 216 242 170 219 248 218 171 238 200 48 210 189 64 217 240 246 185 101 165 82 247 71 184 108 74 61 206 114 147 128 81 
25 : 179 192 203 97 124 184 110 226 40 96 239 151 137 176 140 193 212 232 211 62 234 121 206 33 94 218 36 228 47 84 213 230 199 130 237 233 101 25 235 60 68 167 69 77 173 70 200 118 139 152 168 201 57 216 188 198 185 136 48 50 41 245 55 
26 : 224 79 145 81 111 171 55 174 202 121 45 157 249 140 178 167 247 203 122 128 63 84 143 150 214 166 146 62 92 236 219 77 169 149 102 123 227 241 60 220 134 180 208 182 103 53 75 163 192 197 218 37 198 32 29 117 68 131 113 
27 : 205 177 200 30 181 94 55 124 158 113 183 53 179 64 190 129 140 215 209 159 79 142 86 166 233 32 106 114 95 78 150 145 104 36 82 108 144 131 122 83 138 92 148 51 93 91 156 74 125 136 174 247 77 107 232 246 196 29 214 187 34 139 186 157 163 199 207 172 235 110 238 72 153 65 97 58 227 191 226 189 130 67 89 217 109 173 184 
28 : 208 55 179 164 143 94 59 84 123 230 183 54 219 78 79 187 57 67 116 41 113 159 161 189 235 86 25 45 31 137 212 207 69 32 38 221 138 77 115 133 61 242 245 165 182 201 213 30 232 119 26 117 160 180 58 98 168 44 134 111 175 43 248 120 104 112 82 66 37 92 53 223 176 47 109 145 121 191 244 49 95 91 197 231 217 139 205 237 215 46 195 239 174 
29 : 238 175 52 205 179 108 47 168 165 73 124 46 118 54 159 74 246 93 182 226 33 242 169 143 171 149 221 89 216 26 65 60 155 234 209 115 223 94 224 101 62 232 
30 : 86 33 237 155 208 171 54 42 31 122 128 226 190 138 221 48 219 228 77 64 110 180 223 189 103 107 156 132 201 74 78 164 199 239 169 30 
31 : 193 164 145 232 122 96 173 81 120 184 185 113 143 78 239 168 121 220 195 181 175 102 199 128 149 207 134 55 152 180 124 57 191 67 108 151 133 179 43 215 219 142 59 58 192 189 155 53 93 52 201 176 197 27 163 178 90 112 226 33 166 245 162 48 249 87 
32 : 174 41 219 121 66 184 119 223 135 249 60 96 155 102 40 99 182 242 195 143 176 199 191 160 229 150 244 55 100 181 63 62 228 75 103 127 49 31 61 108 114 156 134 88 217 43 178 246 139 97 200 240 168 197 28 27 214 154 208 245 187 79 48 203 104 118 105 235 144 126 237 83 93 159 51 207 131 45 136 81 36 35 192 241 215 101 226 25 167 123 
33 : 146 47 175 150 62 104 196 31 76 137 72 204 90 28 192 56 165 25 221 177 98 133 30 107 88 189 237 187 168 236 29 161 101 55 44 36 224 94 51 149 134 245 202 197 205 82 207 209 176 193 138 112 144 115 201 108 228 178 249 132 91 122 210 216 179 163 203 153 100 77 206 86 160 238 34 63 54 69 139 59 214 
34 : 79 168 63 146 33 216 197 121 116 178 188 229 148 152 204 127 52 130 170 94 137 43 244 80 139 186 115 25 219 78 88 236 243 114 112 27 44 85 65 175 117 217 171 108 87 50 40 151 181 51 
35 : 39 41 139 193 35 89 218 91 182 175 68 104 54 97 52 37 211 154 73 72 67 112 79 69 127 49 93 194 59 207 66 129 113 75 90 171 161 58 150 77 185 235 30 76 225 146 108 128 28 34 124 83 241 45 247 197 151 237 44 168 64 248 47 62 29 219 140 174 107 81 116 138 212 102 65 187 
36 : 249 220 183 234 205 238 50 157 79 100 73 66 126 131 170 225 97 27 177 132 78 242 81 165 109 203 36 162 77 146 63 140 39 135 144 102 104 229 98 152 130 34 142 124 113 125 67 221 171 148 231 153 133 114 60 62 206 248 143 40 172 169 149 58 227 64 147 41 112 182 
37 : 75 226 131 153 28 113 190 111 118 81 67 59 115 112 134 205 117 45 93 139 221 129 90 140 49 229 58 89 35 155 209 197 77 80 212 
38 : 244 63 94 222 234 54 212 116 161 172 99 56 109 108 64 168 224 229 112 35 146 178 191 124 68 26 239 31 141 98 82 166 190 72 204 130 153 
39 : 206 122 52 115 179 238 113 204 98 121 200 97 234 57 99 155 80 83 124 105 183 67 118 134 223 45 170 244 56 131 202 236 33 100 66 218 75 162 174 95 91 146 173 232 228 220 63 243 197 235 210 157 169 205 42 44 31 160 130 198 
40 : 163 198 162 190 175 238 43 34 111 73 230 51 219 38 84 78 56 168 143 137 64 80 154 85 136 99 223 101 53 220 133 130 167 216 176 31 235 248 103 98 183 181 170 195 122 54 213 206 88 44 179 129 178 35 
41 : 158 103 197 133 203 77 148 105 245 58 33 231 208 93 42 165 128 68 223 243 215 218 174 32 48 235 82 214 109 89 36 182 130 52 
42 : 173 223 67 216 158 130 118 156 35 113 235 237 116 95 68 185 89 169 155 41 149 202 157 112 186 226 84 119 135 203 224 212 80 52 34 187 109 39 153 46 199 194 231 90 214 139 222 87 47 33 163 211 98 93 59 57 230 66 184 143 166 161 111 208 164 152 72 103 207 79 141 233 81 162 138 137 165 25 249 120 36 51 38 86 
43 : 25 164 101 48 80 226 170 165 234 185 87 28 83 39 99 193 196 57 177 217 242 191 221 212 184 199 130 30 146 157 81 137 113 102 114 211 111 100 108 131 200 219 223 64 202 85 41 176 38 54 
44 : 40 86 218 184 131 141 228 32 169 135 232 119 50 219 154 83 216 229 103 128 159 118 51 57 90 68 105 186 77 72 102 211 115 89 214 39 76 79 180 97 240 78 225 28 137 239 110 158 70 178 74 47 55 33 56 104 175 161 52 88 63 203 124 155 248 100 163 108 168 
45 : 103 243 150 112 96 181 165 55 169 115 45 179 230 99 233 216 62 67 31 242 119 80 226 133 90 81 32 147 107 160 54 218 238 237 27 63 71 138 187 196 172 
46 : 45 92 237 76 39 164 235 28 199 129 69 106 210 135 96 89 172 30 112 70 191 243 181 82 189 236 91 173 242 147 196 144 108 95 163 93 109 72 97 87 40 167 177 99 49 205 206 139 86 185 
47 : 228 152 135 244 184 159 133 43 241 167 231 86 165 189 180 107 132 161 106 131 111 85 27 69 158 92 204 142 46 183 240 186 83 138 136 237 68 163 225 62 33 156 140 98 155 160 201 29 178 100 96 226 45 79 72 
48 : 97 55 42 72 224 227 50 139 114 209 240 198 163 149 84 193 137 175 151 238 25 116 187 171 79 232 199 143 226 136 41 54 205 
49 : 157 54 27 58 200 96 29 115 173 75 39 249 177 187 189 53 49 130 166 32 242 154 25 220 30 218 119 55 169 131 227 35 92 109 62 99 133 151 235 33 226 107 205 118 34 175 216 40 42 114 78 233 198 201 167 168 48 178 164 41 134 228 159 113 129 97 82 241 185 172 71 215 148 174 224 248 195 110 26 106 222 
50 : 88 44 169 205 50 111 207 191 32 196 208 149 213 38 61 235 190 133 199 203 101 204 245 219 41 200 33 217 216 234 54 114 106 122 154 163 223 147 220 172 228 59 249 225 221 129 81 138 242 63 123 229 113 140 121 72 237 193 185 158 80 98 109 55 70 181 124 177 110 36 186 120 82 
51 : 165 171 94 36 128 213 244 33 107 215 147 105 231 246 154 224 194 184 220 79 91 92 200 201 227 121 96 163 32 241 88 159 67 64 56 170 44 130 116 202 89 120 207 139 69 59 158 192 209 34 114 222 172 85 152 40 74 60 191 138 117 235 238 80 199 131 
52 : 203 111 110 150 163 115 88 236 58 202 170 192 168 65 140 205 185 142 133 197 178 72 199 240 98 161 135 92 207 217 42 249 171 61 75 147 216 76 101 213 229 39 120 225 124 181 56 32 215 51 44 122 112 187 173 177 200 180 247 79 231 113 153 40 219 54 95 126 244 146 26 189 47 194 64 103 
53 : 87 102 171 186 227 27 128 44 139 43 228 98 105 49 51 197 220 172 155 168 134 29 115 53 209 83 191 124 137 159 206 133 28 82 230 211 110 39 142 169 181 229 123 240 114 46 48 175 118 59 239 
54 : 146 246 44 215 150 172 139 145 158 49 188 240 95 232 34 89 181 120 195 119 245 55 199 116 129 137 201 63 40 26 111 237 169 31 112 175 219 90 91 93 77 138 85 154 148 39 35 198 249 153 113 187 25 234 121 178 52 96 224 88 125 222 152 218 80 213 186 84 192 115 173 200 226 98 28 56 72 147 166 47 167 66 109 184 163 204 43 182 99 32 101 62 
55 : 230 133 181 177 166 228 129 44 231 209 96 178 34 152 110 72 143 84 93 195 213 167 208 140 218 223 162 69 28 149 105 
56 : 71 239 235 106 130 244 114 247 91 192 133 162 167 147 249 87 69 227 197 46 148 149 242 90 40 195 159 196 176 184 166 218 75 136 183 47 232 150 231 30 31 76 194 205 160 33 145 174 61 56 211 78 178 234 39 177 201 237 122 109 220 96 94 127 82 70 141 137 123 112 42 
57 : 179 31 127 183 122 38 230 236 86 185 41 124 56 101 207 75 148 184 68 47 52 61 104 218 156 136 173 74 29 134 165 32 44 28 203 35 199 238 204 140 161 55 188 149 234 170 69 217 110 189 137 57 145 226 78 65 85 36 141 67 195 92 193 121 201 162 112 
58 : 120 34 28 226 186 99 189 69 222 75 135 215 79 91 77 219 38 71 248 166 185 66 55 209 178 50 149 70 118 122 227 57 95 195 220 245 98 198 35 140 246 43 126 228 151 145 48 123 72 176 225 236 244 53 128 36 142 232 154 188 119 159 139 141 157 196 81 138 175 238 106 148 111 82 179 
59 : 64 171 159 245 156 115 209 110 195 147 52 192 226 32 39 104 70 237 178 135 170 187 112 25 100 99 201 208 189 146 74 114 81 140 125 188 157 55 116 164 133 182 151 176 148 134 76 161 36 168 219 233 91 138 85 121 126 56 167 54 48 102 202 111 108 179 87 80 129 27 145 213 127 149 57 33 71 51 191 
60 : 55 198 33 102 235 120 107 52 208 111 121 28 181 88 38 99 242 243 161 125 207 93 67 105 214 83 126 227 101 56 51 155 152 228 170 103 231 76 244 158 58 27 66 77 113 203 176 232 44 248 168 68 204 
61 : 173 138 156 99 82 202 184 153 70 92 211 45 147 192 195 247 224 84 69 190 176 74 121 106 214 168 
62 : 176 107 137 56 218 40 118 112 62 222 65 86 75 195 217 168 98 226 103 99 139 38 211 239 101 33 79 235 229 177 215 219 
63 : 60 225 171 26 56 218 106 89 67 54 30 130 235 40 223 174 177 33 35 105 37 192 194 74 117 66 95 150 188 231 25 118 86 112 85 110 224 157 228 209 159 247 201 36 180 134 200 113 184 109 31 169 176 28 123 135 97 132 104 75 220 203 160 92 166 133 116 125 87 239 69 55 96 219 164 48 181 50 162 
64 : 140 134 194 96 49 144 104 77 155 87 160 76 235 228 178 245 220 98 125 28 202 70 56 34 131 60 95 169 123 101 232 156 139 218 124 
65 : 122 47 41 132 33 34 103 117 199 206 46 110 243 37 208 68 101 232 84 133 104 82 201 39 69 138 176 65 89 154 157 124 79 108 222 182 150 36 107 186 198 179 151 242 61 171 29 63 126 88 50 184 234 54 25 105 149 99 194 142 210 129 170 192 120 55 52 212 
66 : 219 151 133 203 48 57 178 103 155 236 145 218 227 129 224 102 78 171 195 176 107 213 121 153 164 240 123 64 210 68 113 162 208 111 205 247 128 106 183 147 77 168 140 53 122 221 156 130 69 142 28 148 95 50 214 217 199 104 36 207 143 182 172 92 188 152 42 101 29 158 239 209 211 38 116 82 
67 : 147 40 95 29 192 46 219 89 58 117 128 244 135 173 142 150 233 36 174 107 163 106 183 122 190 63 170 166 205 100 191 126 87 141 227 144 237 213 145 129 179 152 185 231 234 86 140 43 77 60 223 127 230 62 199 247 67 70 156 240 226 196 209 242 65 25 198 45 56 225 112 188 167 32 33 172 243 202 201 110 88 
68 : 29 137 228 118 244 164 52 77 40 248 173 130 84 56 176 50 70 61 197 100 132 51 142 189 107 163 152 199 55 182 240 211 190 201 213 198 179 46 237 112 183 243 71 140 106 155 226 120 224 216 108 235 134 166 232 217 96 75 233 204 114 230 111 207 167 241 220 188 194 192 35 78 
69 : 70 103 144 184 102 195 167 107 76 123 239 120 162 147 174 229 213 138 236 189 172 66 188 53 114 25 224 225 176 159 219 181 242 91 116 226 
70 : 92 119 104 226 138 34 113 68 244 196 152 103 114 78 193 174 224 173 203 97 75 241 150 99 182 112 79 101 200 63 46 55 35 212 166 183 105 161 155 84 45 
71 : 48 225 135 200 157 123 130 190 156 154 59 178 30 112 159 151 224 148 91 203 167 169 173 182 171 82 79 189 219 128 
72 : 130 67 232 91 132 146 32 60 36 129 240 126 242 226 224 58 148 174 185 102 212 116 46 178 216 124 
73 : 39 51 155 80 73 44 159 34 118 182 243 33 204 107 133 65 192 60 58 160 228 223 100 71 148 164 132 193 55 87 191 70 43 184 222 221 137 45 161 236 249 115 120 26 128 27 244 123 165 48 186 112 102 127 230 145 187 122 52 126 25 68 199 142 
74 : 80 238 93 128 54 51 110 179 236 235 142 55 145 186 187 165 152 140 153 220 69 193 131 77 232 169 41 32 172 146 198 35 230 133 84 68 185 108 125 183 151 148 56 86 157 106 205 246 118 222 213 107 206 43 244 49 58 228 91 182 233 76 74 30 239 101 111 243 210 117 249 159 61 64 188 114 161 100 39 191 177 26 174 105 196 227 122 143 136 168 95 202 109 192 38 
75 : 193 54 102 73 218 127 223 216 238 145 155 71 48 72 82 135 81 192 213 247 84 75 107 49 120 83 139 181 182 185 230 237 100 31 113 248 221 191 176 98 153 57 101 103 134 94 59 236 121 210 242 233 219 148 51 178 114 99 166 177 129 184 235 39 172 50 90 41 128 183 159 97 141 26 189 239 199 85 76 53 66 78 140 168 29 205 151 46 186 131 34 111 245 
76 : 217 159 83 57 49 147 55 43 99 170 111 26 142 183 204 234 91 97 226 146 119 125 54 116 89 193 94 148 98 56 28 225 121 207 118 235 37 117 199 58 25 248 136 151 100 104 123 230 180 138 169 246 195 222 35 33 214 47 228 39 247 95 167 115 237 157 77 60 53 61 40 65 185 84 38 82 69 156 205 194 108 186 249 233 219 139 172 127 187 227 128 211 192 42 113 62 27 
77 : 156 110 238 219 62 54 46 161 29 243 122 221 226 152 38 121 231 125 97 76 30 198 25 174 52 28 169 213 240 166 157 171 129 181 230 229 50 98 37 36 65 57 247 135 81 189 233 56 63 107 139 185 192 227 175 196 42 41 108 206 69 142 138 119 164 214 248 228 74 130 180 215 96 222 218 149 158 186 176 94 124 72 85 216 202 91 168 70 179 172 80 44 82 249 
78 : 36 125 149 48 169 57 135 122 64 92 162 191 218 229 124 94 40 45 89 78 228 134 188 166 144 230 75 70 158 215 115 123 52 210 194 235 175 151 76 189 63 51 196 114 33 39 71 207 107 113 182 156 214 90 220 155 201 209 226 126 192 203 140 157 153 245 34 49 65 73 119 99 127 56 190 61 187 165 29 186 242 128 178 67 217 111 204 211 137 
79 : 35 99 192 97 187 248 124 43 132 234 155 121 218 60 161 102 157 144 129 177 80 135 169 240 172 66 79 38 69 215 158 231 211 219 170 118 90 166 96 58 127 37 119 223 208 178 106 247 174 180 185 100 173 31 33 209 214 165 125 238 73 117 34 47 146 182 210 151 107 206 189 115 123 28 45 160 101 30 53 112 109 245 51 71 110 75 59 226 77 46 94 136 147 26 150 113 56 
80 : 244 153 70 50 157 134 186 168 71 115 196 146 120 245 62 36 223 56 86 211 128 191 116 224 137 188 195 113 39 185 170 225 118 83 92 150 217 180 53 104 85 109 108 228 34 75 97 46 64 172 122 209 219 135 141 233 41 230 214 81 
81 : 178 43 113 82 75 125 198 229 207 205 200 96 180 173 248 111 234 188 98 47 121 244 109 171 103 162 80 220 46 240 150 56 156 124 53 157 211 91 77 158 213 129 183 163 241 181 167 102 126 45 210 
82 : 36 137 34 201 81 102 62 89 190 110 130 238 128 214 97 157 217 227 103 37 205 108 106 143 45 196 59 64 245 139 226 212 87 75 121 181 222 198 31 56 153 123 230 107 85 163 115 25 193 240 199 210 61 48 191 26 186 223 215 228 30 78 149 165 221 150 90 105 
83 : 36 192 49 152 78 25 30 148 191 48 164 246 210 90 31 144 140 219 72 129 137 122 223 101 154 111 135 91 63 170 204 239 116 96 130 198 133 189 183 61 50 168 240 
84 : 49 140 166 207 152 231 96 144 179 146 48 108 194 197 176 103 104 222 189 46 215 156 191 235 70 162 154 241 78 174 138 164 66 248 204 
85 : 118 109 179 117 57 157 54 199 235 190 224 30 94 52 111 245 174 85 215 69 83 227 35 154 26 79 39 132 70 150 102 82 46 186 63 131 98 184 74 122 121 81 198 161 60 225 
86 : 151 42 93 111 223 231 66 98 103 179 158 121 36 233 133 137 159 167 33 112 139 129 211 169 154 85 60 62 75 71 
87 : 34 192 181 96 111 242 121 115 73 172 50 142 51 130 99 149 27 89 194 225 162 158 79 94 85 166 75 86 124 245 229 247 63 100 78 198 205 59 77 137 185 117 146 165 102 35 28 203 104 119 83 32 37 209 178 169 
88 : 61 190 92 161 177 194 218 86 214 227 76 36 241 45 236 230 58 196 149 184 234 162 247 83 193 217 57 186 64 94 102 182 170 96 100 129 176 131 143 26 156 221 
89 : 249 99 234 98 211 72 218 241 44 131 171 194 227 110 63 244 60 87 145 102 233 196 243 48 158 200 133 141 238 61 128 55 71 169 242 69 235 229 62 73 92 78 29 130 79 247 207 181 170 54 50 245 160 164 75 64 147 146 112 189 52 163 185 230 240 151 114 157 210 208 174 57 154 197 39 
90 : 30 114 166 99 62 84 242 101 69 164 39 120 231 212 108 110 244 68 187 180 154 155 227 140 240 85 141 210 143 241 200 73 188 124 75 56 158 199 93 51 61 161 27 157 72 171 205 32 121 173 104 38 137 139 81 178 133 151 25 220 230 
91 : 214 194 47 168 195 201 220 239 92 158 145 36 122 233 97 154 130 70 120 228 85 151 68 127 177 100 108 160 40 212 234 94 81 149 93 159 182 178 173 169 187 46 235 223 112 106 
92 : 61 242 84 199 185 151 99 188 52 135 187 183 37 234 176 156 162 93 175 219 198 194 44 131 88 173 63 247 184 57 172 86 182 207 116 31 192 144 209 186 237 205 113 47 217 133 35 169 159 46 211 69 148 115 110 228 111 239 245 248 164 189 142 141 75 170 76 139 103 225 201 136 60 26 191 138 124 62 41 233 243 34 43 230 83 92 206 167 
93 : 239 63 67 42 33 132 112 215 164 231 130 88 38 229 36 151 224 25 143 214 107 209 147 128 37 45 95 100 203 142 109 162 39 176 245 114 155 217 125 157 191 177 52 170 51 69 94 101 102 236 77 46 76 71 84 
94 : 228 163 48 201 211 141 138 106 242 74 137 41 29 237 174 63 50 127 140 241 238 67 32 77 172 148 179 86 68 99 175 247 93 178 130 92 30 186 210 229 176 226 84 199 135 246 222 132 206 55 205 243 167 189 58 180 218 160 108 240 156 35 248 51 184 202 125 207 
95 : 83 231 118 160 224 88 146 202 61 71 96 63 92 205 173 152 132 107 133 223 125 115 229 164 142 237 41 120 191 104 154 135 27 51 89 67 46 172 139 244 169 90 158 198 138 136 76 168 81 78 200 38 230 119 85 246 131 30 111 196 53 52 70 219 103 44 129 134 28 238 220 123 175 97 74 248 75 55 174 121 37 124 72 147 143 102 245 145 25 185 57 239 192 39 
96 : 96 167 233 229 119 130 47 222 153 224 170 76 148 125 208 160 92 227 86 34 61 132 201 186 210 191 188 181 198 151 59 67 105 79 108 74 131 182 53 89 135 58 177 150 98 225 60 190 124 156 184 28 169 72 121 94 40 140 38 155 55 152 193 189 159 165 162 52 
97 : 239 98 204 153 129 247 213 152 199 218 248 70 224 82 229 192 190 30 27 138 133 120 45 29 102 40 128 35 249 116 140 185 123 162 226 121 182 173 191 92 206 193 237 36 170 217 65 181 117 32 53 99 85 160 39 76 227 179 
98 : 60 99 154 116 27 248 186 63 201 220 105 74 226 183 79 160 86 80 234 191 200 58 95 122 205 47 206 88 57 61 142 199 228 211 168 167 42 113 85 171 49 187 140 126 172 50 123 127 236 139 78 34 40 65 203 137 158 89 
99 : 175 45 61 233 245 38 114 222 78 63 155 91 194 198 238 224 189 65 139 85 71 211 115 120 36 89 87 187 239 202 228 158 88 70 209 169 151 161 231 47 191 98 107 243 176 62 236 137 126 129 49 162 116 
100 : 38 211 64 239 78 89 190 174 183 140 104 116 227 73 114 57 71 226 91 234 109 200 192 169 67 151 207 146 206 194 28 168 93 30 189 180 46 178 182 35 129 232 195 248 223 165 103 87 39 208 88 214 236 136 55 108 42 154 249 48 47 66 229 201 119 105 181 143 167 198 156 110 98 205 233 160 115 188 213 61 
101 : 99 100 192 45 234 209 121 53 103 139 125 218 95 247 169 98 193 191 241 87 135 78 164 163 57 133 228 65 236 176 212 60 74 
102 : 65 239 241 84 73 69 230 203 114 88 222 150 105 217 85 171 198 212 224 45 109 74 238 158 115 111 204 76 247 169 243 101 200 135 118 232 40 98 157 148 139 46 227 187 173 48 49 163 167 218 184 215 130 106 136 141 117 
103 : 189 159 35 53 191 208 117 192 241 87 239 184 52 129 232 107 212 69 118 43 233 121 220 66 109 151 46 111 155 75 61 98 234 40 198 86 140 153 158 206 25 57 
104 : 110 94 181 143 239 158 62 28 204 217 56 81 241 223 222 78 132 218 73 102 44 164 153 42 230 71 126 75 67 120 33 68 48 225 
105 : 201 177 87 171 25 54 83 140 139 65 217 59 78 94 136 104 208 135 34 152 71 55 191 236 186 154 
106 : 174 83 100 222 151 170 43 214 179 57 236 178 172 242 128 232 233 67 135 201 187 246 248 221 41 118 76 190 203 196 166 164 161 102 183 146 147 29 149 167 110 125 162 73 117 78 223 82 168 113 46 217 121 200 191 38 87 63 106 186 211 92 240 112 96 71 37 225 197 84 
107 : 185 246 83 241 150 224 117 183 70 205 106 112 63 75 164 162 234 69 46 161 25 104 197 65 74 95 232 56 166 157 118 243 206 93 140 72 170 115 174 99 35 158 47 132 236 52 54 36 208 181 61 145 146 92 229 177 216 80 28 59 172 96 62 
108 : 229 48 43 241 72 40 83 238 192 34 164 175 32 167 108 94 191 62 86 208 171 55 63 155 210 223 91 185 179 95 35 76 141 224 68 151 180 56 163 195 162 147 144 33 194 138 30 51 150 134 42 
109 : 62 149 93 148 197 103 228 27 76 212 146 68 107 249 28 119 126 87 222 185 230 168 227 233 26 91 69 246 123 165 31 241 52 136 78 89 122 235 209 243 210 120 83 152 34 96 51 104 239 
110 : 35 105 88 113 101 65 214 245 139 112 207 47 209 149 196 134 154 235 104 50 55 229 151 216 185 177 59 240 
111 : 198 74 91 46 30 239 111 156 25 206 179 106 157 233 123 135 53 150 204 145 73 234 167 230 201 166 76 175 83 237 62 90 71 245 182 164 33 70 97 236 
112 : 122 132 36 84 235 55 179 58 239 44 41 51 129 80 47 232 114 139 225 160 99 200 30 97 211 108 104 95 155 53 87 168 121 206 195 101 147 210 135 183 68 220 134 138 91 231 145 152 50 78 66 161 180 177 170 62 113 43 25 242 247 193 136 209 31 39 
113 : 162 206 202 75 197 99 155 144 47 233 116 36 173 171 78 149 205 209 185 45 96 237 148 87 246 175 127 195 145 66 55 90 232 203 85 77 61 235 58 244 147 186 219 176 184 125 248 46 32 48 164 152 191 
114 : 137 145 82 49 198 169 65 247 70 184 100 165 90 98 144 141 96 74 134 69 234 97 72 233 56 235 217 150 243 92 36 178 130 142 89 183 246 113 167 
115 : 81 98 236 240 217 197 110 59 26 101 69 56 162 91 90 173 46 169 84 47 145 76 61 168 29 141 36 25 216 66 96 122 111 174 144 242 228 112 166 45 159 182 
116 : 186 46 57 122 205 101 202 31 58 159 90 151 245 233 169 228 219 181 166 189 210 211 170 174 224 191 68 71 119 177 142 121 243 111 129 226 179 196 185 45 53 206 176 217 200 86 95 147 246 49 248 65 105 120 155 168 236 157 213 67 
117 : 87 193 243 123 110 122 195 222 75 50 232 29 197 94 131 31 130 65 28 100 76 84 183 205 245 215 95 242 30 35 170 238 188 157 46 190 185 86 25 47 132 161 206 160 203 43 106 175 79 191 108 236 198 156 151 118 113 179 98 120 81 163 214 223 107 48 162 213 168 64 93 105 135 145 63 112 228 231 194 221 72 56 39 61 199 204 244 152 200 101 54 115 90 
118 : 120 110 72 187 143 88 178 146 227 67 142 126 28 81 109 193 221 115 74 137 77 243 56 100 141 164 181 95 202 93 48 103 83 148 119 208 102 58 231 65 49 90 61 62 108 226 50 55 118 169 174 54 172 104 122 211 214 168 159 210 78 84 101 70 60 85 79 197 162 121 152 131 80 135 247 128 170 133 127 140 179 76 188 229 
119 : 79 162 207 203 176 71 48 151 116 178 246 85 136 108 112 191 109 239 232 209 80 65 249 221 165 30 187 
120 : 35 114 132 150 174 196 229 52 159 185 41 154 101 38 167 232 130 109 216 235 153 188 170 179 118 30 97 87 142 99 108 67 84 193 190 202 90 178 54 199 45 160 59 136 217 27 96 208 169 248 207 42 240 
121 : 33 211 109 85 210 68 113 149 51 96 110 162 108 168 236 67 244 60 45 188 46 233 116 206 166 74 248 93 189 130 205 221 121 212 78 88 141 27 184 91 237 102 95 246 
122 : 120 39 188 177 156 213 127 217 126 223 72 133 158 106 94 35 215 194 219 46 65 111 78 235 197 240 172 66 151 26 117 139 149 83 220 169 34 69 185 104 229 76 241 233 152 182 28 54 74 214 113 101 142 79 176 239 80 61 37 207 75 165 234 148 195 107 67 184 186 121 246 174 45 
123 : 247 33 133 116 63 34 77 105 176 72 47 173 99 104 236 95 205 28 195 172 189 65 124 217 128 203 146 101 127 197 215 152 64 130 40 129 106 212 233 165 248 56 153 46 119 193 91 234 202 108 208 52 171 237 221 96 75 39 117 167 194 120 123 55 182 38 89 135 140 42 156 122 29 210 178 200 183 232 241 44 98 175 69 
124 : 120 157 64 135 47 101 221 176 153 35 205 244 41 184 215 61 71 77 75 42 78 172 235 124 155 102 26 151 237 212 158 93 51 136 126 181 179 178 241 230 137 210 56 84 131 145 143 150 171 154 96 191 243 168 
125 : 151 219 129 195 46 30 201 217 159 92 55 89 29 69 47 127 103 34 32 163 240 102 238 242 197 100 122 113 235 130 140 239 211 164 189 75 51 132 120 64 111 165 63 226 68 188 215 155 194 104 54 40 186 208 202 31 116 43 222 134 72 221 245 108 101 25 200 71 93 137 234 79 223 143 57 181 112 
126 : 180 241 196 221 48 37 237 59 136 203 168 112 95 218 35 132 201 42 77 188 104 114 235 164 206 92 93 141 243 195 154 211 197 91 79 244 113 49 166 150 170 116 159 126 32 89 169 245 155 234 29 78 146 200 143 231 41 44 26 192 214 46 100 34 119 106 43 184 227 86 94 153 
127 : 78 79 144 233 173 225 64 194 234 123 134 46 145 41 36 155 212 180 146 45 82 192 130 230 88 182 71 25 141 203 128 118 72 156 51 85 98 159 168 40 59 47 198 166 149 220 100 115 138 215 48 90 116 150 219 127 69 125 196 153 223 216 174 
128 : 55 73 170 240 165 153 45 211 38 129 219 132 50 39 245 141 127 145 103 47 189 248 238 157 85 160 128 204 146 41 117 203 158 232 224 215 185 126 130 31 114 99 107 188 180 66 28 208 79 197 235 57 69 70 226 161 72 
129 : 242 134 65 219 96 120 31 113 132 187 235 90 189 248 71 152 171 44 214 30 130 117 237 164 70 200 56 34 27 223 163 193 80 81 165 182 58 54 48 98 150 42 218 43 128 190 85 86 116 241 168 105 177 94 32 176 119 209 194 221 61 155 144 191 207 51 88 111 136 40 49 186 204 161 202 147 87 231 133 197 185 143 234 67 249 196 26 
130 : 79 106 69 238 214 109 60 134 223 226 190 131 138 161 245 154 166 143 83 233 25 149 68 160 237 242 246 216 100 91 75 191 110 88 93 194 98 195 97 243 78 99 43 116 227 123 61 229 95 150 208 248 42 26 155 82 59 130 38 92 236 186 112 126 182 76 31 180 181 206 135 115 129 164 86 152 36 148 57 120 136 63 29 213 
131 : 96 95 225 146 209 83 56 130 120 240 165 229 73 124 119 69 30 41 76 54 27 127 118 148 33 31 78 121 201 156 68 205 164 192 206 172 160 242 202 180 57 97 155 227 154 53 163 61 133 187 50 194 82 169 217 94 29 81 116 128 58 244 144 42 36 224 72 98 226 108 52 211 140 241 183 199 197 239 35 104 129 85 223 107 161 51 125 43 230 182 100 103 210 
132 : 25 120 173 171 247 224 169 167 223 132 65 203 64 232 185 139 130 206 94 155 222 144 220 178 191 142 235 124 214 194 66 241 211 150 156 129 160 77 216 87 78 91 179 80 207 183 82 192 74 76 114 158 63 113 229 88 47 75 73 166 218 72 
133 : 166 177 140 164 153 213 39 138 183 204 144 151 233 210 76 232 157 109 110 223 27 143 195 55 31 136 218 139 168 194 142 220 67 92 43 128 134 64 69 227 101 158 86 103 201 238 119 77 146 219 129 161 196 171 37 234 72 242 29 33 240 205 154 
134 : 95 33 207 176 226 215 245 185 37 54 156 136 98 49 112 154 123 72 188 189 26 85 165 138 52 64 74 206 128 173 201 205 84 51 244 149 71 91 236 125 34 195 107 25 101 204 170 187 227 61 31 53 97 239 238 233 217 132 68 66 90 89 184 30 222 213 99 87 180 141 139 168 171 150 134 76 27 56 94 79 36 186 50 40 48 146 114 127 145 73 80 
135 : 241 136 55 92 153 69 107 47 99 119 64 229 128 84 116 188 219 149 148 223 225 132 214 105 185 207 213 167 239 
136 : 115 45 146 37 169 122 190 83 232 120 246 112 80 218 178 214 126 235 162 229 189 93 136 72 238 
137 : 87 41 128 193 50 111 146 103 133 77 164 243 88 226 220 96 215 218 249 65 233 85 196 145 142 201 95 141 122 245 237 106 166 159 29 98 52 75 57 214 205 217 152 34 148 165 186 90 200 108 143 62 203 47 248 137 124 76 198 185 45 94 212 223 167 
138 : 244 159 118 93 110 87 64 155 145 99 128 63 32 208 25 56 221 183 237 154 175 48 120 113 68 139 216 146 60 173 192 119 55 114 135 28 249 46 140 116 179 47 163 191 65 165 235 67 71 76 241 226 211 194 224 144 40 96 161 107 195 201 127 88 
139 : 28 163 38 117 222 175 96 156 133 63 106 189 206 249 149 102 81 125 199 245 142 226 88 158 230 93 148 57 
140 : 208 68 107 83 166 211 130 210 54 108 79 118 197 184 78 224 237 223 131 25 65 97 248 235 199 188 132 72 44 61 104 46 220 43 153 183 127 91 249 123 232 49 86 101 73 202 217 226 58 136 246 88 244 112 204 
141 : 58 243 47 63 193 80 220 48 213 153 216 25 148 60 230 71 41 174 209 66 103 105 176 59 134 119 43 190 187 30 87 70 52 175 34 75 35 188 237 106 31 118 
142 : 247 162 231 199 126 133 89 26 131 85 114 177 141 147 130 139 80 245 129 32 64 176 178 241 73 168 33 
143 : 197 170 134 154 234 113 242 123 233 192 177 150 218 130 105 227 80 249 70 102 172 57 151 71 194 144 179 27 136 95 168 158 49 162 129 61 142 207 132 100 238 53 111 58 228 
144 : 105 155 50 215 97 210 169 107 245 147 157 140 163 109 217 128 123 248 33 125 167 65 26 211 216 172 246 182 96 121 181 166 227 131 74 243 242 38 235 59 110 188 93 202 234 173 138 46 57 51 111 58 54 53 214 94 92 83 184 108 75 62 37 219 45 87 73 68 98 27 232 64 239 187 222 198 154 35 
145 : 79 200 43 92 153 166 45 194 202 171 78 155 50 174 245 127 86 141 30 180 179 191 190 146 103 160 109 182 221 53 117 139 58 55 
146 : 34 125 80 114 166 150 223 44 62 27 144 151 227 99 238 153 107 224 82 65 208 30 204 101 216 94 40 135 66 206 31 104 201 91 231 186 45 156 157 54 48 219 197 140 75 196 95 47 105 230 199 131 214 110 102 46 28 161 173 29 165 69 39 160 210 124 237 77 236 177 67 142 212 183 171 118 187 73 93 122 169 192 52 155 209 143 79 96 112 172 211 221 42 
147 : 185 113 120 167 234 189 135 184 145 102 90 55 161 44 76 31 88 58 239 196 40 92 241 143 225 128 139 106 101 70 140 160 181 118 125 34 116 75 49 141 98 210 155 126 170 171 168 194 213 228 62 74 178 54 237 110 232 217 248 72 197 169 157 188 115 222 69 130 215 223 221 182 211 63 142 203 224 
148 : 193 99 162 26 131 169 63 104 75 200 100 235 60 239 177 219 249 64 225 106 79 246 52 175 215 130 81 167 151 44 140 116 197 71 194 185 38 85 78 127 45 46 132 203 158 97 124 111 155 62 186 65 187 233 212 118 134 80 35 57 205 192 202 234 59 242 227 159 217 230 208 152 40 53 173 241 32 91 220 61 221 182 
149 : 63 81 105 195 115 30 242 220 150 110 70 221 80 131 244 155 132 204 225 166 146 103 161 205 68 240 237 42 211 174 223 53 184 206 27 33 64 185 147 164 171 179 82 52 137 79 25 172 143 34 77 124 139 191 239 118 222 198 144 37 226 228 59 73 189 224 149 236 187 49 136 116 95 158 142 154 165 123 163 106 180 160 193 168 121 130 86 246 167 97 98 85 88 202 
150 : 122 79 233 118 199 72 64 209 203 187 218 25 172 32 220 152 242 36 80 148 228 74 168 110 89 151 165 221 182 144 227 246 111 192 60 43 198 138 57 50 174 179 181 130 
151 : 125 73 82 107 33 224 241 123 58 49 124 104 147 34 238 29 155 218 94 230 133 209 89 86 237 98 47 92 212 150 171 77 231 199 67 211 59 245 93 56 197 236 72 
152 : 94 111 53 166 208 246 143 215 148 183 126 239 199 231 42 93 25 106 196 124 40 210 202 91 249 188 227 182 242 151 193 220 228 181 184 112 221 161 170 50 236 203 152 205 201 41 46 245 51 243 230 225 80 129 204 103 127 115 60 131 30 195 139 43 82 237 234 235 123 62 
153 : 78 229 97 245 36 247 112 157 138 189 81 30 195 66 132 96 37 159 220 240 53 31 221 135 193 62 162 76 192 105 131 143 61 104 63 89 134 65 224 196 133 95 160 108 27 181 222 244 213 228 241 217 38 163 211 148 54 42 107 183 169 94 59 114 191 136 102 184 33 151 206 179 32 170 140 86 50 188 28 249 128 45 243 56 
154 : 207 69 218 59 86 215 202 232 30 238 84 152 235 181 236 104 163 144 237 97 158 129 81 29 34 128 164 
155 : 123 158 75 110 167 116 243 205 117 215 201 57 151 33 29 185 41 197 70 85 174 184 86 204 236 62 87 181 
156 : 68 41 92 49 185 172 177 208 180 154 236 102 47 169 247 73 183 43 84 112 72 40 32 60 216 174 65 69 198 243 238 150 111 148 88 181 171 213 108 143 30 94 248 139 162 28 100 176 101 149 159 161 42 105 39 
157 : 69 103 70 74 61 227 175 99 96 240 202 230 223 148 137 143 77 121 220 55 33 52 167 73 158 200 126 81 48 95 193 140 155 54 152 174 127 124 114 215 111 159 39 85 31 34 226 206 212 154 221 64 222 108 164 229 132 228 203 112 58 188 44 147 117 177 217 
158 : 201 57 52 72 190 148 61 236 189 59 88 242 133 95 130 75 35 60 99 210 194 188 226 46 237 117 240 44 115 241 107 77 150 153 232 106 143 53 98 37 151 51 120 82 103 158 155 39 208 41 76 141 
159 : 230 162 248 193 48 198 122 57 195 207 143 131 231 110 109 82 33 36 37 154 111 69 55 214 224 170 75 53 223 172 241 225 221 96 46 176 80 125 100 145 149 126 62 51 90 47 84 188 243 97 
160 : 120 39 124 207 183 63 153 184 105 64 113 147 84 115 59 135 42 179 54 227 128 168 189 133 30 211 204 218 45 171 72 192 173 119 66 142 26 249 47 175 177 164 58 32 123 90 117 77 100 55 199 121 114 234 160 212 76 80 38 230 122 150 238 126 239 198 78 
161 : 146 81 132 175 39 138 111 220 199 184 204 231 78 37 89 225 171 154 80 73 219 200 121 112 86 43 29 82 162 64 126 173 188 234 237 53 72 99 169 176 170 230 77 148 245 123 145 49 46 63 206 192 85 131 242 25 125 133 35 71 172 182 79 38 36 240 103 27 
162 : 75 83 242 29 50 95 90 165 49 229 116 73 148 210 214 149 216 234 108 77 217 69 249 128 245 198 111 212 185 40 33 226 52 224 79 32 39 123 202 133 205 109 91 84 101 209 144 98 37 170 58 28 64 166 92 219 138 112 45 184 107 30 146 86 88 72 53 136 55 225 54 141 110 70 223 177 
163 : 159 216 57 156 102 204 31 149 137 153 139 192 44 197 182 228 93 144 76 122 166 162 79 55 206 73 212 60 179 128 125 174 184 111 191 157 115 169 28 211 96 87 63 220 47 113 148 176 
164 : 165 210 219 244 53 229 205 102 135 241 59 216 103 126 142 77 243 185 236 158 226 235 35 169 132 171 101 57 96 184 151 31 67 227 144 136 238 146 88 218 208 80 100 180 215 242 186 196 245 119 37 92 231 224 130 73 230 65 72 114 52 95 108 90 201 33 190 228 162 248 247 145 93 54 143 112 39 239 173 206 60 
165 : 157 53 37 159 25 228 202 172 176 124 100 168 39 230 120 229 125 31 96 240 57 67 113 49 103 185 61 232 48 127 110 
166 : 88 244 127 50 170 239 55 129 176 180 202 219 124 190 226 165 248 233 79 160 117 112 181 198 229 243 148 156 102 66 211 58 131 108 67 119 121 48 27 40 111 235 207 151 163 212 206 133 142 159 70 87 150 76 183 97 182 152 172 45 141 210 178 109 161 71 174 81 103 39 98 80 236 104 63 187 34 113 57 100 92 137 37 241 
167 : 115 116 166 210 208 47 189 185 192 206 43 237 165 213 234 246 121 187 59 76 87 230 112 56 34 45 126 174 172 51 160 239 83 161 85 77 243 96 133 93 200 146 65 186 113 103 229 169 88 91 66 52 130 247 195 163 205 154 98 158 82 212 148 175 35 89 140 142 
168 : 184 135 248 122 39 169 123 167 115 60 158 141 69 142 161 97 94 196 210 148 188 130 139 207 134 181 137 106 221 98 238 174 87 109 156 59 219 124 74 34 54 28 212 185 56 58 50 177 62 128 118 125 63 103 101 239 229 245 111 144 204 96 117 173 75 203 187 236 
169 : 244 146 224 154 236 142 216 134 247 62 101 193 28 164 230 172 139 57 106 34 36 171 47 141 48 235 205 93 35 178 52 92 30 240 190 50 74 241 222 90 239 129 110 49 123 133 160 29 185 59 152 157 95 167 91 177 114 42 173 98 248 220 233 144 181 72 208 209 234 56 96 100 229 68 219 113 228 70 195 46 227 80 112 221 131 158 206 118 127 218 
170 : 231 157 177 102 135 85 64 104 153 211 201 26 103 216 236 65 183 166 205 189 192 185 169 117 39 127 175 160 76 59 118 222 203 227 206 234 73 79 32 155 80 119 142 49 69 51 42 120 62 217 223 232 136 83 112 179 100 33 204 146 106 191 173 147 78 132 239 194 248 196 168 130 237 171 151 31 121 72 220 152 110 150 107 137 167 182 27 35 55 61 70 87 124 246 165 143 
171 : 176 216 167 132 25 108 242 61 69 218 128 238 188 32 204 88 38 107 240 124 165 130 210 135 247 237 235 94 35 142 58 98 141 117 75 177 221 195 34 207 85 145 163 102 147 179 116 64 241 211 190 42 234 40 233 184 219 33 225 187 189 146 41 28 72 125 53 140 138 89 205 26 155 200 59 152 213 101 217 118 149 173 97 90 162 159 81 50 
172 : 100 132 58 196 218 51 159 102 39 108 131 152 198 201 89 78 230 40 114 119 26 161 172 126 199 173 82 193 44 229 105 49 170 148 245 221 36 50 109 149 35 77 145 235 110 154 234 243 43 146 135 207 163 48 
173 : 189 100 182 65 243 157 110 69 75 125 60 98 51 241 136 114 236 235 158 106 127 152 102 227 50 244 35 248 247 94 161 171 128 201 229 207 186 155 71 
174 : 52 141 89 223 39 139 53 111 169 109 55 224 110 219 25 108 189 75 136 138 228 199 45 179 72 41 213 100 
175 : 151 138 124 102 181 167 78 25 150 173 243 37 233 29 141 137 170 60 130 217 228 139 161 171 226 108 156 44 220 190 140 
176 : 154 211 224 238 225 76 52 85 86 146 239 30 233 240 231 74 128 208 127 117 114 102 229 188 58 116 36 72 99 160 55 95 241 199 100 200 165 115 64 152 232 227 80 65 179 51 207 169 123 249 218 35 34 45 135 125 48 103 149 191 50 126 44 230 151 147 71 
177 : 73 108 235 125 109 185 173 240 195 51 205 97 129 215 238 165 138 64 128 157 86 38 75 193 117 48 71 30 225 36 242 163 218 241 162 115 34 62 206 220 104 174 186 147 208 136 91 37 88 107 144 175 135 213 72 54 25 
178 : 64 196 248 169 220 110 233 62 50 239 143 112 180 30 188 179 130 176 103 53 173 84 27 113 119 190 182 223 80 151 219 211 234 204 138 114 181 72 57 136 91 245 71 31 116 67 214 229 60 97 141 90 127 124 158 107 157 236 170 249 149 137 216 93 108 111 164 227 156 246 147 150 59 135 177 134 129 28 160 163 208 205 123 152 63 109 140 41 
179 : 234 51 30 157 105 89 26 241 141 143 98 107 62 226 242 80 213 200 224 46 152 113 151 178 32 110 103 221 156 160 169 85 27 164 184 206 179 237 212 108 236 115 68 227 39 121 118 158 214 238 202 53 73 186 86 129 140 245 138 190 133 82 79 148 35 204 233 128 101 198 232 88 44 91 126 208 180 71 114 136 223 193 249 220 147 31 225 56 146 70 145 216 209 63 33 43 194 248 
180 : 111 154 100 233 207 115 230 48 60 139 117 106 239 175 213 114 237 165 43 73 148 39 45 65 171 246 227 120 173 78 204 33 64 96 168 205 68 167 240 87 95 97 
181 : 128 175 47 141 170 163 90 112 148 58 232 206 196 166 236 75 245 108 83 159 151 26 169 172 71 35 228 249 107 241 149 240 61 157 36 238 53 246 164 220 78 171 186 125 114 56 76 119 211 33 32 93 156 207 242 91 176 129 86 55 194 81 154 115 28 195 225 104 66 193 137 174 42 44 162 143 173 146 130 103 79 229 214 203 222 200 182 132 178 51 110 
182 : 164 45 76 38 155 33 97 86 180 248 73 42 213 233 75 224 227 212 199 80 148 98 146 130 228 78 59 58 71 232 171 77 46 57 200 187 152 132 218 139 29 197 65 128 159 108 226 
183 : 30 125 162 75 178 143 85 177 157 112 95 195 78 45 201 199 135 197 218 161 129 108 221 136 92 183 39 209 118 138 93 69 106 33 98 229 140 194 109 188 141 99 154 211 28 25 227 76 121 182 52 186 35 80 174 196 29 212 230 88 249 168 87 193 119 77 148 203 111 84 171 116 223 107 152 224 86 124 46 117 41 90 151 166 53 219 
184 : 100 182 226 46 113 126 153 233 236 41 169 186 83 199 148 75 157 132 120 72 203 147 84 237 187 49 34 51 48 77 110 151 
185 : 139 174 134 221 202 115 240 173 59 26 217 107 100 143 245 45 205 118 110 181 186 187 92 211 71 67 197 243 
186 : 194 75 155 246 206 99 174 133 73 59 35 114 243 217 82 244 160 237 239 242 56 142 172 190 214 
187 : 46 119 39 68 143 223 53 158 145 61 140 206 151 108 56 69 43 167 59 138 34 35 41 187 176 227 169 82 125 118 109 89 156 249 116 36 121 92 103 77 131 168 175 195 204 110 58 216 210 213 170 201 165 197 86 48 133 72 94 29 132 161 219 171 144 162 191 124 104 188 182 40 246 62 208 226 160 163 150 203 247 214 139 113 244 241 
188 : 81 218 84 174 180 199 134 64 230 113 177 240 96 228 201 160 61 136 169 132 186 76 222 239 30 140 167 115 25 142 65 157 215 182 205 125 44 
189 : 205 215 161 135 32 199 29 178 195 136 189 240 227 57 232 219 176 41 206 249 43 233 191 40 243 182 37 25 192 171 214 188 106 173 30 133 145 101 84 183 207 238 157 190 124 220 210 123 70 244 53 229 109 169 103 224 162 90 164 44 72 245 56 226 129 168 141 108 117 131 58 137 
190 : 44 46 153 77 100 210 95 68 76 163 193 37 243 70 115 145 166 219 56 139 146 162 81 97 110 38 123 195 158 190 172 124 35 246 233 180 173 225 121 177 168 217 32 244 54 231 196 117 202 157 198 103 207 229 43 86 64 184 192 57 238 214 206 27 40 34 60 235 240 113 191 248 128 226 111 178 55 104 84 
191 : 196 155 223 231 226 188 213 111 132 98 118 72 92 46 32 153 171 177 85 146 191 207 96 73 38 123 230 234 236 246 244 54 39 133 121 107 117 159 65 173 40 211 82 115 49 243 63 205 200 179 208 86 202 203 102 45 149 233 222 199 206 227 69 172 174 166 25 136 53 245 113 114 158 
192 : 129 58 239 128 43 151 105 81 195 139 104 212 66 133 231 74 38 124 77 159 130 68 218 177 57 208 234 90 103 126 215 164 76 42 132 174 175 154 236 59 88 209 34 112 143 229 242 56 248 54 35 37 55 249 135 117 185 106 114 230 203 167 134 92 214 158 
193 : 193 90 41 182 229 248 53 163 170 29 162 199 165 201 172 238 180 221 136 77 185 69 158 220 197 237 87 225 106 217 239 34 245 84 148 49 195 216 147 235 124 142 99 27 117 130 121 189 105 212 171 37 51 74 75 210 38 127 93 55 
194 : 135 108 236 32 248 177 207 92 51 89 220 223 117 154 159 194 115 186 127 62 155 208 61 72 161 66 192 
195 : 229 232 177 90 49 77 93 176 207 29 189 132 59 191 114 186 208 32 169 209 38 164 81 148 204 193 119 31 154 121 147 40 104 126 190 241 163 115 240 117 249 53 160 79 
196 : 168 54 25 165 186 121 107 158 49 176 217 204 93 64 225 111 221 182 102 81 130 103 178 179 76 39 227 44 34 244 70 224 127 72 235 160 163 91 125 213 117 214 100 219 82 207 118 75 129 202 195 203 187 177 87 101 198 148 132 104 80 45 105 97 245 191 136 236 79 232 151 218 199 137 239 
197 : 109 210 204 178 95 161 150 106 181 155 201 234 200 67 127 68 154 84 80 97 139 188 87 224 116 39 163 242 233 142 239 145 177 70 61 131 134 159 108 117 29 99 46 72 175 192 105 113 144 38 189 194 198 62 241 207 52 165 153 58 166 101 168 126 41 71 171 54 197 208 25 202 51 231 76 246 138 114 92 151 211 85 223 209 143 43 132 
198 : 120 127 85 196 47 71 246 112 157 241 121 139 193 27 151 35 235 185 231 78 163 136 100 61 181 154 165 70 77 225 237 51 244 208 54 124 205 60 80 122 224 140 219 84 200 108 248 176 59 186 221 243 93 75 79 169 145 233 167 138 50 69 36 118 189 147 242 129 82 65 105 107 148 86 180 43 192 115 110 128 32 249 92 223 215 230 88 238 
199 : 197 157 145 105 244 70 152 201 131 28 142 30 38 115 78 48 81 242 73 61 72 74 154 123 71 224 91 163 232 116 63 245 238 60 207 221 65 141 212 187 43 198 161 126 29 94 176 26 146 185 54 90 150 205 177 92 64 239 234 27 143 211 52 209 31 121 148 68 111 155 204 76 167 181 88 164 49 113 222 59 183 106 166 138 67 44 191 45 118 213 219 226 137 98 186 158 
200 : 85 171 31 45 237 47 75 219 29 180 90 190 128 86 100 229 33 177 201 213 227 246 76 107 105 112 57 62 185 34 39 200 119 223 241 226 245 167 174 247 49 96 131 42 87 84 115 116 197 209 182 69 38 225 142 73 
201 : 158 211 170 203 127 233 222 115 117 194 125 192 66 179 165 171 100 106 33 229 245 108 240 25 206 129 141 135 168 37 249 231 46 53 138 191 172 226 55 130 177 88 47 124 49 136 167 174 60 114 134 154 204 246 169 205 74 196 39 
202 : 74 160 220 192 171 159 155 149 131 196 234 33 161 38 132 64 142 122 119 140 235 77 198 41 58 97 197 232 215 139 175 194 170 221 94 102 148 79 99 200 177 187 34 36 57 229 93 48 133 61 123 164 228 52 62 243 202 121 152 127 54 78 71 75 214 130 114 42 129 73 166 205 157 27 195 184 82 95 55 103 136 124 43 154 100 203 233 89 72 
203 : 225 190 193 116 249 103 142 87 177 232 202 36 208 107 240 126 48 189 174 29 77 244 219 42 131 247 227 53 83 63 43 106 246 104 112 25 221 123 214 86 57 89 67 79 32 161 97 108 60 117 187 44 204 178 128 124 215 34 233 92 91 191 33 41 150 212 143 171 125 31 94 28 
204 : 213 200 137 126 193 177 27 204 172 143 132 149 103 90 160 234 75 127 232 115 191 29 185 78 97 228 214 180 52 88 247 243 162 216 134 55 163 154 111 229 153 217 79 198 70 81 138 235 164 147 211 72 68 231 61 76 92 54 124 207 91 63 123 195 212 53 152 95 80 108 240 150 
205 : 66 74 163 247 168 29 115 153 48 204 114 169 219 152 61 132 43 162 40 191 137 205 211 55 37 42 46 217 174 154 194 25 221 63 125 36 129 69 155 120 99 207 108 126 138 64 47 80 136 246 173 134 146 141 233 30 50 102 206 172 98 198 113 117 225 208 78 95 200 38 76 51 105 170 148 241 190 151 94 54 83 226 158 248 100 73 159 149 84 123 220 228 243 216 224 
206 : 246 32 44 192 131 214 109 140 164 111 72 128 58 33 85 70 135 35 234 25 126 144 219 249 244 166 95 112 
207 : 84 78 65 137 173 102 167 57 215 182 111 124 141 163 158 68 39 170 202 31 77 69 180 232 177 28 246 63 98 162 54 
208 : 140 229 102 133 28 141 74 93 159 181 208 50 124 108 180 95 113 131 77 145 96 53 170 38 221 244 242 199 51 121 45 243 185 61 239 87 134 130 241 238 116 80 32 177 66 99 90 188 195 171 
209 : 197 212 177 52 172 203 163 171 84 113 191 80 246 234 36 53 43 128 217 208 155 78 38 186 139 148 39 92 220 77 199 27 179 49 236 41 76 101 107 42 181 176 67 119 169 110 55 206 75 228 69 90 81 196 63 131 147 124 68 214 79 109 70 64 98 198 145 161 243 46 146 230 122 209 
210 : 134 133 114 25 47 203 177 192 50 172 68 186 223 211 91 208 49 217 129 79 171 37 43 202 115 215 163 167 46 140 61 169 205 98 164 127 93 28 70 161 59 224 229 246 142 225 181 77 87 117 41 213 80 34 131 45 212 120 184 42 153 190 74 135 29 57 160 88 118 44 89 247 143 65 226 122 138 237 107 175 54 168 109 158 219 197 
211 : 156 29 113 241 112 206 232 220 115 146 44 196 233 95 181 82 46 194 158 89 183 249 57 98 207 176 215 84 171 79 71 166 73 85 99 174 242 161 88 81 224 163 118 221 31 193 80 180 62 76 179 
212 : 192 122 77 82 170 229 76 138 226 36 179 236 87 85 159 238 165 73 240 84 214 194 33 213 228 186 103 92 30 155 59 161 111 72 150 167 193 195 39 75 98 67 227 43 234 81 62 117 220 231 99 37 184 57 54 141 246 32 149 160 69 169 130 119 185 61 218 177 135 212 51 211 201 105 206 104 120 187 60 40 140 207 47 139 199 223 89 80 205 68 65 146 
213 : 215 72 108 71 233 75 52 201 182 77 204 158 245 76 106 65 126 48 94 246 53 170 58 166 186 112 102 176 141 231 43 83 178 235 132 110 149 247 100 98 242 224 216 125 128 192 73 96 152 91 195 230 
214 : 105 36 222 224 194 62 220 71 178 78 91 244 93 240 241 242 145 219 106 79 182 72 144 160 117 29 87 
215 : 150 158 54 132 183 104 190 241 60 231 157 33 130 152 101 53 140 168 76 116 99 160 52 125 84 163 50 224 149 88 212 85 98 154 230 189 242 197 79 233 25 68 191 37 78 122 49 93 155 244 166 115 232 144 203 147 184 187 243 
216 : 68 47 94 122 247 209 88 198 110 32 133 124 60 170 233 84 121 34 71 160 89 171 72 39 87 180 192 177 137 50 213 28 238 26 73 36 240 143 245 214 196 231 201 76 116 130 215 156 46 78 217 154 146 195 79 128 236 69 218 42 104 221 80 61 62 119 155 174 38 141 86 49 112 95 25 182 185 158 99 123 232 193 167 207 159 148 211 199 33 54 118 248 103 237 169 246 
217 : 120 113 115 198 162 34 199 110 154 150 96 176 166 53 33 84 222 175 225 114 122 217 230 85 228 172 191 158 102 40 184 200 118 215 247 224 31 57 140 131 73 147 87 
218 : 131 129 142 31 150 208 147 38 70 135 48 81 42 122 155 235 41 88 193 161 109 179 28 160 118 107 236 234 246 57 60 157 67 194 80 165 197 232 136 154 37 113 180 44 159 52 
219 : 86 182 100 113 149 134 172 227 151 202 191 214 177 218 129 158 168 87 74 189 88 208 209 154 51 58 223 178 228 199 114 232 47 162 146 59 131 247 193 156 30 91 110 139 221 138 186 145 190 207 116 213 118 96 204 77 42 125 249 98 175 81 
220 : 63 206 132 29 172 77 191 57 85 122 140 80 241 120 72 99 231 75 49 208 81 200 239 111 141 94 70 195 217 165 218 66 225 114 109 198 129 161 207 133 35 153 143 71 221 146 243 36 236 179 189 219 127 171 183 168 182 159 55 26 101 248 
221 : 99 149 60 51 166 41 31 227 207 247 181 161 90 230 157 129 186 167 115 74 204 94 188 163 222 132 195 138 231 169 26 202 73 
222 : 185 227 76 72 129 34 131 98 141 64 152 96 117 106 149 50 248 81 233 122 40 43 214 183 175 216 238 107 208 31 228 192 243 63 148 220 32 62 47 144 123 66 190 182 110 173 
223 : 145 99 212 138 208 155 174 167 47 248 179 220 224 38 170 33 119 210 242 142 43 32 148 124 59 194 156 165 51 188 78 72 206 79 60 50 223 61 207 103 243 190 44 147 178 77 57 236 26 
224 : 164 180 188 128 132 191 123 98 243 186 91 223 135 78 117 215 50 64 141 234 207 92 187 235 124 238 217 69 231 169 148 65 111 242 49 
225 : 137 143 239 231 242 140 42 85 93 36 245 199 229 185 172 246 215 64 191 213 188 28 130 112 60 73 66 40 114 108 72 233 211 55 182 192 34 228 212 122 118 169 194 190 82 170 25 134 204 156 210 104 230 121 99 109 101 184 116 168 135 180 44 159 237 163 48 206 87 148 186 119 196 78 90 225 193 224 79 80 103 96 133 166 54 234 58 209 92 52 37 154 
226 : 139 105 88 222 110 241 194 145 72 209 207 175 245 168 183 115 169 102 163 111 151 65 242 174 229 79 47 130 85 236 218 123 
227 : 136 246 106 204 247 144 47 74 50 112 95 162 226 63 212 229 230 110 235 73 99 150 119 141 109 218 58 135 66 129 233 239 84 86 89 64 196 49 115 184 
228 : 175 52 62 156 132 197 106 238 134 153 131 142 114 44 194 185 99 198 192 26 195 159 129 88 218 227 157 180 36 79 84 91 112 231 193 140 100 199 78 55 215 73 49 217 158 173 113 169 95 27 41 116 148 110 71 97 45 133 137 196 108 139 82 46 244 96 28 128 188 165 236 125 181 42 145 221 86 191 152 130 75 187 
229 : 171 55 157 30 243 203 177 163 170 172 249 111 80 233 178 137 119 150 99 69 213 188 148 147 71 164 92 51 152 126 32 53 96 223 191 236 36 222 206 139 41 102 81 194 45 229 136 134 234 159 25 153 57 221 89 125 95 201 93 72 208 114 246 47 166 228 113 127 84 98 212 29 103 43 27 224 90 68 60 50 132 239 242 149 48 130 104 62 197 38 200 230 
230 : 115 243 80 92 215 234 43 204 154 201 173 105 187 40 150 221 220 89 225 123 103 100 29 45 216 44 158 97 122 242 108 94 152 223 214 226 82 124 129 112 130 32 63 140 163 48 136 138 65 227 246 235 57 247 113 184 66 239 110 205 203 178 77 237 98 165 174 209 188 156 41 245 116 168 142 58 206 164 211 193 182 133 34 56 208 143 153 121 71 46 
231 : 229 209 98 97 170 222 164 64 44 90 32 108 185 249 155 225 47 81 99 76 48 55 236 121 111 220 245 186 182 72 190 125 152 83 246 235 227 203 31 119 43 233 109 27 147 135 159 104 228 156 218 176 138 175 78 141 207 92 150 120 189 199 187 137 49 35 140 39 247 211 157 38 113 178 93 240 161 195 36 204 52 168 29 53 75 41 40 224 25 181 230 
232 : 139 85 180 152 130 110 143 62 101 100 234 172 203 183 87 167 98 239 195 157 48 116 61 197 175 73 153 53 103 55 125 228 77 106 33 226 218 178 192 78 200 83 150 46 47 231 247 168 114 217 28 76 43 97 164 196 235 36 133 69 35 
233 : 226 193 146 141 227 232 212 180 224 52 62 112 76 216 127 39 236 209 220 38 200 132 157 44 218 113 210 192 156 68 110 107 185 89 85 198 61 182 144 154 248 181 155 120 152 121 215 41 246 173 187 60 202 63 50 94 72 175 116 207 35 
234 : 211 212 197 209 47 25 49 194 91 61 53 205 102 67 221 190 103 117 90 58 128 118 165 202 77 135 249 81 189 79 208 66 131 38 121 217 
235 : 160 93 95 123 192 46 98 229 234 205 210 87 212 27 91 218 139 179 59 121 211 28 194 88 90 231 142 198 114 238 145 45 186 68 170 195 228 84 168 66 144 201 80 110 204 124 42 157 107 172 141 178 219 78 153 180 190 224 230 52 32 35 188 129 154 215 202 26 53 57 220 63 209 56 181 76 108 102 155 171 54 185 200 94 216 246 112 111 
236 : 197 120 175 100 234 72 183 238 249 209 58 205 230 87 140 233 206 222 50 215 172 169 31 184 148 118 162 46 98 104 70 202 119 178 126 35 143 208 176 127 139 151 115 59 28 105 216 
237 : 126 44 54 52 128 31 90 137 156 95 84 169 36 160 235 55 104 231 107 133 119 245 247 32 151 172 96 180 132 213 200 80 157 227 243 94 53 98 141 71 135 39 197 27 225 102 112 203 146 163 106 233 113 134 109 241 248 88 59 201 223 116 167 63 165 208 121 214 153 136 182 168 
238 : 154 120 203 88 74 116 53 232 231 69 70 30 97 213 216 115 113 172 60 62 102 194 187 103 86 144 71 236 244 245 39 148 202 37 26 178 151 45 82 235 77 168 91 28 214 234 209 95 117 67 137 159 217 40 227 38 
239 : 129 137 49 166 203 102 216 139 60 201 160 105 142 77 172 174 90 230 25 92 27 130 247 232 116 35 179 208 61 143 133 188 212 167 84 180 32 199 138 38 243 
240 : 132 103 155 225 80 127 233 67 33 158 186 105 85 29 142 177 72 81 134 147 211 122 61 196 119 226 174 239 96 178 203 204 168 63 229 104 86 180 36 221 47 223 45 77 237 169 66 60 161 220 195 95 42 187 125 57 137 150 93 106 162 114 197 109 152 58 
241 : 127 149 26 121 55 169 159 197 109 63 137 79 136 229 27 31 241 41 152 145 40 132 165 126 133 212 209 215 81 34 96 194 222 249 46 144 74 36 124 224 182 58 56 44 228 
242 : 128 217 157 223 165 78 97 220 136 210 225 67 41 42 213 151 81 218 240 44 234 113 183 73 179 228 89 54 159 90 184 222 139 112 101 185 207 149 211 26 45 191 147 
243 : 51 228 231 145 224 206 174 200 135 201 240 103 126 75 212 154 180 229 72 68 238 100 106 197 127 50 213 43 71 226 165 236 192 118 98 195 149 218 188 217 242 107 87 131 49 199 123 223 129 61 243 156 239 178 67 142 179 172 237 46 42 82 108 185 101 153 194 53 173 148 30 38 141 193 44 81 97 40 41 215 134 47 57 
244 : 46 61 192 151 94 166 222 66 249 28 206 96 199 227 52 225 67 214 140 56 75 202 240 39 110 228 117 86 189 152 205 57 229 102 27 211 134 80 173 221 183 176 190 29 216 155 241 84 98 158 160 121 238 
245 : 139 52 211 229 121 181 159 177 78 61 147 58 245 172 126 97 133 152 210 105 238 54 138 111 108 127 82 228 131 144 57 49 31 230 41 163 165 155 128 73 234 116 178 112 71 95 142 94 88 249 135 236 198 114 183 148 84 203 248 213 65 237 59 207 36 63 26 81 124 191 103 204 235 75 106 170 241 119 35 46 185 91 242 
246 : 241 198 152 49 60 153 127 33 90 238 209 223 240 208 179 206 53 52 228 38 195 193 54 58 233 121 143 78 41 28 61 151 62 182 163 45 181 36 184 146 227 190 68 185 98 235 77 97 56 177 25 29 162 34 246 224 74 104 139 220 213 138 210 100 51 105 76 31 216 37 211 72 164 229 137 171 107 187 111 237 99 201 248 86 155 147 81 144 204 156 236 148 133 135 
247 : 80 108 185 130 53 217 148 197 70 71 170 190 97 49 77 194 212 172 216 96 157 135 211 218 27 84 191 247 245 209 89 152 143 35 40 169 118 34 164 219 73 244 154 178 241 181 248 214 122 198 234 215 
248 : 182 97 53 78 54 214 143 142 173 137 55 197 123 118 110 93 204 151 144 33 183 220 69 125 45 150 134 205 135 68 202 236 100 163 165 103 203 59 155 154 89 219 222 
249 : 245 87 141 164 78 195 121 176 168 71 180 92 152 246 61 25 229 46 49 64 142 69 51 36 249 196 212 34 151 178 115 181 219 237 59 129 234 227 179 88 120 109 130 85 125 65 52 202 32 67 183 203 136 149 248 108 123 84 137 126 104 218 127 45 198 105 76 207 177 236 138 41 26 155 211 159 215 223 
250 : 59 148 102 227 38 226 78 199 184 155 243 108 232 200 48 97 224 238 161 175 239 63 245 44 81 222 128 206 116 86 75 93 84 189 88 150 230 223 246 149 159 172 191 71 235 211 151 54 216 167 89 247 135 146 188 236 69 124 72 26 77 129 170 241 154 217 118 130 187 66 65 34 132 133 210 215 198 109 51 219 125 123 177 42 92 
251 : 241 71 83 108 68 215 45 239 187 42 119 177 140 217 128 109 102 38 124 194 191 226 131 227 46 60 160 76 
252 : 45 242 125 42 76 30 72 239 77 205 166 247 229 203 118 199 212 69 233 163 148 26 192 150 61 57 189 105 237 85 162 70 91 121 151 249 214 130 183 201 99 109 28 40 124 217 226 100 169 209 158 165 33 
253 : 157 62 152 32 248 201 101 207 126 47 70 178 75 49 50 52 142 167 150 249 177 165 238 137 123 148 230 85 88 231 98 235 243 110 44 188 215 182 33 106 158 223 45 95 130 168 175 25 227 232 61 135 
254 : 71 152 225 217 40 61 230 90 49 147 118 244 165 93 119 97 241 41 220 68 194 35 59 246 58 105 219 145 28 62 188 181 199 
255 : 53 83 174 195 147 184 26 226 157 35 131 46 107 212 207 244 122 233 143 37 200 86 230 223 215 192 57 77 108 183 63 98 245 218 106 116 153 208 132 170 210 130 142 75 94 97 50 129 188 31 164 112 228 28 180 171 202 34 25 111 110 103 126 136 204 137 235 227 81 68 159 60 179 74 105 242 144 44 141 224 234 49 177 65 145 48 76 109 239 30 82 92 156 66 89 
256 : 35 110 217 70 118 168 83 144 180 81 101 213 84 188 36 179 148 49 150 203 239 53 125 160 175 
257 : 101 38 54 118 237 164 219 224 213 173 75 36 197 70 121 177 146 169 33 68 82 78 199 98 104 128 171 205 166 142 67 108 60 167 50 143 69 231 61 58 57 106 226 43 214 59 158 211 90 131 207 186 181 112 149 163 228 45 64 39 193 227 80 196 209 241 
