0 : 207 249 214 100 226 88 223 87 91 44 171 33 183 66 130 157 70 47 110 199 228 240 204 182 145 86 80 198 149 46 200 139 121 213 89 99 64 151 120 189 119 59 52 40 217 209 107 144 71 82 104 55 246 
1 : 129 206 64 50 198 239 182 193 63 76 153 192 249 218 104 247 217 178 135 202 186 118 124 162 69 41 53 194 100 114 240 142 187 233 131 29 164 43 207 121 220 67 156 109 223 225 
2 : 121 141 120 135 49 53 155 245 63 112 147 75 142 36 129 224 73 213 132 64 97 50 122 186 225 229 39 91 219 143 177 209 149 31 59 110 234 175 139 100 172 159 151 164 
3 : 100 107 221 70 171 53 79 117 167 249 230 225 219 234 147 64 124 156 210 149 168 44 148 226 96 
4 : 27 122 141 89 116 209 206 168 245 59 66 127 151 121 208 236 71 219 161 77 174 33 56 111 218 221 241 42 143 129 70 162 210 163 172 193 154 192 117 74 136 78 85 79 198 170 146 109 
5 : 205 95 146 116 59 180 132 218 124 63 120 105 160 52 183 56 81 153 189 188 209 76 225 224 85 109 46 90 71 182 147 171 75 226 221 86 134 165 213 157 200 118 139 64 106 216 140 
6 : 138 87 162 185 242 197 246 132 166 47 27 46 103 171 70 69 199 204 168 243 139 55 212 95 76 31 153 244 78 143 159 58 42 59 57 229 61 82 177 54 83 248 110 49 180 218 102 137 188 215 151 
7 : 158 140 132 29 120 183 247 61 175 234 151 137 78 68 111 171 160 62 223 93 246 211 152 70 102 208 164 178 85 204 84 232 161 216 122 27 207 48 67 118 81 222 240 126 197 187 244 121 97 162 
8 : 31 26 206 183 244 198 228 231 222 132 79 101 53 223 76 40 210 232 153 125 57 162 188 34 219 189 211 73 
9 : 180 216 228 42 177 131 249 194 242 221 64 96 74 114 99 128 175 227 247 138 60 238 174 77 111 188 66 72 51 81 151 120 95 176 62 59 25 153 207 226 190 63 169 86 97 28 158 204 113 154 
10 : 218 36 43 226 174 166 121 232 169 125 34 52 157 144 87 115 192 212 234 198 244 224 66 217 140 221 120 204 78 236 93 130 145 143 208 181 106 191 170 158 220 47 240 139 235 69 223 233 
11 : 42 59 79 206 93 214 139 124 191 133 229 205 245 91 40 49 76 248 57 64 145 221 190 208 177 88 115 142 86 97 75 200 107 204 35 144 95 87 165 223 130 69 232 94 167 173 
12 : 201 234 134 200 248 37 202 171 245 157 143 108 181 76 241 90 36 233 215 80 40 163 61 78 43 128 53 224 183 210 113 196 130 39 211 135 127 199 84 150 209 75 162 221 86 79 94 28 96 146 31 194 197 159 105 59 
13 : 241 240 67 122 209 159 62 74 36 220 56 104 154 35 208 191 222 245 201 72 99 183 223 112 44 147 80 167 233 30 219 198 128 108 130 83 92 53 144 93 129 212 145 139 137 226 196 175 
14 : 33 137 218 242 64 82 186 249 25 205 72 169 177 234 226 68 136 107 70 146 159 83 210 35 235 230 121 66 209 41 76 166 134 174 180 239 198 184 95 
15 : 61 228 155 109 216 237 158 203 132 46 218 116 141 54 93 240 128 140 176 177 83 232 74 55 142 148 31 90 115 33 87 162 120 81 
16 : 147 225 100 125 67 185 46 115 110 133 29 49 130 58 192 48 170 224 188 80 243 109 89 184 206 63 207 83 232 113 248 28 144 145 122 108 66 78 215 
17 : 41 85 80 246 159 92 111 170 120 165 164 175 36 139 249 116 221 247 96 166 238 230 233 105 62 39 64 106 157 108 190 65 146 134 100 94 52 32 219 40 140 79 162 63 30 37 189 
18 : 238 224 209 90 56 52 39 103 206 113 198 59 212 44 215 225 97 106 171 126 38 121 138 36 54 208 137 26 82 163 170 107 78 146 87 180 33 58 236 49 45 162 
19 : 131 81 245 64 169 95 162 156 179 134 246 189 92 101 211 128 41 122 62 112 237 225 83 29 75 96 133 
20 : 150 242 231 97 214 70 162 224 189 174 49 134 33 62 156 203 109 78 158 96 211 229 198 103 111 181 88 144 
21 : 171 57 238 230 220 79 157 108 206 207 69 239 58 92 182 102 162 35 99 132 183 117 147 83 150 
22 : 119 243 53 186 75 239 49 107 178 225 149 32 112 215 60 141 74 213 52 128 34 147 247 103 111 55 206 80 140 177 153 41 150 120 54 205 132 66 
23 : 157 165 193 167 51 219 122 156 118 199 55 38 191 158 41 128 56 116 35 163 168 44 234 57 96 123 70 206 198 222 94 83 71 150 73 69 104 112 174 175 169 212 162 225 201 220 186 87 195 28 63 194 129 
24 : 59 72 203 109 69 88 130 153 31 167 151 193 163 240 197 63 185 165 129 70 66 249 242 58 56 
25 : 229 199 186 60 133 211 109 97 182 31 49 176 220 163 168 142 117 187 62 223 175 46 247 91 242 174 162 90 28 34 183 232 
26 : 215 191 87 27 137 39 107 218 89 136 203 172 78 146 46 168 45 249 33 67 83 150 97 217 55 211 50 71 181 210 34 61 179 
27 : 133 175 113 34 92 230 163 122 227 186 149 246 32 68 66 179 180 87 188 49 126 130 185 101 140 229 200 29 136 42 39 177 231 228 46 83 235 216 208 191 76 196 75 95 77 209 226 36 116 172 166 132 
28 : 95 118 154 97 107 203 170 40 85 57 249 123 90 49 113 189 83 84 143 176 188 120 69 226 130 237 199 216 128 173 126 185 205 177 71 219 141 175 54 231 171 151 132 158 35 43 195 191 172 116 238 74 156 194 152 201 242 211 186 
29 : 176 234 90 122 91 102 179 33 249 152 51 208 245 235 81 118 128 157 52 166 125 248 232 104 146 178 223 96 197 196 112 117 46 141 50 68 99 37 203 
30 : 232 157 87 134 93 244 78 94 138 136 144 151 184 170 222 190 63 60 212 237 44 59 158 165 217 177 225 160 215 229 111 239 52 108 116 213 249 202 203 72 41 57 33 145 220 54 163 119 96 42 109 143 197 88 
31 : 217 236 160 80 245 159 210 52 69 57 243 87 108 187 67 163 94 239 229 123 141 140 130 201 119 65 244 223 214 158 72 46 181 161 84 115 230 29 228 203 54 176 
32 : 28 176 78 197 93 116 146 234 202 104 62 135 117 55 41 73 247 215 121 189 212 136 31 123 47 54 124 228 110 179 170 139 144 143 97 248 240 196 87 239 233 145 159 96 26 177 241 186 126 77 141 88 
33 : 184 211 229 213 161 157 68 180 195 84 183 215 222 74 220 126 73 209 197 188 147 95 153 71 46 108 154 67 136 148 60 185 196 245 140 202 170 131 192 90 233 241 160 35 165 205 156 106 175 50 246 
34 : 32 220 227 127 137 72 186 206 145 243 41 25 77 88 91 190 60 237 201 48 115 83 102 180 119 219 
35 : 146 99 140 203 225 235 80 81 240 54 209 182 91 199 86 71 115 173 90 83 78 246 103 179 60 206 180 218 207 79 40 87 169 66 194 191 174 208 48 102 213 183 65 136 31 
36 : 245 148 232 42 72 236 44 60 111 233 225 196 120 78 187 85 202 93 190 96 157 239 46 222 142 55 128 155 133 88 63 175 150 166 219 125 176 159 177 217 207 112 94 238 
37 : 130 210 149 69 139 208 93 205 92 230 172 113 215 95 118 25 165 132 195 193 70 228 131 241 240 64 154 89 56 57 98 145 178 72 59 67 100 162 142 134 117 160 242 219 42 179 
38 : 159 185 224 216 239 167 108 83 89 65 204 152 86 236 218 101 194 221 231 160 240 141 103 232 161 140 85 151 211 30 146 176 219 27 52 184 243 142 130 165 242 34 222 237 136 138 80 135 105 50 
39 : 94 36 161 82 52 112 74 71 165 238 99 168 95 227 35 224 76 100 57 239 242 29 145 244 192 174 142 30 234 110 163 103 31 148 154 65 187 33 44 225 48 237 143 160 
40 : 87 161 140 199 58 159 51 80 104 47 124 153 26 84 129 68 82 217 54 126 189 205 29 162 168 238 242 105 155 148 78 110 193 174 186 176 116 132 164 136 149 113 145 143 76 79 195 223 177 246 244 221 50 112 25 48 218 
41 : 67 196 235 137 201 167 104 118 198 149 60 84 101 48 94 248 159 246 85 242 175 133 83 188 91 37 124 109 194 44 189 205 111 41 50 110 187 218 129 195 26 42 229 58 90 122 161 164 147 131 102 66 100 181 117 140 139 45 
42 : 173 195 225 181 113 130 202 32 199 229 86 150 222 31 38 192 182 57 167 223 154 115 194 244 97 163 214 204 248 101 171 235 
43 : 57 93 180 230 66 45 166 179 231 185 246 78 133 102 148 206 51 202 171 39 43 134 117 119 122 104 86 56 182 167 84 218 227 235 121 188 
44 : 200 83 197 36 128 137 161 105 231 45 87 99 214 138 84 233 183 228 135 124 181 114 245 148 90 184 145 212 53 225 239 236 207 92 175 
45 : 220 144 78 198 131 27 36 55 156 197 132 69 203 61 65 35 109 244 230 213 37 92 172 96 219 139 63 195 238 140 
46 : 149 43 172 182 226 26 247 82 206 134 46 59 50 219 48 236 228 160 127 243 30 55 130 101 98 200 51 53 103 111 
47 : 207 99 112 49 33 96 84 173 158 82 92 94 110 108 183 124 220 222 204 213 71 242 210 196 116 101 127 67 37 97 162 239 145 59 163 30 214 238 189 60 208 65 226 217 187 249 130 123 215 40 
48 : 137 109 242 99 25 249 186 77 241 235 58 127 154 37 152 139 157 134 92 78 198 147 27 142 34 219 113 174 197 210 228 65 74 82 29 
49 : 207 69 87 56 228 233 145 165 111 196 134 91 64 210 116 239 195 182 132 230 110 211 46 58 127 141 171 135 38 223 152 241 179 245 137 186 89 229 40 44 177 
50 : 238 223 186 202 249 208 122 245 232 59 189 234 44 227 138 209 211 102 92 117 54 130 66 48 82 85 91 89 31 36 231 183 67 155 148 49 180 27 228 204 98 56 65 220 150 172 169 76 131 217 162 104 168 57 243 182 197 86 
51 : 234 169 75 150 26 186 163 33 110 220 243 229 189 174 171 123 149 216 191 80 168 88 97 137 147 223 116 109 69 25 104 213 146 145 128 108 31 93 219 113 118 51 170 49 40 67 30 154 
52 : 187 186 208 198 108 146 31 81 27 181 92 109 36 193 159 106 185 35 73 128 178 162 167 104 93 228 38 160 
53 : 134 209 129 180 123 237 43 150 195 61 114 185 63 149 37 141 157 72 186 242 205 57 184 175 125 165 140 46 48 44 226 34 33 203 104 178 84 239 222 83 154 137 35 68 60 100 96 
54 : 91 158 211 99 106 183 30 63 101 172 210 130 148 197 29 57 220 82 162 231 48 115 121 241 134 182 207 
55 : 237 160 41 219 147 83 43 140 207 112 84 32 29 128 191 157 74 64 94 70 233 174 35 145 192 141 241 206 49 165 61 236 68 143 100 180 109 139 161 186 240 135 
56 : 136 119 111 216 143 108 175 210 86 32 181 53 192 173 131 112 241 203 213 38 117 70 209 88 56 171 212 73 223 91 29 183 159 105 120 123 
57 : 246 215 172 96 31 132 186 98 64 93 228 191 51 120 221 205 160 167 236 162 87 129 188 244 99 223 247 100 226 119 168 52 177 222 48 178 180 166 80 32 56 165 194 125 79 37 204 144 232 164 59 49 233 82 106 
58 : 33 152 239 159 31 107 221 27 58 123 97 59 88 116 241 160 80 163 55 166 161 157 148 209 112 214 
59 : 238 195 101 242 118 142 153 125 239 161 66 92 44 96 206 130 35 58 37 249 94 227 77 163 99 119 64 67 169 126 150 171 59 204 167 155 117 87 189 173 49 61 154 86 131 219 133 111 241 46 164 112 
60 : 223 82 194 193 57 156 90 217 184 84 222 26 211 104 33 136 247 69 138 203 110 151 127 175 46 93 28 48 226 103 140 215 128 53 169 191 41 132 142 122 30 
61 : 248 170 183 152 211 149 132 182 159 98 220 130 32 232 226 188 208 196 62 241 209 104 187 39 138 125 88 206 201 166 80 111 83 140 102 65 91 82 229 67 42 221 136 163 126 68 36 184 161 193 238 
62 : 35 229 108 206 212 163 175 146 248 144 154 178 78 58 51 165 152 29 155 182 244 205 85 55 203 111 27 138 28 59 240 33 201 56 131 124 95 
63 : 83 141 25 168 103 240 94 135 61 90 208 245 79 169 233 115 150 188 140 173 159 181 56 53 64 126 30 104 27 224 
64 : 128 202 119 236 111 126 130 127 133 56 74 179 156 167 147 173 37 191 194 141 79 25 82 230 171 83 65 60 235 66 233 69 187 206 123 84 204 136 101 153 192 162 86 63 89 159 26 143 157 135 
65 : 175 198 155 49 117 27 218 50 147 213 34 226 245 161 109 130 189 152 193 244 29 158 167 54 44 240 229 170 31 149 239 104 58 51 134 92 247 131 33 70 38 222 97 243 139 201 
66 : 195 190 159 242 78 55 243 125 209 124 157 217 201 232 123 220 163 231 219 60 226 68 176 205 227 63 69 238 81 117 113 44 80 62 101 152 49 223 64 186 246 34 134 162 198 36 188 158 43 71 74 94 111 119 249 25 136 130 
67 : 189 248 127 145 153 220 36 223 242 186 190 119 114 128 209 143 70 157 88 109 225 221 241 151 112 136 215 138 
68 : 188 156 47 208 36 88 194 229 233 196 107 193 151 57 140 32 79 51 184 216 117 186 52 134 63 30 122 166 187 77 103 161 120 181 130 106 85 84 222 167 60 246 225 
69 : 114 122 89 45 217 244 196 121 150 186 81 68 238 155 26 156 108 241 148 210 204 178 133 153 193 185 201 57 102 124 132 103 49 249 92 46 154 219 
70 : 239 28 175 125 248 47 158 176 92 206 218 179 33 229 209 116 109 94 155 104 228 230 189 54 110 68 167 101 74 188 147 41 106 170 31 185 180 174 45 81 249 105 120 119 44 52 90 27 192 38 225 143 55 177 
71 : 89 170 69 218 226 128 149 59 243 111 143 68 113 129 208 122 147 106 225 42 109 71 73 95 249 235 110 169 50 156 171 66 27 236 47 204 199 175 25 159 43 242 135 176 194 151 98 29 137 
72 : 130 68 160 110 63 186 67 146 226 219 111 189 44 29 148 83 154 145 49 57 214 230 235 144 114 177 248 26 234 64 38 90 209 170 75 201 157 222 131 73 246 245 40 79 231 127 193 207 56 228 94 227 107 
73 : 208 185 115 74 61 216 106 95 228 169 240 139 99 163 193 108 192 90 80 152 129 67 136 93 245 248 46 109 247 180 159 26 232 100 75 118 
74 : 174 195 71 231 129 34 232 35 184 243 68 98 233 209 85 226 247 144 156 175 142 125 76 179 157 53 61 148 219 50 46 161 41 160 52 80 120 146 43 107 26 99 51 58 183 33 48 93 190 47 122 55 202 78 
75 : 33 237 31 72 244 190 172 198 210 159 53 207 90 119 126 39 166 75 114 76 122 196 248 100 203 199 231 235 35 183 211 105 71 140 208 86 154 146 83 163 156 107 95 120 106 155 157 194 99 187 32 91 
76 : 122 214 72 187 180 125 92 145 42 176 144 164 143 155 182 130 232 105 126 172 96 152 207 185 99 52 116 128 47 95 82 26 150 69 53 229 83 104 115 174 246 215 25 165 228 57 61 100 200 85 195 
77 : 103 113 77 104 175 246 70 33 117 34 219 149 187 227 180 119 99 211 209 190 153 57 122 135 242 166 40 150 87 55 31 218 83 74 196 
78 : 93 53 62 134 98 171 55 212 173 113 54 224 110 85 46 163 209 123 52 40 202 104 206 42 101 125 57 218 165 79 86 106 33 174 141 43 41 30 175 217 73 74 50 122 139 83 170 90 105 234 72 222 120 114 94 227 76 100 232 
79 : 168 181 164 80 119 191 88 151 240 125 102 237 197 189 209 75 87 212 96 131 66 247 167 29 187 30 39 194 
80 : 77 241 62 131 61 175 45 59 211 216 114 204 181 65 89 220 203 236 212 94 99 135 107 72 51 140 96 25 32 156 145 112 74 60 208 
81 : 248 187 185 150 169 35 90 103 147 138 94 196 149 194 225 74 229 132 84 81 237 93 142 82 208 121 160 144 115 96 212 129 146 232 183 140 224 148 34 91 133 177 202 198 141 76 88 
82 : 243 166 164 68 66 54 209 233 145 119 67 160 60 117 230 58 172 26 64 30 221 120 56 165 225 47 86 33 186 57 178 241 163 48 192 50 180 173 
83 : 53 217 213 248 214 221 162 88 26 56 43 231 60 168 225 205 155 220 104 134 144 236 181 241 63 49 92 46 100 39 84 182 95 232 246 129 119 74 161 242 196 
84 : 164 64 233 186 198 93 246 166 67 110 87 200 33 189 129 226 154 81 231 205 181 77 25 237 34 184 58 215 36 147 62 109 195 183 145 221 135 234 191 74 82 118 236 
85 : 54 194 51 219 126 127 86 157 188 235 186 159 137 36 232 52 96 122 163 48 203 245 37 246 101 131 148 227 128 237 73 158 89 141 31 224 178 239 81 205 49 155 41 56 156 187 249 71 117 
86 : 189 74 194 233 100 98 105 36 106 163 27 77 195 187 158 125 208 81 126 84 218 29 73 249 205 206 63 193 116 60 117 75 96 57 224 215 241 48 76 30 145 132 213 166 56 65 
87 : 187 84 109 248 64 223 68 204 180 125 131 182 70 87 55 186 65 137 130 115 58 32 116 189 74 211 34 79 172 56 218 139 85 111 75 239 129 194 96 215 222 154 210 53 33 178 183 99 203 214 224 67 199 
88 : 162 69 244 209 161 126 237 226 38 118 105 144 171 132 31 153 137 147 210 51 146 73 207 36 170 82 248 172 148 136 43 217 27 195 48 178 91 154 158 40 127 145 95 49 188 247 224 176 92 192 41 130 110 151 203 223 149 
89 : 178 100 96 241 179 99 43 181 209 222 125 94 244 112 113 150 117 225 128 59 42 120 238 64 89 80 192 165 182 131 162 106 167 197 160 187 237 189 173 236 124 223 226 211 243 157 180 97 48 146 159 213 26 232 
90 : 86 35 239 186 30 134 118 217 181 98 124 182 25 33 166 57 106 140 100 46 34 241 130 206 49 135 114 183 55 27 202 95 113 129 117 60 179 198 172 97 170 159 90 102 88 109 47 67 26 87 31 187 112 48 63 38 147 65 51 
91 : 246 42 72 88 83 73 189 58 67 118 101 126 65 153 157 92 144 79 116 223 180 32 152 203 226 234 110 238 91 49 167 52 143 54 202 190 209 134 192 233 166 185 36 80 204 95 237 178 
92 : 234 182 193 49 31 237 81 90 79 42 83 243 190 107 184 208 70 219 214 27 113 231 103 97 105 41 126 120 225 112 185 62 72 247 171 135 217 46 47 71 157 124 
93 : 205 28 77 231 54 33 226 110 139 245 29 50 121 156 133 89 107 244 112 146 67 221 78 222 200 66 130 173 48 79 106 72 237 
94 : 111 222 83 230 162 112 157 80 35 215 233 195 154 73 224 141 55 218 220 169 246 134 85 156 67 27 86 115 240 37 47 229 161 170 234 33 88 163 66 221 152 103 120 201 150 158 200 227 216 69 25 129 
95 : 32 209 207 163 217 80 64 118 191 214 208 174 72 192 196 105 226 87 212 25 76 33 53 145 177 62 78 48 29 58 139 70 223 42 221 122 34 244 195 121 186 127 95 149 98 224 173 213 126 238 102 63 36 132 227 
96 : 73 247 145 180 134 236 70 199 227 175 165 151 91 58 98 126 202 176 220 138 221 222 48 174 191 139 75 102 90 54 
97 : 29 56 244 93 161 218 242 216 128 51 136 169 191 234 212 143 94 31 67 102 39 243 28 188 38 52 219 122 232 81 190 196 249 121 154 153 88 172 44 70 83 25 237 66 35 71 131 144 129 120 139 183 226 63 41 
98 : 117 56 234 54 52 90 193 196 199 98 213 44 242 180 89 28 238 45 173 189 85 121 156 82 62 236 100 36 215 217 102 231 218 209 158 170 183 65 161 160 135 132 241 206 31 179 38 166 
99 : 42 175 159 188 35 123 89 219 220 158 148 57 210 243 206 242 30 240 80 131 202 90 72 118 204 105 237 149 224 83 163 196 71 200 140 173 141 113 99 
100 : 159 69 72 125 56 67 210 239 73 95 156 127 177 198 29 224 114 145 213 37 230 68 214 35 143 243 39 219 193 103 26 62 206 52 113 192 148 134 71 27 132 194 
101 : 173 168 66 41 244 218 119 221 225 170 108 205 197 151 34 111 81 26 171 216 78 48 90 49 123 40 62 63 88 42 152 35 169 180 27 191 54 227 175 188 37 46 102 142 143 196 103 25 199 248 157 126 122 
102 : 44 231 234 140 152 136 176 212 27 31 171 181 89 73 70 169 168 218 90 68 151 122 156 120 147 55 220 123 
103 : 171 117 91 132 219 123 215 104 73 152 193 122 168 27 62 66 247 139 205 99 172 119 134 182 146 32 218 208 26 135 231 214 239 127 155 111 88 36 70 102 59 113 81 145 195 84 140 57 43 228 238 201 90 110 79 
104 : 211 34 205 106 239 188 186 193 82 93 77 110 32 203 199 73 31 246 28 190 154 225 124 75 103 151 46 231 204 52 128 116 164 174 132 59 149 109 56 58 139 148 79 241 129 185 157 143 90 42 152 173 215 97 70 
105 : 143 112 89 179 200 126 71 113 234 209 134 77 51 36 41 83 195 116 235 153 63 237 246 129 208 138 244 240 39 216 191 212 30 215 147 233 193 101 87 151 201 127 220 166 117 78 169 103 175 111 
106 : 228 126 162 193 221 186 85 246 51 32 86 114 52 211 178 140 122 48 53 137 196 68 105 201 145 188 57 62 171 158 123 209 194 131 159 46 25 243 234 214 191 90 183 43 229 208 
107 : 71 34 116 68 184 218 221 223 175 113 201 233 139 41 164 197 216 59 167 148 114 88 151 121 105 144 153 133 57 118 123 212 160 31 191 147 209 208 55 29 234 73 242 65 231 210 146 180 206 159 249 152 189 224 
108 : 154 216 241 40 158 72 79 108 98 35 52 94 89 195 221 223 247 67 248 230 175 249 46 109 212 231 47 88 124 101 66 
109 : 29 138 182 25 177 98 141 207 169 62 28 217 139 225 72 43 133 146 183 234 226 196 44 129 230 126 34 71 199 212 96 249 167 60 49 179 246 218 154 116 193 181 94 113 216 206 122 229 244 135 228 87 51 106 50 123 37 197 
110 : 101 114 201 183 174 151 89 148 193 72 111 88 40 55 47 149 147 105 218 135 228 132 200 181 189 233 238 63 247 83 217 161 
111 : 35 222 53 104 39 206 145 161 230 177 136 83 195 203 40 186 46 152 67 90 138 144 80 235 147 247 123 133 94 109 179 192 55 65 124 155 64 60 171 211 115 103 85 172 214 169 130 79 212 231 93 106 151 143 160 
112 : 136 177 240 207 62 141 222 110 174 205 89 103 247 27 216 123 211 125 94 180 146 193 47 133 192 44 152 25 52 169 209 210 30 68 168 37 202 99 234 84 246 182 242 200 56 53 176 81 
113 : 34 60 147 44 129 35 96 193 103 67 206 138 242 186 160 175 43 230 185 119 130 121 55 88 70 39 152 212 98 214 173 
114 : 120 56 69 105 124 70 83 221 82 153 98 192 57 93 156 195 107 66 199 52 161 54 128 243 53 171 79 81 240 135 60 229 104 117 141 47 94 220 174 113 100 185 239 234 31 
115 : 176 205 86 220 155 49 43 170 224 211 99 71 166 105 193 235 227 190 223 97 119 34 138 199 69 60 53 79 215 161 130 70 121 30 85 27 137 50 214 228 110 38 123 160 248 51 203 64 
116 : 189 148 93 45 200 171 208 34 42 196 109 25 216 222 111 81 30 228 106 82 108 78 68 234 188 61 
117 : 66 144 59 61 38 105 222 204 87 150 226 142 126 78 143 137 118 40 232 122 148 241 149 141 159 167 108 34 27 83 155 192 127 63 179 88 80 95 243 130 29 214 157 194 39 37 171 99 
118 : 71 88 121 85 227 184 145 28 80 202 137 190 103 30 212 153 173 154 248 46 108 123 169 77 158 245 95 68 60 191 70 183 52 235 232 75 59 127 168 58 100 156 61 196 141 56 83 138 
119 : 118 200 54 42 34 228 63 49 172 227 206 238 66 76 194 126 177 41 242 215 205 44 137 99 81 61 84 196 90 97 88 52 152 75 202 94 147 111 154 235 27 124 148 248 167 150 71 93 80 108 36 240 230 173 224 92 89 
120 : 175 218 37 99 87 220 205 125 139 141 150 241 206 221 154 58 129 151 56 110 101 177 214 244 235 204 224 249 215 239 194 230 126 62 51 184 173 171 216 133 31 152 108 160 164 130 202 161 116 90 39 
121 : 127 145 199 188 191 63 38 39 186 97 243 120 85 184 118 220 235 33 222 35 248 34 178 110 41 107 198 101 244 95 158 43 142 54 125 238 141 148 150 83 236 53 249 194 143 75 160 91 36 229 76 242 40 168 46 246 103 206 226 102 
122 : 49 64 191 171 58 82 54 121 76 232 25 187 221 124 200 56 162 146 61 71 202 193 150 60 75 87 173 139 222 158 128 188 231 145 178 40 36 107 153 218 111 248 93 246 237 69 86 32 230 35 220 185 43 97 235 115 181 184 247 209 
123 : 178 179 163 183 98 82 207 246 120 155 245 150 237 238 92 168 184 70 223 78 86 188 241 72 171 108 29 126 186 49 88 104 122 115 149 118 111 71 175 45 161 135 228 212 39 156 169 125 64 
124 : 73 29 32 184 224 195 93 136 170 81 148 235 77 199 76 133 89 124 152 210 158 40 175 95 206 92 84 46 78 37 128 186 56 208 231 174 141 145 236 153 52 66 225 222 218 230 232 116 244 166 129 75 79 111 181 26 
125 : 235 197 30 210 157 162 147 32 205 34 240 94 58 187 33 110 188 35 25 156 60 233 232 83 180 86 106 129 171 
126 : 41 69 144 232 92 68 40 192 140 222 227 84 117 213 53 102 196 234 125 121 111 205 152 235 210 167 139 48 133 31 184 
127 : 33 87 131 66 110 190 117 76 40 195 159 57 74 198 206 188 84 175 96 130 239 75 56 224 179 82 229 25 248 241 162 48 79 226 242 52 246 231 99 203 85 122 
128 : 177 77 102 79 179 73 97 219 105 207 57 239 217 192 98 218 237 42 226 82 186 36 145 243 206 160 131 30 136 64 154 51 87 112 104 25 123 48 58 220 212 56 158 93 156 39 
129 : 72 69 135 67 61 75 175 48 238 221 108 154 172 43 241 186 55 29 147 138 192 218 131 240 95 111 49 216 126 112 101 38 40 202 145 209 205 155 237 232 89 200 115 180 162 32 107 185 
130 : 108 187 100 201 90 186 28 237 223 150 243 57 79 56 42 171 242 45 51 167 33 102 226 49 77 232 208 228 73 47 132 165 215 227 205 148 231 36 212 130 
131 : 247 200 238 110 80 47 55 239 166 88 28 157 94 109 142 161 192 97 202 242 214 62 167 172 197 203 73 79 112 59 
132 : 225 74 96 79 235 216 87 88 214 237 222 101 199 163 179 94 135 186 201 104 121 137 92 169 85 73 105 245 28 158 204 174 
133 : 167 192 229 31 187 33 70 191 194 87 154 108 150 44 219 193 244 186 25 201 135 77 183 247 111 115 28 155 125 189 208 86 173 147 121 98 172 83 217 101 221 146 214 130 212 119 180 156 89 218 188 85 26 
134 : 75 101 152 188 219 124 64 239 238 99 25 45 61 159 86 156 178 213 132 123 228 169 108 218 234 91 133 190 175 98 96 30 
135 : 236 28 94 145 79 168 217 164 61 99 244 64 222 128 26 213 50 106 167 241 124 105 119 71 91 185 109 182 223 104 90 65 215 84 47 73 98 93 88 169 187 129 203 205 199 152 45 66 40 214 
136 : 239 161 66 81 103 174 222 39 117 237 104 53 247 240 157 65 208 67 62 68 207 121 114 231 41 83 59 35 164 109 173 233 228 124 90 91 43 195 86 64 196 224 230 143 36 126 171 80 131 177 214 219 245 148 113 203 37 
137 : 90 184 228 246 208 54 203 47 225 59 43 114 214 197 242 129 187 205 233 132 57 92 173 60 170 42 83 99 218 180 146 96 79 199 120 52 38 147 89 100 135 53 113 200 65 143 101 206 227 87 95 151 45 174 86 97 78 
138 : 142 193 140 151 221 232 206 106 55 57 46 63 104 80 72 37 237 233 163 88 32 215 192 210 82 211 225 204 155 92 38 
139 : 123 54 187 151 60 219 155 182 161 232 221 58 101 75 63 67 218 229 162 233 135 109 231 197 118 51 138 177 46 121 25 47 120 77 158 195 83 235 
140 : 105 100 137 159 71 174 209 109 203 232 67 235 225 205 54 112 246 99 111 163 115 36 192 65 187 169 124 103 132 84 220 177 145 204 
141 : 146 117 118 93 42 226 130 92 88 36 224 29 164 82 71 138 46 219 77 234 155 35 39 128 126 45 50 249 220 90 64 247 80 217 47 87 78 120 180 149 
142 : 42 25 184 215 214 33 29 237 145 71 160 63 164 38 198 120 187 47 139 177 211 66 148 219 28 232 192 75 92 65 228 59 161 202 222 73 119 130 89 209 100 70 128 134 104 176 217 
143 : 124 157 117 222 152 184 87 56 102 86 121 103 223 163 55 112 46 65 205 155 150 199 68 235 27 230 133 31 126 95 143 183 228 50 194 32 146 175 147 224 114 61 110 243 105 
144 : 223 49 130 57 40 133 241 127 154 29 124 62 212 159 200 137 66 113 186 139 158 203 145 110 142 86 51 106 160 60 122 26 120 47 174 178 129 169 41 202 135 116 205 71 220 128 146 233 90 72 189 
145 : 170 74 168 82 144 225 27 132 210 87 45 106 120 224 165 72 35 133 247 184 149 104 176 39 128 77 111 28 75 71 86 40 34 122 58 47 55 160 123 213 175 150 88 145 38 198 41 235 107 
146 : 136 239 94 219 170 37 201 117 145 133 127 151 33 217 176 189 205 53 150 34 104 203 212 167 142 42 125 204 107 69 124 152 67 40 132 
147 : 161 154 186 118 163 124 248 81 66 78 27 230 179 164 166 125 108 47 184 127 169 75 126 84 241 99 112 144 38 70 39 
148 : 44 105 220 42 59 218 248 50 52 120 215 60 225 162 194 188 88 125 240 32 26 150 106 197 196 37 62 189 151 245 66 100 163 173 93 75 130 198 127 99 107 67 210 81 
149 : 222 156 220 233 89 145 179 114 61 214 140 83 66 210 92 208 159 130 90 80 124 68 192 79 186 
150 : 162 246 204 167 45 200 236 94 32 172 116 202 140 211 219 109 142 56 155 222 62 177 185 131 224 242 44 68 41 146 223 193 218 121 173 108 134 40 166 96 129 30 85 105 115 93 157 25 71 149 137 165 98 
151 : 82 112 93 76 106 79 230 50 191 185 28 150 83 225 88 205 68 224 208 190 183 249 119 64 41 45 58 219 216 165 90 200 233 169 67 147 163 135 49 198 189 100 229 111 136 193 102 34 146 238 210 179 243 155 141 
152 : 203 243 167 196 187 77 115 168 104 148 208 36 67 29 162 135 207 68 149 194 129 239 25 64 46 72 127 247 28 225 35 195 189 175 141 147 65 49 78 
153 : 30 42 68 172 151 183 204 106 179 93 48 113 208 141 39 70 167 40 135 180 228 32 109 50 94 146 34 
154 : 53 244 212 181 141 220 177 130 227 150 160 167 121 30 54 140 126 101 67 57 105 35 47 184 199 222 89 73 112 80 196 115 55 92 52 
155 : 144 219 194 37 77 79 129 177 46 233 215 161 200 102 96 247 53 192 57 74 92 97 83 190 197 55 147 36 121 220 170 185 202 212 54 84 82 246 143 223 118 98 178 63 94 100 199 31 130 112 210 44 95 40 
156 : 50 232 90 238 94 247 84 205 53 68 144 60 63 172 52 216 125 196 181 208 240 58 28 237 217 75 47 212 188 170 66 31 
157 : 135 126 239 149 125 110 111 94 162 106 211 112 95 159 29 223 173 166 225 140 85 198 230 212 53 201 35 236 100 190 118 88 154 74 123 175 90 184 99 235 243 151 204 72 181 214 209 63 172 241 189 36 245 171 129 84 231 207 
158 : 112 238 89 70 141 124 96 135 65 95 204 199 32 46 81 37 163 218 137 58 190 49 45 249 35 227 110 169 168 94 188 73 
159 : 213 68 130 177 117 173 34 147 211 29 181 186 172 163 116 194 31 182 209 69 43 165 73 192 92 202 195 81 212 176 142 46 246 122 107 104 231 124 25 76 
160 : 85 131 92 87 153 48 69 161 63 216 66 243 32 196 67 157 27 59 137 56 113 200 99 155 209 239 120 138 143 116 222 78 89 123 134 114 144 170 246 242 149 139 44 46 86 159 201 96 53 132 147 160 60 
161 : 115 67 208 57 28 76 234 152 130 224 48 221 207 197 62 44 188 241 126 196 154 70 69 82 219 159 123 131 162 205 172 198 64 86 65 102 68 29 176 236 149 189 45 212 95 109 132 137 25 165 85 54 80 184 125 150 78 140 103 
162 : 214 204 102 187 184 205 118 239 70 143 121 236 92 51 37 218 155 165 98 185 173 52 146 150 215 122 142 186 112 129 227 209 246 158 193 85 245 190 222 83 39 123 58 244 132 104 67 178 152 229 156 
163 : 143 71 140 76 239 166 228 177 223 187 206 68 184 51 193 61 89 152 211 25 155 162 210 53 205 203 197 204 171 58 174 57 207 139 73 122 52 55 46 35 87 195 200 91 138 77 245 134 220 28 141 181 137 222 156 
164 : 163 228 233 192 73 79 25 71 172 202 151 248 249 27 101 75 32 81 236 93 154 69 146 116 223 204 48 207 164 47 115 225 127 58 117 158 238 201 165 123 
165 : 135 229 102 181 41 227 150 46 128 189 186 161 145 245 44 113 233 203 240 49 155 228 55 234 92 191 110 199 129 205 72 212 136 224 28 118 45 60 125 33 178 192 249 68 120 97 138 176 182 172 210 220 223 58 
166 : 135 69 80 91 111 218 182 176 96 67 247 32 142 230 152 129 131 166 104 92 77 42 68 30 181 44 147 216 167 89 151 197 27 227 76 191 219 28 175 170 137 132 33 231 207 70 52 189 217 87 232 198 95 105 159 228 171 
167 : 145 200 240 50 172 133 178 119 167 195 62 197 55 132 160 199 106 67 138 112 75 154 101 217 159 88 107 176 44 105 205 227 246 86 28 74 90 236 57 215 130 158 40 157 203 56 121 150 109 
168 : 244 61 182 246 93 216 109 193 222 156 107 153 129 146 185 70 213 111 79 180 31 132 172 223 218 
169 : 96 90 57 163 43 246 136 195 187 133 206 110 221 85 150 107 78 249 121 108 190 145 143 95 122 203 223 63 170 146 202 132 165 
170 : 233 97 209 150 74 157 152 137 202 30 155 236 82 109 63 55 36 108 66 167 62 75 26 93 131 238 211 190 225 156 34 105 191 136 51 40 151 99 135 223 25 186 110 188 32 129 58 153 217 85 113 160 
171 : 197 110 128 36 51 99 156 91 98 62 241 178 225 63 208 107 125 80 37 167 96 72 122 58 57 147 182 34 129 202 47 166 114 133 95 242 28 218 194 84 108 
172 : 172 106 128 60 187 215 82 105 177 92 234 155 197 96 236 170 176 136 232 209 120 230 204 228 235 157 158 146 89 41 134 161 220 240 111 181 186 85 225 26 108 61 221 86 207 203 68 242 58 152 173 162 139 226 75 131 51 36 
173 : 123 108 67 36 239 247 176 106 199 157 94 109 77 83 128 243 223 236 169 149 187 193 75 98 116 209 90 
174 : 237 239 28 88 188 80 101 199 129 26 215 95 78 164 236 200 35 245 161 130 208 115 63 27 123 49 209 67 51 112 176 100 104 172 106 186 247 230 134 192 74 213 64 71 204 231 248 131 73 171 
175 : 189 194 154 235 140 172 199 148 164 119 60 242 83 137 40 58 78 214 141 120 29 139 213 138 237 221 240 142 134 204 226 59 110 166 67 247 50 116 176 41 239 128 100 197 44 218 245 45 93 211 73 131 101 112 144 210 106 
176 : 118 65 56 164 109 154 94 202 183 51 223 242 214 131 115 166 199 93 112 169 148 100 165 152 101 125 196 150 168 127 76 163 212 243 247 97 37 201 171 55 238 102 40 198 47 27 138 
177 : 163 87 57 155 148 193 122 177 76 98 65 147 114 168 186 126 129 144 187 157 174 184 43 197 150 52 61 50 110 58 218 133 26 242 102 233 137 182 33 
178 : 155 219 152 73 80 247 71 72 147 182 214 206 119 220 110 210 81 62 233 212 114 199 25 87 232 172 94 236 77 139 165 108 204 123 43 205 202 55 216 96 188 185 102 228 69 90 66 223 78 109 107 118 47 79 
179 : 128 232 82 148 220 238 62 40 67 98 108 81 155 65 152 38 78 75 97 199 105 90 188 197 233 69 160 39 159 145 164 91 126 83 115 226 130 230 227 167 174 223 248 71 29 73 133 87 102 
180 : 141 117 58 162 91 140 178 147 64 70 202 66 75 50 99 179 86 166 51 101 138 244 105 55 94 134 85 95 26 45 181 
181 : 131 98 54 193 213 43 89 232 239 129 172 140 195 73 127 177 183 147 162 30 29 146 218 244 47 75 67 192 25 26 128 96 83 222 126 173 117 123 240 105 111 179 97 243 203 197 80 185 156 200 141 187 
182 : 33 207 196 183 185 233 239 129 50 128 35 52 190 132 168 221 126 68 120 234 202 248 44 65 141 101 198 41 188 197 160 208 191 76 187 162 209 115 218 90 77 205 189 109 105 
183 : 148 93 239 158 106 45 163 206 207 82 122 152 188 129 38 203 149 63 147 210 233 247 245 58 225 212 167 37 51 28 
184 : 204 111 209 219 116 215 123 125 38 151 224 39 243 238 36 89 55 60 180 108 99 157 59 153 115 244 107 46 37 43 93 71 177 76 44 208 223 158 185 49 145 227 200 175 105 
185 : 25 150 27 34 119 69 129 86 74 33 143 168 217 204 94 141 73 147 193 146 82 158 112 131 145 128 240 140 176 191 67 186 30 142 57 208 229 192 31 42 232 28 205 216 190 174 59 88 165 75 184 66 219 202 157 121 
186 : 237 125 216 39 153 234 197 146 202 32 164 119 209 136 165 106 77 172 72 194 168 46 84 37 55 182 70 111 247 60 235 63 229 244 
187 : 241 198 158 132 70 44 64 90 223 99 94 47 81 172 62 190 206 207 98 138 209 101 69 167 74 80 124 39 
188 : 233 231 186 224 103 232 203 245 234 123 149 27 89 119 223 87 35 90 36 53 117 160 200 151 240 237 199 99 30 133 181 204 49 173 
189 : 62 204 218 227 243 183 52 104 112 208 135 216 56 139 92 237 29 174 25 95 96 131 34 140 116 83 129 33 106 144 69 28 181 156 153 151 111 54 182 235 78 84 215 86 124 200 42 97 55 
190 : 167 89 185 153 202 215 118 40 238 159 129 227 49 100 249 196 244 209 106 75 110 57 53 91 97 126 55 123 166 131 143 67 78 186 124 138 248 192 206 
191 : 38 122 71 146 145 81 131 216 34 137 129 222 167 183 241 121 155 240 116 243 83 118 134 48 45 30 192 64 174 89 61 54 229 197 
192 : 130 210 148 156 188 140 43 193 175 241 157 28 58 54 75 35 151 98 46 191 208 139 117 214 138 33 134 141 30 109 68 115 177 118 108 221 169 87 238 165 119 103 147 150 212 190 112 91 136 56 248 153 215 199 126 38 160 51 162 
193 : 79 100 127 41 126 103 177 53 204 242 87 61 43 161 155 65 86 25 211 183 49 195 50 157 232 146 133 45 
194 : 62 131 207 237 101 222 93 100 36 66 27 44 58 140 202 223 28 56 243 146 123 147 175 234 94 70 249 194 190 113 61 46 82 229 64 232 216 71 67 97 65 59 198 80 41 154 221 141 
195 : 149 88 81 70 75 28 27 56 102 155 49 204 195 193 248 183 34 99 210 63 236 95 198 212 152 144 211 79 82 208 185 230 121 80 110 83 207 176 
196 : 201 212 108 249 155 179 139 225 88 79 109 66 70 52 219 58 59 68 148 175 240 159 62 198 173 136 169 214 119 103 76 93 140 107 234 235 216 114 195 197 54 55 135 48 91 186 130 96 
197 : 49 51 218 103 105 118 203 221 62 138 45 236 219 34 240 50 109 126 165 124 208 149 106 83 198 121 193 222 117 63 179 80 140 230 185 60 247 
198 : 233 172 89 150 222 193 203 126 186 56 49 62 99 207 221 60 228 136 194 82 227 212 141 74 77 218 50 168 71 67 138 85 200 52 70 
199 : 74 107 186 38 178 240 102 152 83 202 213 157 81 118 36 174 195 168 171 122 42 63 141 78 35 
200 : 136 163 212 73 103 104 203 183 240 236 219 123 229 39 92 218 246 224 198 205 121 215 67 81 189 26 74 242 147 227 90 217 122 231 80 109 
201 : 70 186 145 46 158 150 155 174 218 148 156 249 95 43 181 137 118 138 68 159 108 167 123 184 63 35 153 98 36 207 34 171 169 112 187 233 31 208 76 84 58 65 64 192 219 60 131 
202 : 26 133 147 166 66 126 170 85 237 204 60 218 239 160 222 113 196 99 58 172 232 119 207 206 219 134 77 61 109 95 142 65 37 227 137 176 71 35 89 203 165 81 223 234 98 57 231 45 124 120 69 198 
203 : 108 48 206 90 66 248 189 225 137 49 159 220 197 88 28 244 221 95 133 140 192 205 80 128 195 147 29 165 181 58 81 94 41 118 54 134 71 224 52 72 83 211 69 245 
204 : 148 118 28 248 200 51 134 27 72 241 123 222 30 31 174 82 166 79 58 150 231 119 60 189 86 186 91 84 192 54 143 172 50 75 142 46 110 155 25 218 169 237 32 62 108 74 226 57 126 246 
205 : 107 197 37 237 157 56 245 218 183 36 39 44 38 111 84 146 29 45 149 30 220 160 64 117 172 
206 : 99 139 207 198 84 241 153 94 236 91 62 138 117 102 110 65 155 86 136 218 60 118 159 239 61 174 244 169 49 90 31 201 242 170 221 184 210 87 168 247 130 125 27 165 211 120 35 119 213 137 93 74 243 181 226 44 176 147 32 
207 : 202 66 81 63 117 148 203 72 166 194 70 112 158 55 78 218 39 91 51 207 213 60 173 145 36 140 82 190 100 49 187 160 146 43 111 123 215 182 239 85 223 196 40 108 116 211 27 170 181 212 64 80 92 161 174 121 127 31 
208 : 30 44 156 169 76 211 164 212 220 115 140 177 224 186 47 28 63 100 147 125 34 80 108 188 183 238 114 166 56 69 150 49 243 83 96 228 165 103 73 58 88 143 148 162 202 38 198 236 204 181 87 116 155 94 138 
209 : 211 158 101 39 199 37 235 68 83 110 207 239 229 231 54 63 144 138 222 60 84 215 105 97 135 42 
210 : 185 158 53 120 186 156 78 194 111 202 160 128 221 189 81 25 108 151 210 236 200 101 38 148 123 129 58 226 191 135 99 125 31 47 
211 : 166 187 60 34 78 99 156 117 118 127 231 101 58 191 140 193 230 200 120 70 139 109 241 63 238 130 234 44 135 228 205 37 147 162 112 209 224 202 124 165 195 177 84 194 40 123 62 246 155 94 161 152 184 168 35 
212 : 78 186 121 165 140 145 95 219 246 76 223 155 48 52 200 38 31 222 198 128 120 27 247 175 47 125 212 183 179 203 236 238 33 113 204 197 58 192 211 227 40 136 143 122 154 239 
213 : 173 57 87 88 35 130 29 213 158 236 54 32 70 112 136 61 179 93 153 206 59 216 198 84 97 230 177 42 242 231 245 171 229 86 98 189 119 232 75 60 31 209 36 205 65 39 
214 : 38 82 197 155 110 67 49 62 121 244 143 226 90 52 213 98 163 118 214 48 117 220 129 25 113 128 145 144 236 191 207 140 249 97 209 47 168 112 136 102 199 175 83 34 198 227 53 154 73 26 100 195 240 205 75 224 
215 : 181 225 232 171 186 200 189 238 55 76 152 249 223 217 144 69 105 43 164 151 39 47 215 213 100 99 142 162 68 240 248 153 228 129 84 239 25 148 102 237 42 207 182 91 87 80 235 31 62 106 179 
216 : 25 229 74 167 42 155 113 102 202 100 156 130 243 106 80 214 239 248 55 129 148 131 218 245 128 29 149 78 176 73 230 187 226 26 146 211 60 241 54 191 41 225 164 181 142 61 237 244 233 134 152 224 66 33 189 108 39 38 
217 : 121 193 191 176 64 229 184 111 200 73 239 203 74 57 85 215 202 95 94 238 159 208 135 105 62 
218 : 207 107 133 240 172 182 219 235 230 88 190 97 58 78 80 138 208 145 147 117 131 99 52 144 155 164 106 163 
219 : 199 111 131 101 54 31 238 121 245 177 213 109 185 29 156 85 87 187 51 32 49 106 36 227 176 175 126 124 159 69 149 128 229 81 92 37 65 28 228 82 76 172 179 134 60 216 244 157 30 89 237 182 102 223 186 78 210 
220 : 69 122 95 63 59 240 242 233 200 84 170 128 148 68 100 190 169 94 119 104 60 92 245 48 73 88 131 57 215 37 168 187 147 99 197 71 145 191 91 
221 : 31 194 49 219 181 189 210 82 69 60 61 74 66 152 162 115 36 221 191 187 216 247 43 139 173 239 109 198 32 151 144 85 46 180 81 54 147 165 120 235 63 205 232 87 185 102 242 141 245 111 240 103 89 163 183 105 39 128 98 
222 : 30 140 106 40 77 177 79 36 92 109 136 55 71 130 176 76 107 25 102 222 213 116 196 44 135 31 204 75 159 61 28 142 169 89 211 195 244 226 87 62 35 84 223 88 137 69 95 156 152 53 182 
223 : 169 83 248 196 198 151 81 234 209 29 210 222 114 37 158 70 52 230 106 191 96 244 101 30 56 155 168 125 38 138 67 231 107 215 50 126 45 202 119 105 75 171 88 142 
224 : 142 223 239 25 107 110 220 97 246 101 122 170 93 141 196 233 35 240 183 235 46 91 139 143 236 190 146 137 30 
225 : 188 82 229 145 216 100 49 195 208 159 210 209 103 190 202 151 94 215 244 169 58 153 176 73 248 46 180 87 231 64 126 97 242 179 60 173 146 89 114 174 92 68 128 30 224 187 
226 : 228 72 162 219 82 149 226 106 194 125 126 190 153 74 77 119 150 90 212 37 224 88 203 161 146 
227 : 99 52 137 35 29 234 208 248 186 55 170 176 214 227 50 235 193 131 90 34 62 111 78 230 142 168 153 54 191 53 167 194 195 25 107 100 41 63 189 154 223 225 110 159 120 
228 : 209 241 152 128 177 243 186 205 235 175 112 94 65 52 47 114 158 28 49 156 34 242 54 106 245 
229 : 129 214 130 219 163 81 134 105 209 89 126 173 139 91 52 128 132 167 192 208 113 165 77 193 182 239 36 162 48 227 169 118 35 235 26 220 215 44 221 65 141 73 119 61 82 
230 : 54 37 142 220 235 89 66 223 203 101 133 34 39 239 84 127 145 168 95 159 129 115 44 155 156 78 
231 : 44 195 43 136 145 103 243 113 208 196 139 40 166 178 220 31 100 107 89 152 192 25 65 245 224 147 234 204 189 53 58 111 110 176 37 83 26 33 163 57 35 126 182 
232 : 168 152 31 118 224 218 78 117 137 241 64 179 247 174 62 214 42 156 157 192 36 79 116 164 105 59 228 80 88 98 92 138 125 210 234 231 84 200 135 131 71 196 240 44 99 26 126 97 
233 : 152 86 83 195 120 176 146 194 82 63 31 128 106 165 171 142 39 215 173 229 189 222 95 135 207 87 34 239 244 218 154 193 74 69 112 170 121 44 114 158 179 66 134 113 50 27 85 62 164 214 157 198 182 92 
234 : 77 140 51 169 52 53 244 222 239 211 234 139 193 182 95 202 82 114 61 104 167 118 151 27 101 91 97 225 165 161 60 200 227 55 246 33 80 54 154 245 44 48 187 90 115 172 229 179 30 168 238 59 233 34 208 183 232 63 197 40 
235 : 211 102 245 95 166 61 90 191 224 41 126 158 169 38 170 194 62 174 185 34 240 74 100 221 151 32 69 204 143 130 136 146 88 
236 : 206 33 53 242 228 113 135 191 55 220 106 71 151 110 198 138 184 78 121 222 248 127 105 185 131 104 27 171 225 72 83 94 93 92 119 118 49 197 238 217 189 120 221 209 166 210 173 52 246 99 58 47 233 114 42 64 134 
237 : 126 204 102 31 55 115 238 234 82 240 194 206 168 124 92 199 180 167 140 178 244 89 215 68 164 103 161 216 70 203 75 
238 : 142 60 40 178 111 41 36 181 175 180 201 35 190 45 100 140 187 193 99 157 139 213 208 186 34 221 70 158 210 97 161 53 169 156 195 74 123 151 58 246 
239 : 88 53 32 205 42 40 91 138 63 73 67 237 174 241 203 217 123 143 72 153 158 208 55 124 209 81 149 187 37 102 96 64 36 121 25 181 164 210 59 198 70 84 130 45 86 146 100 57 190 172 239 38 242 150 212 166 
240 : 65 94 239 167 170 169 198 225 79 130 99 44 126 236 135 48 186 228 125 197 212 163 39 30 226 131 156 97 202 224 234 64 70 41 222 179 57 
241 : 26 90 32 225 107 109 60 165 54 30 53 182 97 81 135 186 85 231 178 73 215 200 118 246 187 133 93 249 245 106 222 234 102 65 248 67 111 230 
242 : 161 177 119 207 221 59 84 68 70 58 82 202 86 103 188 46 227 171 176 241 228 45 104 96 64 179 199 78 67 109 43 140 50 136 72 150 57 29 39 151 52 62 27 
243 : 35 138 222 151 189 119 122 45 220 118 112 209 181 215 90 91 179 95 131 236 111 225 70 166 194 178 127 142 235 62 81 
244 : 165 153 68 117 97 67 54 163 38 86 174 95 222 114 107 139 64 233 131 51 29 56 201 92 53 150 241 66 125 100 61 178 77 55 137 40 215 219 59 236 248 128 183 231 74 27 26 112 176 159 
245 : 227 88 193 164 166 134 85 131 81 43 165 232 153 209 187 42 106 25 201 53 94 221 79 234 121 47 90 180 84 49 247 244 101 65 141 150 226 125 143 67 151 58 54 155 66 48 215 127 158 198 249 212 30 103 73 211 183 
246 : 169 76 161 188 32 244 160 220 198 173 121 41 104 219 231 195 165 197 40 50 148 103 114 190 69 222 193 112 232 237 122 75 155 79 182 140 31 204 124 240 170 33 97 243 131 39 168 68 225 194 183 102 145 196 234 242 87 
247 : 82 174 137 35 32 194 99 79 172 26 107 219 101 86 206 230 56 233 104 60 162 70 120 30 238 180 127 78 168 27 222 115 131 202 85 61 132 240 199 89 116 143 58 48 154 31 198 149 177 77 200 105 44 72 34 203 
248 : 210 58 213 232 100 207 37 70 173 93 132 27 191 209 57 25 202 116 79 223 154 80 150 188 134 249 62 183 151 147 225 68 110 165 245 139 246 235 
249 : 107 155 216 166 122 30 136 149 39 25 215 249 32 112 211 45 132 169 34 148 191 121 175 127 53 89 74 128 231 68 158 156 70 204 189 42 227 60 164 199 238 135 245 98 65 26 82 177 181 222 198 173 94 131 86 205 27 63 
250 : 109 223 91 158 152 171 211 248 209 227 141 206 216 201 190 164 168 191 120 90 82 208 234 49 94 230 136 155 178 124 162 125 62 116 225 68 186 107 29 50 177 64 58 79 130 245 172 
251 : 111 27 239 123 197 107 159 161 48 241 163 128 160 230 234 141 118 130 198 25 60 69 144 62 83 248 86 187 124 246 70 191 169 42 59 140 245 185 195 36 142 150 
252 : 175 232 155 134 78 59 183 31 61 110 85 190 209 187 118 27 166 56 72 147 149 70 82 234 88 65 33 185 169 42 201 98 
253 : 174 177 230 134 223 225 163 184 205 77 186 101 88 71 194 200 212 111 191 238 31 103 153 100 86 150 81 82 125 85 92 162 
254 : 206 121 138 170 151 249 84 134 65 242 127 106 168 234 247 158 107 181 125 93 92 76 41 246 89 175 35 126 162 159 227 48 53 28 225 136 164 230 111 142 239 179 163 118 39 160 233 241 33 238 205 140 122 
255 : 28 121 139 63 186 72 147 167 216 205 116 191 178 35 189 128 235 111 130 47 224 211 165 122 66 51 115 244 91 99 131 79 240 215 26 174 145 137 152 157 
256 : 119 230 31 32 188 152 116 148 193 99 102 53 245 213 108 136 241 26 127 235 186 25 190 51 101 210 131 247 124 130 180 249 137 181 206 28 60 85 189 112 158 
257 : 131 208 76 154 128 225 46 50 84 168 211 190 65 155 28 210 222 241 97 191 189 55 217 105 243 223 224 170 93 53 108 126 237 34 134 120 205 182 89 54 165 179 
258 : 72 100 213 75 199 131 41 220 228 98 56 55 86 180 54 247 143 206 108 109 239 74 218 244 85 159 31 97 224 30 237 
