0 : 218 64 106 104 80 93 155 141 240 242 161 188 38 178 124 190 129 249 107 62 152 128 114 112 201 179 193 66 223 138 63 224 55 185 238 122 192 170 53 245 209 50 167 48 105 75 46 83 58 111 101 160 81 69 72 156 177 140 89 117 153 77 28 85 211 198 136 78 49 168 235 236 74 187 
1 : 213 104 247 134 178 50 84 217 37 100 56 148 201 246 34 239 185 158 240 137 218 236 197 30 47 191 38 120 31 203 65 28 183 33 198 96 82 149 161 225 135 207 177 147 142 72 106 211 169 163 209 202 145 215 232 87 171 116 71 70 234 173 159 102 226 97 228 132 40 54 190 136 
2 : 155 73 235 173 209 186 28 178 208 200 158 105 147 78 205 45 69 101 98 87 157 229 160 125 82 136 225 242 92 203 142 
3 : 79 158 100 228 76 164 133 65 57 30 141 147 60 176 129 184 193 165 161 190 41 177 138 220 83 
4 : 214 181 211 107 108 47 134 139 62 249 95 102 239 168 129 160 120 110 124 182 41 55 26 96 93 234 97 66 39 99 59 50 
5 : 90 168 29 112 115 140 34 238 236 132 51 218 52 33 245 85 130 123 232 95 113 233 129 161 235 240 165 183 83 181 179 201 171 111 164 223 216 160 147 146 39 61 122 141 169 69 107 212 184 230 205 77 79 
6 : 240 140 245 227 127 110 209 154 232 211 215 138 48 62 32 84 241 106 213 104 35 217 107 39 203 195 
7 : 229 103 206 71 138 42 62 80 232 231 210 172 84 63 86 148 99 175 238 216 193 153 54 156 87 60 108 179 218 171 158 45 50 112 111 118 225 28 126 107 47 161 154 128 46 91 220 211 37 75 92 89 129 127 120 38 43 88 181 186 121 150 230 25 222 133 235 113 51 36 139 208 204 109 72 69 125 227 215 131 137 
8 : 231 195 98 218 77 58 136 130 133 32 66 124 178 150 183 47 126 131 247 155 190 165 184 233 164 38 157 110 185 37 41 69 176 229 33 142 227 177 245 93 213 223 104 214 52 115 45 211 62 206 86 241 75 235 
9 : 197 173 109 91 199 74 36 122 90 232 184 218 178 65 132 221 158 133 224 76 135 42 61 121 59 31 130 101 151 68 71 48 86 78 226 85 149 238 185 119 53 175 67 30 35 37 139 153 196 134 104 72 161 51 182 77 227 247 163 47 155 98 209 55 201 148 145 191 32 94 245 212 171 
10 : 214 135 130 163 168 211 159 139 51 119 212 82 79 170 91 94 122 187 219 132 180 209 98 90 152 231 150 136 60 247 121 169 61 249 178 125 182 148 172 107 204 240 108 112 167 237 161 213 156 202 42 191 221 54 189 33 228 155 88 66 153 114 223 73 26 36 144 29 124 158 101 198 226 
11 : 65 75 228 109 185 147 64 37 194 226 48 231 247 105 118 46 57 103 219 204 150 227 249 117 31 197 108 28 
12 : 149 86 175 183 171 27 226 188 139 71 143 109 187 154 142 44 101 144 123 40 29 93 167 164 214 79 116 173 230 130 75 189 238 88 166 133 157 138 163 242 56 200 103 170 49 72 197 95 233 105 57 196 37 224 227 178 112 
13 : 121 174 109 231 238 180 157 168 140 151 80 199 60 74 247 29 63 132 133 59 217 65 192 67 213 215 210 144 162 201 58 82 97 89 70 33 69 224 209 196 156 103 222 244 115 153 57 96 200 223 186 185 234 193 233 112 169 206 214 227 108 79 55 229 228 218 171 39 197 38 236 141 225 143 245 202 
14 : 167 101 235 102 79 54 141 137 32 221 145 161 47 172 189 28 85 241 180 230 166 185 55 113 243 100 160 67 195 70 155 56 157 239 135 60 43 40 134 52 89 34 215 142 96 
15 : 149 94 193 237 104 238 247 176 88 153 217 172 146 135 199 46 179 63 143 191 39 115 93 37 73 228 69 174 161 166 98 43 221 109 133 117 216 29 190 68 54 108 162 169 220 97 152 62 45 181 232 106 203 83 218 34 
16 : 158 67 206 156 79 144 161 69 153 245 193 77 169 190 198 97 93 182 52 44 183 115 86 124 175 109 170 189 147 204 224 231 81 103 
17 : 109 27 208 236 54 211 84 189 132 38 61 148 50 234 221 126 169 86 127 60 43 67 212 181 106 77 232 145 58 220 185 56 226 137 71 87 151 116 196 206 117 31 195 102 146 94 91 34 158 177 62 157 153 110 156 
18 : 104 69 157 149 235 130 145 205 188 232 47 133 172 71 185 27 155 136 192 234 100 165 94 75 177 83 199 92 93 43 179 151 245 129 116 168 112 190 
19 : 177 247 190 141 89 114 171 214 187 245 198 200 164 54 52 178 62 47 106 143 110 128 240 105 63 211 71 82 61 101 120 26 244 109 126 225 97 161 124 44 193 75 30 96 115 88 33 76 207 204 167 155 133 230 206 145 189 27 184 151 159 213 222 87 37 203 73 192 195 119 235 236 43 148 70 111 239 147 55 53 
20 : 171 248 110 161 27 69 86 151 203 236 199 224 59 181 63 87 81 221 102 234 104 190 29 35 31 180 194 50 143 211 239 220 53 162 37 237 114 136 232 179 106 172 109 83 185 228 123 68 58 137 134 60 56 129 200 166 49 164 77 142 213 103 120 216 65 191 159 187 130 184 208 
21 : 134 128 57 180 200 124 94 152 62 151 54 158 114 201 246 72 44 76 32 216 103 167 101 28 64 50 135 34 226 161 116 147 
22 : 67 39 159 33 249 214 188 202 117 84 238 243 132 179 150 62 128 195 94 90 139 130 85 163 134 101 89 215 61 216 25 26 223 191 145 123 236 221 178 
23 : 105 91 219 126 159 190 59 244 125 79 208 51 114 77 40 188 197 128 35 220 121 117 238 103 42 122 89 37 124 148 204 166 152 247 120 172 194 
24 : 115 87 211 171 190 160 37 139 165 95 108 246 156 191 90 89 151 173 55 91 71 111 104 64 197 118 192 58 57 52 43 163 51 133 169 107 125 181 26 144 222 232 109 234 81 69 242 121 185 237 40 161 141 83 175 78 206 202 218 
25 : 58 233 195 210 136 172 120 44 56 126 248 102 245 75 99 214 73 239 98 151 50 33 148 103 27 183 170 185 223 169 180 176 212 78 
26 : 174 177 184 242 114 161 240 108 132 68 202 147 182 189 112 220 103 140 96 42 99 144 248 191 84 139 115 198 164 87 34 100 201 45 86 185 44 166 172 151 62 101 105 188 134 196 193 33 163 53 218 54 244 186 
27 : 95 196 84 126 187 158 193 82 166 138 129 67 76 183 85 156 149 133 89 62 121 237 207 106 56 32 79 151 30 154 234 108 194 25 152 210 131 148 34 211 203 125 38 202 208 35 182 110 72 60 227 238 219 245 217 190 200 159 54 94 171 244 198 231 37 115 99 179 
28 : 228 126 139 94 177 191 213 173 127 195 67 89 198 223 42 187 188 116 200 147 78 150 140 44 178 53 70 109 248 48 88 64 142 27 104 136 225 163 155 33 220 189 49 102 151 63 80 40 
29 : 249 218 169 233 80 64 158 56 33 165 109 185 227 149 182 228 90 180 205 192 92 147 238 151 173 119 52 101 85 189 235 213 232 224 135 60 73 172 142 156 178 161 
30 : 232 187 151 179 120 72 163 227 78 126 100 243 194 166 185 47 121 71 44 248 93 85 234 76 215 30 55 128 247 46 43 82 228 81 130 97 58 164 42 74 61 212 210 233 143 32 34 157 90 110 134 66 159 
31 : 105 151 194 245 40 240 230 156 33 116 58 102 34 157 167 213 199 133 84 26 117 99 158 148 166 238 175 79 115 173 35 47 160 188 244 138 51 207 109 54 82 145 176 155 56 103 222 110 72 185 186 191 178 130 83 246 
32 : 197 226 202 43 80 237 217 35 181 38 194 231 133 117 221 235 126 196 114 29 102 136 225 55 219 28 163 176 60 75 213 205 228 36 
33 : 46 166 134 41 54 158 87 201 212 191 187 196 99 155 199 138 140 223 210 157 93 113 84 122 238 174 118 237 92 121 91 234 209 78 71 147 45 98 232 124 38 220 151 246 40 61 123 245 156 44 132 76 128 215 162 235 89 211 37 228 137 175 217 64 185 62 239 198 135 47 119 247 102 80 95 141 85 58 96 240 
34 : 29 25 108 217 68 69 202 99 179 234 236 160 118 207 51 120 187 49 240 130 64 41 77 175 163 75 35 233 145 189 235 42 198 209 215 50 142 226 95 138 228 71 123 201 33 193 106 37 144 101 222 98 247 237 59 150 208 110 56 
