0 : 50 143 150 242 222 76 63 161 147 125 229 91 113 101 55 116 109 127 205 126 135 239 144 235 145 80 82 35 108 202 184 25 178 232 200 123 191 248 26 228 174 247 90 216 236 70 36 130 122 
1 : 96 122 33 178 97 109 43 55 180 79 203 57 65 50 182 172 197 62 26 185 107 213 70 102 69 215 244 100 183 28 209 84 168 41 242 217 147 219 211 90 130 106 112 247 63 132 223 155 
2 : 70 217 52 67 29 177 240 183 248 159 196 241 119 82 238 105 203 242 45 124 245 129 188 74 80 81 158 208 148 58 121 131 106 114 189 146 249 99 165 117 199 113 51 116 211 125 54 110 230 206 150 94 33 162 184 31 174 222 223 65 109 153 235 163 97 83 247 
3 : 150 170 65 161 219 91 38 221 59 103 130 72 142 157 66 82 41 208 51 28 58 35 162 242 29 113 100 214 232 169 42 152 226 129 156 43 206 112 90 197 80 236 233 216 186 229 201 
4 : 77 210 40 149 110 125 26 176 80 30 123 186 145 157 36 152 219 211 79 193 202 129 132 233 89 78 224 213 170 135 128 124 136 195 63 85 206 
5 : 177 151 134 55 165 215 85 216 32 194 54 167 166 140 198 237 70 80 57 92 185 105 152 35 132 232 107 162 
6 : 221 63 202 125 137 151 244 153 163 138 165 235 44 84 104 76 112 247 239 166 155 141 115 62 98 179 226 174 69 132 230 50 48 120 40 73 197 110 175 193 176 215 108 
7 : 101 149 152 207 230 185 212 69 183 237 50 248 154 151 44 133 35 31 174 28 214 177 102 249 228 182 78 221 229 127 194 167 204 66 179 170 244 164 34 30 234 81 135 131 85 124 87 143 75 70 197 71 43 181 163 95 233 57 89 178 208 215 173 166 59 224 168 
8 : 177 199 96 46 168 209 79 144 164 249 181 130 217 47 53 74 172 167 135 131 147 138 127 117 107 244 171 222 54 220 245 33 113 115 123 132 203 159 191 211 198 25 248 182 64 153 70 28 201 225 35 243 110 93 232 233 81 218 134 121 192 
9 : 141 98 125 224 137 105 90 32 108 157 119 58 136 121 133 30 70 67 123 206 186 214 101 154 241 110 149 81 29 116 55 100 167 72 
10 : 95 54 157 210 208 52 36 114 146 81 60 195 228 69 27 135 105 101 111 169 209 79 144 55 120 39 189 
11 : 143 221 112 98 88 134 80 171 53 125 117 179 47 56 73 62 209 249 211 240 132 106 147 175 44 178 184 128 137 243 120 194 239 
12 : 181 194 83 171 55 112 225 180 186 140 232 195 132 45 230 100 62 134 49 99 207 121 190 166 142 192 114 53 120 145 102 25 148 198 61 124 227 152 29 90 185 54 229 42 182 200 39 79 82 174 88 172 116 165 34 115 56 78 241 137 122 223 177 220 226 160 188 
13 : 160 95 158 201 149 189 229 26 155 45 237 195 138 102 30 140 137 247 226 219 64 199 238 49 139 50 222 42 210 206 112 78 118 169 177 74 85 84 157 174 193 154 61 94 125 40 77 224 63 106 172 103 92 230 113 55 59 236 121 
14 : 27 80 63 153 143 73 243 43 174 117 54 31 52 159 77 59 110 218 87 85 99 129 55 197 167 240 41 92 114 248 150 207 90 195 193 236 123 104 152 69 146 188 187 162 177 84 216 231 237 198 40 246 206 164 227 189 96 173 210 118 98 232 
15 : 186 72 58 219 182 135 244 123 38 222 181 143 34 142 224 145 139 78 60 120 79 210 125 25 127 157 53 156 241 249 162 163 95 126 146 173 88 51 131 52 
16 : 181 70 58 123 155 79 188 161 185 156 190 28 141 53 98 64 38 45 122 35 166 44 147 150 174 146 152 72 65 180 111 82 118 26 202 126 209 239 198 60 
17 : 229 232 248 121 49 44 147 151 87 219 26 236 102 119 144 93 203 129 155 225 212 187 216 37 43 75 172 200 205 65 142 35 27 244 234 127 191 107 
18 : 168 240 46 64 106 156 32 198 142 180 34 184 171 209 217 194 125 187 230 241 38 233 164 41 206 36 
19 : 208 154 232 144 83 231 99 117 104 204 196 95 173 132 143 102 147 89 131 120 69 55 66 236 37 245 218 129 138 38 241 122 49 67 123 230 74 63 137 46 211 133 164 
20 : 216 219 191 27 71 32 165 45 195 197 176 228 76 217 207 48 187 229 83 220 233 111 135 208 66 198 144 157 108 206 172 196 90 123 42 151 112 162 169 121 154 210 74 155 63 164 224 30 249 138 105 122 188 215 167 38 179 57 242 50 47 132 149 194 213 104 51 133 148 
21 : 122 50 76 177 139 42 89 40 220 178 59 164 235 147 231 142 227 30 179 191 110 37 129 123 226 160 138 240 242 116 88 70 140 176 105 230 112 141 171 248 36 222 168 245 69 126 78 
22 : 195 80 40 115 153 199 157 169 89 70 56 116 161 185 187 82 156 64 143 30 32 112 142 66 183 31 197 38 198 58 154 126 235 148 221 139 121 77 100 192 215 74 
23 : 189 61 171 100 59 110 115 111 170 187 102 42 215 113 101 91 208 126 222 107 190 99 249 185 169 40 130 200 81 232 166 135 193 29 
24 : 178 119 247 62 67 111 135 78 89 98 157 230 147 130 200 220 210 39 249 124 192 131 87 40 66 118 206 96 215 165 107 225 201 209 77 
25 : 28 218 220 69 36 188 149 237 230 142 81 172 25 85 222 153 242 70 134 196 63 154 121 167 62 197 185 178 162 66 202 155 132 34 235 113 51 140 147 48 106 203 67 97 57 
26 : 168 25 165 227 130 216 144 159 61 134 43 68 230 193 224 42 30 184 55 85 29 240 188 122 87 47 183 185 52 179 44 149 92 239 89 66 45 213 102 148 109 
27 : 111 238 160 59 90 156 103 182 165 198 62 118 70 95 236 91 79 26 249 28 40 89 189 50 106 36 158 80 49 180 188 73 164 115 175 133 228 210 196 122 230 131 212 239 153 82 136 221 215 203 32 99 195 87 71 116 139 240 108 101 146 53 54 56 27 25 114 119 
28 : 66 190 79 97 76 102 59 141 203 62 204 51 225 136 26 223 63 179 50 112 240 195 206 148 98 30 192 237 168 95 201 228 
29 : 181 168 101 218 162 115 51 137 47 108 215 152 31 188 172 129 155 42 184 52 90 227 203 243 173 40 195 161 245 159 186 122 82 102 196 57 75 80 84 94 123 119 86 50 83 202 81 32 59 178 111 139 197 63 124 165 237 151 96 157 44 
30 : 61 162 49 59 35 182 166 50 230 91 244 125 39 154 25 126 100 117 30 172 169 220 102 51 143 140 247 72 123 191 131 
31 : 185 99 244 68 169 41 134 130 126 46 104 32 190 220 240 243 166 78 56 136 154 33 54 224 152 75 143 
32 : 240 103 194 116 65 144 63 117 249 187 208 184 128 74 50 219 34 211 216 32 139 113 58 95 234 170 175 27 188 104 137 127 231 204 45 167 177 85 129 136 30 29 236 51 232 155 88 224 120 60 100 203 164 78 99 
33 : 190 182 153 68 151 237 47 98 78 208 159 156 217 225 162 222 91 244 202 201 220 149 164 33 104 86 28 
34 : 209 156 235 66 173 130 204 247 53 222 116 42 169 58 65 127 182 198 216 124 110 133 117 184 122 155 39 83 136 236 175 192 44 131 168 194 115 119 215 191 183 105 214 243 
35 : 229 39 158 118 174 86 60 173 121 112 161 79 215 189 48 104 235 56 218 114 183 164 102 244 66 115 175 61 49 242 243 
36 : 49 105 144 155 196 245 208 198 111 62 188 233 30 70 142 26 50 197 72 138 85 212 42 224 174 159 123 156 133 171 54 95 163 33 202 154 51 191 47 87 102 225 89 185 181 223 110 131 122 134 230 141 
37 : 248 35 196 212 114 164 182 144 149 151 62 106 178 103 241 157 53 226 77 209 70 58 43 52 167 51 115 206 141 39 31 
38 : 126 68 103 133 65 164 210 183 158 89 124 101 187 216 249 78 40 142 90 131 242 62 159 135 239 202 37 80 138 104 107 
39 : 248 117 60 95 63 150 98 94 179 118 222 178 133 114 188 27 165 49 43 235 166 247 66 122 244 138 127 217 215 234 44 59 
40 : 38 237 210 145 206 157 92 209 51 243 184 33 224 162 154 112 148 100 203 125 142 103 147 146 127 64 87 31 140 221 113 35 137 218 85 
41 : 42 68 234 56 205 135 206 157 167 31 154 204 69 231 230 120 115 189 192 129 127 92 49 123 44 187 246 181 93 72 179 145 36 241 248 212 110 240 207 164 152 173 126 148 54 87 124 81 130 125 146 86 184 101 
42 : 136 170 168 70 42 191 249 107 141 69 165 175 65 137 139 118 228 174 33 44 248 195 101 51 214 120 72 189 37 172 146 234 164 111 182 59 106 66 71 215 156 90 34 127 157 105 217 68 115 202 192 241 203 29 
43 : 49 34 108 244 104 166 61 56 51 112 109 174 206 210 219 169 29 242 134 240 179 211 171 38 66 
44 : 68 205 118 48 239 57 151 190 192 91 142 138 248 109 125 244 242 182 219 135 115 56 213 146 47 110 168 188 111 98 189 233 230 60 62 187 92 150 99 76 67 154 55 204 32 199 185 223 121 165 134 236 209 69 93 231 54 39 
45 : 187 246 238 159 93 173 62 134 58 194 177 104 69 63 46 234 77 51 75 180 157 82 76 212 195 78 178 
46 : 86 235 37 62 212 125 41 68 51 115 216 174 204 89 211 223 29 217 81 208 50 117 243 130 76 186 249 185 167 187 154 39 151 53 145 34 124 
47 : 84 239 43 211 207 246 73 209 205 208 29 52 224 192 170 142 77 63 143 38 137 138 166 174 105 248 107 51 218 59 141 179 80 235 202 104 47 119 114 140 145 101 35 121 153 178 158 197 49 162 175 136 148 103 237 32 
48 : 116 100 155 96 86 240 117 42 102 138 167 216 53 208 40 229 178 176 65 105 54 163 209 159 175 81 132 119 219 68 
49 : 54 208 218 44 129 124 86 48 233 204 181 215 107 190 236 101 223 26 152 126 85 221 202 216 229 185 130 167 80 136 211 82 56 46 144 63 87 117 157 43 222 219 96 81 164 59 189 106 145 163 241 64 205 140 68 108 
50 : 26 159 146 169 51 238 45 119 225 168 236 116 128 206 130 154 241 218 181 115 52 147 180 227 53 136 141 198 228 202 192 230 167 88 
51 : 149 38 235 156 54 60 63 128 35 193 239 142 202 192 196 227 157 167 137 74 29 26 87 127 170 98 209 59 80 58 213 207 165 201 118 206 125 249 176 103 30 45 90 237 184 224 136 145 151 211 48 241 56 198 
52 : 110 63 29 68 160 143 158 126 141 116 189 173 196 106 125 27 134 155 51 128 94 214 174 66 197 240 40 193 219 168 84 74 227 176 131 209 80 107 56 248 48 237 142 117 207 90 190 178 70 217 162 88 82 226 233 246 211 148 55 26 138 245 249 31 
53 : 75 158 76 173 170 153 77 131 130 222 35 216 119 71 137 220 207 182 184 247 138 107 221 120 236 161 115 176 118 135 165 150 156 226 93 234 37 101 60 89 191 177 47 70 174 69 79 172 133 144 98 140 164 196 109 43 44 205 88 33 241 85 217 95 187 167 229 45 171 
54 : 165 245 55 78 35 112 79 220 170 125 51 150 29 135 64 168 209 37 183 96 242 43 85 234 144 232 219 192 59 129 101 236 82 130 230 138 244 57 108 145 32 91 92 227 195 95 136 45 154 89 42 241 25 243 156 157 152 65 133 191 173 36 148 60 164 208 48 
55 : 119 157 198 64 180 141 197 207 74 129 156 131 137 125 39 204 99 203 136 143 32 56 208 52 67 82 89 71 231 75 118 186 233 72 176 87 90 220 
56 : 179 95 214 224 168 234 96 58 204 176 49 76 133 50 61 167 177 184 142 175 99 92 199 156 119 135 93 106 42 236 218 182 233 143 47 116 127 41 66 158 
57 : 179 130 39 240 82 114 64 194 227 113 212 102 247 143 106 215 94 226 218 123 118 157 199 198 221 182 85 155 41 242 72 133 103 49 152 192 45 141 
58 : 162 205 222 184 52 155 230 56 248 245 157 29 136 191 220 65 177 146 104 247 133 217 140 100 161 101 119 
59 : 34 135 119 126 131 242 99 32 70 142 132 219 152 83 147 229 203 209 98 140 161 77 215 102 25 172 230 58 151 186 115 212 27 28 67 192 44 128 53 31 125 156 249 164 89 
60 : 30 58 72 206 47 194 118 174 162 223 68 177 69 157 45 42 83 87 183 84 191 220 187 121 233 120 222 109 231 176 31 205 50 
61 : 104 96 77 193 154 178 192 87 215 121 132 204 147 243 91 217 42 40 207 120 92 95 123 125 36 134 89 43 158 34 94 53 222 99 199 212 171 242 145 129 182 189 208 226 186 68 157 30 64 79 219 195 176 200 151 83 54 65 
62 : 222 205 63 201 189 72 191 154 175 157 120 135 78 182 32 93 232 84 213 212 116 229 220 217 142 77 129 126 69 243 111 196 168 167 62 235 162 81 139 238 241 137 25 249 155 156 224 80 208 207 106 100 31 45 130 41 44 53 209 79 85 166 88 118 64 216 244 99 200 
63 : 168 214 210 175 66 58 69 158 166 115 119 80 120 170 61 127 234 148 30 157 219 135 209 202 79 197 73 159 141 91 118 232 247 226 117 147 227 107 145 161 81 133 35 167 182 75 243 126 188 41 194 25 160 223 50 
64 : 135 43 39 156 205 227 133 174 102 144 149 222 120 233 143 242 137 126 214 153 130 157 49 75 111 151 122 25 77 196 97 101 209 69 246 134 79 98 167 73 88 193 168 109 121 50 173 36 42 165 247 237 146 185 148 
65 : 111 233 99 182 135 83 206 178 49 133 90 183 69 88 226 78 195 151 105 203 205 189 126 184 45 58 217 175 38 193 132 156 229 77 41 130 150 202 123 210 103 196 147 131 204 113 215 
66 : 240 72 38 89 110 175 224 121 164 174 213 203 80 170 82 78 156 246 225 228 201 118 196 152 109 209 115 26 103 107 237 180 73 161 155 56 91 123 126 188 69 226 138 248 67 101 124 236 90 191 199 65 131 84 147 31 25 160 75 241 168 198 153 181 
67 : 92 135 63 182 97 200 119 70 223 143 249 196 217 31 139 247 240 232 72 208 222 99 174 58 191 114 82 180 117 66 122 134 226 233 158 89 131 168 210 145 179 230 155 77 36 241 95 212 207 50 147 188 51 221 141 124 62 242 120 205 214 
68 : 162 98 118 33 242 209 219 207 59 169 61 44 66 102 97 212 134 145 222 184 243 75 238 73 83 27 68 244 99 246 64 143 65 233 171 232 157 95 194 117 130 62 
69 : 220 91 233 70 205 116 201 244 66 200 74 182 44 241 85 123 164 108 139 120 211 35 58 196 133 217 83 187 132 98 238 199 
70 : 128 232 157 214 238 125 163 91 209 237 205 208 135 246 69 240 216 52 147 48 206 85 62 84 68 154 180 245 170 141 61 38 148 81 99 75 63 239 43 114 123 97 140 51 162 49 71 77 44 40 116 110 144 229 73 150 176 118 146 178 169 236 131 88 
71 : 125 181 89 178 249 191 149 54 80 209 152 244 196 50 40 246 155 235 213 223 112 189 123 46 173 215 170 160 197 124 105 146 118 68 147 
72 : 139 175 197 81 153 32 194 83 51 170 227 121 185 222 224 212 119 191 142 214 82 163 181 42 91 94 33 72 120 239 64 192 110 57 86 43 61 179 188 146 171 210 131 155 79 177 199 90 65 71 180 70 151 228 53 62 67 209 157 68 152 88 34 114 208 
73 : 123 167 40 210 69 111 124 178 185 107 176 35 170 232 155 241 97 189 219 103 34 215 139 187 249 238 184 140 164 137 39 68 134 101 135 50 237 32 113 230 116 143 159 216 145 180 41 156 142 94 236 148 131 243 77 61 192 153 42 67 209 220 82 174 198 168 169 
74 : 169 107 42 210 53 132 64 213 241 232 54 190 243 38 114 233 124 62 202 44 37 225 229 182 201 89 236 183 131 87 60 119 231 99 69 217 154 78 63 65 141 112 70 47 226 92 222 82 240 235 140 147 46 74 101 214 113 249 181 238 215 173 111 94 34 194 139 223 221 49 
75 : 72 49 137 29 143 154 243 216 218 42 186 95 201 38 75 222 73 131 25 33 99 83 171 140 196 
76 : 141 164 177 219 150 183 122 97 143 60 79 152 155 77 240 199 73 26 195 224 147 54 45 167 162 104 248 59 111 172 94 40 228 145 27 130 83 225 201 220 90 245 64 135 184 124 113 65 211 
77 : 137 50 32 201 225 113 91 131 30 98 25 38 187 155 115 247 198 143 206 192 172 126 154 77 188 182 222 220 125 166 74 87 135 43 
78 : 80 196 26 86 76 213 34 146 103 63 106 147 209 154 44 224 40 120 229 231 176 178 235 94 101 62 
79 : 241 203 194 127 147 66 57 70 171 65 164 228 55 170 233 166 124 76 95 205 62 40 93 243 155 29 47 225 25 180 
80 : 82 101 28 37 118 156 85 151 198 221 83 88 106 84 95 117 240 164 98 186 79 169 173 109 93 202 201 50 35 178 225 177 146 214 196 132 211 227 124 191 170 162 
81 : 206 193 59 230 64 100 201 53 72 204 63 111 36 209 41 225 232 134 28 34 46 240 37 98 154 76 
82 : 219 56 207 199 237 61 120 93 202 189 229 80 216 146 64 227 147 45 224 145 214 119 248 142 109 
83 : 134 39 75 159 167 244 214 90 35 82 112 238 36 237 107 142 157 32 192 120 179 203 169 72 193 149 181 65 199 53 135 122 103 139 217 242 216 91 234 220 38 249 155 85 212 121 132 145 221 136 
84 : 135 76 148 72 160 225 212 75 50 63 170 230 214 204 60 79 213 51 34 196 164 122 114 197 49 59 43 200 69 56 64 152 241 31 25 232 246 
85 : 222 204 45 212 52 186 41 84 161 151 26 177 106 69 197 140 46 199 39 169 241 202 42 226 209 214 80 184 49 53 201 245 48 203 122 104 110 85 168 196 59 132 81 96 47 146 94 76 109 74 
86 : 77 214 220 35 210 97 234 53 119 42 138 32 149 60 137 84 83 195 193 80 102 26 155 130 246 126 128 133 58 179 
87 : 134 187 195 189 141 139 168 223 234 161 219 185 194 160 91 242 127 36 45 123 171 73 230 59 87 212 69 133 203 51 159 85 94 136 131 104 121 108 200 130 32 218 103 190 163 206 173 186 84 216 233 143 240 115 
88 : 31 71 62 184 137 119 89 129 58 155 140 91 143 146 248 101 200 139 84 236 174 154 72 169 196 162 60 198 132 79 138 205 83 92 113 167 231 74 120 185 148 181 202 102 85 168 212 221 243 203 27 
89 : 145 143 249 131 208 61 99 247 119 32 184 86 27 94 240 142 30 112 167 214 120 125 38 129 91 187 26 218 234 48 190 233 149 72 139 63 29 164 162 221 33 228 102 135 156 68 41 109 180 230 148 220 207 70 67 140 198 95 133 39 193 123 83 178 204 227 124 194 92 
90 : 210 104 246 161 121 158 189 170 49 77 217 59 150 26 145 60 83 81 128 114 39 183 223 241 205 185 244 175 164 180 133 232 40 
91 : 246 61 36 127 233 166 45 241 105 41 177 43 150 168 106 238 86 97 160 218 210 153 96 232 193 121 157 194 77 72 94 26 235 184 171 98 123 143 134 229 237 139 221 216 165 243 49 120 39 162 158 178 89 46 117 73 145 136 84 175 62 239 75 
92 : 84 150 106 44 127 111 142 212 190 133 97 177 110 87 176 193 78 196 207 247 145 234 137 129 224 29 136 86 246 248 103 99 28 206 37 164 169 217 149 171 186 41 68 182 64 66 48 200 62 54 158 27 148 77 245 174 72 51 188 115 179 223 159 
93 : 231 196 178 51 162 172 245 53 60 49 246 42 174 130 124 213 140 93 159 118 161 56 104 167 45 233 123 66 68 211 61 205 28 98 208 108 242 109 143 102 76 55 139 204 189 218 33 79 249 86 30 136 37 192 65 75 69 
94 : 41 163 105 69 190 101 168 47 72 116 198 178 210 215 155 184 93 146 104 176 234 194 108 228 85 66 26 139 214 74 177 217 
95 : 90 113 184 231 80 91 173 212 190 52 74 249 227 114 57 25 156 145 38 51 237 110 171 32 191 
96 : 78 191 242 234 66 196 31 93 49 216 179 149 47 154 240 181 219 193 194 168 79 198 140 87 158 212 41 195 59 55 232 25 164 118 40 249 63 123 117 51 169 43 228 205 245 192 124 152 143 156 102 217 199 230 146 37 60 222 233 76 
97 : 47 90 79 242 236 165 35 128 175 49 26 54 96 237 212 121 60 191 179 223 203 178 159 173 217 124 62 193 102 91 194 185 120 167 174 240 115 63 231 84 214 122 83 
98 : 145 134 149 43 91 104 139 237 220 75 213 176 56 86 243 105 218 221 93 200 31 126 189 97 84 157 163 65 55 124 212 83 193 222 138 63 107 236 185 183 121 246 159 117 47 140 164 214 45 100 132 62 38 
99 : 139 145 212 210 135 65 136 102 209 231 123 134 167 224 217 73 216 175 153 158 146 192 121 61 91 82 241 111 84 237 96 163 34 194 151 248 88 240 38 85 161 41 143 33 166 43 201 78 45 233 155 232 93 60 109 98 51 164 122 115 159 242 132 196 
100 : 112 118 84 25 80 89 134 238 228 131 237 200 247 155 105 30 119 61 141 203 172 185 219 199 165 144 209 146 162 51 160 73 45 95 156 242 198 157 223 50 208 110 166 230 233 75 190 63 64 182 120 
101 : 119 102 116 228 104 185 31 186 115 205 79 78 164 37 35 167 180 107 90 222 82 244 52 173 125 44 123 201 118 53 171 194 162 62 122 188 195 134 103 184 41 175 
102 : 110 133 152 48 60 176 157 143 160 218 223 141 159 172 175 68 75 88 80 224 93 54 248 90 215 89 62 42 140 151 199 179 36 211 184 204 64 59 38 29 163 198 180 72 210 149 46 32 126 92 201 222 233 50 128 227 122 
103 : 40 81 70 146 213 115 47 48 170 245 167 169 223 218 103 189 191 72 221 113 32 150 38 112 83 49 106 142 237 205 121 78 240 203 188 140 229 228 187 42 97 89 27 147 163 177 159 192 235 41 92 161 107 117 249 129 76 149 
104 : 230 244 185 140 31 201 180 71 142 40 183 152 75 61 148 246 114 25 52 146 98 43 151 125 134 100 239 78 62 130 88 
105 : 165 140 249 199 232 171 62 220 235 142 74 94 237 58 162 223 225 242 238 103 100 136 73 202 45 49 194 163 46 31 52 240 160 88 248 112 118 195 182 145 245 247 187 193 39 151 104 209 81 78 40 167 109 42 243 107 152 57 130 36 82 59 
106 : 28 107 34 165 187 227 170 191 64 212 95 117 104 48 87 121 159 91 215 138 135 74 52 26 132 143 100 244 56 115 39 156 131 162 31 241 166 85 213 
107 : 180 96 208 222 33 58 54 147 149 238 117 158 156 84 224 104 82 69 64 244 194 188 139 134 61 163 42 168 171 159 228 223 175 170 144 200 68 81 101 28 221 184 160 107 83 229 
108 : 83 187 156 231 217 39 63 144 220 66 178 238 25 201 116 169 62 182 132 85 142 153 60 92 94 166 28 245 143 123 167 145 125 196 115 112 240 64 206 214 192 122 209 114 93 42 232 104 236 98 174 197 38 77 103 
109 : 242 132 226 201 144 190 101 49 155 35 247 175 114 161 125 239 213 97 73 27 164 179 158 246 154 228 102 127 87 151 95 128 216 224 51 172 167 121 88 215 111 113 203 184 80 162 150 131 45 104 83 72 79 205 41 124 81 214 69 64 240 
110 : 32 149 245 101 155 99 175 208 106 226 195 119 71 202 158 120 27 28 215 73 230 174 236 61 127 168 220 43 62 53 182 234 
111 : 142 35 48 203 131 202 160 49 60 72 87 233 240 96 245 93 241 27 107 138 193 164 225 55 210 242 123 207 115 148 153 37 230 81 220 239 110 231 170 174 63 128 51 102 137 183 124 64 191 76 199 78 197 190 158 68 166 216 118 99 98 33 149 221 92 
112 : 138 117 160 214 36 246 229 184 81 168 82 181 249 223 102 56 134 47 200 75 132 170 194 243 182 199 221 70 58 52 165 228 115 53 92 157 112 144 174 83 51 171 247 43 48 207 148 133 149 78 89 139 91 79 38 179 231 155 197 98 218 103 95 90 128 
113 : 154 213 133 217 59 140 27 70 229 83 178 209 40 142 172 218 177 61 135 201 60 43 81 104 72 185 
114 : 201 107 249 61 222 92 62 132 89 76 58 105 135 36 45 195 203 127 219 239 131 232 101 111 178 81 78 53 238 186 74 155 27 139 70 147 173 118 128 144 64 192 96 182 106 83 153 
115 : 194 227 224 69 151 141 154 173 38 159 51 138 76 91 197 175 120 46 78 162 112 228 101 179 58 48 117 148 73 64 210 232 53 157 42 205 123 163 67 247 
116 : 182 128 244 217 103 143 94 125 163 170 179 105 245 247 214 121 239 33 86 67 221 101 93 232 176 87 233 42 53 80 136 35 126 213 138 224 218 77 186 185 177 55 215 120 45 71 231 147 39 108 237 144 
117 : 26 25 161 75 41 244 106 218 245 169 225 227 208 35 232 233 34 119 110 66 109 229 81 45 223 222 116 206 165 237 210 
118 : 235 89 103 141 35 105 129 137 139 158 193 187 136 133 91 40 106 114 221 176 81 146 92 27 125 147 161 222 
119 : 107 236 177 185 133 52 173 194 152 180 229 72 215 27 98 234 190 153 55 218 240 189 82 208 121 237 227 105 97 57 166 143 164 139 74 91 42 241 141 63 188 47 238 45 159 198 160 179 129 220 
120 : 213 189 103 217 41 241 85 170 28 151 131 179 206 198 229 124 35 29 225 69 196 56 137 49 67 192 114 
121 : 53 32 43 91 25 61 181 233 225 126 170 140 129 172 52 220 166 223 175 179 215 94 204 100 81 133 235 68 213 163 165 141 47 27 72 246 42 46 130 117 50 95 182 
122 : 124 221 78 226 176 233 174 151 96 79 72 63 164 187 154 135 60 95 194 106 85 168 46 133 170 91 31 215 163 34 199 183 93 90 235 
123 : 61 105 187 122 144 58 233 41 180 66 26 86 110 30 49 147 124 216 215 238 244 48 181 63 77 84 28 132 153 173 62 193 156 150 191 127 
124 : 40 62 58 156 135 223 209 85 239 42 200 112 184 44 110 216 229 175 246 54 134 231 142 80 202 237 108 144 89 56 185 124 197 154 207 243 214 125 171 
125 : 186 235 244 133 154 45 226 35 139 156 192 32 202 218 39 214 198 72 58 196 88 234 104 246 222 148 237 129 159 115 166 25 121 147 103 128 28 207 26 81 27 48 109 36 111 210 102 85 239 
126 : 119 63 248 178 200 87 76 106 188 122 29 88 113 114 58 32 135 186 45 175 245 172 176 44 95 154 191 246 65 142 181 86 184 196 244 78 213 108 
127 : 138 139 214 124 28 112 76 47 174 85 235 210 108 215 219 121 86 145 202 212 240 144 44 238 180 69 118 98 78 224 181 206 29 234 227 89 116 136 110 245 173 147 200 42 56 
128 : 143 242 173 229 163 215 92 96 86 151 224 217 95 167 140 69 187 216 25 194 27 41 246 101 135 65 66 70 136 183 52 50 124 117 36 76 220 103 157 91 170 33 203 63 223 248 241 
129 : 226 35 198 189 132 212 39 55 136 147 218 50 176 163 155 153 61 230 181 236 33 27 247 116 144 200 84 177 158 
130 : 228 151 91 79 191 36 171 165 69 246 166 160 145 93 175 152 172 248 121 190 240 212 218 229 186 31 217 215 104 168 30 90 72 206 209 103 
131 : 121 55 126 37 156 227 32 207 216 239 231 147 150 25 79 100 87 204 166 237 72 212 67 180 197 62 68 85 98 135 161 104 83 115 117 215 102 160 232 194 105 200 101 34 
132 : 61 202 57 170 163 168 126 140 191 160 75 177 50 83 78 240 165 79 32 162 42 34 72 201 220 143 222 36 112 108 171 93 128 174 120 107 157 180 105 244 154 54 87 248 206 114 67 80 124 70 211 68 230 155 26 158 92 104 190 235 39 141 74 246 30 208 43 198 
133 : 248 42 181 92 164 135 63 143 172 44 122 68 96 45 120 161 83 246 177 144 156 35 238 217 230 227 207 
134 : 120 222 219 182 202 239 162 151 68 199 211 69 230 43 46 225 200 209 171 132 47 125 206 165 176 62 88 179 207 188 
135 : 27 31 86 68 29 181 213 81 30 205 241 203 178 32 238 172 230 204 194 173 183 113 92 134 240 35 111 150 219 45 103 235 176 146 139 75 100 94 114 80 72 83 69 216 62 57 165 140 128 228 52 243 71 43 34 193 209 105 225 242 53 197 
136 : 188 237 35 40 118 206 86 130 178 155 92 45 174 194 64 217 77 201 105 136 76 114 240 239 152 153 56 81 125 85 33 71 184 209 121 165 164 138 47 116 112 90 103 160 102 135 48 59 111 212 52 98 36 115 211 58 120 207 104 137 235 100 
137 : 186 206 84 81 140 30 118 128 203 230 25 49 171 207 198 162 155 176 53 234 192 76 112 104 55 235 69 246 109 127 167 199 66 159 177 122 71 238 56 43 160 149 35 107 65 219 42 115 100 214 184 48 135 179 82 106 110 26 243 136 60 175 36 126 44 97 68 173 
138 : 100 29 127 205 133 171 207 137 70 76 157 166 71 40 195 238 84 73 31 217 181 63 49 78 72 197 225 33 145 173 28 222 228 99 53 245 135 185 244 103 55 118 109 227 79 59 163 224 203 154 158 110 101 149 194 112 69 
139 : 146 119 39 179 58 93 116 181 135 117 193 178 92 222 230 47 65 46 148 82 25 198 194 89 234 157 186 151 130 111 
140 : 228 104 151 123 98 208 157 60 192 233 32 92 111 239 210 224 199 88 166 207 130 132 72 45 178 91 147 139 164 62 182 216 243 57 59 52 158 220 44 56 69 37 71 156 219 49 58 167 27 54 51 213 101 33 241 153 120 85 78 87 70 244 218 53 186 206 180 83 209 
141 : 102 123 205 74 229 147 53 45 41 87 111 214 217 169 38 29 237 97 215 121 195 25 133 172 73 28 201 223 143 245 
142 : 183 85 75 216 88 201 57 70 26 140 68 124 115 235 126 33 137 215 246 105 169 47 89 63 229 220 128 
143 : 215 129 84 164 69 78 171 228 116 196 225 131 115 127 51 139 224 203 60 120 137 178 43 141 121 76 157 209 
144 : 104 114 245 223 184 134 117 148 221 132 195 248 143 69 155 138 83 42 58 131 84 243 56 63 68 80 38 128 150 182 244 222 85 76 152 60 228 55 67 229 118 121 204 32 249 129 219 109 235 43 190 36 157 28 147 30 179 217 180 225 211 173 242 174 70 61 163 119 177 213 
145 : 179 74 188 56 240 30 91 199 124 209 86 72 78 83 79 135 143 87 218 45 102 210 221 54 103 141 236 169 101 153 32 145 128 92 177 219 27 157 81 204 120 88 148 
146 : 88 222 122 81 224 230 31 244 48 238 242 168 43 125 134 194 169 75 241 60 176 32 140 62 37 197 225 80 199 92 170 116 243 147 93 126 182 196 28 27 41 152 77 240 231 203 130 131 171 105 79 46 83 193 209 179 121 73 229 96 66 153 215 
147 : 231 65 170 108 248 168 68 242 107 200 73 154 29 171 191 239 223 93 190 157 226 122 147 146 182 177 
148 : 214 221 92 59 146 142 176 42 175 81 35 149 150 114 66 187 25 242 239 69 83 143 121 67 62 88 229 123 188 136 129 122 145 156 
149 : 77 201 172 245 235 195 248 66 112 158 197 92 90 128 165 94 100 145 86 124 194 118 62 41 154 161 91 232 222 126 123 184 61 160 134 89 47 35 234 125 157 75 151 48 213 70 130 60 44 104 231 167 131 223 85 137 64 141 129 99 105 74 216 
150 : 82 94 142 168 130 205 120 194 243 90 55 80 52 85 72 196 149 62 53 181 39 108 27 78 40 213 48 109 101 112 163 166 233 167 208 170 134 41 64 128 201 81 114 30 176 178 31 26 150 227 148 79 132 159 125 179 98 42 103 56 206 222 204 157 236 228 127 126 
151 : 86 154 63 215 172 65 105 248 219 111 133 31 88 47 28 51 167 184 44 91 138 69 202 193 243 171 178 173 195 85 204 161 220 136 112 50 79 119 99 70 200 223 54 222 92 90 59 135 130 234 199 114 134 166 242 175 87 64 
152 : 93 85 231 162 170 173 100 158 25 157 86 101 111 192 29 28 223 60 33 92 117 107 239 187 215 208 191 144 42 68 77 210 89 155 177 56 221 65 219 201 241 141 82 59 46 224 84 242 211 130 71 247 195 48 30 160 36 66 156 98 245 97 
153 : 216 102 109 131 117 51 222 236 84 29 224 164 78 146 226 193 42 198 203 26 188 205 202 241 121 63 139 124 248 175 28 68 111 141 122 194 158 50 160 72 204 209 190 129 136 240 
154 : 139 214 177 100 122 195 123 101 206 143 152 241 150 226 198 128 80 207 175 87 60 67 225 137 45 53 249 208 185 148 35 64 116 74 108 28 172 90 183 78 93 62 211 82 227 91 171 140 188 27 193 86 156 135 48 196 79 114 73 112 164 41 221 89 163 181 
155 : 76 204 226 146 106 183 34 247 219 82 114 206 84 167 211 192 171 162 142 28 224 154 51 25 153 203 158 149 168 131 144 195 227 40 209 32 151 237 180 213 136 39 83 197 199 45 217 78 44 26 68 
156 : 97 182 140 194 27 249 129 138 222 116 219 211 172 71 90 188 36 39 136 105 124 145 181 29 38 113 156 209 239 49 187 66 89 122 155 62 233 137 227 161 128 195 199 135 44 33 42 101 40 72 190 41 125 88 61 57 76 69 238 143 103 163 91 149 164 106 74 
157 : 190 86 191 38 224 198 167 208 89 248 107 231 176 239 26 245 148 215 105 235 70 230 113 91 79 233 67 154 149 204 102 68 81 64 169 210 58 76 165 140 82 108 141 51 222 182 207 47 56 246 226 
158 : 102 159 126 249 99 167 211 240 210 231 204 135 96 212 129 147 97 80 216 165 140 101 161 116 193 26 88 104 85 149 113 209 35 111 70 29 37 42 103 144 196 134 189 39 142 171 151 226 148 93 106 49 125 244 138 95 41 218 66 156 46 238 233 48 236 63 68 77 177 
159 : 133 213 51 217 189 214 229 143 156 86 182 120 199 180 29 204 216 155 87 88 58 93 43 195 227 60 101 209 48 245 158 
160 : 126 82 200 214 223 116 85 44 170 148 199 93 74 185 120 68 100 112 39 216 108 211 46 225 213 143 55 169 40 227 58 210 79 26 202 129 153 166 122 161 229 89 
161 : 239 236 98 31 78 53 139 245 160 105 131 171 176 92 40 194 153 82 244 166 106 56 26 128 175 209 232 156 143 173 210 178 213 95 195 228 249 191 130 104 118 42 81 157 100 67 212 147 205 218 41 
162 : 68 140 160 35 37 56 174 186 170 110 218 143 89 81 243 133 167 63 137 74 220 149 229 139 246 234 212 94 67 189 227 153 82 76 122 154 230 92 69 52 55 172 185 135 58 39 75 130 188 147 77 83 65 210 134 222 47 242 248 129 244 49 98 108 
163 : 245 146 219 56 166 122 29 167 186 172 52 47 94 131 113 82 93 248 116 179 139 246 153 142 150 170 87 101 212 215 109 192 223 211 31 37 34 239 44 220 92 128 103 83 155 39 160 67 100 231 98 149 126 214 195 26 79 182 53 188 185 151 95 197 27 242 216 
164 : 226 187 169 31 56 42 114 173 194 101 148 141 214 146 144 200 93 175 58 179 121 224 70 236 219 207 151 216 125 45 62 182 158 166 212 106 78 54 34 35 135 43 193 221 227 57 206 116 84 201 205 67 218 108 204 223 196 195 126 77 171 79 71 52 149 180 140 82 235 
165 : 184 115 113 42 194 65 40 240 104 169 185 248 239 148 242 227 110 68 75 123 157 49 223 222 182 195 181 210 69 211 107 117 144 74 
166 : 80 154 153 180 179 51 34 189 204 72 162 168 178 104 116 128 45 201 85 152 103 58 129 196 113 151 46 88 98 156 183 100 119 124 231 
167 : 84 126 77 167 201 212 245 148 162 211 66 57 129 74 99 154 199 58 52 105 46 62 28 227 146 
168 : 122 188 27 211 100 204 87 79 62 69 25 118 133 137 51 186 148 210 185 147 124 173 168 198 130 95 131 88 182 239 135 129 94 242 61 202 248 144 215 48 44 74 102 45 127 81 132 
169 : 84 143 221 173 42 170 239 166 135 216 91 151 61 184 245 111 147 152 97 125 29 182 130 88 145 110 160 85 123 112 198 144 168 220 177 131 217 187 121 105 94 229 34 99 48 73 25 186 227 81 40 126 93 50 238 246 185 155 222 241 104 46 57 106 212 37 189 28 55 128 
170 : 86 205 95 160 167 151 139 143 231 65 248 177 162 122 34 178 126 123 94 190 213 54 181 138 224 159 217 28 200 35 239 240 164 96 206 116 195 108 
171 : 197 115 234 151 134 46 51 148 33 185 221 188 149 170 163 50 168 226 49 202 75 109 139 238 201 58 73 229 62 48 216 99 228 240 55 81 63 72 25 104 233 210 116 192 198 225 133 215 
172 : 122 84 92 142 68 214 223 146 237 37 111 216 47 173 238 102 157 207 200 65 137 97 233 86 72 230 184 188 114 43 
173 : 25 37 66 167 59 130 211 98 89 195 54 36 151 48 143 214 249 65 180 55 176 246 31 144 237 78 83 80 103 39 234 163 121 
174 : 34 39 86 25 193 57 51 164 134 104 66 184 43 238 151 188 152 242 144 131 137 128 235 42 154 58 162 206 72 111 210 45 192 124 119 37 79 200 226 239 209 224 75 69 105 81 217 44 78 168 170 173 97 171 181 174 213 156 110 220 159 82 
175 : 121 29 34 116 118 164 233 200 214 90 72 71 188 201 181 209 47 176 186 104 182 54 206 241 158 68 130 117 91 239 76 
176 : 124 188 229 221 180 212 164 130 154 84 66 181 132 85 133 110 136 215 248 148 235 47 27 149 240 243 171 109 93 203 58 141 114 143 131 
177 : 244 235 46 101 149 195 153 136 179 34 39 81 83 203 38 151 90 76 242 174 210 230 169 157 193 77 178 137 166 35 219 79 131 172 
178 : 94 221 151 241 229 210 121 249 152 219 142 163 116 73 62 120 69 72 50 235 48 168 55 65 170 104 30 244 203 184 225 190 97 218 118 215 195 46 180 134 64 227 133 91 82 123 40 171 198 63 75 150 106 173 144 124 176 100 230 45 188 27 126 186 131 199 166 
179 : 79 238 169 61 178 185 82 140 127 35 93 26 102 164 68 92 123 126 162 115 198 212 77 232 155 87 55 237 134 135 219 174 154 76 50 220 172 145 225 74 81 216 141 146 179 137 229 101 58 184 245 91 110 85 27 59 72 66 124 
180 : 124 207 198 32 140 220 122 226 128 73 65 168 116 103 94 178 139 60 180 110 88 212 91 173 61 164 144 151 92 204 106 237 107 79 80 113 126 29 142 195 132 238 166 84 172 167 249 71 
181 : 187 240 37 246 119 157 38 213 222 49 238 136 141 211 74 138 85 80 134 156 167 57 27 221 249 172 207 163 96 209 125 51 111 137 159 203 92 103 200 42 
182 : 38 81 40 223 199 209 155 56 63 192 181 106 70 225 232 246 132 169 234 233 226 36 52 59 210 196 213 117 94 89 122 143 179 147 144 138 239 69 142 55 107 171 41 174 100 244 60 118 54 124 184 162 158 42 127 75 154 96 90 218 
183 : 98 135 213 108 37 180 228 53 212 236 206 178 69 114 242 219 51 110 55 207 90 224 128 38 166 89 185 168 216 159 82 32 31 102 92 147 73 
184 : 216 221 86 111 60 192 166 128 140 188 164 241 205 214 158 239 81 247 89 104 207 125 61 116 129 198 31 75 139 230 208 133 46 132 103 145 153 
185 : 163 211 63 146 50 53 150 195 128 82 176 160 93 121 184 168 177 175 178 122 39 131 221 42 173 129 239 183 86 126 52 203 110 247 181 124 123 84 91 182 87 231 79 165 214 62 172 238 109 142 207 241 228 217 99 117 137 219 28 25 49 111 171 210 92 48 
186 : 183 60 201 178 210 236 209 82 170 41 229 86 158 63 37 164 213 76 25 118 134 50 59 42 241 28 32 218 154 242 81 96 139 203 187 190 174 93 74 143 162 111 132 54 84 87 142 231 248 95 107 147 55 212 51 126 189 234 216 153 
187 : 157 248 129 75 187 171 76 32 73 70 39 194 135 49 136 109 245 148 122 97 144 137 81 169 237 54 42 41 198 221 119 108 125 123 181 
188 : 113 48 223 178 231 94 44 146 169 46 168 115 160 179 126 177 203 158 219 27 84 186 114 112 42 249 174 97 191 157 51 184 39 216 206 171 173 201 85 247 37 232 152 104 106 70 240 53 161 116 130 118 235 32 122 150 50 142 72 83 73 131 149 99 199 243 30 204 215 88 
189 : 37 215 248 179 75 162 210 92 186 167 184 190 180 218 43 106 230 246 57 159 177 50 235 129 59 195 52 225 76 
190 : 178 110 47 167 56 96 120 162 123 50 184 95 140 154 239 242 126 46 98 169 117 44 153 236 247 68 71 79 160 37 156 177 
191 : 222 109 181 174 76 184 124 178 190 32 77 167 74 235 110 162 44 152 68 93 196 228 192 123 219 49 161 128 191 206 65 204 242 136 199 66 81 137 179 129 177 56 147 
192 : 123 156 154 28 164 182 120 234 233 103 189 235 105 107 86 113 212 133 245 215 192 131 118 194 193 190 241 30 172 186 25 106 79 67 84 128 64 56 100 200 244 210 117 68 236 168 149 98 
193 : 87 31 103 120 90 163 222 150 141 46 68 221 52 231 42 147 191 199 138 182 118 79 132 119 177 85 33 169 54 
194 : 210 190 244 179 208 78 45 42 185 99 197 97 184 57 187 73 71 66 231 198 75 136 236 211 96 216 67 116 44 133 160 92 64 176 
195 : 50 97 246 118 232 91 25 92 225 193 67 179 146 55 211 81 128 194 132 188 152 177 159 244 106 200 71 213 123 41 161 89 57 156 82 216 203 144 124 228 249 74 108 125 237 
196 : 116 147 113 210 208 209 126 192 75 125 97 214 150 239 183 170 182 93 187 91 211 132 76 53 106 234 80 109 63 179 47 89 167 236 203 46 215 
197 : 148 169 214 25 183 191 33 121 105 126 34 242 241 245 109 53 139 151 231 60 232 227 207 142 43 212 238 90 88 217 99 39 211 42 108 164 84 65 178 57 63 96 103 220 93 156 195 182 228 226 170 82 32 87 188 202 165 197 159 186 
198 : 51 55 43 207 158 173 163 128 142 188 88 113 42 108 96 91 97 50 239 87 59 150 159 38 246 179 165 71 130 228 67 98 249 198 45 215 240 153 37 27 92 53 123 210 151 206 174 226 201 183 126 248 74 235 34 202 32 168 176 31 232 170 241 41 69 61 222 143 
199 : 157 93 171 133 130 186 162 77 247 57 72 142 56 167 68 219 158 102 28 184 166 86 129 237 178 227 70 111 169 45 31 215 202 49 218 84 119 232 220 74 249 59 195 48 128 126 79 241 39 216 206 153 174 38 132 61 87 156 
200 : 197 79 199 163 56 68 225 173 154 162 244 196 174 64 130 115 65 109 206 241 120 63 215 83 50 126 184 238 156 210 208 92 118 190 107 181 80 205 95 25 112 233 81 70 86 97 191 
201 : 155 38 33 57 126 73 172 164 54 136 191 139 178 107 131 28 31 232 104 55 71 174 109 68 162 42 48 219 144 196 200 43 127 153 193 197 218 181 121 233 163 41 152 94 
202 : 37 130 63 187 204 98 200 180 51 68 133 77 52 80 191 131 239 128 172 101 206 47 107 84 209 232 70 110 217 192 67 94 83 44 125 134 61 238 75 166 53 226 154 66 79 174 234 118 29 116 39 102 72 117 155 242 
203 : 213 175 236 208 162 99 229 193 215 183 161 58 32 116 101 100 73 206 146 77 97 110 154 147 218 143 177 81 71 157 140 169 
204 : 204 216 199 149 39 195 220 66 188 210 232 212 57 198 152 130 110 203 160 84 241 102 246 186 140 147 161 117 72 53 123 50 133 119 48 62 94 157 85 207 155 60 
205 : 100 87 220 213 128 221 137 206 211 157 25 242 122 216 85 165 193 144 235 76 239 201 149 226 88 164 49 167 248 34 139 64 168 56 103 31 147 133 182 59 192 114 67 55 74 
206 : 148 147 153 156 216 194 220 37 170 113 121 91 167 231 79 136 155 200 98 186 157 109 83 73 122 247 74 29 118 41 125 132 115 249 93 26 211 45 36 159 52 142 172 243 46 183 182 56 248 204 133 35 114 116 149 30 
207 : 146 217 138 60 121 230 224 58 205 52 45 158 228 156 109 47 125 50 220 232 166 157 238 222 55 141 103 208 161 209 249 49 75 116 
208 : 115 172 215 88 82 42 65 246 185 109 27 49 99 241 232 71 235 77 93 51 63 68 44 126 130 127 156 
209 : 145 64 144 165 40 128 174 58 225 119 112 132 131 26 111 51 223 240 95 188 209 215 205 159 85 39 86 34 127 160 47 164 96 
210 : 47 106 161 212 119 197 105 57 172 191 72 115 210 154 239 165 202 42 70 91 26 148 46 139 175 160 204 110 113 166 153 159 201 121 223 120 181 183 208 96 123 45 112 59 128 124 
211 : 78 239 105 33 75 59 173 26 184 197 54 236 191 214 56 200 145 180 151 63 167 170 31 126 169 186 47 99 97 210 
212 : 242 107 128 33 89 143 199 75 202 135 56 26 227 241 66 119 73 114 97 131 96 130 133 172 122 197 159 204 221 57 152 188 67 48 158 144 243 34 160 106 
213 : 227 125 169 196 241 182 96 42 235 189 222 78 225 33 101 171 50 190 52 149 156 122 120 201 102 126 181 197 61 85 237 87 144 219 139 62 48 113 38 103 234 65 39 115 95 242 64 170 153 69 172 236 72 90 34 57 80 205 86 
214 : 50 175 203 117 196 145 246 96 239 242 218 193 232 86 237 79 103 241 148 183 75 36 223 91 188 76 134 35 138 180 77 182 78 95 179 139 124 220 177 25 136 99 49 28 189 33 106 57 158 211 72 217 120 243 97 56 43 194 92 238 191 226 219 209 184 137 154 161 
215 : 114 245 229 91 115 217 117 160 51 88 27 83 218 47 75 66 210 238 130 187 174 45 84 70 186 222 206 227 44 64 92 33 231 212 199 170 164 216 219 211 176 198 28 98 239 43 166 224 42 179 150 208 54 197 132 39 57 
216 : 231 210 54 140 172 32 188 247 160 191 179 170 200 125 249 218 126 207 239 169 62 182 199 190 57 64 73 63 87 230 154 131 111 148 245 
217 : 80 33 163 230 248 71 175 48 133 29 224 169 191 190 155 135 180 54 70 39 38 184 160 40 150 124 121 204 73 82 167 187 199 120 205 63 143 97 102 117 30 93 44 131 137 112 173 115 60 106 147 159 245 127 178 136 179 223 249 196 247 198 228 49 123 158 177 200 212 
218 : 237 174 78 48 32 133 25 71 111 142 87 44 236 101 163 96 91 227 223 235 211 220 175 66 210 50 109 215 98 83 31 204 208 126 94 121 143 195 39 43 102 
219 : 215 244 29 75 126 195 109 137 74 177 231 146 157 72 63 35 68 82 25 92 173 53 104 117 55 102 179 193 206 186 185 90 249 236 144 129 136 
220 : 96 63 80 135 149 154 213 37 206 150 200 32 174 111 152 211 171 170 84 114 188 173 209 38 105 134 217 203 53 239 42 104 94 54 122 68 232 100 241 116 207 51 110 58 233 130 184 
221 : 89 206 112 130 176 212 190 223 54 153 151 214 189 43 186 104 156 215 146 187 59 158 155 208 210 32 56 207 216 128 185 48 154 248 35 124 
222 : 163 156 107 215 159 101 180 95 134 49 233 208 247 40 141 122 173 196 109 210 96 191 54 238 115 244 118 165 117 27 155 88 213 116 85 248 197 43 99 167 221 80 218 204 67 93 185 174 86 
223 : 127 174 167 223 196 33 125 158 115 99 28 40 97 195 188 122 241 168 35 213 56 186 237 109 118 88 102 129 244 
224 : 203 85 192 233 109 229 211 245 130 123 212 115 89 58 235 126 231 32 153 95 111 155 172 125 132 120 26 230 37 71 178 73 184 150 249 96 131 146 199 168 166 191 157 170 198 87 80 44 215 167 105 47 246 154 103 216 57 135 137 143 25 169 
225 : 82 37 73 125 238 137 165 233 87 205 102 194 26 80 25 176 192 104 153 46 190 103 195 113 63 123 62 41 249 172 
226 : 144 113 162 195 29 167 145 62 160 231 221 141 248 115 194 213 45 59 228 177 173 196 205 61 190 128 50 215 247 35 174 100 102 200 229 199 146 52 193 164 129 92 75 216 79 101 202 140 246 143 233 84 185 33 159 94 
227 : 163 40 92 54 101 28 125 71 151 137 121 26 218 157 35 209 233 161 123 63 193 77 98 52 211 184 106 102 117 160 131 104 118 244 189 114 208 196 73 239 192 221 46 231 146 97 226 124 80 57 167 200 154 143 214 241 246 202 107 64 207 172 
228 : 51 231 207 204 47 33 27 124 123 140 134 52 187 53 125 112 69 87 114 98 176 244 88 197 179 101 120 61 122 161 28 131 230 183 168 175 85 162 217 38 227 44 143 238 79 200 182 107 232 45 206 136 
229 : 109 221 194 52 111 64 113 126 65 79 138 187 217 71 198 37 238 195 26 102 46 124 209 149 169 159 174 67 156 199 146 25 48 140 162 38 93 112 243 
230 : 86 181 160 89 85 44 232 93 65 79 223 72 202 88 60 180 36 66 238 133 58 141 242 25 95 237 124 136 132 28 101 108 197 229 84 138 194 139 81 209 227 31 45 247 73 169 82 199 100 48 116 140 106 29 210 122 241 69 162 156 78 187 183 196 
231 : 189 197 228 224 142 141 104 179 81 196 145 39 126 235 201 93 97 115 237 70 220 180 205 219 176 187 25 149 
232 : 163 150 243 72 211 226 115 169 59 65 215 174 219 248 161 241 120 45 78 229 162 151 148 193 137 240 117 77 189 214 58 127 168 51 181 116 144 33 126 139 75 105 40 118 102 104 81 55 177 101 130 170 
233 : 50 108 184 40 138 160 213 37 249 181 30 164 232 39 68 77 217 175 51 48 246 71 216 49 97 180 170 212 209 67 69 176 199 
234 : 167 55 25 185 155 58 72 90 214 193 123 176 103 34 139 220 109 71 83 61 237 134 56 107 81 226 70 169 62 133 49 194 121 68 29 63 202 212 122 171 32 89 150 247 36 128 195 234 189 211 136 158 27 106 218 129 137 186 225 118 229 39 147 86 112 210 175 246 197 177 
235 : 53 83 169 191 130 119 180 216 204 63 194 167 64 139 108 76 159 144 228 157 217 70 219 107 211 110 
236 : 73 57 164 119 237 103 246 215 79 223 189 54 82 148 43 83 202 140 53 30 209 104 187 213 185 123 122 116 87 229 226 155 89 108 131 248 136 203 227 81 166 222 247 58 138 65 120 49 88 245 175 204 31 36 135 93 127 124 29 180 210 78 
237 : 97 35 198 133 120 68 167 187 153 191 192 164 79 131 124 141 105 44 197 225 210 237 236 55 32 60 226 161 84 63 149 90 36 188 203 134 
238 : 136 44 66 70 206 234 220 85 94 107 143 215 39 133 92 168 156 165 152 236 169 241 81 159 71 102 224 248 146 110 249 127 164 180 190 242 238 84 119 208 42 199 132 108 125 213 106 65 183 139 170 
239 : 87 173 110 161 60 49 217 232 153 228 35 44 95 196 46 85 205 132 135 224 101 27 203 104 122 121 243 222 134 50 186 216 93 113 82 129 193 179 45 239 126 
240 : 98 236 217 86 46 49 180 141 183 91 93 106 241 202 65 100 173 45 166 204 58 194 201 111 101 198 128 233 143 35 78 79 249 151 218 29 75 61 238 87 178 195 140 246 82 184 113 175 239 235 88 206 199 162 63 221 50 215 125 247 80 188 148 
241 : 25 99 62 183 141 79 126 46 74 100 55 39 200 38 122 168 249 149 69 114 145 144 34 97 218 78 142 169 244 101 52 108 239 231 94 181 213 223 29 72 61 248 151 184 115 163 191 40 133 96 217 120 80 166 65 
242 : 187 63 44 69 110 106 146 176 150 25 171 133 116 57 82 219 211 213 166 154 173 39 65 245 95 47 43 88 147 178 138 235 139 238 160 155 46 142 149 48 239 130 28 59 148 204 128 156 183 30 228 115 
243 : 216 164 239 134 75 135 49 130 219 114 142 55 32 213 148 122 78 181 202 165 63 246 85 211 201 39 214 196 43 96 238 203 136 87 25 
244 : 216 47 203 189 70 236 161 31 112 209 200 132 51 75 88 74 194 80 48 231 199 136 150 39 232 227 208 177 192 123 65 117 229 243 27 101 196 58 103 99 50 160 102 109 126 60 67 26 
245 : 62 226 166 97 200 70 109 178 50 147 180 93 243 208 118 158 59 29 136 137 214 42 73 128 143 153 196 33 41 90 101 92 170 28 221 35 211 126 225 87 155 189 108 184 213 48 84 215 60 
246 : 185 40 38 95 48 55 88 134 30 74 85 233 145 77 44 141 237 58 187 203 148 63 155 198 76 232 224 122 181 209 246 210 168 124 140 108 222 195 46 170 220 147 84 78 197 211 115 162 212 196 177 69 33 240 193 59 188 96 
247 : 101 55 135 219 67 234 129 240 239 39 105 74 106 140 190 217 133 194 53 96 77 228 175 216 222 131 237 61 226 132 57 125 82 157 198 146 248 181 85 38 123 231 73 122 114 205 159 48 233 94 229 
248 : 122 132 30 232 85 64 117 82 87 100 184 203 109 163 51 33 179 243 48 174 218 26 144 74 105 95 197 168 77 214 211 58 90 46 162 217 200 78 104 221 187 215 114 220 53 52 50 81 209 91 169 66 97 213 29 125 154 134 177 148 248 175 137 107 227 149 172 152 
249 : 57 153 249 185 32 64 102 35 221 151 56 72 154 235 82 164 133 49 188 240 132 198 162 103 45 184 202 159 194 104 44 218 130 112 109 139 190 158 246 81 89 192 168 241 186 210 79 175 233 111 66 52 231 67 70 26 91 47 86 28 33 126 117 169 69 229 160 138 
250 : 202 112 141 60 117 188 107 61 235 196 219 186 162 222 191 71 118 124 195 238 78 41 66 134 228 242 104 
251 : 177 100 101 143 63 246 54 137 172 116 198 51 45 222 84 221 210 68 59 44 57 62 49 247 37 89 213 96 152 78 165 74 126 133 229 114 236 195 160 162 171 184 
252 : 94 223 42 27 109 214 95 137 147 226 30 96 210 99 67 74 117 114 206 128 191 46 238 91 183 134 208 93 151 123 66 168 68 64 103 41 232 216 34 178 146 236 244 100 25 144 119 69 192 213 110 
253 : 105 93 103 121 29 146 244 143 135 224 152 96 98 126 82 178 200 108 66 153 106 130 63 235 75 
254 : 54 66 140 108 234 217 53 245 249 150 238 142 97 160 141 132 59 32 116 42 43 244 180 164 88 147 152 161 76 218 104 233 75 231 207 167 45 193 44 151 
255 : 104 130 204 195 79 216 133 71 181 171 172 179 48 68 230 219 153 210 147 224 82 112 234 121 159 192 156 206 41 174 233 43 148 93 110 126 39 214 33 85 157 242 187 66 235 
256 : 239 49 98 148 34 165 221 236 163 75 193 115 152 177 158 194 159 68 85 121 103 205 95 43 243 133 65 217 108 55 100 140 37 36 90 42 210 166 126 179 226 218 25 107 197 237 73 224 124 183 146 214 77 80 246 56 79 48 171 225 157 
257 : 220 249 173 140 214 78 211 32 179 110 224 111 200 188 170 105 49 108 117 52 166 112 44 141 169 56 219 245 229 48 124 217 123 228 233 181 53 28 
258 : 178 147 205 145 197 163 38 111 217 98 49 202 84 133 61 52 58 226 142 243 107 157 146 116 124 80 47 99 76 53 160 193 212 103 198 162 227 108 
259 : 229 215 161 39 26 232 207 205 184 88 84 157 73 81 140 241 142 164 198 152 162 75 206 145 57 49 212 234 85 43 249 147 146 59 213 61 130 93 160 72 135 70 219 38 121 168 180 151 33 62 47 200 218 123 183 247 
260 : 92 193 57 198 166 60 184 151 177 144 70 73 79 142 27 129 203 30 78 121 63 219 77 43 65 192 32 174 210 39 247 76 170 
