0 : 47 85 239 133 110 68 170 38 176 161 178 212 210 208 91 66 157 37 200 57 214 50 138 162 33 80 26 229 165 74 171 173 222 41 228 44 242 217 213 79 55 78 195 111 156 163 32 116 115 89 113 104 149 188 29 155 25 235 142 207 196 35 
1 : 108 194 177 88 230 56 39 101 78 105 209 236 125 140 49 212 205 142 61 53 181 195 86 223 40 213 41 95 98 172 114 97 67 71 28 57 47 204 244 33 240 214 166 104 69 149 193 94 161 148 132 220 45 77 131 233 62 221 147 
2 : 95 81 135 111 195 171 136 162 142 178 248 188 177 141 189 233 61 119 128 88 185 179 83 106 249 72 65 125 146 132 90 101 145 46 25 114 34 39 220 108 245 241 182 140 134 26 200 49 113 102 198 
3 : 244 199 242 182 173 168 245 80 36 134 74 46 130 87 155 177 119 181 165 70 128 115 219 186 113 156 220 99 39 133 111 221 246 26 84 210 96 81 78 48 56 234 229 159 135 123 109 180 172 62 228 178 132 101 235 114 158 188 117 223 
4 : 108 124 167 81 168 154 122 159 89 194 73 123 130 30 141 215 117 140 138 243 86 179 163 206 77 93 218 97 197 174 98 79 128 78 214 185 233 66 173 161 104 28 84 200 76 25 205 68 227 247 44 92 102 95 69 223 175 51 238 87 115 38 119 132 239 155 220 49 203 184 70 
5 : 169 97 65 113 66 62 102 56 41 210 232 39 211 71 170 91 32 40 123 165 133 187 25 194 186 116 198 220 228 207 30 119 60 191 99 70 200 135 227 225 44 84 77 222 233 237 192 240 162 175 130 82 247 129 83 90 183 85 212 48 213 122 46 206 
6 : 36 44 193 98 96 209 86 47 76 177 232 130 172 147 235 103 160 183 151 167 169 106 117 198 114 207 236 231 249 81 63 
7 : 217 35 113 25 232 99 235 207 189 214 86 168 32 223 90 83 69 92 163 174 109 98 51 236 162 202 34 234 87 76 114 156 58 219 81 53 239 183 42 150 28 143 237 74 137 149 71 123 145 96 220 246 188 122 103 80 31 233 213 176 112 139 173 40 142 228 121 140 211 61 179 89 146 
8 : 110 65 231 146 68 73 167 74 176 114 108 204 234 77 26 83 164 244 190 189 149 248 52 185 203 61 
9 : 248 28 93 246 149 158 190 223 182 234 160 217 222 205 54 73 110 76 186 229 90 96 202 166 52 156 72 30 151 118 209 45 64 168 137 193 80 212 224 163 238 201 191 100 
10 : 222 65 59 63 113 43 96 66 74 117 44 64 62 50 144 228 134 40 153 180 102 141 32 226 169 101 56 164 35 197 167 37 172 216 192 
11 : 141 42 119 107 236 140 234 25 45 41 59 61 176 37 199 55 196 204 214 197 136 184 142 115 89 138 187 213 147 131 133 60 193 82 180 52 185 31 162 70 32 241 36 64 172 227 221 62 109 248 222 46 205 150 206 65 215 102 160 104 
12 : 169 110 159 86 151 106 204 158 168 121 234 213 85 65 152 32 82 103 27 114 189 174 62 172 218 34 231 180 240 39 216 227 111 83 149 57 71 138 117 179 127 164 144 186 153 137 79 49 47 163 44 33 246 244 239 97 74 197 73 176 81 
13 : 108 61 49 74 110 126 86 85 120 194 170 27 239 123 143 176 156 137 236 185 55 65 192 42 171 187 237 58 122 95 80 
14 : 63 225 127 112 71 36 232 146 132 138 83 41 183 145 173 229 26 205 194 192 211 50 157 188 137 207 72 123 67 196 77 54 244 37 28 153 126 45 234 179 215 129 68 195 134 231 85 204 143 75 191 33 
15 : 163 161 152 88 111 238 193 223 51 146 38 130 241 132 134 58 245 164 159 225 82 128 79 249 153 57 200 115 154 224 166 140 142 229 76 194 230 122 232 94 98 90 131 228 110 220 174 139 86 203 208 145 
16 : 243 72 95 182 38 192 110 98 112 73 54 30 154 102 218 199 246 169 41 68 159 58 232 230 127 109 219 129 34 85 90 119 197 80 194 25 233 227 88 
17 : 214 45 186 208 129 83 113 30 82 194 235 115 56 202 182 59 74 137 176 196 94 29 85 212 132 111 97 95 239 211 79 140 209 201 204 195 146 36 63 138 42 104 41 71 167 185 84 141 109 60 35 
18 : 88 180 39 133 158 173 210 25 215 36 92 94 134 56 221 192 26 151 249 186 127 233 137 63 97 178 33 114 120 52 169 247 157 80 
19 : 190 203 189 81 101 97 106 228 36 246 146 161 46 159 140 85 57 221 181 145 169 239 176 129 121 104 103 141 242 208 77 112 32 241 93 37 126 53 193 87 173 98 71 233 213 147 47 237 199 132 197 206 78 74 115 
20 : 97 96 130 141 129 44 224 117 143 91 168 40 114 92 62 38 138 209 206 219 75 58 200 105 139 241 230 73 124 211 245 121 207 81 112 239 244 
21 : 246 189 88 175 31 237 56 201 134 48 147 236 77 194 57 28 66 139 153 100 37 158 39 221 227 171 96 135 151 68 80 65 140 26 69 47 118 244 232 90 128 51 40 233 95 76 177 137 62 181 52 42 178 49 184 
22 : 65 63 199 67 159 94 127 102 35 143 121 163 112 212 172 50 202 205 189 126 56 206 82 123 200 72 168 30 224 161 235 214 215 151 87 91 233 28 211 116 90 74 227 49 232 
23 : 175 54 213 157 73 132 208 119 80 105 68 177 136 74 50 84 127 37 46 28 26 70 220 125 231 82 155 93 47 112 69 203 83 101 150 114 138 34 165 207 49 174 221 181 58 85 188 87 173 52 216 131 191 45 64 32 226 81 143 164 121 235 111 242 79 202 189 90 76 
24 : 216 143 236 207 109 192 197 41 83 235 96 157 63 168 90 230 99 80 124 175 89 180 179 226 72 106 111 155 201 146 107 173 37 228 135 178 153 119 48 247 182 202 64 161 
25 : 189 174 148 168 64 145 170 164 99 160 58 226 124 106 221 134 182 62 191 142 216 137 195 92 154 218 123 139 161 57 150 179 90 75 157 208 222 129 122 95 34 186 36 172 43 98 77 138 61 245 133 132 231 32 178 
26 : 55 160 150 72 138 192 144 226 103 133 95 26 189 215 240 210 69 98 63 81 82 31 219 243 200 66 140 41 142 52 127 177 199 35 234 57 
27 : 109 211 219 118 130 203 230 232 45 236 95 34 247 108 191 87 179 43 150 184 89 245 125 76 201 246 73 146 103 56 161 33 128 170 215 
28 : 220 140 73 238 117 151 148 176 104 243 29 240 233 134 78 60 195 183 75 114 214 50 79 56 225 95 35 156 81 232 137 206 89 164 249 121 234 191 235 122 141 
29 : 177 157 58 106 120 201 210 86 115 45 145 243 114 141 147 217 92 40 132 232 46 25 191 179 202 225 230 219 88 39 60 156 211 67 247 84 170 71 41 36 138 108 
30 : 161 128 40 153 36 31 48 244 32 219 242 90 91 172 64 166 122 203 134 175 68 237 226 94 25 28 108 127 143 61 84 187 129 246 221 117 35 49 111 50 167 
31 : 62 209 75 121 249 192 31 94 221 125 118 133 102 63 237 152 37 111 41 166 239 141 39 136 240 50 142 227 84 130 78 181 203 234 109 51 
32 : 131 30 84 242 90 110 185 248 247 80 47 184 118 237 155 81 35 150 197 122 210 41 128 126 230 177 243 145 163 91 59 100 178 95 181 108 199 28 111 44 159 198 104 64 232 51 249 213 168 190 77 186 172 142 97 31 55 144 66 133 176 
33 : 36 95 39 229 217 81 246 171 42 106 25 66 186 175 76 237 173 75 214 80 129 51 160 149 150 236 230 50 216 105 205 156 184 244 102 100 189 157 135 78 60 114 235 202 147 
34 : 72 145 69 78 157 205 231 161 174 106 233 176 141 206 163 240 234 221 160 239 119 58 244 230 201 186 135 183 238 225 243 84 98 227 165 111 123 126 94 121 185 35 187 143 172 241 82 218 203 81 28 235 27 33 214 112 212 181 113 73 89 
35 : 120 174 41 122 159 80 194 102 237 132 199 152 241 33 53 30 111 40 248 180 191 43 243 246 177 187 87 37 217 107 163 162 181 200 69 208 165 156 68 52 108 85 209 184 118 145 103 210 117 196 70 91 112 131 222 239 25 151 189 141 58 32 121 245 182 213 28 203 232 116 
36 : 151 53 213 187 50 145 45 217 93 123 218 150 56 30 138 101 71 140 130 167 44 75 119 127 70 48 118 105 237 219 173 121 243 158 122 227 170 96 109 76 194 165 112 156 234 58 131 
37 : 249 215 223 196 49 126 158 125 230 25 165 52 123 189 157 96 224 61 106 73 43 237 86 35 220 54 107 203 37 75 185 149 32 213 66 42 132 199 67 181 40 172 51 195 72 177 
38 : 117 108 144 141 212 249 58 75 160 53 246 181 25 158 107 82 226 139 73 225 170 44 233 207 245 142 232 96 51 42 242 78 
39 : 159 82 166 183 244 217 68 88 193 66 33 211 103 151 27 148 239 149 177 249 91 184 198 74 71 164 169 179 207 241 162 130 174 140 64 101 187 191 69 95 170 62 176 188 114 195 189 32 135 240 79 98 97 99 196 167 203 247 129 41 172 153 47 
40 : 96 26 217 216 218 186 234 80 205 98 131 138 196 95 93 68 239 149 64 56 41 45 77 78 44 209 236 180 113 167 153 189 245 114 135 82 208 232 181 146 141 51 169 52 102 115 170 228 162 62 130 244 86 174 63 150 43 47 126 73 165 42 90 88 
41 : 171 220 138 244 145 100 178 121 231 152 126 175 184 160 125 172 218 29 191 182 58 117 103 228 164 146 130 181 47 40 129 43 214 91 168 78 98 199 64 241 245 217 45 243 248 198 165 193 148 59 219 92 207 177 139 30 124 213 69 153 150 25 227 149 212 68 
42 : 244 236 120 215 74 81 216 44 37 130 169 226 227 237 132 203 153 168 231 103 183 180 137 102 45 47 99 179 246 127 184 146 144 115 193 114 28 221 145 222 107 149 220 159 116 200 158 31 59 71 88 52 50 214 123 
43 : 93 212 60 46 152 180 204 40 139 54 206 164 49 38 249 31 143 74 32 147 111 141 99 207 185 229 172 132 198 208 33 36 226 240 118 48 165 225 216 168 159 202 102 62 145 72 129 146 119 222 37 121 83 195 209 178 163 81 242 126 44 162 138 125 86 241 234 104 55 95 231 
44 : 81 66 67 56 60 74 146 222 223 38 37 241 51 160 130 42 143 180 177 190 142 198 225 167 188 55 220 166 204 49 80 153 102 31 126 57 232 25 195 133 201 129 192 29 181 54 228 149 127 76 171 183 30 213 163 186 98 158 247 217 59 211 104 202 206 116 229 175 99 240 28 103 135 61 
45 : 249 218 178 32 85 162 117 137 70 73 228 45 177 169 212 195 29 173 232 166 225 103 185 167 206 55 175 63 184 115 176 233 216 106 181 120 224 248 163 222 52 243 172 53 71 37 198 246 124 221 199 208 247 42 160 101 69 
46 : 94 144 175 139 224 206 180 26 49 131 143 166 236 55 249 100 189 92 228 146 202 149 107 67 240 140 167 101 208 173 68 212 238 196 70 31 128 111 64 
47 : 75 175 58 220 216 182 229 31 230 68 204 92 156 212 239 113 48 147 164 122 94 70 138 233 32 51 102 157 118 130 96 146 72 85 126 97 28 123 119 136 205 71 222 179 131 128 100 187 120 173 141 90 80 226 219 202 87 242 188 104 79 37 62 39 171 232 73 69 243 165 
48 : 248 78 133 26 181 59 141 148 234 60 185 127 142 206 205 209 118 166 90 42 29 71 92 97 53 144 100 223 28 113 96 115 247 195 99 50 72 132 41 207 31 79 57 213 169 219 145 74 143 150 
49 : 56 243 93 211 228 193 163 66 103 170 185 82 47 117 164 116 241 158 46 183 129 62 198 91 81 55 232 181 146 53 233 177 132 105 221 97 138 28 208 169 203 194 36 63 41 79 124 145 139 236 160 42 168 45 159 179 75 167 210 197 136 84 38 231 
50 : 205 62 235 203 114 108 160 119 136 209 26 196 191 42 88 218 84 27 229 169 248 52 159 198 188 215 125 220 152 112 172 213 206 242 195 44 193 139 65 126 85 161 61 226 134 102 
51 : 236 113 142 56 198 190 126 214 128 97 200 164 168 75 92 89 155 189 112 132 78 27 206 233 108 99 42 79 139 52 41 66 177 228 183 88 93 231 141 175 216 82 153 109 192 73 120 229 172 76 218 219 234 64 221 50 230 122 151 166 68 195 38 203 34 43 136 117 40 129 160 
52 : 55 78 40 119 111 45 162 191 48 181 236 88 139 134 203 235 215 110 175 128 242 180 165 65 96 34 129 157 67 35 150 220 223 196 99 61 238 26 218 146 43 154 194 249 29 211 54 62 229 36 76 201 124 202 182 
53 : 176 182 121 160 64 249 247 100 120 195 34 222 49 235 169 70 80 84 65 104 95 140 67 26 181 166 61 128 162 142 161 243 209 159 85 
54 : 63 195 230 34 69 157 193 72 201 35 151 132 189 242 187 99 119 238 155 196 71 183 83 123 97 153 190 237 210 124 171 232 146 174 214 234 120 222 86 89 130 215 239 229 142 44 240 87 45 76 213 168 110 66 216 46 172 133 178 64 114 209 48 65 212 38 75 
55 : 159 128 220 208 227 44 66 213 86 145 81 157 140 240 163 149 99 237 40 188 167 27 48 95 101 189 118 136 247 246 205 215 206 183 162 84 82 216 186 116 112 135 141 100 106 32 232 151 62 217 
56 : 139 205 192 111 246 173 237 96 35 54 90 50 248 80 203 232 66 224 245 218 193 45 132 225 221 194 68 150 110 81 94 212 243 40 100 188 
57 : 44 158 155 120 98 41 109 92 141 163 95 230 122 220 58 193 73 168 135 69 123 153 180 216 229 239 226 
58 : 73 65 91 135 210 204 155 184 123 245 92 211 160 144 89 50 221 225 87 189 212 69 146 75 140 98 242 154 236 206 66 202 159 113 185 
59 : 72 167 60 223 82 33 190 48 128 178 220 85 44 103 216 229 235 183 232 51 84 124 35 66 248 141 189 243 77 207 52 101 208 80 91 89 195 155 106 239 226 34 173 96 147 
60 : 216 169 229 57 40 204 145 133 144 109 27 190 48 98 238 151 162 222 106 125 93 67 25 142 37 38 32 182 248 113 197 244 136 186 
61 : 200 63 217 211 51 105 49 160 204 241 209 233 119 114 142 205 36 69 83 183 202 227 132 238 109 187 172 27 168 212 248 129 148 136 194 73 85 235 84 151 232 175 26 123 124 115 231 128 53 149 137 177 220 146 29 156 54 244 25 71 
62 : 39 199 103 27 82 93 125 107 232 226 176 131 29 168 244 83 77 96 50 57 74 201 215 177 213 240 68 183 172 193 192 146 42 207 102 98 95 35 33 141 123 195 233 242 135 30 122 91 106 182 129 84 197 70 227 133 219 157 118 110 60 
63 : 82 169 181 145 78 157 74 52 203 59 66 173 71 234 188 109 242 224 174 111 108 190 227 60 219 103 86 56 201 62 162 85 153 61 116 58 
64 : 38 244 26 189 188 72 63 148 113 78 183 116 137 50 79 147 206 37 52 222 129 87 65 208 39 231 181 25 40 161 82 130 223 66 167 128 229 62 196 125 236 108 121 44 209 
65 : 49 77 186 178 157 116 195 108 132 169 247 234 237 99 217 203 109 32 70 197 150 82 60 227 121 226 200 76 163 155 35 117 42 205 244 44 218 25 87 204 89 181 55 225 165 97 57 229 115 146 235 28 222 207 166 
66 : 180 54 124 186 35 156 60 220 99 166 92 204 135 96 43 48 28 155 107 236 169 230 193 112 94 191 139 210 172 71 242 177 241 162 
67 : 42 145 155 77 200 108 73 212 157 103 114 130 185 241 226 62 61 51 35 233 126 69 68 163 104 230 121 235 182 85 176 60 195 218 65 40 44 94 147 80 75 243 93 66 53 179 166 188 84 249 237 244 247 174 72 89 122 27 63 45 143 229 138 232 96 
68 : 35 126 181 92 176 84 175 125 214 80 100 105 88 107 144 120 141 157 146 127 33 178 241 112 37 207 189 29 222 224 132 133 39 72 70 196 106 228 212 238 155 75 200 166 58 173 138 108 162 119 57 203 
69 : 133 136 78 152 176 112 194 170 174 146 173 121 180 88 229 56 181 62 43 249 239 33 145 64 110 187 54 157 123 53 128 84 50 242 186 58 177 132 
70 : 155 187 172 150 106 201 157 64 79 196 91 188 126 63 176 214 133 204 122 248 249 140 139 242 77 233 82 227 83 92 232 193 69 141 221 146 128 241 30 59 36 
71 : 60 235 158 42 231 120 143 65 214 160 63 170 198 163 223 139 225 153 219 228 236 216 128 204 169 137 77 56 67 185 26 205 234 123 
72 : 138 67 234 54 117 71 183 93 173 48 143 141 116 187 68 104 42 120 103 151 185 190 195 41 148 172 197 213 74 76 242 221 101 78 171 149 156 66 166 127 243 112 167 69 30 192 
73 : 69 204 49 39 108 241 85 239 233 48 212 120 34 134 26 60 64 217 115 109 194 156 224 87 40 169 226 148 
74 : 242 189 73 117 47 129 227 196 62 136 97 223 65 149 42 202 118 133 164 113 153 156 180 239 215 188 231 198 104 193 
75 : 130 82 155 242 92 26 163 230 189 245 231 217 187 56 71 67 137 244 171 51 215 60 240 121 90 89 59 48 70 61 47 107 176 166 36 
76 : 55 67 69 218 216 200 222 205 100 74 241 175 158 228 178 224 206 51 189 98 60 53 42 66 107 96 94 81 27 46 109 161 119 117 201 33 102 248 86 145 187 35 64 36 97 193 195 128 83 134 121 110 38 167 249 111 150 236 179 
77 : 218 237 133 63 52 212 128 230 165 163 172 48 131 151 236 94 154 42 132 180 109 107 97 99 80 108 235 138 166 182 32 178 
78 : 33 126 154 94 70 227 71 51 125 231 46 34 110 138 66 148 217 91 164 235 92 145 237 77 98 232 155 52 225 80 214 67 40 137 99 36 53 166 65 74 229 26 226 228 202 158 182 146 95 167 82 120 246 108 248 197 183 180 83 27 187 100 161 205 129 179 
79 : 56 63 208 187 141 149 183 146 238 197 77 120 218 176 228 109 81 85 134 50 62 105 27 139 226 206 195 137 249 140 235 135 154 170 171 179 191 189 32 127 71 138 48 113 231 53 205 88 
80 : 204 110 229 210 67 181 133 104 148 243 234 202 62 106 169 231 27 142 114 249 125 94 164 84 174 115 146 86 186 
81 : 223 234 178 40 130 115 50 184 239 235 222 112 65 107 154 110 227 190 126 73 137 30 195 141 117 176 84 59 72 183 96 35 85 155 225 119 169 214 172 87 216 120 90 98 51 37 34 101 241 167 124 66 233 60 33 147 173 36 111 
82 : 240 113 58 163 196 44 71 167 97 63 128 201 168 86 129 197 36 39 118 225 42 43 152 57 208 103 56 102 122 214 170 192 99 78 232 193 146 131 149 229 187 34 222 79 81 178 98 140 111 220 115 148 55 135 204 25 247 200 94 244 61 84 41 211 166 47 65 180 
83 : 235 171 72 170 154 64 34 86 192 191 58 194 184 30 238 135 112 114 97 91 149 78 142 231 196 177 120 164 111 129 66 207 209 33 172 153 59 
84 : 212 217 86 126 29 67 142 49 88 61 209 144 167 147 65 171 183 118 44 170 166 40 155 159 38 89 37 135 
85 : 31 185 157 100 56 201 178 232 73 120 115 212 55 193 46 35 133 88 210 28 207 82 217 102 230 159 106 34 144 44 52 150 119 123 69 162 33 242 167 66 94 101 227 138 221 146 99 
86 : 69 108 66 63 77 164 73 158 124 140 76 203 198 90 137 188 162 89 248 64 167 31 94 128 132 186 135 104 103 193 36 75 96 155 47 172 181 233 220 115 142 81 213 30 159 118 38 61 202 62 237 147 28 54 146 
87 : 180 108 203 102 182 155 162 124 143 211 118 48 91 177 69 132 163 205 51 128 81 110 184 158 79 26 63 198 125 164 40 107 46 83 151 134 156 204 96 38 185 82 194 190 229 217 59 68 27 159 224 236 144 29 43 142 94 106 246 54 122 221 120 
88 : 162 231 53 235 137 30 115 106 55 242 192 149 187 134 27 82 240 79 245 77 96 222 81 33 89 215 120 218 116 247 97 49 237 211 148 180 220 147 62 190 141 117 99 66 143 146 42 199 239 80 145 54 70 213 151 203 38 182 130 142 86 85 139 88 25 133 124 221 131 94 214 122 158 
89 : 130 234 49 249 29 125 62 214 66 42 163 200 52 93 192 196 70 241 91 133 202 102 174 177 154 131 31 219 211 246 206 48 26 32 81 71 63 186 221 229 104 87 132 151 124 153 39 
90 : 178 161 74 40 133 157 181 231 248 220 155 134 166 53 207 170 113 206 75 106 100 173 216 183 95 126 108 127 135 104 96 196 198 62 151 156 205 57 214 224 165 116 167 65 101 226 229 233 147 189 84 77 37 63 119 71 179 36 209 61 204 107 235 88 199 114 41 200 29 
91 : 230 130 171 178 225 125 156 139 212 142 67 42 70 186 25 172 83 85 46 132 54 126 50 43 88 115 52 28 247 229 154 90 138 241 100 246 217 190 73 97 109 114 79 199 177 116 
92 : 243 195 96 229 224 142 227 114 193 73 34 51 230 44 202 125 180 143 39 148 74 72 90 220 232 145 209 190 153 191 54 186 235 149 50 141 36 30 76 
93 : 161 136 244 103 75 67 62 216 143 165 162 201 89 106 204 159 131 215 132 154 72 183 200 85 199 77 
94 : 187 146 111 226 163 192 98 93 41 191 44 63 168 167 196 156 214 30 115 96 72 84 204 131 71 32 124 200 134 97 70 190 147 85 38 29 123 35 151 27 
95 : 120 98 124 175 83 171 152 170 174 110 122 208 205 138 108 48 222 134 238 146 130 226 97 127 56 218 186 245 176 58 209 61 
96 : 60 154 170 213 111 222 232 239 137 189 216 134 97 238 109 156 80 231 181 200 31 89 99 106 149 244 43 162 107 101 
97 : 90 193 130 227 108 221 182 163 37 87 107 101 185 224 128 33 195 65 229 244 190 127 99 76 155 249 132 181 70 187 89 95 215 80 208 210 156 62 115 144 98 112 177 100 123 75 51 218 122 228 170 160 240 54 213 102 216 173 226 167 247 119 225 25 131 84 237 235 103 171 217 186 
98 : 117 42 73 113 97 147 159 141 211 240 188 65 45 133 70 237 39 88 143 118 151 50 96 172 123 40 37 109 80 161 155 137 100 228 63 199 56 135 189 214 236 83 223 130 126 78 179 51 102 101 171 93 242 58 200 49 69 243 232 152 125 111 248 119 60 53 33 92 82 186 67 71 
99 : 27 114 80 166 47 51 139 234 85 219 106 40 46 229 91 142 147 131 39 50 198 177 211 138 221 118 174 134 74 93 156 168 65 41 241 61 210 247 227 38 214 240 143 69 122 128 32 120 
100 : 65 245 164 89 86 216 119 121 227 242 76 161 180 106 123 168 57 222 150 134 159 154 124 176 177 249 34 129 30 66 82 166 145 107 27 220 90 137 237 248 116 211 208 
101 : 130 146 127 187 218 162 54 68 243 74 98 201 112 244 209 92 202 208 144 133 100 233 101 78 113 182 169 123 30 75 149 58 196 168 226 125 225 219 107 135 151 70 124 246 36 249 141 
102 : 240 241 177 40 158 32 211 33 202 124 233 215 182 212 131 87 127 95 176 206 46 218 54 154 135 221 150 170 88 156 114 168 39 58 187 173 92 109 130 147 108 29 230 184 70 145 246 77 172 198 220 36 96 175 97 76 84 56 81 
103 : 159 53 52 88 98 97 35 95 119 174 130 30 185 216 202 132 43 186 197 116 94 66 75 170 230 223 192 143 154 213 211 171 108 169 236 149 148 126 152 44 84 217 156 127 58 200 40 125 144 190 25 72 206 249 104 238 45 161 241 87 180 215 227 160 
104 : 74 114 35 162 211 236 128 187 192 203 72 45 66 49 73 205 224 202 121 44 150 199 75 176 206 219 42 86 245 230 139 84 36 181 153 107 79 58 103 61 
105 : 183 111 194 94 92 56 185 237 159 75 151 107 27 193 67 146 80 247 242 130 41 65 84 58 103 85 219 113 122 176 61 60 
106 : 90 171 173 67 204 126 46 220 151 218 34 150 213 36 33 87 26 172 194 193 121 85 145 128 184 
107 : 189 231 61 56 80 192 93 57 143 210 214 75 180 48 165 73 177 157 158 213 54 228 172 219 94 28 224 161 
108 : 116 173 87 215 200 174 224 33 178 59 95 50 42 107 249 208 167 78 236 245 76 242 239 37 160 46 74 159 190 233 98 222 157 203 225 57 234 241 90 237 155 149 136 185 161 133 232 103 77 47 62 68 
109 : 161 194 167 148 237 207 188 130 217 43 70 236 171 101 129 176 134 112 202 50 44 174 57 224 173 
110 : 213 109 73 221 45 44 131 106 160 68 206 129 143 204 245 203 42 182 170 155 50 247 59 159 31 72 208 128 120 222 60 123 
111 : 157 39 67 56 151 188 239 53 199 232 164 78 72 76 241 46 222 214 30 186 149 126 135 120 183 139 200 221 138 231 93 34 228 33 74 86 71 122 31 145 160 243 193 82 170 112 159 248 121 101 68 237 182 94 133 131 106 83 227 125 55 192 28 63 189 114 236 29 163 148 209 
112 : 140 66 52 185 248 97 139 223 187 225 60 142 201 168 152 183 37 28 150 135 220 94 208 126 172 237 212 114 190 122 25 197 216 162 233 156 157 61 153 138 84 243 108 228 249 65 
113 : 211 110 244 91 35 82 67 242 68 176 230 125 76 71 42 60 122 117 143 73 44 241 148 93 173 96 106 95 
114 : 112 231 219 70 152 244 227 56 107 105 185 138 215 38 168 220 214 181 222 201 33 61 79 239 94 124 116 146 127 39 97 210 82 65 202 77 192 187 209 55 86 133 57 129 44 151 136 203 143 51 99 52 96 29 243 224 75 149 
115 : 103 166 36 152 70 93 48 64 56 49 158 165 34 136 249 144 83 162 161 133 235 132 59 121 71 156 111 208 196 223 107 81 188 98 145 169 229 210 60 176 246 65 155 30 126 143 115 108 138 183 105 195 140 114 29 200 193 137 239 197 167 40 201 61 128 82 102 113 185 119 85 42 
116 : 242 202 107 148 61 108 117 199 125 141 95 185 103 168 52 115 193 112 204 229 165 237 161 98 236 158 32 68 123 219 160 43 143 208 191 69 92 144 88 207 239 40 198 87 89 54 205 105 30 101 175 71 48 
117 : 222 67 38 54 201 85 29 181 130 160 244 144 151 83 25 224 44 68 178 177 175 59 121 182 114 28 172 207 176 234 98 137 150 217 62 173 238 26 162 48 239 134 196 185 
118 : 181 119 147 242 41 60 180 217 246 70 142 95 136 221 195 184 109 155 46 226 137 174 120 186 197 111 81 78 115 235 91 73 127 113 158 
119 : 134 247 214 36 121 39 89 140 94 51 198 48 28 236 187 119 186 79 235 244 53 156 237 103 154 146 180 55 75 194 138 192 166 70 29 118 162 230 243 206 220 233 191 123 147 132 185 234 40 93 85 201 126 120 33 163 151 199 46 108 
120 : 88 97 196 182 161 228 212 132 214 51 241 81 181 30 237 149 45 199 55 193 41 40 177 173 175 46 221 102 28 233 163 100 29 151 61 139 230 49 198 205 148 76 200 232 172 50 111 99 154 202 126 176 106 65 122 136 36 188 247 143 101 166 42 109 239 245 59 103 249 236 192 
121 : 204 122 27 96 50 242 33 68 185 61 72 64 162 31 205 240 57 135 194 94 85 121 159 116 132 88 118 38 211 112 143 36 113 89 124 51 188 225 218 67 108 78 224 201 76 42 249 55 74 138 120 52 97 105 141 144 178 236 198 25 110 
122 : 71 105 185 146 162 70 50 239 156 84 109 121 128 207 172 58 179 160 122 217 157 56 91 230 151 143 174 154 231 242 148 33 168 213 249 72 46 177 66 178 167 205 163 237 186 214 133 82 140 113 104 98 68 129 244 235 233 42 202 225 93 209 48 83 41 51 216 159 144 
123 : 62 108 97 196 75 105 229 202 103 149 47 98 74 230 71 104 32 238 37 116 219 27 170 30 66 55 34 58 95 224 79 177 172 179 216 212 126 154 227 245 171 92 118 52 166 133 183 173 84 131 148 232 26 186 40 161 49 209 158 122 160 187 113 
124 : 215 160 190 204 70 226 33 99 58 69 245 242 187 138 68 205 75 50 80 179 124 143 243 34 41 38 230 25 196 103 105 164 79 157 71 176 127 32 168 154 40 141 142 47 247 146 139 39 85 121 151 43 137 89 59 56 
125 : 50 159 152 223 91 154 234 90 25 210 131 116 67 157 86 47 75 229 211 100 138 248 71 227 97 26 68 161 182 226 106 202 148 45 144 108 127 176 198 206 46 209 52 101 123 37 187 118 247 244 164 107 66 233 114 245 41 132 177 126 38 93 78 60 33 221 216 62 
126 : 63 227 30 220 169 70 76 150 108 84 226 177 117 104 103 116 193 25 27 118 239 82 80 201 71 61 219 168 62 89 92 241 178 50 35 144 149 36 109 133 126 158 135 75 140 238 194 172 46 199 243 31 180 164 248 87 217 120 52 74 203 143 
127 : 121 168 44 82 148 114 175 60 53 236 244 179 186 33 199 36 198 58 85 73 155 214 30 128 222 230 93 25 49 151 219 26 154 195 202 163 46 232 201 56 134 43 47 81 74 218 144 126 118 103 235 139 
128 : 68 40 247 181 232 179 38 230 201 188 229 89 115 100 183 116 178 243 97 55 242 122 155 59 60 216 70 248 128 98 69 111 72 102 177 93 143 75 152 151 84 77 204 113 86 227 187 107 246 41 234 197 43 207 91 71 79 219 50 144 236 
129 : 92 82 149 124 60 59 97 58 246 80 163 94 56 198 84 146 37 154 33 157 105 138 196 217 42 144 183 26 228 28 74 123 234 48 93 77 79 224 202 192 133 213 240 236 162 68 95 174 39 151 108 165 96 101 99 72 36 114 212 139 
130 : 142 114 110 198 214 25 124 38 120 188 111 182 230 106 73 122 52 203 248 132 53 229 135 32 158 103 222 63 68 139 241 137 41 72 99 201 246 39 193 82 86 40 204 54 30 232 244 225 219 243 36 154 70 189 126 127 235 220 167 141 112 233 64 183 37 128 96 157 169 48 
131 : 64 195 143 54 192 129 245 51 67 108 41 159 109 154 97 145 240 131 244 214 168 69 224 211 72 68 47 157 162 241 100 217 116 49 238 56 46 48 103 85 186 80 102 105 152 
132 : 181 95 85 179 89 43 51 93 192 78 55 88 96 198 210 100 30 195 129 142 67 187 46 170 86 178 211 145 220 213 190 204 175 194 47 131 35 184 243 206 138 196 37 173 246 31 133 65 127 82 165 74 203 25 197 128 150 54 245 99 130 33 
133 : 172 213 92 129 67 106 210 142 242 93 73 66 131 77 153 227 25 48 60 170 132 98 220 211 121 
134 : 25 155 91 55 206 171 205 197 61 96 157 44 115 245 101 222 132 70 136 186 209 64 86 137 27 244 107 135 98 125 109 173 93 193 30 198 73 200 59 69 203 123 234 130 161 110 212 
135 : 58 121 92 52 163 179 77 100 63 201 134 25 190 98 221 227 97 57 29 72 64 173 82 234 194 65 236 132 95 107 91 213 127 123 185 145 200 124 88 103 105 33 59 60 
136 : 205 88 223 168 68 55 220 209 239 32 93 34 140 85 97 122 115 82 81 129 47 190 106 237 152 226 222 137 126 197 107 181 144 72 169 166 61 53 102 46 76 241 178 118 160 153 193 
137 : 75 59 141 152 151 233 41 49 142 226 133 168 74 192 69 25 171 139 135 206 159 84 227 35 146 165 186 164 94 43 154 170 77 220 76 156 158 217 140 122 208 96 34 245 155 60 105 173 45 221 28 58 197 132 138 70 147 195 106 120 50 177 185 205 235 129 30 115 127 48 
138 : 123 234 118 154 122 101 42 167 86 161 169 177 83 38 168 68 211 28 203 158 92 67 127 194 233 155 244 95 114 159 48 238 45 80 185 43 196 82 77 32 235 69 81 
139 : 43 234 31 143 229 113 182 159 108 187 134 60 131 71 156 137 167 40 79 74 83 61 210 128 183 66 200 25 34 238 126 185 92 214 33 58 52 29 226 118 158 172 73 216 75 47 199 144 188 46 248 138 245 177 90 244 212 231 233 148 
140 : 131 59 114 219 183 179 37 153 139 113 140 138 69 158 152 181 40 94 137 67 79 193 90 248 237 148 124 130 86 150 223 125 51 38 222 200 141 202 104 48 247 36 75 100 111 246 144 233 70 
141 : 83 202 71 184 209 63 176 102 180 248 122 168 156 105 35 116 220 224 175 241 237 142 101 160 169 56 211 234 216 127 36 86 77 183 117 210 166 87 192 157 85 53 130 182 196 80 190 244 112 193 88 201 125 205 165 25 46 143 189 81 52 34 43 39 49 178 228 93 
142 : 54 153 27 249 78 162 120 131 66 74 198 212 200 100 40 155 178 211 150 216 217 179 207 53 128 72 161 90 215 219 191 169 60 170 30 183 192 86 80 213 75 114 245 52 88 172 99 77 173 145 56 103 129 41 164 127 93 201 210 
143 : 116 192 249 135 143 25 243 210 180 92 155 214 70 82 158 133 37 211 209 163 106 126 230 36 213 104 206 236 94 56 131 81 40 202 42 86 165 78 146 247 162 61 93 112 188 91 62 34 233 99 38 88 232 119 125 186 43 208 199 237 161 191 227 203 248 39 51 122 124 97 179 
144 : 119 42 34 44 198 154 134 241 115 121 127 240 145 164 67 106 155 49 39 60 181 138 190 180 124 
145 : 117 192 132 163 180 198 135 122 44 45 149 240 32 144 230 108 140 223 237 28 177 73 80 58 127 159 47 215 204 126 185 50 187 61 160 109 217 27 229 130 121 162 137 167 200 92 65 246 118 70 178 76 208 110 179 101 
146 : 110 117 52 207 88 124 209 51 240 33 128 224 104 99 187 220 173 134 178 172 109 95 144 84 100 141 113 222 112 164 213 121 230 149 171 206 165 123 196 221 37 136 122 143 39 97 107 82 215 48 77 219 176 133 72 49 92 235 106 199 163 137 242 236 47 
147 : 165 71 28 80 121 184 126 210 206 45 174 63 39 137 108 220 90 155 146 245 198 36 43 89 231 113 211 120 125 234 84 115 178 109 79 111 182 154 205 135 169 95 246 40 128 150 58 208 161 217 233 202 229 122 
148 : 219 197 39 112 204 111 212 243 58 106 217 192 144 245 169 167 230 249 91 138 244 76 115 59 166 64 38 71 185 83 178 234 216 239 101 193 152 195 184 142 177 40 176 120 191 34 114 77 145 181 41 159 141 47 248 156 42 44 125 157 
149 : 221 31 125 33 173 213 55 160 197 244 159 249 107 41 51 139 109 207 246 126 136 84 44 132 198 161 112 222 138 243 108 211 61 47 50 
150 : 229 57 129 123 52 79 209 89 215 170 122 142 171 165 164 155 232 96 243 120 28 204 113 198 33 
151 : 140 106 139 173 123 58 118 210 83 138 125 109 189 102 166 28 88 132 128 99 96 214 116 85 94 170 113 235 107 154 124 137 48 216 142 65 62 153 226 246 35 177 182 178 141 78 71 105 207 120 213 66 60 147 46 165 175 115 236 50 114 27 76 41 196 222 
152 : 103 231 116 114 129 139 230 98 25 220 43 152 54 123 45 179 93 205 73 53 95 234 50 233 213 214 247 181 39 201 126 105 240 211 87 166 91 88 178 89 197 94 82 165 232 76 143 174 186 225 35 65 
153 : 52 226 73 44 34 92 230 193 84 62 219 170 202 209 67 204 128 161 80 131 71 141 25 115 229 213 135 164 241 118 119 158 197 140 181 215 37 76 29 117 105 133 243 61 142 
154 : 89 72 231 194 225 216 125 43 94 138 47 126 170 62 226 41 73 119 184 142 164 207 215 150 71 111 27 36 204 115 241 97 129 
155 : 204 82 246 65 154 44 141 132 247 73 102 27 211 183 231 72 155 107 233 221 41 242 138 109 129 226 176 53 125 209 139 69 124 189 50 178 94 229 33 121 104 36 56 46 163 63 137 76 195 202 151 194 47 108 171 159 34 48 197 130 42 215 88 166 55 
156 : 228 121 106 36 64 199 237 118 72 134 98 182 179 125 183 159 40 141 153 117 28 230 234 29 57 223 123 129 233 163 88 79 140 195 89 206 42 82 
157 : 66 72 122 224 32 198 145 40 207 237 127 86 146 128 95 136 28 227 243 129 143 108 57 49 245 125 104 134 99 168 189 47 177 213 233 186 190 112 56 132 159 165 107 209 
158 : 193 170 108 208 225 240 137 161 30 201 85 54 38 28 57 169 241 156 139 64 199 118 36 155 130 166 181 114 184 210 103 205 219 106 198 224 59 222 33 55 98 228 206 109 136 173 45 71 65 50 110 80 179 78 221 236 104 60 235 167 125 248 243 129 
159 : 68 84 172 194 147 90 205 228 187 65 30 218 69 142 180 159 241 133 238 188 92 237 217 31 43 144 242 202 139 83 192 110 248 184 239 125 140 105 210 136 94 108 
160 : 84 29 208 60 47 68 171 144 117 41 247 235 187 215 103 159 49 240 74 110 59 211 199 157 116 188 139 165 118 89 177 25 203 161 113 218 91 226 185 97 176 115 212 28 100 56 213 106 206 175 85 
161 : 144 105 139 69 109 77 168 152 150 245 120 114 175 190 248 234 119 184 140 172 35 112 91 90 170 57 247 54 216 164 183 66 97 210 39 79 179 53 106 136 47 41 104 117 134 218 115 37 227 145 123 141 101 110 153 171 192 42 31 147 73 
162 : 94 151 117 165 201 163 236 104 35 95 142 227 90 79 39 118 119 220 144 226 74 217 137 101 132 34 58 38 178 37 97 46 82 113 235 45 71 27 108 
163 : 222 93 41 202 245 231 87 234 25 133 86 118 44 198 79 173 219 206 169 99 200 191 131 125 138 193 150 76 225 35 167 221 162 119 187 37 178 
164 : 158 196 99 76 160 227 135 177 122 79 35 170 130 47 86 108 167 229 186 230 236 83 29 25 87 232 178 125 80 197 32 93 219 144 78 204 100 126 225 198 136 147 62 202 
165 : 245 142 216 167 172 115 152 169 157 28 248 229 165 174 133 222 225 42 154 100 53 219 221 147 185 163 218 146 207 243 201 83 196 168 80 85 105 93 125 79 77 194 62 188 70 30 208 242 148 158 235 37 35 155 65 156 249 184 239 26 121 57 104 193 137 48 209 139 31 135 75 
166 : 188 213 220 182 29 224 212 145 104 206 77 176 147 223 56 222 230 170 207 175 49 91 37 123 110 133 68 152 208 69 162 193 58 196 138 247 25 248 106 93 124 47 165 122 54 190 71 59 36 167 116 65 
167 : 104 56 213 121 230 153 241 129 200 119 137 96 225 199 39 61 48 141 66 236 189 64 52 220 36 223 
168 : 240 57 120 55 132 78 84 172 221 211 143 70 179 138 128 237 91 228 195 69 42 121 60 159 187 151 113 141 217 86 157 180 153 168 225 229 82 59 146 152 79 43 193 54 122 63 190 33 236 73 145 108 56 123 40 198 192 119 182 
169 : 57 110 201 145 249 61 193 218 136 37 144 183 203 176 241 142 123 159 56 31 101 190 152 199 185 43 127 38 229 51 47 97 32 122 48 162 197 
170 : 222 135 51 61 185 196 208 146 75 179 62 229 132 154 59 216 115 225 197 173 223 171 57 85 172 53 189 46 151 188 175 203 26 28 
171 : 102 101 130 125 104 47 107 61 94 87 137 186 132 210 84 117 205 215 182 25 249 142 50 135 196 178 208 49 190 217 134 126 221 160 
172 : 237 48 234 206 51 112 195 194 124 215 218 46 229 104 33 147 144 40 29 202 123 118 231 125 238 192 181 167 142 207 222 64 44 189 110 42 149 93 180 146 70 145 61 114 87 239 39 116 248 226 
173 : 71 57 48 149 180 80 181 31 69 89 164 212 128 136 183 106 108 94 192 77 141 132 137 109 131 203 215 29 56 210 116 119 243 189 204 225 86 49 79 102 228 129 103 134 65 198 191 115 123 236 52 245 47 234 240 60 105 99 218 188 160 107 50 173 70 130 205 194 190 167 145 
174 : 164 52 189 29 75 44 137 120 222 53 66 175 127 93 245 195 215 237 138 43 123 157 99 227 46 25 
175 : 214 238 74 95 246 192 75 105 97 224 249 55 43 53 211 195 177 206 202 183 233 229 94 199 165 243 88 57 36 145 32 
176 : 217 170 183 203 241 99 227 60 135 182 235 148 125 84 44 234 200 42 56 207 204 167 231 63 169 136 69 122 29 225 94 191 107 101 110 98 28 31 137 93 109 139 187 49 119 209 157 83 81 174 229 127 92 
177 : 61 168 32 117 86 47 143 48 175 165 235 215 121 239 135 150 244 76 152 140 153 129 146 249 120 125 208 49 82 43 114 217 88 162 79 58 149 246 69 226 65 62 133 80 122 75 238 230 108 210 139 81 31 219 188 30 184 71 92 59 
178 : 160 169 96 211 122 32 57 222 84 180 128 81 203 61 109 177 25 115 188 241 201 104 244 131 242 113 159 227 209 176 168 238 193 33 90 125 71 89 204 217 246 187 172 77 248 226 208 192 223 100 83 145 231 35 207 73 111 182 80 214 54 
179 : 160 157 137 46 180 106 141 82 75 239 66 214 167 177 56 210 220 87 178 123 218 187 110 249 227 43 67 131 186 28 65 45 192 69 240 230 29 158 27 54 191 200 94 84 170 166 62 63 116 222 204 225 118 
180 : 149 164 225 193 71 100 104 134 196 224 239 112 60 240 130 166 46 185 76 213 137 227 189 180 118 47 191 207 82 124 247 243 74 152 208 29 215 113 54 159 174 200 35 99 131 
181 : 40 28 135 92 142 216 139 47 75 72 74 126 34 201 177 141 212 210 227 193 102 58 152 115 199 107 249 173 174 100 42 97 110 32 43 36 190 171 194 180 154 93 46 155 45 148 122 187 78 31 247 160 114 131 
182 : 97 238 63 93 85 109 48 166 207 72 111 115 50 191 124 117 168 248 53 68 195 92 110 230 172 210 65 123 164 129 142 114 61 189 158 200 105 101 136 26 239 203 156 186 42 226 67 102 60 223 77 
183 : 25 137 35 91 228 85 111 226 109 49 33 53 47 52 238 63 106 234 148 241 233 214 159 81 139 
184 : 183 37 226 153 178 85 103 169 57 173 239 140 106 186 74 76 42 32 33 229 91 245 128 238 64 179 237 34 27 242 111 116 129 86 204 231 35 46 87 141 113 71 202 159 75 175 52 101 172 38 174 47 89 41 194 144 55 48 99 108 119 227 225 240 133 56 
185 : 224 75 223 221 59 133 125 183 146 200 131 30 227 187 162 108 82 206 230 48 193 37 229 235 113 201 111 95 89 159 56 35 205 237 147 137 199 217 64 129 141 126 34 177 136 120 47 192 62 222 36 179 
186 : 125 240 148 234 192 220 216 95 200 239 150 97 205 106 41 193 169 104 33 64 94 44 55 141 120 110 
187 : 196 201 95 146 60 214 125 96 163 42 111 247 87 175 100 30 115 48 76 223 164 246 241 150 91 73 149 116 72 156 182 181 231 209 147 61 79 168 220 171 229 68 90 46 221 44 238 245 249 151 26 148 166 139 235 93 183 215 152 243 89 190 233 169 113 145 188 195 
188 : 46 204 133 249 75 220 154 142 159 213 242 50 88 155 208 191 245 89 43 136 54 151 169 110 161 100 172 83 93 215 39 92 52 174 182 181 157 135 59 
189 : 240 174 241 208 210 230 128 28 237 155 173 98 171 220 87 195 115 154 81 93 167 244 89 147 158 101 73 70 121 198 138 242 183 223 90 65 176 215 49 236 85 239 137 246 68 217 74 180 82 36 222 
190 : 54 61 154 213 219 234 87 187 167 43 240 230 64 200 125 174 88 180 60 79 59 197 188 210 146 157 145 159 205 211 148 52 162 25 204 51 190 173 53 212 131 94 67 144 139 194 140 111 150 155 78 193 222 199 135 137 98 41 
191 : 35 96 154 51 246 80 52 119 95 142 36 89 218 248 112 169 32 138 184 30 82 110 87 199 157 196 140 192 162 147 189 42 191 193 63 223 46 29 83 76 165 98 175 74 38 127 204 213 143 124 194 236 141 210 186 156 75 102 57 120 187 
192 : 228 49 98 76 185 182 129 222 43 176 133 191 115 178 169 141 189 160 148 116 50 172 249 26 239 102 145 65 196 52 154 180 51 241 118 158 207 56 181 125 171 150 106 128 174 235 230 54 238 89 46 211 152 62 131 204 205 59 187 75 177 68 
193 : 168 143 203 191 100 32 197 78 160 166 87 185 194 151 76 196 149 207 206 239 224 183 132 50 66 127 133 245 102 33 135 167 53 152 83 107 88 189 26 44 208 101 171 153 
194 : 203 248 57 33 130 39 143 237 124 41 235 225 114 214 58 137 192 179 176 202 128 175 90 174 66 61 227 74 211 165 48 168 182 134 40 92 177 53 118 151 198 195 222 27 46 213 
195 : 47 139 157 153 249 212 197 248 240 89 99 242 100 188 143 203 43 61 118 55 25 195 183 35 196 247 216 91 138 120 167 208 53 228 234 185 147 210 173 106 217 206 238 
196 : 121 169 228 244 61 150 166 235 182 36 238 210 199 187 129 180 100 67 82 104 34 206 155 188 184 53 223 236 234 216 76 136 56 132 202 171 127 
197 : 142 127 110 61 37 26 190 241 164 200 38 213 33 204 41 76 107 177 206 75 80 138 220 51 126 54 34 244 52 150 47 57 232 149 180 81 135 50 94 147 245 162 29 118 202 93 152 65 195 196 169 122 128 39 63 
198 : 97 102 43 162 134 183 227 109 112 36 231 221 96 37 201 70 219 45 72 224 89 170 156 40 124 60 152 195 50 202 153 212 114 88 33 31 
199 : 236 82 190 175 235 238 111 33 208 231 189 214 45 191 93 222 73 107 248 172 105 185 131 216 32 56 240 57 71 92 86 139 202 186 69 133 207 226 169 149 26 138 241 245 230 180 143 97 134 38 66 178 39 79 179 164 96 89 168 165 
200 : 230 191 86 215 114 229 84 225 63 169 245 150 128 175 200 100 32 139 122 198 37 88 216 239 171 92 111 97 38 178 197 137 165 213 107 161 242 140 141 214 231 26 51 115 148 202 52 209 82 65 71 31 232 50 162 158 66 244 67 116 34 90 246 96 124 69 163 36 40 205 218 186 210 
201 : 148 227 129 162 87 241 172 229 67 119 190 143 182 40 133 39 219 33 68 214 61 181 168 173 126 106 85 128 102 145 147 230 224 97 73 90 233 153 222 44 215 234 100 238 89 140 120 164 58 93 35 201 144 123 29 223 38 53 74 37 235 
202 : 73 122 173 200 188 58 50 112 125 152 82 212 77 103 107 46 246 203 207 94 248 228 179 124 158 64 108 177 114 81 61 189 34 63 30 48 183 225 47 51 98 208 49 97 162 214 182 
203 : 230 86 82 161 117 130 239 170 242 122 167 97 186 34 123 106 225 45 160 56 140 212 218 173 128 215 141 61 189 76 87 137 182 190 149 133 217 246 127 104 157 143 154 101 98 177 172 51 43 111 185 81 100 153 139 96 245 55 
204 : 234 104 70 79 115 184 71 102 36 47 44 80 101 232 92 96 86 168 77 87 68 39 179 60 245 56 235 229 57 121 148 50 170 175 186 208 205 185 111 37 131 59 212 238 153 91 53 151 125 100 223 45 145 26 197 33 117 31 233 99 124 215 43 133 32 120 
205 : 35 215 206 61 90 246 106 218 241 37 154 208 174 109 103 116 125 199 31 46 81 129 222 30 233 200 86 194 69 124 28 175 36 142 147 
206 : 37 136 246 222 55 229 74 162 40 165 47 177 79 128 234 127 38 180 205 139 147 215 198 186 41 99 65 179 191 78 132 140 192 248 82 175 150 126 73 70 243 56 88 135 197 155 59 50 225 138 236 62 158 
207 : 48 221 192 212 69 147 146 227 30 241 162 96 127 74 187 26 209 194 112 43 199 234 103 175 63 203 38 68 113 243 65 220 154 77 31 133 200 52 226 155 93 184 249 62 159 39 232 217 82 174 201 104 188 215 231 180 223 37 
208 : 111 178 39 122 62 94 46 37 140 42 79 162 200 232 96 246 199 160 242 173 72 185 183 55 81 155 97 201 230 149 73 75 33 239 192 71 203 
209 : 97 142 111 60 106 238 169 99 90 247 217 170 112 210 120 190 243 194 102 64 91 212 214 185 29 206 50 73 147 189 126 72 98 197 87 26 96 191 62 84 178 225 146 155 220 78 57 48 164 193 52 49 76 202 156 95 131 181 110 122 233 216 229 
210 : 209 216 32 85 151 246 239 210 62 45 43 159 138 81 122 102 134 154 203 152 88 137 117 196 35 174 189 67 148 195 220 60 170 211 143 
211 : 159 130 190 60 90 97 33 217 234 49 39 91 137 185 35 119 167 50 160 89 148 136 243 166 65 233 121 
212 : 239 189 151 158 100 201 237 25 241 62 187 172 152 223 98 99 81 48 27 186 215 84 46 163 110 115 90 47 52 
213 : 48 198 73 92 55 28 110 197 172 196 80 193 111 70 114 100 211 69 230 216 128 232 209 117 242 98 31 41 107 71 125 166 123 226 208 33 68 140 249 175 42 207 77 213 120 127 152 143 91 118 126 
214 : 87 187 106 202 127 95 54 179 198 105 137 55 176 169 128 153 232 118 156 225 88 236 122 60 140 37 155 94 180 200 177 246 28 125 91 165 240 99 219 104 43 150 
215 : 238 175 191 153 72 130 171 243 203 94 205 169 164 29 127 44 133 61 208 201 189 138 186 69 50 62 109 210 57 229 221 122 150 30 223 90 218 74 67 105 32 181 86 36 187 240 172 135 106 216 234 161 46 244 110 232 41 134 117 139 73 182 129 97 173 183 217 145 65 31 152 246 26 
216 : 199 154 175 116 165 228 61 26 248 197 44 101 136 229 164 129 191 128 153 139 66 225 109 53 181 133 
217 : 85 233 34 229 144 164 141 222 31 224 109 114 227 67 75 74 93 56 147 180 41 89 140 197 186 183 47 57 226 135 121 32 240 212 
218 : 75 29 72 90 236 65 231 78 186 27 148 131 138 52 101 115 38 159 54 207 220 150 113 218 99 174 71 124 163 53 
219 : 209 219 230 111 224 49 71 182 232 68 243 248 39 100 43 242 195 69 167 52 101 67 77 158 35 191 102 32 92 208 173 29 150 157 218 
220 : 126 80 189 63 155 107 232 191 183 237 134 219 178 175 96 165 152 227 197 104 45 28 48 52 91 167 161 34 94 81 112 62 168 190 176 179 88 102 212 217 55 136 59 73 143 43 103 65 36 85 151 220 248 214 86 137 116 27 196 49 141 222 68 117 
221 : 231 146 180 111 228 25 62 52 60 45 94 247 171 178 145 110 246 131 56 43 159 47 33 134 76 204 226 141 137 55 120 87 126 213 49 192 121 95 245 112 221 71 84 163 80 169 83 138 66 244 91 74 162 81 183 58 92 179 175 235 54 174 28 
222 : 222 38 172 159 241 78 112 231 124 117 225 56 235 34 48 143 148 199 109 105 119 197 221 114 50 104 211 209 131 183 152 66 194 62 93 203 200 198 72 220 218 86 67 195 75 98 215 70 242 29 212 206 229 179 
223 : 143 61 123 88 159 96 158 60 217 204 52 236 244 232 54 65 224 79 212 154 160 45 104 183 80 191 73 153 203 241 118 173 226 197 186 66 238 49 235 93 172 206 63 219 95 67 128 76 89 148 166 205 209 102 214 85 167 247 
224 : 205 119 191 112 29 158 93 111 148 209 177 246 133 51 71 235 86 52 214 101 75 172 105 155 97 
225 : 74 245 52 91 126 132 167 80 40 92 228 197 227 57 96 131 98 34 142 238 224 104 84 25 140 186 45 217 241 147 100 240 231 49 89 213 248 70 30 77 115 233 124 109 134 85 159 111 32 201 144 243 87 225 61 199 203 108 93 209 138 122 43 42 54 69 78 29 
226 : 35 95 96 58 38 45 165 228 127 166 178 59 116 171 149 242 221 138 152 91 32 66 106 98 189 31 154 186 107 55 236 175 84 196 223 210 207 190 167 205 129 28 25 237 151 230 185 111 204 49 235 68 234 65 173 125 117 137 69 209 53 86 43 82 67 
227 : 147 97 37 176 73 101 181 135 243 90 58 248 41 186 180 241 126 173 191 104 220 43 117 162 69 247 214 81 196 136 223 40 29 46 124 178 190 140 171 32 26 164 45 51 153 167 212 49 
228 : 56 237 221 244 83 225 73 205 45 161 196 212 232 91 34 134 129 29 159 94 88 175 31 26 235 64 194 67 
229 : 115 87 125 74 242 209 153 178 27 25 185 113 157 163 70 143 110 78 206 181 95 233 154 124 196 31 176 175 97 171 93 105 166 243 88 118 30 57 94 204 119 86 50 77 121 38 220 
230 : 144 202 125 123 47 67 194 35 28 186 226 178 168 90 187 70 38 162 209 59 204 30 81 221 40 138 105 164 73 64 228 154 193 235 191 135 52 244 241 29 45 25 170 237 95 43 94 130 61 247 223 121 134 246 54 115 185 212 210 27 
231 : 193 186 222 216 69 118 168 141 94 158 201 132 229 49 248 245 60 81 90 138 70 140 31 171 46 180 210 67 190 105 50 106 85 206 152 170 196 157 97 122 37 142 207 59 33 215 82 117 127 62 219 99 153 76 165 191 162 61 148 154 217 235 112 155 226 123 243 249 83 58 
232 : 246 116 157 232 27 73 209 103 213 222 191 141 94 102 56 125 145 177 114 156 53 164 212 85 248 26 69 186 97 214 152 199 31 37 166 249 106 136 79 153 150 200 162 66 142 220 93 63 239 217 138 47 231 109 221 192 140 167 44 226 108 205 120 143 228 
233 : 44 208 94 230 79 204 240 143 129 175 96 108 33 89 210 206 237 151 51 184 244 156 78 46 100 214 103 28 123 152 113 116 104 243 207 203 249 97 235 160 174 201 39 90 115 189 158 178 
234 : 58 69 102 136 163 73 145 189 109 37 203 153 151 36 143 71 56 63 43 86 64 88 105 25 186 82 52 113 156 150 246 207 107 144 49 240 129 53 204 57 142 
235 : 213 214 243 142 74 127 99 207 158 148 122 32 49 79 202 28 239 246 71 103 78 159 194 73 175 178 36 184 222 34 26 143 172 89 136 51 87 220 150 231 50 192 41 245 247 
236 : 85 139 190 248 56 100 116 37 76 164 30 208 218 158 42 232 64 176 141 201 204 172 161 199 34 61 26 217 198 27 195 229 66 225 79 40 103 235 120 237 105 45 63 175 157 38 122 182 140 131 136 151 104 202 155 112 242 191 147 69 224 227 
237 : 132 152 233 56 158 164 34 111 182 203 199 135 166 39 25 79 154 215 36 248 95 82 66 221 172 131 74 206 69 75 108 148 89 117 53 51 241 64 129 60 147 84 171 145 224 65 32 231 247 214 220 197 96 27 72 123 234 73 115 189 146 
238 : 93 162 187 198 131 101 105 170 41 73 211 218 220 221 219 74 206 108 118 127 119 67 55 196 29 226 128 99 56 135 37 175 63 155 227 182 215 45 151 129 51 154 195 143 72 159 180 235 104 223 199 49 178 222 243 164 207 84 158 212 190 217 75 225 192 61 57 
239 : 186 164 81 146 203 200 127 67 89 47 112 137 61 96 220 225 49 68 204 162 65 140 235 247 238 98 223 227 230 
240 : 70 84 78 44 128 164 83 92 149 32 228 141 157 65 77 204 150 187 223 142 73 234 181 246 116 212 88 41 162 105 242 137 108 202 226 52 207 39 36 203 101 120 124 113 147 
241 : 210 35 229 45 195 249 46 147 183 155 111 32 91 178 89 67 87 150 30 80 102 173 165 37 113 73 153 188 103 61 
242 : 129 65 106 32 115 154 240 244 158 198 56 181 111 213 36 89 85 132 118 234 29 60 177 166 142 
243 : 160 170 149 158 173 65 71 26 187 207 74 196 159 101 166 98 163 223 228 75 175 118 86 238 145 216 183 185 61 59 50 156 64 230 52 242 225 169 121 63 214 92 137 117 127 229 83 138 200 140 146 88 134 128 220 45 41 162 129 
244 : 186 115 211 129 231 40 147 156 36 177 227 150 25 172 249 136 52 41 246 113 175 226 161 210 49 178 27 236 188 101 72 148 141 149 68 213 130 55 159 64 124 108 197 187 51 127 38 35 89 65 214 200 192 242 57 180 219 118 146 179 97 157 162 34 59 122 
245 : 140 76 26 202 161 141 32 93 95 243 196 107 77 64 117 112 41 118 132 131 209 142 214 143 245 151 183 33 173 69 46 216 68 241 89 55 224 194 162 28 127 222 189 130 113 49 197 228 148 60 136 59 123 39 174 207 92 
246 : 56 27 120 232 35 247 178 75 206 25 222 41 116 213 89 60 85 209 151 168 40 200 111 134 28 83 37 152 166 67 139 119 141 102 182 155 51 165 79 39 29 179 91 95 240 
247 : 28 77 109 242 201 43 179 214 52 68 92 97 112 139 184 248 138 171 235 234 180 47 161 49 46 127 103 197 247 91 121 44 51 141 114 217 188 82 142 35 156 85 182 240 225 208 164 229 93 239 199 45 50 70 33 34 72 107 57 241 60 41 
248 : 237 190 104 34 95 135 134 209 117 194 94 69 170 142 144 27 168 61 115 245 120 150 186 76 114 234 143 217 80 91 177 167 153 74 180 244 87 226 127 138 
249 : 124 63 85 132 49 103 35 233 100 207 129 131 232 118 54 214 121 242 212 243 208 189 116 91 234 200 76 156 30 68 235 66 65 164 220 
250 : 99 200 79 204 201 44 47 173 64 37 202 166 171 87 170 33 230 94 77 67 97 26 128 36 68 125 62 197 89 73 225 133 241 83 129 48 106 118 157 52 45 32 155 66 55 138 42 122 31 93 80 110 75 215 140 147 177 81 54 180 
251 : 167 44 136 28 155 186 233 158 227 120 165 171 211 220 102 164 230 149 145 111 112 62 194 203 196 41 204 219 30 130 151 33 247 202 50 209 36 45 200 205 56 76 139 
252 : 211 215 153 137 150 99 175 40 209 118 135 126 96 155 204 249 69 62 73 70 115 47 133 129 127 76 91 187 228 185 138 190 100 229 226 131 37 108 203 169 206 234 173 198 112 244 92 117 90 246 86 238 161 212 31 141 197 188 26 166 195 103 56 193 102 139 55 81 221 194 
253 : 40 172 104 87 27 184 215 220 52 122 76 98 49 93 71 126 111 95 81 64 39 108 32 202 211 113 55 170 46 162 
254 : 247 161 118 58 190 98 101 46 241 57 150 34 220 169 162 146 160 129 158 75 226 82 30 97 198 43 42 159 148 178 184 243 239 116 225 245 120 109 67 248 141 193 238 
255 : 196 39 146 84 30 163 117 194 215 244 159 55 77 57 197 175 237 156 238 82 204 97 45 87 65 74 80 60 155 174 249 36 69 179 33 144 170 148 91 229 81 62 100 180 134 232 182 209 130 231 220 76 136 102 178 
256 : 200 204 31 140 101 241 211 148 220 51 215 238 149 65 139 178 129 64 115 26 25 48 155 112 81 162 175 60 245 57 32 133 40 121 37 171 244 105 85 66 35 243 127 207 53 110 39 93 104 49 99 176 62 198 177 38 95 134 128 173 59 122 119 
257 : 235 192 61 249 87 183 123 139 170 132 228 48 64 244 124 205 36 122 90 56 207 120 234 238 184 174 115 216 144 164 37 101 50 116 119 185 243 223 125 42 208 171 102 179 85 114 95 79 47 33 62 175 233 45 196 110 118 133 91 186 34 81 203 168 176 199 29 121 142 156 138 239 67 
258 : 241 48 95 103 50 85 183 143 90 94 92 216 110 189 192 186 161 151 142 100 128 234 174 40 102 51 145 155 206 70 233 212 134 109 62 121 52 190 56 222 106 226 29 69 78 67 210 157 87 45 240 147 249 34 158 79 129 215 73 117 118 223 
259 : 167 148 168 107 43 108 79 72 161 225 55 33 147 166 206 187 86 152 170 102 120 51 110 63 103 36 44 157 205 38 243 118 138 249 163 175 111 67 75 60 142 143 179 234 239 117 106 213 54 42 171 80 192 191 71 146 181 31 90 77 215 200 177 229 87 164 136 
260 : 188 29 97 67 229 194 48 142 147 232 202 81 215 84 30 34 103 173 121 179 26 58 220 174 192 42 199 100 46 117 193 241 56 233 239 200 228 73 59 212 47 
261 : 183 156 46 235 225 30 223 222 71 93 45 127 142 79 176 206 107 201 240 216 116 90 36 140 210 102 164 218 137 214 70 50 175 95 100 182 220 35 178 202 141 118 139 47 226 246 62 28 144 92 54 55 80 146 147 221 
