0 : 40 140 71 124 126 86 125 68 81 223 122 144 70 111 164 78 117 67 60 247 227 208 190 153 245 37 114 233 180 243 216 168 48 
1 : 186 214 167 58 207 27 248 69 124 80 219 169 129 244 93 123 47 172 176 99 137 241 156 213 229 70 34 155 190 111 108 119 86 
2 : 174 61 222 189 113 154 176 229 247 179 132 131 244 234 153 160 202 188 116 139 56 146 90 212 198 166 48 213 106 25 75 239 59 184 94 52 201 143 138 224 183 207 209 196 227 49 76 150 128 191 81 65 232 167 104 199 
3 : 127 126 135 213 45 221 108 64 224 205 38 92 121 175 159 131 34 144 183 229 86 242 169 124 103 147 238 223 77 231 71 230 51 107 111 30 217 246 26 132 84 97 85 142 28 158 80 232 
4 : 57 116 238 198 145 51 128 129 105 100 155 241 167 235 65 234 101 85 247 126 220 147 213 143 95 94 121 154 218 175 243 41 231 140 160 222 61 172 113 202 209 244 50 183 181 
5 : 247 240 145 133 31 43 182 174 203 141 200 134 37 72 209 181 166 67 201 175 148 46 137 48 69 
6 : 57 237 248 39 110 246 204 226 240 128 189 218 164 67 196 239 166 114 144 59 42 121 171 147 89 99 157 139 27 74 173 233 154 33 82 79 37 201 117 118 25 198 28 180 51 202 131 87 209 188 107 112 165 40 186 124 75 143 113 31 138 66 48 
7 : 92 177 244 178 105 217 104 240 95 111 26 201 112 93 247 43 107 172 84 58 171 77 125 131 157 103 
8 : 132 145 238 52 224 44 138 96 168 27 38 144 177 245 155 102 107 159 118 147 150 195 204 244 56 49 234 249 31 213 169 77 36 183 220 123 180 202 75 30 186 121 46 112 60 124 100 85 119 99 191 
9 : 101 196 127 40 107 181 136 63 77 134 48 233 106 130 82 53 111 32 203 91 29 168 31 153 76 154 
10 : 143 191 82 131 92 106 47 63 152 108 139 78 214 128 54 226 26 190 50 102 112 234 52 175 80 170 133 40 157 28 178 231 109 25 154 29 81 136 219 246 155 192 100 230 212 215 60 153 185 59 209 
11 : 124 154 195 129 51 189 156 141 93 188 138 46 234 165 212 73 70 86 194 204 233 33 219 116 103 159 168 136 145 247 191 199 89 215 203 113 
12 : 126 225 90 196 138 159 206 202 94 44 173 239 180 104 243 175 201 219 167 146 145 32 249 31 229 102 30 189 163 36 226 149 217 232 62 227 179 65 
13 : 134 69 112 149 43 83 48 70 208 137 229 155 181 231 166 27 239 117 197 128 204 108 165 91 237 163 207 171 36 107 162 227 67 84 210 66 193 135 99 178 138 236 158 212 73 57 118 
14 : 123 66 77 87 45 109 143 90 234 211 53 138 71 80 148 189 139 82 220 94 199 144 141 136 50 124 113 178 210 86 183 64 28 69 125 177 115 217 242 34 43 131 216 103 76 104 27 222 
15 : 240 203 205 106 49 230 171 81 167 113 77 42 43 221 236 123 126 56 101 223 64 196 61 93 156 105 214 210 211 104 137 30 173 175 
16 : 98 173 114 244 88 165 64 34 159 228 69 129 119 99 138 163 179 101 76 85 247 109 47 191 140 74 236 89 224 150 137 147 240 26 230 92 195 160 242 73 95 205 50 51 198 200 201 154 171 145 45 193 185 199 67 158 177 192 248 148 229 
17 : 193 126 170 205 172 182 231 186 86 233 113 155 75 128 112 137 53 143 159 117 39 134 116 114 179 149 207 195 98 
18 : 208 174 122 30 142 35 108 71 96 78 234 133 126 87 200 182 101 210 29 246 211 192 62 169 231 230 143 172 92 247 223 106 34 175 65 54 68 239 37 86 31 98 
19 : 72 218 96 25 222 150 244 216 101 92 119 99 126 42 85 196 201 140 122 190 81 148 98 83 141 210 162 90 80 
20 : 226 215 244 163 239 120 171 29 247 66 214 128 25 181 187 202 94 225 43 238 232 243 164 134 60 27 193 72 146 150 30 90 245 177 165 222 203 
21 : 218 53 42 221 241 225 61 137 171 223 194 59 196 178 216 65 201 230 140 207 150 166 110 222 131 164 174 116 73 192 181 43 71 193 
22 : 117 145 240 81 214 234 245 177 98 114 138 174 248 178 131 157 140 165 231 100 110 204 119 236 65 184 168 93 67 148 172 154 97 147 116 
23 : 206 123 182 66 190 30 248 90 134 198 132 233 96 247 54 131 108 28 32 35 225 241 179 41 158 72 249 78 102 127 43 165 205 100 50 25 170 119 110 223 109 27 
24 : 135 206 47 179 141 109 51 59 148 227 167 63 223 117 81 198 70 94 107 99 139 34 75 45 91 248 28 193 123 108 216 
25 : 104 240 114 89 84 109 108 110 45 171 174 65 137 203 176 214 101 135 39 175 162 112 48 141 25 245 111 188 249 153 71 210 152 136 225 193 69 140 37 
26 : 249 221 114 76 127 159 182 60 80 134 245 154 50 129 180 58 202 63 167 40 32 109 229 64 137 98 228 117 36 88 204 214 103 209 194 235 143 132 72 157 65 89 198 126 79 161 45 242 178 158 
27 : 249 43 95 41 52 172 207 143 128 204 61 237 228 178 99 73 149 162 220 245 115 156 123 171 81 47 213 37 44 
28 : 88 75 69 81 229 83 186 189 203 66 59 41 159 183 99 222 131 73 146 104 31 124 208 77 242 115 173 65 60 32 72 246 36 232 193 201 205 168 158 209 114 103 55 160 210 176 62 239 85 224 132 198 167 40 191 43 76 57 138 67 95 
29 : 49 213 183 167 65 25 29 221 98 142 173 110 207 199 238 239 26 241 129 161 220 216 180 36 164 83 88 163 45 248 125 227 217 122 159 95 92 133 52 234 101 100 171 198 200 233 105 42 206 124 60 47 166 
30 : 188 70 26 52 129 243 114 122 73 56 215 153 145 93 144 214 210 86 158 98 43 139 157 174 121 148 240 91 190 35 195 31 242 117 233 193 42 99 119 200 249 29 237 192 236 154 85 216 74 82 156 69 79 
31 : 217 240 208 221 108 170 88 91 132 136 106 244 27 149 101 129 74 66 87 151 173 207 95 179 41 50 189 124 117 40 78 238 131 167 204 230 97 147 157 155 111 109 29 139 113 201 35 105 142 60 144 31 222 114 39 227 
32 : 46 43 92 79 158 205 177 129 199 180 145 120 57 27 25 181 159 90 59 212 197 65 135 30 126 82 171 130 64 42 123 132 198 203 73 32 50 237 116 187 62 217 179 248 201 47 154 186 
33 : 241 240 118 207 180 171 94 227 74 195 203 52 197 193 204 57 184 103 28 83 67 88 156 109 140 29 73 76 56 148 242 192 224 146 185 189 181 223 190 216 127 119 32 
34 : 141 169 179 227 147 241 166 149 85 41 139 245 198 33 25 35 110 177 128 180 226 78 87 155 244 115 43 197 68 210 31 44 220 222 199 170 64 160 37 133 200 
35 : 140 41 110 43 37 109 96 91 227 157 55 166 95 159 103 187 144 214 111 119 64 173 67 234 243 137 205 128 200 60 38 74 32 195 191 178 72 94 239 97 82 194 163 148 129 172 218 141 
36 : 137 156 79 59 243 245 107 98 184 198 105 147 70 142 166 60 193 77 92 123 189 194 88 237 220 176 212 33 183 159 128 211 131 169 32 121 149 62 106 221 64 229 42 200 28 240 27 210 143 114 40 163 227 44 197 73 41 134 174 158 85 
37 : 34 238 50 48 220 151 224 144 174 70 194 94 92 128 149 202 110 158 249 235 78 142 201 68 175 226 26 85 96 167 44 230 162 183 161 90 237 229 43 100 228 169 200 28 84 69 219 227 112 83 140 
38 : 100 107 26 127 92 179 84 186 228 169 177 93 220 113 77 167 165 239 70 171 33 181 112 35 159 142 110 161 53 133 232 25 99 90 192 173 134 187 125 78 82 152 247 191 215 233 72 248 246 81 55 237 185 50 
39 : 111 211 30 209 66 178 92 117 203 53 249 163 202 128 247 239 171 201 220 207 43 160 205 25 195 113 232 134 87 230 130 48 90 51 35 100 206 204 198 65 188 184 240 47 106 68 177 210 222 243 38 
40 : 90 49 84 29 109 108 199 186 93 164 136 62 211 178 177 174 180 190 175 244 33 229 225 165 210 206 31 187 95 228 143 
41 : 204 191 198 81 186 158 213 115 174 40 54 145 196 104 34 223 117 140 45 244 149 142 31 246 161 248 97 203 148 77 180 72 243 157 176 195 228 100 131 84 201 
42 : 77 104 65 50 93 232 128 241 123 173 37 229 218 105 31 68 237 224 92 179 27 220 45 126 198 83 193 40 91 143 33 160 233 70 225 195 36 249 103 142 191 223 238 89 203 66 183 106 207 
43 : 169 178 51 102 146 235 117 184 144 55 216 53 93 249 118 132 94 180 224 28 38 142 54 174 104 47 49 46 60 212 156 202 57 72 154 78 179 68 34 125 129 99 199 96 165 48 122 168 234 159 187 103 89 167 130 181 164 161 239 
44 : 111 64 58 100 102 65 33 52 91 204 161 201 163 169 202 98 34 55 223 27 210 159 43 94 240 220 192 31 71 116 
45 : 36 130 196 86 50 121 80 59 104 97 71 235 136 199 173 124 153 198 100 238 168 174 183 106 233 87 230 96 44 25 56 195 133 160 115 214 34 145 165 194 66 197 146 171 220 65 191 132 215 240 225 120 92 218 166 126 229 
46 : 69 43 201 190 159 152 224 50 193 233 154 196 112 247 36 177 130 34 33 96 131 30 194 67 62 47 114 129 77 75 169 151 179 216 244 128 137 245 88 212 105 122 219 89 31 76 140 171 198 214 188 66 78 38 25 187 170 126 58 82 65 106 
47 : 64 161 180 118 216 45 35 185 134 145 38 224 174 130 98 181 52 141 177 61 244 162 59 154 201 173 243 74 115 119 27 176 190 240 94 113 122 178 120 53 168 136 48 232 73 245 42 155 88 248 58 195 32 91 182 193 
48 : 200 85 34 223 138 139 43 57 155 176 244 150 25 158 71 103 140 115 181 198 182 135 184 112 51 248 82 177 192 66 121 32 232 178 118 109 142 83 213 242 79 236 188 65 234 26 87 217 133 123 40 132 
49 : 187 136 198 159 128 220 148 69 102 199 207 131 104 151 216 97 78 232 144 215 43 26 53 59 152 192 39 223 248 41 82 245 126 179 204 72 209 227 58 100 206 29 202 52 55 177 64 
50 : 150 209 119 205 77 154 173 79 181 34 179 46 27 239 36 215 200 94 184 185 26 190 202 69 193 146 104 103 114 134 38 176 249 65 64 58 
51 : 178 27 29 151 193 108 105 69 180 159 139 28 57 86 70 233 43 136 235 35 189 74 42 221 124 146 
52 : 166 37 69 189 195 55 99 130 126 245 114 47 45 174 35 150 164 87 79 53 145 100 188 217 40 25 51 54 193 
53 : 33 223 249 228 114 31 68 52 120 99 94 176 153 51 121 155 64 238 162 219 185 63 107 133 210 
54 : 131 49 216 94 159 78 85 191 110 57 106 215 189 130 158 249 152 161 147 27 44 68 104 56 185 93 220 195 42 134 40 107 
55 : 81 87 240 167 147 223 131 178 138 51 130 174 135 103 67 72 44 127 119 186 144 170 82 125 77 
56 : 235 165 43 53 38 176 76 39 81 108 138 103 192 144 123 249 162 122 156 129 233 121 26 126 67 78 245 182 248 168 186 167 66 134 203 75 119 60 65 184 197 194 205 200 151 94 25 85 230 214 44 72 191 
57 : 217 104 164 93 148 133 160 35 33 64 157 132 174 46 137 32 138 116 62 154 202 57 172 26 182 50 225 192 81 186 120 
58 : 155 97 109 55 179 235 181 42 183 166 117 219 40 213 158 112 94 82 77 99 140 169 194 240 101 28 129 178 182 70 116 72 73 153 186 44 76 175 204 188 233 199 30 168 96 127 170 78 58 88 152 171 192 46 90 185 80 234 29 
59 : 148 174 34 238 124 215 55 67 208 196 84 112 139 176 75 142 239 110 166 192 119 97 187 234 128 85 83 105 154 198 243 145 216 44 147 146 108 32 60 188 189 109 39 25 200 47 246 98 226 
60 : 116 60 180 81 129 128 106 218 230 175 239 134 53 162 39 135 154 133 226 34 163 54 68 62 97 205 165 101 144 127 237 191 140 131 214 63 198 196 98 148 41 103 184 242 26 99 219 231 
61 : 159 84 34 109 218 103 119 247 237 100 64 196 132 123 141 40 216 124 94 96 153 55 245 208 203 166 130 249 146 174 114 224 209 170 169 145 135 125 51 205 180 41 50 60 230 161 187 238 221 204 127 182 243 107 47 188 37 136 143 220 
62 : 75 165 156 73 93 68 176 38 46 72 96 166 175 189 163 228 152 45 213 203 192 32 106 143 135 34 193 232 89 140 62 94 
63 : 91 190 213 117 189 143 197 55 121 206 33 56 94 85 202 130 125 78 59 155 226 247 71 235 127 140 177 29 65 84 126 57 99 80 239 52 228 66 146 150 58 100 148 179 169 74 168 104 183 223 122 203 237 154 
64 : 199 75 156 46 130 78 42 120 90 239 202 86 68 127 40 152 232 61 246 119 49 103 69 92 140 189 238 85 124 171 180 77 161 126 36 185 87 201 182 100 32 57 242 101 195 111 197 243 170 154 38 169 203 245 194 175 
65 : 104 145 50 137 143 101 59 119 185 31 47 81 237 168 95 200 152 41 78 109 155 99 206 90 207 163 167 215 76 138 233 75 129 110 232 85 238 159 228 174 34 164 
66 : 119 148 150 132 224 144 159 99 45 84 215 65 177 50 104 195 122 112 225 199 217 173 245 81 216 161 56 36 44 94 67 43 58 111 26 198 140 158 35 47 222 38 196 69 192 183 228 74 115 212 230 130 78 128 186 59 145 202 
67 : 57 52 171 159 90 39 221 122 121 209 207 210 211 66 215 190 37 181 136 69 144 241 25 235 216 82 126 197 56 29 220 111 104 206 184 226 75 166 
68 : 72 114 212 231 50 208 85 65 187 90 100 238 214 132 192 47 149 133 246 176 93 115 38 29 234 48 52 66 215 26 110 221 127 225 204 239 36 136 226 54 58 193 167 190 122 105 216 112 
69 : 187 93 132 215 60 176 88 197 128 192 75 209 202 63 95 185 73 219 79 158 82 135 201 245 71 44 208 86 162 64 160 196 76 115 77 74 31 233 225 98 28 140 42 137 85 186 147 97 78 131 204 139 189 227 
70 : 138 170 184 139 40 71 53 188 165 34 223 69 42 101 68 201 239 93 91 50 243 214 192 176 174 178 39 136 189 137 86 140 85 234 159 157 236 59 72 30 
71 : 102 160 184 249 200 236 86 47 225 146 67 144 113 70 36 29 207 170 232 93 90 151 233 56 111 128 130 52 73 
72 : 195 220 124 54 78 102 85 109 158 155 154 58 26 211 174 122 89 145 185 83 73 34 115 70 86 37 82 94 239 50 38 206 199 
73 : 199 128 123 220 168 100 247 215 97 66 40 151 121 117 51 150 217 62 169 131 43 158 139 44 230 244 174 108 207 41 96 25 140 93 186 193 126 85 243 104 69 42 30 73 205 160 32 38 136 111 115 
74 : 215 121 105 151 46 101 51 218 109 81 247 96 77 33 133 207 75 245 125 122 147 112 159 209 106 234 178 192 98 120 169 186 90 198 162 67 165 79 179 82 94 130 230 244 97 141 175 114 183 146 185 135 
75 : 165 138 229 39 112 193 231 201 123 175 190 163 96 220 31 146 71 209 46 222 49 204 85 191 106 192 48 61 159 37 242 206 181 44 172 50 35 58 153 122 64 131 197 171 196 199 57 134 211 232 245 205 198 43 154 87 
76 : 75 73 163 109 65 92 211 116 77 90 191 110 202 185 56 160 124 220 178 196 62 36 176 204 133 54 169 158 234 79 121 83 112 81 166 238 30 230 26 82 161 107 97 152 153 87 108 187 38 
77 : 165 143 101 161 102 207 46 191 227 97 246 168 75 123 198 122 94 147 103 214 80 124 115 208 248 211 50 181 109 59 49 86 78 235 39 170 67 157 76 
78 : 204 193 92 215 67 156 135 154 239 162 36 115 32 200 99 217 118 100 94 247 199 206 142 235 101 245 213 150 225 196 124 242 219 61 76 58 146 137 186 167 129 159 43 201 59 84 210 236 
79 : 36 187 182 47 99 162 190 247 124 49 231 25 38 33 140 44 165 37 158 209 135 130 40 221 120 103 189 71 149 185 239 137 92 108 244 222 39 203 178 64 174 75 
80 : 88 177 142 56 167 242 108 94 185 82 55 115 65 78 51 66 207 214 180 59 215 97 155 170 60 34 169 110 161 37 75 124 149 64 96 130 230 92 159 38 208 145 206 139 174 79 162 186 184 236 220 146 35 227 176 81 125 70 181 
81 : 116 131 189 246 238 76 56 213 71 129 200 136 192 145 28 69 187 224 234 54 63 43 92 31 161 146 204 186 159 163 164 245 194 223 111 105 41 172 236 36 103 25 53 
82 : 197 113 83 240 166 64 51 123 103 79 102 156 62 117 209 211 154 212 217 99 38 196 171 106 97 74 76 177 140 216 167 147 105 69 94 153 111 95 143 63 46 78 80 88 47 192 220 159 142 125 235 230 187 229 49 101 96 201 215 129 
83 : 44 73 179 155 246 214 197 166 60 74 112 55 89 48 51 176 120 249 37 131 80 52 201 213 212 129 196 95 218 226 88 42 134 119 231 32 85 82 158 244 54 222 68 187 149 164 216 
84 : 121 53 100 249 119 71 246 222 104 184 151 98 110 207 161 245 197 196 164 139 99 69 204 226 168 190 172 162 137 209 179 215 55 146 156 212 177 94 72 202 248 52 199 189 173 182 44 63 237 33 54 216 78 193 134 150 67 40 227 112 
85 : 185 44 26 176 35 228 52 155 243 232 184 217 101 45 105 42 174 229 25 90 32 67 69 141 93 48 220 120 55 119 29 122 
86 : 206 34 65 221 218 71 237 39 99 79 172 36 97 82 54 243 173 84 162 222 56 58 73 225 139 125 45 248 167 64 205 129 78 108 85 53 171 141 200 130 41 66 249 55 183 63 223 150 151 131 199 244 
87 : 218 68 150 207 52 158 128 194 114 111 56 104 32 59 116 135 140 58 119 223 46 155 26 200 69 28 191 89 225 232 146 230 51 101 83 177 55 163 214 71 153 63 97 221 47 99 205 184 217 231 91 45 144 33 134 67 165 137 110 193 162 168 222 
88 : 153 231 89 103 247 149 33 57 115 142 132 212 134 238 184 225 246 183 206 217 105 63 221 171 151 79 90 148 237 143 203 58 30 93 121 85 170 110 65 178 98 
89 : 83 78 236 225 40 50 137 25 217 49 95 85 67 241 127 46 176 36 205 108 66 238 74 87 68 198 72 180 235 177 218 
90 : 139 132 51 68 72 157 150 48 210 54 200 123 39 35 115 152 107 96 167 30 189 245 194 249 55 32 88 118 155 161 230 57 147 181 38 232 235 95 124 195 49 28 156 91 215 
91 : 178 134 119 38 34 248 113 33 245 219 220 211 141 85 132 174 171 72 199 65 80 126 247 53 197 92 35 127 159 108 75 169 64 45 
92 : 95 176 182 234 206 164 148 103 193 157 238 219 76 163 167 58 59 40 154 54 131 207 48 205 208 90 133 155 220 65 52 105 75 37 137 239 151 35 149 45 179 200 153 56 
93 : 112 123 28 129 75 137 194 230 128 205 101 66 33 58 67 115 42 122 159 86 172 104 126 150 103 193 107 177 74 164 48 219 161 57 78 233 238 140 152 225 247 109 39 135 73 176 166 181 44 
94 : 137 56 59 93 89 90 53 188 92 79 239 74 88 98 58 241 87 78 178 133 112 190 42 165 154 153 152 238 167 31 139 199 150 94 220 70 101 77 194 237 181 
95 : 241 66 138 189 246 55 214 118 199 235 180 210 76 201 48 98 148 51 52 209 38 30 49 81 60 193 238 159 161 207 
96 : 204 249 34 100 185 44 151 101 79 58 56 73 150 158 174 109 187 30 243 142 180 81 191 121 152 42 80 104 65 171 165 139 32 163 170 221 131 225 
97 : 41 148 191 40 87 175 30 218 190 59 162 141 238 34 39 157 182 109 98 249 99 92 245 211 89 198 91 221 81 209 247 195 174 132 82 201 240 124 85 122 125 134 206 121 56 216 235 120 232 63 205 146 105 226 172 197 
98 : 50 137 87 234 26 39 81 104 138 48 148 184 110 42 164 206 28 33 124 97 170 239 52 62 225 105 79 236 64 131 224 215 199 227 154 162 153 102 145 181 55 173 169 240 
99 : 108 52 187 112 53 43 50 148 85 64 167 147 97 105 123 42 174 48 86 217 150 177 242 156 39 222 103 58 240 92 55 72 115 135 27 246 81 100 66 192 136 111 
100 : 120 215 67 138 165 62 143 208 171 168 76 142 37 79 235 131 160 193 32 150 244 219 181 82 179 147 52 121 36 31 211 204 159 60 176 65 161 202 103 109 174 239 64 96 213 
101 : 44 168 115 68 50 151 62 213 166 53 110 82 196 87 214 32 187 83 181 145 114 113 158 143 107 234 197 134 239 153 199 154 229 243 155 124 146 34 245 88 55 25 30 192 
102 : 95 54 186 237 150 69 184 167 41 236 172 55 214 171 228 82 127 143 61 180 233 140 121 78 47 33 141 240 138 162 94 68 148 49 107 57 51 100 92 126 241 153 115 224 83 84 96 178 42 120 149 190 123 34 198 244 189 81 59 62 169 
103 : 248 115 232 89 240 102 134 92 210 204 87 46 101 165 167 35 161 30 144 178 97 81 120 200 152 34 
104 : 222 206 31 60 26 223 149 219 208 164 238 203 240 248 178 143 205 181 183 102 58 231 209 97 98 70 27 103 214 157 199 109 126 170 242 244 92 
105 : 235 200 70 232 149 172 183 32 186 161 206 219 215 95 74 76 128 220 45 133 142 157 138 73 244 135 188 167 131 104 236 126 29 71 156 116 187 
106 : 200 226 224 231 229 234 106 177 169 134 237 205 87 127 152 59 97 49 191 171 37 33 208 174 132 74 26 241 203 213 212 166 62 53 145 199 58 133 81 192 57 158 139 43 207 154 113 66 142 227 111 220 75 189 35 25 
107 : 203 185 178 218 177 172 242 36 77 231 109 38 159 132 91 125 164 128 105 71 117 230 198 193 191 99 189 70 176 225 65 48 95 144 167 108 89 236 26 183 102 232 155 72 129 104 195 76 205 190 202 25 139 184 170 133 52 158 248 219 50 101 
108 : 57 87 226 50 88 154 249 172 200 207 124 137 98 55 67 155 111 40 113 42 197 117 72 101 213 26 222 136 103 194 126 47 112 227 243 198 143 141 193 46 220 131 35 52 84 232 206 171 105 34 203 234 56 163 190 51 110 237 94 214 104 160 90 
109 : 38 203 175 140 189 220 170 224 39 121 188 167 46 248 42 134 32 86 223 93 244 112 83 184 207 145 218 116 225 132 123 126 135 177 131 164 113 
110 : 179 133 124 165 187 164 175 163 220 171 211 222 239 233 62 63 121 177 100 52 235 186 172 92 102 184 132 81 203 87 33 215 157 77 75 50 31 39 104 59 116 
111 : 244 59 115 191 33 148 240 77 160 81 212 188 136 205 49 134 165 92 35 138 84 131 98 204 86 158 64 40 190 229 199 184 207 225 
112 : 229 39 110 62 34 124 86 162 28 216 175 192 187 220 102 247 78 171 194 158 95 166 190 116 233 193 114 55 87 142 155 53 69 66 113 239 89 37 206 159 213 149 59 165 54 129 147 33 133 249 200 81 191 157 46 85 56 104 
113 : 25 105 122 116 170 222 193 111 98 58 37 208 41 237 232 35 205 110 63 248 148 183 207 244 75 29 50 83 184 212 56 
114 : 219 194 182 175 142 196 83 147 113 96 40 81 180 52 103 247 149 148 237 198 39 205 60 144 110 216 187 88 65 
115 : 97 101 104 89 167 222 228 146 213 240 131 47 103 149 171 37 169 129 93 51 160 177 237 78 201 182 125 39 163 72 48 100 170 174 109 153 120 197 53 180 90 30 227 134 207 166 143 74 79 164 68 195 226 139 155 176 208 
116 : 216 45 153 173 64 107 168 65 127 220 225 44 97 124 79 80 60 102 50 245 120 123 109 136 248 46 242 134 160 150 227 122 156 143 162 232 169 
117 : 33 54 86 169 87 111 234 113 43 246 170 201 99 34 127 148 164 137 36 163 67 210 199 191 165 109 136 124 138 242 216 
118 : 94 101 96 166 60 248 187 126 135 99 97 243 95 127 69 211 26 81 238 33 86 57 184 155 241 186 82 175 152 162 55 139 52 87 157 46 200 85 182 76 77 34 75 222 38 65 39 245 136 223 244 107 224 117 45 141 205 62 153 235 109 206 
119 : 25 219 195 118 202 184 106 107 39 52 196 114 38 145 201 47 54 164 139 69 95 28 142 245 124 63 154 92 77 169 110 221 161 126 60 149 191 68 151 87 120 247 125 135 
120 : 62 168 216 74 133 214 152 76 125 165 176 232 194 43 201 105 115 140 128 65 46 192 163 108 124 139 199 134 84 104 61 130 188 217 85 50 57 97 52 137 117 48 31 166 231 208 136 121 227 149 180 70 209 146 89 
121 : 218 66 73 150 248 117 164 121 176 221 224 235 115 120 245 29 191 247 204 103 241 170 146 46 141 122 36 188 131 161 76 133 26 37 
122 : 229 26 231 45 25 57 71 213 118 88 192 153 187 184 240 49 216 60 154 40 237 28 72 100 106 211 176 195 212 173 205 194 39 165 183 75 238 32 27 83 156 182 233 191 200 209 30 47 186 
123 : 224 245 54 86 154 206 97 148 241 205 115 135 35 30 66 75 85 216 242 125 119 178 191 166 225 219 92 188 34 180 212 167 100 52 90 170 127 111 29 237 50 172 129 151 160 155 136 47 139 174 27 76 194 57 169 
124 : 242 43 142 102 219 92 52 171 109 196 202 42 231 46 54 72 75 216 116 188 73 225 69 140 180 158 153 120 151 141 39 100 241 156 214 208 169 133 185 49 
125 : 28 42 211 120 186 118 111 103 91 239 71 184 100 116 197 227 163 238 155 212 170 185 216 210 171 154 215 208 138 93 102 99 94 150 231 29 73 188 218 147 166 33 84 
126 : 52 114 41 193 154 105 130 64 206 226 246 82 122 187 143 62 113 103 112 166 197 99 59 51 129 
127 : 66 64 215 134 76 163 151 207 195 212 67 62 87 109 82 158 181 127 59 116 145 39 229 132 117 217 220 51 204 183 77 81 65 118 152 47 193 227 71 92 121 230 74 146 
128 : 101 100 51 207 206 197 127 213 105 121 103 90 77 247 35 189 224 63 190 242 240 118 239 116 87 43 114 151 249 153 
129 : 214 217 125 114 28 109 88 60 190 206 130 172 99 134 213 179 180 198 85 136 139 161 119 29 212 154 50 41 186 55 54 67 205 43 209 196 203 244 91 
130 : 121 44 111 206 192 41 225 184 228 72 102 217 240 213 230 157 138 137 135 61 221 226 63 170 59 162 57 87 67 48 195 30 103 93 215 146 239 238 237 26 172 92 80 210 42 229 97 242 232 244 180 140 165 194 224 227 27 168 55 
131 : 107 88 170 38 180 215 159 206 59 182 165 237 219 193 46 139 169 143 65 208 136 90 218 92 66 207 105 76 30 94 166 81 168 138 238 31 129 75 156 28 56 49 
132 : 154 63 204 240 102 215 244 242 160 94 171 156 144 238 177 187 114 170 223 158 60 31 248 64 39 143 153 175 169 190 188 126 194 27 134 202 68 186 43 182 192 89 142 199 172 108 106 73 146 30 67 127 76 122 217 216 222 150 
133 : 213 139 209 106 93 114 34 118 43 159 82 169 221 158 53 185 144 109 197 187 233 196 74 91 37 73 27 135 240 89 52 212 54 102 28 216 241 170 234 83 214 94 198 40 58 136 71 77 120 48 194 147 49 62 63 108 236 189 
134 : 193 100 111 194 160 216 244 202 197 242 211 249 116 130 69 104 55 237 52 107 140 148 156 139 161 25 51 153 236 247 32 105 239 207 229 98 214 246 94 190 
135 : 173 31 101 107 142 71 225 131 178 129 85 186 169 170 158 55 77 220 244 26 210 215 87 99 137 114 66 104 185 188 83 94 249 222 130 164 34 113 
136 : 244 97 85 235 147 59 51 169 112 98 207 46 223 70 84 177 212 127 152 175 194 222 128 62 173 165 227 202 54 89 103 125 76 150 133 158 218 115 181 231 208 199 52 58 139 44 210 93 201 36 238 48 205 228 141 129 94 
137 : 163 150 147 172 36 177 110 79 76 104 42 81 218 235 215 151 116 179 181 46 159 248 95 38 149 165 178 90 201 209 87 136 224 186 53 55 30 119 74 144 241 213 160 111 212 100 216 140 191 101 48 228 54 107 75 190 225 25 180 
138 : 193 132 120 60 95 36 232 92 155 131 189 222 188 191 190 244 167 160 147 94 218 30 225 127 117 124 239 204 108 40 80 113 149 142 151 
139 : 60 219 44 59 48 118 170 159 218 213 77 117 212 215 41 54 56 92 113 80 242 98 36 140 132 26 116 39 68 35 135 65 172 237 201 84 186 156 236 189 168 107 
140 : 124 36 44 202 140 177 93 212 168 49 224 205 211 58 241 64 242 178 215 104 174 183 203 228 162 150 75 214 35 199 220 83 108 84 142 193 107 125 39 25 226 47 213 112 189 97 147 
141 : 174 52 136 95 39 138 182 132 244 242 32 243 152 128 161 248 192 236 159 70 82 36 201 193 88 241 249 59 178 144 41 85 63 150 100 207 38 78 120 160 115 57 
142 : 126 171 56 209 143 107 136 109 94 29 172 160 158 40 142 77 117 112 135 149 168 124 226 45 247 60 189 159 204 67 100 140 26 174 132 48 193 
143 : 162 174 27 199 120 247 62 59 151 92 56 53 198 143 169 131 67 147 222 157 182 139 229 205 236 
144 : 219 175 51 204 208 29 202 126 221 102 41 30 232 165 222 90 72 62 106 201 64 77 81 138 46 235 248 166 240 86 223 186 119 199 205 191 115 216 136 234 103 26 172 121 150 100 135 111 241 57 157 54 168 147 243 152 130 212 83 143 105 107 
145 : 32 209 133 168 248 33 172 164 221 75 101 176 63 200 100 175 225 144 162 64 104 35 203 120 169 40 45 161 180 61 212 157 
146 : 49 179 210 221 146 226 215 30 202 140 220 222 104 141 51 233 101 235 211 156 248 133 63 207 163 239 187 106 27 246 182 87 201 77 72 236 185 96 57 137 55 172 197 54 74 36 94 86 180 31 98 190 243 196 212 161 80 110 115 223 109 173 
147 : 36 229 249 203 181 43 34 226 65 104 30 218 208 82 176 163 167 123 97 227 173 132 198 64 41 47 230 141 231 91 172 
148 : 112 96 224 175 38 73 176 47 76 231 185 205 61 135 248 154 215 81 213 236 86 139 150 191 211 159 160 219 182 116 222 209 225 37 39 237 26 65 179 186 156 56 103 188 170 88 67 128 238 202 36 223 220 134 30 99 198 
149 : 146 101 179 172 178 52 173 133 222 243 187 128 61 58 29 110 54 214 68 66 46 67 138 223 139 95 235 124 120 208 184 162 96 216 50 174 104 183 100 217 176 125 148 26 163 56 118 233 77 98 142 132 105 
150 : 37 30 147 73 116 27 131 46 146 246 215 185 249 60 51 119 92 168 141 49 52 208 175 105 220 47 63 
151 : 160 80 245 47 123 45 189 90 59 235 216 50 27 231 246 103 74 206 226 157 182 71 33 79 181 142 100 118 171 127 111 130 213 195 112 227 151 
152 : 164 51 103 184 60 78 40 141 97 209 199 194 144 214 227 31 157 175 66 85 178 86 95 107 154 195 52 43 187 168 146 65 114 99 45 231 102 90 73 202 245 217 77 36 174 49 
153 : 35 86 25 160 58 223 64 157 216 59 143 78 57 145 222 30 79 176 217 148 102 203 65 69 29 128 159 174 98 27 
154 : 149 63 157 136 107 127 80 204 182 93 124 194 53 45 95 41 173 40 130 109 152 30 178 186 169 177 226 142 
155 : 245 121 181 58 151 72 104 182 27 138 82 180 74 130 103 158 50 36 42 96 49 135 224 210 207 112 53 170 39 63 34 156 209 243 232 167 248 186 175 147 166 118 76 60 184 97 214 126 48 187 
156 : 205 170 76 30 227 102 40 62 68 97 133 60 100 143 240 87 228 241 212 193 187 115 105 111 230 118 69 203 188 101 50 189 245 99 116 93 220 186 153 86 128 47 221 195 135 149 232 
157 : 232 148 130 187 159 41 104 74 86 92 191 207 246 91 90 65 30 121 154 123 113 100 213 150 135 25 182 37 236 102 99 176 215 152 39 114 170 45 226 
158 : 244 72 118 157 186 142 100 203 74 165 93 57 163 97 105 36 215 131 68 77 128 86 140 175 242 245 192 171 91 115 178 87 211 
159 : 93 42 164 176 102 78 115 233 116 131 231 80 127 132 183 165 39 121 234 117 111 168 214 108 51 129 79 197 228 238 218 191 130 133 94 
160 : 88 93 226 157 185 86 50 29 55 207 97 239 169 168 127 210 233 42 199 220 135 72 236 225 77 49 116 152 190 249 137 79 161 229 141 180 74 143 75 202 243 218 181 70 170 
161 : 199 50 186 98 77 84 65 102 101 225 247 213 99 171 104 205 116 164 113 139 156 90 189 162 123 214 40 108 109 160 226 45 223 28 166 59 143 64 192 73 52 36 216 31 231 87 42 157 126 38 141 92 204 224 234 80 63 242 54 35 115 82 93 
162 : 109 99 178 180 172 193 186 76 163 130 105 116 209 155 249 142 147 194 224 181 94 71 158 115 143 192 184 168 127 122 239 150 215 
163 : 54 235 57 146 75 51 121 151 173 128 201 81 97 122 245 76 138 69 164 239 87 66 31 129 88 60 247 25 93 140 115 98 113 217 195 
164 : 100 221 193 45 215 92 73 133 186 216 120 117 236 163 29 53 81 237 57 138 248 184 93 50 189 157 128 187 156 155 109 246 232 176 203 213 61 197 139 158 226 
165 : 192 202 242 97 50 246 203 83 116 160 105 142 164 161 152 241 107 211 249 53 237 81 125 45 28 239 
166 : 195 143 221 79 140 104 212 61 220 46 43 99 59 49 69 207 197 185 96 77 228 147 129 182 235 156 136 222 60 230 30 110 41 168 33 232 240 40 247 233 178 100 142 29 84 218 72 55 97 115 241 248 44 89 159 162 37 
167 : 132 226 128 102 59 212 216 86 43 110 137 68 78 221 181 159 202 101 144 127 180 122 188 232 151 118 55 248 178 90 237 214 46 172 
168 : 31 230 224 95 156 54 121 113 221 237 60 42 136 140 130 198 63 245 29 141 234 223 202 108 159 103 182 61 248 69 
169 : 215 248 69 153 28 83 209 166 203 162 52 155 113 170 118 222 223 73 77 32 50 206 33 186 119 157 195 59 139 85 58 112 49 116 147 191 71 66 201 122 193 144 236 242 87 179 64 167 246 192 219 233 125 174 38 79 
170 : 242 171 149 196 68 44 139 247 136 193 35 121 109 48 162 167 194 131 122 216 117 211 221 54 233 145 
171 : 37 187 56 198 203 227 195 142 153 48 71 236 158 128 245 178 190 186 246 136 177 40 194 65 168 223 108 120 157 116 197 83 62 137 140 192 106 87 141 179 55 97 173 151 85 216 104 26 98 129 214 76 32 
172 : 147 152 90 176 41 161 126 239 116 29 247 122 85 154 163 197 73 109 149 214 232 75 137 61 240 119 166 68 44 
173 : 161 197 243 122 240 155 233 147 116 166 159 167 141 111 121 245 174 241 120 65 205 66 48 69 239 103 138 237 215 156 207 45 95 43 76 208 175 218 108 107 232 86 47 28 115 54 201 133 223 225 31 200 97 117 90 
174 : 49 236 181 81 111 201 126 132 243 66 185 227 107 51 94 218 35 41 121 228 64 85 146 189 200 30 79 112 222 56 67 177 68 113 220 212 176 129 128 69 89 239 105 46 115 119 230 124 205 195 145 61 95 213 38 148 175 76 134 52 31 72 
175 : 228 166 36 47 59 85 53 26 198 142 63 98 34 33 72 191 151 77 105 48 122 52 242 43 74 165 116 213 131 247 29 136 245 138 103 244 112 196 167 114 94 187 179 214 174 206 189 199 153 146 42 222 125 230 139 239 149 
176 : 100 99 134 184 185 186 27 218 113 202 120 141 48 116 119 49 225 115 229 170 132 77 171 243 68 231 238 86 172 33 74 133 191 137 142 102 182 230 95 220 146 235 117 114 242 160 45 43 188 214 88 149 26 56 67 39 239 38 144 57 156 
177 : 226 164 27 45 165 71 187 116 145 30 57 182 40 94 54 87 90 208 85 25 194 131 235 168 60 151 225 74 107 91 195 127 207 98 199 160 156 111 99 248 230 247 41 79 184 150 125 217 59 244 
178 : 63 78 111 146 123 98 71 231 211 215 236 209 135 35 59 239 70 99 66 156 192 249 136 167 188 168 58 141 31 
179 : 182 212 52 158 198 207 123 159 88 44 149 171 199 219 151 114 72 78 61 145 26 134 54 47 173 84 181 25 109 244 160 68 118 225 107 74 238 227 165 204 111 
180 : 118 25 242 170 94 211 97 189 221 223 203 67 216 102 115 63 65 200 64 156 35 194 74 236 152 173 70 222 157 136 49 232 166 247 227 237 50 239 178 175 68 39 75 
181 : 193 37 99 183 98 50 41 52 90 160 148 43 179 111 124 108 220 210 158 163 186 93 67 245 30 95 174 188 46 72 106 55 80 162 70 234 84 132 36 92 123 249 31 214 96 137 
182 : 87 169 186 132 38 109 200 136 50 102 215 249 131 94 121 62 33 241 107 184 37 112 93 208 140 137 128 86 59 151 104 92 31 49 64 157 26 223 185 181 165 178 149 148 218 225 78 236 161 210 51 155 232 134 124 216 35 154 27 58 119 81 
183 : 106 116 199 231 245 73 205 63 234 194 248 25 123 39 225 88 203 227 137 228 51 215 220 76 56 209 162 36 
184 : 193 73 98 201 93 95 171 119 138 101 175 165 244 218 182 108 231 153 223 122 127 222 131 157 103 202 133 82 198 33 237 239 100 249 226 139 179 130 215 177 209 102 56 40 32 120 230 79 30 220 55 49 104 217 121 242 238 25 47 41 180 64 
185 : 101 136 140 143 38 160 226 63 56 163 213 177 168 118 227 159 61 169 194 80 138 228 116 59 98 131 148 49 92 
186 : 108 44 188 110 147 86 92 77 214 205 113 208 236 151 230 25 189 121 75 152 85 174 76 122 167 181 207 112 220 32 158 160 39 176 90 63 146 218 127 213 66 246 61 186 244 71 36 179 145 30 
187 : 236 161 202 54 154 109 26 62 183 42 88 102 56 87 226 67 72 106 175 118 248 169 60 164 228 107 143 227 240 112 70 
188 : 61 50 119 67 97 196 52 70 82 140 177 228 174 126 249 106 44 193 147 89 88 223 181 30 128 154 189 113 145 199 42 172 35 141 64 63 34 169 
189 : 171 183 229 81 230 97 25 220 53 213 215 190 90 124 199 219 169 179 195 46 66 198 63 204 74 
190 : 216 145 66 206 155 57 110 106 167 46 74 112 42 93 228 88 100 104 78 229 191 212 153 199 96 84 170 80 210 150 73 132 237 183 130 86 26 185 56 211 223 35 169 196 217 118 140 85 91 29 121 133 65 156 60 197 179 224 151 
191 : 109 243 136 51 163 75 231 104 69 202 95 182 93 154 78 71 65 86 183 159 84 26 211 167 155 79 81 117 178 35 96 180 179 115 210 42 39 110 30 132 137 142 218 226 122 150 60 120 161 196 45 83 208 149 147 34 241 192 191 
192 : 149 159 87 163 187 105 144 201 64 203 242 232 246 152 166 86 43 92 115 238 113 67 31 133 241 195 119 193 121 122 127 129 78 114 
193 : 43 235 207 156 66 133 54 158 173 53 113 117 124 25 154 179 85 140 195 248 230 82 71 183 111 98 87 86 188 242 56 27 159 63 193 228 165 227 222 141 45 68 123 212 67 104 147 245 239 199 229 62 237 168 
194 : 221 55 94 113 114 131 45 166 99 65 204 173 165 245 216 82 130 198 211 162 47 70 72 112 66 147 124 106 203 64 169 223 200 85 242 167 69 196 122 192 74 89 163 34 195 103 207 127 129 224 88 137 39 249 150 170 190 93 58 48 36 194 
195 : 208 30 245 176 54 242 219 199 111 162 233 75 131 77 200 183 241 206 160 207 109 150 139 214 71 121 110 190 115 81 197 134 167 
196 : 244 173 214 201 62 207 29 238 226 206 57 88 31 190 134 25 136 156 34 157 176 217 49 70 150 216 121 35 129 42 107 180 45 189 81 55 172 158 33 140 104 73 63 149 245 248 202 87 218 101 191 166 
197 : 226 140 93 208 110 136 240 92 58 79 152 232 225 157 247 65 97 162 235 134 202 73 96 150 45 195 84 197 233 81 68 
198 : 171 221 186 227 244 176 224 170 118 212 44 77 154 56 248 190 131 84 66 204 165 110 208 32 28 53 234 45 203 89 120 236 102 218 180 137 134 217 123 
199 : 130 58 41 176 100 60 201 127 217 115 38 110 223 209 37 157 164 183 233 144 248 108 46 242 140 123 76 228 89 111 64 241 199 207 216 82 138 139 59 141 235 65 74 119 187 153 210 155 134 196 
200 : 74 117 188 43 237 54 55 56 85 219 218 202 60 163 136 144 224 181 249 233 128 174 185 28 35 245 49 179 143 124 120 87 166 205 192 178 169 133 183 122 241 240 37 236 123 71 138 108 88 156 
201 : 63 234 50 92 135 36 193 123 140 196 243 55 70 94 102 205 56 173 77 145 222 99 176 76 80 215 101 51 100 229 248 148 211 201 46 182 170 159 152 130 110 83 241 142 
202 : 127 134 182 96 126 57 159 164 72 133 153 144 42 40 249 28 64 139 83 236 31 245 124 244 49 243 151 81 84 214 53 228 174 157 216 140 194 33 224 90 240 162 234 178 85 68 212 27 213 41 172 37 181 200 242 112 223 248 
203 : 30 137 245 107 203 151 154 65 205 136 102 210 63 29 148 145 54 56 51 100 45 207 228 112 217 124 36 219 50 123 152 240 191 70 163 80 49 131 87 33 69 197 128 173 74 34 183 73 246 31 37 218 160 186 226 127 221 142 35 216 
204 : 35 94 211 68 124 210 83 190 127 239 228 175 98 122 238 108 220 231 142 110 62 194 121 202 222 207 93 133 166 123 117 165 104 135 141 76 139 97 154 67 212 247 198 42 28 92 56 240 77 205 79 26 75 209 235 223 50 183 118 
205 : 219 123 248 206 140 213 136 152 121 88 110 41 210 92 220 153 243 34 134 170 239 78 181 46 194 242 174 208 127 90 157 150 201 192 54 148 
206 : 92 189 120 34 219 41 181 28 40 223 234 186 190 200 122 121 207 43 217 238 174 52 211 237 244 214 175 226 57 54 205 210 246 32 125 72 55 153 81 46 192 216 191 83 85 201 221 164 248 150 160 68 91 213 245 173 86 101 228 
207 : 241 38 198 103 154 172 197 182 148 122 110 146 178 32 81 28 215 39 64 133 113 144 109 240 220 167 94 36 112 143 58 82 26 200 56 249 153 183 219 105 247 100 125 184 209 123 225 66 212 231 118 136 223 59 145 188 
208 : 206 63 246 165 79 223 189 218 241 94 245 125 134 44 151 55 83 80 129 72 215 176 100 87 192 35 209 32 222 221 142 198 96 196 155 
209 : 169 228 193 161 137 240 60 107 162 25 149 210 38 163 179 244 190 241 130 158 215 144 156 218 183 199 211 186 224 
210 : 213 97 211 124 133 189 29 138 155 31 60 145 217 169 240 238 128 153 163 180 184 225 168 177 175 241 110 174 73 72 144 33 172 244 76 25 122 194 66 246 141 86 30 129 130 127 58 182 192 95 93 209 118 106 82 94 78 27 170 196 
211 : 168 95 147 216 51 235 72 89 126 195 28 76 130 155 65 98 100 134 224 241 220 27 52 175 29 191 143 47 127 60 218 
212 : 50 233 199 31 44 67 154 170 51 159 197 34 189 85 59 235 93 132 231 209 27 246 190 66 124 175 160 149 105 
213 : 58 96 25 208 131 56 126 237 88 111 223 201 68 188 158 72 177 54 206 183 224 185 112 160 76 82 101 249 
214 : 36 205 147 124 203 192 68 235 209 165 146 48 224 167 135 238 118 166 191 61 55 87 211 112 184 175 215 43 233 128 41 37 110 108 181 42 204 243 65 64 105 80 70 85 114 91 208 197 46 51 149 151 162 72 76 67 111 172 32 139 173 75 
215 : 130 80 26 117 40 234 27 136 49 215 71 95 218 105 48 92 47 187 113 74 233 112 89 79 30 72 34 161 62 
216 : 121 37 217 117 72 161 170 154 159 227 136 182 114 173 102 46 51 62 80 204 214 191 143 208 70 153 
217 : 147 195 90 109 145 157 43 25 35 114 32 194 45 175 185 179 64 230 62 31 69 170 169 239 27 48 81 141 139 65 75 110 223 135 160 233 188 148 49 133 242 246 131 181 228 234 99 222 238 158 77 72 121 204 42 127 
218 : 38 147 97 154 195 200 120 87 70 53 209 193 213 242 44 192 148 31 247 47 55 207 66 130 81 96 116 58 30 132 80 226 205 117 79 
219 : 117 73 156 124 204 136 111 211 26 95 187 37 163 56 191 121 47 146 170 154 229 140 178 90 216 145 31 185 179 161 165 231 199 84 227 54 230 246 212 202 232 86 49 153 224 143 114 139 152 188 75 134 219 243 172 45 173 
220 : 87 147 206 81 72 225 209 84 173 175 198 187 79 188 38 171 47 44 118 166 160 33 244 158 154 128 246 78 169 50 
221 : 55 195 172 94 205 34 215 74 78 41 67 73 124 192 42 221 27 231 81 113 99 63 141 71 66 157 218 178 203 70 58 143 191 155 117 31 206 142 134 39 170 217 32 121 188 53 40 187 92 60 46 140 238 168 190 207 174 103 181 72 162 199 
222 : 193 167 63 195 185 221 58 225 56 215 202 78 49 91 244 47 129 121 51 203 154 48 123 71 218 
223 : 124 138 187 36 178 29 106 141 161 221 155 101 176 240 132 61 75 34 197 53 224 179 218 241 175 
224 : 227 130 162 246 213 37 67 145 151 111 212 28 244 188 103 71 202 77 215 70 187 85 74 61 57 135 165 51 139 153 228 191 240 201 25 68 185 75 138 233 146 234 123 69 184 40 170 224 87 84 78 34 26 81 174 218 122 194 149 86 
225 : 215 61 171 185 184 172 175 135 180 224 77 60 123 58 225 160 67 48 188 146 234 102 28 241 168 147 59 68 149 240 57 124 134 231 46 220 64 37 99 167 145 39 249 86 105 69 242 158 76 219 246 78 207 244 216 33 174 112 150 88 90 
226 : 155 28 63 209 158 80 56 176 194 153 100 112 225 181 178 84 59 46 174 169 238 183 130 65 142 87 249 34 231 222 47 236 51 107 75 167 68 147 106 246 186 25 77 37 
227 : 97 93 234 138 151 140 180 160 185 148 29 194 144 116 134 45 247 177 107 101 95 71 64 89 173 77 191 224 168 68 238 235 35 161 87 175 189 135 174 192 55 105 208 54 183 190 75 36 33 115 149 118 143 
228 : 91 45 94 126 132 128 108 217 81 117 192 234 32 27 159 229 98 200 194 120 112 147 198 228 230 53 68 134 111 173 57 99 75 153 195 113 70 179 88 92 89 95 103 177 136 79 54 212 175 131 189 33 31 207 130 205 39 55 203 148 154 107 59 
229 : 164 65 87 49 73 94 33 173 142 238 209 189 76 144 146 61 69 89 99 194 77 44 115 95 43 52 204 227 34 169 232 149 154 46 71 86 240 206 172 151 111 66 218 100 130 29 47 166 104 59 106 38 205 109 
230 : 214 172 218 106 63 154 203 99 121 57 227 165 81 204 29 52 246 71 26 157 178 132 60 91 220 192 215 162 239 31 184 75 202 138 39 234 247 151 74 49 69 67 194 45 222 
231 : 167 127 90 168 87 121 201 31 130 245 30 139 207 111 131 60 226 247 241 92 231 218 66 42 51 26 98 177 145 47 110 173 115 221 169 151 71 147 192 
232 : 106 36 217 126 229 206 29 186 169 207 79 41 130 131 140 201 88 127 93 87 146 221 124 174 224 138 65 54 203 149 199 240 139 210 211 153 102 70 202 215 105 27 76 241 143 44 116 35 119 187 134 69 243 118 233 
233 : 121 222 146 115 113 65 40 243 206 200 84 45 67 220 70 248 25 204 236 33 212 55 41 213 249 140 157 237 195 74 167 221 218 38 173 191 122 53 
234 : 172 170 49 232 166 236 128 159 178 142 84 192 29 155 225 38 54 40 188 174 187 235 157 65 234 
235 : 205 159 96 30 224 118 93 216 97 226 49 131 92 149 174 217 164 201 179 191 203 235 152 230 213 56 54 125 199 109 148 233 85 172 244 103 161 87 100 139 119 184 249 112 116 240 
236 : 111 177 203 161 140 200 230 155 158 218 226 66 147 249 157 86 67 246 222 136 52 119 96 165 122 208 53 98 38 91 60 238 84 242 72 152 170 154 103 159 244 219 112 166 202 76 110 131 132 
237 : 159 42 86 186 97 127 87 118 215 199 78 134 92 84 126 80 242 95 232 145 109 74 121 60 99 90 129 191 144 88 79 30 206 81 213 189 247 104 244 122 205 77 26 53 48 249 153 136 44 94 62 67 112 148 51 93 
238 : 47 74 228 142 112 65 59 241 173 188 229 111 160 195 123 106 159 189 49 42 132 44 152 178 82 243 28 219 193 207 33 141 130 227 76 151 198 161 57 35 238 187 97 162 115 147 212 129 110 127 64 196 205 90 37 
239 : 142 91 223 135 193 118 106 56 44 77 62 108 188 243 113 204 31 210 199 95 54 59 131 123 37 248 146 121 36 232 80 191 129 105 55 159 82 45 240 
240 : 112 132 53 181 207 52 86 37 72 233 96 36 173 249 125 165 237 185 74 192 168 42 60 77 85 205 73 27 130 187 246 208 117 213 189 39 114 174 65 
241 : 163 98 218 241 219 125 33 181 41 118 64 104 155 40 108 167 126 137 205 70 31 120 139 106 135 239 213 87 227 236 220 148 173 45 74 195 69 191 210 222 196 166 36 97 184 145 65 49 110 112 136 28 147 76 89 138 
242 : 149 74 115 176 39 184 32 117 81 27 132 143 46 247 234 61 235 240 211 60 66 217 246 183 151 141 118 208 204 226 67 189 45 181 124 33 173 185 244 168 163 209 73 40 90 
243 : 81 123 141 75 48 156 208 233 180 124 155 212 56 194 45 41 160 184 231 154 34 103 215 72 88 169 241 36 185 94 243 134 159 157 49 206 137 78 
244 : 135 32 146 49 234 59 122 95 132 171 66 125 44 237 106 242 249 57 184 113 209 163 213 195 53 156 98 75 93 103 238 203 217 138 247 157 154 231 236 46 162 223 228 218 183 115 43 
245 : 202 170 110 236 132 116 48 63 192 249 234 74 214 238 125 29 248 225 181 31 243 151 107 83 28 171 219 66 246 149 98 146 56 122 201 75 86 131 44 206 212 49 230 184 215 106 209 51 235 150 191 47 160 80 79 186 158 46 143 211 99 119 164 
246 : 196 162 78 171 111 185 241 50 206 92 98 164 235 97 167 202 165 169 71 95 32 212 186 118 187 194 58 74 64 237 117 149 105 180 30 84 155 77 88 240 230 176 183 36 242 40 56 124 203 192 156 222 106 85 43 148 33 28 166 
247 : 166 158 110 95 118 240 204 72 247 184 46 100 41 246 121 114 83 248 66 201 206 27 186 226 67 113 36 107 102 124 181 223 194 93 52 134 147 33 220 182 60 119 136 
248 : 77 39 205 243 234 192 125 107 186 166 49 75 162 103 173 182 201 119 109 74 245 239 51 90 170 177 195 88 204 193 72 108 44 43 110 93 227 38 83 217 216 208 
249 : 192 66 128 175 211 216 137 241 63 236 104 151 153 155 230 207 77 64 108 121 123 220 164 246 44 76 197 176 239 154 248 159 46 183 186 30 107 141 62 45 79 170 36 
250 : 150 95 161 38 182 83 39 115 119 238 122 180 56 89 33 192 195 66 227 110 207 101 165 84 111 168 105 70 181 80 88 25 185 64 231 130 109 140 68 228 77 173 139 82 36 184 199 65 224 107 35 215 229 174 164 230 131 
251 : 43 177 50 204 104 144 39 141 180 163 29 248 245 77 210 42 223 238 62 32 143 171 82 194 153 167 121 160 92 176 40 
252 : 108 39 95 117 139 31 160 163 195 185 69 35 52 177 209 198 227 94 90 109 208 176 47 150 127 89 233 42 135 33 50 106 59 29 155 212 228 
253 : 32 139 96 172 235 191 132 150 70 47 193 120 143 198 178 203 34 80 95 190 123 247 36 155 89 240 25 186 108 168 30 180 106 119 138 188 101 159 219 177 31 
254 : 50 198 42 151 119 74 138 208 96 173 148 158 180 124 247 234 94 230 221 174 101 82 49 233 95 30 121 204 77 170 110 226 159 172 69 168 210 222 102 232 183 64 98 152 108 206 215 246 166 62 79 137 54 207 47 68 127 83 
255 : 136 67 156 118 138 53 149 240 170 87 73 183 176 55 39 40 32 209 34 231 243 92 203 56 41 63 98 57 113 112 103 130 249 194 206 
256 : 111 95 160 220 107 66 206 225 63 195 179 65 43 151 99 148 75 158 172 188 229 37 113 135 198 176 91 182 
257 : 207 217 223 36 203 180 57 239 76 187 150 196 58 55 56 113 41 182 169 111 233 46 139 30 232 245 166 226 26 191 37 130 193 140 107 179 104 205 31 73 33 80 222 43 201 154 115 120 195 85 160 
258 : 54 201 49 71 48 27 133 227 234 93 247 44 101 209 28 84 211 113 231 42 140 26 195 142 95 70 216 122 193 34 124 108 52 130 168 146 29 30 204 129 123 39 58 210 208 82 68 60 32 222 104 194 197 145 88 115 86 229 136 
259 : 184 106 216 36 35 212 120 156 227 80 25 52 117 41 140 182 94 205 235 122 111 70 170 108 176 168 32 146 217 167 67 116 181 54 30 179 161 118 185 42 224 
260 : 63 158 205 70 79 29 104 221 171 52 227 87 139 149 34 77 125 222 167 39 69 43 220 36 42 127 129 
261 : 65 116 71 58 105 123 146 33 179 236 193 140 26 183 157 149 161 221 233 127 47 212 145 231 152 50 188 75 139 217 249 192 156 29 136 31 135 220 82 46 48 210 203 229 99 95 165 
262 : 113 242 230 197 41 198 90 181 146 216 231 143 157 108 201 139 59 118 62 194 211 120 94 245 39 141 75 226 27 98 112 91 87 239 77 57 97 183 74 52 189 193 107 147 105 58 73 202 168 155 225 137 188 30 88 174 169 131 126 223 186 
263 : 67 61 196 179 154 242 247 182 214 120 92 145 153 62 39 68 205 60 165 156 150 73 217 57 220 46 164 114 218 147 63 167 78 28 99 190 58 34 75 118 231 185 115 42 51 59 227 97 33 174 139 191 127 94 90 123 152 
264 : 242 80 212 93 182 26 119 120 202 169 115 195 224 170 111 113 40 129 229 193 152 48 125 226 36 135 197 89 34 63 100 95 213 245 118 246 73 92 237 45 72 69 112 108 149 240 150 97 228 38 206 239 199 
265 : 63 59 33 126 155 40 157 73 94 93 122 125 109 231 192 76 49 151 138 176 181 99 171 131 217 37 233 61 160 133 213 169 45 35 36 56 167 238 132 39 115 150 194 246 52 241 116 111 207 44 26 
