0 : 59 198 127 73 64 119 172 203 134 27 52 61 55 56 42 195 223 222 120 187 161 51 90 124 160 213 166 62 28 38 135 123 210 231 197 
1 : 30 81 122 127 182 48 200 186 164 132 141 216 142 58 49 50 171 201 219 209 66 184 174 98 211 94 139 63 
2 : 163 238 220 241 88 167 43 226 166 98 37 177 113 104 29 117 42 189 230 107 83 149 68 156 50 32 223 54 111 165 242 95 61 203 97 186 116 41 244 100 73 153 187 118 59 141 126 164 71 148 101 
3 : 200 117 120 185 80 245 158 77 133 33 118 107 98 109 214 206 223 66 235 199 173 84 57 68 161 175 170 
4 : 139 179 65 213 214 224 94 126 117 203 87 163 182 225 113 25 98 181 97 61 180 233 155 229 186 168 84 208 205 247 234 72 217 83 54 151 240 36 169 31 35 64 57 189 92 183 60 33 95 175 110 44 172 106 32 
5 : 154 122 162 170 236 45 56 119 61 27 189 89 37 169 247 83 134 75 66 40 142 174 229 78 193 201 206 120 211 132 131 129 71 172 118 105 216 232 46 215 121 186 77 156 219 28 36 197 173 47 175 130 234 226 249 150 196 59 93 
6 : 193 168 127 243 196 194 84 53 56 223 118 227 68 180 201 199 241 111 161 103 43 216 233 217 219 131 40 149 91 237 79 143 51 35 247 94 214 93 165 166 171 110 74 183 47 109 
7 : 171 85 86 194 123 145 78 110 244 164 67 191 168 218 34 70 95 90 111 136 52 92 160 45 89 166 99 105 137 80 
8 : 62 168 75 232 114 144 215 120 41 81 209 214 163 217 188 185 101 98 165 200 180 212 77 40 203 67 134 85 111 195 204 152 213 54 207 48 28 166 96 243 36 175 
9 : 194 152 231 184 196 57 160 189 173 127 91 45 148 95 53 210 209 51 79 103 65 238 223 52 224 183 192 112 222 25 136 240 244 202 155 125 236 234 233 72 28 64 221 76 113 182 214 121 107 141 195 39 131 187 
10 : 43 85 40 63 170 44 221 114 225 31 54 229 156 128 148 78 219 145 86 144 51 168 183 87 157 245 39 77 143 231 103 155 173 215 154 182 119 159 202 177 214 172 
11 : 242 143 32 237 110 57 208 211 50 156 94 51 61 55 150 139 105 90 72 146 227 67 118 224 45 97 74 216 246 147 166 220 235 228 167 26 36 236 148 225 
12 : 108 159 111 100 209 31 152 169 29 166 143 183 66 50 103 211 37 176 165 107 62 160 208 228 232 43 73 101 214 235 
13 : 117 70 112 249 177 228 60 176 238 86 135 41 129 156 136 96 90 137 131 144 219 212 34 61 229 143 74 110 197 246 42 223 102 164 245 215 35 118 162 103 146 127 89 114 142 240 69 75 183 182 184 232 62 119 50 189 63 39 190 30 54 161 57 49 171 170 244 157 145 
14 : 150 77 190 172 146 58 33 221 78 80 143 115 241 240 192 91 197 122 200 201 74 135 81 175 30 57 141 63 193 37 129 131 32 132 231 51 43 27 194 35 100 99 222 209 237 151 239 34 235 119 170 
15 : 161 88 102 231 51 177 129 164 191 131 85 158 137 147 109 193 66 188 197 92 128 43 146 144 89 204 70 106 156 219 57 171 189 87 46 59 174 125 159 74 183 168 206 69 117 80 50 37 73 199 119 222 
16 : 87 42 62 192 140 158 36 125 194 93 155 187 65 230 111 121 53 233 69 195 134 57 28 229 221 242 55 204 200 149 122 211 145 249 94 91 186 201 75 151 59 196 217 119 197 52 144 163 202 
17 : 188 111 48 157 199 168 61 184 124 215 100 143 235 149 234 182 71 72 65 113 43 41 139 73 102 162 119 202 247 205 29 171 141 227 53 210 62 240 128 164 47 155 220 173 146 75 108 181 193 186 161 207 204 70 151 79 172 96 218 38 196 160 45 203 192 148 246 105 175 
18 : 33 216 64 198 193 48 210 179 230 155 107 29 117 213 95 178 195 194 30 118 91 69 244 181 46 248 55 166 81 149 240 126 
19 : 30 243 99 166 92 161 228 148 230 50 144 159 87 140 233 196 246 52 154 37 170 97 59 35 70 180 209 71 116 40 218 189 130 105 88 112 
20 : 51 210 198 65 30 121 129 101 149 109 147 107 135 127 33 48 54 160 233 67 211 184 41 246 130 85 90 201 244 32 146 171 45 28 217 125 186 
21 : 157 27 170 25 101 152 243 193 214 239 210 199 26 39 186 204 188 131 90 215 248 158 175 147 103 218 205 88 80 245 114 144 200 31 198 84 110 91 125 
22 : 109 103 238 121 192 75 164 158 87 72 70 140 168 25 49 51 44 178 37 190 46 152 143 244 112 36 180 167 188 74 174 30 138 129 173 28 202 205 66 147 131 128 246 89 47 68 86 137 240 85 241 184 34 27 182 163 172 226 96 95 234 84 196 33 162 213 156 
23 : 27 33 215 147 194 30 107 80 124 46 87 43 64 70 193 241 155 206 35 117 134 53 172 160 69 188 180 116 118 100 47 224 165 234 120 115 55 62 218 150 121 168 119 84 25 37 159 
24 : 60 105 50 144 26 112 149 202 200 219 172 230 115 226 209 91 127 125 40 93 111 208 32 27 33 103 189 116 206 169 191 140 44 45 148 142 137 239 248 243 192 101 94 96 156 238 235 133 241 98 195 110 
25 : 38 91 82 188 138 83 196 135 171 222 62 74 101 61 42 220 88 145 162 121 94 64 180 130 127 89 102 214 150 146 244 224 37 93 33 207 32 118 189 124 153 194 148 126 195 210 173 46 147 213 149 56 
26 : 212 67 134 46 56 31 140 188 169 41 200 59 102 138 179 174 73 106 227 118 221 215 196 229 128 155 43 213 243 32 101 50 245 99 115 129 98 241 48 125 159 201 192 64 108 168 231 186 177 71 131 223 
27 : 131 223 172 101 144 154 228 32 48 27 145 134 30 203 124 146 104 179 91 222 182 126 90 55 142 53 135 77 76 109 119 236 51 212 123 239 102 57 169 202 139 193 158 207 184 125 54 108 96 174 164 161 34 159 197 190 215 116 177 
28 : 203 240 126 173 31 213 179 196 93 244 208 168 194 70 55 171 148 234 121 227 59 104 127 207 184 128 228 73 216 25 233 123 60 108 211 249 223 189 105 81 224 169 134 118 132 141 220 138 232 165 
29 : 139 113 143 168 146 247 77 94 59 210 32 85 65 221 79 160 219 172 167 228 201 230 76 83 109 47 138 241 249 183 127 
30 : 158 182 198 117 41 140 106 75 240 61 164 112 150 229 65 122 205 131 34 162 130 215 133 222 188 113 217 172 91 70 81 123 95 238 125 144 30 114 38 248 62 232 157 82 72 26 93 181 190 127 148 221 237 233 161 228 176 100 194 121 87 208 226 218 56 160 
31 : 126 235 218 188 77 208 174 106 184 243 193 42 189 79 120 206 108 146 209 64 60 249 138 51 144 67 219 164 115 84 124 221 113 80 53 132 
32 : 111 88 115 139 118 173 239 131 232 157 183 84 46 162 176 214 169 249 171 217 142 32 75 137 144 86 247 101 174 30 106 
33 : 213 84 163 155 66 143 59 126 40 35 68 130 139 199 191 129 120 204 133 70 166 183 46 211 73 76 151 198 205 196 80 218 168 164 99 220 63 106 157 208 180 241 109 161 185 138 27 45 227 158 61 212 145 154 57 103 77 26 169 91 219 201 160 153 167 79 222 147 123 
34 : 133 150 79 29 104 117 57 27 51 132 35 151 134 168 241 82 194 110 185 172 170 120 182 37 243 167 249 94 220 116 90 222 109 189 248 54 42 84 121 190 139 
35 : 96 41 196 83 163 44 84 102 34 100 52 199 180 117 218 148 107 89 103 143 157 67 146 63 91 213 90 77 50 155 178 47 110 36 165 133 158 126 114 70 222 135 35 132 147 108 182 171 162 46 232 209 236 235 94 149 129 153 212 208 61 190 60 104 92 65 95 48 
36 : 157 66 176 228 96 51 169 28 135 193 105 185 45 89 212 79 58 183 148 214 77 111 247 152 134 124 
37 : 151 80 218 162 231 53 63 144 30 236 50 90 116 32 217 238 202 92 52 74 185 191 178 27 206 211 207 184 67 182 28 96 177 109 245 65 35 122 224 225 214 221 88 77 119 200 106 59 62 193 125 112 140 181 128 172 
38 : 166 159 221 245 34 119 175 141 204 232 218 153 99 147 168 59 38 234 197 30 155 57 72 121 239 184 142 203 172 27 139 135 45 93 92 176 130 53 109 102 201 46 62 238 181 51 196 44 
39 : 225 66 115 97 237 127 205 245 35 109 158 36 76 34 156 71 157 160 170 137 37 234 180 58 151 118 139 39 219 65 67 75 168 110 149 131 192 122 145 62 107 194 125 121 124 153 94 29 229 
40 : 234 34 108 141 219 165 69 218 131 172 163 75 211 65 62 29 98 96 135 119 37 225 176 54 143 226 123 197 81 144 244 193 139 214 36 140 220 150 126 171 57 153 102 243 181 235 138 213 146 168 83 189 175 78 
41 : 135 65 73 131 159 169 145 96 30 240 106 175 139 111 83 176 72 179 152 121 26 133 142 168 194 228 181 
42 : 192 37 42 82 136 202 219 203 142 162 169 170 181 157 217 131 230 29 85 39 191 174 232 64 54 78 242 179 68 201 95 244 186 77 90 73 197 107 158 81 231 111 75 28 156 130 168 137 200 50 178 195 199 
43 : 209 119 175 104 43 116 131 57 155 194 118 232 135 128 241 120 137 174 109 222 178 177 206 188 106 69 73 184 77 146 122 112 103 123 35 87 161 39 247 26 67 183 200 192 208 158 65 187 179 243 81 199 41 190 216 52 176 172 133 80 167 110 147 242 
44 : 47 132 161 218 62 165 27 237 137 186 104 226 120 205 195 220 208 155 138 34 31 37 103 203 40 245 73 232 194 160 135 28 173 41 214 96 80 156 239 244 53 94 113 88 
45 : 72 200 242 45 86 117 173 109 214 210 27 186 148 161 222 205 195 94 79 48 218 155 224 182 125 121 245 123 157 25 249 164 55 217 229 62 190 113 47 196 78 40 170 145 206 42 54 36 77 
46 : 92 237 138 43 180 139 162 239 175 225 235 65 176 201 51 142 217 165 40 28 78 213 246 66 193 168 35 98 166 108 222 190 242 71 199 200 228 143 173 155 145 63 179 107 86 177 72 147 232 127 68 220 160 154 128 94 
47 : 191 27 227 243 56 32 57 190 130 199 125 141 143 109 186 148 239 117 54 220 79 133 33 49 52 241 200 232 242 179 111 104 43 119 110 245 162 185 196 221 169 70 99 235 149 60 121 45 237 30 164 
48 : 70 193 227 207 122 55 108 183 82 93 188 177 73 211 26 133 236 67 241 118 79 213 69 48 174 161 151 247 200 92 
49 : 45 209 61 81 140 107 30 242 175 135 127 153 143 71 162 62 29 77 179 214 123 217 173 76 159 147 112 126 131 165 160 223 40 54 230 97 35 95 181 158 51 128 60 210 87 184 231 
50 : 232 164 71 217 68 112 93 180 163 215 66 189 158 91 177 36 126 75 33 160 218 51 95 150 199 80 59 231 129 120 169 100 186 69 233 113 
51 : 137 234 90 150 46 153 63 196 26 57 71 84 223 155 69 105 188 220 174 217 131 159 199 163 118 40 211 55 205 108 109 202 104 178 157 197 32 207 210 48 230 225 80 206 151 247 125 119 
52 : 26 61 108 134 237 206 25 232 177 189 211 217 241 135 181 127 185 166 195 59 113 248 81 65 186 107 111 172 87 122 214 150 219 78 131 102 242 161 99 46 208 156 85 207 139 89 130 213 151 240 70 88 77 101 93 235 117 157 53 
53 : 175 114 201 127 236 53 222 60 205 172 106 84 164 73 58 75 91 139 142 29 44 140 145 35 37 41 80 220 46 47 179 224 122 218 36 157 87 158 131 119 
54 : 91 26 90 244 53 150 56 116 186 249 71 239 128 173 29 194 187 159 54 101 131 102 58 178 213 143 75 133 201 81 109 117 98 40 232 212 207 198 
55 : 133 72 203 84 170 69 246 46 118 108 157 174 161 149 144 206 142 185 50 189 192 91 216 211 105 29 53 33 180 196 131 79 63 182 123 99 153 239 30 160 32 82 247 209 241 45 34 140 
56 : 169 217 180 73 46 228 130 109 29 49 179 207 190 222 43 198 165 226 158 38 119 59 218 223 196 146 125 162 28 91 231 64 177 134 219 248 112 72 74 229 100 209 99 214 55 213 206 203 104 159 118 151 105 137 208 32 96 127 225 181 94 88 221 103 247 97 210 
57 : 36 100 112 147 108 102 73 225 159 243 143 49 153 47 103 247 35 234 181 81 96 246 209 42 249 140 119 116 66 142 104 167 76 183 173 59 
58 : 171 114 84 229 181 191 108 237 148 91 29 249 230 232 174 213 82 195 71 127 61 31 43 92 173 79 28 211 180 38 248 162 169 69 235 214 33 152 149 216 48 
59 : 49 78 179 82 29 126 114 138 173 125 243 103 109 168 227 80 190 81 140 194 116 161 41 145 146 169 240 69 86 134 76 219 43 139 176 132 149 177 127 244 226 230 71 90 148 122 220 142 143 207 50 74 65 150 167 
60 : 25 50 125 228 61 68 133 168 127 234 110 44 197 84 122 56 114 222 193 103 35 236 235 123 220 76 111 53 147 157 34 116 180 78 200 160 175 153 213 28 30 69 81 246 39 75 232 97 119 90 173 239 159 74 64 221 88 178 67 43 196 163 204 161 207 106 144 247 
61 : 131 29 199 179 113 74 234 30 165 219 39 63 116 100 172 143 62 98 209 197 135 243 192 112 198 144 237 185 105 204 188 84 57 104 158 83 38 238 126 128 117 127 205 137 171 136 81 25 195 69 52 184 118 241 97 140 212 240 
62 : 151 34 218 199 37 180 203 213 159 64 48 214 207 215 147 138 191 121 184 113 187 68 231 101 166 91 161 76 123 85 97 100 228 196 112 
63 : 116 136 168 156 205 237 152 145 83 219 108 85 36 52 25 215 104 218 125 97 171 228 239 175 195 58 53 119 76 102 177 166 50 160 60 185 240 31 30 117 170 
64 : 30 114 183 95 179 203 245 34 48 170 105 29 200 234 195 166 41 87 111 38 153 193 188 100 230 64 237 157 57 122 73 103 138 72 127 151 182 35 247 47 43 164 49 51 242 112 116 85 27 233 106 126 62 131 198 229 42 145 194 119 59 199 124 56 128 181 
65 : 137 209 89 246 141 54 219 143 103 74 222 111 104 189 191 150 95 203 71 224 96 101 82 162 61 151 120 210 43 153 119 53 232 146 84 230 247 177 41 38 48 127 231 154 140 138 179 114 178 238 27 181 218 166 
66 : 64 114 219 249 207 217 153 224 172 40 130 106 134 248 110 183 160 247 38 75 91 220 171 125 151 62 178 222 170 140 41 241 57 166 47 120 233 95 109 
67 : 33 69 234 104 153 79 226 195 185 135 159 131 66 166 139 119 90 168 218 87 59 163 151 245 51 52 89 146 26 154 236 228 200 180 55 102 206 155 223 60 197 
68 : 173 81 207 37 152 79 185 53 47 243 222 46 223 195 181 150 108 167 113 97 127 169 40 172 131 177 129 235 
69 : 79 129 230 224 35 137 236 45 83 194 66 233 229 200 122 94 31 91 180 49 213 130 149 37 138 204 101 185 86 111 169 30 238 227 110 70 139 201 140 48 90 209 106 32 190 133 125 248 117 187 112 71 63 211 170 36 167 208 57 
70 : 114 160 69 51 35 238 239 206 200 241 95 36 129 234 47 162 48 214 27 147 83 124 55 118 190 243 149 84 89 154 182 171 210 72 199 163 112 128 99 138 68 231 180 189 122 127 230 219 167 245 150 32 216 176 208 53 164 60 156 91 42 98 165 50 117 52 58 184 223 
71 : 209 202 104 239 208 145 195 179 36 72 197 68 140 153 130 51 29 151 43 159 107 84 220 166 226 46 200 214 27 170 246 222 213 245 126 181 236 231 132 131 215 37 82 108 241 114 41 217 225 32 117 90 74 
72 : 50 98 87 107 208 30 204 230 114 181 85 219 62 122 145 161 52 242 188 203 143 59 129 221 79 141 135 53 169 235 136 72 106 156 189 42 178 124 
73 : 29 139 57 248 69 242 70 112 141 227 200 150 180 196 240 133 195 31 84 77 107 39 156 72 162 66 34 108 96 64 40 138 182 99 173 154 142 94 143 120 202 101 178 249 238 228 58 189 59 35 164 
74 : 171 46 87 224 54 176 143 161 226 144 39 158 177 237 156 210 48 58 129 75 174 132 111 100 164 167 97 104 92 152 248 65 229 134 101 84 118 227 233 189 99 149 59 163 35 124 136 197 63 213 141 85 25 249 201 
75 : 239 70 181 214 116 83 104 198 30 144 117 73 238 26 212 71 31 129 53 168 55 126 146 178 176 225 221 210 52 158 222 223 56 134 249 194 233 248 230 
76 : 52 120 147 94 93 30 181 96 91 32 61 115 201 34 48 169 163 226 246 90 67 110 132 128 239 174 206 173 87 106 104 143 112 35 240 225 213 236 46 238 154 249 69 98 116 84 113 183 193 56 242 198 178 133 233 57 149 31 199 45 49 99 190 148 66 
77 : 141 183 169 243 54 101 204 148 218 236 229 157 152 36 207 44 88 102 231 127 75 239 94 167 63 188 217 230 170 208 136 132 138 181 223 244 76 192 215 245 99 129 26 45 55 202 182 
78 : 184 64 190 205 127 239 168 124 229 51 209 149 125 226 199 106 189 57 28 166 158 191 107 146 135 133 36 237 202 157 223 159 139 187 110 85 49 35 167 46 
79 : 114 120 99 39 186 90 52 111 249 59 191 135 136 154 203 119 66 224 168 46 102 144 196 83 153 158 173 38 210 226 133 34 27 143 96 206 229 75 53 218 248 89 92 88 146 141 41 44 184 169 171 212 
80 : 68 136 93 183 210 233 201 89 143 55 135 215 95 229 219 109 137 43 78 208 188 116 144 151 113 242 161 50 
81 : 223 172 247 235 187 99 222 121 164 39 45 149 43 130 40 158 154 92 152 179 242 233 169 56 148 215 181 110 160 47 86 212 127 143 248 170 249 108 192 198 204 201 48 176 80 238 101 195 81 231 190 177 209 202 155 228 
82 : 177 44 188 200 94 114 239 179 243 148 227 181 238 161 172 159 47 158 213 25 168 46 39 120 49 163 162 225 247 191 195 28 222 66 35 125 74 215 165 51 80 99 30 113 220 145 109 233 108 77 214 124 96 29 156 130 175 231 116 59 119 224 160 228 135 95 57 
83 : 234 58 65 118 53 245 152 230 49 77 188 111 198 217 147 165 54 26 173 175 132 211 122 192 32 146 179 116 242 61 199 74 113 104 73 135 37 68 81 239 170 45 203 240 167 226 227 169 183 86 236 112 
84 : 31 98 223 242 144 174 212 64 92 197 73 224 140 39 77 27 188 203 162 133 93 164 113 106 243 78 175 205 146 69 187 156 107 53 192 152 45 208 42 148 170 60 34 52 230 244 238 71 120 41 142 195 240 121 200 96 
85 : 229 164 234 118 49 161 144 91 70 71 66 197 146 84 167 73 209 156 113 105 248 239 131 92 181 93 183 26 
86 : 139 126 74 167 168 238 82 241 160 95 57 107 89 61 26 156 27 118 171 101 140 162 198 189 147 72 42 127 223 209 114 88 
87 : 184 162 194 73 246 48 183 52 25 30 60 204 125 175 243 110 159 89 106 212 226 237 51 176 58 152 130 219 249 49 85 177 88 211 
88 : 85 148 177 200 146 64 170 119 104 130 145 169 80 192 33 27 117 185 115 149 249 236 113 132 51 34 163 
89 : 47 46 173 115 175 59 101 221 213 48 167 96 121 108 136 134 201 58 227 187 32 138 131 226 93 162 103 231 60 77 150 171 73 236 94 165 159 71 97 239 169 149 206 128 177 35 184 64 52 44 56 127 106 51 209 241 126 211 166 102 68 220 98 45 27 137 204 154 124 224 
90 : 75 52 28 185 63 163 137 76 227 245 64 62 157 156 244 55 29 88 109 155 176 96 98 124 184 61 225 123 69 126 191 178 209 90 143 50 121 84 226 207 118 103 77 74 108 232 44 181 233 190 235 240 66 54 99 49 148 82 68 38 51 
91 : 37 182 73 104 240 173 146 144 46 209 164 81 163 129 200 167 203 231 217 106 211 74 86 31 177 50 69 93 54 135 175 138 216 153 239 201 162 194 205 120 186 99 102 43 184 82 119 246 160 105 96 165 114 26 110 149 124 171 32 232 214 
92 : 173 124 162 96 197 137 177 217 45 216 167 168 184 30 179 112 154 208 220 211 199 169 132 55 180 129 92 115 67 38 88 222 114 175 52 85 48 223 224 204 149 72 158 102 71 233 94 95 
93 : 81 141 84 142 159 80 138 71 213 132 238 144 101 53 148 61 99 35 121 30 129 48 43 96 186 184 104 181 75 179 192 47 69 37 231 237 44 244 208 88 167 209 226 149 222 
94 : 68 178 120 231 213 84 223 164 140 249 176 108 107 144 247 82 57 233 81 118 218 104 145 194 152 88 54 78 99 189 34 220 75 186 134 185 38 128 36 41 121 199 58 46 225 112 122 239 146 221 195 119 175 126 165 136 227 179 224 72 166 117 181 
95 : 214 34 243 29 215 77 154 207 99 241 245 115 199 162 95 80 228 48 143 238 36 181 73 193 148 122 246 217 27 161 248 111 160 182 191 173 133 226 97 30 
96 : 129 79 248 85 188 96 81 50 174 218 38 198 208 238 229 240 244 36 57 222 162 200 35 160 90 132 30 65 123 158 119 116 146 109 118 87 28 195 103 26 246 25 228 68 97 77 
97 : 80 51 41 97 94 63 28 140 102 172 35 244 75 227 160 116 226 165 200 125 82 202 58 178 176 103 210 52 196 248 101 164 110 185 146 118 243 153 32 204 206 249 156 214 40 246 136 38 209 54 199 197 189 177 167 105 37 43 231 145 228 
98 : 135 176 249 184 217 90 57 165 157 63 151 74 240 38 122 58 246 239 105 119 167 160 80 208 26 110 116 141 150 203 228 146 115 164 95 143 70 161 76 186 180 65 170 120 183 196 43 223 214 132 139 51 93 71 96 242 108 227 35 
99 : 133 241 148 194 38 189 175 51 141 78 185 216 199 127 144 190 165 107 129 88 180 181 182 124 33 187 46 215 67 36 164 120 118 161 202 174 59 196 230 43 223 178 151 217 138 143 84 126 222 244 87 204 77 214 146 63 128 205 140 35 115 137 
100 : 88 235 169 199 92 38 110 178 43 203 46 175 53 196 73 37 63 225 74 108 94 236 89 93 56 123 233 191 165 160 98 172 220 147 109 76 204 228 28 44 83 170 50 67 99 
101 : 208 100 81 84 180 70 116 145 176 177 95 86 239 244 169 140 136 66 131 164 139 138 67 33 163 123 82 187 205 112 52 192 51 46 88 60 162 49 47 126 231 153 247 141 246 134 217 233 93 27 71 224 147 202 62 127 223 184 193 129 121 77 36 76 
102 : 165 237 51 216 151 245 60 124 48 146 213 197 178 231 187 119 201 110 80 188 30 102 131 127 32 45 222 96 86 219 239 238 129 
103 : 148 89 84 100 237 146 231 134 198 59 32 180 193 110 94 122 93 136 155 161 112 166 211 154 107 77 176 185 75 132 246 162 218 151 52 239 49 87 65 183 140 226 200 215 42 177 184 43 230 164 165 63 27 156 70 124 103 69 143 
104 : 212 185 25 36 170 218 166 75 127 111 116 230 69 140 188 130 219 35 205 120 106 66 30 102 90 94 32 196 198 
105 : 192 141 177 115 128 167 202 171 239 132 40 140 228 175 107 70 190 191 77 230 35 118 58 51 203 105 207 241 146 116 151 34 197 91 92 139 59 86 108 136 159 211 193 32 66 249 83 201 113 206 134 63 71 244 72 165 109 231 247 117 150 149 131 169 93 81 174 161 65 
106 : 143 213 105 69 185 235 81 92 150 116 170 196 203 184 249 125 218 186 167 152 89 194 215 176 100 178 154 36 118 173 50 
107 : 68 138 222 158 137 61 73 104 79 100 204 224 237 208 155 194 217 235 133 120 134 148 175 150 36 64 168 181 69 178 201 209 41 200 97 187 45 89 118 219 145 189 188 27 99 
108 : 47 237 206 165 129 79 125 191 195 209 154 74 50 105 186 238 39 59 218 69 173 91 178 176 52 46 142 203 98 194 37 179 114 139 180 208 166 133 164 196 207 213 132 45 230 155 60 183 72 117 143 27 102 118 220 38 226 205 115 
109 : 37 127 231 211 237 139 32 82 160 165 56 92 114 59 73 214 31 109 149 230 51 198 123 232 34 179 177 189 141 66 40 48 170 175 94 168 140 108 173 119 233 242 67 184 68 71 241 50 60 178 26 28 107 151 194 61 150 35 116 224 218 245 90 205 
110 : 240 118 85 211 235 246 175 123 221 164 61 71 178 80 107 27 225 50 93 154 130 127 243 212 207 242 76 202 25 58 101 95 144 133 92 56 155 209 47 241 120 236 111 177 30 135 26 170 65 163 41 166 203 220 88 34 139 70 137 44 73 74 109 237 119 201 200 227 69 91 
111 : 74 54 141 32 242 64 55 220 101 230 100 153 77 160 199 95 150 39 111 45 239 218 198 206 203 115 69 28 233 232 88 249 67 240 86 41 49 123 138 151 225 135 189 164 213 168 83 170 229 178 47 154 202 145 80 57 148 179 79 81 73 109 182 194 208 71 169 184 37 185 
112 : 76 227 238 192 96 65 43 232 231 143 77 50 91 228 86 88 83 35 181 247 152 57 134 174 187 223 72 125 98 64 205 71 80 217 219 40 89 215 161 235 229 82 87 110 78 156 49 117 145 44 147 
113 : 98 170 224 182 137 223 176 155 168 229 212 63 139 241 165 233 82 58 201 154 249 32 173 225 45 218 118 111 38 114 145 86 194 192 101 84 178 85 143 189 191 188 180 43 68 87 193 100 83 108 141 31 222 161 240 167 123 236 77 
114 : 97 91 235 141 241 87 135 220 93 25 79 28 62 92 128 54 121 107 52 152 153 218 155 95 208 70 124 176 34 53 123 82 182 40 39 115 47 88 143 129 83 33 142 165 38 164 231 32 205 188 150 173 27 233 65 138 117 63 221 244 192 41 242 232 247 223 207 101 130 151 
115 : 120 143 91 205 90 246 167 196 97 69 195 98 162 191 96 117 116 148 129 68 31 41 65 215 183 146 46 107 29 238 202 27 57 92 209 123 212 177 224 51 61 50 227 187 149 176 163 128 203 95 189 184 132 89 210 156 247 175 136 25 112 101 
116 : 51 76 166 75 101 49 196 185 95 107 106 236 146 93 58 194 124 174 84 54 150 197 136 215 226 220 111 168 225 91 139 144 77 137 170 59 130 120 176 122 171 112 52 108 135 85 64 47 182 201 117 
117 : 59 113 30 131 78 76 214 239 79 226 207 229 35 234 174 163 175 219 97 224 31 228 52 49 231 60 182 80 145 238 148 149 136 61 230 71 235 206 171 241 143 98 151 216 200 42 194 212 222 110 107 139 119 188 144 54 159 
118 : 210 51 231 180 187 132 247 89 154 36 60 120 138 71 125 47 52 134 80 249 122 141 102 218 239 161 190 152 241 201 225 209 246 205 
119 : 82 44 179 95 38 37 192 142 39 183 144 229 104 92 224 128 143 49 191 91 47 171 225 115 120 151 201 43 
120 : 157 141 61 27 106 96 228 54 249 75 60 72 99 220 152 74 137 248 191 100 86 76 207 142 32 73 201 139 56 151 146 116 174 236 183 26 195 181 64 35 192 226 197 120 138 188 80 161 128 135 110 187 
121 : 26 170 211 247 74 31 231 177 41 149 89 199 65 154 108 82 70 50 193 167 116 204 162 123 180 151 139 84 227 29 45 101 115 88 34 137 192 186 169 110 125 109 160 179 230 113 236 153 225 122 203 150 142 78 185 189 103 147 143 66 95 33 96 237 118 208 52 
122 : 77 128 114 57 212 196 231 210 85 201 169 204 234 127 190 209 141 232 226 50 245 214 52 60 67 183 191 98 164 
123 : 95 91 162 56 48 210 161 216 198 152 241 119 184 104 217 244 199 80 246 78 115 60 128 100 202 135 77 176 207 173 215 85 236 131 46 156 44 195 163 33 233 39 45 132 237 74 208 179 126 209 220 120 89 58 227 168 171 41 
124 : 180 142 59 178 35 98 224 80 219 195 146 249 46 208 189 234 109 240 136 209 34 169 143 52 203 48 118 90 67 70 235 31 79 214 220 41 
125 : 168 125 105 146 207 81 51 248 182 87 107 232 84 115 178 93 241 43 136 120 25 170 47 117 42 155 45 27 223 135 194 100 83 158 193 190 185 186 132 53 212 36 201 80 172 122 67 204 101 208 109 65 114 28 200 188 57 156 205 103 41 123 
126 : 156 166 209 194 61 239 183 219 154 177 242 29 173 88 117 108 74 90 51 125 170 208 76 106 158 136 167 34 69 138 110 164 35 169 64 99 84 184 148 102 201 114 121 75 68 95 72 168 241 91 50 104 133 182 131 188 220 231 123 97 139 81 37 116 
127 : 139 143 105 184 155 156 177 133 42 229 51 91 222 198 197 150 148 170 212 102 61 100 29 240 118 27 58 80 96 176 181 129 135 206 239 127 162 108 59 231 192 182 132 238 113 128 218 242 85 149 225 141 93 117 188 195 98 140 81 123 49 209 45 103 122 92 115 
128 : 194 149 243 47 208 37 240 64 139 123 34 162 28 187 195 154 239 85 137 237 122 227 209 57 204 247 116 120 83 38 143 31 216 193 41 45 91 92 53 75 26 179 52 242 226 220 184 102 77 
129 : 74 58 114 81 65 203 112 26 131 216 238 221 144 196 115 50 88 27 96 146 51 97 56 116 53 248 239 192 201 119 150 107 209 219 25 204 186 242 104 137 106 130 152 76 35 199 100 210 177 122 89 33 
130 : 140 72 197 32 205 225 101 129 178 96 241 165 211 201 138 149 145 202 218 31 166 92 228 150 224 51 25 216 107 198 82 28 26 114 76 210 58 171 181 183 118 67 161 52 184 173 87 195 85 53 160 112 194 122 64 108 172 156 208 54 175 217 215 
131 : 27 224 104 197 68 187 142 102 98 219 199 70 25 124 159 81 191 218 56 233 35 145 149 177 225 236 44 247 88 69 65 133 55 33 204 170 108 152 192 196 113 137 89 85 51 131 134 110 143 175 221 201 93 91 111 36 210 94 227 
132 : 91 119 235 142 182 62 110 146 67 136 121 188 129 212 138 85 101 98 105 228 249 38 118 154 173 58 47 171 158 160 
133 : 224 154 227 156 202 70 73 184 183 241 171 168 141 239 83 249 215 160 164 165 235 135 145 191 50 120 194 248 45 78 
134 : 87 172 43 72 227 109 158 46 154 74 34 149 44 204 161 31 177 42 165 180 112 75 52 153 167 106 32 188 127 234 82 59 134 237 25 94 241 84 50 175 
135 : 112 28 189 240 218 67 152 148 177 234 135 37 66 61 239 167 34 131 105 220 206 86 223 166 236 165 173 201 170 197 245 79 59 230 45 97 111 182 27 246 219 44 174 83 149 48 191 222 202 232 116 56 35 142 211 181 72 138 146 169 193 95 52 162 
136 : 210 67 230 219 50 48 116 74 182 71 60 153 122 98 198 80 201 59 207 132 118 139 187 108 185 163 136 81 177 193 243 127 46 148 103 123 134 89 141 170 188 143 195 249 202 94 
137 : 147 62 170 47 212 89 200 29 60 37 110 38 206 130 70 185 76 124 108 44 64 138 211 82 210 48 51 195 26 197 214 145 155 75 134 73 177 184 128 
138 : 210 221 236 64 203 164 117 165 171 73 215 223 85 100 174 214 69 108 206 104 42 124 190 140 54 180 193 154 247 56 235 51 29 143 45 231 227 48 41 57 185 205 158 155 60 244 213 115 163 132 208 
139 : 178 196 183 207 173 136 34 158 60 154 127 192 59 83 29 231 82 225 247 209 162 27 182 191 58 109 135 175 213 143 49 244 123 215 227 181 245 98 132 69 249 53 118 129 189 72 52 78 70 114 144 241 79 224 151 45 168 77 57 43 
140 : 238 181 43 220 191 91 118 25 151 219 248 143 146 93 98 243 139 59 110 34 102 63 148 142 197 79 234 88 239 53 190 124 217 66 39 182 67 126 163 237 235 230 51 122 113 74 131 167 169 192 
141 : 46 134 182 115 198 82 34 207 216 116 30 196 27 72 62 43 237 147 51 141 54 226 236 108 174 143 184 200 218 97 140 93 179 135 197 60 243 208 158 150 145 215 177 230 228 166 222 213 63 79 77 49 194 199 203 87 118 109 102 195 154 73 35 47 172 249 
142 : 183 76 248 73 222 191 173 95 68 136 37 155 44 72 139 67 94 178 43 144 49 163 221 204 117 32 170 121 227 116 151 181 35 169 100 205 215 220 124 125 83 85 39 159 131 242 77 141 243 29 128 75 180 208 101 132 235 240 90 59 158 
143 : 213 186 34 107 226 111 230 196 98 118 146 31 127 193 103 214 77 99 101 175 183 106 166 52 67 32 133 136 70 203 147 91 208 
144 : 160 114 48 145 133 93 224 216 200 183 119 44 79 241 181 70 39 136 38 223 165 96 60 84 152 30 85 58 157 186 52 125 33 222 226 140 
145 : 181 119 210 150 92 206 120 33 247 136 234 32 149 72 76 67 86 81 125 217 235 246 90 82 41 121 193 26 183 110 75 100 228 52 113 187 212 184 154 146 227 30 27 93 58 163 62 55 161 74 236 218 202 244 127 220 229 186 111 135 147 36 124 101 78 
146 : 167 185 225 183 106 45 118 196 144 246 105 165 169 48 142 161 43 182 194 116 223 172 50 56 133 46 237 36 147 234 195 108 76 71 191 125 162 112 86 121 197 110 231 233 88 27 217 124 89 193 204 100 178 74 132 200 63 102 
147 : 233 78 91 181 163 199 240 170 104 53 125 128 103 193 220 77 85 139 40 80 119 106 243 110 183 65 165 141 227 173 148 197 88 203 178 129 87 41 182 237 195 96 225 171 158 249 221 32 25 166 42 185 46 154 
148 : 178 126 104 94 153 67 63 143 240 180 150 112 109 211 173 220 130 95 97 164 172 123 61 86 138 116 45 84 31 133 28 227 197 110 244 136 128 212 98 127 66 204 207 239 249 186 248 41 121 77 34 46 56 223 168 85 117 139 217 106 193 155 228 247 213 39 232 157 
149 : 129 87 190 92 186 159 84 142 214 54 36 80 211 90 241 118 105 146 189 132 228 45 48 204 49 148 
150 : 247 234 221 175 239 106 134 78 208 25 97 156 93 170 37 58 224 67 184 56 171 64 72 57 135 63 55 41 212 27 154 217 153 46 92 122 241 204 39 79 244 118 
151 : 40 109 181 111 187 50 57 26 27 248 141 177 138 217 216 218 46 140 73 210 157 63 83 48 47 207 242 110 214 147 49 58 241 150 154 249 120 176 121 45 60 32 198 112 183 114 107 56 155 191 39 190 106 129 130 226 118 244 61 122 59 33 124 224 219 103 89 229 38 
152 : 249 244 81 104 142 115 116 99 212 48 143 76 66 238 132 222 51 149 122 148 71 195 65 36 50 237 98 84 95 56 156 61 140 82 90 167 158 129 207 241 26 231 135 211 208 31 97 177 144 41 203 55 108 221 
153 : 241 237 161 201 35 125 46 85 231 43 236 54 143 159 205 45 77 95 206 103 240 30 108 116 106 122 194 63 211 171 186 244 61 153 144 166 147 136 243 134 33 109 145 154 59 150 248 217 184 40 29 131 81 167 176 114 92 71 38 155 178 90 232 148 118 39 200 31 213 196 
154 : 162 214 230 200 231 25 81 64 107 121 184 169 217 109 199 133 189 179 59 235 237 233 44 174 125 51 136 27 205 178 58 88 97 146 186 26 187 82 126 150 117 209 96 113 67 210 242 159 234 46 36 124 98 180 100 127 244 213 
155 : 149 65 63 181 101 33 116 200 218 231 52 57 245 111 185 194 119 84 217 163 205 61 58 227 102 137 28 45 60 249 171 70 27 152 229 243 209 197 26 37 136 89 77 96 75 161 109 
156 : 233 94 127 69 149 154 157 228 192 48 138 210 84 231 151 83 242 82 104 140 202 158 239 248 109 207 246 180 131 218 81 189 129 174 163 136 217 111 93 55 243 43 103 161 172 76 247 118 115 35 226 34 165 120 91 110 162 197 
157 : 217 198 167 96 246 210 48 165 224 133 88 25 60 201 41 237 64 155 59 97 121 202 143 100 55 233 85 36 205 235 99 196 173 164 112 28 215 63 58 52 162 124 182 244 
158 : 101 100 200 92 237 173 196 163 31 223 177 67 116 215 180 168 128 246 165 175 114 224 75 46 147 161 166 80 133 
159 : 42 83 160 63 72 148 48 206 241 133 248 156 187 44 185 46 84 41 181 169 154 65 228 53 45 123 80 244 153 68 36 82 204 34 94 114 212 122 28 132 35 79 118 202 199 238 103 38 164 223 179 117 200 209 87 43 163 92 149 33 192 128 180 214 217 27 106 55 224 
160 : 218 108 234 98 162 153 247 158 224 90 61 146 223 34 57 127 44 102 200 96 206 139 55 232 228 165 233 95 235 65 160 192 169 59 239 155 231 25 229 75 42 112 40 210 119 83 176 126 221 151 201 225 144 238 249 53 45 236 87 122 149 77 182 49 38 70 67 159 37 78 
161 : 234 185 166 231 211 125 74 116 109 236 97 150 213 222 57 144 227 105 48 223 56 117 114 143 178 159 104 233 106 30 232 230 46 151 49 51 149 177 163 193 205 122 182 141 
162 : 189 208 130 212 117 87 237 197 154 138 244 219 86 128 33 53 113 230 193 216 192 27 179 111 226 88 206 119 127 164 72 
163 : 122 93 164 139 90 99 150 172 196 211 97 49 92 220 35 116 98 163 53 208 232 141 202 48 165 233 51 128 177 39 187 71 166 148 38 129 31 156 91 110 224 229 105 69 178 210 111 183 27 42 216 84 63 192 159 152 215 59 188 103 29 79 234 108 104 119 50 230 
164 : 173 172 142 82 182 212 61 194 178 74 128 132 216 215 140 183 38 192 165 185 139 217 44 143 32 110 199 65 113 171 67 227 174 179 109 94 102 222 104 237 131 58 208 57 
165 : 136 90 217 129 204 173 243 238 153 172 122 29 220 47 83 232 219 130 67 186 178 216 89 150 193 27 237 194 25 233 168 146 71 156 128 227 132 242 85 190 117 218 93 213 215 246 119 60 139 35 167 181 32 135 104 120 
166 : 190 146 191 108 27 120 243 83 57 82 136 129 61 158 188 227 218 73 79 221 116 128 76 38 97 166 232 160 194 107 94 201 236 241 207 110 81 181 217 222 102 206 118 230 91 130 133 33 86 46 30 185 145 31 208 28 154 168 209 29 179 103 109 50 141 144 101 65 59 
167 : 69 125 112 232 192 178 242 130 92 162 58 81 89 158 136 51 38 121 176 68 91 202 110 193 160 126 98 164 127 128 143 86 32 102 212 213 107 187 
168 : 151 135 224 242 210 219 85 131 236 115 103 74 49 171 228 183 217 197 117 88 232 239 238 116 181 220 168 199 106 124 51 64 35 227 160 138 68 86 34 55 200 125 112 214 39 54 104 170 108 73 25 156 153 182 166 133 82 
169 : 121 82 94 33 243 155 70 96 190 53 201 86 80 90 115 164 196 74 159 152 193 204 235 236 105 239 183 93 
170 : 28 99 207 211 143 25 187 109 59 241 33 117 237 216 238 29 189 122 175 176 228 205 49 82 62 128 86 108 70 147 116 42 27 142 57 
171 : 42 106 81 146 178 150 83 141 183 111 248 105 122 181 247 177 31 204 61 221 99 92 36 152 162 233 101 201 170 73 234 53 143 109 79 193 182 194 231 241 35 98 246 38 45 135 190 65 100 245 138 104 51 161 239 132 26 167 159 40 154 147 86 
172 : 165 58 146 48 181 164 117 175 130 202 103 191 184 35 228 188 92 232 74 83 52 205 219 118 105 72 122 127 126 49 79 133 53 199 178 43 239 197 223 64 69 221 80 203 128 114 109 
173 : 27 83 198 104 189 141 32 226 33 43 161 103 30 156 154 231 176 110 112 44 36 142 143 145 59 98 133 207 25 157 225 67 234 114 204 215 90 247 131 242 219 80 175 201 56 190 178 186 124 71 92 73 100 214 82 213 228 48 153 183 181 
174 : 197 235 113 179 160 224 158 101 171 239 134 181 71 210 152 114 33 53 55 234 26 218 201 227 131 187 119 91 156 92 141 48 35 76 159 25 243 125 236 246 69 82 130 163 99 28 202 233 
175 : 184 236 140 133 210 132 197 137 46 27 196 182 204 136 129 125 70 54 179 181 138 175 135 190 211 78 176 49 93 186 107 36 156 71 223 199 130 164 239 98 192 206 224 193 103 243 228 169 117 42 82 248 165 50 249 52 
176 : 192 144 147 236 109 50 75 63 190 123 97 244 228 164 205 229 223 103 239 91 149 29 47 124 85 39 189 107 224 148 174 230 173 238 69 68 181 110 191 182 146 199 48 159 106 198 51 179 108 90 137 96 195 196 156 70 150 99 33 132 46 72 138 212 143 121 207 202 155 
177 : 152 189 31 98 196 240 109 106 101 86 238 182 169 66 241 108 244 45 47 158 59 235 227 100 183 67 163 161 236 135 73 117 159 124 81 157 53 138 186 
178 : 216 62 105 167 96 56 45 170 91 39 54 97 222 146 38 234 159 73 103 63 186 69 203 207 211 151 193 101 139 213 179 142 95 202 138 107 169 183 190 192 160 111 
179 : 96 53 206 124 136 25 152 214 240 142 88 207 179 205 195 182 176 157 49 108 178 34 52 60 244 188 116 64 150 211 165 192 146 201 84 
180 : 45 85 161 25 249 73 46 202 217 111 190 112 232 89 227 58 33 224 167 247 172 53 57 197 35 239 222 225 176 229 40 90 154 240 91 78 62 244 27 77 159 
181 : 247 151 53 41 74 61 171 203 240 170 35 228 157 136 195 188 146 119 63 156 196 165 159 40 29 180 227 117 142 70 131 32 46 112 84 48 223 68 219 80 106 124 155 186 47 143 25 144 30 158 37 192 96 107 213 103 69 64 77 72 217 245 
182 : 101 185 184 242 143 147 215 97 112 57 42 159 157 109 90 194 173 78 91 106 95 179 202 220 102 195 230 234 126 148 169 105 175 223 56 232 50 110 199 231 152 
183 : 197 158 172 86 236 192 188 222 209 238 97 245 96 162 82 177 191 156 202 60 109 42 200 243 204 163 49 67 195 31 122 167 221 183 91 79 121 133 56 103 28 112 196 249 186 205 62 131 63 46 237 189 211 136 223 150 190 119 154 36 114 45 214 
184 : 194 34 129 230 28 76 177 146 101 224 173 136 49 244 202 31 133 97 138 180 126 116 117 139 195 216 107 166 98 162 201 
185 : 66 92 81 132 79 248 62 59 229 224 169 148 31 189 88 109 202 208 238 234 46 222 40 185 230 200 73 184 176 84 194 116 168 196 210 
186 : 190 31 62 199 83 189 170 92 179 87 205 177 120 102 144 58 94 198 246 88 65 178 223 203 187 157 118 111 194 93 208 211 101 
187 : 111 216 188 103 119 150 29 203 99 101 88 63 68 205 177 93 176 223 35 34 185 53 32 46 105 140 30 122 165 181 65 239 202 156 45 126 52 215 74 120 197 43 213 231 112 123 224 207 125 90 
188 : 58 90 122 190 148 194 129 73 107 76 191 49 242 152 181 133 186 141 217 174 196 88 201 109 210 101 97 119 226 221 204 243 72 74 218 247 137 70 144 100 147 79 92 51 142 113 96 99 138 120 89 198 227 45 123 239 153 53 164 161 
189 : 200 155 94 56 206 213 191 82 63 101 30 76 116 197 35 242 87 60 164 130 125 228 127 174 136 247 246 79 190 132 89 70 78 172 46 238 69 170 249 182 133 134 146 58 57 39 75 189 106 177 237 221 232 
190 : 156 86 140 201 98 42 204 212 153 236 224 155 76 103 122 75 28 154 50 112 165 67 177 71 84 168 162 113 233 49 211 237 244 173 37 59 175 128 182 241 
191 : 79 110 189 47 241 147 130 111 207 95 162 161 205 206 77 108 175 140 128 220 103 228 238 229 172 176 226 78 
192 : 138 100 153 246 161 194 70 78 149 157 44 27 110 143 221 105 227 82 69 108 72 240 120 76 31 218 162 64 186 122 45 71 62 151 154 106 91 98 193 226 244 170 229 146 55 109 131 167 52 46 208 203 50 181 125 163 152 230 37 47 93 182 
193 : 239 247 145 187 51 91 192 53 185 162 222 208 28 58 98 38 121 104 151 34 89 123 133 159 106 59 135 160 31 42 84 124 100 245 112 218 229 152 183 210 144 69 137 113 79 35 88 61 118 166 169 154 139 244 64 36 101 168 78 189 60 
194 : 120 129 31 217 230 122 186 159 218 147 131 204 232 130 231 227 202 161 157 141 146 148 90 160 79 60 128 119 248 113 
195 : 165 248 86 180 126 43 32 221 230 37 182 160 177 172 139 96 110 131 102 242 168 113 153 128 122 103 34 87 83 93 54 197 164 120 111 183 152 232 117 109 236 144 245 210 31 247 101 91 158 155 73 179 
196 : 99 37 82 202 144 185 162 79 249 55 111 203 177 112 49 213 204 168 196 174 179 89 126 40 60 70 33 154 125 170 234 150 97 216 123 159 239 114 188 158 241 92 221 36 77 181 227 42 128 38 102 224 229 113 57 218 127 76 45 214 34 93 207 141 138 51 44 53 130 
197 : 208 106 220 63 154 29 169 205 171 27 244 60 107 72 38 53 157 81 57 183 85 134 25 36 185 209 155 70 243 203 39 64 178 162 116 206 181 28 123 93 37 102 218 146 74 98 45 
198 : 231 110 45 246 95 53 34 68 179 208 151 108 193 81 169 42 82 183 137 37 86 124 198 106 100 138 156 94 223 43 221 245 56 134 188 201 74 206 227 126 192 
199 : 75 117 49 137 177 155 116 234 210 154 147 103 38 229 28 149 53 197 128 176 222 248 57 164 45 95 25 69 118 191 140 33 35 
200 : 104 142 234 50 187 214 190 227 120 88 61 225 176 220 101 119 203 237 209 130 139 78 94 140 184 242 112 170 149 202 167 233 180 44 125 55 179 96 173 
201 : 100 197 65 45 112 183 99 205 56 124 156 105 182 58 201 128 90 83 94 192 222 155 216 162 101 42 89 242 28 237 221 246 113 165 210 232 116 102 168 150 239 188 62 144 230 35 74 125 179 52 87 104 195 166 225 57 161 135 177 204 82 64 202 77 129 141 196 30 
202 : 108 212 34 32 135 156 129 167 186 208 38 240 228 239 99 113 79 201 133 174 30 101 47 246 125 132 153 183 53 144 149 139 110 165 180 225 177 242 80 146 200 119 211 142 154 73 
203 : 134 202 73 188 176 194 103 43 48 130 127 159 78 51 247 183 30 246 191 133 89 35 79 91 187 45 171 52 74 184 71 219 105 31 56 
204 : 158 130 235 225 186 212 190 144 139 43 56 206 97 202 57 154 71 108 27 141 198 193 146 177 174 185 213 
205 : 177 91 74 64 165 185 159 59 66 181 233 219 188 150 32 113 131 25 137 79 184 225 247 31 125 201 108 132 238 205 50 37 230 203 123 65 217 186 139 94 175 215 99 109 30 138 39 200 112 96 218 235 210 183 71 176 46 49 82 170 130 162 26 
206 : 46 87 52 170 97 128 209 112 151 76 113 116 135 33 236 235 162 74 29 102 51 30 73 101 238 90 186 32 62 124 69 70 66 243 115 61 91 84 212 185 25 93 75 138 107 173 160 80 200 114 175 168 78 150 26 126 206 226 119 129 35 104 
207 : 239 99 224 93 131 130 30 212 143 249 59 205 79 108 129 74 33 144 27 147 65 219 53 246 72 113 237 98 86 199 128 248 114 170 26 55 186 179 60 64 197 193 117 83 73 247 242 195 157 54 230 215 94 50 209 51 71 153 120 132 105 183 102 95 41 137 48 36 
208 : 249 173 234 54 183 155 88 111 206 31 185 62 216 161 34 83 28 68 77 235 226 123 120 128 84 33 144 239 237 96 146 142 230 198 136 212 35 147 126 112 211 222 98 122 117 80 42 100 194 47 32 56 58 92 69 
209 : 198 222 98 89 49 105 83 214 109 74 107 28 219 57 162 225 235 237 73 206 163 185 69 100 137 133 204 221 41 35 29 160 171 143 65 241 70 54 78 126 47 104 232 130 136 144 118 45 184 62 201 61 115 192 37 238 
210 : 239 152 195 114 173 221 179 207 163 202 80 83 249 165 123 135 104 235 88 155 234 169 213 201 63 168 226 26 182 140 171 174 180 145 79 198 204 65 151 237 27 187 218 48 181 121 115 91 35 106 184 
211 : 235 186 36 98 182 116 140 141 139 180 114 147 248 111 163 30 104 103 160 179 121 123 164 112 25 190 152 44 191 28 233 85 101 69 93 238 118 128 27 84 159 245 75 49 99 71 47 249 133 146 158 109 119 129 166 171 72 168 38 187 145 31 96 232 120 219 142 161 100 
212 : 158 99 213 115 219 81 233 159 40 150 173 85 109 82 114 176 241 153 90 111 200 229 146 145 33 124 38 236 175 230 162 51 36 202 244 206 182 57 59 245 86 138 231 127 44 98 183 194 168 97 136 234 137 108 237 53 133 130 131 177 
213 : 167 206 246 180 235 249 210 123 56 61 165 91 160 94 51 70 232 75 141 184 195 114 154 102 162 185 
214 : 208 213 93 141 189 145 151 71 88 82 156 245 118 219 193 192 178 128 158 103 99 228 172 169 171 229 220 201 92 159 187 147 56 209 138 97 38 105 121 199 216 89 101 167 135 114 175 226 
215 : 200 201 246 194 159 107 75 84 51 220 223 241 199 169 80 247 187 240 89 125 168 93 28 54 72 123 204 106 202 114 81 121 43 193 218 38 87 73 88 172 149 35 42 236 122 77 185 99 128 165 116 53 216 105 86 228 79 129 234 225 57 144 56 167 82 
216 : 197 146 127 77 249 39 79 119 233 190 105 73 138 133 176 161 187 50 225 86 88 29 140 211 74 137 84 60 93 80 69 149 188 49 182 30 166 48 123 145 150 158 68 98 154 104 183 181 107 117 217 109 186 66 209 
217 : 190 92 41 231 79 111 93 84 121 36 181 71 102 114 206 175 160 57 213 219 177 101 182 222 138 55 205 221 249 174 188 164 162 243 238 244 
218 : 143 224 84 49 38 208 87 56 219 118 225 195 230 61 78 173 223 157 169 107 66 205 113 134 108 147 179 
219 : 122 157 242 206 240 87 37 238 131 218 193 71 43 114 58 81 190 160 187 168 204 188 172 199 41 40 
220 : 164 112 26 65 184 38 32 208 131 80 160 35 227 182 219 206 243 215 225 151 102 48 176 70 183 153 40 214 106 107 125 57 180 172 41 81 51 162 61 173 37 29 150 201 117 96 69 63 223 148 136 66 133 108 237 154 
221 : 34 171 180 108 148 121 219 39 59 105 173 87 165 200 143 75 156 40 29 198 113 30 246 61 115 234 212 191 178 73 79 51 231 57 52 
222 : 136 225 150 185 121 50 137 148 110 175 107 224 80 126 132 170 240 229 120 56 75 49 221 58 102 248 228 139 60 38 71 172 108 188 116 154 152 32 54 182 67 76 105 200 133 186 41 88 94 40 100 46 
223 : 146 237 78 147 123 25 178 171 231 154 204 50 106 131 64 203 65 124 221 76 45 168 138 175 174 163 35 63 137 91 150 133 172 92 113 164 241 139 
224 : 175 181 72 225 83 99 146 148 187 106 100 109 119 144 210 33 43 105 92 182 222 162 113 158 189 89 217 150 45 208 111 161 190 
225 : 202 200 95 152 150 145 235 126 161 144 74 197 99 198 53 228 175 120 47 110 177 143 71 174 234 69 111 194 37 147 122 66 134 85 239 241 162 58 181 91 141 201 230 166 238 199 247 182 207 25 188 51 153 158 212 67 195 184 116 104 90 215 193 123 121 131 43 54 
226 : 123 82 219 142 199 134 245 168 33 50 188 41 176 163 87 184 197 30 127 34 86 181 215 46 75 120 52 77 200 155 90 118 146 130 204 32 59 228 206 148 40 226 224 169 96 
227 : 149 79 161 196 169 180 218 166 27 105 118 98 136 64 217 238 195 206 189 211 216 164 83 243 184 213 179 171 212 239 30 78 39 203 215 52 60 246 194 109 190 209 127 148 207 90 233 108 101 59 46 85 44 227 91 144 42 
228 : 50 232 215 128 202 119 153 28 25 171 104 158 138 108 103 239 66 155 141 125 89 149 144 67 185 233 96 102 224 193 132 101 167 243 234 145 245 58 51 116 230 115 140 248 157 169 146 44 235 53 197 190 68 209 173 38 70 117 214 118 111 213 247 41 231 236 170 221 192 152 
229 : 123 61 189 88 246 158 82 167 172 247 36 69 160 102 30 94 43 25 44 178 49 205 62 96 78 40 136 221 48 209 139 
230 : 197 48 174 112 60 209 138 102 170 192 200 184 237 73 187 218 222 227 108 57 58 173 171 110 133 123 90 190 204 79 124 68 119 
231 : 84 191 76 188 182 81 223 122 118 51 64 199 36 97 114 230 131 52 162 177 218 241 43 68 139 93 176 246 
232 : 130 48 218 169 190 131 65 26 121 31 85 177 29 145 185 109 67 103 223 207 64 124 32 127 246 58 132 193 182 172 221 83 142 97 30 144 226 202 25 99 199 150 233 232 107 140 212 116 205 35 159 104 141 240 203 54 63 68 38 98 184 
233 : 154 37 109 138 92 239 71 139 44 147 157 78 67 121 116 99 90 182 190 209 95 152 151 195 50 145 180 136 96 69 214 206 55 146 
234 : 45 34 96 225 235 240 151 161 82 42 38 117 58 241 186 211 192 239 147 123 132 113 150 53 36 110 118 78 94 167 162 111 128 227 184 194 66 50 119 187 
235 : 56 132 196 136 233 124 184 85 131 66 110 223 74 122 93 192 127 115 36 167 77 247 242 143 234 236 151 186 199 214 164 182 81 149 111 209 79 89 108 188 206 
236 : 204 83 171 183 130 196 128 214 213 42 64 245 168 29 84 151 63 209 34 88 193 122 100 165 236 205 69 105 103 80 27 139 119 136 148 107 188 129 235 178 28 120 36 123 189 242 142 156 82 182 177 74 134 191 46 210 43 234 176 190 201 89 221 132 
237 : 156 237 49 143 135 125 117 189 115 95 128 63 57 110 92 31 147 160 165 185 142 106 34 77 118 215 80 221 76 119 54 220 60 226 93 87 201 202 244 121 75 206 247 184 
238 : 217 144 64 84 67 192 56 132 233 120 204 145 137 173 58 162 51 107 222 53 93 63 223 242 182 73 110 126 49 104 45 185 101 41 97 69 186 42 54 37 193 174 44 76 149 90 106 157 238 180 158 160 209 91 146 177 191 228 
239 : 116 197 120 161 135 44 56 35 88 196 25 207 243 229 140 108 64 152 235 37 129 153 209 61 194 54 191 234 66 132 26 155 189 164 185 134 110 47 103 175 172 81 202 94 218 156 178 223 118 245 139 126 63 80 79 240 221 127 200 158 
240 : 39 52 61 71 91 27 107 189 114 124 234 177 135 202 79 198 138 218 53 222 173 187 54 83 50 25 82 104 38 31 196 110 246 212 75 183 
241 : 43 85 154 80 139 122 158 194 199 168 169 79 109 70 211 44 69 114 76 175 228 197 137 55 42 37 101 245 54 244 208 95 181 136 86 174 64 91 33 59 120 221 235 52 134 
242 : 168 220 91 182 229 226 53 202 214 101 230 196 105 79 177 110 169 136 159 188 219 107 49 152 42 138 118 39 184 173 
243 : 190 45 72 228 248 145 186 244 217 204 138 197 63 67 78 236 85 109 46 171 178 168 102 170 43 103 242 152 71 79 125 192 144 82 135 177 122 187 115 207 32 176 86 162 141 232 137 54 69 129 50 161 105 180 120 191 73 146 163 
244 : 68 232 135 85 193 245 126 247 229 223 167 213 80 97 64 240 72 173 165 190 88 183 169 106 41 83 109 98 144 77 43 102 48 239 187 84 44 149 104 175 25 148 103 231 62 52 137 222 114 54 182 133 
245 : 31 92 177 27 222 122 213 224 65 143 61 138 107 42 68 136 112 116 109 132 124 153 198 34 185 230 155 46 171 166 241 170 79 175 88 196 75 101 76 49 209 173 174 80 144 181 235 78 93 89 137 140 36 95 184 161 190 98 212 41 104 220 44 127 
246 : 116 204 239 149 151 190 156 29 46 244 124 236 103 84 211 89 197 98 105 107 87 53 67 191 104 199 137 200 194 237 37 153 214 231 217 112 193 30 136 230 118 152 47 225 38 44 82 83 40 129 240 49 165 69 168 27 203 77 127 176 81 247 147 169 
247 : 131 38 202 238 132 234 60 185 126 133 56 67 138 162 144 47 115 61 170 186 65 64 75 62 242 95 227 33 52 
248 : 123 227 169 51 104 61 30 248 163 78 155 89 84 162 245 201 249 243 174 110 72 28 149 83 238 32 206 31 151 209 96 71 98 199 157 101 69 67 77 33 46 108 113 47 204 88 81 219 175 223 38 73 92 229 186 111 115 159 208 246 171 60 154 53 153 244 
249 : 42 140 163 80 97 93 228 162 58 236 81 127 151 79 238 55 64 43 215 230 221 33 57 188 184 222 171 111 206 95 122 141 174 226 137 145 138 32 28 198 84 41 167 209 233 220 164 
250 : 37 69 138 173 144 32 204 48 84 236 78 196 185 203 38 131 228 61 29 50 76 102 47 56 244 91 54 105 127 116 229 137 142 230 26 152 128 49 135 146 45 62 180 199 42 245 111 114 247 33 140 191 238 167 117 178 159 
251 : 70 200 199 108 121 105 161 215 172 184 212 88 181 97 55 186 40 198 217 78 123 48 63 124 166 160 233 147 235 
252 : 140 158 193 156 29 241 123 178 181 155 214 80 41 186 198 87 172 173 210 103 139 61 157 59 209 145 38 74 100 33 184 202 141 216 65 169 132 148 
253 : 72 234 229 151 132 194 174 25 91 79 185 155 84 213 38 241 102 119 182 216 230 97 149 121 210 43 70 37 220 134 221 227 137 127 
254 : 124 127 225 67 176 113 101 145 63 166 180 126 92 29 59 229 206 146 222 111 241 75 149 137 38 154 74 31 228 201 245 66 114 
255 : 248 217 210 151 188 86 245 215 145 200 77 221 125 30 51 73 184 201 28 95 36 194 149 25 187 43 192 132 171 62 135 26 34 44 56 99 155 166 84 186 112 58 249 
256 : 108 149 96 99 103 172 110 112 243 101 208 42 127 214 75 40 207 33 84 29 156 105 137 222 143 128 135 63 111 107 124 74 45 148 183 104 181 155 25 47 52 236 51 62 55 81 146 249 121 129 72 41 88 190 97 
257 : 108 37 96 101 39 157 226 91 113 116 90 73 151 175 218 30 162 56 117 182 214 200 41 192 115 183 129 238 114 64 146 49 78 82 245 198 76 127 204 184 81 84 189 216 171 92 33 191 55 188 60 79 53 93 
258 : 230 209 31 220 225 146 112 110 38 241 201 229 212 180 64 62 191 103 83 76 232 188 50 129 29 26 52 153 98 187 177 210 226 77 196 206 208 
259 : 73 208 221 182 125 107 38 123 113 78 143 170 233 116 152 60 163 71 28 42 157 102 153 241 242 148 105 235 117 212 85 159 109 59 211 104 222 131 66 238 35 46 39 201 54 213 160 227 98 47 
260 : 46 107 81 152 216 77 98 61 129 123 192 125 218 235 166 50 156 248 60 32 215 106 227 109 134 168 132 102 25 97 233 208 99 214 142 28 88 188 38 179 130 138 189 217 90 148 
261 : 77 113 210 32 114 110 44 216 249 159 158 241 125 151 99 141 98 116 198 70 119 192 172 201 208 199 154 186 238 101 
262 : 217 166 238 147 171 193 123 187 109 118 135 233 121 204 240 81 158 84 218 203 169 133 200 85 50 215 184 149 207 222 244 156 136 90 176 211 188 132 75 41 66 122 42 234 208 100 113 62 65 92 199 
263 : 130 172 44 150 41 71 134 226 209 97 140 246 242 46 114 29 220 25 65 115 119 37 245 227 185 74 154 182 104 163 145 236 
264 : 193 195 124 108 59 113 40 57 75 74 152 209 105 140 180 190 194 53 82 177 91 65 237 79 174 80 120 197 98 221 39 83 185 
265 : 54 199 80 205 181 27 33 110 144 150 247 58 166 28 239 90 83 100 29 52 204 178 30 177 186 77 104 194 103 50 216 219 127 55 113 232 171 94 226 135 78 60 190 137 152 62 155 46 59 243 26 147 189 188 146 211 95 158 191 
266 : 104 199 98 141 139 218 209 181 117 33 176 173 36 89 27 144 135 247 38 214 170 162 243 156 44 118 169 106 112 235 204 142 77 187 228 215 
267 : 176 29 200 42 155 186 71 100 233 36 104 211 93 118 64 194 58 136 120 213 185 117 44 84 135 222 62 184 206 90 88 81 190 124 39 199 63 142 25 221 85 96 187 248 132 223 68 97 140 231 82 52 83 133 230 220 144 229 37 61 236 249 193 152 179 113 149 168 170 196 
268 : 40 185 107 247 159 95 53 213 62 124 83 102 191 50 125 207 160 28 209 25 246 78 97 134 111 202 161 67 210 117 192 113 229 179 201 
