0 : 227 182 97 155 42 217 51 53 145 100 69 222 52 188 158 249 144 121 137 134 192 136 32 105 103 226 187 70 106 160 
1 : 77 189 91 204 102 121 230 68 145 26 75 169 167 105 85 62 219 32 246 214 161 80 95 119 232 
2 : 57 105 31 172 142 249 112 163 205 155 156 101 26 160 32 210 145 52 102 165 217 25 117 206 143 103 154 36 162 67 94 233 222 108 235 150 61 211 91 100 115 245 175 106 110 98 123 214 
3 : 71 168 182 233 153 69 58 214 158 197 61 243 86 101 220 53 81 227 48 242 51 109 178 211 128 142 110 240 87 127 70 163 73 95 67 177 228 89 245 105 196 191 92 113 166 
4 : 215 134 232 96 191 88 76 111 44 71 146 227 70 164 213 81 109 124 40 49 217 245 193 165 223 156 99 101 150 126 186 214 221 98 233 45 36 230 187 74 
5 : 106 45 115 128 90 217 131 27 224 124 83 194 160 94 49 184 202 101 100 225 46 232 71 158 156 223 185 53 34 41 144 37 244 135 119 117 189 62 167 242 249 110 112 193 228 170 221 162 82 57 87 61 138 178 68 151 153 143 197 
6 : 172 170 84 102 218 28 145 220 224 191 136 196 225 95 34 32 49 54 93 171 112 130 178 92 76 124 247 237 138 29 226 31 163 87 195 72 126 27 86 79 240 176 125 116 71 80 162 107 128 83 236 199 177 
7 : 198 84 162 206 128 215 154 236 213 249 119 144 41 132 25 42 124 181 31 109 194 161 159 243 207 66 55 133 137 73 70 111 152 203 116 147 217 165 27 174 85 241 226 122 34 45 190 240 209 91 231 220 224 86 101 49 173 89 197 
8 : 175 62 158 43 33 116 163 66 126 142 173 145 168 144 177 71 125 214 110 179 150 195 100 37 222 188 25 159 78 202 48 223 167 240 151 227 
9 : 193 51 123 180 116 56 145 199 125 207 200 38 168 223 35 243 208 67 44 45 183 164 104 209 49 221 227 151 224 150 148 162 72 178 85 42 226 132 247 138 220 126 64 196 238 27 130 239 58 114 117 211 144 40 128 34 84 129 30 241 29 71 197 137 70 190 
10 : 164 148 223 88 249 176 69 211 114 37 216 247 188 31 101 38 203 201 76 193 173 237 202 175 73 63 41 199 217 133 110 56 112 243 184 140 156 120 61 128 166 209 169 109 105 178 87 157 106 149 180 67 57 62 
11 : 103 194 66 118 232 42 36 138 208 76 145 62 189 242 229 217 223 154 109 71 175 108 38 144 215 37 85 199 65 235 63 176 
12 : 190 188 58 150 226 61 220 180 29 47 55 211 155 71 219 117 76 181 79 218 139 249 41 62 68 52 27 207 131 134 247 187 82 90 200 57 236 147 80 151 146 159 100 241 
13 : 202 94 96 93 32 65 229 247 103 187 138 211 128 85 35 210 48 83 219 76 226 165 228 208 153 155 101 161 120 88 84 66 25 157 75 149 220 192 227 164 207 137 191 119 145 67 190 81 100 203 115 212 98 243 249 246 45 177 78 234 135 162 176 63 242 28 159 69 130 147 
14 : 180 238 240 43 143 77 50 188 200 212 129 192 74 223 116 96 196 107 157 247 104 141 79 26 245 102 146 111 178 78 166 174 94 44 65 128 63 93 219 33 64 220 203 124 169 60 66 48 158 208 216 59 95 249 92 142 30 75 151 149 25 28 132 137 224 84 
15 : 128 115 91 217 111 135 144 234 52 247 203 208 121 116 153 196 167 246 133 104 127 171 114 25 179 232 112 77 55 83 40 57 94 210 141 195 200 72 58 110 168 28 48 202 181 
16 : 213 132 30 125 180 188 133 126 193 111 88 185 207 124 46 74 192 80 102 203 82 98 175 189 101 249 205 90 190 31 72 86 
17 : 38 235 30 231 225 86 230 42 131 165 160 127 74 103 234 50 190 247 218 36 123 97 169 191 49 203 245 112 168 81 58 201 43 89 87 202 98 117 34 118 31 233 196 78 108 129 212 28 
18 : 104 69 37 112 40 60 96 115 215 118 199 238 72 133 105 58 125 206 127 59 160 31 136 47 169 135 50 189 245 43 95 85 93 83 73 32 216 200 128 81 218 76 62 187 226 181 27 228 219 114 225 
19 : 229 154 29 245 38 45 25 41 51 198 66 82 128 174 114 153 34 232 238 130 133 97 145 107 98 170 167 216 168 125 235 242 131 
20 : 187 129 171 128 190 195 166 112 158 133 193 233 174 214 95 52 245 32 126 138 225 27 231 41 49 66 28 224 210 194 119 125 140 55 205 114 176 218 77 83 203 75 201 46 243 141 220 238 213 65 82 113 
21 : 246 105 214 112 194 153 160 90 51 161 102 238 72 177 35 140 128 178 139 188 243 136 115 245 218 219 101 50 170 201 240 154 69 55 64 54 61 207 133 225 45 103 190 179 138 192 151 85 199 182 42 122 56 169 222 213 83 172 95 164 232 236 32 145 159 146 186 67 197 
22 : 210 215 80 133 97 203 129 237 162 159 65 78 187 204 168 179 115 174 160 72 73 44 140 70 120 145 40 113 239 104 98 208 37 62 128 39 48 221 126 130 216 103 194 
23 : 69 67 145 241 238 186 104 25 49 106 152 108 172 169 219 122 210 42 40 34 178 29 81 148 129 119 88 134 132 54 
24 : 239 117 226 95 51 221 224 31 133 141 177 202 216 77 247 144 124 59 164 66 107 162 207 214 148 122 53 46 211 40 188 142 229 228 55 49 197 145 218 100 161 74 109 181 150 206 217 113 50 194 129 
25 : 165 40 146 98 41 81 192 247 167 46 163 63 90 87 188 119 152 200 67 148 73 183 128 145 242 82 60 28 249 208 151 241 
26 : 122 40 54 130 48 74 52 174 171 185 206 68 202 79 106 217 142 36 143 65 170 30 224 221 176 246 87 229 67 71 99 62 218 153 114 28 231 219 173 205 86 191 197 155 50 137 189 175 192 104 73 134 147 
27 : 81 117 49 72 226 245 79 103 217 124 87 61 233 182 152 77 36 129 138 75 157 174 189 84 209 199 232 173 116 54 156 125 132 144 29 50 244 35 104 137 216 201 106 122 155 225 
28 : 116 42 144 28 230 200 239 153 33 194 177 196 83 49 62 98 88 191 54 219 118 61 46 189 174 181 161 199 233 87 218 56 92 102 135 53 212 246 123 175 85 184 136 47 29 99 241 68 39 80 107 207 222 25 215 41 170 51 198 180 30 131 106 138 216 176 141 130 
29 : 160 231 95 199 223 194 75 210 43 151 46 127 157 26 226 27 66 149 176 249 222 187 174 162 65 148 136 128 120 195 49 101 192 191 44 62 228 76 242 245 99 107 154 193 33 155 35 115 110 124 150 218 111 130 55 88 224 56 219 125 138 61 189 171 146 89 51 
30 : 66 177 38 133 151 115 217 188 51 160 228 204 45 55 152 96 240 137 33 95 136 164 183 41 171 184 63 213 139 248 74 178 87 206 234 121 180 80 70 77 212 170 109 89 236 47 81 232 166 132 169 26 197 245 108 148 69 143 88 216 
31 : 63 218 149 156 38 94 79 246 236 212 124 103 66 249 178 187 82 81 228 127 68 75 231 157 35 86 57 179 175 222 235 216 196 174 217 115 45 89 167 131 177 241 109 194 126 158 223 
32 : 174 41 112 101 127 37 153 60 90 32 224 227 190 42 170 231 242 31 139 193 102 115 134 237 229 140 64 212 248 61 197 125 116 39 131 36 236 62 214 
33 : 153 218 215 245 25 91 249 183 146 195 247 185 189 84 44 176 123 64 103 196 216 236 101 171 235 37 239 232 
34 : 176 205 51 179 34 238 138 35 83 157 221 210 162 91 231 25 64 105 38 88 115 62 117 102 166 143 139 122 78 73 177 101 248 
35 : 77 245 63 113 129 167 214 35 248 211 157 79 66 42 85 210 226 98 146 92 139 237 56 204 88 109 216 192 149 43 51 138 228 54 95 181 199 122 215 217 141 159 169 87 171 180 202 168 
36 : 98 40 31 93 158 25 244 42 79 239 97 185 29 69 179 141 104 173 33 220 30 224 73 123 58 217 200 109 100 53 210 26 45 105 153 195 71 145 170 128 
37 : 247 177 45 106 222 104 126 201 217 114 166 147 221 175 88 28 70 243 96 102 128 186 87 35 98 118 144 25 97 124 116 81 47 36 242 85 92 204 248 37 127 83 119 169 63 180 223 94 156 117 54 113 132 244 62 238 65 39 199 232 162 91 108 115 142 149 107 206 226 133 
38 : 226 111 61 159 241 209 162 204 98 142 166 113 131 57 202 32 120 129 89 102 52 124 94 242 122 197 144 47 53 125 62 91 225 201 215 106 232 29 
39 : 219 103 55 128 116 138 54 106 162 140 200 107 237 196 167 124 37 157 68 248 73 215 221 108 225 239 49 149 188 194 236 91 190 195 238 130 147 153 182 133 117 243 247 184 101 95 234 139 66 176 76 165 226 125 81 77 241 159 191 118 45 104 214 213 31 67 198 33 64 78 
40 : 94 159 148 119 32 63 48 195 83 147 210 44 202 224 241 65 219 106 231 66 132 112 46 156 172 
41 : 37 218 104 78 144 153 61 75 246 248 149 167 114 34 71 118 194 59 106 193 74 146 80 221 27 47 48 222 172 231 160 203 206 175 240 116 169 131 126 180 156 32 65 236 192 171 159 165 130 87 151 84 142 188 44 189 219 56 182 68 62 215 179 211 190 
42 : 240 139 89 58 62 43 79 221 101 183 113 223 76 148 64 82 88 135 234 63 204 32 147 33 206 211 192 150 93 149 103 118 178 80 77 205 171 53 224 218 185 220 129 38 236 168 138 108 47 177 209 57 91 25 158 232 117 95 87 37 194 180 228 46 230 248 44 27 102 104 155 226 94 130 39 169 134 74 176 
43 : 235 63 160 247 66 189 124 92 232 82 185 138 83 97 103 200 233 71 108 188 144 112 177 150 203 123 75 190 149 215 61 134 34 39 170 116 163 
44 : 204 242 249 193 67 144 203 148 152 232 173 66 132 59 95 84 70 69 207 115 234 129 177 83 168 25 233 35 222 224 120 147 51 103 162 160 96 153 78 146 74 85 214 155 30 216 150 128 209 219 108 71 39 208 181 112 240 125 230 102 29 246 77 86 198 28 184 123 
45 : 135 93 84 136 115 219 206 120 29 179 99 208 247 70 184 198 97 101 129 158 171 186 177 112 140 159 156 58 173 191 231 63 85 81 146 199 193 237 224 185 45 42 68 102 110 201 53 149 218 151 133 27 145 
46 : 148 100 120 72 242 140 210 90 214 95 102 41 113 220 141 196 161 55 171 179 99 121 97 132 129 226 35 175 
47 : 126 62 235 240 157 208 75 172 74 136 202 150 177 145 225 112 85 168 32 101 124 196 175 35 90 173 204 105 57 95 31 228 45 26 214 165 243 111 195 191 238 139 209 134 160 138 167 
48 : 64 67 93 59 241 230 102 49 130 82 53 166 79 223 97 128 118 237 42 185 96 88 195 216 27 
49 : 113 143 144 208 52 160 176 191 54 57 149 50 218 129 163 104 231 96 56 130 125 236 117 230 233 193 90 47 83 70 123 66 99 92 203 93 139 205 186 213 
50 : 221 209 105 108 30 208 73 203 180 36 86 99 245 169 31 181 215 61 59 186 121 87 175 229 88 75 41 44 65 90 40 115 234 235 63 184 117 168 237 47 25 213 216 159 66 98 35 118 107 207 62 128 50 155 236 162 173 233 74 45 46 116 166 
51 : 214 56 152 112 199 32 116 235 131 230 90 243 47 210 107 127 39 65 85 220 219 37 134 178 102 42 36 
52 : 113 187 31 109 192 66 129 43 199 195 147 239 124 77 225 137 86 30 173 55 44 105 40 236 169 67 58 104 127 123 185 38 166 87 220 243 134 131 75 182 95 98 149 62 191 27 152 33 116 180 176 174 190 70 216 118 115 219 218 45 213 179 171 56 232 241 42 207 164 49 
53 : 56 129 173 155 116 207 239 32 99 177 73 204 234 212 223 200 140 127 187 114 230 144 199 81 149 103 45 143 57 27 243 60 111 34 183 106 202 228 221 102 191 88 175 152 189 148 95 117 206 101 110 182 170 157 190 226 40 84 97 180 123 198 92 30 28 185 160 
54 : 131 167 34 29 196 176 179 54 183 57 233 184 77 226 217 109 146 172 161 97 103 168 37 137 154 192 248 105 230 62 36 78 76 119 174 108 200 206 208 75 199 239 70 145 221 93 139 236 218 102 151 225 141 
55 : 178 69 228 161 209 110 181 83 136 47 86 50 118 30 201 97 123 249 84 131 102 159 223 246 189 199 164 81 179 190 
56 : 106 64 40 146 84 92 175 34 57 199 218 55 195 142 124 229 134 48 99 197 35 182 87 116 128 
57 : 79 108 101 83 213 112 35 139 222 54 208 43 247 207 42 145 178 73 223 184 174 110 164 123 182 153 220 189 78 30 221 49 134 55 185 39 107 124 180 47 122 70 117 87 161 216 224 95 173 
58 : 53 198 201 51 117 192 145 91 67 172 86 225 33 133 239 221 226 213 220 125 171 215 81 214 111 84 63 
59 : 42 128 65 63 140 111 206 69 112 41 137 249 170 67 80 210 43 169 107 217 95 97 88 61 144 94 165 203 77 110 118 127 102 194 113 103 51 59 141 39 200 155 105 233 98 
60 : 68 121 135 143 212 169 166 144 43 184 149 92 233 46 78 97 130 192 26 81 226 89 211 239 47 64 182 38 40 240 77 75 185 209 221 116 67 199 37 94 203 51 228 207 154 168 80 213 65 127 246 219 160 41 128 159 131 204 98 126 125 60 96 85 132 59 158 167 243 72 113 
61 : 43 101 111 63 37 218 137 88 220 110 68 229 206 197 222 148 35 87 70 98 134 161 166 127 28 232 114 212 211 83 142 139 65 162 132 240 141 167 115 122 45 125 209 96 58 95 71 85 121 112 200 
62 : 156 47 39 91 139 30 126 241 121 136 80 128 232 71 221 144 169 61 170 188 198 204 124 96 154 86 115 
63 : 158 59 166 210 236 79 151 164 221 168 56 235 211 90 99 148 75 67 193 165 131 61 220 150 85 217 44 243 136 219 103 157 126 156 172 203 187 195 146 95 50 43 81 159 249 246 140 35 76 135 60 93 100 206 247 134 
64 : 139 39 80 53 161 240 162 194 134 246 224 82 120 57 210 50 244 72 59 99 248 216 232 198 149 182 129 133 61 110 74 241 56 37 159 164 92 197 49 67 115 228 95 34 
65 : 222 71 191 116 62 248 186 90 112 144 102 228 173 170 127 109 200 131 100 69 54 183 31 201 105 128 110 165 237 88 180 61 195 241 99 59 147 49 84 134 25 
66 : 237 67 98 34 248 186 231 48 28 84 131 86 179 157 144 228 105 232 219 37 85 106 216 163 210 177 150 207 74 185 149 30 211 168 198 140 224 73 
67 : 81 134 229 105 108 130 164 111 160 61 121 159 244 170 200 120 56 48 233 169 29 226 197 26 66 241 88 133 77 179 185 214 177 99 64 195 217 156 45 198 65 203 146 126 224 90 145 72 129 62 232 102 141 31 132 94 107 140 173 39 219 191 249 
68 : 132 216 40 92 31 96 97 151 135 82 157 108 207 130 123 244 228 129 64 210 117 243 201 192 149 101 153 239 25 242 54 84 51 98 224 229 74 118 56 245 177 70 29 63 172 232 107 30 65 77 212 43 28 95 230 36 189 73 121 137 144 190 249 185 159 133 218 66 
69 : 28 55 78 77 140 212 122 206 60 192 63 59 50 80 229 41 201 113 225 109 72 25 226 76 85 93 71 166 66 123 129 81 62 99 89 67 228 47 182 178 88 53 96 137 57 126 73 151 107 132 100 191 42 241 222 115 110 128 198 44 91 68 158 143 97 239 133 194 218 172 
70 : 219 160 118 226 62 108 76 188 175 61 126 65 218 203 185 152 163 181 107 79 156 50 120 190 88 235 66 170 184 97 56 81 60 53 37 165 44 52 164 151 216 67 
71 : 211 48 139 73 111 186 202 207 238 86 122 61 89 200 49 132 144 108 194 53 140 82 156 103 126 28 246 170 136 35 177 198 236 128 71 223 154 102 106 77 163 135 97 226 147 165 164 83 190 72 129 81 27 121 225 191 42 75 107 242 29 143 78 65 34 70 130 201 114 93 149 184 69 180 99 166 
72 : 87 125 117 124 90 195 174 214 175 181 137 30 130 234 52 72 240 156 165 202 158 210 236 51 196 71 75 193 94 69 216 58 119 207 190 63 152 25 241 118 182 229 98 41 85 132 61 28 57 86 138 112 176 223 167 107 73 31 110 248 
73 : 229 156 125 196 71 214 164 143 48 153 189 118 75 81 107 116 242 247 37 150 29 241 176 121 139 130 232 137 204 65 92 192 219 147 79 233 155 
74 : 42 74 179 218 54 154 27 92 111 237 93 107 222 88 216 85 214 241 158 144 77 81 225 203 132 224 153 244 162 163 194 229 106 159 232 126 78 169 228 180 127 217 29 201 205 146 155 223 41 151 101 130 197 134 113 141 243 83 117 149 94 220 25 31 82 181 233 157 44 120 240 
75 : 177 138 88 75 131 129 166 212 38 155 210 158 90 241 55 98 214 207 31 41 70 176 107 125 51 53 223 190 95 244 245 99 163 104 169 156 132 228 159 160 89 181 87 74 76 168 28 66 57 62 49 39 211 238 202 
76 : 127 26 226 157 63 125 74 164 187 212 221 129 106 148 205 175 172 88 225 77 196 97 87 194 195 201 109 54 76 151 68 33 114 144 81 65 143 108 34 170 181 190 178 71 249 124 39 131 105 214 25 228 209 47 238 233 139 103 94 
77 : 130 166 117 40 132 182 211 186 59 221 35 153 223 78 127 216 183 64 171 210 115 187 34 124 44 56 97 162 36 87 74 88 212 42 50 93 247 214 
78 : 190 179 70 126 168 32 205 36 172 63 26 137 105 130 154 35 197 48 223 110 178 163 41 150 61 227 33 89 31 95 81 47 180 45 216 238 59 
79 : 171 230 32 133 227 40 144 248 122 134 240 234 88 44 131 238 214 235 38 153 92 154 141 93 207 57 175 55 54 97 223 81 71 29 72 102 195 208 148 69 126 188 67 117 101 170 96 62 233 87 66 125 194 120 124 173 82 115 39 202 127 77 249 239 174 218 247 
80 : 68 196 183 49 59 198 155 234 176 66 233 220 40 103 88 118 244 38 44 200 178 47 113 238 144 173 157 101 247 140 177 148 105 158 25 150 189 239 202 237 138 48 206 74 201 70 154 71 152 99 246 160 52 151 57 119 73 92 164 180 95 161 215 41 132 228 172 
81 : 87 127 230 109 48 151 92 190 96 82 197 138 38 95 44 246 154 203 33 30 60 196 58 184 188 90 128 
82 : 61 46 109 161 117 220 47 50 70 72 153 25 243 106 62 32 96 163 186 51 81 34 158 126 197 178 85 38 238 108 
83 : 180 208 216 116 65 74 215 81 190 61 248 87 124 228 130 94 214 175 186 64 95 39 137 163 166 234 237 213 53 102 59 69 147 151 96 33 207 230 156 140 192 221 57 127 231 177 63 157 62 117 26 160 148 34 233 227 77 196 42 144 49 129 242 238 104 37 132 206 155 107 210 58 67 161 38 128 48 72 154 
84 : 174 236 168 192 47 186 94 234 107 113 176 189 106 86 232 123 150 53 114 241 220 141 119 125 118 72 201 93 45 200 102 30 50 96 64 66 231 196 136 78 
85 : 96 141 152 157 234 60 29 153 224 89 112 127 51 69 238 201 241 178 156 158 242 93 237 77 170 222 65 200 203 190 185 139 67 83 218 180 116 105 62 148 162 81 115 174 88 119 120 128 229 66 225 82 191 211 46 186 37 182 230 92 
86 : 177 207 125 193 199 122 247 61 191 39 48 110 187 225 148 211 164 117 135 230 192 175 36 145 98 111 147 108 200 134 123 246 167 120 183 169 72 140 65 160 226 229 106 83 52 217 79 90 133 195 146 127 81 228 70 161 116 60 63 
87 : 26 107 201 156 130 95 25 194 28 99 152 240 207 101 84 151 110 88 120 55 213 75 58 96 70 53 
88 : 194 84 225 39 249 115 195 222 72 165 183 60 169 220 219 228 236 200 132 245 174 144 79 141 153 240 143 28 196 214 208 151 69 209 123 205 105 199 99 124 36 86 110 40 138 93 74 130 94 56 50 192 145 64 55 149 197 54 182 113 31 125 43 203 247 243 227 248 170 111 91 188 46 206 162 98 47 
89 : 231 47 141 245 116 120 38 117 210 217 234 222 221 208 109 154 51 87 161 180 102 239 138 166 88 152 26 148 99 86 127 162 244 177 108 65 212 248 196 136 176 95 151 94 43 191 72 195 146 226 213 40 235 186 97 137 83 188 185 52 233 203 150 31 165 107 156 
90 : 195 235 247 185 37 85 90 140 171 91 152 138 44 55 35 148 58 173 230 88 118 93 231 157 206 38 59 80 169 155 105 200 125 218 119 203 104 225 159 188 196 29 106 87 45 114 96 40 245 
91 : 208 37 28 237 87 110 26 138 101 108 43 46 112 148 119 222 193 223 246 160 218 109 141 249 133 215 153 228 63 116 172 205 216 203 145 70 68 
92 : 152 223 26 190 193 100 103 77 98 128 55 68 46 126 86 72 76 108 53 110 57 179 37 123 198 116 154 41 148 97 50 147 138 221 201 143 142 44 73 202 90 247 101 33 210 238 189 235 163 216 146 107 149 42 121 58 140 30 226 89 99 245 54 79 204 178 144 129 239 27 66 91 153 127 
93 : 96 149 44 93 113 106 232 173 37 97 245 84 73 234 43 77 57 198 164 243 70 85 102 174 229 231 125 71 166 108 163 140 
94 : 65 227 173 73 39 104 79 211 165 75 66 111 151 117 130 134 107 201 152 40 215 155 133 83 189 223 89 91 29 169 
95 : 156 151 215 34 225 104 242 64 28 204 191 76 31 60 123 49 58 243 231 187 193 234 177 87 111 178 135 136 128 169 81 161 149 200 244 168 203 25 94 158 147 175 115 
96 : 156 219 87 64 221 108 240 86 113 103 94 245 178 109 51 130 185 41 77 120 143 188 90 218 246 40 96 126 166 170 234 210 176 138 135 47 228 39 205 175 179 134 204 67 27 85 182 226 111 227 225 107 157 161 196 152 216 73 155 42 162 32 164 136 199 38 208 110 56 74 233 36 
97 : 151 232 66 87 71 103 112 168 93 174 49 78 96 149 97 126 60 143 178 106 94 92 196 208 215 116 57 153 36 211 170 179 34 159 236 31 210 203 185 155 122 173 212 183 33 99 59 163 226 89 166 72 200 182 197 160 68 146 30 156 189 129 145 187 172 58 216 64 141 44 107 83 142 
98 : 188 234 41 118 134 48 158 208 68 124 213 126 231 136 70 26 145 122 96 67 196 189 233 215 209 174 101 206 195 147 190 54 220 150 156 237 146 116 37 192 29 83 114 176 88 102 191 201 120 119 131 34 152 166 142 223 42 89 79 179 164 207 181 115 103 78 27 39 94 31 87 
99 : 162 51 185 143 109 58 211 194 223 79 142 54 222 133 149 105 29 165 241 87 69 164 238 121 227 153 39 127 92 71 172 60 34 
100 : 71 174 216 48 79 149 88 46 236 115 108 70 227 43 93 78 59 64 90 75 137 124 66 226 123 
101 : 111 182 91 98 100 32 110 103 234 26 165 227 138 178 248 206 76 140 75 133 58 199 122 72 161 246 123 249 86 65 38 134 87 43 150 238 191 121 177 39 40 146 60 61 139 247 164 143 84 168 207 222 124 230 33 120 109 79 48 180 154 104 228 36 47 55 162 
102 : 238 219 178 60 106 228 248 148 136 175 111 84 27 174 99 169 229 173 68 42 143 204 113 91 129 233 243 156 130 101 201 45 181 154 168 165 188 34 
103 : 117 194 80 145 126 232 110 244 249 70 74 137 161 216 200 38 237 50 143 147 236 68 133 183 136 30 168 124 207 198 109 156 101 174 218 122 43 87 57 178 222 75 153 53 73 113 107 106 192 181 63 29 99 138 214 167 129 111 52 81 154 226 146 238 228 
104 : 125 121 232 123 87 240 229 46 92 233 81 36 246 191 33 105 40 221 222 192 98 71 235 184 129 247 167 224 209 115 68 74 65 162 104 
105 : 205 107 31 94 170 231 33 156 64 79 236 108 212 39 218 96 85 124 106 173 247 181 217 167 183 207 172 114 176 166 208 243 171 128 195 163 135 157 81 25 196 182 244 198 226 34 90 
106 : 107 61 211 36 163 232 249 104 32 68 204 127 237 126 245 41 54 72 212 25 130 46 47 178 64 58 40 147 199 37 236 59 171 120 209 92 228 156 242 118 144 43 187 26 129 170 121 105 111 138 39 154 74 141 101 134 234 
107 : 30 135 171 143 97 206 56 65 60 25 186 53 100 227 161 179 35 188 222 47 76 55 127 82 158 217 132 130 240 51 42 129 94 211 69 46 169 176 173 96 114 181 221 102 194 89 164 215 214 232 197 84 115 48 110 80 106 198 43 243 212 86 
108 : 220 147 139 181 194 193 49 79 210 185 80 167 40 58 149 131 238 99 105 35 190 73 156 213 180 192 152 71 219 161 130 67 78 83 203 191 43 
109 : 100 182 90 249 149 66 71 103 46 78 167 37 244 25 67 162 61 143 73 49 83 229 147 91 139 219 151 144 121 117 76 38 64 26 29 239 39 231 157 60 
110 : 55 242 173 101 188 63 224 127 182 176 57 184 230 130 73 112 126 235 191 179 135 60 196 216 219 91 86 50 107 49 102 37 109 81 104 113 213 40 166 33 243 234 32 105 236 211 140 222 201 124 122 226 36 185 43 103 94 27 157 
111 : 96 126 197 48 90 76 246 52 68 35 243 172 128 166 59 74 65 164 184 101 156 188 168 47 104 162 180 154 205 178 116 198 229 159 86 33 213 145 227 42 155 210 199 105 114 187 149 153 97 233 37 140 118 142 239 107 54 234 115 237 38 207 138 122 174 89 32 212 
112 : 32 149 181 213 233 87 159 85 206 205 57 91 163 76 179 189 236 67 121 63 175 177 207 241 147 174 245 120 222 169 190 70 28 82 146 184 60 133 58 188 106 228 203 99 139 123 77 161 30 150 90 176 95 237 98 166 154 112 29 185 72 97 62 93 248 45 172 
113 : 164 132 28 194 205 119 148 191 80 83 124 93 122 120 32 174 156 54 161 206 71 97 75 222 210 152 168 233 30 203 127 158 165 65 52 236 225 145 202 189 180 85 162 
114 : 52 58 192 244 128 141 97 63 246 36 231 65 73 216 234 200 74 123 86 240 167 138 177 182 66 203 175 222 104 39 218 57 109 155 249 82 31 134 144 215 126 53 116 153 237 91 137 130 37 33 220 131 211 44 64 115 149 166 78 87 
115 : 82 197 38 41 183 188 71 113 155 153 144 135 121 190 43 152 37 239 225 140 105 235 59 230 192 62 112 201 139 119 194 115 234 241 167 159 36 151 247 248 180 106 213 126 51 187 182 236 120 132 122 
116 : 136 161 229 225 50 231 160 103 230 82 57 52 210 182 179 140 167 74 184 124 176 111 29 65 212 223 164 183 107 173 34 228 116 
117 : 139 93 236 165 53 201 205 66 209 54 191 147 198 102 151 136 59 31 192 167 232 115 235 200 84 120 230 171 126 51 164 27 127 
118 : 161 133 28 173 165 33 181 204 127 128 157 236 132 171 188 228 168 237 196 66 151 109 43 197 174 78 146 112 
119 : 94 106 27 164 87 138 63 104 86 161 54 203 191 241 88 75 105 187 112 140 174 122 166 145 196 220 81 150 207 135 246 45 233 70 114 224 198 
120 : 34 73 140 112 246 28 178 234 228 158 142 116 189 66 170 193 57 167 125 196 119 188 86 56 98 203 
121 : 41 137 49 171 231 109 62 106 71 132 95 31 228 222 81 83 187 206 44 243 141 33 180 203 84 38 74 75 120 211 35 199 93 133 47 233 27 42 
122 : 53 93 151 33 34 240 111 199 170 156 47 82 149 91 84 104 125 123 177 188 137 210 112 176 231 
123 : 149 213 133 66 39 158 230 244 170 154 180 188 206 32 44 99 150 111 186 115 110 93 148 74 53 126 193 80 84 146 179 157 81 196 122 76 55 181 141 210 219 107 77 245 172 89 97 177 192 108 131 232 220 162 165 135 246 199 229 98 35 73 
124 : 56 30 42 167 150 186 118 59 205 136 212 233 198 133 235 125 84 217 148 161 110 26 173 237 103 164 208 144 77 124 
125 : 157 109 189 111 49 35 106 181 203 210 130 61 84 207 182 161 67 74 197 202 154 78 80 240 237 167 65 234 136 209 169 131 236 115 63 194 31 44 127 91 79 177 147 85 231 225 195 226 230 114 37 53 66 200 168 
126 : 221 60 73 114 241 92 123 245 247 121 200 54 68 67 238 147 96 56 203 161 244 100 86 43 136 40 235 63 197 154 84 106 122 126 30 150 171 151 87 237 99 32 242 158 190 109 160 159 116 166 33 226 26 35 38 144 55 111 142 103 53 51 66 27 194 
127 : 57 34 60 116 134 32 240 173 48 62 189 63 27 178 198 141 176 146 140 156 119 124 47 227 242 38 167 180 98 53 109 203 217 
128 : 218 36 165 111 76 103 170 93 54 184 86 31 99 67 57 237 84 120 96 60 44 122 145 187 219 78 46 116 133 69 178 226 124 112 248 210 223 42 80 208 71 202 191 89 146 155 66 81 181 106 32 118 
129 : 52 112 77 38 156 224 88 246 113 237 32 148 108 209 226 25 235 128 186 71 98 72 41 42 68 225 168 136 241 160 218 214 247 102 146 213 114 157 86 220 35 92 106 30 43 228 219 192 126 56 109 142 133 174 125 122 248 190 55 127 129 176 26 144 147 245 67 
130 : 85 240 160 190 189 96 31 86 124 105 87 65 137 73 180 82 92 25 206 239 158 38 39 188 191 90 91 103 236 151 
131 : 187 131 81 124 77 224 142 190 233 123 33 184 234 195 191 83 212 226 75 134 151 163 248 42 72 113 199 160 35 166 128 171 150 63 235 148 121 117 173 228 102 65 25 45 133 55 30 154 158 66 61 205 213 143 177 179 119 242 192 167 216 221 122 217 169 207 50 202 211 82 107 28 225 84 51 105 
132 : 61 45 106 144 36 148 67 149 142 95 91 227 232 146 119 235 153 123 62 199 228 155 125 75 185 33 118 192 249 151 213 170 
133 : 160 216 91 239 52 117 109 88 102 47 163 96 179 244 37 162 97 237 89 35 238 246 32 197 87 92 145 45 144 59 93 229 74 187 
134 : 112 196 129 157 225 242 111 177 118 161 58 125 151 168 43 76 147 208 78 189 249 98 219 37 174 100 146 248 247 220 144 80 72 114 73 97 55 188 158 197 109 110 89 236 113 155 194 122 65 228 200 222 105 135 209 139 185 245 142 223 34 214 167 169 106 121 119 156 38 164 187 61 173 95 202 
135 : 167 92 32 52 99 204 131 100 238 34 144 79 228 67 35 98 217 133 71 195 58 120 192 123 29 57 132 187 214 168 151 196 237 189 246 66 169 83 104 184 185 225 127 236 148 242 177 248 76 172 199 82 170 25 158 159 134 229 91 50 245 157 47 193 101 
136 : 175 127 227 43 240 232 48 146 68 52 247 91 150 133 142 88 238 84 202 192 93 107 132 38 124 199 125 140 221 99 210 237 211 154 104 105 168 108 
137 : 44 30 171 175 98 183 117 137 206 229 120 59 239 52 180 151 176 182 104 35 173 208 237 232 166 169 80 148 181 68 207 49 238 115 184 223 27 155 220 54 203 196 178 147 247 111 65 212 37 121 152 197 83 161 186 92 226 139 187 84 131 81 88 227 79 78 168 74 210 51 56 55 40 110 90 100 76 75 150 
138 : 158 85 209 194 216 236 137 170 183 113 145 241 72 184 115 246 172 61 186 244 224 52 44 136 109 154 29 
139 : 25 195 83 58 30 141 159 210 31 122 154 234 191 28 237 95 232 27 198 149 43 145 204 93 125 156 66 117 190 177 50 79 180 200 51 172 118 48 169 165 153 127 76 75 90 241 94 96 238 55 
140 : 178 192 32 50 92 49 95 235 119 200 118 166 34 141 225 247 37 163 94 158 99 190 57 164 107 45 199 220 183 240 71 219 117 
141 : 237 171 108 126 25 155 90 84 220 245 57 72 163 99 210 174 59 191 138 58 101 224 235 149 140 175 167 48 182 248 242 147 130 196 157 120 184 87 180 124 192 111 117 190 233 
142 : 246 97 107 83 196 110 29 96 241 168 190 201 203 169 163 176 45 185 82 173 31 166 115 87 133 44 30 217 171 200 186 104 198 127 108 184 223 74 25 100 68 180 239 235 124 159 88 102 34 146 125 218 242 139 194 237 51 207 52 98 175 79 208 112 121 91 193 77 56 
143 : 90 46 185 172 108 209 187 85 240 239 54 143 205 141 25 211 89 50 34 31 102 175 125 216 62 151 128 61 38 68 201 107 248 152 83 164 210 112 42 130 202 59 244 79 135 138 88 104 222 111 224 113 
144 : 208 140 192 144 207 73 213 126 218 155 132 156 92 225 176 114 238 148 41 199 97 44 30 82 141 62 185 95 33 88 194 138 
145 : 170 91 28 80 174 78 204 143 190 126 211 219 188 208 205 181 155 42 203 152 153 140 244 102 202 114 141 185 
146 : 185 130 197 98 72 97 70 33 195 53 219 67 88 178 234 245 91 203 217 190 133 243 125 205 220 177 61 95 183 84 166 169 74 196 58 210 240 137 247 171 77 157 175 66 108 25 231 152 30 182 172 206 238 76 124 159 82 118 86 59 51 146 168 181 192 
147 : 246 59 106 158 181 156 116 233 224 55 227 152 222 117 41 190 186 90 173 207 39 34 57 98 40 53 97 142 35 74 120 122 210 76 66 93 69 36 70 248 166 218 201 177 160 49 112 119 50 128 63 94 196 151 231 126 26 180 43 195 135 167 200 
148 : 201 36 247 51 101 235 154 56 145 114 64 186 136 194 207 83 239 74 249 61 171 233 205 122 28 157 41 132 47 78 53 94 173 95 73 216 97 116 26 226 65 218 100 126 99 121 248 93 188 170 161 90 35 183 133 108 156 174 98 215 180 71 72 143 119 
149 : 97 212 85 40 195 113 125 218 50 160 72 98 181 69 57 196 45 88 151 156 170 136 36 52 221 211 235 58 185 124 201 91 111 241 92 231 149 117 229 60 214 39 38 46 122 78 120 139 165 204 109 222 174 203 94 100 239 96 87 
150 : 81 237 123 148 150 188 229 103 149 82 77 92 53 126 34 136 76 204 109 43 54 209 65 218 241 151 185 94 138 247 49 169 161 135 223 110 187 104 226 111 79 125 146 190 117 160 179 194 170 159 71 97 
151 : 102 68 227 36 172 245 246 133 32 146 34 127 74 153 159 58 179 216 52 163 206 249 63 88 221 237 86 123 50 187 59 95 37 186 217 53 197 136 
152 : 187 182 191 49 221 87 98 188 48 106 169 220 195 234 117 116 81 153 125 214 246 59 154 41 101 34 38 197 227 33 64 126 123 131 147 58 180 136 223 89 61 134 135 190 244 31 128 205 80 207 100 115 173 
153 : 207 203 68 35 74 159 66 211 85 63 146 232 48 97 231 56 78 44 76 248 179 221 57 39 137 147 229 161 29 199 89 181 32 230 135 120 142 150 204 239 80 222 244 144 180 202 49 112 81 242 157 99 139 38 47 210 59 228 72 155 84 121 235 163 176 162 40 206 238 197 90 110 
154 : 42 151 164 30 241 172 232 41 72 32 133 187 106 210 195 101 128 243 40 43 183 81 130 103 189 249 38 71 70 57 96 150 
155 : 139 72 182 156 233 185 191 48 176 26 228 89 49 32 63 93 178 245 214 106 169 190 83 232 166 235 239 144 45 133 68 134 50 160 66 65 57 217 38 103 
156 : 212 219 210 41 158 191 197 112 106 99 48 198 181 38 105 121 188 103 141 174 129 91 69 168 70 92 173 131 56 189 155 43 101 36 247 67 244 172 190 52 123 238 186 152 236 204 45 183 249 90 111 164 213 136 214 138 237 39 
157 : 44 122 228 156 74 110 45 177 190 81 50 27 116 207 56 69 246 216 29 60 243 135 98 140 77 187 218 25 112 165 129 148 149 184 161 36 130 99 186 175 115 232 204 31 88 142 132 183 55 87 202 155 217 227 67 101 154 49 83 103 102 244 171 76 146 238 147 125 222 211 164 219 90 70 48 166 80 
158 : 80 134 78 211 131 189 45 85 96 153 208 65 120 167 216 55 213 88 89 184 206 193 176 200 187 69 205 75 163 207 34 143 
159 : 217 192 165 159 239 202 46 59 127 211 174 105 142 69 184 103 84 225 65 81 96 206 64 161 114 139 150 221 212 52 166 162 68 148 74 73 199 247 244 128 224 214 243 92 167 170 227 
160 : 220 192 52 133 76 125 147 194 203 186 123 122 60 224 158 105 83 151 208 190 244 112 189 237 228 169 152 231 97 41 93 199 33 120 38 49 126 214 110 238 121 205 71 180 40 219 159 217 178 46 135 
161 : 43 30 58 114 69 87 157 244 130 219 206 144 241 122 92 205 84 73 97 239 108 160 103 154 72 123 67 235 
162 : 47 77 221 165 204 82 228 42 68 157 203 152 176 48 63 238 104 154 177 197 173 226 34 110 93 227 181 184 113 106 172 147 122 98 43 66 205 237 161 135 61 75 219 239 187 139 90 170 158 56 241 217 231 180 46 185 52 236 101 140 58 211 220 215 94 151 129 138 62 156 242 145 
163 : 235 165 114 71 207 240 33 241 210 110 55 76 119 102 54 154 129 153 245 163 239 42 100 69 215 219 53 140 170 173 117 229 91 138 223 213 160 67 35 152 145 133 200 228 
164 : 240 53 206 147 243 93 79 198 90 199 51 27 231 225 49 220 163 116 175 70 63 164 229 137 183 156 138 145 
165 : 244 77 28 152 228 178 180 221 186 137 167 222 168 236 235 156 57 109 223 171 49 114 75 58 150 192 65 141 99 42 97 44 173 91 189 126 232 123 41 121 54 136 203 32 200 172 63 248 43 101 39 124 145 146 166 188 76 217 164 33 80 159 34 218 105 148 106 68 162 134 51 151 194 78 133 90 113 
166 : 226 105 132 235 152 144 45 230 205 44 129 46 36 142 185 151 188 182 54 168 222 81 197 110 175 116 128 131 138 37 109 243 179 90 195 
167 : 84 179 72 79 164 193 52 60 53 192 189 61 65 158 62 64 209 167 203 210 139 36 55 235 204 94 247 123 207 190 142 191 169 157 74 214 30 31 246 
168 : 29 174 57 28 100 111 150 30 52 237 109 191 56 114 229 206 205 71 204 89 45 25 190 219 122 38 96 131 91 236 201 59 51 143 129 136 99 196 223 133 218 73 184 77 242 228 183 142 74 72 42 39 120 53 104 93 85 172 60 40 199 103 137 200 188 79 202 197 159 192 47 26 230 
169 : 176 105 53 80 66 143 238 119 189 138 38 161 97 129 168 64 218 229 227 100 32 103 96 141 84 75 60 91 217 111 239 248 156 211 109 236 37 87 125 165 118 93 115 42 241 159 29 200 142 224 226 234 172 175 127 220 158 196 197 203 65 240 88 212 114 49 31 167 233 164 194 245 135 82 202 
170 : 151 228 74 206 68 207 203 28 150 199 141 249 173 111 91 154 233 48 189 78 98 145 239 230 44 248 144 172 236 51 123 156 86 197 95 113 97 26 71 216 94 30 204 183 45 223 88 138 165 161 119 241 202 89 46 205 29 193 188 67 77 201 
171 : 100 51 42 90 143 113 28 215 114 197 205 217 222 45 137 218 186 248 109 81 108 167 47 29 105 239 40 123 188 170 172 210 71 176 168 234 59 166 243 199 146 58 62 140 139 104 173 147 25 235 120 245 122 220 95 128 180 225 185 34 91 57 193 26 208 153 
172 : 219 56 181 45 72 162 240 92 27 41 225 128 121 146 144 205 123 237 148 83 217 89 179 196 132 216 247 116 39 234 82 145 88 87 223 
173 : 51 208 216 182 164 198 165 117 156 101 217 41 146 240 62 26 161 247 38 190 90 72 98 25 110 56 175 100 193 246 148 
174 : 220 131 204 136 110 32 90 60 79 118 138 44 126 205 157 215 196 25 46 245 190 247 152 218 151 174 114 
175 : 150 28 237 224 192 34 85 41 83 72 177 238 71 165 44 125 78 141 69 167 29 123 124 209 146 127 151 66 68 95 37 58 135 31 152 234 122 229 149 228 55 27 84 64 156 76 104 197 249 247 73 128 
176 : 111 213 217 170 108 166 137 233 133 230 143 31 98 227 26 127 153 158 35 97 229 67 43 206 177 105 248 52 246 129 150 125 122 231 225 201 88 71 189 68 181 214 185 76 87 186 101 228 226 180 160 86 152 121 
177 : 240 151 232 38 84 43 197 189 39 246 57 52 225 68 149 114 223 238 112 109 154 239 81 138 195 27 95 35 224 89 119 128 92 94 118 133 129 
178 : 56 181 201 179 109 227 154 67 164 143 209 183 95 202 123 99 151 242 52 88 59 206 230 119 248 
179 : 78 74 185 162 153 85 249 147 55 61 189 119 181 91 226 41 239 72 58 207 53 109 141 116 31 84 38 224 112 197 149 135 98 27 70 165 88 246 45 120 179 248 132 49 59 159 
180 : 156 68 148 215 247 102 48 32 45 142 118 190 186 115 100 144 213 205 172 189 234 132 57 69 113 75 239 158 218 225 169 26 63 104 147 217 94 64 181 59 163 237 235 78 129 171 51 55 155 111 183 82 233 58 188 212 241 159 25 33 123 243 242 
181 : 225 27 78 95 224 35 121 126 142 237 249 211 92 138 127 101 67 239 199 192 186 175 59 139 146 106 135 50 164 233 200 232 179 207 43 227 36 111 61 102 194 58 137 87 242 114 60 248 110 113 246 42 167 118 218 25 66 56 165 189 210 195 100 162 52 168 94 144 79 198 82 
182 : 81 199 249 96 97 142 36 242 121 99 222 178 49 59 168 154 244 229 204 62 172 162 112 40 180 196 132 51 137 203 111 94 207 161 107 67 177 129 83 90 232 29 68 105 
183 : 83 136 135 43 33 139 126 204 210 247 60 161 115 145 64 25 240 179 235 76 229 201 178 147 158 112 249 81 91 180 141 170 32 108 55 238 222 74 86 28 176 62 122 49 92 123 169 103 226 165 87 37 199 84 211 58 31 
184 : 81 179 27 223 147 111 68 48 204 148 138 172 142 202 123 186 211 242 118 244 219 180 237 184 162 187 34 141 209 92 80 247 139 234 108 90 182 174 95 161 127 121 42 93 120 78 192 200 97 57 101 84 130 88 32 235 40 45 173 113 126 
185 : 163 230 218 206 216 201 225 122 162 50 30 95 67 125 68 45 47 72 145 169 248 77 160 83 221 54 39 114 74 102 130 27 243 92 26 189 101 62 199 28 183 61 134 131 52 242 151 165 207 147 29 115 174 35 119 203 32 236 211 107 
186 : 144 215 163 190 245 219 91 205 180 202 156 233 25 147 109 159 57 117 58 195 78 179 169 69 172 92 60 95 152 229 63 122 210 56 35 164 137 228 136 174 72 184 225 28 248 200 221 110 67 116 237 43 61 133 86 201 130 103 226 194 207 182 113 223 151 230 222 
187 : 32 79 192 244 44 148 60 137 91 212 158 178 93 227 240 63 172 99 195 143 102 48 139 197 37 109 67 179 199 107 98 168 110 160 51 190 127 225 69 198 247 115 209 43 196 75 130 81 126 87 200 174 129 134 142 54 149 144 53 73 171 173 152 25 72 65 108 118 27 135 78 59 112 162 86 42 33 90 114 
188 : 122 173 230 31 111 49 191 92 244 39 216 241 194 204 141 27 102 166 159 189 199 98 228 190 89 52 129 82 171 96 124 58 162 185 127 235 249 61 165 110 70 187 240 137 63 207 214 74 43 47 105 238 48 90 175 242 144 152 229 97 
189 : 77 200 208 206 155 238 154 142 133 174 169 38 234 164 118 150 226 198 35 61 135 74 185 173 218 201 67 30 100 78 172 130 192 215 196 108 221 95 33 140 182 116 212 170 207 232 112 202 76 41 86 97 217 73 205 141 148 186 132 51 102 84 119 171 93 239 222 213 54 167 190 64 
190 : 155 89 115 118 98 172 42 219 52 187 189 88 218 108 183 243 113 57 151 197 235 44 180 237 220 96 174 82 153 
191 : 173 200 52 28 120 141 94 34 147 40 92 183 104 132 62 155 244 169 166 233 215 39 236 26 191 137 68 111 53 182 149 217 83 69 220 210 43 231 107 127 25 70 153 186 180 32 88 128 195 234 196 199 164 157 110 
192 : 112 80 201 25 91 43 122 172 99 233 200 133 55 124 70 162 191 186 41 222 88 228 203 52 118 89 153 140 39 109 214 126 210 132 119 131 151 230 
193 : 111 28 220 42 59 132 209 78 223 142 128 134 47 162 166 117 137 44 46 64 140 188 107 103 157 193 100 67 55 27 88 222 210 225 
194 : 151 80 98 153 141 114 216 62 28 104 152 144 149 93 163 94 175 197 111 229 176 146 168 78 228 165 159 212 
195 : 187 35 117 127 188 144 49 193 235 192 201 110 101 130 85 174 211 123 42 234 50 61 116 217 150 95 137 200 48 33 93 43 170 202 238 102 143 136 215 135 113 96 121 72 65 83 146 44 182 206 210 186 133 197 167 131 173 244 154 134 94 230 225 103 56 92 132 
196 : 122 74 134 144 178 72 248 39 148 52 125 60 157 242 92 227 136 64 135 150 179 80 163 115 36 99 141 73 196 235 237 97 127 
197 : 236 81 191 101 231 225 49 77 78 249 195 59 73 161 169 238 117 210 226 154 72 234 131 181 79 65 173 168 29 205 99 211 248 100 147 88 70 84 80 104 53 151 221 45 63 121 179 141 112 74 114 127 36 164 115 214 39 144 174 175 143 192 247 
198 : 93 31 40 72 141 194 112 163 36 208 174 119 176 123 162 223 233 65 146 211 125 104 82 122 25 150 213 52 34 225 43 235 218 140 169 
199 : 105 218 232 249 136 217 138 33 184 65 212 209 62 108 48 205 28 27 230 37 248 84 78 200 91 124 52 94 247 114 32 192 96 26 161 178 46 137 30 194 159 119 44 202 59 76 210 241 143 
200 : 119 181 92 203 94 134 179 116 50 226 128 136 38 71 142 195 62 70 56 80 187 74 54 90 108 58 177 193 152 170 144 201 230 
201 : 133 40 115 233 117 42 65 162 112 64 59 241 165 191 124 232 149 146 66 227 224 37 212 164 177 25 197 49 60 134 96 55 90 87 142 203 33 163 44 161 92 154 170 228 242 84 98 222 204 127 137 141 173 86 202 208 88 211 101 69 77 116 213 72 30 199 225 46 47 51 249 201 182 104 214 80 171 240 178 
202 : 215 233 170 191 148 237 133 175 59 155 223 159 35 161 224 80 55 25 37 164 31 39 149 113 130 46 198 128 93 87 234 214 227 163 27 187 66 241 228 143 156 202 91 129 229 100 40 103 90 119 231 32 
203 : 58 182 186 158 104 132 143 229 101 30 206 69 173 44 169 75 237 216 34 118 92 26 203 28 129 163 42 236 126 198 239 204 245 138 142 54 65 80 140 145 51 60 168 232 243 214 98 235 194 133 78 89 150 211 64 88 
204 : 29 226 79 178 197 67 71 167 130 159 234 27 112 225 32 169 241 74 136 158 141 120 198 151 147 99 56 184 223 80 195 30 114 105 216 94 129 119 199 177 41 96 238 104 134 60 85 243 231 237 123 132 201 155 247 137 192 110 84 98 109 81 138 222 76 52 
205 : 200 37 145 35 94 206 91 25 92 197 130 136 236 46 150 45 112 40 222 96 242 189 248 191 203 194 77 123 237 193 178 132 158 224 196 219 101 55 165 42 54 228 64 102 234 68 134 59 187 239 39 63 247 73 80 
206 : 68 237 113 143 228 222 63 152 45 69 42 47 35 89 110 229 167 93 116 153 70 225 168 192 33 154 134 191 176 37 103 48 31 131 127 239 50 230 150 123 188 100 179 180 73 71 207 83 160 64 223 248 34 194 124 247 57 87 90 163 
207 : 183 154 84 80 146 206 241 155 125 238 123 76 33 74 47 116 26 243 88 230 156 70 111 204 55 142 82 237 150 233 229 194 215 192 189 81 98 149 197 110 157 161 99 162 205 145 177 248 132 127 178 60 198 77 113 35 
208 : 101 96 142 152 173 163 204 30 82 236 176 164 114 92 98 65 38 93 86 124 216 217 79 129 244 113 219 76 198 122 167 
209 : 133 117 123 109 192 120 215 59 48 95 127 186 230 75 85 119 88 131 224 234 210 36 87 142 211 62 124 158 183 222 232 173 97 72 146 93 52 40 189 206 159 134 132 197 28 90 111 26 218 65 103 55 177 237 163 80 216 69 171 57 239 34 32 110 193 156 46 238 
210 : 116 161 42 34 155 181 60 115 211 186 143 191 140 38 63 241 204 72 69 106 59 168 114 109 194 58 110 43 146 162 62 222 78 217 128 157 127 188 195 104 25 218 75 165 81 248 32 219 142 66 182 112 130 82 180 64 40 96 133 93 48 242 231 237 175 108 
211 : 45 245 73 96 223 205 135 111 189 193 121 212 179 93 154 88 36 248 238 120 150 225 222 37 65 194 169 171 207 229 192 29 132 129 187 60 208 196 32 41 85 106 184 234 204 151 182 72 127 144 48 181 30 44 80 156 176 100 118 25 
212 : 45 25 120 32 110 246 195 164 150 137 203 167 189 125 89 207 132 66 35 92 86 60 214 122 93 31 176 177 220 148 213 69 107 218 142 39 99 102 123 229 178 225 124 154 79 147 172 68 175 158 200 210 63 194 134 235 239 248 43 216 117 159 46 114 104 232 129 38 241 170 88 230 226 37 77 
213 : 111 149 147 170 31 65 194 192 157 59 227 136 131 182 28 164 212 117 82 71 188 198 104 83 234 195 176 32 133 53 129 187 72 63 166 217 154 173 101 207 148 64 109 178 172 141 219 211 161 224 201 112 118 102 107 52 81 
214 : 66 197 245 158 60 174 186 221 74 219 133 202 42 171 135 163 178 207 81 214 36 153 79 162 41 86 104 125 37 191 143 46 159 244 248 77 71 157 97 92 230 228 43 156 168 148 25 147 140 63 70 177 61 175 89 237 110 95 45 55 124 204 144 225 182 103 102 116 82 72 52 201 
215 : 153 43 237 177 188 63 221 186 194 107 93 132 51 151 158 137 216 215 206 187 150 192 239 71 236 121 243 182 205 42 
216 : 40 214 56 184 123 239 248 173 33 129 183 39 224 178 41 190 244 68 26 74 219 110 63 117 145 58 101 111 43 113 143 212 210 65 72 229 66 141 189 163 139 31 36 127 138 162 91 231 97 161 221 245 192 205 61 47 146 28 179 
217 : 118 191 134 58 56 69 50 35 171 176 110 127 130 192 150 70 66 36 137 224 43 170 119 182 151 138 144 46 48 156 247 166 164 106 120 219 204 53 83 125 172 157 97 65 248 44 195 27 74 148 216 162 47 113 40 155 193 163 136 85 226 61 143 158 81 68 78 73 55 102 199 209 141 187 165 
218 : 234 64 206 135 49 244 218 97 127 159 29 161 92 152 245 193 221 174 181 171 132 238 192 184 133 108 166 134 131 59 207 103 87 107 34 190 178 90 163 136 197 208 240 189 214 212 137 194 95 249 100 223 
219 : 28 181 190 46 64 102 224 158 51 133 103 225 61 163 33 135 29 113 80 232 90 70 185 44 233 229 39 129 54 47 25 97 27 75 86 89 
220 : 116 73 210 118 121 163 51 52 130 243 100 219 57 156 106 245 217 117 158 131 246 128 93 94 97 74 170 142 122 241 32 26 78 231 115 31 223 46 113 63 209 173 81 202 49 165 107 138 222 221 
221 : 156 248 240 238 183 160 40 73 215 202 96 144 232 198 206 85 225 41 88 87 98 56 55 213 70 51 161 30 80 61 83 184 142 97 47 
222 : 134 67 178 221 144 167 47 60 48 128 133 218 236 34 193 63 170 202 181 51 175 139 87 33 25 152 46 41 233 85 111 187 164 184 147 75 200 222 166 119 239 205 98 196 161 245 77 84 130 89 88 188 237 127 99 36 138 174 228 43 124 231 113 
223 : 105 40 116 109 62 124 96 56 150 25 192 196 50 172 49 80 234 226 225 246 210 36 220 176 70 76 205 201 71 187 241 219 207 120 52 188 37 135 204 99 82 140 152 155 47 79 134 242 165 193 177 93 157 51 198 216 102 87 235 243 64 53 72 147 111 55 206 
224 : 147 40 166 133 179 167 57 245 93 70 66 206 65 113 171 63 68 76 190 239 180 141 26 55 201 100 125 37 169 29 123 244 185 218 80 79 75 226 41 203 242 232 110 104 118 108 54 222 27 157 127 28 223 151 105 45 174 229 144 35 149 135 150 33 42 25 152 46 92 209 142 50 219 211 82 143 90 126 
225 : 199 98 134 165 202 155 152 140 206 54 123 187 209 64 67 231 38 92 148 234 179 211 57 56 182 205 
226 : 54 241 115 236 90 215 221 174 63 190 166 199 72 85 34 89 116 152 235 201 62 131 232 188 38 159 112 244 195 61 226 124 165 222 184 84 206 245 153 209 109 161 87 151 163 149 169 208 
227 : 171 98 49 213 93 128 75 53 132 122 123 173 210 81 152 232 108 244 194 117 64 41 95 34 157 40 170 206 102 130 216 235 174 145 165 150 219 158 27 163 220 247 54 164 241 65 196 111 185 42 144 69 
228 : 107 132 194 168 45 158 176 217 29 224 92 106 81 161 213 189 175 212 139 123 42 136 71 218 204 49 96 142 53 243 164 125 40 87 57 62 245 174 82 47 246 236 150 228 197 61 151 80 149 223 211 72 
229 : 56 76 148 112 153 134 235 82 40 222 165 205 31 29 66 168 133 181 44 226 127 219 117 190 104 177 242 209 25 30 109 64 136 159 241 94 77 140 233 
230 : 117 86 149 135 132 39 228 224 97 30 73 109 133 78 182 200 243 191 60 101 189 146 141 131 219 194 64 204 31 203 157 125 108 72 118 102 199 187 227 120 193 248 205 55 172 180 88 174 99 70 220 113 83 51 212 213 247 63 
231 : 217 166 176 147 92 173 188 61 153 203 89 59 132 133 79 114 201 101 199 108 66 135 54 158 210 80 103 57 227 78 141 160 238 168 67 196 44 138 71 30 52 197 31 47 
232 : 188 61 103 214 221 160 64 202 27 200 235 77 35 176 213 157 201 86 189 97 203 108 147 216 82 70 140 30 171 208 74 242 38 191 144 26 215 192 170 172 244 116 177 81 141 66 44 193 53 127 207 143 243 
233 : 63 115 143 243 246 49 189 202 210 50 87 81 183 101 75 213 223 164 86 140 78 242 114 112 245 92 110 133 218 130 158 198 
234 : 117 215 177 202 81 190 114 98 247 126 61 166 32 125 180 116 66 173 156 189 108 80 150 30 192 43 55 161 222 130 249 27 152 128 243 47 157 45 112 187 178 213 141 248 87 105 194 42 175 167 159 214 224 154 153 231 245 206 123 241 229 110 34 164 41 151 160 204 101 25 120 218 67 119 37 179 
235 : 214 154 82 40 152 83 117 170 208 69 233 179 227 129 80 244 239 168 198 202 173 125 47 87 97 137 94 196 63 28 76 126 232 165 72 225 103 79 29 172 187 128 245 92 121 35 139 55 49 101 134 224 197 178 31 234 64 247 200 228 88 209 39 195 136 118 37 219 105 25 
236 : 55 87 232 36 145 47 192 135 68 129 69 134 177 195 154 227 111 148 97 77 39 67 88 193 38 207 167 219 85 42 183 156 133 245 56 49 146 78 205 159 223 81 152 91 64 203 140 105 229 89 121 180 194 175 172 108 163 
237 : 172 144 127 247 114 124 195 134 245 28 177 234 176 229 168 213 149 237 53 193 68 143 170 37 56 241 113 178 212 139 95 31 141 240 138 71 105 199 82 239 64 89 207 238 103 33 29 173 153 32 50 83 118 116 66 147 54 88 76 175 221 132 163 209 242 117 136 57 74 226 244 44 43 122 217 231 27 84 
238 : 216 164 43 99 127 62 238 79 78 166 130 247 180 151 133 106 123 117 55 204 87 168 167 129 53 60 82 234 223 189 108 76 224 136 45 33 70 74 199 94 
239 : 212 47 205 106 98 136 50 198 236 210 25 29 88 48 197 97 207 232 170 161 149 223 206 182 72 86 70 118 31 109 228 183 133 59 226 126 34 153 56 230 122 193 146 87 204 129 222 185 134 43 132 37 213 192 231 167 235 115 187 195 100 241 158 220 83 233 202 35 51 184 171 154 191 208 188 246 248 
240 : 150 158 244 174 85 112 40 45 90 208 104 242 122 79 147 143 33 39 31 119 65 149 181 27 193 71 249 88 136 144 64 232 68 152 194 67 180 203 72 63 236 108 195 230 134 237 199 187 170 78 61 214 226 198 129 120 121 243 101 229 140 185 94 159 82 235 197 183 200 207 52 
241 : 25 148 224 231 243 77 188 105 118 63 135 62 242 109 145 134 98 209 76 72 42 75 117 211 178 137 215 115 190 56 146 180 169 151 172 90 192 183 240 196 155 132 65 100 244 226 182 
242 : 55 155 185 47 181 148 102 121 247 66 92 164 75 126 174 122 153 135 201 34 154 64 119 58 228 194 157 59 140 128 203 42 127 61 178 161 35 88 246 177 108 230 150 186 232 80 206 63 221 99 198 49 182 147 72 85 172 238 94 248 52 170 222 176 234 179 130 173 69 233 120 175 45 62 
243 : 78 110 80 55 123 204 205 36 117 192 143 240 48 75 52 38 169 194 59 234 217 197 28 125 91 120 242 152 179 95 210 208 77 93 82 182 167 65 232 142 119 201 57 
244 : 88 96 141 233 72 27 100 75 78 229 132 160 220 137 98 200 46 84 176 150 127 208 196 114 106 245 149 214 187 68 241 186 246 35 69 109 164 148 188 227 124 151 142 79 63 133 56 108 49 25 65 226 170 193 222 211 147 244 175 134 209 238 131 240 28 156 157 55 73 110 239 230 243 218 154 168 
245 : 106 120 167 235 111 236 228 135 70 141 66 231 151 245 95 193 42 26 201 47 63 78 206 52 37 44 
246 : 183 237 119 43 70 160 204 142 150 231 146 76 99 193 92 172 56 46 169 185 33 153 245 229 85 188 114 78 26 180 65 133 197 219 31 174 75 32 95 241 224 96 226 131 94 143 249 89 155 60 25 186 228 138 206 39 41 127 157 139 37 81 
247 : 36 229 139 194 94 54 65 99 123 145 218 241 103 31 27 193 61 90 88 42 157 115 184 200 130 203 135 38 224 89 247 74 93 222 
248 : 170 173 183 216 129 123 161 33 50 32 159 108 171 243 91 225 72 247 85 162 36 194 150 116 187 197 109 127 155 199 57 156 160 58 233 207 212 135 218 104 228 62 235 211 86 42 
249 : 106 241 90 182 154 145 165 224 151 28 240 221 125 227 204 30 180 220 143 207 214 81 185 175 61 190 188 62 74 60 86 197 222 171 45 126 79 52 164 202 144 233 138 128 239 46 223 186 132 
250 : 89 238 75 44 167 36 200 160 29 86 248 190 76 93 245 166 121 120 108 141 88 180 234 122 244 197 246 226 34 126 45 233 38 117 186 112 168 127 194 147 178 46 239 196 187 128 118 229 223 124 
251 : 213 233 48 33 87 220 80 249 163 69 197 207 145 72 187 234 70 29 177 247 44 228 125 226 224 248 135 112 166 136 82 105 31 156 45 179 180 128 212 111 229 54 85 94 39 43 141 134 221 188 186 75 
252 : 66 187 231 94 65 113 124 161 185 47 45 38 184 27 78 232 102 59 208 241 91 245 168 223 130 
253 : 136 246 133 68 101 41 158 161 141 33 213 53 86 170 132 108 183 32 227 134 180 178 195 151 221 243 202 135 200 185 128 39 215 231 191 57 38 114 152 100 177 40 194 196 98 212 64 37 26 107 131 77 153 225 117 139 228 61 124 119 63 247 219 69 239 105 56 
254 : 168 27 247 63 111 167 223 60 49 130 39 212 206 88 112 95 244 178 149 148 182 109 187 177 230 204 147 114 78 218 232 101 79 86 56 28 219 154 222 150 83 48 36 
255 : 78 67 151 51 231 166 34 159 187 224 76 144 164 163 128 146 75 217 172 205 220 66 124 30 184 79 99 40 153 215 93 68 87 160 239 91 33 175 90 226 161 86 119 186 38 41 198 114 48 62 113 
256 : 111 158 43 176 240 203 148 67 138 154 156 210 141 224 178 208 231 220 187 75 96 179 74 172 185 234 127 
257 : 230 203 199 207 49 219 104 236 242 179 118 61 98 87 73 144 71 146 141 214 152 103 135 133 142 228 137 31 27 154 126 101 55 70 39 88 196 187 173 191 123 41 166 56 197 158 26 245 40 100 69 93 96 193 178 78 155 140 127 190 85 145 244 231 177 198 150 
258 : 100 181 105 241 56 132 83 248 186 122 96 190 188 231 139 247 54 232 72 134 143 177 161 173 197 145 119 204 71 243 99 118 28 98 189 74 88 128 57 116 137 156 38 213 34 59 133 70 40 64 148 26 185 63 227 249 246 214 111 207 206 113 115 27 150 
259 : 35 29 242 128 130 107 219 237 85 116 185 129 81 184 221 143 105 120 69 150 205 104 158 229 106 93 49 124 233 
260 : 70 40 105 204 134 119 201 112 190 56 77 133 215 184 216 199 180 116 126 93 63 27 248 129 148 213 242 120 139 217 99 75 239 114 121 104 100 109 202 236 152 181 170 194 84 246 83 198 115 203 57 102 26 154 219 81 135 145 142 229 176 211 48 
261 : 40 160 210 140 135 84 222 101 78 202 205 152 226 227 239 27 235 242 137 28 247 122 139 237 124 233 97 48 50 117 29 225 33 173 243 178 61 245 108 79 249 240 201 194 238 120 106 156 146 168 26 96 126 215 149 46 38 154 236 133 200 
262 : 54 87 93 26 110 204 155 173 199 66 83 107 236 86 62 136 170 131 30 111 217 219 59 156 123 141 209 77 188 135 113 190 92 185 96 189 243 216 153 196 105 208 94 223 138 187 169 234 213 160 235 206 191 166 29 37 27 244 245 78 119 99 82 154 248 180 183 197 246 220 44 49 117 
263 : 74 40 185 96 211 44 36 65 105 56 243 235 28 227 51 203 144 31 80 204 49 171 180 86 196 143 240 181 135 189 97 62 48 29 99 147 247 130 167 170 197 218 61 126 202 223 248 160 213 118 53 222 41 45 155 133 241 190 233 84 
264 : 41 138 96 91 68 54 141 185 59 190 43 77 132 99 166 175 183 118 123 156 70 38 81 211 52 221 42 149 76 
265 : 165 119 200 60 72 88 44 181 128 50 136 172 90 206 183 175 220 73 215 205 30 201 231 216 27 53 154 179 98 46 115 83 247 242 68 235 186 41 89 187 109 58 159 47 211 158 198 
266 : 92 158 215 27 94 190 70 210 104 112 150 63 122 114 156 38 102 154 126 57 161 100 26 25 74 64 125 90 69 144 197 148 246 44 236 58 42 228 174 
267 : 105 226 208 220 247 64 73 115 96 167 84 58 97 149 164 128 142 150 37 50 72 35 201 103 139 197 46 177 87 62 187 71 248 240 205 233 141 234 60 185 56 243 190 216 98 41 172 211 232 174 227 48 85 230 53 101 161 123 94 134 104 49 155 176 179 27 195 130 169 44 199 136 246 40 160 83 
268 : 78 189 69 151 233 41 240 171 101 236 168 94 104 95 54 219 213 138 90 157 63 199 193 44 97 180 49 70 65 222 226 212 64 188 115 68 102 46 246 248 166 144 93 147 177 178 81 108 176 218 146 153 202 85 117 76 29 186 28 58 113 
269 : 112 187 194 201 228 210 137 114 75 157 102 74 94 79 100 162 198 176 92 78 203 200 62 61 197 193 153 243 115 32 156 143 110 116 235 217 44 168 95 234 89 
