0 : 208 225 138 51 239 245 107 72 121 164 248 132 234 168 177 145 83 38 159 214 89 194 54 148 113 149 114 66 180 103 135 30 94 46 71 40 183 42 229 70 206 32 233 68 69 247 37 193 118 80 249 198 43 34 210 26 
1 : 77 83 76 42 249 139 238 219 135 232 39 188 214 164 35 97 231 41 54 45 105 191 34 25 82 37 70 81 112 109 236 168 64 61 31 233 98 137 222 26 129 170 99 106 203 47 225 212 102 74 69 133 84 90 209 142 
2 : 236 159 221 153 181 66 48 199 65 197 64 237 55 234 99 45 242 248 32 27 220 108 133 186 132 158 81 157 
3 : 81 232 221 191 177 186 45 115 230 228 82 105 86 67 121 205 201 155 47 74 114 237 61 125 80 171 200 117 167 119 222 243 97 37 142 173 120 76 32 140 229 69 63 83 72 144 161 217 203 68 182 
4 : 108 42 249 97 89 101 188 134 59 214 127 63 130 54 160 36 43 69 28 245 229 185 144 217 190 187 243 40 201 170 186 61 78 51 50 171 209 213 173 193 175 237 151 117 66 121 198 115 
5 : 245 194 50 48 229 32 25 130 234 62 75 202 189 186 228 154 28 199 91 129 183 231 210 42 59 156 110 77 238 124 37 233 121 241 
6 : 78 212 89 120 131 159 90 218 54 160 141 87 245 76 107 231 26 111 75 85 140 98 176 83 196 52 72 181 66 29 239 144 53 56 142 206 220 191 249 97 189 152 213 67 95 32 80 130 102 125 30 221 61 
7 : 41 211 160 56 196 146 216 224 138 140 118 198 186 188 82 156 134 81 70 195 62 80 168 164 193 230 117 63 130 170 104 79 169 46 167 27 35 240 119 66 222 37 217 53 173 30 150 127 162 234 213 42 183 208 242 165 45 25 233 125 139 
8 : 183 147 108 222 201 92 149 235 192 68 242 139 218 90 229 81 73 207 213 189 110 103 57 76 205 132 200 46 212 44 105 161 142 35 49 227 219 220 29 64 106 126 47 33 55 204 181 231 226 109 91 41 97 
9 : 167 139 171 53 160 207 146 235 32 169 69 127 29 226 188 210 143 136 242 163 102 64 239 25 177 245 47 208 82 183 209 36 113 237 
10 : 222 45 102 149 97 75 156 141 32 110 109 34 59 208 82 192 148 164 134 118 195 142 246 80 158 54 153 232 147 78 214 207 163 43 181 85 161 51 229 71 63 221 101 60 42 
11 : 244 216 26 119 188 235 85 31 80 51 210 193 164 103 192 61 146 123 115 110 156 157 201 35 116 42 241 113 66 240 106 148 162 186 229 205 99 53 44 199 59 88 224 153 40 122 25 165 28 38 43 126 198 63 149 185 172 143 82 135 105 125 57 171 184 
12 : 135 188 42 192 131 244 153 81 130 45 132 197 133 145 83 30 75 146 221 53 161 117 225 166 180 102 246 239 118 154 205 238 107 73 177 95 144 100 158 69 60 142 182 140 211 121 224 71 94 89 97 128 194 129 31 206 163 126 196 48 223 191 222 55 236 
13 : 245 154 117 72 152 128 235 147 230 42 223 64 224 80 194 195 162 203 71 200 210 105 227 133 120 88 93 192 33 142 141 60 215 38 59 116 197 205 53 198 68 74 67 220 101 125 191 240 249 65 165 114 236 73 144 135 196 216 96 204 229 
14 : 212 38 189 242 177 241 171 230 193 240 37 78 82 195 225 227 243 219 109 246 129 123 32 68 236 139 127 168 197 99 174 112 72 80 70 27 108 66 57 103 226 184 67 119 115 211 71 122 191 25 244 97 150 
15 : 167 239 107 222 111 164 124 145 181 168 188 84 46 93 204 25 87 47 36 199 67 223 198 95 92 159 110 215 156 183 30 96 217 68 49 45 109 53 99 143 173 161 194 150 229 44 170 117 151 153 244 126 102 51 55 132 105 64 37 43 202 166 195 228 114 90 98 56 155 
16 : 60 221 78 82 233 185 155 201 239 100 231 51 191 102 101 61 86 59 112 194 52 83 200 89 141 49 212 117 138 206 187 236 242 189 105 74 174 173 216 137 75 73 172 42 131 217 104 211 204 246 202 40 87 48 240 186 196 126 162 63 123 121 154 85 209 207 125 
17 : 75 143 183 130 157 102 218 94 101 36 49 69 110 139 164 175 174 128 160 74 223 135 172 203 68 119 224 240 67 88 149 131 230 170 173 105 70 83 163 229 27 216 60 125 113 80 99 71 122 62 
18 : 34 178 123 47 73 177 111 210 213 169 98 125 93 31 171 68 166 198 43 94 131 190 205 195 215 201 57 200 145 208 97 90 218 40 64 118 105 30 222 164 108 124 202 36 165 176 71 182 209 211 139 151 191 52 235 233 44 238 70 45 75 229 91 
19 : 89 158 104 128 219 117 53 50 224 222 179 82 120 70 212 150 227 106 203 134 103 249 139 161 81 221 91 36 51 118 192 44 116 27 151 136 236 210 58 213 189 194 185 108 168 157 94 187 57 38 69 215 248 196 26 124 178 121 166 73 235 152 149 218 
20 : 55 124 78 43 205 48 111 123 192 164 248 175 125 129 217 195 235 191 145 238 108 143 209 208 130 207 163 210 168 94 228 93 105 
21 : 223 114 63 74 205 203 47 70 54 244 173 123 56 153 181 97 131 65 106 125 161 142 145 245 81 107 
22 : 176 169 178 152 156 174 219 89 185 59 141 100 211 58 184 98 182 47 135 106 146 215 147 90 139 130 183 94 56 71 247 78 51 70 170 224 44 136 128 95 109 126 143 190 27 119 246 26 87 57 164 228 52 194 50 158 206 93 243 86 46 80 74 
23 : 243 104 244 207 139 175 239 123 25 176 137 219 29 189 142 147 206 50 69 160 116 106 109 63 79 228 177 75 154 174 84 227 120 31 190 67 71 170 
24 : 38 96 155 104 160 46 224 53 184 48 203 74 58 117 176 112 198 78 128 109 62 222 239 238 145 235 146 86 
25 : 35 134 83 190 216 116 73 67 39 112 33 140 145 198 66 72 32 25 221 152 26 100 80 236 101 151 95 63 88 46 41 84 229 192 
26 : 152 158 205 139 186 105 224 91 203 246 245 213 75 155 204 181 197 85 151 71 46 236 127 44 172 130 226 113 48 220 94 78 50 219 66 57 92 45 63 41 52 208 109 104 174 27 211 80 61 173 115 142 160 237 187 199 129 193 28 
27 : 84 74 119 129 140 58 121 175 44 52 100 158 205 69 198 91 169 136 208 201 51 31 192 79 213 149 85 166 191 133 107 86 202 32 203 
28 : 224 134 184 193 195 30 217 156 49 101 117 95 161 237 143 181 158 130 131 190 126 227 168 186 242 225 167 110 103 185 92 228 
29 : 231 220 134 50 126 176 226 72 76 240 187 195 149 118 59 69 194 193 103 91 115 143 53 124 151 170 248 55 41 40 66 56 189 196 223 
30 : 36 209 181 165 43 148 187 119 82 175 26 186 55 107 45 99 142 170 169 132 80 243 87 140 81 47 159 225 94 113 54 72 71 213 41 110 199 223 244 160 218 46 184 197 
31 : 157 98 108 46 156 60 139 160 173 170 195 25 181 154 248 29 58 224 42 33 54 63 40 155 222 218 79 55 122 102 39 164 
32 : 190 123 102 99 79 121 132 192 114 185 47 182 104 83 46 154 145 72 64 229 149 58 122 134 222 71 88 30 59 49 242 74 116 208 196 85 247 207 234 50 144 95 93 108 177 37 86 205 35 135 75 130 87 199 228 159 241 155 214 164 94 73 26 175 100 117 68 209 36 
33 : 195 71 82 124 169 240 181 80 210 137 170 190 51 186 160 29 96 242 152 213 86 179 243 56 192 
34 : 248 220 235 102 79 181 100 84 151 183 238 227 185 96 45 77 190 204 144 170 69 60 149 104 110 49 224 94 52 72 118 38 129 217 76 28 184 31 126 152 78 147 32 219 93 189 115 80 99 42 66 234 124 30 
35 : 101 161 116 229 149 49 162 200 166 95 237 142 246 169 198 201 33 156 168 223 32 73 139 207 141 41 188 63 29 65 160 218 190 211 120 76 132 194 186 
36 : 153 162 217 214 246 148 69 228 140 80 239 183 184 213 96 63 211 230 164 205 100 238 161 50 95 143 88 25 240 120 200 79 116 31 76 209 119 236 84 233 47 139 186 121 94 118 87 78 106 115 56 201 202 216 
37 : 54 224 187 159 182 128 106 69 132 204 80 166 44 165 207 32 189 136 210 120 78 147 248 68 138 171 125 197 75 202 66 34 223 122 162 91 153 96 212 144 154 203 86 218 222 
38 : 54 226 198 143 36 211 148 156 135 110 180 209 115 128 240 49 140 77 132 52 106 158 55 119 114 76 88 189 190 169 249 152 107 33 157 223 92 204 84 73 39 192 228 176 196 147 134 161 184 27 159 172 64 29 141 68 53 
39 : 85 49 133 220 223 111 199 140 249 209 103 104 175 186 93 91 75 162 141 139 135 165 102 166 89 214 44 
40 : 197 179 162 31 224 147 37 225 58 161 205 87 193 88 82 96 103 203 142 119 109 164 236 76 159 239 202 227 
41 : 64 114 128 31 198 98 160 154 76 49 181 195 75 245 152 161 239 183 52 166 44 147 46 47 32 182 42 230 33 163 168 173 137 186 25 63 62 
42 : 129 194 201 168 166 161 72 229 232 98 220 113 89 50 243 126 51 65 93 183 26 221 246 77 92 219 38 99 198 211 122 190 203 
43 : 195 197 109 184 176 114 64 241 244 26 47 53 100 85 136 169 128 193 57 249 153 226 42 79 62 69 
44 : 115 158 245 90 238 30 63 223 54 145 88 87 203 222 38 188 109 241 167 29 33 91 117 133 161 179 160 46 180 210 68 156 79 159 73 220 32 125 226 194 200 164 170 172 126 120 189 44 204 28 89 193 157 249 215 122 26 78 31 92 
45 : 245 163 118 195 86 238 132 78 76 175 45 181 216 102 234 97 167 190 184 61 152 27 153 194 109 59 228 200 210 52 29 191 91 72 46 31 178 230 35 202 122 87 112 149 229 249 207 172 84 244 233 193 131 166 62 133 144 115 123 164 212 183 99 
46 : 113 131 64 80 239 57 32 209 38 130 224 117 27 163 204 176 181 45 120 116 82 97 129 103 172 198 25 200 88 151 203 96 136 199 28 187 123 
47 : 231 40 82 159 149 227 210 136 244 189 34 225 200 242 163 114 176 197 74 38 209 155 56 140 27 72 81 201 52 124 206 246 178 185 216 234 164 103 127 198 168 59 78 28 152 166 53 75 96 148 154 219 147 248 171 183 151 217 55 184 80 213 97 208 49 131 116 66 
48 : 217 123 180 87 200 214 218 176 32 156 105 107 60 35 55 234 110 70 128 44 76 113 148 59 158 201 130 58 106 245 229 135 138 117 204 73 184 174 215 165 170 112 72 164 173 235 207 122 47 249 145 151 154 140 161 233 202 168 36 56 219 231 95 28 
49 : 185 187 126 40 209 198 210 120 131 220 36 111 118 139 32 103 59 99 165 110 213 199 176 179 155 249 208 138 30 137 190 192 81 218 227 167 64 162 201 151 226 248 225 246 217 205 86 232 66 
50 : 119 143 155 212 74 68 101 31 83 154 208 103 210 32 73 133 200 85 56 96 53 38 240 135 190 90 97 35 82 218 165 242 88 183 145 26 104 150 214 98 61 59 167 147 27 28 
51 : 104 124 169 135 83 240 191 56 223 178 57 162 230 203 108 69 236 152 73 222 246 218 219 214 221 46 43 65 183 157 198 153 229 52 67 130 50 90 116 102 38 243 119 170 76 60 190 139 117 213 167 95 84 196 71 165 
52 : 168 67 150 194 86 202 161 131 139 230 249 53 37 245 128 96 147 43 100 152 54 206 33 103 111 140 142 223 148 227 64 48 214 82 36 40 222 247 52 80 106 220 122 74 30 123 110 98 99 238 124 117 236 189 101 171 118 62 138 46 218 200 81 
53 : 45 86 34 73 238 133 182 122 245 106 50 190 105 127 211 164 183 124 243 240 54 188 227 95 237 83 157 180 31 141 128 169 214 177 155 144 77 44 37 79 104 185 
54 : 214 64 184 65 176 178 139 245 42 248 194 189 234 33 190 179 148 198 126 69 161 130 166 240 216 150 136 224 49 93 113 108 
55 : 141 109 240 249 94 42 64 51 190 156 217 187 232 188 152 79 134 121 242 70 89 66 205 112 229 33 100 71 171 
56 : 152 224 66 71 234 104 164 192 133 88 110 85 29 25 35 50 108 107 242 52 172 185 59 70 75 149 140 158 
57 : 120 213 132 119 233 193 84 240 152 72 55 54 81 112 33 105 203 46 57 100 149 207 234 71 103 202 69 235 206 83 238 
58 : 37 170 100 58 32 157 166 25 231 200 30 209 48 42 105 143 173 65 26 176 191 147 29 53 229 54 36 112 113 125 150 93 179 219 62 35 153 44 238 239 180 246 50 
59 : 54 128 154 241 224 88 85 49 157 53 218 182 42 144 142 184 211 173 73 175 163 160 246 91 84 172 226 140 74 189 126 65 102 248 95 130 149 87 120 45 55 158 56 75 90 38 228 44 230 
60 : 206 130 37 153 103 152 109 81 84 124 219 187 60 30 119 182 80 155 59 248 162 41 134 90 133 190 35 78 123 244 157 220 235 143 242 176 75 45 
61 : 42 86 87 199 111 48 143 150 73 44 52 163 240 147 69 169 29 151 56 237 93 171 38 89 43 142 232 135 192 116 75 145 137 120 92 156 153 36 197 220 234 193 224 80 
62 : 166 50 214 98 190 156 40 130 70 28 41 212 71 95 55 69 111 58 75 94 188 225 180 224 192 
63 : 221 213 195 174 211 247 146 54 98 74 99 144 90 216 116 92 164 227 66 245 34 61 163 77 248 132 119 205 140 48 85 197 86 201 204 237 58 187 177 150 64 118 87 45 43 149 
64 : 243 109 160 107 34 61 38 100 170 30 127 242 171 234 124 191 25 231 164 91 181 88 108 35 137 239 235 136 228 
65 : 169 177 135 199 68 82 87 156 204 214 173 62 43 106 95 245 213 81 174 231 191 233 110 182 178 108 224 201 144 125 248 119 208 187 65 158 47 36 31 61 216 165 179 54 40 114 133 51 46 70 194 232 48 143 137 75 198 129 
66 : 27 113 220 92 111 206 248 168 81 207 159 97 32 229 156 57 175 235 239 110 75 109 205 52 78 231 211 161 174 71 160 244 91 209 232 100 200 179 189 105 116 88 155 202 28 85 115 94 54 234 29 121 208 39 72 45 89 34 
67 : 29 239 51 98 54 26 153 102 80 81 221 151 177 117 237 206 43 123 36 134 78 120 45 69 28 77 155 150 53 245 105 205 181 243 67 233 124 232 170 99 129 154 204 83 185 246 189 71 184 160 244 228 111 157 219 235 64 125 223 176 158 225 
68 : 116 175 170 103 67 30 27 128 130 243 242 54 184 129 104 158 244 79 193 88 117 108 172 191 44 114 
69 : 185 127 118 77 248 28 193 54 176 242 197 235 156 105 59 47 178 158 40 237 181 247 198 201 163 188 186 63 120 241 149 141 44 55 71 180 42 97 114 34 56 246 43 164 113 112 191 196 46 108 86 210 91 88 177 62 243 
70 : 162 62 228 48 140 174 193 212 113 53 205 194 177 189 152 49 110 96 218 233 240 51 128 81 31 153 173 88 224 183 209 41 222 67 
71 : 91 247 231 216 97 63 214 151 72 217 224 132 212 107 177 241 46 40 99 189 133 93 223 54 185 58 154 134 102 43 101 239 83 192 226 145 111 196 110 114 171 138 85 166 210 115 34 108 51 187 225 139 229 233 245 235 128 205 65 248 88 200 96 38 215 173 42 126 
72 : 94 63 75 65 224 235 30 171 149 161 164 163 191 107 115 221 117 46 188 242 56 97 114 91 230 49 167 139 129 137 208 175 220 44 165 214 90 177 162 77 111 226 153 227 55 159 87 39 204 34 48 215 85 126 124 198 41 
73 : 146 81 189 156 58 39 68 150 76 183 221 55 93 167 61 207 65 100 232 80 125 213 60 164 114 62 59 176 136 155 169 128 204 109 185 235 57 73 170 148 25 182 104 54 168 134 144 237 51 132 220 
74 : 175 83 50 75 185 60 58 231 186 39 152 198 62 28 92 138 78 209 192 167 184 171 76 31 84 54 127 143 136 113 225 36 157 129 96 69 194 27 210 
75 : 146 82 162 98 207 70 140 77 131 144 196 64 94 214 109 118 81 177 65 129 226 164 74 139 95 73 238 244 228 189 212 59 44 25 182 34 186 51 166 86 96 172 237 89 216 167 36 190 178 28 
76 : 184 65 133 83 245 242 140 237 73 162 169 185 95 86 150 171 170 224 94 239 157 241 153 138 232 130 209 178 172 121 200 101 69 187 44 122 123 31 34 29 90 135 203 59 147 190 
77 : 56 139 33 57 189 78 221 98 217 135 215 29 63 212 238 34 223 168 86 247 236 128 166 84 243 118 62 234 38 240 26 114 64 173 115 155 174 167 105 222 185 207 108 116 164 147 80 121 82 48 196 241 192 109 
78 : 176 51 69 153 92 80 78 33 83 62 231 173 48 90 247 198 232 61 162 207 73 184 205 117 195 161 167 217 50 166 206 201 238 89 116 54 128 228 224 222 179 177 122 30 169 98 134 55 160 40 243 111 220 182 121 
79 : 235 80 198 139 26 91 109 220 137 222 243 117 194 74 83 94 171 53 134 111 228 146 136 164 190 93 195 33 123 141 168 34 169 216 246 161 159 163 103 57 239 147 165 96 128 84 97 127 92 119 89 219 236 
80 : 88 107 89 42 81 73 174 213 30 178 205 214 120 131 201 79 224 134 199 238 28 154 87 49 44 64 246 206 187 149 228 110 117 177 38 91 141 50 179 71 169 200 119 138 33 163 133 210 53 60 26 99 160 248 32 139 101 155 145 240 202 111 125 58 76 123 241 43 
81 : 91 68 139 35 157 52 53 239 245 42 215 231 123 226 127 48 40 70 39 135 155 164 117 191 140 202 94 115 55 192 112 33 80 83 137 111 96 205 151 219 108 200 71 217 223 162 75 51 196 176 248 197 211 116 236 62 168 144 150 
82 : 27 215 218 107 99 176 120 26 241 185 66 189 150 154 233 203 210 155 105 159 191 96 235 249 171 84 89 234 227 82 198 140 57 93 102 164 240 192 
83 : 58 72 98 247 93 71 48 37 123 171 31 125 199 75 158 160 246 183 193 59 181 35 180 82 202 186 30 234 167 29 106 229 38 207 109 175 44 61 192 225 235 120 104 205 42 200 73 132 184 
84 : 178 200 173 64 42 140 234 160 217 204 65 28 94 106 45 127 171 103 189 101 90 129 68 125 242 141 190 157 53 208 111 40 172 72 241 195 192 46 159 49 137 52 100 222 158 181 95 87 43 55 37 197 163 85 177 180 174 107 97 66 109 114 62 198 47 67 214 
85 : 148 243 30 123 59 163 161 72 61 191 182 99 237 192 249 60 38 171 47 75 238 201 138 68 133 180 87 230 196 80 96 32 114 88 126 100 140 102 101 131 106 204 144 177 65 107 209 83 
86 : 67 209 92 35 238 94 138 97 191 61 88 149 224 120 135 211 160 102 130 173 249 190 148 81 109 236 128 228 73 189 74 129 143 213 69 42 182 205 57 103 98 51 225 114 91 168 170 188 153 165 40 140 118 207 242 
87 : 164 243 82 87 206 123 205 156 74 169 214 241 222 102 30 196 219 80 103 239 215 89 190 233 225 151 130 182 37 131 129 184 168 142 121 51 33 145 133 108 83 235 158 99 187 227 139 201 63 213 34 52 96 248 71 171 25 95 67 218 84 203 209 154 38 176 
88 : 195 53 156 90 120 213 29 188 114 82 72 32 85 71 121 161 117 207 66 160 173 150 58 41 102 148 229 119 137 39 74 106 236 143 241 86 202 123 
89 : 128 190 65 195 231 187 238 105 193 188 218 96 203 244 207 67 115 92 102 66 212 162 45 42 131 224 51 194 183 
90 : 82 49 239 192 45 204 166 173 205 121 100 76 115 68 133 86 51 67 41 69 66 237 102 111 34 65 233 90 103 75 55 37 243 158 61 186 213 131 191 132 246 227 201 240 170 197 207 222 47 99 182 223 
91 : 130 85 162 104 219 47 148 179 128 183 181 93 75 245 221 28 202 228 151 208 209 184 178 137 86 92 213 205 111 77 44 237 174 131 161 193 73 149 89 182 
92 : 171 190 205 149 228 33 204 74 67 235 29 103 184 126 214 105 99 201 208 95 179 156 92 183 131 80 32 90 148 31 64 40 172 111 
93 : 135 30 54 248 166 58 77 103 136 245 243 201 132 169 73 240 116 42 71 186 129 69 49 213 109 64 207 209 41 145 149 174 181 242 192 164 88 180 142 191 126 107 241 78 225 91 93 61 221 236 131 
94 : 238 173 203 213 79 85 51 171 94 55 218 103 74 68 72 169 244 88 199 154 99 57 73 207 48 34 201 111 167 118 
95 : 46 116 168 248 82 195 149 239 179 101 62 237 75 80 98 48 231 123 73 120 183 211 119 64 162 43 96 226 213 38 28 158 99 238 95 
96 : 235 199 215 155 231 178 147 100 71 50 212 152 113 102 204 216 145 160 238 120 159 58 78 53 233 55 236 48 234 170 35 26 154 103 106 175 74 138 25 72 187 39 80 90 193 225 226 33 111 181 210 164 165 44 92 214 203 173 201 101 119 107 219 
97 : 40 154 107 192 187 30 158 48 233 164 45 156 119 247 118 74 151 157 129 69 212 136 57 38 50 195 141 228 140 168 130 128 60 99 28 205 29 206 42 80 148 66 109 85 51 229 216 94 113 
98 : 156 118 226 176 64 117 184 165 79 75 193 114 112 45 194 98 69 180 182 206 137 38 93 160 204 78 149 116 124 141 224 155 51 218 36 142 30 169 
99 : 218 244 66 77 53 224 190 143 247 189 175 32 116 146 124 212 135 191 163 205 162 130 197 87 97 132 200 210 249 76 232 173 192 127 72 45 103 46 177 150 185 208 122 96 213 118 26 
100 : 176 104 111 202 158 25 198 230 148 178 219 125 168 50 33 157 240 149 222 35 36 137 58 84 82 179 209 154 130 175 67 34 100 49 197 51 
101 : 42 72 155 217 55 100 171 125 249 98 164 148 106 107 193 141 159 43 182 208 173 93 51 229 153 41 178 223 105 234 212 50 176 199 243 79 228 73 44 92 67 202 241 170 183 86 151 219 32 209 38 206 115 108 233 177 91 158 192 238 156 129 190 247 204 53 194 103 
102 : 157 47 111 169 130 56 26 248 76 59 70 225 123 109 207 216 28 98 54 211 112 145 64 131 108 206 215 141 84 249 183 230 233 205 236 198 152 173 137 42 175 192 161 101 87 162 32 82 50 129 244 195 178 203 27 135 68 127 223 71 210 118 128 61 180 
103 : 127 76 65 177 62 227 220 167 72 74 186 90 102 149 54 116 95 202 30 52 47 166 147 98 119 56 239 101 214 217 134 176 206 248 174 68 103 210 131 172 241 
104 : 195 84 106 129 49 227 35 148 146 211 133 28 210 65 238 191 56 37 31 74 189 203 213 80 194 199 179 27 57 
105 : 130 89 28 196 39 76 139 123 211 185 85 217 40 159 242 124 84 226 156 100 234 231 46 88 47 73 192 149 57 95 44 101 122 140 208 41 210 181 71 37 108 25 167 243 97 198 53 230 52 65 125 112 174 151 61 184 190 239 216 
106 : 180 99 159 70 120 204 142 36 249 191 122 160 45 194 223 212 200 161 207 91 103 105 146 65 128 84 41 55 144 163 53 229 89 110 76 124 233 71 95 107 173 216 175 197 236 240 228 149 79 238 31 88 86 61 42 38 218 184 67 125 150 136 48 
107 : 205 179 50 217 87 189 27 157 173 136 74 31 108 230 32 207 44 117 187 73 81 234 56 36 46 61 233 163 154 160 188 226 100 175 195 68 123 124 94 204 69 90 76 30 84 33 104 184 158 107 121 92 111 54 223 67 138 57 192 181 
108 : 170 86 177 235 168 139 220 97 54 68 115 176 148 141 61 28 93 27 42 82 46 87 77 45 158 172 116 100 202 48 215 79 83 211 238 85 165 146 180 120 140 125 63 53 67 52 121 70 174 30 212 192 200 223 205 44 195 88 182 226 109 243 
109 : 217 161 144 84 171 245 82 118 211 96 129 83 93 46 71 100 166 37 163 204 85 61 47 175 165 75 101 27 149 234 116 145 81 125 29 196 179 25 219 76 135 90 225 64 183 194 77 28 212 202 
110 : 129 178 158 46 135 130 233 163 189 241 82 57 161 150 165 36 186 132 239 118 133 110 83 141 223 89 200 215 176 97 191 192 214 26 84 71 204 139 49 207 208 59 85 134 230 237 217 128 159 143 131 243 80 31 42 103 160 198 140 238 222 47 175 
111 : 194 34 73 117 62 215 196 167 120 125 183 182 230 68 158 121 115 87 213 60 226 69 143 33 238 97 171 38 199 79 35 133 210 91 102 178 27 118 53 103 112 219 229 237 
112 : 61 154 197 249 97 245 158 70 71 228 77 38 80 145 125 244 65 111 95 132 36 232 127 157 229 235 85 45 182 214 118 136 152 194 243 208 172 141 41 73 124 146 98 183 247 51 46 
113 : 156 136 237 247 124 187 167 43 147 249 220 239 112 227 105 177 52 157 179 99 145 113 77 51 72 
114 : 78 39 49 56 230 122 77 31 52 204 147 73 120 132 180 216 164 220 83 156 26 129 160 82 195 86 115 217 143 249 246 90 142 242 140 88 101 219 119 207 190 67 30 181 172 
115 : 216 222 74 131 186 164 157 230 231 198 167 155 153 77 103 31 145 26 173 27 80 117 192 247 102 218 243 107 97 105 108 158 
116 : 174 98 81 243 110 226 44 51 143 115 141 200 196 146 60 64 38 47 193 128 223 182 55 43 224 70 210 219 88 130 192 140 69 99 54 125 172 104 65 152 77 93 207 124 127 209 213 76 25 145 236 34 216 203 49 68 48 191 181 235 94 80 215 136 148 103 170 
117 : 239 244 162 83 106 84 141 74 157 164 217 48 107 159 234 209 160 109 58 42 185 192 102 242 116 229 41 140 104 85 100 194 
118 : 191 179 170 246 220 221 41 213 207 149 145 68 232 60 161 226 88 69 35 113 245 94 136 173 104 30 52 102 187 138 219 
119 : 156 53 126 194 67 213 34 122 33 27 92 55 175 187 155 172 222 147 130 98 248 182 100 96 196 74 188 106 219 185 99 206 28 226 
120 : 25 38 128 208 88 47 105 30 155 52 199 78 170 106 133 63 156 233 163 171 42 34 112 209 101 137 236 80 75 222 113 173 245 162 127 183 136 176 86 54 205 70 68 241 165 50 174 145 175 234 228 184 108 164 167 74 28 
121 : 143 35 26 48 91 141 54 51 207 89 161 32 235 139 193 58 98 247 40 224 117 196 43 146 232 85 119 121 125 237 67 53 182 152 234 173 220 208 93 160 159 74 149 228 204 157 129 75 136 144 97 214 225 229 
122 : 80 29 201 74 202 153 25 139 123 128 130 163 161 217 196 75 122 46 54 35 71 204 40 191 195 48 233 230 70 63 33 182 186 50 95 140 138 189 174 210 156 107 31 
123 : 210 116 122 42 241 237 177 178 76 113 78 107 140 202 95 247 153 181 49 195 81 29 161 79 180 45 174 112 175 186 199 249 74 88 226 196 128 36 131 219 
124 : 179 123 208 117 90 239 42 162 146 66 161 98 249 223 137 130 80 217 169 71 84 159 44 229 109 136 166 112 72 168 247 142 201 40 37 105 49 129 236 108 
125 : 229 117 223 36 167 104 133 49 139 59 218 152 168 92 64 91 145 164 85 98 105 240 94 123 202 63 217 81 52 162 146 108 196 180 216 134 153 143 187 27 157 215 83 174 248 225 137 211 99 183 109 151 106 224 228 181 204 60 188 77 186 67 142 239 
126 : 80 50 45 175 150 153 112 248 108 231 106 145 228 28 213 187 139 144 210 171 223 36 72 40 130 34 114 225 84 211 53 82 173 177 241 110 88 164 129 126 47 192 180 159 131 184 48 115 118 133 
127 : 91 239 175 230 59 237 178 61 25 127 54 131 161 128 113 193 234 147 130 188 33 110 248 159 58 152 200 115 52 83 36 201 207 232 164 208 215 187 240 186 157 94 88 26 145 95 32 242 63 112 158 43 221 224 210 238 143 153 35 105 149 216 136 225 212 205 227 245 177 
128 : 36 61 226 206 193 62 187 56 144 53 192 94 229 240 32 58 205 235 67 52 239 79 74 120 95 75 175 163 
129 : 225 189 104 230 201 224 177 43 68 28 174 80 146 144 39 97 155 218 180 76 169 52 187 82 191 78 168 142 156 59 128 239 115 216 121 120 241 173 44 249 220 196 112 202 73 70 75 149 135 56 91 
130 : 72 64 215 123 77 212 38 110 28 145 225 248 59 147 48 97 105 53 180 166 146 109 224 81 237 189 205 132 27 137 239 118 108 203 158 190 35 154 50 68 179 102 136 70 43 168 233 126 115 214 150 74 104 
131 : 129 181 115 87 135 94 234 147 240 32 237 99 46 127 133 74 55 82 165 170 246 221 91 98 229 85 166 67 228 77 149 43 76 134 144 56 95 
132 : 127 65 126 212 26 184 67 151 69 249 78 40 183 90 64 153 244 83 162 141 181 32 163 136 42 148 206 87 167 231 
133 : 195 94 65 123 233 222 162 182 156 243 207 150 211 143 53 181 192 237 45 219 220 130 160 174 208 127 103 226 146 173 51 167 35 105 190 46 76 43 79 224 125 183 202 115 110 149 170 91 178 232 82 40 121 
134 : 30 122 58 176 57 89 157 82 141 64 163 33 117 62 150 172 202 110 239 226 219 178 29 126 52 236 237 25 235 107 205 61 194 168 135 120 48 47 113 222 195 230 121 26 190 31 109 127 159 103 36 165 196 56 94 81 84 212 38 206 95 203 185 
135 : 148 106 86 166 198 107 65 115 244 223 33 117 80 37 103 34 87 74 63 26 129 151 139 201 59 237 40 109 221 245 85 44 214 206 
136 : 129 118 141 190 123 157 76 53 160 170 131 39 54 236 232 149 62 49 162 194 90 240 51 108 81 243 110 164 75 34 
137 : 27 61 138 113 31 81 154 238 150 97 200 39 130 168 132 158 190 247 32 110 91 160 226 173 67 86 163 166 222 116 95 68 40 240 85 74 30 28 220 227 189 210 90 82 141 34 99 84 123 139 199 114 192 230 118 55 43 156 124 126 134 78 
138 : 218 215 157 165 30 232 26 137 138 103 152 80 205 121 226 145 166 164 77 125 161 84 174 180 135 72 177 36 240 237 198 167 34 120 241 181 28 242 112 172 92 219 57 168 212 182 89 187 202 63 123 192 188 127 42 221 
139 : 238 120 118 48 219 168 160 127 235 67 51 104 212 47 35 57 105 82 236 103 44 63 77 155 165 199 123 87 145 39 181 113 52 102 167 192 233 94 177 170 126 110 202 
140 : 124 177 146 150 117 98 157 66 86 59 199 135 175 209 113 158 72 245 210 219 36 154 51 205 161 52 202 223 127 92 193 28 233 69 74 204 100 159 247 53 
141 : 216 111 34 43 238 114 75 232 26 220 98 94 120 42 192 41 142 191 53 64 92 209 124 157 153 189 32 63 104 172 99 146 233 144 46 231 138 132 35 85 236 184 
142 : 109 247 101 41 170 222 220 190 167 185 77 110 33 48 81 54 97 69 216 152 104 135 153 44 197 113 115 164 203 53 155 67 29 27 149 169 200 249 
143 : 201 47 226 26 167 229 48 170 137 30 37 146 227 43 129 100 239 219 188 75 103 209 74 206 230 180 85 76 178 203 243 
144 : 227 40 123 161 96 64 183 128 176 31 35 162 212 240 154 185 106 47 181 224 143 244 186 229 91 60 127 
145 : 217 204 84 41 37 89 131 158 238 46 130 231 184 124 174 99 60 65 104 230 127 233 219 77 178 152 141 117 34 52 134 216 190 121 102 248 119 164 78 149 83 200 207 211 227 86 195 138 33 182 53 220 188 82 232 125 181 226 112 183 146 236 32 192 147 42 114 109 140 
146 : 188 36 220 245 181 71 174 223 53 31 117 152 61 207 141 219 81 246 165 77 56 79 200 249 110 64 175 196 118 41 116 247 101 55 228 163 133 42 206 192 172 221 205 187 195 122 241 35 145 189 244 
147 : 73 114 53 238 48 157 213 175 241 43 42 115 57 31 239 167 159 222 61 85 147 55 60 228 67 176 112 123 
148 : 136 110 159 217 58 25 106 67 73 60 62 128 122 77 43 146 152 47 54 162 111 70 134 197 225 244 112 108 30 124 98 45 126 109 237 224 230 156 
149 : 99 97 228 59 239 137 236 150 124 75 183 62 118 194 83 224 186 147 117 114 154 216 185 55 141 179 101 85 226 235 242 191 223 94 25 225 
150 : 144 107 173 190 133 77 192 147 84 48 46 239 249 233 135 64 98 59 104 200 79 202 237 109 34 161 96 243 103 118 216 212 188 206 30 177 87 156 226 113 119 231 220 122 45 60 71 33 162 73 101 191 57 82 164 140 99 114 
151 : 199 31 54 164 203 181 179 183 204 81 98 68 60 222 229 148 30 145 29 100 114 76 185 246 47 156 64 117 96 126 166 109 231 226 227 149 235 138 77 187 34 142 87 58 74 75 223 
152 : 73 119 38 176 122 215 95 84 31 189 232 219 134 167 148 70 131 61 147 42 96 236 220 216 146 165 64 245 178 51 87 79 62 227 137 149 191 249 102 181 124 75 151 235 234 157 116 242 193 212 26 238 46 246 141 54 91 190 82 159 109 153 117 66 90 207 76 139 217 
153 : 173 93 180 205 172 142 234 29 188 170 143 230 82 201 213 105 162 31 54 246 66 107 30 73 124 185 133 247 118 200 239 123 197 84 56 59 158 238 148 43 28 109 33 167 38 224 52 177 245 215 219 111 51 
154 : 214 146 203 127 125 53 160 202 124 144 133 237 95 33 90 52 193 85 169 217 166 41 223 136 105 171 149 206 111 213 114 118 106 58 176 180 178 104 73 245 239 46 47 108 92 242 66 177 56 135 179 82 195 
155 : 180 115 68 169 215 212 35 213 26 184 152 63 38 223 136 139 163 161 59 109 171 160 130 89 108 111 149 99 222 157 230 82 25 34 78 54 235 67 57 131 
156 : 223 170 108 89 221 168 247 193 175 99 216 155 127 220 184 61 79 171 40 224 156 235 144 67 63 163 125 197 217 62 192 176 145 110 78 185 173 45 129 114 55 86 141 198 43 48 106 205 72 102 121 87 73 32 124 191 115 226 249 26 199 46 174 71 136 142 123 180 164 
157 : 50 172 247 131 88 205 80 214 116 101 237 248 89 64 72 115 32 29 73 178 235 175 57 177 70 137 40 198 230 208 244 173 182 110 163 95 97 148 215 39 240 74 158 203 195 42 99 92 149 141 156 111 160 31 60 
158 : 124 157 180 72 76 202 171 87 186 57 218 95 232 197 85 237 43 225 161 163 29 185 149 179 177 32 65 86 128 184 193 194 200 174 102 192 45 100 123 209 58 145 176 175 216 106 115 
159 : 44 228 162 191 133 68 181 134 174 154 152 168 125 180 26 148 242 216 173 195 205 221 60 100 225 93 94 52 171 201 223 247 80 209 114 233 29 147 160 224 176 64 34 241 32 91 239 47 92 102 237 175 192 25 172 137 28 144 99 149 89 
160 : 124 77 54 34 165 190 57 140 28 181 59 208 107 84 137 74 204 232 213 241 98 162 33 193 214 223 90 112 96 166 43 148 35 31 27 105 132 75 142 130 218 233 143 110 56 224 187 114 225 125 210 63 185 26 191 48 205 81 47 147 42 234 226 211 194 154 192 151 183 
161 : 46 211 177 72 183 184 212 112 76 52 93 210 145 77 103 61 111 232 153 94 71 62 116 155 240 125 124 191 215 234 189 206 141 115 131 181 123 192 235 133 236 165 205 43 47 146 90 150 220 176 162 83 40 174 122 114 180 237 152 68 
162 : 64 181 125 194 209 199 54 131 123 174 84 202 231 130 77 207 237 241 30 248 72 98 171 160 205 
163 : 39 134 183 150 58 89 127 36 78 222 41 193 179 224 232 243 180 98 240 107 236 163 52 211 203 228 51 28 142 226 209 70 53 32 147 114 218 54 192 135 145 50 167 72 87 63 95 111 220 97 65 249 202 244 69 128 139 230 
164 : 72 210 166 134 191 237 205 206 226 189 131 213 119 35 92 105 106 164 123 217 128 53 227 127 246 155 214 195 34 78 194 137 142 199 47 126 204 122 192 43 108 219 109 160 30 248 39 
165 : 243 159 54 110 107 145 241 51 141 182 93 106 187 96 28 237 121 232 33 228 210 92 58 158 212 64 102 200 81 198 233 181 202 116 82 222 105 41 209 191 223 30 103 108 151 186 27 112 197 221 34 42 44 31 161 131 180 118 46 
166 : 34 172 71 128 48 229 232 88 65 32 199 82 217 109 112 245 201 209 133 158 195 187 191 101 202 194 212 175 235 149 207 40 83 221 148 136 84 152 145 160 242 41 75 164 219 
167 : 212 221 182 58 181 201 167 46 88 154 76 225 163 142 82 43 47 149 94 75 28 148 183 92 214 208 114 62 
168 : 26 189 157 104 219 240 43 139 176 229 59 95 47 127 162 221 210 177 109 182 39 170 246 75 204 218 159 41 114 29 228 188 144 249 205 107 174 214 125 87 187 42 168 207 69 154 203 137 236 179 217 143 123 145 212 178 155 83 67 
169 : 182 54 36 42 46 122 128 111 49 159 184 134 92 160 63 40 56 130 37 106 99 38 124 119 213 61 58 71 241 44 171 212 69 198 163 117 193 158 77 35 88 140 72 239 189 60 151 217 50 94 
170 : 152 120 214 211 134 215 37 30 230 27 242 174 204 35 73 127 98 197 40 44 236 218 140 99 176 244 69 221 38 162 77 241 166 33 110 238 138 55 101 114 93 58 129 240 247 136 125 121 228 52 79 207 
171 : 59 41 76 213 166 130 111 105 143 248 82 190 182 57 108 232 90 38 54 79 97 138 67 43 247 83 156 169 70 188 56 216 78 104 217 185 202 136 236 29 246 131 235 63 208 58 141 94 129 209 
172 : 85 191 215 144 45 166 57 61 115 113 87 227 137 160 206 131 124 126 110 244 228 112 86 127 150 114 196 163 218 168 27 71 226 34 43 204 94 104 93 197 162 55 123 198 230 169 129 151 231 102 234 177 62 167 
173 : 147 84 169 232 61 75 128 157 44 164 64 111 39 123 92 91 162 213 105 93 211 187 201 62 184 97 160 96 130 207 139 34 176 68 47 25 204 
174 : 159 214 234 160 57 94 48 223 80 85 169 73 242 219 31 230 187 248 60 243 53 115 222 68 231 36 75 212 211 33 81 39 91 190 86 82 83 144 158 84 40 217 195 181 50 225 116 132 46 52 77 176 191 112 134 
175 : 100 237 208 148 53 131 45 142 48 85 168 49 190 245 37 97 73 67 121 32 199 58 75 84 114 60 230 182 222 174 69 88 233 106 
176 : 182 77 119 167 105 244 107 65 38 88 191 84 112 172 78 91 239 100 159 85 158 101 189 72 37 82 169 46 79 148 199 94 147 152 95 
177 : 182 240 88 60 121 70 83 164 80 92 104 226 183 38 143 123 110 144 33 47 120 223 148 26 149 172 56 124 228 118 108 220 206 211 53 146 175 208 40 212 216 46 84 79 204 222 41 109 157 200 78 177 112 189 161 73 178 119 245 150 50 107 176 77 
178 : 244 38 169 184 75 190 26 246 233 159 126 91 84 50 138 56 224 221 136 235 53 155 160 197 100 213 82 226 180 127 146 61 207 132 101 227 55 193 201 34 183 133 140 109 204 143 33 247 208 46 81 54 228 121 217 25 28 
179 : 46 243 229 210 141 129 144 124 214 65 81 166 125 61 203 59 137 54 36 197 101 163 74 96 43 94 189 221 154 28 157 146 118 35 76 55 150 117 152 184 48 44 246 199 82 216 145 104 110 235 
180 : 236 164 235 245 243 167 79 139 47 80 29 117 248 178 71 137 192 217 155 130 124 87 27 165 133 162 116 204 176 225 83 109 244 246 66 168 239 151 85 97 212 81 148 199 241 242 122 74 119 234 121 34 99 95 147 73 205 41 173 60 207 49 158 138 
181 : 116 135 78 192 108 26 87 95 101 169 182 236 189 198 122 97 70 179 63 196 90 65 118 155 142 149 53 233 83 246 30 81 197 240 54 230 27 163 176 74 131 218 140 39 247 200 32 212 56 119 211 159 166 156 160 64 243 66 226 245 148 60 184 106 204 126 
182 : 63 44 140 96 127 148 62 40 239 221 216 113 47 84 120 184 92 115 90 91 227 130 226 215 153 174 161 202 194 116 35 169 211 218 145 183 103 204 193 222 248 52 147 131 203 160 60 232 244 124 94 206 188 138 152 104 74 114 87 223 27 
183 : 143 122 90 127 126 65 163 185 47 192 227 211 66 182 186 179 235 75 199 190 244 50 184 142 60 226 124 43 31 189 165 233 76 56 38 159 225 214 84 155 239 78 114 154 229 108 202 144 
184 : 154 109 199 69 161 47 242 174 37 55 100 57 140 179 51 149 229 230 83 118 145 71 191 225 96 56 203 246 33 49 28 41 190 112 241 30 95 134 108 158 103 200 210 164 98 165 29 245 54 166 132 116 234 43 50 128 42 206 59 121 79 170 119 90 
185 : 61 72 91 69 54 98 74 194 116 229 247 26 102 232 49 201 192 111 154 177 196 58 39 234 191 65 75 53 30 50 221 239 210 200 33 220 
186 : 92 216 145 126 229 191 163 72 130 117 25 248 181 120 122 170 227 247 111 113 82 238 194 69 85 32 199 65 198 236 93 162 63 133 94 206 44 77 143 165 60 116 131 90 43 78 127 80 148 
187 : 249 201 247 135 139 50 128 241 176 162 234 186 180 74 36 222 244 157 102 42 85 127 240 101 248 226 161 71 203 26 154 116 41 51 126 80 131 187 175 70 92 108 165 86 97 29 202 227 144 107 38 115 192 54 179 216 100 210 98 91 31 75 130 190 147 
188 : 107 90 236 175 92 220 130 155 59 105 47 91 193 222 62 174 209 203 65 221 26 114 192 106 120 101 67 117 134 39 49 190 133 129 
189 : 92 123 241 61 137 51 102 189 110 95 33 141 114 100 94 130 90 105 96 138 39 54 132 66 64 59 133 188 125 191 71 160 238 171 224 233 231 210 249 243 56 65 68 147 159 34 227 155 246 98 84 
190 : 168 144 85 157 42 178 214 80 190 218 187 35 227 63 75 208 240 189 27 99 88 177 39 152 135 50 166 91 151 31 131 71 70 124 156 40 249 223 100 53 148 86 38 105 72 213 182 
191 : 142 44 37 82 43 91 148 67 189 64 98 56 133 203 223 106 241 63 193 224 233 184 46 244 164 246 79 90 216 77 129 47 178 107 156 245 125 73 137 169 181 35 108 196 160 32 113 105 116 75 141 172 85 80 159 158 234 120 243 66 186 218 89 170 99 126 150 153 
192 : 92 116 247 145 115 193 76 105 44 185 118 203 68 84 81 142 196 136 246 148 154 86 97 239 229 130 100 176 48 175 195 221 123 98 99 237 47 199 26 103 192 206 139 214 194 49 171 124 249 210 184 73 220 54 201 140 197 163 79 238 62 126 30 177 
193 : 80 155 199 243 192 48 232 227 109 40 81 57 129 187 197 130 136 95 51 216 213 225 175 182 219 241 115 94 120 102 159 184 208 139 34 45 79 127 157 60 39 214 52 54 211 185 128 122 33 234 198 121 142 248 168 236 173 172 105 195 92 47 78 220 204 221 
194 : 76 168 204 35 103 232 104 170 60 116 241 41 244 177 183 156 148 186 175 146 135 91 233 56 83 128 30 199 173 68 112 153 176 161 26 140 149 84 236 94 130 246 190 212 172 25 143 106 160 226 137 158 79 220 82 154 77 216 119 210 215 214 222 164 87 223 36 248 
195 : 71 175 87 145 150 148 84 169 198 222 138 101 54 92 163 30 89 67 236 243 234 206 68 240 210 29 212 133 161 193 144 91 75 61 115 229 134 36 177 60 112 114 230 
196 : 168 242 52 90 115 172 40 117 27 63 148 45 190 109 237 82 166 199 189 204 123 78 60 159 121 151 176 95 124 51 
197 : 245 68 119 124 221 198 175 228 163 172 140 224 29 82 204 53 183 89 226 211 180 168 164 97 95 214 174 247 212 144 182 179 
198 : 70 86 97 181 204 133 72 57 98 193 68 71 114 194 234 96 111 35 197 238 58 213 149 169 81 229 247 215 147 206 190 186 240 139 146 188 128 203 118 221 29 33 153 140 94 84 231 59 101 113 207 195 46 242 99 208 239 132 167 
199 : 114 217 52 209 87 48 182 164 45 218 248 162 111 205 117 184 172 51 174 72 206 146 210 108 153 185 106 186 225 202 88 211 236 73 113 138 89 213 91 160 30 101 177 126 233 28 103 62 64 152 32 207 142 68 165 120 57 42 179 150 71 139 214 187 131 204 
200 : 230 92 202 34 63 158 208 246 241 103 86 220 197 162 62 225 136 159 152 134 105 53 154 52 191 98 81 140 28 76 193 235 153 69 218 141 144 164 112 167 87 35 185 37 132 46 165 38 181 64 172 142 90 216 111 224 205 
201 : 91 37 236 241 128 148 222 225 177 235 96 26 143 42 144 116 33 249 208 219 108 66 50 151 46 146 86 78 64 99 125 58 104 217 31 161 231 198 102 229 166 114 218 119 127 193 36 71 49 133 73 107 40 237 89 238 87 245 145 74 184 165 76 59 
202 : 47 191 244 164 154 174 176 71 229 234 54 245 205 200 226 170 207 103 106 185 80 204 56 31 247 76 167 51 162 32 118 212 173 82 246 125 107 172 78 122 249 50 179 156 42 100 113 241 98 114 221 46 135 87 190 33 119 219 202 147 
203 : 95 241 129 58 85 179 187 210 214 28 216 157 217 67 207 147 84 167 40 135 138 61 35 96 44 83 191 208 119 105 181 238 150 246 149 43 106 109 39 235 218 186 77 140 136 183 73 168 120 
204 : 37 45 123 132 211 109 191 161 51 240 152 58 155 181 86 131 32 248 106 215 148 70 117 69 230 104 207 184 46 236 115 53 217 223 196 134 221 175 139 93 193 171 174 42 55 220 67 44 
205 : 244 216 83 44 183 84 97 100 178 220 190 26 212 46 158 202 68 38 102 229 60 54 88 101 233 49 182 210 131 217 39 203 159 213 164 180 
206 : 132 48 164 194 243 111 173 235 146 60 100 89 169 166 229 81 124 128 136 168 240 82 186 69 114 212 182 139 179 196 25 44 175 131 177 74 65 85 79 224 110 176 171 137 61 241 208 163 
207 : 238 32 128 30 125 77 151 154 133 217 147 224 38 199 219 239 208 235 121 202 137 105 213 155 92 37 106 203 93 167 173 34 164 80 230 122 183 85 44 94 226 69 26 
208 : 148 79 126 170 179 225 233 107 151 33 168 92 232 116 82 123 91 204 200 212 120 51 90 227 117 205 101 178 138 67 163 76 182 156 184 207 136 177 219 152 194 68 108 248 32 53 52 
209 : 89 157 73 175 154 222 69 156 75 241 122 125 182 115 123 46 70 238 231 169 215 65 244 146 237 135 196 103 201 193 144 163 228 37 80 164 102 209 185 214 194 167 177 133 63 147 208 
210 : 44 184 132 201 106 200 87 180 98 127 158 38 171 81 128 28 61 190 162 88 212 152 29 138 243 76 239 155 220 93 104 193 34 244 57 225 168 229 176 177 191 70 79 209 112 181 96 240 150 213 47 25 60 48 
211 : 145 65 134 233 114 115 135 77 163 221 120 188 103 194 190 144 73 148 149 137 141 230 157 86 204 69 39 63 206 245 99 205 80 236 76 195 155 192 248 209 161 160 237 121 198 43 222 151 66 143 93 83 165 28 81 208 207 180 
212 : 224 242 189 96 79 123 103 200 51 61 234 77 101 48 221 160 110 231 54 92 162 73 235 87 245 
213 : 131 59 153 219 207 54 86 150 237 177 148 40 60 48 240 188 119 147 68 182 244 156 178 228 133 107 152 137 88 120 233 202 99 55 134 216 36 78 136 243 71 229 104 49 227 161 
214 : 195 127 29 172 77 104 183 212 120 200 92 58 31 204 137 174 234 49 54 88 38 34 81 159 64 171 
215 : 48 51 155 109 248 214 62 86 156 135 103 132 124 202 87 46 203 30 239 222 188 59 55 161 183 220 177 57 244 40 52 233 32 192 174 115 199 215 29 65 35 108 227 117 246 110 189 231 167 158 242 196 213 90 
216 : 174 27 48 75 97 112 186 160 214 132 83 219 53 171 198 216 103 233 185 194 40 106 128 161 137 218 50 134 89 170 153 
217 : 84 143 204 170 241 156 37 225 117 176 223 119 87 32 81 171 44 201 207 118 140 89 188 88 160 137 68 74 217 159 148 47 97 190 206 214 125 139 142 45 211 41 26 177 43 39 
218 : 177 35 65 218 73 211 222 172 173 182 90 31 67 162 179 170 111 71 199 203 96 104 123 236 158 88 38 85 202 93 161 169 128 146 131 243 57 70 75 192 230 157 52 205 77 156 241 99 103 130 191 207 185 228 242 187 
219 : 83 231 97 131 28 120 102 67 243 195 26 93 169 41 78 246 42 140 58 238 89 240 241 185 86 128 222 155 192 247 248 225 166 242 220 30 197 137 160 98 115 230 51 143 114 33 157 196 75 37 88 229 203 70 113 87 106 188 38 210 209 35 48 34 129 103 82 219 
220 : 127 46 240 187 160 33 53 246 95 96 150 164 182 197 222 43 174 104 181 225 244 57 169 54 35 188 40 92 146 178 230 32 42 85 242 114 
221 : 235 57 165 32 191 137 62 36 140 229 29 47 134 232 243 132 205 160 82 30 194 171 106 31 67 225 239 42 105 92 181 50 151 197 28 99 84 79 170 208 78 117 168 242 93 158 
222 : 135 105 48 84 163 70 47 212 127 219 168 42 169 50 85 193 227 55 62 189 153 111 36 74 38 162 117 67 49 194 107 41 188 65 142 225 121 86 134 233 28 89 87 92 132 
223 : 245 50 38 127 78 142 168 117 163 115 79 189 227 64 226 59 231 145 72 122 213 174 44 140 134 246 30 175 176 153 190 211 225 238 234 217 228 130 123 185 91 77 88 97 73 157 194 196 99 100 83 114 220 232 39 
224 : 66 127 245 179 158 38 80 156 79 244 148 76 215 83 101 104 149 200 211 35 108 167 142 223 82 232 224 34 56 186 161 75 222 111 129 205 249 123 87 166 231 78 81 120 52 146 162 243 118 67 91 139 184 47 
225 : 180 144 100 202 244 105 159 199 193 242 192 170 84 32 116 145 106 235 222 187 233 51 234 90 82 39 89 57 213 137 63 128 110 153 205 47 162 183 
226 : 233 66 27 68 223 77 204 155 85 161 247 87 232 244 151 48 76 190 36 218 47 164 181 176 238 70 82 149 169 183 95 34 225 44 230 40 175 45 224 59 160 205 67 159 
227 : 199 227 189 224 229 56 25 77 210 109 242 121 42 36 142 118 28 93 232 233 240 85 139 63 147 104 158 218 83 175 103 
228 : 129 140 74 157 132 51 236 214 113 83 166 69 242 68 222 30 189 94 176 60 66 172 153 34 159 220 151 182 223 80 126 162 175 90 96 196 136 106 234 245 232 195 145 219 199 243 37 31 190 72 146 149 247 187 186 237 59 47 248 
229 : 77 248 210 189 63 153 188 217 130 66 115 244 237 203 166 180 95 114 155 243 141 79 26 54 113 51 92 70 60 97 44 72 151 187 46 126 103 147 138 47 215 81 64 190 185 75 148 40 144 110 53 76 78 85 119 228 223 52 154 207 105 206 108 205 128 235 73 
230 : 84 140 103 61 211 243 48 191 217 231 38 25 108 187 244 144 153 163 67 200 63 203 182 124 68 146 112 46 198 51 52 56 222 242 229 74 188 221 37 116 130 145 
231 : 90 151 179 157 99 228 136 81 168 41 248 178 98 91 176 166 84 135 63 78 226 101 165 206 46 40 222 139 208 29 144 219 45 85 118 155 188 96 55 35 217 28 103 225 134 60 125 192 198 113 214 105 33 
232 : 244 28 78 226 120 224 33 234 145 135 133 132 128 192 125 194 110 117 148 84 122 42 43 97 77 54 126 111 62 165 171 91 156 106 26 118 233 248 51 34 67 138 238 151 214 221 48 95 87 108 144 83 136 227 181 175 246 25 188 249 65 185 
233 : 37 227 118 109 158 30 249 91 135 248 108 124 45 38 82 162 173 100 53 39 192 222 169 116 247 239 176 201 115 214 58 157 245 146 90 236 190 81 150 
234 : 189 145 143 230 95 59 201 245 241 160 54 26 70 46 68 126 167 101 57 132 112 173 244 152 134 88 214 224 182 142 53 82 156 27 140 180 38 36 78 128 44 165 228 147 159 237 73 41 81 135 77 202 66 193 169 153 232 29 174 37 98 45 67 190 87 65 99 
235 : 141 143 133 225 153 157 49 110 173 243 145 26 115 106 109 207 116 209 178 177 123 163 87 107 96 55 234 232 76 118 73 239 122 101 172 74 
236 : 238 133 203 101 72 167 62 60 181 65 224 71 204 121 103 118 76 123 169 149 152 184 174 225 89 231 83 230 
237 : 87 188 36 57 184 117 212 158 190 166 248 168 81 179 247 198 107 91 238 135 234 92 106 220 143 139 110 50 33 169 167 146 141 197 68 165 163 99 55 218 223 231 54 53 
238 : 163 106 54 128 40 39 183 63 49 132 91 36 194 189 148 197 88 160 57 139 149 94 81 69 214 
239 : 200 120 73 182 228 211 199 149 65 109 218 207 150 50 193 121 37 53 163 107 117 192 33 47 165 54 151 115 212 29 169 72 91 177 167 158 40 
240 : 55 149 92 239 173 208 76 82 25 184 233 58 116 74 144 40 247 130 171 118 160 162 95 227 161 99 102 163 63 106 151 177 114 46 170 104 146 48 218 226 30 109 32 107 124 39 110 172 166 71 200 165 158 245 202 
241 : 180 202 105 238 222 246 110 218 75 146 195 82 158 159 206 184 57 243 78 174 136 85 114 220 97 39 145 36 207 164 169 170 128 100 196 166 88 122 216 198 144 99 211 191 160 79 183 48 228 126 94 201 197 90 80 204 157 241 234 194 233 139 46 193 155 
242 : 104 219 171 95 125 80 156 203 154 235 97 98 236 113 122 68 111 172 49 240 137 60 29 94 72 35 
243 : 56 197 143 211 237 162 118 138 117 202 233 206 226 224 242 132 222 113 136 148 54 194 175 109 244 31 41 177 68 179 74 26 152 184 125 126 181 218 33 28 82 234 228 208 200 172 190 34 81 95 78 140 220 243 170 133 158 61 
244 : 28 150 215 55 164 134 44 77 233 109 155 94 143 46 118 39 177 38 153 111 114 25 185 131 171 35 223 246 93 214 34 175 52 217 124 83 71 161 160 29 209 53 81 59 119 73 26 162 58 168 76 84 126 101 106 201 49 
245 : 101 233 41 125 54 207 141 248 245 105 187 62 33 46 173 34 40 209 49 118 158 93 129 139 109 150 98 115 55 176 69 211 117 159 170 
246 : 115 76 166 93 204 147 35 45 208 164 52 176 223 101 194 189 39 131 212 44 32 117 58 102 209 116 165 247 51 145 105 181 205 37 61 184 27 91 
247 : 118 153 114 211 107 65 192 240 123 206 135 57 61 157 167 162 93 231 142 237 213 91 141 140 175 147 168 74 110 29 172 99 200 71 136 132 131 180 78 54 127 28 109 125 166 129 102 178 119 170 138 184 126 
248 : 216 246 225 37 185 28 33 45 174 191 166 139 104 163 122 111 87 92 81 107 102 189 106 70 54 151 74 196 167 211 179 72 42 224 80 154 55 209 63 168 114 205 153 186 192 117 155 194 83 147 115 130 53 143 76 193 135 64 140 56 86 
249 : 131 83 230 75 35 57 34 180 184 232 221 136 185 98 212 149 242 95 198 49 132 70 168 175 222 194 52 224 129 219 195 163 210 227 217 133 203 229 126 48 
250 : 205 55 182 179 128 86 197 54 212 28 98 62 109 217 145 42 33 127 108 200 31 141 96 105 38 68 66 77 27 137 111 36 158 183 135 172 134 79 78 71 162 176 215 37 106 164 165 93 211 161 170 173 232 235 169 181 
251 : 68 93 192 178 238 76 147 233 98 234 225 191 246 186 124 190 169 85 210 228 204 39 203 129 84 25 28 135 198 106 56 189 218 202 127 57 102 133 199 123 86 142 155 248 63 61 201 177 235 92 181 208 223 194 122 171 172 163 115 212 180 110 229 
252 : 72 214 154 112 61 246 234 34 65 184 59 180 199 82 151 137 222 172 148 57 53 135 111 191 188 44 237 91 136 106 156 173 211 49 129 41 190 102 38 170 48 147 110 77 240 25 60 62 131 183 31 71 92 128 132 121 200 243 119 182 249 187 114 
253 : 204 213 82 53 167 131 244 47 68 35 231 223 51 224 56 151 52 219 154 72 184 135 32 156 230 149 115 34 211 110 107 104 188 111 40 181 238 229 225 237 128 202 97 42 124 141 84 
254 : 46 55 205 175 172 199 155 90 110 120 133 83 61 166 130 62 180 94 50 34 73 183 63 128 146 123 223 248 80 104 153 192 218 229 32 219 59 222 157 243 41 
255 : 126 130 66 180 173 220 172 217 184 227 221 58 41 182 113 134 171 201 95 177 31 145 238 205 242 120 243 193 68 226 102 206 61 125 137 233 213 79 
256 : 228 46 211 188 49 112 122 239 93 117 96 39 171 111 57 68 161 107 186 58 100 193 165 108 157 69 146 88 173 231 240 232 166 
257 : 62 180 93 247 107 183 188 72 38 68 224 143 239 225 44 113 31 213 219 88 82 111 63 41 52 229 150 226 73 195 178 124 136 149 134 110 220 47 145 69 51 236 227 196 175 152 29 90 139 177 133 101 
258 : 161 168 134 64 84 218 122 118 102 223 107 44 36 221 45 231 228 47 200 148 169 227 113 162 180 30 123 158 79 212 55 59 42 71 195 211 205 138 171 46 98 241 110 54 43 174 220 187 78 194 49 89 203 246 243 225 234 184 100 116 163 41 151 
259 : 223 193 226 124 204 62 60 171 121 133 194 182 137 32 83 100 230 129 191 69 140 49 192 145 48 177 201 128 196 57 209 119 239 218 227 87 71 107 73 246 33 55 139 160 111 211 186 158 75 217 232 241 63 190 234 108 153 61 31 
260 : 245 188 158 78 244 159 124 161 228 108 173 142 246 27 196 184 154 64 30 46 192 187 61 241 230 70 121 123 52 180 238 119 128 177 68 152 231 43 134 111 104 41 130 233 115 93 79 194 122 243 215 25 240 117 71 112 
261 : 159 183 99 141 62 247 25 122 50 172 41 112 218 47 35 91 114 225 80 145 227 170 213 82 211 243 146 127 45 165 131 238 178 
262 : 44 197 225 152 107 217 109 145 182 169 76 218 136 244 72 226 158 236 193 249 123 216 204 194 50 246 144 153 96 142 146 108 231 97 159 186 238 114 40 242 156 167 58 78 161 118 228 203 83 31 101 51 124 198 55 130 103 174 
263 : 156 43 132 233 243 185 109 172 149 182 127 113 30 224 106 137 83 198 211 206 102 174 68 34 75 53 85 143 110 122 150 212 120 242 229 218 123 249 148 197 60 26 52 145 41 
264 : 26 248 115 96 112 36 101 137 99 32 105 66 182 222 162 245 228 65 158 120 241 243 37 152 226 74 147 204 246 200 53 73 38 191 163 35 61 128 179 174 25 221 110 52 63 157 62 205 235 185 86 97 
265 : 33 124 193 149 79 123 75 182 26 209 192 55 147 46 229 133 145 228 210 139 196 235 176 217 118 175 178 223 82 167 232 25 104 220 165 152 194 73 225 42 122 30 120 208 155 99 132 115 69 29 89 214 126 70 224 56 44 93 
266 : 33 143 71 201 135 38 129 52 144 204 243 102 212 155 126 184 161 160 196 118 215 110 87 41 191 164 174 51 25 218 86 159 239 78 219 195 63 123 117 139 140 249 37 96 142 65 74 30 
267 : 180 37 34 197 32 71 41 92 189 219 67 184 77 140 174 143 178 171 240 138 45 116 166 224 102 165 179 213 124 227 47 241 181 235 218 182 64 
268 : 29 216 207 171 89 212 196 242 55 195 224 86 61 115 150 243 106 156 228 118 169 158 199 109 71 148 176 
269 : 118 26 244 199 95 136 100 65 79 61 192 156 213 75 163 134 101 239 113 196 76 124 63 218 170 99 227 235 43 165 153 94 102 133 92 107 208 248 167 47 161 37 121 78 214 224 202 217 87 195 126 188 35 198 116 138 137 146 230 111 226 59 66 211 120 41 139 131 
270 : 91 150 50 43 94 37 221 233 92 196 153 100 85 145 139 126 73 192 219 207 148 64 53 63 167 74 
