0 : 49 41 154 74 70 195 191 97 162 157 117 145 237 102 201 213 166 94 229 47 52 34 90 28 204 73 40 33 50 184 138 25 136 43 85 99 144 120 93 246 179 235 62 76 122 203 230 224 168 32 116 223 31 
1 : 102 153 141 104 77 190 211 229 142 108 57 40 128 240 157 113 50 73 192 87 83 120 81 221 158 249 76 232 38 
2 : 71 182 207 149 199 240 82 168 33 106 217 144 148 53 61 126 48 64 145 229 222 98 228 39 161 186 203 150 87 154 178 176 212 80 188 224 194 198 219 159 65 105 114 42 209 108 181 169 35 170 246 
3 : 218 134 142 140 223 121 101 161 162 233 237 226 202 33 60 37 73 185 248 205 114 27 239 193 118 96 230 40 102 95 141 183 187 
4 : 222 205 118 143 177 81 131 112 152 239 141 186 49 83 40 90 110 35 104 221 91 189 158 175 37 
5 : 51 192 128 84 43 247 47 216 27 134 245 188 49 179 122 153 98 31 150 161 109 178 228 90 223 78 140 103 60 39 99 125 195 218 63 238 234 41 133 42 25 173 164 46 183 101 174 149 106 71 73 117 
6 : 170 83 132 103 58 247 45 26 214 208 158 183 224 104 235 31 184 80 133 79 155 143 169 74 163 
7 : 186 55 156 65 100 210 127 102 95 147 125 46 173 83 240 93 239 34 54 138 75 112 208 36 97 224 114 51 39 214 199 163 161 159 141 242 143 113 230 80 218 188 248 166 177 150 178 
8 : 207 77 118 80 54 73 210 228 241 233 55 222 189 157 111 29 161 204 194 164 123 66 184 213 75 52 51 160 190 186 30 84 108 79 38 197 246 139 132 64 116 57 201 229 81 163 62 150 174 198 95 82 165 234 225 
9 : 162 71 114 128 187 123 70 233 136 27 32 173 203 240 49 184 193 48 83 72 139 244 248 45 44 194 209 131 239 54 99 129 207 227 210 52 110 191 224 105 118 141 133 195 79 100 67 147 164 86 170 161 175 212 
10 : 221 141 124 110 236 95 225 73 126 160 74 82 197 137 122 107 40 229 42 167 209 159 213 109 181 91 237 174 
11 : 117 40 119 215 160 247 93 49 111 239 155 45 134 236 146 142 33 242 194 176 96 238 47 62 154 141 81 226 240 229 180 144 158 88 150 181 89 46 79 184 57 
12 : 241 45 119 190 134 244 89 46 171 182 233 149 34 54 128 93 125 115 239 78 101 157 201 86 97 108 50 240 76 104 242 131 79 234 71 226 188 132 230 161 138 144 52 39 180 35 43 68 163 179 194 
13 : 113 154 144 221 95 187 129 226 32 108 215 149 243 102 208 150 56 166 136 85 185 197 115 183 168 68 219 212 92 191 170 238 120 65 
14 : 222 26 53 51 153 175 192 162 69 77 149 188 198 132 243 187 81 124 201 90 144 167 148 216 37 112 205 147 28 76 
15 : 244 44 245 201 95 155 204 135 69 45 179 91 243 136 170 74 141 42 25 76 79 125 224 39 180 
16 : 67 41 161 57 244 60 202 171 124 37 89 211 167 118 154 159 153 213 205 133 190 204 232 112 178 146 81 157 63 114 142 80 151 26 39 164 54 192 200 56 127 
17 : 81 91 214 108 241 109 124 112 72 228 50 182 170 142 187 86 207 119 139 29 136 92 75 127 191 184 103 78 133 211 208 46 89 175 216 61 172 
18 : 210 61 105 119 132 216 130 239 50 228 54 123 141 172 35 187 110 212 233 100 209 71 78 200 165 38 217 89 39 53 79 93 238 178 
19 : 60 176 52 179 105 63 150 90 223 66 235 170 54 109 166 107 207 94 39 230 59 98 45 89 201 85 225 192 
20 : 245 232 243 65 135 249 217 51 61 110 201 164 62 71 37 195 209 197 38 59 67 25 224 83 192 34 227 116 184 36 221 222 77 112 140 134 63 33 178 175 161 145 56 182 72 108 239 41 124 103 126 216 
21 : 229 40 202 129 66 160 239 194 189 223 172 156 31 107 117 143 44 125 27 153 242 41 174 199 121 162 99 124 59 179 150 215 68 203 235 131 180 205 
22 : 71 205 172 117 65 77 76 211 180 216 194 58 82 153 126 214 116 98 244 123 44 195 55 157 221 125 212 162 166 78 224 27 26 89 204 35 160 88 29 42 103 
23 : 213 163 216 109 139 207 118 51 123 231 101 138 239 156 194 241 87 181 31 112 134 77 165 105 198 80 56 99 131 55 174 68 88 234 212 150 67 127 224 124 
24 : 79 57 175 226 201 121 136 214 125 61 56 244 45 101 155 131 83 67 104 248 39 34 126 149 240 70 55 163 71 73 178 96 97 185 247 204 138 115 110 171 63 43 158 230 74 62 81 197 75 161 241 30 99 179 
25 : 94 41 182 51 248 170 95 127 204 37 44 175 69 66 32 146 113 237 131 38 81 184 27 125 172 139 78 156 189 72 132 71 164 59 89 82 241 63 235 87 115 160 157 
26 : 60 91 235 197 181 228 77 187 101 177 133 238 143 211 190 117 223 114 196 103 135 174 105 154 147 46 198 145 37 210 36 202 130 149 120 248 168 
27 : 166 47 67 185 203 33 179 200 142 100 234 157 209 153 121 189 87 231 208 78 160 168 207 103 139 102 212 127 163 114 97 138 219 186 144 50 110 81 
28 : 47 240 187 179 28 141 85 190 34 195 149 192 70 197 54 72 25 31 185 244 94 181 45 134 133 132 248 232 196 102 144 
29 : 71 230 53 129 234 213 158 85 199 247 131 222 63 67 70 56 72 166 142 110 120 244 86 246 211 41 77 148 225 44 78 118 46 208 52 97 25 121 88 73 186 151 161 159 237 82 228 89 149 241 87 198 164 92 
30 : 63 186 82 108 81 71 44 29 120 91 167 199 192 30 219 59 43 95 116 68 178 147 141 107 157 36 28 83 89 224 41 62 206 172 119 103 52 245 193 110 47 241 33 196 131 
31 : 104 59 231 36 52 54 128 161 76 147 226 181 166 93 57 217 174 210 213 214 152 143 126 37 109 65 68 110 167 140 208 56 72 196 137 170 204 189 222 160 67 212 240 184 33 192 149 53 171 
32 : 111 230 104 159 35 223 77 197 88 233 168 192 153 25 95 34 107 75 199 42 182 120 163 127 183 147 174 246 193 119 171 202 122 123 138 225 210 105 144 94 26 
33 : 116 67 72 133 195 63 169 127 240 78 87 136 213 231 244 137 209 39 115 221 51 242 216 124 151 156 246 92 178 79 140 48 225 26 41 239 208 191 97 36 126 162 128 
34 : 79 197 163 171 52 135 153 204 56 242 43 103 191 70 177 154 233 108 49 61 88 214 106 136 65 82 192 126 213 47 44 66 186 76 208 39 89 116 195 203 31 37 164 73 201 202 196 235 77 30 212 119 238 243 218 
35 : 91 67 210 27 80 111 54 158 69 129 130 181 242 52 132 124 167 220 171 207 117 113 131 205 186 144 29 226 112 235 166 142 231 201 239 170 179 234 140 163 74 192 94 143 109 195 64 245 197 157 232 33 107 204 49 
36 : 123 61 127 150 46 30 163 248 161 138 134 74 174 88 115 240 75 128 168 39 131 136 108 157 188 155 180 238 69 57 196 158 220 106 
37 : 49 193 113 194 201 126 209 183 233 66 182 130 40 222 39 120 211 244 60 53 56 109 202 241 249 93 144 96 64 217 159 91 111 
38 : 70 100 41 115 241 200 50 121 230 157 63 149 158 246 222 231 64 113 51 172 127 208 137 145 244 61 35 55 116 76 82 28 240 88 188 87 191 210 92 171 31 44 143 238 128 43 
39 : 38 109 80 144 246 234 36 57 55 223 228 63 164 155 199 181 83 166 68 145 79 110 77 65 239 26 182 72 116 197 217 192 37 126 53 152 226 41 96 45 94 29 161 56 71 177 147 163 
40 : 209 183 153 89 94 242 124 227 163 219 75 92 181 42 244 169 111 173 162 66 126 39 189 179 105 191 171 95 224 33 52 226 161 237 37 77 176 188 140 28 203 208 50 
41 : 191 141 87 136 133 135 180 153 165 89 28 184 123 197 35 200 244 55 202 148 37 206 166 162 132 99 248 110 127 171 176 32 56 205 65 185 193 222 181 188 86 230 174 
42 : 241 162 120 112 110 242 83 233 37 145 222 39 38 125 95 47 65 184 172 66 208 210 58 131 194 82 64 166 109 34 149 220 244 177 27 44 75 179 237 40 219 163 105 
43 : 90 162 230 173 217 114 101 93 79 115 177 165 108 197 65 139 111 77 190 97 239 133 57 245 147 196 50 122 211 76 203 228 182 161 56 
44 : 141 38 216 154 221 117 129 202 240 29 199 126 62 103 52 155 37 27 57 105 139 32 142 136 42 118 215 244 223 111 217 
45 : 196 169 163 181 131 224 103 201 142 59 69 219 101 213 93 149 148 77 82 37 50 215 126 190 78 124 214 84 218 47 185 161 245 70 51 30 33 216 96 145 238 223 157 188 134 127 94 143 
46 : 106 204 202 162 140 68 105 27 83 137 232 222 121 189 96 248 65 50 90 46 158 57 235 145 228 169 186 25 153 174 245 143 179 
47 : 177 230 89 108 211 90 129 62 248 39 73 137 121 25 148 217 171 228 27 185 173 100 36 244 106 34 43 142 161 92 60 160 182 239 103 71 144 79 61 37 198 130 133 96 107 169 131 45 119 135 115 56 208 166 82 
48 : 146 131 187 134 235 65 120 60 119 46 219 191 68 49 214 194 220 213 70 72 174 147 182 61 51 172 239 179 173 140 103 167 104 88 
49 : 222 203 207 163 183 223 114 64 206 100 188 30 120 200 176 219 201 46 88 174 217 172 140 33 195 128 177 175 139 36 62 82 27 98 209 
50 : 44 226 199 25 104 148 85 95 130 214 131 56 187 203 117 225 216 37 175 244 35 107 39 66 135 156 179 106 215 185 51 32 29 119 126 207 38 136 239 31 197 99 89 110 
51 : 137 173 220 79 176 109 96 100 240 172 80 208 76 40 44 180 234 202 245 178 179 90 65 78 166 152 115 237 105 143 177 156 43 95 228 87 129 106 45 192 54 35 123 136 182 98 175 146 29 122 55 203 184 150 
52 : 113 30 159 201 170 72 232 157 199 143 184 105 110 158 111 122 126 240 202 54 229 200 180 109 79 86 163 206 107 233 69 208 203 34 93 162 148 211 108 76 181 31 49 171 195 101 43 56 168 115 84 242 172 204 213 145 
53 : 220 59 226 78 174 206 30 237 221 58 235 48 74 126 77 31 36 93 170 52 245 91 54 182 243 196 202 33 46 
54 : 167 71 154 184 59 144 179 197 204 89 61 234 248 69 151 139 163 57 140 66 43 110 88 181 75 94 138 47 93 241 113 132 68 218 189 78 135 55 46 54 136 97 124 82 159 193 
55 : 213 126 39 85 220 27 152 137 118 31 60 188 148 210 111 149 150 160 52 79 83 73 129 192 241 130 53 182 49 35 145 37 30 95 80 32 38 151 
56 : 38 239 150 152 229 199 163 162 191 156 172 43 106 217 176 121 219 39 27 165 110 240 45 111 57 44 50 125 206 223 166 82 153 83 86 233 241 46 148 96 88 73 94 66 234 
57 : 141 155 150 230 198 63 96 147 226 153 152 89 54 49 36 249 123 232 97 102 86 179 184 204 116 149 163 246 216 236 205 79 154 95 178 207 35 
58 : 157 82 149 42 230 68 186 63 219 203 47 87 227 199 240 155 80 226 133 136 128 56 243 74 113 50 215 25 234 40 204 181 195 170 110 125 70 108 151 169 105 
59 : 224 46 183 133 115 83 227 29 58 174 47 247 66 222 125 164 108 26 205 87 96 42 225 73 195 200 197 81 113 168 170 143 132 139 137 157 57 199 237 114 136 102 30 229 109 233 
60 : 181 107 229 110 86 243 77 222 75 127 153 177 156 185 214 239 28 186 219 30 240 100 63 173 207 206 195 50 199 138 245 118 31 148 192 154 92 95 84 88 160 106 197 230 85 246 150 91 113 119 231 157 211 212 136 194 
61 : 85 32 163 227 100 51 212 236 35 130 215 136 108 117 36 217 226 173 46 194 76 152 233 146 75 182 121 54 205 34 101 201 155 238 176 38 161 214 192 177 82 132 67 49 
62 : 222 102 153 70 56 156 55 235 121 237 122 223 177 80 62 189 50 142 215 205 73 206 26 130 220 198 131 216 218 213 230 39 95 111 184 225 133 120 188 78 60 141 246 240 28 53 212 211 108 48 178 204 150 128 33 
63 : 141 124 79 244 60 185 127 57 186 43 85 144 158 38 133 121 211 191 249 210 134 83 98 61 239 202 221 217 36 84 122 97 214 65 88 92 136 135 100 
64 : 60 40 170 243 161 36 64 125 160 234 70 196 61 229 112 42 180 39 123 198 183 173 194 157 235 186 101 79 25 134 237 120 241 149 96 92 110 218 242 115 246 99 156 105 69 165 
65 : 219 103 160 83 189 185 136 236 210 241 173 29 69 244 228 229 50 81 238 58 246 127 143 120 53 226 183 216 84 179 67 116 66 32 168 146 51 132 91 86 158 178 135 172 208 211 245 65 150 129 204 
66 : 167 187 230 227 191 129 248 53 161 174 55 102 226 238 162 225 43 77 154 50 128 247 88 39 142 36 74 106 98 195 86 100 234 224 85 32 212 91 38 79 113 132 235 64 119 237 133 108 31 96 176 163 95 121 232 210 
67 : 131 233 212 102 243 199 120 122 228 127 204 210 52 61 150 224 128 195 105 208 198 200 26 184 226 114 40 231 241 197 
68 : 105 147 131 226 49 127 228 213 70 118 207 235 61 65 143 164 74 98 230 129 67 80 32 55 85 137 190 79 171 39 177 216 112 140 165 43 73 196 219 114 
69 : 162 190 181 182 55 97 132 76 220 221 160 99 68 53 52 110 167 25 121 101 157 189 107 35 72 163 92 180 193 246 62 36 156 226 77 63 173 118 30 
70 : 139 211 70 131 241 39 43 144 180 170 115 235 143 52 220 205 95 157 119 148 128 237 59 25 141 77 208 100 172 188 38 249 
71 : 235 219 103 105 86 57 193 48 61 231 81 140 42 188 58 116 162 98 246 181 169 35 78 216 213 209 31 139 55 174 241 56 126 227 223 100 38 168 94 106 107 221 89 117 104 80 33 135 187 130 28 
72 : 156 217 216 183 146 101 76 97 153 176 202 48 248 82 26 59 61 110 33 139 157 46 111 184 83 42 158 52 129 
73 : 93 217 247 42 128 60 105 96 194 179 204 209 234 233 65 212 241 95 183 49 244 118 186 110 44 222 172 53 249 207 142 114 108 62 33 109 201 208 76 210 169 63 102 200 86 122 55 115 71 111 
74 : 46 157 109 245 189 194 148 35 149 107 242 42 217 33 168 178 249 220 57 53 135 232 130 230 77 197 227 90 63 175 43 153 105 47 234 213 72 215 40 247 
75 : 99 73 129 149 199 190 188 58 83 112 208 48 106 221 110 197 103 249 116 148 136 126 92 144 238 89 121 229 131 108 151 95 247 80 233 147 163 
76 : 30 75 198 69 27 159 76 113 222 45 107 171 200 122 152 151 194 125 32 98 70 87 94 54 84 46 226 110 79 203 96 91 169 166 136 
77 : 218 228 124 150 152 205 244 53 211 39 77 242 167 207 151 84 191 86 59 30 176 108 75 139 123 222 236 153 46 122 216 231 186 161 115 147 80 178 243 87 83 68 141 90 
78 : 31 172 70 121 164 92 84 112 185 225 158 94 135 73 180 218 231 50 176 79 187 216 192 181 106 145 109 96 234 39 179 204 36 160 74 131 77 227 228 102 42 81 242 223 99 139 32 46 148 66 93 173 171 129 213 122 
79 : 31 143 237 202 163 53 201 243 82 194 26 122 94 75 242 178 112 51 48 130 145 27 147 106 113 184 80 85 187 104 128 33 151 
80 : 63 103 64 99 236 233 34 201 225 25 185 107 65 116 75 92 160 166 202 231 94 210 26 156 113 207 141 42 229 215 241 211 47 115 173 91 249 45 66 39 214 68 87 127 55 60 85 195 
81 : 123 131 239 44 210 242 137 116 230 207 247 233 30 77 36 189 49 83 103 226 133 162 114 68 175 28 191 42 240 243 171 105 159 142 96 40 152 190 127 46 
82 : 220 70 204 75 247 84 99 194 63 246 248 119 177 165 144 193 170 101 81 180 138 216 27 211 222 74 60 93 201 214 198 121 64 141 242 136 125 209 202 171 161 39 190 65 131 112 78 233 69 97 213 215 219 
83 : 30 236 192 164 149 180 187 62 227 229 126 152 98 155 43 147 124 233 223 156 132 195 228 88 121 226 166 119 57 75 116 136 173 
84 : 40 164 82 37 93 234 106 146 238 70 183 55 195 126 172 162 91 247 165 155 154 229 58 92 246 130 60 36 59 197 206 111 39 236 
85 : 228 67 59 50 183 220 137 29 173 246 177 99 94 147 113 192 162 139 202 150 122 71 232 210 247 169 97 82 172 145 116 120 110 74 132 101 66 130 231 129 242 108 111 198 28 248 170 199 114 161 156 223 
86 : 148 56 167 132 81 126 93 82 29 239 67 35 59 223 226 116 229 134 117 175 97 210 201 214 207 222 185 
87 : 99 128 182 199 159 127 48 29 215 188 223 105 125 242 177 97 32 226 116 73 154 112 124 96 170 
88 : 177 117 233 186 132 243 192 153 232 52 56 76 73 154 45 204 99 111 220 136 194 180 109 119 164 28 239 66 33 161 62 26 
89 : 36 155 90 240 201 176 145 152 28 41 189 174 225 80 92 101 27 207 39 68 82 130 227 86 150 61 184 197 26 123 
90 : 195 232 73 118 125 74 108 184 205 235 233 63 25 26 37 119 113 114 183 200 237 141 187 72 182 247 191 134 222 
91 : 239 72 92 122 37 231 98 60 192 243 213 170 169 87 211 118 74 84 248 201 105 171 128 168 202 155 70 77 41 161 30 52 
92 : 80 74 148 125 216 183 130 122 205 85 51 68 245 196 201 120 215 111 222 173 31 134 185 166 27 45 43 177 117 97 230 181 39 200 213 191 34 175 146 202 58 168 136 84 30 52 192 86 143 187 
93 : 196 160 167 216 52 54 67 74 145 86 75 26 69 59 124 45 217 236 238 98 96 99 142 150 66 165 204 97 71 31 242 107 
94 : 33 180 212 213 93 182 127 64 206 100 174 193 217 86 210 59 156 132 60 84 52 104 219 25 28 163 110 103 120 208 117 146 99 207 43 41 
95 : 73 108 170 195 51 40 192 155 41 129 225 161 199 71 219 174 125 65 95 140 211 53 198 136 68 83 25 124 180 172 153 97 131 234 119 138 78 233 227 115 59 191 185 212 189 220 164 90 210 163 111 45 
96 : 237 121 246 86 192 220 170 38 199 165 140 36 167 51 141 134 82 50 99 205 244 87 248 62 152 119 198 116 96 197 123 94 112 90 76 68 242 58 113 201 211 97 35 27 79 166 226 154 83 107 227 
97 : 143 49 115 162 200 205 97 215 119 191 81 96 163 58 154 233 29 160 184 214 90 240 114 103 241 64 234 127 50 197 227 129 161 170 245 121 
98 : 50 131 69 164 125 79 182 95 150 227 222 235 190 30 100 215 42 166 48 52 155 105 240 64 133 165 170 134 122 174 183 
99 : 178 53 167 238 175 74 63 231 198 51 55 49 241 150 168 154 146 59 166 189 148 194 227 152 218 47 201 35 159 
100 : 85 42 103 132 53 98 190 156 64 30 65 189 127 203 129 119 249 206 78 104 233 59 216 173 100 92 73 213 207 93 149 40 192 219 236 246 140 136 185 153 229 199 125 
101 : 214 32 234 101 115 64 189 133 215 160 146 82 149 84 227 39 92 111 65 188 207 25 174 66 37 236 29 69 185 80 81 139 
102 : 121 223 31 186 193 237 231 142 190 199 87 187 229 115 78 119 198 184 57 25 234 58 135 98 124 106 214 89 63 144 213 243 
103 : 241 238 85 209 197 248 123 43 231 162 45 174 247 200 196 94 138 187 173 84 27 107 124 201 243 41 100 65 
104 : 212 137 155 249 195 228 227 30 97 171 52 199 141 64 112 45 33 162 220 46 240 34 28 84 235 72 179 127 160 50 151 203 124 242 
105 : 144 106 237 28 118 87 196 236 217 153 241 163 40 73 231 165 45 94 148 88 64 222 198 93 145 177 120 46 111 31 36 230 216 114 27 61 204 240 115 161 81 103 176 34 232 59 243 203 151 150 157 180 
106 : 33 162 50 135 158 136 193 174 236 120 168 28 55 108 26 226 107 186 69 240 231 43 101 146 35 59 41 176 188 149 68 241 90 198 152 167 96 213 205 
107 : 144 125 191 138 53 66 240 139 245 163 209 229 233 107 91 203 25 75 106 221 129 74 197 164 46 71 116 182 89 43 215 100 111 122 151 179 147 82 76 243 228 113 
108 : 66 108 140 100 243 115 94 55 128 64 162 166 50 171 240 52 69 76 60 236 101 103 156 192 84 154 239 90 32 216 88 47 231 106 131 198 31 206 207 33 111 85 208 80 95 175 146 91 234 188 210 78 213 74 127 126 
109 : 237 64 65 249 110 75 211 87 60 25 132 79 138 31 58 193 96 239 127 48 57 165 232 202 82 141 241 246 176 54 177 154 166 42 104 71 146 
110 : 196 94 157 27 142 241 98 100 87 177 105 211 67 50 147 229 240 127 97 190 184 110 206 227 165 64 182 226 28 183 47 77 
111 : 188 246 127 151 33 221 182 187 213 218 135 51 77 120 200 165 37 172 150 84 31 34 183 27 138 
112 : 141 223 86 93 144 180 58 95 111 218 46 115 200 195 132 96 248 177 25 156 243 165 42 241 54 238 75 155 246 233 182 163 90 106 30 113 84 66 217 34 116 216 
113 : 190 178 132 223 187 107 118 95 210 87 248 65 189 226 170 136 157 241 40 175 146 156 82 235 56 171 135 42 128 206 32 114 46 188 66 169 
114 : 197 231 158 135 126 230 150 155 169 216 77 95 172 108 212 235 222 214 86 144 157 37 236 149 227 53 162 114 47 165 82 241 127 
115 : 41 76 121 230 92 73 205 214 79 106 203 113 187 151 91 47 232 182 86 172 198 163 26 183 243 196 36 174 29 168 66 46 58 102 173 77 139 78 42 189 97 40 120 43 35 55 244 170 210 49 147 143 110 130 186 246 
116 : 216 182 137 220 179 222 210 125 152 234 38 213 166 244 249 150 162 76 85 191 108 43 102 133 142 225 171 119 204 56 35 33 69 47 93 236 153 196 132 90 45 190 61 68 48 215 111 157 98 84 62 146 63 165 
117 : 113 249 147 71 235 202 171 87 31 203 43 25 214 44 223 84 58 47 56 160 177 205 32 144 169 156 
118 : 56 84 128 162 82 92 153 31 35 61 216 186 237 75 80 156 48 244 223 27 204 28 177 30 230 189 236 165 55 197 171 76 88 172 67 
119 : 174 63 190 138 123 46 166 165 228 111 181 209 151 87 157 234 121 169 90 144 134 233 124 210 59 29 37 152 64 230 222 214 54 220 188 113 183 70 110 238 
120 : 157 32 61 235 86 160 41 154 186 210 241 93 167 142 221 232 146 49 211 29 38 130 233 36 34 231 124 102 147 244 90 
121 : 242 56 51 180 25 43 48 145 111 184 72 57 80 121 64 78 125 189 193 141 30 223 53 232 201 100 112 177 215 214 
122 : 83 91 67 229 105 53 155 33 176 214 145 58 68 212 56 61 47 213 100 153 168 242 114 126 109 189 63 52 190 186 199 
123 : 230 242 157 173 91 44 116 94 153 143 168 55 48 84 224 82 174 130 234 179 141 93 216 150 233 162 33 247 183 248 204 77 96 170 246 163 100 158 26 
124 : 142 51 93 106 163 235 94 228 42 132 25 233 181 151 96 150 99 28 184 91 194 219 44 95 107 158 104 116 227 224 37 61 197 193 
125 : 87 178 144 101 210 176 185 80 30 135 195 215 186 216 88 197 68 223 89 143 208 224 92 97 95 130 133 149 78 38 102 160 121 199 53 81 115 188 207 171 148 137 226 230 173 159 249 126 55 198 33 152 246 202 235 63 
126 : 55 166 37 163 126 162 100 45 150 73 135 107 128 200 224 144 93 28 169 48 43 87 221 152 149 239 111 201 68 156 109 72 34 137 79 53 95 58 138 25 44 227 
127 : 118 32 148 34 144 158 153 94 80 209 201 150 113 207 170 119 78 120 244 84 149 157 29 85 225 109 98 81 131 163 189 52 245 87 198 208 123 203 202 102 133 237 47 217 121 60 235 37 246 61 222 
128 : 63 245 48 53 57 76 109 140 79 178 80 137 141 127 159 34 209 232 105 157 86 96 207 100 32 239 171 167 62 64 145 247 103 191 234 115 
129 : 108 175 217 122 64 232 34 128 201 224 172 246 148 149 115 181 131 56 133 154 202 77 243 26 95 189 129 193 179 153 215 209 135 111 223 71 90 239 119 147 187 93 51 84 174 196 103 136 85 91 73 125 
130 : 105 154 45 115 205 51 90 206 85 219 203 76 113 198 107 179 120 54 187 208 211 151 150 180 207 235 153 249 169 139 30 62 
131 : 53 238 73 167 107 243 168 230 147 55 192 28 79 163 224 155 184 226 38 182 161 33 86 142 134 193 37 231 248 154 143 74 96 202 146 145 115 169 180 120 69 166 217 25 225 221 92 67 144 228 85 200 153 40 
132 : 193 50 201 249 96 93 176 60 195 168 214 86 134 197 184 137 78 229 36 126 58 100 98 150 47 132 158 57 104 215 194 113 111 79 112 183 119 45 178 37 29 54 61 
133 : 98 134 72 61 119 205 181 191 217 165 242 117 168 229 162 69 133 71 198 101 109 96 56 166 190 94 84 241 224 201 153 
134 : 96 70 26 140 67 229 238 236 88 29 194 187 107 114 198 109 226 145 119 75 84 184 123 246 129 
135 : 244 197 210 61 54 199 133 183 162 143 186 187 48 245 218 102 137 153 192 91 83 202 138 240 87 108 229 195 73 184 175 156 121 232 32 178 46 189 142 191 
136 : 67 75 58 151 143 134 96 156 120 65 72 215 108 180 178 152 68 150 110 223 167 45 53 73 160 100 244 111 235 129 84 38 25 34 128 170 230 179 124 43 232 166 155 30 142 119 237 197 206 140 94 126 196 164 81 210 
137 : 64 152 189 26 175 72 156 79 129 51 211 159 56 85 154 140 121 80 206 227 228 104 151 248 76 120 138 127 
138 : 60 76 33 37 127 47 82 86 216 234 182 85 134 56 221 125 178 167 111 149 205 194 244 43 55 197 
139 : 37 199 190 155 146 134 164 120 80 66 59 38 176 168 194 162 96 75 179 159 195 224 107 81 182 240 92 127 48 244 26 218 242 69 171 210 73 125 215 248 31 94 65 83 108 106 
140 : 175 53 240 199 41 101 212 229 179 161 112 154 167 247 128 224 63 142 133 120 111 68 177 241 225 77 119 35 78 201 70 198 243 151 51 148 56 132 248 146 131 87 139 122 205 159 60 38 143 121 218 117 
141 : 111 88 129 70 237 179 223 117 187 49 39 108 28 236 43 85 105 55 37 115 186 205 158 124 215 
142 : 184 144 183 80 45 137 165 209 110 217 176 213 51 113 191 102 68 200 161 77 199 204 120 143 238 158 
143 : 239 44 160 190 220 154 162 55 100 32 53 37 92 106 31 158 63 163 147 236 30 130 161 198 90 132 119 177 232 149 71 229 153 194 195 
144 : 87 195 36 229 84 236 188 216 135 37 106 215 187 209 62 249 63 122 108 88 72 69 160 101 29 132 104 183 82 146 126 222 144 189 158 94 141 206 114 179 151 115 26 
145 : 55 84 45 112 177 131 115 142 249 169 214 65 161 150 134 188 105 116 85 218 237 42 246 29 97 247 40 175 27 164 245 25 43 66 108 145 48 37 122 155 114 181 89 206 110 241 185 127 91 202 159 
146 : 115 44 244 145 169 159 184 89 197 238 32 42 128 207 232 215 157 212 172 198 118 161 186 247 178 192 30 217 121 69 
147 : 89 139 169 52 246 144 132 221 165 31 79 77 239 66 205 138 130 55 181 94 198 238 129 157 36 232 158 134 235 39 172 183 135 83 32 217 70 234 119 90 
148 : 163 87 38 57 73 148 196 230 41 160 70 156 140 176 219 105 124 162 50 200 31 227 96 32 91 29 137 225 147 121 80 
149 : 249 34 234 111 183 32 76 26 236 145 47 244 125 95 246 212 128 157 68 122 127 215 228 72 100 120 74 119 81 91 136 208 146 84 75 224 92 211 
150 : 220 235 202 156 126 80 83 238 249 142 100 110 196 50 240 204 79 157 69 92 132 40 46 106 75 216 26 189 168 179 232 57 73 61 103 194 119 188 91 113 195 51 107 
151 : 81 184 132 197 222 203 231 96 171 149 233 141 201 83 101 136 213 147 245 238 44 84 166 138 92 105 
152 : 44 124 65 182 98 94 164 213 39 197 145 111 202 147 173 218 56 35 102 193 191 233 210 186 205 225 231 115 226 52 169 58 29 55 122 90 119 138 157 208 242 87 129 121 
153 : 209 240 141 201 223 105 248 121 194 205 56 106 241 84 154 32 119 113 203 180 83 96 173 193 102 237 89 214 249 236 130 95 162 108 188 78 134 143 185 226 104 156 64 168 62 72 169 
154 : 213 164 40 198 243 239 114 74 143 120 205 226 241 135 63 148 144 242 240 86 212 215 91 55 147 76 211 93 38 171 238 59 187 207 46 27 236 225 195 99 229 163 
155 : 94 88 165 93 118 198 161 224 247 128 120 66 236 95 175 37 85 200 45 219 245 143 239 223 78 34 74 155 55 124 
156 : 105 187 200 47 61 80 145 134 102 116 139 100 120 33 128 146 59 163 74 242 209 84 248 171 127 88 40 235 136 199 133 147 115 118 75 107 66 149 159 51 87 
157 : 157 69 62 197 139 227 195 217 90 201 61 161 53 107 28 80 57 151 242 45 73 224 71 135 103 68 99 102 34 136 
158 : 126 189 161 210 240 72 198 49 61 185 247 149 181 158 143 92 248 242 239 50 112 69 230 144 172 26 209 
159 : 204 45 38 152 179 231 211 120 44 102 114 32 192 168 47 77 97 151 98 48 127 55 104 189 58 230 37 232 136 248 73 135 134 57 163 34 31 35 173 164 165 87 129 
160 : 154 91 172 38 33 32 238 230 156 74 80 152 65 214 178 249 168 239 181 233 243 202 41 75 35 196 61 215 132 248 27 67 194 
161 : 249 69 123 199 46 134 56 173 184 191 119 28 163 201 190 49 232 81 87 59 51 114 116 187 100 132 198 147 221 68 219 57 204 237 195 194 102 38 106 
162 : 166 148 106 25 204 221 49 211 248 79 64 126 36 118 37 44 87 67 243 46 42 218 151 164 130 76 169 95 100 63 186 
163 : 160 64 27 177 89 34 127 76 44 133 162 142 209 132 77 219 70 98 65 155 36 176 48 173 146 73 59 169 227 200 
164 : 43 206 27 154 198 176 182 146 72 93 77 166 153 228 74 219 185 207 223 121 73 131 230 135 174 168 37 52 227 178 104 84 244 25 137 221 243 155 102 211 83 203 51 226 125 126 133 60 94 
165 : 115 33 141 237 86 44 174 122 53 208 199 45 121 233 165 171 170 59 132 49 240 67 148 153 127 248 28 247 110 173 156 57 
166 : 141 73 102 86 108 245 52 123 64 224 227 69 195 249 71 37 99 100 165 81 105 236 154 122 234 147 34 92 208 53 168 85 51 219 155 212 74 185 126 26 228 90 198 135 207 47 115 144 189 67 38 140 182 
167 : 58 172 249 182 82 149 228 206 40 57 66 70 109 221 244 152 243 102 214 62 132 26 39 136 248 146 208 230 163 147 217 189 205 96 193 54 171 106 233 225 148 162 126 216 104 29 101 55 99 77 232 
168 : 242 63 82 166 131 85 172 71 32 59 111 92 188 224 69 190 47 204 60 46 168 234 225 35 31 42 87 109 248 26 137 218 167 68 122 34 151 130 173 249 93 197 233 205 140 223 28 90 113 132 196 110 156 72 
169 : 211 237 132 95 140 115 190 31 146 166 47 34 243 78 187 49 28 85 161 150 212 241 172 152 183 149 236 61 129 171 38 139 33 186 179 117 159 160 46 157 239 67 142 223 111 145 97 113 245 76 213 208 
170 : 102 220 169 60 117 144 40 37 66 236 87 38 96 185 221 248 69 78 100 58 201 94 27 53 204 98 50 206 178 249 205 63 113 138 245 168 31 41 172 243 30 76 214 231 127 209 105 174 247 
171 : 81 233 227 223 129 160 52 164 126 130 112 206 237 234 154 73 127 64 95 159 114 168 40 98 104 179 152 122 148 214 123 203 105 221 212 193 34 87 103 69 44 46 196 118 32 29 213 184 245 175 75 225 208 182 180 117 
172 : 119 154 246 87 124 59 204 131 132 88 175 91 220 199 224 83 178 143 179 208 33 108 146 216 159 35 138 133 77 73 181 64 240 163 117 76 144 70 228 243 156 247 227 61 104 241 41 
173 : 188 34 184 59 175 63 242 79 131 198 187 144 55 101 92 220 189 170 233 110 128 105 100 234 249 240 166 172 106 139 29 107 80 211 120 33 112 53 236 248 72 25 122 151 213 191 77 179 141 202 208 87 
174 : 164 130 61 222 82 158 212 47 129 229 39 186 105 89 100 195 187 140 55 159 120 202 113 245 168 234 226 146 175 57 173 
175 : 124 242 173 110 142 74 188 56 84 193 112 143 229 125 29 214 55 119 72 39 81 208 118 85 237 37 183 43 192 236 145 123 196 171 159 62 199 47 51 58 48 206 234 133 151 138 49 163 100 
176 : 105 107 226 130 212 122 159 88 52 153 181 26 117 76 57 151 28 136 146 240 249 225 167 111 68 158 80 228 238 132 79 38 35 91 174 67 150 172 58 241 152 177 139 62 201 36 97 
177 : 177 145 206 135 225 149 207 97 45 90 139 204 38 165 67 44 119 43 75 31 178 212 37 243 140 220 124 
178 : 27 155 186 102 77 196 226 151 183 110 122 120 32 40 29 166 111 103 164 247 176 133 92 62 107 125 216 153 150 197 50 74 181 245 93 195 54 105 148 173 42 52 190 57 135 58 131 45 31 37 185 218 91 96 99 145 
179 : 203 210 84 194 188 153 43 231 57 80 97 156 40 70 27 235 205 198 101 227 234 103 59 138 230 72 78 94 200 166 41 71 25 221 85 141 171 124 142 238 212 196 135 155 42 95 75 143 208 129 123 
180 : 209 76 94 51 103 208 91 64 38 132 153 134 83 217 35 43 145 129 33 54 77 28 113 224 158 219 25 63 114 191 163 203 117 183 168 215 162 216 57 66 53 74 126 187 146 174 125 65 214 184 61 82 192 226 164 49 
181 : 33 232 223 158 76 225 129 31 124 134 109 96 72 55 215 176 164 144 202 238 91 63 220 208 114 249 46 108 182 204 29 34 191 
182 : 69 191 153 78 62 138 32 68 80 46 27 167 65 162 74 178 50 85 137 151 156 93 34 40 188 245 39 184 59 104 200 182 44 140 30 
183 : 100 218 79 190 248 211 31 45 194 106 234 225 196 193 230 219 41 54 99 77 206 80 232 55 62 50 221 118 174 220 37 175 142 71 125 213 69 176 49 138 42 
184 : 233 227 88 136 193 39 206 204 196 85 99 209 163 121 135 44 101 94 151 43 90 32 113 122 83 238 118 52 114 84 40 188 105 225 142 96 152 230 174 
185 : 159 32 121 190 100 41 196 133 151 228 140 246 175 204 138 46 222 208 221 52 114 102 55 189 106 53 39 225 165 64 65 177 224 201 44 217 120 37 154 245 
186 : 183 208 83 244 175 191 99 242 132 167 42 240 171 169 64 151 218 33 103 141 66 98 89 205 127 189 166 196 
187 : 71 100 157 214 166 165 195 42 154 226 246 54 130 63 81 224 38 76 242 152 218 178 193 109 142 215 104 88 68 229 209 156 234 220 151 182 161 
188 : 163 100 210 230 178 143 241 127 246 112 90 182 28 117 41 221 225 148 33 244 49 95 181 27 47 77 58 82 170 164 38 223 89 239 201 179 187 168 175 130 131 132 215 120 219 68 99 52 31 151 44 
189 : 135 231 229 247 193 43 222 107 95 187 190 89 169 30 226 216 122 99 70 47 57 239 177 249 96 61 105 
190 : 67 238 124 121 163 132 69 239 148 84 100 76 103 143 62 83 241 131 72 42 220 120 219 25 233 53 51 48 227 188 178 75 86 192 79 68 47 87 147 157 43 92 198 
191 : 90 158 132 56 244 107 101 247 216 76 144 173 213 186 148 191 116 67 206 126 26 151 91 182 143 233 
192 : 230 97 217 220 249 121 195 197 44 140 153 184 98 75 172 215 231 118 213 32 145 161 130 228 154 114 26 89 127 35 116 235 141 163 40 134 225 110 55 152 56 151 222 82 188 150 74 37 83 30 79 183 124 186 
193 : 169 153 44 164 88 184 220 98 36 202 122 231 193 194 149 143 160 150 238 81 60 206 244 229 225 111 152 226 155 54 31 26 180 34 191 136 27 51 170 219 80 76 53 
194 : 65 108 146 79 238 240 123 224 127 192 162 35 119 27 219 194 87 172 116 114 195 180 206 239 124 100 135 104 204 233 193 105 81 247 144 209 249 40 139 225 149 126 237 
195 : 105 147 232 128 192 72 113 152 102 139 185 120 195 59 55 186 83 133 249 162 227 129 233 70 229 239 145 103 
196 : 190 169 30 138 133 129 172 141 185 70 113 147 242 239 38 156 108 168 42 32 88 151 72 54 206 71 149 97 74 148 87 35 
197 : 231 155 151 84 147 125 78 56 138 232 39 163 187 203 210 130 154 219 196 238 113 100 95 69 80 178 230 52 123 26 189 119 244 109 141 166 91 
198 : 110 53 248 201 82 75 65 171 148 35 190 173 55 136 226 105 139 233 185 175 122 58 188 30 103 207 44 42 189 227 219 216 161 46 192 156 196 28 134 59 41 144 
199 : 218 31 165 213 173 131 211 82 137 118 25 36 147 70 39 80 38 187 114 212 239 223 133 208 41 162 35 141 104 140 136 232 181 27 156 126 235 111 86 224 157 166 
200 : 236 45 82 54 224 197 121 139 154 200 106 196 109 216 53 176 192 119 71 128 126 191 75 127 76 116 199 221 31 80 
201 : 202 176 231 69 215 160 235 206 94 106 112 220 196 155 171 71 101 239 211 111 123 182 240 180 81 73 56 25 247 163 122 138 124 
202 : 213 39 66 132 69 58 149 60 193 239 135 107 79 208 169 108 112 228 214 45 162 98 83 136 41 226 200 109 217 
203 : 143 70 233 108 152 44 246 126 36 159 92 55 189 248 99 123 100 158 230 57 169 181 166 98 170 194 79 186 107 51 104 224 112 45 66 105 155 88 
204 : 119 223 91 56 70 163 30 132 103 40 64 149 110 183 105 80 143 246 51 165 159 245 128 129 68 244 146 210 197 28 185 83 104 46 238 66 55 193 206 114 35 175 79 65 160 164 144 138 87 135 36 176 27 222 145 
205 : 33 200 159 68 36 80 71 181 67 211 226 138 39 227 231 84 104 58 126 72 118 219 120 54 79 198 233 
206 : 249 163 41 26 95 79 121 120 202 166 177 243 129 204 197 171 34 157 92 180 153 94 71 98 198 184 93 72 132 77 84 208 196 148 51 113 54 110 55 
207 : 80 98 149 235 94 190 118 204 51 36 102 31 121 151 77 119 220 164 198 26 200 27 194 45 205 213 177 203 99 95 
208 : 238 152 129 239 93 66 168 74 176 165 81 199 243 175 132 109 200 183 209 144 46 34 188 65 161 125 88 186 97 92 159 121 206 98 58 127 225 202 124 172 153 155 139 62 173 169 146 234 135 82 233 54 149 224 33 114 
209 : 245 114 73 148 134 222 94 215 186 34 144 201 169 32 76 80 90 137 118 58 191 231 240 95 116 108 84 45 172 96 46 52 126 247 105 173 115 139 61 167 113 205 146 104 119 154 31 151 233 49 200 66 88 43 71 79 
210 : 156 126 35 198 186 193 85 74 223 172 59 144 234 165 161 77 84 182 214 52 60 190 48 71 244 249 67 38 173 131 61 166 240 208 176 149 147 123 235 95 114 58 50 
211 : 119 137 243 231 135 113 84 68 215 237 122 225 141 41 203 227 192 157 244 79 178 190 94 46 204 117 
212 : 104 32 40 235 146 109 203 70 102 202 39 161 246 249 206 27 63 178 30 46 204 138 172 208 83 75 229 232 77 243 153 113 207 213 71 167 217 155 226 
213 : 99 110 104 206 168 189 142 147 149 226 233 196 111 69 246 123 211 93 81 77 182 180 235 169 156 127 47 84 213 244 218 154 49 146 64 209 129 46 39 231 239 91 108 44 56 27 148 134 79 90 177 73 97 65 117 200 
214 : 36 176 156 197 76 73 64 170 233 27 104 137 222 133 135 132 205 140 66 114 155 193 242 78 100 30 101 52 221 160 207 186 174 169 159 115 32 150 178 31 33 173 109 107 
215 : 172 131 216 44 227 96 221 128 68 28 58 139 164 79 133 93 95 239 144 107 234 166 173 138 83 130 114 31 230 189 176 231 156 140 112 194 54 122 198 75 87 240 154 181 207 136 202 89 141 155 182 118 214 
216 : 98 125 75 235 212 123 154 130 192 188 72 110 126 121 189 245 162 106 77 68 187 65 239 82 180 221 146 240 41 196 45 30 112 96 218 66 
217 : 135 165 68 128 96 106 218 191 198 177 90 228 99 132 154 34 244 148 26 195 211 202 167 170 111 136 205 234 133 194 52 86 223 105 231 116 89 204 153 127 
218 : 42 30 77 25 51 41 199 105 213 239 200 70 173 82 117 53 102 142 135 81 212 225 185 177 143 119 155 167 27 148 247 36 125 193 157 80 59 188 26 124 137 163 240 172 38 104 
219 : 96 206 69 44 48 224 32 117 64 166 158 141 128 45 168 189 49 70 110 126 187 208 111 59 71 215 122 143 130 207 129 124 248 146 249 169 180 79 222 161 154 230 81 86 151 113 43 163 38 195 240 243 132 135 139 
220 : 165 141 221 125 52 83 231 106 84 140 120 209 167 64 175 123 202 68 216 122 170 181 179 66 183 247 210 176 87 139 208 188 173 49 213 44 71 61 47 95 88 162 206 34 45 121 149 114 38 
221 : 138 82 232 184 143 205 148 168 233 30 110 152 197 66 207 176 187 227 67 109 202 86 183 90 226 158 84 31 211 238 69 186 159 92 162 196 179 77 57 155 204 188 154 123 43 32 240 192 156 29 107 129 200 89 51 153 
222 : 75 68 71 161 93 171 152 156 184 33 84 196 215 181 180 122 131 230 177 217 113 32 55 243 66 60 157 149 69 110 
223 : 174 49 211 166 62 125 145 28 151 184 81 91 35 64 175 134 186 136 53 76 114 235 247 29 36 42 95 165 118 164 63 93 54 224 163 172 123 214 103 61 111 74 223 68 88 98 157 167 
224 : 243 110 160 89 31 114 115 154 88 146 130 111 44 245 144 242 70 190 43 27 77 173 102 94 192 87 122 172 40 
225 : 223 26 41 76 214 73 38 91 211 237 75 152 182 204 228 111 110 122 67 241 172 158 33 107 133 161 40 229 186 165 143 125 27 224 
226 : 234 30 201 165 166 127 131 169 114 196 245 57 27 217 206 116 226 241 102 238 242 112 44 122 167 142 191 236 151 144 248 85 93 37 199 109 200 
227 : 130 200 40 205 217 67 216 124 95 219 246 222 62 25 116 97 152 229 99 213 199 194 170 57 175 33 100 27 241 98 135 139 202 145 43 227 146 94 150 79 48 236 120 189 
228 : 240 99 171 207 105 72 170 36 89 193 201 80 233 144 95 217 103 81 88 131 92 61 126 152 100 213 93 239 140 214 58 101 25 82 168 64 227 30 54 106 246 169 157 27 218 229 90 172 238 46 69 153 108 68 205 
229 : 147 85 191 212 209 163 70 35 224 93 170 62 82 216 49 218 50 210 156 133 26 204 241 143 175 141 211 215 192 42 43 201 
230 : 153 164 54 227 129 245 228 219 198 141 156 56 132 84 95 33 178 234 29 60 222 138 42 146 207 69 82 236 38 185 80 45 239 179 
231 : 167 213 147 78 129 223 81 180 183 132 52 38 59 67 97 110 128 111 230 141 58 162 43 90 77 174 175 135 249 235 39 
232 : 112 157 39 87 86 69 216 58 84 150 140 171 79 48 134 167 119 195 41 180 46 149 162 187 178 74 77 120 27 50 240 249 97 111 
233 : 33 88 173 189 89 75 133 240 175 228 164 95 204 65 165 71 138 156 248 167 112 73 195 32 44 152 233 82 62 171 30 49 236 102 72 222 108 104 225 
234 : 130 86 42 144 57 31 214 201 200 53 48 184 198 67 129 148 237 30 51 209 73 194 47 126 44 45 157 
235 : 114 129 216 68 112 198 243 115 249 182 44 195 66 123 37 231 85 201 51 150 235 96 141 101 163 127 76 136 160 212 245 97 240 229 213 25 30 180 105 175 57 147 
236 : 143 216 154 237 249 195 60 199 185 77 73 42 86 96 221 176 233 35 121 141 118 172 187 155 33 234 227 28 186 197 140 94 168 120 192 48 171 240 75 
237 : 109 144 197 125 175 215 172 112 129 31 87 134 249 238 79 167 150 177 53 98 65 83 121 57 191 212 35 220 27 174 166 30 218 101 90 247 
238 : 136 33 231 181 28 151 52 186 248 246 130 30 50 80 88 58 42 232 163 38 195 131 129 216 69 110 243 220 81 126 
239 : 76 122 168 111 169 64 224 194 62 114 60 156 80 204 212 63 49 120 184 143 208 158 121 237 95 48 206 228 83 46 225 176 220 115 73 77 187 127 236 132 74 39 119 149 107 185 133 154 102 42 91 193 195 70 
240 : 52 186 59 222 48 212 71 114 34 167 206 239 115 199 233 220 229 53 146 149 242 154 54 25 85 235 113 51 178 182 129 89 96 122 190 228 213 151 166 169 81 121 126 62 205 142 231 225 87 156 153 68 101 130 175 75 
241 : 99 221 113 84 62 237 226 171 121 54 55 149 88 181 201 174 26 51 92 39 86 116 129 146 205 147 240 132 186 141 100 245 239 124 234 128 158 172 249 150 133 119 71 194 44 179 216 49 
242 : 244 216 217 80 85 225 86 172 135 55 223 155 102 232 228 170 199 214 149 128 65 166 205 42 125 113 40 99 35 145 203 118 87 96 90 167 230 56 97 112 207 91 239 30 213 57 131 242 246 138 241 209 
243 : 188 101 80 238 224 46 113 58 202 215 247 89 223 142 208 209 111 227 36 182 198 181 226 34 154 207 42 219 173 218 195 119 204 112 60 146 150 194 31 73 74 187 81 148 51 
244 : 148 127 205 137 123 43 172 66 76 119 89 193 90 131 155 100 70 92 214 91 36 26 244 81 231 223 142 136 103 33 60 234 56 151 34 208 72 210 45 163 67 196 175 82 166 211 170 101 152 133 179 206 139 162 93 58 
245 : 27 25 78 35 30 221 197 230 84 163 44 150 125 195 29 240 68 248 138 168 202 209 244 51 95 222 28 116 161 167 196 103 245 223 26 122 119 93 83 205 154 
246 : 89 220 39 150 234 105 90 225 152 169 245 178 186 196 33 238 185 215 211 181 217 147 246 42 161 134 99 92 116 49 76 168 70 120 25 97 155 157 126 121 231 71 26 62 142 98 123 113 
247 : 247 109 178 74 181 50 69 55 114 182 103 52 129 139 186 48 210 183 159 152 130 216 117 71 189 70 104 234 228 151 96 123 177 37 127 78 126 30 212 112 128 218 108 243 136 
248 : 212 90 87 127 113 209 217 158 228 197 48 132 78 169 105 193 36 39 111 57 156 148 179 176 138 65 130 135 54 104 211 144 52 245 92 43 41 190 220 68 64 223 206 66 34 
249 : 184 104 246 186 207 72 168 157 137 158 189 133 35 248 114 53 42 163 54 87 143 122 59 138 123 166 129 147 193 242 190 48 196 156 222 50 159 47 25 199 148 45 39 127 103 91 161 
250 : 119 78 51 50 79 220 179 95 86 194 193 109 104 203 40 64 197 235 77 205 130 90 191 127 117 171 216 58 94 41 244 148 
251 : 121 113 31 146 235 221 184 122 207 227 226 237 100 220 120 193 126 57 165 176 44 209 103 201 240 116 124 123 177 141 36 
252 : 218 27 30 92 44 26 89 204 94 129 128 123 130 76 134 154 164 31 161 143 83 95 194 235 120 96 198 53 113 99 224 122 214 207 36 199 163 84 133 
253 : 233 30 32 94 157 57 35 97 107 26 212 130 223 108 128 133 217 245 31 25 230 214 240 78 221 222 92 39 167 102 115 
254 : 119 189 51 166 229 118 150 244 203 26 175 222 235 56 218 108 209 185 34 93 201 141 58 178 162 78 
255 : 77 108 104 142 183 187 64 38 68 55 42 242 110 89 245 122 198 168 128 189 249 49 143 84 105 155 244 117 159 220 188 43 169 69 216 232 227 149 60 136 218 58 124 211 72 219 221 
256 : 36 204 50 142 246 224 140 164 151 166 247 65 89 179 124 153 113 67 61 95 177 47 215 220 171 
257 : 168 227 93 88 75 249 138 221 63 231 72 176 187 139 45 134 135 30 77 185 105 162 132 39 50 122 74 
258 : 221 71 32 128 93 194 156 27 228 52 185 195 28 231 104 141 202 55 162 215 211 157 244 130 63 243 129 139 142 96 115 208 169 247 100 80 
259 : 96 156 79 49 141 102 159 86 103 128 83 82 32 72 70 186 140 179 151 85 195 203 169 191 100 149 81 177 62 204 197 183 126 107 238 118 99 237 224 165 52 146 111 248 
260 : 31 112 39 116 120 218 66 87 140 236 235 196 206 121 194 30 182 45 122 95 160 157 131 151 247 164 198 126 241 100 78 51 230 83 165 220 177 25 90 81 227 56 
261 : 221 96 65 222 97 237 134 138 89 124 111 150 129 142 249 66 90 165 95 235 164 210 184 175 93 64 94 178 194 47 41 154 205 27 243 36 114 202 201 177 102 127 121 77 49 
262 : 214 73 28 102 42 235 130 197 98 53 119 84 134 169 241 205 155 123 39 207 150 157 195 151 145 185 204 175 62 244 105 186 233 162 43 99 44 154 125 83 206 
263 : 78 160 98 93 156 104 95 184 179 55 231 117 26 92 108 27 74 203 199 134 28 62 122 88 34 60 152 221 
264 : 190 158 81 188 130 111 142 232 97 225 228 205 221 31 91 78 149 156 36 100 215 50 76 248 75 151 206 179 
265 : 221 191 121 224 141 229 27 98 26 228 199 99 101 128 231 240 216 211 232 187 81 151 143 217 235 137 119 207 249 
266 : 120 151 64 207 181 192 48 82 216 109 158 87 211 97 36 145 203 112 226 171 67 56 212 239 30 172 176 51 184 74 126 233 214 66 69 
267 : 164 47 161 193 87 205 79 94 212 203 218 177 200 113 165 241 110 130 38 248 137 34 86 35 43 115 141 133 190 230 166 95 154 157 227 131 175 135 189 144 112 132 93 75 159 173 61 67 228 163 231 69 217 247 155 
268 : 142 227 129 140 101 244 104 201 112 46 220 148 169 80 144 79 237 130 123 55 202 106 92 214 35 127 136 77 199 154 151 
269 : 246 114 207 68 154 144 62 239 70 217 73 181 153 157 112 46 87 133 208 88 97 91 134 93 155 118 177 193 31 168 198 140 54 55 224 159 214 124 39 
270 : 48 101 110 120 204 108 197 84 157 113 50 211 134 66 74 200 80 181 112 63 102 32 118 159 163 206 185 232 170 129 143 
271 : 123 79 219 33 157 60 93 194 221 68 65 55 106 52 239 137 132 185 169 193 94 192 155 113 37 177 211 184 154 62 242 130 112 102 218 115 176 121 248 122 66 96 125 89 228 152 191 174 182 215 67 107 198 
272 : 28 64 61 173 183 223 242 208 120 76 195 219 79 221 60 150 59 101 36 94 193 154 153 229 180 160 107 31 192 69 66 216 55 25 139 146 209 73 206 194 213 156 43 205 103 144 201 100 53 91 244 135 48 186 165 49 
