0 : 89 97 113 83 202 236 111 60 133 168 232 127 174 103 38 181 224 172 59 84 185 70 220 246 86 130 249 118 112 216 206 223 203 71 188 175 99 66 167 230 30 155 170 219 180 161 142 78 49 126 107 162 39 144 138 42 54 235 166 119 195 137 244 176 116 80 238 173 159 158 178 101 200 248 75 
1 : 113 101 245 203 197 134 152 50 162 175 172 70 69 236 170 144 28 85 87 64 233 95 67 235 208 79 193 36 31 44 191 228 52 73 179 112 43 171 83 106 218 84 167 195 237 158 65 188 244 153 102 75 217 241 124 160 
2 : 245 125 111 201 138 72 47 236 238 161 59 198 121 117 131 46 142 159 202 129 38 99 222 84 139 50 127 103 
3 : 213 138 167 109 189 171 103 236 117 58 91 179 83 133 238 118 96 155 52 161 69 143 176 157 60 246 209 127 40 105 219 210 237 162 188 151 29 
4 : 187 182 34 136 196 35 67 245 221 124 157 217 137 55 215 184 160 224 175 234 163 66 209 189 203 138 85 102 133 78 171 228 79 243 41 131 
5 : 53 200 139 113 194 76 168 148 126 98 230 39 78 83 199 87 176 41 73 152 33 237 141 243 197 161 190 52 107 85 102 29 40 132 66 159 249 147 203 155 30 170 240 134 86 244 25 229 128 101 123 241 248 225 227 218 127 
6 : 45 210 117 53 242 231 218 212 156 109 103 214 226 116 185 206 236 176 61 232 77 34 160 29 82 246 55 30 166 178 165 90 132 154 121 227 25 63 235 241 155 49 141 145 221 228 133 153 173 73 72 181 169 79 217 205 113 43 211 39 36 
7 : 43 66 76 207 36 181 59 147 114 162 142 165 180 148 68 189 156 31 227 51 176 86 74 242 151 174 155 33 214 104 
8 : 134 68 86 162 107 164 193 218 83 235 160 33 241 136 103 237 185 247 246 189 158 202 199 146 156 37 176 50 196 106 238 88 195 82 229 63 142 240 198 125 208 120 
9 : 167 211 139 88 149 89 61 191 196 198 92 69 150 226 227 235 215 68 43 34 128 153 76 237 41 77 106 202 25 192 59 82 162 32 127 186 90 185 239 236 179 232 93 220 
10 : 227 231 208 81 89 100 90 174 214 220 175 61 166 57 221 94 72 194 108 112 126 27 200 116 192 91 138 109 30 218 239 165 191 32 56 204 206 33 197 187 46 228 101 54 92 44 188 
11 : 106 195 52 248 188 68 143 219 192 208 66 100 178 209 122 230 165 114 63 89 80 141 67 228 127 205 118 51 233 236 105 212 232 140 187 103 32 38 42 167 126 130 218 213 40 123 34 175 227 108 60 237 173 129 
12 : 121 191 61 206 237 205 40 246 116 224 96 172 203 218 137 60 48 106 47 37 122 36 181 248 142 51 199 82 163 217 215 233 158 79 73 
13 : 50 35 185 150 141 56 138 229 76 104 93 84 218 186 69 228 223 196 168 120 143 187 152 106 157 219 237 234 99 
14 : 187 183 57 34 80 70 135 35 46 31 102 241 101 206 193 173 92 184 169 131 201 48 77 36 163 127 95 68 246 111 203 134 189 238 161 217 180 122 59 235 237 222 97 120 75 53 207 105 
15 : 101 214 180 231 165 201 112 118 216 35 68 141 217 191 75 139 183 156 103 207 30 76 176 194 121 190 208 65 223 82 177 159 71 202 86 142 78 178 204 51 188 44 137 134 212 169 93 187 34 241 87 224 47 42 186 215 88 129 163 221 161 72 247 37 52 
16 : 203 195 118 194 206 132 85 129 111 166 26 162 110 130 170 91 212 94 211 152 125 75 117 114 126 216 204 163 159 248 69 116 239 138 28 246 124 104 146 112 
17 : 124 246 227 78 109 198 90 33 230 190 236 243 170 135 126 107 203 188 88 195 214 25 119 79 172 69 166 50 220 31 70 45 212 194 
18 : 185 240 110 101 42 96 150 127 71 149 37 121 131 203 144 81 63 207 89 70 246 217 86 41 209 231 122 69 135 132 147 58 140 198 83 76 129 38 111 46 205 55 237 82 220 68 35 138 119 45 218 222 114 65 104 133 64 30 25 94 28 
19 : 62 155 34 115 171 93 218 224 44 241 164 28 194 173 76 240 103 217 25 210 131 223 126 88 129 163 
20 : 179 223 167 159 198 230 132 232 127 80 117 72 201 209 192 239 38 27 151 205 142 195 81 163 126 52 61 202 140 128 31 199 36 121 42 185 227 49 225 156 119 152 75 153 143 88 206 131 242 106 70 107 102 56 37 210 139 221 190 59 109 96 30 57 111 43 78 224 241 53 54 98 46 
21 : 159 78 213 221 158 155 74 196 103 218 239 114 121 116 170 60 83 206 145 209 129 80 58 204 211 100 131 35 105 55 228 222 210 132 238 246 64 69 173 189 177 133 104 232 231 183 241 68 99 174 151 70 
22 : 127 180 154 106 206 124 84 57 220 133 28 70 41 36 122 218 197 35 90 234 75 171 54 147 64 135 61 109 142 202 80 187 225 159 134 232 207 
23 : 66 183 230 58 51 72 229 44 63 102 173 239 70 165 62 215 90 155 148 141 196 170 26 218 194 83 156 225 119 169 64 144 147 45 172 121 234 237 236 184 205 133 182 48 47 249 117 211 222 41 
24 : 161 115 206 74 192 113 155 184 120 202 73 197 222 90 191 141 198 101 137 147 245 231 181 158 42 212 204 216 50 100 122 235 127 97 194 240 98 210 185 54 157 168 238 152 150 205 179 78 75 226 96 218 131 211 143 148 76 
25 : 218 122 248 71 148 240 161 224 214 142 193 168 51 97 201 170 65 196 57 209 188 239 30 35 202 126 
26 : 67 70 42 230 115 210 245 168 148 231 203 156 165 126 145 155 56 65 124 192 82 202 105 188 62 60 236 205 160 131 163 
27 : 242 180 88 240 176 107 97 241 113 77 234 69 67 173 30 147 227 103 175 40 213 92 225 53 224 54 244 123 56 169 214 29 60 142 205 229 149 138 49 58 136 112 99 37 100 246 159 152 86 201 104 
28 : 219 54 157 217 116 223 203 191 107 160 131 83 244 119 176 34 113 130 243 167 129 105 32 27 147 26 77 221 52 39 
29 : 143 161 89 142 206 233 99 50 149 68 221 203 124 60 62 137 140 106 217 211 173 215 158 31 198 167 36 220 185 114 51 91 30 160 145 150 80 98 25 226 96 199 26 218 103 56 162 208 228 144 84 97 45 78 172 155 
30 : 146 229 43 154 155 78 108 216 31 168 172 118 213 81 114 82 237 219 230 98 68 221 215 115 198 59 167 29 217 233 88 112 142 37 94 153 177 139 147 132 66 25 136 119 200 162 178 191 116 123 26 56 137 49 169 196 212 188 235 
31 : 43 58 179 108 210 237 55 78 51 60 26 129 153 133 189 185 194 142 121 180 135 217 208 166 79 175 115 127 93 100 71 67 119 82 247 224 222 169 46 213 125 196 49 231 98 221 92 232 174 91 134 225 130 54 205 128 35 87 171 30 29 72 163 114 106 226 52 117 
32 : 37 101 139 152 204 169 217 149 77 56 53 38 200 64 177 113 124 167 221 172 54 214 46 239 176 134 41 155 48 190 197 205 28 74 92 179 182 121 98 240 223 43 142 188 45 30 193 61 29 58 119 99 159 35 245 247 81 224 184 230 26 210 194 246 128 33 125 105 83 122 106 117 161 
33 : 31 233 123 158 71 26 129 188 96 149 191 77 213 146 197 62 205 40 86 124 80 100 120 204 200 240 181 195 234 209 52 45 241 79 223 36 119 41 27 145 98 220 117 239 164 60 88 122 203 201 189 155 190 219 37 229 69 161 35 131 176 169 
34 : 48 145 152 144 25 120 220 181 169 208 57 219 196 31 180 38 95 41 199 66 230 200 116 51 90 177 223 151 195 201 126 110 134 123 209 106 149 33 185 193 81 243 128 130 55 210 135 187 59 117 105 78 138 157 87 217 194 124 182 236 82 218 
35 : 62 36 198 239 66 228 156 94 79 26 157 208 138 73 89 110 95 117 172 130 247 200 126 191 174 83 185 221 30 212 63 133 164 127 134 52 111 231 99 31 141 232 120 238 236 135 119 233 249 82 136 69 187 152 204 100 106 140 104 142 218 217 244 243 65 53 
36 : 61 128 206 158 187 44 26 185 170 126 218 75 65 151 201 115 130 241 89 52 25 121 219 54 237 162 45 140 82 
37 : 236 215 195 31 46 241 137 169 127 106 119 45 235 76 166 90 43 33 237 109 222 118 71 220 98 30 65 247 57 208 108 223 181 128 197 221 89 35 162 36 66 149 47 132 160 73 101 217 234 80 151 48 230 83 85 196 147 206 74 102 185 28 69 62 228 117 156 143 179 171 141 244 140 150 
38 : 71 38 103 237 165 216 102 33 143 187 219 101 163 249 169 145 247 35 242 160 178 86 229 209 199 94 87 118 192 63 72 228 232 119 104 155 109 222 39 43 172 51 76 175 170 107 131 52 153 236 185 
39 : 167 123 112 196 245 151 229 98 153 224 189 127 139 77 158 190 174 35 154 106 168 144 128 238 135 91 
40 : 114 104 201 95 194 42 65 38 164 236 123 49 208 167 94 93 53 26 112 109 98 154 196 207 67 40 48 105 230 87 77 160 80 78 72 129 158 150 166 30 165 50 102 162 169 173 115 128 182 247 206 138 136 141 212 108 35 229 70 191 28 177 122 151 37 41 231 200 190 179 62 
41 : 73 104 126 171 156 231 181 46 133 225 118 32 140 203 120 39 79 111 115 155 58 247 228 69 208 188 42 48 187 77 212 177 186 241 38 224 145 93 74 102 226 80 43 52 41 82 150 90 81 54 83 201 97 30 44 202 167 229 191 114 193 62 197 35 238 196 123 47 184 139 166 190 71 78 96 
42 : 202 245 242 211 48 162 212 56 61 129 223 138 152 193 201 180 177 175 88 33 62 83 171 176 98 215 139 54 240 241 213 
43 : 180 100 120 200 244 227 97 164 246 64 232 161 92 40 109 196 35 206 242 143 159 132 147 167 149 101 195 212 65 84 124 55 66 187 151 114 228 98 131 162 128 224 34 136 229 47 202 81 186 
44 : 247 70 36 241 62 104 224 238 137 184 41 37 64 175 124 185 249 105 30 102 58 112 113 76 48 173 168 73 243 82 171 88 34 211 166 106 126 120 99 140 33 217 133 26 74 32 232 186 155 197 153 215 69 38 91 95 107 146 139 121 132 97 230 35 221 204 130 142 114 145 
45 : 114 38 215 49 46 227 79 149 74 134 148 151 232 225 231 124 31 178 137 30 133 166 140 82 110 106 36 29 234 80 209 92 216 236 141 172 104 118 222 90 47 171 37 108 44 210 175 81 130 239 103 153 176 244 116 41 211 167 76 194 39 186 205 35 219 157 184 43 122 182 57 173 
46 : 84 53 177 28 68 62 147 45 165 206 65 229 174 176 248 212 122 234 249 183 106 238 245 181 85 240 121 222 55 82 171 216 73 247 167 41 150 192 193 185 118 139 213 114 197 228 31 97 86 71 113 133 187 186 178 77 
47 : 183 156 111 30 72 212 206 165 190 203 116 161 226 59 233 73 32 148 150 185 204 136 49 210 221 31 171 169 57 145 243 51 96 146 216 186 235 
48 : 84 69 160 68 240 236 108 137 42 109 77 203 126 180 40 140 99 121 152 117 96 233 215 102 153 34 168 181 94 114 194 249 101 186 64 132 171 51 37 81 213 83 122 53 169 237 100 90 235 225 88 175 245 141 131 230 139 58 111 223 123 
49 : 89 59 173 183 213 207 49 185 61 43 174 38 171 158 211 80 222 32 31 57 97 94 78 136 145 217 216 150 135 247 228 52 139 210 129 132 79 243 103 54 85 172 142 
50 : 97 141 62 140 133 169 149 241 180 239 49 71 228 222 46 165 148 104 240 79 31 90 188 237 29 113 234 167 168 127 242 249 73 53 40 64 154 136 231 135 164 200 95 139 190 217 152 
51 : 72 151 214 35 28 235 199 163 58 90 229 137 241 61 149 98 118 131 175 220 63 211 159 153 81 133 171 135 196 113 138 122 
52 : 46 50 158 164 33 108 196 245 107 232 67 228 140 83 199 234 159 119 166 175 155 31 104 115 169 55 91 170 61 64 113 
53 : 245 109 132 158 68 76 99 137 169 89 95 228 81 108 33 215 214 234 239 93 247 102 101 244 29 182 194 155 128 179 206 55 50 243 47 230 199 111 56 218 28 151 207 38 91 41 88 213 193 127 39 170 94 30 61 131 87 171 82 152 77 46 145 
54 : 223 76 77 89 178 78 61 121 157 203 177 209 138 48 36 187 205 75 227 111 194 171 136 86 112 51 110 192 224 117 94 238 
55 : 216 49 96 232 40 160 78 64 225 69 43 59 222 199 74 243 234 77 81 112 177 148 118 245 198 31 228 84 194 214 248 171 113 180 45 137 174 185 249 117 240 111 178 150 246 27 158 33 68 238 99 125 70 223 231 186 66 164 28 105 200 
56 : 191 170 98 123 79 136 32 107 218 213 56 145 43 185 206 230 161 129 46 204 131 182 110 30 52 120 
57 : 53 170 249 43 128 202 239 236 71 117 121 238 94 108 80 124 69 244 122 172 219 175 67 99 62 129 81 167 84 198 59 46 224 55 52 119 145 179 144 30 153 135 68 115 28 209 229 113 162 137 206 233 197 48 217 151 63 187 125 58 111 120 
58 : 162 131 194 171 221 240 55 168 52 220 127 100 189 202 26 43 102 205 62 53 226 99 27 50 215 209 187 57 213 91 125 82 119 78 45 42 46 117 181 147 94 235 182 25 179 239 139 95 134 216 191 185 73 242 76 144 118 217 180 89 112 31 32 129 173 233 228 148 149 186 247 
59 : 213 195 114 152 36 176 210 90 109 110 179 76 193 57 26 99 119 247 159 50 184 215 217 226 142 59 189 103 227 178 161 
60 : 26 107 115 226 122 92 49 225 131 174 78 151 130 142 204 247 123 234 176 154 156 147 58 68 105 231 43 241 195 28 166 45 146 209 206 199 160 125 38 83 63 236 75 
61 : 57 26 54 221 91 173 72 98 209 49 62 128 223 131 153 86 48 132 232 120 65 181 183 193 147 108 155 
62 : 215 44 51 95 154 54 182 49 99 91 170 171 201 119 113 85 189 223 243 120 70 83 222 36 79 161 225 141 229 130 209 183 125 28 207 185 241 216 168 116 40 71 69 136 196 178 247 143 188 199 87 65 238 
63 : 117 30 122 42 158 209 246 202 121 168 221 31 25 126 173 66 75 193 248 208 183 165 45 231 235 43 156 114 51 127 167 56 
64 : 135 205 106 154 54 143 41 108 114 155 179 168 228 247 191 242 153 213 172 163 208 186 165 241 147 87 158 237 36 102 123 51 88 137 77 156 31 84 207 95 160 221 120 174 25 149 122 243 60 139 227 58 184 33 141 214 150 110 98 27 109 126 117 166 234 131 177 206 220 
65 : 60 177 41 68 71 49 200 197 195 192 102 156 40 186 161 93 138 62 32 154 242 196 92 152 155 34 72 33 231 43 219 208 79 132 59 140 236 221 134 179 203 97 29 65 133 149 180 238 109 171 146 182 183 36 75 229 116 153 168 76 223 147 77 
66 : 216 164 113 197 52 117 151 129 109 217 128 89 187 135 115 146 84 239 230 118 71 126 136 154 99 148 246 100 105 226 106 
67 : 94 120 130 194 74 128 213 184 92 178 198 227 56 121 215 70 201 117 50 98 42 131 246 185 150 180 158 223 139 48 37 159 148 29 78 26 132 61 229 28 205 118 182 208 161 52 228 
68 : 64 201 47 67 37 214 98 100 196 231 115 227 242 173 112 86 225 150 172 118 111 125 179 121 45 221 146 169 219 120 249 79 241 130 38 230 91 99 236 148 113 156 215 92 48 165 122 183 59 143 70 57 191 153 97 237 208 29 87 217 234 116 39 108 205 40 74 211 
69 : 90 46 120 200 217 226 105 128 88 74 83 99 104 98 186 59 246 202 136 193 49 37 231 100 153 170 26 212 166 107 180 51 85 39 134 123 97 237 163 
70 : 53 153 137 152 189 132 209 239 170 159 62 233 71 38 164 155 143 172 154 109 165 203 207 150 115 103 110 55 65 139 169 64 192 59 32 215 57 135 100 92 214 244 
71 : 138 233 200 110 232 221 220 215 87 97 175 224 29 188 57 92 204 229 56 142 63 152 176 104 163 154 98 166 33 45 90 219 65 231 228 112 44 49 203 162 113 77 116 31 151 159 126 213 
72 : 161 190 191 197 31 192 204 82 229 227 136 207 131 194 87 85 44 223 222 219 147 49 193 97 91 106 246 144 153 240 74 56 166 230 77 167 234 79 221 47 130 76 154 78 71 63 158 216 198 232 35 70 132 113 108 121 107 217 235 179 205 146 189 
73 : 206 172 81 236 238 124 194 66 96 148 58 167 104 92 114 249 178 32 248 71 184 225 158 218 175 145 131 133 171 130 226 30 95 108 224 119 204 154 62 101 213 180 67 230 
74 : 70 142 114 56 222 119 127 198 123 128 129 89 163 82 94 174 176 170 165 233 81 171 130 73 115 39 126 234 79 139 78 219 182 40 110 177 52 152 249 86 67 162 55 95 187 121 240 178 157 183 245 134 210 131 186 
75 : 37 176 221 79 138 150 158 220 198 197 191 215 59 185 189 240 61 50 174 245 39 45 116 66 63 110 169 188 203 133 205 145 213 56 26 46 248 36 96 
76 : 180 205 167 198 220 177 147 218 204 57 49 161 131 70 241 80 58 46 158 223 29 179 244 54 94 103 87 128 213 27 222 138 141 164 34 108 47 61 105 40 73 31 60 210 190 206 43 126 176 157 181 67 85 64 137 63 183 238 93 194 207 134 42 74 50 41 95 202 150 130 84 200 37 149 
77 : 68 72 180 110 111 194 88 204 145 119 166 155 152 239 138 226 154 118 109 229 103 28 158 29 124 122 233 98 186 199 106 165 142 236 163 89 36 69 
78 : 73 158 161 108 168 177 141 137 241 106 149 219 83 212 176 87 113 147 38 217 180 175 223 75 170 185 213 58 62 164 133 40 99 96 
79 : 210 70 146 195 126 237 185 225 34 222 111 97 243 224 245 236 116 82 132 200 149 183 51 212 121 223 145 233 148 103 232 128 120 228 28 100 131 174 186 49 192 27 26 162 130 68 112 168 196 53 219 96 101 238 234 201 248 190 151 32 156 159 153 72 176 216 191 139 
80 : 121 185 156 172 153 100 184 244 83 86 104 108 81 181 95 214 39 222 48 215 235 173 77 125 169 207 71 178 237 57 210 85 123 107 160 183 220 206 102 73 69 221 151 176 52 32 47 56 192 101 238 223 115 28 34 
81 : 170 48 161 212 238 217 58 239 51 211 151 240 102 103 154 118 59 80 165 231 50 137 49 108 38 228 56 78 28 225 223 45 245 198 47 100 158 75 136 88 155 109 184 93 116 67 55 101 193 147 177 92 89 121 122 37 72 174 172 31 190 43 229 90 44 249 201 29 236 79 213 194 134 140 
82 : 234 216 142 178 90 202 138 137 144 43 52 110 99 236 36 44 37 149 189 100 186 243 158 150 51 185 249 
83 : 91 187 89 56 213 228 84 100 60 154 102 72 88 47 167 40 25 203 107 231 205 82 39 133 113 112 66 207 173 174 218 69 46 211 144 43 163 212 42 182 103 242 140 190 208 68 59 201 164 61 181 79 49 45 96 222 185 53 214 209 55 
84 : 191 132 160 39 103 119 97 30 27 154 112 155 96 187 44 222 62 126 234 74 34 55 104 249 185 139 92 110 220 70 197 218 143 69 152 
85 : 229 185 196 204 234 246 201 189 208 173 35 129 38 41 236 28 177 247 60 91 83 241 216 138 150 130 127 133 57 225 222 37 46 89 214 134 70 54 
86 : 174 36 161 75 164 43 233 72 166 86 248 151 159 238 133 59 214 122 185 66 111 113 33 101 163 234 135 85 28 25 40 128 156 121 96 157 198 139 112 212 42 104 193 74 229 158 147 62 231 196 98 136 191 168 115 51 79 41 173 89 239 80 131 220 67 
87 : 221 44 165 202 204 117 62 183 180 185 83 179 109 198 130 133 181 110 211 25 41 27 209 234 128 129 171 126 124 134 191 115 113 122 87 75 148 85 156 173 127 89 141 107 168 104 82 248 244 245 145 77 92 210 229 163 223 230 105 243 103 159 70 226 97 84 68 54 59 86 94 71 64 66 
88 : 92 98 247 142 32 189 161 75 68 193 159 118 40 244 169 64 30 179 82 128 225 129 80 173 35 49 29 200 198 50 245 131 212 71 166 88 45 197 93 194 48 242 249 97 207 231 105 203 210 238 83 236 154 55 165 241 216 28 95 91 61 78 43 158 51 157 34 36 114 222 237 66 103 153 
89 : 31 71 94 240 109 245 150 85 173 181 152 25 88 177 220 33 196 70 69 121 63 98 249 55 248 225 226 168 197 157 49 37 162 231 139 174 131 64 75 188 44 195 56 104 112 68 132 103 237 59 135 187 40 128 
90 : 172 112 169 96 65 117 228 54 213 45 237 140 183 246 157 135 224 81 158 229 197 244 154 200 105 156 115 207 146 180 152 230 241 76 82 32 201 80 239 92 189 205 61 114 29 83 174 212 231 192 42 218 107 165 95 
91 : 227 59 136 101 243 223 230 107 85 174 128 103 201 68 206 184 35 65 165 76 63 155 96 149 190 192 87 221 105 207 
92 : 200 172 232 202 38 58 53 184 177 86 75 25 52 199 238 34 149 93 126 206 220 227 106 236 110 246 64 182 163 171 47 127 94 77 221 135 41 176 74 166 204 32 112 143 203 133 69 193 174 209 107 73 180 43 245 196 134 249 55 201 158 76 211 104 
93 : 198 185 117 74 111 34 234 156 66 140 64 52 105 46 121 69 139 166 87 31 77 193 96 143 128 38 235 137 223 133 97 178 231 91 48 124 90 158 101 136 45 70 108 206 213 230 238 44 219 89 243 112 82 119 47 152 65 109 43 114 130 50 148 113 94 26 107 199 
94 : 153 145 78 195 89 243 117 101 169 160 56 167 157 119 147 124 236 123 76 126 105 228 60 186 102 239 96 53 163 214 202 90 48 83 181 224 134 227 182 216 189 241 152 183 121 196 175 74 245 211 41 151 205 49 234 194 120 91 103 80 168 67 35 79 235 95 
95 : 120 102 178 46 30 177 104 72 70 41 237 32 182 249 215 25 36 186 33 189 245 93 166 69 211 213 99 110 201 214 233 155 71 190 107 27 67 109 127 235 141 62 168 95 220 192 111 38 148 160 86 59 244 45 68 243 184 200 40 79 82 73 92 114 53 130 125 55 171 146 
96 : 86 160 186 139 78 44 208 178 40 213 175 29 189 41 113 125 38 92 197 236 53 84 39 126 193 119 69 249 203 196 161 243 51 90 202 144 201 232 237 209 55 123 102 162 132 145 244 231 26 228 27 73 58 43 166 176 34 95 148 182 164 68 150 223 42 170 192 222 147 206 174 
97 : 97 246 30 119 123 108 202 46 227 245 173 230 125 42 114 217 207 132 83 69 154 104 213 126 222 152 33 223 130 54 102 
98 : 98 67 94 100 70 135 81 69 56 198 90 196 82 187 169 144 195 125 38 101 114 35 163 139 185 27 85 112 223 209 106 
99 : 97 206 53 164 117 230 57 105 213 44 246 212 179 226 195 92 37 136 27 67 176 156 49 76 196 46 109 65 102 60 55 47 143 96 193 232 120 222 174 51 162 153 72 192 146 239 121 209 78 130 80 34 110 28 166 70 32 45 236 98 191 107 167 
100 : 127 200 63 105 76 142 28 188 81 46 243 133 247 160 92 240 99 205 139 79 117 187 246 87 212 77 36 231 88 184 56 166 118 86 179 53 177 96 229 226 218 186 209 207 85 155 197 148 234 
101 : 122 79 166 217 28 86 239 96 85 233 84 234 191 200 69 168 36 61 237 222 27 157 82 133 25 230 62 106 232 159 249 73 139 35 38 32 213 201 155 52 111 
102 : 64 79 29 116 178 82 231 223 211 142 104 91 227 246 132 111 109 225 27 145 155 199 114 74 76 60 96 103 71 83 181 61 115 138 75 41 144 39 173 117 101 188 84 133 149 33 208 53 245 230 124 243 
103 : 197 163 82 104 81 54 52 228 244 202 147 71 135 121 73 101 232 141 34 132 70 83 186 170 212 47 169 33 161 60 241 97 45 69 203 233 92 41 110 51 126 96 167 84 143 67 123 249 139 154 144 103 199 63 76 124 236 100 26 216 165 245 211 155 190 188 
104 : 57 44 101 199 233 72 33 157 196 25 130 181 137 41 135 167 42 127 195 245 188 219 183 238 170 235 64 31 93 172 243 52 215 111 247 186 249 85 27 180 60 
105 : 148 193 46 93 107 53 237 37 145 131 201 155 206 25 173 165 92 113 245 99 139 234 231 186 143 90 142 106 63 177 190 86 150 44 64 94 227 55 187 226 238 239 32 220 216 249 76 182 91 172 87 212 108 52 
106 : 207 92 217 119 220 101 100 193 66 197 238 73 31 42 36 118 189 43 159 243 113 98 29 156 227 64 234 104 145 80 112 161 154 123 128 190 195 102 97 48 237 176 46 158 206 62 239 55 124 125 249 143 49 185 142 216 57 
107 : 227 111 123 149 109 228 198 247 74 30 78 155 158 77 102 195 163 32 224 222 136 53 116 196 131 50 151 249 113 28 65 80 138 44 207 48 68 234 208 43 206 199 178 56 194 193 143 197 236 202 35 221 100 47 106 165 189 233 73 188 156 134 171 215 
108 : 189 124 120 200 249 28 72 173 168 75 154 65 240 55 57 207 60 126 132 205 247 53 74 92 216 198 31 142 50 217 36 
109 : 145 221 55 132 33 119 73 77 69 121 99 114 28 247 169 206 210 138 129 68 106 38 194 103 153 165 216 25 109 111 184 96 116 137 147 144 61 127 26 104 123 185 205 159 30 42 81 174 90 220 37 100 57 173 198 154 36 211 44 34 50 62 234 40 76 82 197 
110 : 63 67 122 61 193 43 146 37 84 73 197 133 44 65 135 149 137 138 130 144 56 49 232 226 57 213 211 74 86 28 192 75 42 169 30 54 96 94 25 241 121 
111 : 243 182 122 194 42 233 86 179 192 58 55 120 140 46 97 176 157 173 206 123 41 225 118 187 241 204 156 160 214 246 167 200 133 180 230 174 67 248 74 223 183 48 237 227 150 125 26 51 177 201 184 175 61 165 239 36 168 158 88 212 216 
112 : 108 82 34 176 203 245 196 106 130 205 224 188 113 139 213 31 76 70 219 109 227 86 129 121 150 147 28 96 117 146 210 98 229 149 124 162 78 65 222 244 105 195 58 247 144 243 221 135 45 
113 : 212 224 208 50 186 90 27 66 65 40 83 119 95 227 71 195 33 134 125 217 172 153 140 196 89 244 87 148 165 56 91 61 60 74 108 43 170 249 239 245 38 236 188 198 241 243 47 31 182 113 183 
114 : 196 169 30 126 188 209 175 184 104 227 141 142 151 59 109 162 159 234 69 81 170 87 99 167 116 229 240 235 29 212 25 215 108 223 111 247 88 83 203 160 47 57 177 239 195 50 95 75 52 220 72 158 192 238 243 67 217 147 194 156 155 37 80 85 92 
115 : 34 159 207 59 118 249 210 82 225 204 98 240 45 183 95 121 60 101 170 192 211 38 33 199 203 27 83 73 116 237 231 208 126 222 215 114 117 76 177 141 145 58 179 79 197 69 35 195 158 168 77 193 136 206 90 186 108 236 68 
116 : 233 185 124 34 165 41 211 143 218 130 47 138 243 119 180 227 202 217 107 88 229 161 60 44 140 69 83 67 
117 : 104 140 29 36 243 241 65 125 33 92 151 71 131 137 233 186 216 35 32 185 39 180 165 154 106 224 237 164 103 130 166 205 98 240 120 242 82 
118 : 208 108 30 129 66 192 149 194 249 55 215 97 130 244 166 38 243 72 138 32 238 118 181 27 39 203 241 62 82 88 112 99 26 199 219 133 49 132 150 228 206 159 154 170 147 162 188 227 205 42 95 40 185 153 
119 : 165 47 192 102 133 241 128 84 125 200 45 161 244 183 83 36 175 155 230 141 170 71 63 144 227 73 33 242 
120 : 42 191 180 206 27 242 189 140 65 162 89 154 116 198 214 224 243 95 205 152 170 148 46 207 197 231 217 144 171 44 123 246 203 122 227 93 199 
121 : 43 145 209 141 47 158 120 107 148 36 229 182 171 204 154 132 52 165 111 133 54 161 100 177 144 74 189 92 152 58 56 87 67 69 63 146 138 134 220 66 194 140 27 65 78 112 147 131 129 55 227 90 176 
122 : 31 245 134 82 110 145 220 197 132 154 109 83 147 198 86 229 142 135 207 63 46 223 143 81 168 93 97 58 195 153 208 191 57 216 232 146 125 150 189 234 128 34 
123 : 145 92 89 226 152 60 107 110 221 191 117 36 181 199 49 156 209 127 48 164 82 234 244 185 235 138 43 183 202 94 161 53 37 121 116 233 86 97 219 249 241 74 123 163 165 220 203 187 27 69 150 218 
124 : 223 164 151 75 141 140 109 225 180 200 86 31 103 35 64 97 211 68 98 148 79 38 233 199 174 245 227 126 173 243 160 114 96 67 30 237 124 41 139 74 234 249 
125 : 225 171 210 45 223 147 110 142 224 161 182 35 104 152 114 173 80 153 231 207 204 232 143 98 202 25 70 243 54 162 83 121 75 34 116 100 59 40 109 122 241 165 94 108 195 55 74 200 99 36 234 91 174 38 198 193 69 197 220 140 221 120 188 135 76 177 237 92 
126 : 141 49 81 211 71 70 166 125 116 139 74 248 117 229 230 186 226 91 89 161 134 88 79 203 238 150 172 154 182 96 55 111 128 57 45 85 32 205 224 120 197 34 204 209 169 35 97 56 83 123 30 179 36 136 108 178 
127 : 187 26 109 84 107 197 108 221 110 35 113 66 193 223 45 90 27 41 239 124 247 179 178 77 195 241 155 
128 : 59 121 242 123 128 157 68 52 80 56 127 116 225 162 105 226 137 152 69 48 151 91 34 161 234 120 42 78 114 27 133 110 203 109 
129 : 239 122 181 247 147 52 121 73 59 221 207 119 231 204 66 228 39 167 67 198 174 97 186 79 137 106 233 135 89 111 208 136 30 44 104 124 29 95 237 48 187 244 164 168 249 160 27 170 184 114 206 26 76 203 192 87 108 194 92 83 226 110 78 91 183 236 
130 : 167 158 227 223 36 29 193 188 78 178 109 56 226 140 71 111 216 40 119 48 176 115 164 31 63 46 73 125 156 106 191 215 81 148 87 147 225 130 192 27 129 233 44 120 107 110 45 97 69 169 229 92 172 121 222 181 237 93 126 26 217 28 124 143 197 201 155 54 
131 : 105 148 67 137 164 132 171 90 175 183 141 106 216 89 193 230 103 188 161 189 140 36 205 115 60 244 
132 : 148 116 239 79 36 49 68 149 221 222 212 33 246 170 238 209 76 56 61 78 85 206 164 64 144 143 127 235 227 125 50 133 180 211 223 104 146 163 177 45 80 37 244 165 142 86 233 228 178 57 199 66 75 167 136 52 231 229 187 107 
133 : 141 47 215 184 101 149 145 102 64 190 166 170 120 174 202 220 116 165 110 245 159 70 26 187 60 179 27 244 125 51 137 63 77 173 191 115 72 209 143 71 247 196 100 95 203 239 81 192 177 200 197 123 204 229 78 224 188 
134 : 215 58 212 127 163 144 211 146 44 46 31 160 188 180 139 157 154 175 246 170 140 104 65 28 48 
135 : 106 216 85 100 233 50 198 80 35 137 155 146 243 86 46 93 61 152 195 136 83 120 168 231 248 36 101 123 28 226 88 237 39 121 140 209 247 27 208 182 60 145 48 91 45 241 224 37 54 154 67 117 69 53 70 179 196 134 133 89 221 
136 : 180 174 32 130 134 214 224 121 151 235 94 165 181 213 196 46 177 230 39 217 73 124 178 95 203 197 152 91 241 132 239 48 182 59 160 208 78 90 236 153 50 136 56 27 170 240 231 100 58 36 55 
137 : 94 166 158 137 82 64 65 236 193 129 47 149 106 223 201 76 74 108 168 98 181 62 233 245 28 111 238 
138 : 172 219 204 193 105 106 184 178 85 154 213 243 161 121 78 207 123 234 133 155 247 212 66 156 82 33 
139 : 51 166 243 84 101 30 52 167 88 156 196 47 206 234 189 205 168 193 113 135 210 225 53 100 203 192 79 130 132 229 80 131 60 180 29 172 184 106 183 190 216 191 72 134 112 241 32 
140 : 160 209 159 174 227 183 205 200 25 108 218 140 58 244 91 182 238 232 173 237 239 85 68 214 167 77 203 236 114 109 194 141 230 129 207 192 189 229 249 226 86 36 97 69 
141 : 172 124 113 115 190 114 242 62 249 31 220 96 39 155 41 126 72 198 245 222 143 77 127 131 211 125 44 208 87 150 135 73 223 203 168 65 106 63 164 154 92 163 207 103 217 79 38 247 241 145 147 212 99 130 76 71 206 43 58 64 193 116 138 139 35 105 160 60 144 248 33 201 51 70 142 
142 : 201 78 244 181 162 115 79 188 156 32 180 53 103 190 152 37 144 71 202 231 127 147 206 227 88 59 107 130 205 207 140 93 172 121 84 55 48 106 223 29 76 
143 : 67 221 157 236 141 133 50 58 27 142 68 105 163 197 66 34 219 239 90 184 97 48 51 162 42 40 117 26 246 230 164 177 107 113 121 178 232 88 188 
144 : 116 99 30 117 209 104 130 155 206 230 232 52 249 112 195 170 107 87 219 91 25 211 77 171 127 149 108 111 234 245 188 57 113 124 222 174 212 240 136 218 58 205 184 151 56 53 144 139 216 28 242 45 118 160 81 95 247 114 156 27 83 197 80 236 110 239 71 157 202 134 33 142 162 126 
145 : 246 79 215 206 180 108 86 195 177 132 65 146 192 102 122 131 162 185 106 174 76 151 220 128 239 54 224 138 210 39 83 123 124 228 214 135 107 173 
146 : 127 167 151 120 214 222 150 34 77 64 39 198 205 169 189 117 136 200 112 102 106 80 36 233 28 224 166 26 73 128 231 41 131 99 65 119 58 109 44 246 116 148 92 90 171 184 210 97 186 55 157 238 72 25 75 208 203 115 236 
147 : 207 230 249 180 35 34 146 218 177 241 90 182 247 216 194 185 48 115 106 153 224 160 151 98 155 82 171 135 95 103 101 125 39 164 220 104 
148 : 157 196 224 130 245 145 186 208 75 26 182 165 116 178 100 228 234 83 77 69 104 41 94 141 225 33 39 201 231 103 184 149 
149 : 197 130 27 215 198 128 195 133 218 194 84 205 192 248 229 179 200 159 67 119 234 233 147 81 86 140 249 196 37 193 180 190 72 240 42 238 214 102 139 
150 : 247 154 209 43 244 166 212 177 97 96 180 95 67 117 85 47 148 242 232 105 119 190 192 137 26 120 79 82 151 196 195 160 218 214 176 37 237 170 221 57 50 157 51 78 111 179 54 55 73 126 71 
151 : 177 36 198 94 53 57 48 132 150 83 117 25 78 217 201 140 124 84 80 40 44 205 41 234 160 87 67 232 147 186 197 75 49 129 183 170 113 200 139 219 206 194 125 190 28 176 144 79 95 247 88 196 163 180 104 52 192 109 34 45 182 222 161 199 77 228 211 202 239 50 51 242 
152 : 124 45 231 194 236 109 241 127 55 63 107 113 120 39 44 226 32 78 221 111 168 129 215 166 199 239 203 94 47 167 201 51 123 160 42 132 117 101 119 177 151 162 157 73 52 
153 : 131 206 128 200 163 55 103 234 37 175 44 107 133 135 225 29 122 53 105 36 190 118 199 132 148 241 182 147 126 222 228 243 176 49 74 173 134 39 187 81 211 183 56 38 63 47 51 151 82 212 28 167 94 141 192 33 41 77 177 104 
154 : 86 171 113 183 172 226 62 227 42 115 131 109 234 98 223 123 125 142 210 57 77 136 88 69 165 231 
155 : 30 126 26 142 156 239 234 136 151 213 244 141 33 138 102 29 55 164 247 125 114 158 179 232 230 233 85 163 100 237 132 
156 : 163 226 103 201 84 90 77 109 166 216 85 106 240 165 31 210 153 148 71 218 182 191 244 143 167 42 119 219 225 205 136 117 82 177 141 186 54 231 91 137 40 100 46 60 86 193 73 234 26 118 208 192 47 111 78 159 142 
157 : 94 86 182 127 39 41 159 59 200 202 239 196 149 54 146 117 189 57 249 48 188 217 229 29 222 162 224 192 135 205 38 142 175 128 164 147 70 65 237 246 151 204 
158 : 131 112 202 189 91 94 216 245 209 28 46 68 88 101 67 238 246 159 232 81 153 192 66 48 70 49 181 50 214 76 177 240 111 234 173 137 215 120 43 164 135 73 62 59 
159 : 153 50 107 114 68 193 168 130 155 225 84 183 95 162 42 132 222 211 123 33 76 124 51 25 109 94 158 
160 : 148 46 141 83 191 170 218 204 245 103 62 240 199 190 216 158 111 106 156 37 88 55 26 145 185 187 182 104 34 143 28 243 161 50 209 214 54 162 29 159 66 31 149 98 114 173 64 
161 : 98 122 96 80 205 112 58 63 34 156 211 209 191 246 111 109 50 235 74 113 70 104 90 217 55 33 172 241 69 36 207 214 
162 : 31 132 195 190 180 53 235 44 187 211 32 94 164 246 87 144 120 201 174 49 204 138 46 134 110 92 152 233 101 209 47 89 81 208 179 84 99 112 177 35 115 210 79 154 224 61 212 197 
163 : 207 96 245 179 186 173 137 121 92 170 56 208 240 81 74 230 52 33 90 183 50 39 99 192 144 229 118 238 180 215 198 151 236 86 77 181 195 141 234 242 249 54 184 160 84 102 202 153 185 128 248 167 107 228 200 231 246 149 194 72 110 32 191 31 212 119 108 
164 : 80 99 82 144 40 225 106 179 70 29 244 176 211 212 47 45 61 37 173 73 65 228 177 44 57 163 128 101 184 202 107 206 77 185 235 150 83 249 115 49 143 247 156 171 234 204 200 178 122 36 100 174 127 153 119 233 216 242 199 201 136 132 
165 : 145 147 181 137 245 165 179 189 152 70 224 136 108 216 122 200 196 59 42 89 210 205 115 133 56 
166 : 201 145 64 68 158 224 142 180 76 62 100 175 170 124 113 193 244 59 221 116 117 134 216 195 211 77 87 110 149 196 160 218 39 155 205 203 137 70 143 219 192 58 215 118 106 198 139 37 
167 : 69 244 98 199 202 203 123 175 38 60 76 111 77 109 174 186 44 222 27 86 67 25 201 227 116 112 188 92 46 62 90 127 84 228 191 51 145 247 132 216 65 168 218 81 52 37 183 106 35 59 178 152 42 129 249 162 107 239 144 63 100 237 
168 : 245 47 92 76 185 167 208 73 32 178 30 102 180 99 54 36 195 62 236 166 61 237 231 240 149 101 81 199 171 184 169 75 128 103 232 
169 : 182 77 159 244 203 178 160 112 246 123 86 224 42 83 47 46 138 152 149 98 110 188 208 82 158 181 95 
170 : 242 73 49 149 189 117 34 112 210 132 31 218 150 71 133 168 104 25 204 81 58 51 90 41 109 194 82 174 181 180 135 85 183 36 165 209 120 123 61 192 232 65 83 78 214 179 43 247 52 59 140 106 121 50 199 
171 : 208 124 241 52 70 99 239 163 117 205 130 45 41 50 120 103 150 135 227 148 233 170 198 221 88 40 189 77 248 113 226 63 98 31 193 59 75 155 116 82 85 43 62 184 42 140 46 55 87 39 56 143 64 38 34 132 185 107 131 180 154 47 
172 : 132 241 105 42 243 202 67 46 65 214 62 114 163 209 122 248 111 115 56 98 68 215 175 185 234 48 52 63 151 76 190 38 230 83 87 137 153 64 110 144 45 199 108 25 120 217 26 198 188 221 69 206 167 181 182 58 35 57 130 136 106 112 29 99 118 27 74 162 164 235 131 229 184 
173 : 241 153 165 211 161 186 61 46 130 219 248 141 168 101 126 179 79 204 30 133 120 124 107 225 166 54 180 28 175 157 151 76 196 152 169 148 149 200 128 49 190 115 147 212 27 75 77 65 170 205 156 195 181 155 208 44 41 39 47 201 37 52 
174 : 134 71 218 116 198 207 114 35 101 157 119 52 49 81 249 45 186 136 104 215 82 41 94 60 163 151 109 96 154 43 156 90 100 150 79 170 31 219 141 159 65 131 206 
175 : 34 69 232 128 106 143 58 46 112 246 229 204 200 242 105 49 56 238 123 192 209 156 88 74 108 130 190 115 101 226 194 235 70 82 48 196 29 159 124 202 183 152 63 191 90 98 122 47 125 25 175 234 59 97 78 149 168 99 81 164 158 169 
176 : 220 144 114 189 187 191 84 110 149 50 223 195 186 225 96 65 73 166 243 105 44 248 183 81 42 75 115 141 93 182 103 124 214 63 148 87 230 70 235 
177 : 116 129 105 237 52 158 166 169 34 98 107 240 211 243 45 218 68 46 133 109 161 245 114 69 151 139 118 70 147 86 197 32 61 232 223 104 246 186 37 115 108 48 63 53 164 85 33 121 111 99 28 27 217 30 228 75 191 112 
178 : 154 242 169 218 214 81 127 33 160 120 72 203 62 243 153 205 232 210 189 166 182 228 172 178 70 149 227 99 191 199 37 90 56 141 55 49 25 144 208 43 115 238 207 235 96 107 201 64 206 26 216 173 236 179 168 60 68 123 247 119 245 97 150 162 130 53 
179 : 180 54 165 155 148 195 182 114 116 228 56 141 45 216 81 94 225 169 137 242 78 190 33 144 212 86 
180 : 138 116 74 198 161 185 35 79 230 98 56 189 200 114 126 40 71 44 27 128 105 85 245 30 220 183 99 102 209 195 54 
181 : 224 35 194 148 222 170 55 69 110 94 33 98 133 242 93 187 176 144 146 245 53 103 202 136 45 56 86 128 105 95 211 154 196 180 111 75 214 26 138 46 185 42 152 43 87 247 151 232 149 153 178 25 44 72 62 73 83 100 223 174 107 102 64 123 218 90 201 220 
182 : 54 201 148 190 197 100 238 203 202 184 64 157 179 37 230 151 205 146 171 34 165 193 134 58 139 191 247 181 118 242 113 235 207 59 192 244 122 154 188 
183 : 44 61 132 183 195 244 180 29 134 211 119 164 92 106 72 48 100 130 213 115 137 141 153 143 136 215 216 49 35 178 222 34 87 47 30 236 161 197 228 144 113 187 146 203 229 233 26 103 55 39 162 156 81 154 147 57 232 40 240 52 171 
184 : 139 134 176 236 143 197 92 35 186 201 90 131 62 98 169 218 219 244 40 146 121 207 215 86 58 138 44 209 30 230 64 71 108 57 126 144 240 231 97 69 200 163 155 248 191 190 74 157 132 196 152 124 180 184 
185 : 97 208 103 79 244 137 54 32 217 216 235 204 249 29 243 221 213 93 98 76 176 104 212 222 41 198 174 201 124 106 192 182 52 178 
186 : 26 144 71 199 143 81 182 56 121 189 82 180 175 221 78 232 190 209 102 34 164 38 212 174 148 105 152 88 163 31 244 173 99 62 219 58 201 203 229 215 222 73 228 198 170 45 186 188 243 115 211 126 192 205 213 225 92 
187 : 193 239 135 100 99 118 48 177 115 154 75 63 163 207 78 26 51 98 153 71 25 174 79 160 183 74 132 119 44 155 213 165 236 106 124 41 168 233 204 55 52 171 147 116 150 179 219 235 223 181 84 86 49 141 164 217 167 243 136 67 161 70 82 
188 : 91 224 226 165 202 74 118 181 110 95 105 240 70 237 182 35 204 183 162 194 47 106 108 201 109 117 146 167 92 40 125 41 229 122 89 78 97 166 225 235 214 186 
189 : 84 189 66 242 129 210 120 209 192 42 218 128 180 237 155 185 233 204 231 236 106 26 154 63 175 117 224 178 69 51 79 29 137 95 28 158 221 67 83 112 229 130 206 176 134 104 160 61 241 101 161 43 184 135 62 
190 : 124 146 118 128 184 134 107 241 31 119 186 80 248 103 151 67 101 93 79 65 61 230 238 102 86 210 224 57 136 240 36 
191 : 239 132 234 223 216 238 95 213 26 224 148 87 165 160 31 161 141 229 241 211 128 235 32 79 120 247 154 43 217 150 123 172 103 81 162 107 245 149 206 
192 : 126 169 110 91 131 49 220 185 241 181 247 76 219 58 79 206 186 201 95 46 202 61 103 151 118 213 72 89 57 90 187 109 69 244 28 114 59 138 192 50 232 36 146 207 168 
193 : 129 37 85 237 76 53 205 216 55 241 165 159 127 119 170 212 190 161 183 153 249 90 164 51 226 191 
194 : 40 108 109 33 80 103 231 104 232 165 75 59 208 150 31 49 36 248 130 228 241 98 72 96 185 
195 : 130 191 33 223 240 201 147 93 29 64 28 209 26 229 227 119 217 204 54 123 185 72 219 53 46 142 66 83 129 230 79 74 94 80 148 159 188 70 106 27 234 61 221 113 208 116 60 51 37 84 110 149 
196 : 247 207 79 171 71 158 129 81 63 119 141 108 172 64 78 183 56 196 82 62 69 41 154 205 125 117 
197 : 170 243 49 143 210 235 32 224 147 204 241 114 83 63 206 209 184 37 190 159 226 188 76 230 66 101 191 136 44 59 166 47 193 151 113 165 117 123 43 178 160 104 94 119 129 48 88 196 246 116 219 161 95 194 132 62 140 71 155 111 133 103 135 163 179 127 189 199 
198 : 205 47 67 180 114 94 248 149 104 227 57 228 249 44 83 28 229 82 79 196 38 128 225 167 132 199 116 235 246 66 27 165 201 198 209 133 151 172 105 135 247 123 236 230 150 190 213 163 25 101 158 124 109 
199 : 153 149 62 200 233 232 160 33 118 220 54 103 59 216 136 135 184 229 146 119 117 243 196 105 237 112 70 64 52 120 177 140 181 139 110 150 26 147 192 86 214 173 73 235 163 78 67 151 72 107 111 43 217 88 116 247 36 145 
200 : 145 178 228 77 216 61 78 138 67 69 183 119 126 248 60 132 45 127 71 27 245 83 249 162 154 125 92 217 205 43 122 114 235 134 151 140 54 219 135 39 30 111 
201 : 86 75 145 127 211 179 68 214 159 221 217 223 139 30 69 107 132 66 209 215 162 142 148 210 82 129 98 225 226 153 84 175 228 140 100 182 154 94 26 230 74 116 166 128 29 163 65 113 48 80 73 222 189 138 248 246 137 58 92 196 25 38 50 83 143 121 235 40 234 54 85 202 
202 : 44 135 145 31 207 76 191 238 148 35 42 85 70 29 177 75 123 221 102 88 236 160 144 113 231 166 128 
203 : 65 170 99 54 208 105 144 151 187 174 40 82 124 205 136 117 176 200 180 142 179 222 67 71 198 242 216 90 197 76 96 46 244 127 87 100 114 56 237 191 107 185 83 128 125 130 85 221 210 25 39 32 69 88 97 217 140 223 159 116 141 212 102 154 30 
204 : 205 108 227 221 215 222 165 233 72 33 197 195 159 232 148 247 118 119 202 139 45 61 178 90 210 25 67 76 166 101 117 
205 : 162 214 220 156 93 74 68 196 175 189 75 55 147 119 89 160 63 78 174 194 199 121 45 50 205 77 222 211 102 155 44 124 237 224 235 172 69 117 233 79 49 88 144 164 232 206 60 133 96 158 109 118 108 115 171 107 136 91 140 72 101 231 65 76 27 209 246 40 
206 : 42 215 150 54 179 135 224 247 187 39 165 234 194 25 100 47 201 220 38 48 31 120 185 77 230 99 122 200 64 114 231 138 
207 : 52 113 157 197 179 234 126 36 205 176 215 118 86 139 57 185 90 40 248 166 156 150 221 59 128 247 229 201 98 88 193 117 119 62 158 240 174 169 182 111 173 131 108 63 135 187 167 33 223 230 238 109 89 203 191 200 225 214 184 43 243 
208 : 190 65 224 205 169 25 238 156 109 114 209 128 133 162 198 88 207 163 211 42 86 71 236 107 40 
209 : 47 85 145 208 186 65 107 210 108 84 203 101 136 110 130 160 137 25 182 180 81 60 164 89 71 54 248 113 167 171 153 194 
210 : 49 34 71 129 46 66 57 130 164 235 194 53 220 99 91 190 35 208 177 48 248 151 126 120 228 241 227 106 73 97 224 135 141 161 218 244 
211 : 110 168 236 234 29 36 196 163 130 115 194 165 135 32 240 45 27 53 123 161 171 133 242 154 33 28 111 200 143 209 128 129 157 74 84 243 101 51 230 233 221 66 83 228 127 57 116 
212 : 136 138 184 231 132 113 127 74 120 80 195 153 201 171 154 180 135 169 159 92 121 133 63 150 36 67 200 107 101 173 152 128 56 68 223 174 90 88 149 37 203 227 71 202 122 228 220 213 224 147 117 182 246 
213 : 180 179 91 231 247 193 125 197 246 29 150 42 47 97 102 200 26 41 149 154 53 145 39 67 127 167 172 176 49 92 87 59 117 166 128 187 228 85 132 178 131 174 151 223 107 173 113 181 50 
214 : 166 150 169 109 220 184 131 139 93 94 129 54 73 27 158 108 223 201 46 242 67 128 170 156 124 157 238 87 180 98 142 81 95 185 149 29 75 226 235 79 216 30 107 97 
215 : 45 187 101 238 96 86 228 185 126 145 131 158 249 85 35 210 125 71 88 51 56 170 32 70 30 229 208 148 89 28 99 224 110 191 47 25 190 64 140 209 40 237 202 192 76 58 175 172 194 135 63 227 74 67 
216 : 242 220 125 78 60 176 55 212 152 228 223 159 108 192 34 194 234 85 56 45 169 48 39 193 86 145 77 97 124 216 146 118 238 135 162 123 105 114 127 76 40 215 147 150 231 199 248 225 67 229 164 227 74 217 82 
217 : 81 129 233 174 222 40 161 141 36 226 189 64 79 171 38 28 204 62 101 110 66 104 208 212 133 63 97 235 87 211 34 47 74 160 175 84 218 156 230 180 91 166 95 109 196 234 107 
218 : 238 95 147 197 69 160 236 145 78 139 189 140 75 97 156 102 126 114 124 34 135 239 115 143 187 234 79 30 210 227 242 98 132 61 89 90 192 246 42 72 109 174 129 203 183 169 155 123 120 199 121 88 62 190 232 
219 : 101 229 221 194 147 243 162 172 64 241 61 106 43 136 210 204 130 74 69 49 56 29 150 124 60 225 32 98 246 232 86 228 240 79 211 193 126 192 145 
220 : 117 198 96 223 98 129 167 71 30 90 53 195 204 102 146 59 70 38 207 188 43 142 55 119 94 73 67 66 47 123 56 25 154 51 
221 : 199 83 195 215 81 80 170 50 235 158 209 191 185 98 128 243 167 67 124 187 242 107 218 237 34 200 112 230 168 37 183 186 145 247 25 41 154 108 140 214 115 207 249 192 197 188 227 194 223 248 229 62 117 169 48 119 213 142 49 151 57 134 136 55 178 86 44 
222 : 118 199 211 152 178 214 33 32 168 98 219 62 84 110 112 132 206 105 36 235 140 82 202 56 107 179 121 59 102 39 131 95 128 37 34 231 63 123 247 209 147 117 180 106 218 94 240 212 171 43 237 151 
223 : 90 87 158 161 245 184 189 113 173 157 123 58 163 41 71 135 78 63 25 48 164 154 180 132 220 170 68 56 151 167 105 207 111 130 174 159 139 236 234 149 30 107 66 140 201 178 81 136 73 221 193 36 195 129 160 54 152 114 26 233 57 172 217 213 88 
224 : 68 83 234 112 248 128 109 135 188 129 240 213 150 236 192 119 91 71 105 157 180 86 209 111 57 156 59 131 199 203 145 159 48 204 90 190 200 147 231 123 238 202 42 81 103 228 50 29 160 52 166 98 61 116 186 113 155 218 77 169 69 79 175 102 173 247 161 146 35 165 229 36 
225 : 40 115 78 25 184 76 220 233 88 121 59 126 195 58 39 49 97 150 226 125 174 228 158 75 67 31 
226 : 202 200 92 62 177 105 246 171 101 173 96 226 162 244 83 67 34 249 189 170 236 245 49 37 97 153 84 90 74 184 116 115 118 152 161 117 133 182 30 85 181 201 98 151 212 122 197 64 112 40 89 185 190 196 42 77 44 223 192 168 243 52 69 28 207 106 206 167 36 76 238 159 209 
227 : 26 53 68 71 131 181 151 240 121 123 199 92 46 141 30 84 57 49 156 183 88 208 125 225 201 94 
228 : 240 131 190 181 225 243 182 83 123 202 232 97 113 70 218 138 227 128 50 118 111 67 94 160 86 154 142 57 212 228 163 137 61 205 84 25 37 42 29 65 56 36 157 146 121 44 71 105 233 28 210 74 49 73 69 104 198 48 55 246 93 193 45 134 35 140 226 62 148 30 33 
229 : 175 94 53 158 171 29 63 41 70 232 128 28 54 132 57 166 192 204 87 60 34 156 80 55 172 106 249 140 61 38 135 142 81 126 111 164 82 131 71 48 74 244 90 133 161 190 138 85 
230 : 234 192 71 176 167 28 78 120 244 132 222 165 119 69 109 68 145 237 136 205 112 212 226 249 122 134 84 39 81 166 240 93 213 106 135 82 126 117 57 100 169 104 41 220 70 114 107 186 
231 : 116 51 182 138 152 144 58 68 156 172 202 227 87 249 147 102 142 239 135 89 67 72 47 65 160 66 94 185 122 217 241 136 190 177 61 112 201 213 79 155 29 62 244 235 199 220 173 93 248 242 158 84 
232 : 178 234 138 99 124 205 30 238 46 239 139 242 197 133 154 62 222 221 225 179 109 29 210 212 61 80 230 246 47 42 153 107 72 186 118 208 164 115 85 207 183 121 52 248 64 84 105 126 123 36 76 82 98 157 215 93 175 173 194 240 171 56 54 116 
233 : 230 202 118 179 31 169 233 158 151 197 172 133 84 183 49 50 175 32 225 213 81 74 76 87 241 171 127 210 58 78 226 108 95 80 33 111 115 244 37 75 154 51 229 57 159 139 88 232 27 156 138 105 97 245 235 207 192 243 231 
234 : 214 34 212 74 202 117 167 79 226 210 50 231 55 110 208 93 140 179 111 238 63 141 103 169 230 81 26 125 36 246 94 137 61 215 242 236 76 217 203 187 218 223 69 185 49 118 123 70 25 175 193 195 213 47 131 204 106 42 245 87 64 119 53 188 192 108 57 58 46 92 229 150 158 35 
235 : 203 138 208 199 33 99 65 247 210 131 156 191 31 184 126 130 53 119 51 202 214 192 109 79 211 231 38 140 102 198 147 209 219 47 97 213 36 123 197 58 234 196 153 41 28 
236 : 40 57 118 115 41 31 205 116 43 233 242 204 77 170 44 63 131 194 134 98 94 119 232 239 135 157 126 243 132 91 69 72 145 187 158 173 
237 : 41 218 120 167 47 27 70 79 107 121 198 109 169 228 245 61 181 64 146 170 201 179 175 249 122 229 205 166 219 52 236 86 173 139 185 108 
238 : 158 192 231 90 235 190 128 64 220 131 46 99 195 185 155 31 98 217 81 117 37 76 201 146 27 177 243 183 124 137 176 33 95 26 47 181 147 210 153 184 91 164 207 165 219 239 186 223 74 163 139 247 143 35 179 202 63 
239 : 127 36 116 142 128 58 100 186 201 222 149 124 118 119 98 48 215 176 240 102 141 40 92 109 158 220 145 177 112 104 79 61 235 227 204 239 242 179 57 67 198 214 86 106 126 35 199 74 85 32 169 226 60 
240 : 158 224 208 80 69 234 105 160 138 68 28 150 117 149 103 44 60 25 124 82 96 153 84 61 143 77 29 188 131 217 85 106 190 120 231 119 142 148 128 30 49 235 229 122 
241 : 54 97 66 237 165 92 222 155 122 148 129 32 195 164 153 81 126 178 121 117 138 61 157 245 109 29 198 241 219 212 71 68 234 46 98 223 33 151 144 36 202 137 110 200 64 67 142 240 224 132 86 57 175 184 43 140 243 84 40 95 173 103 91 45 55 115 248 146 73 167 31 69 
242 : 178 244 33 161 158 242 159 224 96 142 205 231 38 111 61 88 167 216 124 123 226 203 147 49 170 201 197 189 65 169 41 153 110 107 239 199 179 
243 : 157 101 228 155 41 180 169 139 245 136 91 200 126 161 153 102 206 144 170 205 79 140 115 142 147 186 171 192 243 104 247 33 81 45 223 35 213 98 229 128 34 53 175 105 184 166 218 208 132 204 77 93 246 110 154 248 232 
244 : 29 101 240 82 197 162 155 146 201 96 129 137 234 210 95 111 203 62 124 172 46 237 143 113 227 168 87 136 217 108 44 225 109 134 245 38 60 120 80 
245 : 158 187 37 128 232 170 121 56 239 103 26 84 47 220 130 126 61 125 51 135 238 247 227 77 30 182 234 206 240 114 176 112 156 50 249 41 87 43 105 179 241 45 188 208 97 248 94 230 178 72 211 242 107 42 146 100 106 213 96 194 71 172 173 246 34 183 229 203 113 191 67 
246 : 112 37 229 209 204 55 246 43 213 70 203 115 173 177 62 25 53 181 124 127 175 147 194 139 71 101 235 174 77 78 75 125 157 135 66 232 29 143 95 81 72 225 123 133 27 172 132 57 207 243 96 168 145 92 240 164 153 107 118 106 214 61 189 76 146 90 105 126 200 148 218 86 67 30 
247 : 189 237 184 57 118 83 135 26 84 119 52 115 99 82 91 226 116 239 108 151 136 175 96 132 54 242 241 140 80 153 112 25 85 141 213 33 158 124 125 70 35 227 121 71 131 231 97 173 62 166 34 75 198 167 172 170 180 164 212 161 31 142 204 203 183 211 147 137 130 41 92 187 199 67 229 
248 : 86 152 82 51 198 170 32 157 110 188 112 158 46 119 200 94 232 226 64 194 211 91 65 44 107 229 88 131 39 190 216 213 109 43 187 106 26 135 54 69 87 48 169 66 49 184 41 52 132 247 147 159 76 235 199 63 84 183 230 238 40 
249 : 66 41 37 120 165 180 199 95 63 69 209 33 196 31 105 195 121 135 119 28 91 206 219 197 110 176 244 238 208 138 228 139 52 111 193 34 242 162 59 60 179 188 55 58 64 222 56 106 142 210 90 68 97 89 35 44 26 186 128 230 40 83 214 84 202 153 47 118 29 155 46 80 171 150 220 
250 : 204 128 198 209 134 91 208 142 164 85 230 178 172 200 241 132 205 167 160 135 157 191 101 212 34 32 137 87 46 76 221 228 112 145 197 96 174 249 181 26 
251 : 62 33 66 32 42 34 124 227 49 31 100 230 64 147 145 79 201 123 176 233 162 196 210 158 228 169 43 27 76 213 63 244 143 54 48 237 61 29 106 107 110 150 163 206 58 239 151 102 98 
252 : 102 156 61 158 180 237 62 31 226 245 125 188 91 115 249 48 159 146 135 170 49 39 47 55 41 98 148 109 244 230 222 204 155 151 113 224 82 88 45 92 108 60 80 
253 : 169 44 181 193 129 176 75 64 51 229 146 170 131 123 194 110 198 55 117 141 63 239 69 90 120 177 232 104 163 92 245 134 182 235 234 31 162 149 246 46 138 190 48 224 201 38 132 227 218 158 34 57 160 199 212 35 217 97 77 73 98 167 152 26 185 58 101 99 103 154 
254 : 33 86 241 99 110 46 204 201 212 147 156 122 157 244 161 64 130 224 103 138 227 128 106 242 104 117 30 233 148 76 228 78 136 225 83 91 25 120 158 98 140 123 41 139 94 37 142 118 203 220 132 101 213 90 192 61 121 79 35 231 72 137 222 217 186 102 
255 : 69 79 144 63 189 117 139 87 137 227 90 30 72 31 240 198 55 119 46 108 155 217 199 98 181 219 109 115 206 131 121 26 246 97 175 81 43 204 179 184 223 59 56 220 53 33 82 91 249 42 180 178 172 
256 : 234 33 193 162 217 140 61 148 122 168 82 145 92 243 26 83 120 231 159 155 175 245 30 90 125 147 161 182 110 130 56 158 95 230 93 129 133 156 185 209 
257 : 31 204 195 130 123 145 60 33 84 229 144 136 100 110 75 190 189 92 210 158 57 201 224 131 73 80 237 186 120 222 206 82 79 247 217 219 137 30 152 238 102 164 119 239 142 155 196 138 62 
258 : 154 57 134 230 171 228 74 212 189 118 239 120 175 44 32 77 60 113 68 112 71 119 83 136 84 86 215 59 80 249 87 173 126 192 104 145 169 170 141 43 176 243 164 216 94 53 
259 : 229 243 171 90 228 156 54 81 85 142 88 109 155 194 170 123 215 221 222 158 193 125 179 136 91 27 111 33 32 58 34 37 35 172 105 68 134 231 167 196 75 238 203 183 168 79 154 104 213 64 195 159 43 225 151 100 190 87 189 234 129 
260 : 38 95 59 153 79 57 25 245 112 41 30 249 229 51 117 124 108 227 92 28 110 101 100 136 35 165 127 241 65 34 45 36 233 166 111 156 195 215 178 134 137 86 49 234 135 160 204 247 126 133 123 222 208 179 221 
261 : 183 194 233 210 62 114 243 55 51 224 160 45 125 78 56 42 79 140 77 178 84 154 121 126 219 127 46 179 74 
262 : 244 166 169 127 218 223 83 74 82 209 106 53 64 198 86 188 93 55 60 88 42 124 114 105 170 33 95 217 26 58 44 128 158 162 52 212 54 68 
263 : 197 177 83 104 194 129 43 222 180 200 227 111 249 143 130 41 226 72 214 233 211 35 71 155 131 123 237 162 114 150 103 246 132 135 92 82 49 98 144 209 85 54 207 171 203 30 
264 : 232 82 76 96 124 208 249 153 246 66 158 90 100 87 231 220 143 162 56 156 118 221 238 41 176 244 59 186 193 26 173 195 194 218 147 170 137 37 110 234 228 28 200 116 247 201 32 78 191 64 75 73 27 117 243 60 115 
265 : 233 54 191 84 167 219 200 224 240 214 35 217 25 122 180 235 185 137 115 105 166 28 66 123 159 175 46 111 116 103 33 38 196 79 148 104 130 125 43 120 160 231 184 26 55 241 37 202 50 30 156 157 112 126 226 47 129 232 208 189 78 182 44 132 144 169 119 
266 : 26 187 233 185 206 92 36 51 174 173 123 109 160 180 216 155 52 227 107 195 176 214 79 106 96 115 245 117 63 112 239 209 153 161 171 189 28 230 217 37 207 62 86 143 196 152 236 242 25 126 192 186 91 73 144 138 76 149 190 203 172 231 221 68 238 34 32 169 222 
267 : 143 126 59 35 130 139 145 229 221 43 222 74 149 245 96 240 237 175 101 36 182 161 117 197 104 188 178 90 84 140 103 87 25 108 95 39 64 212 131 228 231 152 93 98 30 44 142 121 111 56 42 32 114 185 
268 : 131 220 130 160 63 222 135 123 55 238 169 230 28 208 143 242 221 106 233 40 195 154 75 114 118 33 188 43 97 167 236 62 162 198 42 108 51 25 
269 : 243 246 73 31 193 195 46 191 93 113 181 134 35 235 89 197 185 201 68 79 229 167 145 148 49 81 226 116 126 155 164 98 128 143 160 57 162 166 56 161 142 70 171 180 152 60 47 42 87 168 115 177 144 125 101 
270 : 109 74 99 75 34 90 31 133 61 224 150 81 197 98 196 246 113 93 222 232 218 239 185 37 64 35 234 245 97 165 65 149 249 132 153 200 27 112 152 46 202 178 127 195 29 203 91 122 175 201 83 180 199 161 167 142 88 248 121 168 58 184 111 
271 : 57 218 249 115 128 92 245 244 217 107 58 213 212 248 207 36 163 50 137 127 40 237 44 216 195 130 78 240 172 148 164 
272 : 80 26 194 209 63 129 108 227 68 122 91 185 102 245 195 237 187 78 119 65 116 213 172 188 28 139 112 71 248 154 87 246 231 170 128 148 219 69 157 89 143 88 162 203 90 208 205 47 97 229 175 156 29 146 111 149 36 81 196 163 249 64 176 73 27 145 212 166 127 168 140 
273 : 116 203 235 32 185 84 31 198 178 42 72 80 164 55 237 101 208 105 170 129 106 180 190 97 211 135 168 79 127 57 30 210 75 146 234 41 233 113 94 139 195 35 59 176 154 194 169 73 62 218 223 232 119 144 38 88 86 
274 : 157 84 68 124 162 94 191 172 217 117 196 168 43 29 52 86 119 166 184 170 135 103 123 76 105 208 156 111 153 69 149 164 174 
275 : 45 167 119 224 108 31 123 126 37 53 97 209 92 39 141 87 110 148 116 100 131 190 27 58 94 147 77 101 88 115 241 233 175 146 132 180 26 34 152 177 127 81 202 212 103 182 143 200 120 199 128 
276 : 86 106 230 179 102 58 232 187 123 196 61 111 221 234 48 206 170 91 167 25 194 77 130 122 146 168 203 191 55 189 220 97 174 231 166 213 49 36 93 47 223 177 215 35 149 227 73 183 201 83 171 178 60 74 200 229 40 204 59 202 
