0 : 62 221 170 113 181 66 197 215 185 182 248 29 46 126 125 61 148 195 207 118 115 51 137 190 202 
1 : 89 74 244 99 114 108 57 235 26 168 227 198 132 248 219 179 162 136 83 44 226 155 143 197 61 81 174 176 133 217 187 209 88 93 190 214 52 107 144 231 234 230 239 205 63 175 124 200 
2 : 47 159 75 55 179 77 53 79 109 212 89 233 35 193 76 175 82 227 108 246 205 196 57 84 146 71 244 141 194 138 154 80 115 36 168 183 91 173 78 50 33 51 190 174 39 155 98 202 198 85 240 94 120 203 
3 : 210 97 92 105 239 133 200 176 121 76 233 150 199 83 95 230 217 99 134 181 59 138 120 47 154 151 129 205 212 175 180 70 220 89 248 75 
4 : 62 106 29 50 58 131 48 194 70 170 147 186 69 143 154 230 197 185 56 41 109 129 139 182 193 239 228 79 
5 : 32 90 75 193 79 175 117 84 112 144 118 56 179 59 246 160 203 82 149 181 109 206 58 233 29 176 105 241 137 245 235 218 226 223 121 72 152 198 232 168 142 209 190 164 91 123 184 167 50 25 
6 : 236 114 87 182 141 113 218 219 50 94 115 59 136 193 154 61 211 58 56 27 245 110 52 48 196 65 155 92 54 180 228 80 183 70 148 60 131 165 157 129 25 49 168 64 35 85 63 127 132 78 227 32 101 118 169 79 29 171 212 248 81 102 116 150 45 33 241 223 139 197 238 237 38 158 208 
7 : 167 216 46 154 235 209 217 106 64 149 236 245 111 143 189 222 102 232 239 91 174 83 166 80 141 26 40 94 136 215 69 234 104 201 130 144 131 204 155 37 97 65 231 171 165 242 139 115 132 177 56 148 247 196 71 
8 : 150 65 186 163 226 91 128 111 153 37 215 211 224 143 62 243 216 160 117 167 48 238 229 68 225 192 136 67 75 
9 : 71 186 209 229 110 62 146 142 36 182 60 83 171 201 221 190 47 222 90 159 81 25 27 167 50 74 166 95 28 73 
10 : 209 203 158 185 134 96 229 147 247 164 125 97 126 157 197 62 27 178 189 86 173 239 172 211 180 141 204 69 79 182 81 82 119 33 232 40 105 230 192 57 
11 : 70 148 245 213 240 26 119 135 152 109 155 45 231 216 142 201 173 167 44 165 49 204 239 230 29 180 182 202 100 236 149 
12 : 93 226 197 98 160 31 113 213 123 210 44 217 48 107 239 188 240 91 64 28 151 47 161 244 211 203 230 144 105 245 119 225 219 35 137 173 83 249 74 200 73 185 86 165 50 158 121 25 97 84 227 231 207 
13 : 73 225 185 125 36 206 28 46 43 126 128 45 162 224 72 104 32 240 216 83 208 61 39 147 85 146 82 155 151 200 60 226 239 144 65 131 109 93 47 76 133 70 248 217 201 
14 : 223 87 132 62 221 104 28 197 203 174 123 146 102 58 40 54 204 215 166 70 99 196 124 186 98 151 188 199 202 81 160 239 171 185 212 231 80 91 109 92 100 42 121 140 183 27 247 47 198 68 154 32 173 97 101 112 218 90 111 79 43 178 
15 : 147 224 164 101 117 94 208 157 209 80 114 192 33 75 29 159 31 205 194 229 65 96 174 88 116 87 235 61 177 134 60 89 38 238 93 183 203 110 181 85 115 105 133 199 165 139 176 178 62 150 131 171 42 175 26 54 132 230 74 153 98 201 63 83 198 163 126 82 107 243 146 152 213 184 127 25 233 
16 : 77 179 101 80 162 56 189 243 116 91 124 233 41 154 93 119 208 150 153 96 215 45 105 248 211 193 28 234 52 117 74 89 167 205 230 126 90 138 70 244 31 110 86 227 59 95 229 71 72 121 109 164 94 49 209 64 115 184 25 48 51 171 29 135 133 53 79 221 69 228 100 87 170 197 237 174 199 32 
17 : 67 194 79 192 107 140 43 239 133 56 168 214 135 226 221 235 162 231 94 242 243 202 119 35 71 159 203 241 193 157 247 139 197 117 223 154 109 206 55 211 160 212 62 96 101 137 191 218 100 177 113 72 216 69 173 136 151 61 132 29 34 183 210 208 200 104 225 186 
18 : 246 45 132 125 40 60 96 46 183 27 161 184 72 44 89 141 26 224 75 234 182 170 67 30 76 97 133 136 36 185 179 151 196 80 71 104 
19 : 119 198 131 141 115 26 195 244 197 180 77 122 36 249 239 106 233 128 85 31 170 66 63 91 29 40 112 70 218 87 
20 : 148 229 171 113 158 165 52 149 130 55 56 145 181 238 188 182 53 179 213 208 178 193 139 45 103 86 241 115 34 166 71 104 168 172 134 206 79 135 101 
21 : 68 191 207 49 102 110 134 120 121 95 176 147 75 249 30 112 87 171 201 63 108 28 86 237 234 247 138 29 58 143 118 61 130 94 154 193 221 162 76 62 104 54 129 152 198 166 233 208 
22 : 247 58 91 109 107 69 102 231 182 245 180 37 104 234 33 55 145 134 167 228 79 93 51 95 187 169 43 230 174 84 49 207 56 175 189 181 83 121 149 153 190 211 85 78 25 36 206 128 129 26 131 198 177 
23 : 67 59 103 179 165 108 245 118 122 99 217 181 138 135 228 56 192 106 29 162 232 240 34 170 221 237 230 63 76 215 205 94 35 77 124 62 159 101 126 79 248 66 25 154 161 184 168 236 47 129 224 81 117 150 39 231 191 218 188 244 125 163 180 115 97 49 133 131 86 187 111 69 36 
24 : 37 80 233 168 157 102 89 108 226 149 208 107 54 62 128 213 225 188 169 71 117 244 144 209 219 133 191 69 56 243 165 177 207 113 105 199 186 130 206 25 96 132 104 164 87 100 61 215 91 248 124 136 203 138 210 90 200 95 181 49 235 221 59 201 29 135 119 63 143 171 246 72 32 155 66 231 75 
25 : 103 212 52 184 121 185 64 174 198 65 55 95 92 102 194 80 207 222 119 73 77 242 26 181 97 58 57 219 89 243 227 31 162 221 40 240 170 114 163 132 100 28 238 179 211 29 155 164 117 138 47 
26 : 212 96 101 170 171 119 235 118 40 60 35 124 87 166 222 92 86 73 154 218 224 126 177 94 120 115 100 198 165 226 129 136 75 39 176 207 28 181 152 84 244 199 79 114 189 
27 : 181 70 79 127 129 152 246 221 34 75 121 172 184 98 46 117 204 234 72 186 64 218 178 92 137 131 120 197 164 118 126 208 135 160 35 71 214 163 115 104 85 59 232 199 125 53 167 200 209 170 224 247 140 124 68 240 63 211 27 136 196 158 25 182 183 96 45 52 103 78 
28 : 86 151 49 91 102 120 161 100 149 228 113 41 205 224 198 78 223 135 227 235 159 202 242 94 30 110 156 215 61 203 141 214 50 122 150 236 197 70 180 146 138 238 185 177 144 53 125 43 172 130 75 195 213 199 157 74 217 36 219 164 81 46 162 140 
29 : 127 46 118 158 182 180 124 144 31 218 39 206 56 159 170 166 111 191 102 237 205 100 55 194 179 106 215 203 117 84 74 108 187 35 219 114 213 242 198 75 156 225 157 91 59 223 199 204 233 222 54 107 61 
30 : 62 35 113 80 146 90 100 117 94 83 74 241 33 243 237 137 134 207 244 220 55 194 181 242 167 214 71 151 44 125 157 236 61 
31 : 26 121 63 95 231 52 164 131 76 216 113 58 170 50 59 78 103 67 64 25 108 71 141 38 163 126 34 217 143 193 61 196 237 173 178 148 109 208 28 30 142 
32 : 189 111 54 196 25 56 229 241 239 34 105 193 161 59 153 242 70 225 132 154 116 134 53 219 191 211 230 75 140 194 90 94 247 233 136 166 146 214 178 234 159 40 38 107 169 176 89 76 195 226 100 118 127 152 79 179 201 120 248 182 204 61 46 48 74 
33 : 134 241 175 243 97 236 158 103 164 142 212 219 247 58 38 178 191 62 60 211 169 170 94 54 61 27 28 173 130 141 200 222 101 179 40 218 
34 : 155 188 108 221 41 249 206 240 224 180 177 222 56 67 110 138 38 28 131 112 66 96 55 32 51 160 146 186 242 78 154 237 205 185 117 70 183 102 103 151 190 129 42 71 26 65 107 45 176 140 156 198 94 115 239 
35 : 109 26 197 231 227 75 218 132 134 25 112 223 83 115 84 208 193 195 164 126 37 222 47 186 79 101 43 221 180 85 62 121 131 81 203 52 29 202 184 242 219 40 99 70 55 39 173 27 246 76 130 57 73 168 102 165 143 198 56 92 163 167 210 72 243 74 146 104 151 139 
36 : 224 90 189 39 228 65 248 52 209 104 217 127 142 116 110 130 44 66 163 135 171 246 145 166 88 100 55 245 28 238 113 139 143 103 216 157 198 81 119 75 70 149 199 108 49 50 40 121 152 34 193 46 190 
