0 : 231 243 210 122 217 152 230 150 173 47 104 200 180 162 49 125 174 207 71 234 215 223 221 238 189 62 95 185 26 116 134 204 51 145 193 151 94 
1 : 197 205 39 83 121 31 133 97 117 233 112 74 216 230 168 192 190 176 90 29 144 175 136 185 235 236 36 35 26 127 162 105 142 
2 : 73 175 234 147 226 191 65 134 55 41 159 104 96 34 222 66 219 93 161 216 177 38 221 92 206 30 213 171 33 60 202 102 162 195 58 129 
3 : 84 142 189 117 82 51 62 53 168 124 66 239 243 108 134 98 172 28 148 90 223 133 240 161 115 162 221 85 91 193 81 127 201 43 75 164 52 111 213 185 130 35 202 210 29 63 154 211 137 241 153 32 119 
4 : 37 117 193 61 236 122 214 100 216 143 52 72 36 164 145 179 66 141 126 102 215 194 105 200 161 
5 : 58 200 233 203 198 111 206 150 98 142 80 53 51 52 193 149 194 212 109 136 130 121 190 27 90 110 161 64 83 74 81 55 143 114 159 
6 : 157 25 158 28 205 116 60 210 67 62 206 140 129 156 114 99 176 127 198 174 181 56 221 224 145 242 111 231 93 125 80 45 166 154 103 207 225 168 30 85 88 180 58 175 226 86 194 163 146 
7 : 201 192 138 57 172 247 67 60 217 139 44 236 84 208 92 197 155 31 228 184 58 171 51 199 143 195 121 145 128 163 62 65 59 34 157 104 119 74 153 27 230 35 61 68 133 243 170 100 144 50 30 42 187 117 
8 : 150 229 99 57 118 117 186 87 191 129 84 246 153 236 218 138 97 190 178 180 54 200 120 228 108 55 245 65 162 79 
9 : 116 107 169 69 199 127 118 84 34 239 115 210 44 71 228 95 94 79 143 33 102 85 25 83 113 51 149 233 203 215 45 195 179 157 
10 : 94 232 216 26 29 137 42 233 180 186 149 226 96 49 118 189 104 95 87 136 148 143 160 174 159 230 244 
11 : 47 247 220 180 54 173 29 33 35 36 40 221 39 123 191 62 243 115 61 113 161 79 28 230 145 98 76 134 110 219 
12 : 95 114 72 242 115 26 190 179 113 225 154 32 80 87 182 162 207 214 215 203 137 119 231 54 33 217 37 102 53 68 195 112 104 110 43 229 183 92 165 147 101 42 99 111 245 52 29 170 140 39 126 56 100 62 175 109 74 209 141 
13 : 158 182 155 59 202 194 102 62 48 113 98 126 217 241 212 233 71 249 137 25 189 211 196 99 76 169 124 82 159 226 135 120 91 97 181 27 86 68 38 205 224 67 192 52 208 173 228 29 89 174 225 145 218 238 107 244 127 42 149 193 164 214 151 
14 : 156 147 215 54 79 118 198 155 78 67 170 246 119 232 209 56 166 107 40 34 189 158 196 199 35 230 208 102 240 120 220 192 124 223 187 188 97 94 46 200 71 145 171 163 77 51 132 53 103 
15 : 76 203 125 44 81 168 152 73 56 100 248 217 41 70 245 120 161 189 105 28 213 101 183 109 207 149 124 82 60 83 191 119 180 172 195 94 237 199 170 111 
16 : 200 143 128 195 36 59 140 239 25 124 187 212 220 85 226 138 191 86 109 156 92 105 177 113 205 240 111 204 166 230 243 83 
17 : 79 235 144 193 237 165 108 204 53 160 92 190 50 75 49 228 236 230 145 102 132 176 81 231 173 151 216 103 104 52 131 118 57 66 148 182 191 91 233 244 36 54 138 239 65 161 34 208 59 74 90 110 127 167 187 240 97 136 
18 : 232 171 63 219 55 246 115 124 39 51 226 187 54 137 26 105 194 215 174 158 106 242 160 58 155 240 153 249 88 136 96 212 148 248 76 221 104 
19 : 213 111 167 25 129 114 228 223 214 192 209 56 238 179 118 229 201 162 65 156 146 241 40 157 74 139 168 202 102 236 218 172 
20 : 55 29 147 162 247 181 245 178 228 80 67 96 113 27 212 217 161 51 207 57 48 65 78 230 224 244 165 81 91 104 210 136 102 238 219 183 34 194 204 123 
21 : 84 73 200 31 145 98 235 208 94 62 166 51 135 124 171 162 93 100 48 49 249 61 245 54 44 114 182 137 212 218 173 152 228 66 95 192 156 191 59 230 169 40 159 224 210 58 188 106 148 
22 : 100 85 221 93 200 234 152 40 126 61 172 210 169 31 229 82 80 120 101 41 32 241 64 147 139 128 218 159 130 208 238 99 43 29 175 167 170 114 158 248 195 88 38 27 184 244 174 216 106 189 51 25 224 42 190 116 233 137 
23 : 238 34 240 178 241 201 47 229 53 186 85 74 67 132 90 200 211 75 65 124 103 36 231 226 145 91 155 109 42 203 161 228 115 239 147 120 37 144 48 205 150 210 169 164 71 79 94 198 
24 : 222 65 149 163 26 111 186 51 36 155 132 215 152 237 98 60 119 166 217 67 138 124 77 168 82 225 122 139 50 192 49 93 28 243 174 220 133 57 76 75 94 100 32 
25 : 178 161 28 197 181 231 184 46 163 120 244 115 213 194 164 99 56 186 141 171 188 187 228 199 238 44 67 35 248 128 75 146 212 196 42 50 41 117 191 226 
26 : 191 238 208 65 159 172 33 246 217 99 38 79 144 158 130 185 240 58 63 78 222 123 40 225 213 59 187 49 230 195 164 127 73 82 193 41 134 31 243 54 249 126 128 203 53 106 227 
27 : 33 247 154 168 183 163 147 129 218 53 41 142 231 203 137 76 104 39 58 159 134 192 44 130 77 65 219 105 116 95 131 189 160 90 145 73 237 121 209 212 71 228 161 157 45 239 213 
28 : 128 177 32 143 106 220 73 198 25 69 246 105 145 231 39 173 116 80 95 83 182 98 160 165 196 221 217 175 130 72 64 111 45 110 193 102 184 226 87 237 139 57 58 131 129 186 77 
29 : 237 183 122 113 77 115 54 200 51 236 117 130 207 81 206 246 212 44 176 89 239 151 178 231 59 70 158 129 
30 : 85 244 152 153 174 131 88 158 157 155 191 27 230 106 164 71 84 125 140 31 243 200 151 64 86 136 148 190 177 220 213 81 46 104 119 72 57 113 95 129 219 242 70 117 63 236 167 233 130 118 34 62 189 234 43 139 110 245 96 183 93 
31 : 180 182 199 248 143 89 140 240 46 106 125 201 127 203 119 226 237 174 144 159 93 187 222 110 160 172 136 69 184 181 175 137 236 74 102 87 141 239 68 64 39 94 37 150 100 224 49 31 108 109 138 56 97 82 43 
32 : 87 153 248 196 154 136 227 78 62 129 59 64 204 164 119 201 57 195 237 146 249 105 226 45 177 80 211 85 68 167 186 49 224 121 112 166 31 95 163 142 246 145 70 236 241 207 55 149 61 28 
33 : 30 66 68 157 64 185 139 38 37 168 120 103 125 148 44 217 171 197 235 39 228 116 201 241 233 57 218 238 209 
34 : 163 192 144 186 169 42 91 88 62 202 162 160 84 201 213 98 50 215 122 243 212 107 165 216 51 124 90 207 223 145 70 209 52 28 157 225 130 67 180 226 47 
35 : 47 86 190 57 132 249 44 101 230 231 98 42 109 213 106 63 34 49 184 112 189 165 138 182 170 135 183 239 95 61 203 107 150 74 78 167 104 244 142 116 73 50 217 148 179 36 224 168 134 193 79 129 144 197 93 92 108 151 204 
36 : 223 45 245 159 236 109 77 70 146 222 79 122 104 152 199 142 163 134 106 147 69 42 74 234 100 90 76 195 182 117 
37 : 209 188 58 33 146 174 96 25 175 39 231 158 129 234 107 161 148 193 143 85 244 108 248 65 83 130 156 42 236 232 150 102 215 168 162 189 56 132 154 93 67 116 241 245 163 110 88 144 159 73 176 197 74 66 225 220 233 226 221 190 
38 : 208 78 42 52 118 210 44 199 247 43 25 226 206 130 157 190 57 128 164 81 150 187 156 32 139 151 188 166 64 144 29 221 234 116 87 159 62 224 213 86 142 58 203 236 217 225 94 242 108 178 223 232 30 177 185 137 183 90 97 148 240 33 
39 : 152 132 86 177 116 200 154 74 58 119 173 98 144 201 95 178 28 216 52 147 167 133 53 155 105 166 123 237 42 126 179 71 227 190 78 37 247 72 54 73 85 97 248 41 137 189 145 81 102 217 70 76 40 84 165 115 175 188 26 
40 : 113 82 165 49 167 170 246 197 27 44 74 75 216 233 244 53 128 175 149 138 124 155 116 152 179 148 168 141 201 38 34 47 61 130 111 65 200 147 52 163 94 107 205 228 91 222 58 
41 : 189 91 228 130 219 149 75 229 113 246 98 200 146 25 162 34 152 103 224 69 32 58 210 197 211 109 63 62 244 116 72 
42 : 222 84 47 99 124 92 31 244 220 180 94 88 49 199 142 103 134 208 178 116 132 69 62 160 34 212 68 
43 : 44 99 31 55 210 202 182 149 214 84 145 129 40 246 105 238 137 34 89 169 128 235 53 46 139 98 185 184 161 170 227 75 72 186 174 67 78 187 199 74 81 28 156 157 
44 : 78 139 151 52 190 92 34 227 98 235 125 236 35 247 138 99 71 239 147 134 50 156 65 166 56 246 127 111 91 172 209 37 171 145 108 176 49 90 234 245 160 177 175 33 
45 : 31 71 238 53 234 187 88 165 132 222 241 217 207 92 208 47 95 163 33 138 160 186 32 84 98 144 198 141 226 82 79 162 99 143 74 248 107 230 110 142 137 38 40 51 72 166 87 221 86 244 
46 : 210 103 63 232 123 162 111 191 34 74 102 236 207 229 108 32 136 177 189 37 47 106 132 158 52 209 176 86 192 65 36 38 72 51 
47 : 135 71 117 145 167 222 143 30 94 131 118 90 44 105 86 186 151 127 166 146 47 174 208 38 134 68 187 27 93 234 89 202 132 230 119 233 92 175 141 77 206 88 53 159 
48 : 232 206 162 148 53 63 208 207 215 40 39 93 122 241 54 230 211 116 184 248 77 62 97 101 94 219 182 57 174 203 183 28 154 33 30 175 78 68 64 210 145 179 126 202 
49 : 220 182 42 151 57 191 66 180 74 106 113 193 75 190 100 130 194 184 41 149 179 37 222 80 187 132 36 46 85 171 83 148 244 201 152 199 50 234 198 223 137 88 127 153 143 77 238 34 110 188 213 108 
50 : 50 87 189 219 236 179 249 188 41 170 193 191 97 171 147 149 227 36 131 58 48 53 90 61 112 164 38 67 94 235 192 72 237 71 232 115 162 155 33 66 30 244 29 144 205 114 
51 : 202 87 112 146 138 29 224 141 193 168 232 240 196 177 128 59 86 181 136 186 204 118 110 230 102 130 221 43 140 210 97 56 242 67 150 244 96 78 211 223 247 72 119 153 127 114 137 198 83 84 93 91 89 47 163 40 235 27 35 
52 : 190 56 236 203 180 172 82 44 34 38 149 63 177 249 72 99 42 171 193 245 247 128 48 108 161 229 127 78 206 29 142 221 185 40 101 32 123 104 65 168 158 51 220 232 148 165 231 230 126 160 205 
53 : 171 193 137 213 35 229 227 175 184 152 95 76 48 49 36 64 28 211 236 105 232 239 212 44 246 188 72 167 187 37 86 156 71 110 163 157 132 119 225 29 142 194 204 31 181 235 107 146 208 178 195 200 126 41 77 130 103 209 100 129 226 231 73 
54 : 214 234 201 78 62 185 111 105 125 180 195 207 230 145 146 188 210 37 121 237 243 77 203 33 47 91 93 100 124 85 215 69 99 29 149 26 73 54 84 235 248 122 242 162 206 44 
55 : 152 136 168 249 225 30 209 54 111 167 179 158 245 199 85 45 42 79 48 188 123 139 180 176 232 184 143 37 88 181 201 162 93 122 202 73 115 224 150 47 154 119 116 44 
56 : 149 29 50 73 97 163 214 213 142 55 170 98 192 115 235 174 94 193 124 157 186 32 179 185 129 92 91 28 139 108 244 180 76 131 122 86 169 103 182 145 132 123 228 114 34 
57 : 124 189 152 149 40 175 145 159 107 57 50 112 244 79 55 76 34 168 187 100 170 231 75 248 83 49 74 32 157 120 218 64 243 194 236 217 47 205 200 216 63 134 82 30 184 78 177 92 141 209 176 247 215 136 225 53 126 110 116 237 173 26 103 
58 : 152 222 120 71 207 98 218 40 166 146 131 235 48 180 186 142 138 181 36 59 124 118 249 193 55 141 211 122 121 159 
59 : 76 70 241 108 153 48 204 31 26 117 174 192 63 81 183 40 178 110 206 73 130 88 126 86 68 113 246 
60 : 64 107 35 161 58 119 68 78 242 72 53 152 73 141 189 157 243 190 90 25 193 120 217 148 223 145 111 66 31 100 38 213 81 203 180 245 102 
61 : 131 61 214 49 153 160 108 223 35 71 151 212 67 28 155 124 110 192 43 80 148 175 51 233 158 44 170 166 86 200 169 149 66 243 95 164 85 141 231 245 52 111 97 134 234 109 197 39 79 41 136 107 178 69 138 77 92 
62 : 59 172 79 169 43 133 237 192 166 78 208 187 179 186 191 116 227 199 137 36 109 164 134 62 26 198 69 40 91 68 37 201 27 205 100 247 72 71 47 244 140 209 142 39 139 215 190 121 61 57 222 144 143 235 203 88 238 124 213 
63 : 106 153 235 155 195 216 95 214 102 201 175 117 93 82 126 73 162 141 133 164 55 221 36 160 129 
64 : 156 134 209 28 229 186 95 154 102 164 157 196 77 212 137 221 211 76 199 43 161 195 27 70 67 136 188 210 241 227 55 60 79 132 216 108 238 89 150 169 36 121 110 180 87 249 45 
65 : 173 229 118 39 241 232 127 50 210 163 200 66 194 102 87 90 172 220 81 61 85 120 234 221 161 126 249 152 68 110 34 179 177 97 104 160 167 44 117 86 54 185 27 178 98 51 32 155 189 57 158 125 74 140 
66 : 212 201 30 223 208 150 178 213 238 149 160 233 41 62 185 51 249 108 111 66 116 222 49 88 146 165 
67 : 219 42 51 221 69 71 158 105 50 57 64 49 135 38 218 140 208 59 232 159 214 44 198 150 103 
68 : 235 146 112 131 246 68 139 84 161 83 242 78 188 53 206 36 32 133 40 121 231 132 66 227 107 200 168 198 216 207 160 85 119 75 224 116 222 31 26 159 237 182 232 209 197 92 219 
69 : 204 123 45 97 210 103 142 53 178 232 70 113 159 108 55 145 94 158 112 156 190 77 236 150 196 106 41 202 222 239 76 62 154 110 47 54 201 237 136 183 243 
70 : 47 72 148 144 73 113 237 180 106 123 239 50 86 230 71 149 147 112 158 164 45 115 29 46 109 228 143 94 110 85 173 160 68 126 157 80 178 
71 : 204 122 70 240 49 179 129 245 77 90 119 100 216 188 233 159 80 205 230 183 132 176 126 136 167 127 223 163 48 97 30 59 187 156 40 186 73 68 39 162 217 184 243 173 178 193 242 58 62 98 174 89 249 148 
72 : 179 242 249 137 97 239 116 53 243 71 145 147 236 64 165 57 205 36 148 186 140 112 70 177 43 154 235 149 206 103 123 27 127 69 182 138 104 230 143 49 175 214 222 174 114 194 54 178 65 241 88 76 193 39 35 74 240 83 95 213 211 146 
73 : 25 171 248 186 218 163 64 129 176 68 220 232 38 228 140 246 57 119 41 81 200 227 156 103 234 122 155 101 236 33 223 208 98 154 226 213 55 70 183 34 66 187 244 196 247 99 120 182 
74 : 162 135 151 248 127 154 186 139 74 59 214 62 63 190 203 153 88 112 159 233 177 172 171 134 92 45 121 192 161 178 70 183 97 158 157 91 231 130 61 195 67 148 84 
75 : 181 101 92 112 25 50 26 152 69 238 236 246 126 31 214 118 136 36 147 168 140 158 202 164 218 178 143 89 217 130 230 159 99 187 220 47 108 28 123 153 80 190 68 223 198 206 49 67 85 131 27 144 128 243 
76 : 123 68 148 53 248 159 130 143 210 175 72 40 98 112 64 104 165 45 204 140 201 220 32 117 239 116 128 222 192 35 85 155 137 171 214 65 126 144 67 164 198 86 240 25 168 183 152 120 80 61 149 246 213 151 78 249 195 176 87 119 124 
77 : 203 226 102 119 167 210 233 59 241 187 26 32 100 54 60 53 174 186 98 118 90 79 148 165 208 73 147 164 86 144 36 184 209 78 127 31 121 37 112 154 25 29 247 170 124 
78 : 97 134 84 210 207 191 46 38 32 87 179 230 231 115 151 26 40 62 92 90 203 103 157 125 60 71 154 197 205 168 56 126 188 68 224 
79 : 200 25 110 35 202 249 140 164 158 120 105 41 104 68 49 196 165 247 89 154 82 116 211 224 48 244 170 55 85 186 31 61 28 148 142 59 191 101 36 123 178 194 
80 : 215 116 99 95 219 158 30 91 59 56 236 225 90 216 156 173 139 194 189 183 72 135 239 149 171 186 66 93 38 237 169 136 82 104 51 42 184 71 101 178 76 248 212 118 
81 : 75 173 185 190 96 210 63 186 236 235 155 42 72 95 166 187 125 44 62 238 58 25 231 172 214 181 143 99 34 64 
82 : 137 100 57 168 59 80 99 58 207 54 249 194 159 221 34 156 95 45 109 89 86 178 93 49 39 119 158 146 56 129 70 41 53 121 104 149 81 71 166 226 144 112 167 113 37 114 
83 : 75 195 226 161 80 119 81 107 185 177 32 137 231 249 233 248 179 34 86 50 237 72 178 217 122 130 46 241 37 204 95 148 
84 : 146 194 159 223 138 38 143 63 49 81 83 142 117 162 200 224 86 179 35 126 225 220 217 103 26 221 125 66 39 79 36 169 238 144 128 161 71 213 165 199 131 48 
85 : 133 85 153 28 29 66 234 178 121 65 58 132 101 155 87 83 209 240 37 200 53 134 81 226 211 237 43 89 228 187 44 79 27 148 104 175 189 113 167 90 165 86 188 33 142 190 159 139 247 145 112 216 34 203 227 98 181 
86 : 133 59 109 50 203 105 99 51 242 146 186 226 123 118 47 173 241 117 129 110 221 232 124 244 190 137 185 228 238 191 30 169 57 116 163 229 200 83 79 208 98 237 233 94 
87 : 42 218 144 245 239 86 72 215 28 58 223 151 88 116 244 99 202 26 247 155 73 152 100 197 25 106 154 30 187 27 145 181 217 128 168 
88 : 207 72 195 121 191 193 37 220 122 181 200 196 54 33 84 154 236 198 180 213 247 114 61 66 140 51 153 143 101 129 248 45 225 29 109 141 32 105 240 242 130 69 112 50 75 95 111 26 128 179 137 47 42 147 206 133 173 123 
89 : 129 155 98 215 167 221 166 117 148 33 69 173 125 96 182 134 112 101 47 152 133 224 118 100 104 135 50 230 105 97 179 140 139 72 94 93 229 46 
90 : 89 163 114 134 245 121 122 232 55 141 171 230 147 207 188 210 73 146 32 74 216 217 159 97 244 94 142 191 213 196 152 160 144 205 29 66 100 198 44 222 
91 : 67 75 98 28 201 224 198 38 87 245 183 139 130 235 118 163 100 123 33 193 71 164 73 30 154 92 202 138 219 153 165 54 150 116 222 194 162 144 102 199 
92 : 97 126 116 137 34 68 94 47 210 246 199 245 226 45 225 235 175 168 161 160 164 31 185 176 177 194 117 78 42 109 62 190 130 238 222 61 83 178 201 230 143 181 198 154 215 139 80 103 206 64 237 59 98 219 151 123 205 
93 : 156 115 66 160 207 235 191 80 212 75 93 179 159 60 174 76 37 70 230 186 74 51 54 154 118 77 49 38 168 84 41 166 163 135 202 46 195 109 152 112 146 34 196 72 
94 : 100 85 215 201 143 202 232 81 128 141 245 77 162 117 214 101 116 222 206 204 125 106 181 140 83 138 233 237 217 94 149 208 35 185 242 189 31 165 115 241 41 102 71 144 239 160 203 37 105 135 137 
95 : 127 213 174 113 190 138 173 135 171 30 124 34 49 211 242 125 83 140 180 35 223 111 170 233 109 103 220 165 84 241 65 152 153 229 194 199 107 112 
96 : 78 150 169 67 64 82 39 210 91 94 75 173 62 195 209 79 56 42 157 130 179 33 213 248 165 119 219 105 128 121 138 155 54 113 212 27 115 152 140 81 207 231 176 87 106 46 238 216 89 90 58 182 88 233 192 137 237 59 32 76 102 126 98 167 
97 : 96 105 218 48 82 30 204 189 76 229 106 210 52 186 199 62 120 63 181 195 31 151 130 110 196 37 232 223 72 109 145 85 100 49 66 140 97 246 185 216 156 173 158 222 236 68 149 144 121 248 92 27 170 34 159 86 244 240 111 209 56 193 203 29 
98 : 112 86 233 185 43 69 37 164 226 74 245 35 29 33 92 110 168 93 141 139 225 54 102 120 200 67 242 26 214 57 184 56 76 194 241 187 114 239 41 63 111 
99 : 45 139 26 133 150 236 164 49 143 237 50 35 230 40 60 180 85 30 44 87 66 212 245 175 225 186 62 107 193 72 219 204 158 199 206 194 246 188 155 99 100 118 93 
100 : 123 118 224 63 216 68 95 60 86 47 67 48 99 197 104 100 221 213 66 157 215 143 115 151 181 65 101 153 204 108 29 207 34 147 46 88 64 79 244 164 
101 : 147 194 175 179 36 41 182 60 71 58 152 125 115 99 246 177 214 107 241 132 238 203 237 208 49 25 210 146 225 114 30 140 53 193 229 233 100 176 153 93 29 215 98 174 43 148 163 47 165 106 192 239 128 79 242 26 248 
102 : 226 224 235 182 162 154 227 56 173 70 210 198 180 26 147 35 142 48 159 34 110 149 153 42 62 138 118 51 45 86 87 161 234 192 63 104 200 108 222 236 158 204 72 
103 : 172 185 71 204 237 136 30 51 169 60 118 202 221 70 81 39 167 155 67 92 95 134 153 208 236 205 146 78 231 177 86 245 91 228 100 101 242 50 198 93 
104 : 48 27 98 138 142 203 188 30 83 39 217 187 159 32 248 59 158 68 164 165 57 69 147 176 95 126 111 137 168 61 139 99 246 146 96 38 135 106 179 213 74 169 208 157 125 219 63 40 127 218 37 191 195 216 174 115 154 
105 : 74 170 214 218 185 118 236 247 72 144 93 154 85 140 238 120 166 117 34 80 163 194 149 204 78 224 98 50 234 168 55 219 42 
106 : 101 70 149 69 81 82 142 66 167 105 31 96 56 43 28 219 148 158 174 115 127 238 92 116 122 248 131 108 207 84 94 37 134 239 195 172 211 173 
107 : 204 152 132 199 57 75 103 67 126 68 198 122 91 83 245 168 137 206 234 64 192 149 58 173 215 189 138 144 34 247 79 131 240 216 142 143 183 211 125 56 214 155 205 53 50 25 164 223 136 186 128 100 119 97 207 187 241 110 184 248 185 158 105 
108 : 240 123 85 206 132 108 185 151 196 109 104 218 195 31 91 111 58 215 173 100 247 77 234 241 67 98 182 63 229 97 70 192 55 243 230 120 140 177 223 170 105 142 172 89 183 158 
109 : 221 152 119 52 225 224 197 189 237 167 238 123 217 145 142 77 54 127 183 99 187 202 194 219 93 231 122 218 128 48 82 60 100 112 76 246 131 104 163 241 162 55 75 216 222 170 249 106 110 116 140 239 171 50 84 185 196 113 139 
110 : 124 209 175 157 119 115 41 148 207 142 100 213 140 25 239 216 75 172 156 35 197 64 77 71 121 178 245 241 53 44 243 228 89 43 50 113 189 108 224 181 40 195 27 223 155 230 69 173 151 96 158 
111 : 222 142 115 155 187 69 248 241 120 209 194 79 134 242 54 175 143 84 103 123 176 65 53 152 70 94 107 213 146 36 124 26 177 141 31 245 80 171 196 61 158 128 246 230 144 202 211 207 40 62 183 49 122 83 108 243 214 68 
112 : 214 128 27 84 234 132 67 80 235 38 201 117 232 131 222 70 96 138 249 87 236 197 186 37 106 79 135 55 75 209 
113 : 202 111 107 29 166 245 132 179 74 235 170 206 95 236 56 172 59 70 217 82 114 91 67 174 103 106 64 109 188 112 126 203 115 215 164 148 191 186 173 155 
114 : 63 187 90 241 242 172 152 249 77 84 85 175 51 177 235 47 89 140 95 41 206 150 72 194 183 122 119 148 48 126 213 137 97 218 196 53 134 227 49 155 70 154 118 201 144 164 
115 : 153 222 180 133 31 104 164 93 35 126 242 205 68 69 162 217 167 77 56 148 55 172 79 229 201 186 157 33 128 34 105 230 175 82 246 213 135 176 40 39 44 61 194 193 92 101 71 178 143 168 225 235 
116 : 43 203 231 221 230 44 208 170 53 154 182 195 244 37 31 46 80 172 209 217 239 187 55 110 207 28 84 192 72 228 180 163 91 138 40 161 151 196 120 30 74 200 168 242 101 162 75 145 123 201 147 61 133 210 107 94 
117 : 224 164 183 79 74 157 145 222 143 69 204 158 107 104 236 62 84 159 227 180 190 122 39 126 31 169 71 57 176 165 156 188 245 106 52 29 117 155 105 208 171 192 243 54 214 131 237 51 173 120 135 166 100 129 196 121 110 25 205 217 220 66 58 
118 : 76 125 182 197 143 77 112 228 138 239 63 227 122 90 98 222 75 101 210 129 28 116 173 69 45 106 233 242 229 
119 : 49 26 46 125 233 76 60 35 57 54 50 235 144 38 164 89 47 191 146 148 183 132 45 79 192 55 119 93 34 158 25 219 196 187 97 66 214 211 160 29 91 105 213 43 188 82 129 173 117 174 206 170 224 133 240 130 239 190 53 68 140 
120 : 192 76 32 236 218 103 43 199 246 162 42 139 186 198 158 183 161 240 160 25 226 238 206 47 98 176 135 137 217 69 64 106 213 211 111 142 166 79 207 222 163 60 107 74 247 219 53 227 154 148 224 115 77 225 30 93 147 223 136 195 100 84 
121 : 135 131 168 203 84 115 141 111 118 176 206 60 93 216 117 87 154 69 196 170 37 245 244 120 64 232 189 36 149 227 224 242 214 235 223 193 98 163 70 35 55 96 81 158 204 40 104 161 165 191 58 45 62 192 
122 : 112 25 109 226 196 241 132 74 100 138 180 195 176 27 230 202 108 110 222 121 61 42 31 212 247 38 85 188 205 98 157 209 
123 : 104 77 232 110 100 115 202 219 118 157 92 185 133 182 228 240 127 101 46 154 210 243 61 84 207 26 117 144 137 145 146 155 33 81 226 116 239 108 148 159 32 53 161 230 175 152 119 139 163 43 44 227 76 82 
124 : 234 109 119 224 237 179 67 222 143 132 145 78 45 142 202 199 86 249 131 41 173 148 111 101 219 89 37 163 207 238 70 138 201 174 198 57 152 63 223 44 176 25 220 141 188 156 33 158 203 172 121 210 164 108 181 154 72 112 192 
125 : 142 190 214 238 54 231 107 235 115 163 55 218 169 220 46 108 165 50 61 89 182 98 76 230 196 93 161 127 59 242 43 79 236 
126 : 231 80 243 155 200 212 27 138 174 232 187 54 166 36 142 235 68 61 209 40 179 37 74 178 136 171 70 143 241 228 224 146 77 59 107 69 156 219 100 97 198 94 103 137 127 234 199 169 71 35 117 101 48 152 139 227 196 39 177 
127 : 244 205 206 170 127 155 237 58 249 204 248 213 55 73 132 197 35 142 174 86 182 25 40 74 107 114 91 172 223 109 163 183 207 161 152 44 201 102 106 87 89 196 117 71 216 77 100 230 203 51 156 169 50 
128 : 172 32 42 112 72 118 232 139 98 140 243 183 194 124 249 38 75 168 88 166 176 26 200 145 147 126 104 244 150 91 76 226 178 193 105 159 167 82 230 
129 : 68 36 249 82 112 105 245 192 54 195 127 247 184 203 177 178 148 228 152 234 202 153 198 33 78 229 71 66 204 160 138 51 118 147 81 209 210 37 221 190 114 101 34 88 29 167 132 140 170 223 169 164 165 117 79 211 175 213 131 92 
130 : 168 69 140 190 49 159 212 183 96 117 90 236 176 93 129 188 240 38 48 39 161 221 185 166 79 101 122 143 124 160 205 32 158 242 247 207 
131 : 180 199 146 119 40 73 174 148 104 205 150 171 221 143 223 83 67 115 54 208 243 231 116 246 71 125 103 129 100 229 183 242 65 63 175 93 248 58 206 168 28 
132 : 63 199 111 193 115 223 45 127 91 152 203 31 143 227 77 57 222 195 232 248 138 32 44 213 156 225 239 41 76 153 106 
133 : 31 190 246 208 199 174 165 147 131 66 212 233 122 206 25 181 191 248 232 33 52 220 57 148 214 60 90 71 108 101 
134 : 212 94 156 83 198 43 148 112 58 104 130 195 133 161 46 42 64 238 177 76 54 202 71 100 204 34 128 118 
135 : 187 72 209 103 114 101 88 97 231 115 191 208 113 214 149 98 117 233 178 54 166 151 68 228 133 104 173 179 216 220 100 168 245 169 80 172 185 44 157 138 82 119 63 137 73 
136 : 230 131 215 241 137 182 142 109 112 227 55 194 249 118 49 33 195 196 75 133 38 26 86 212 160 220 54 151 229 171 141 93 144 168 78 96 82 154 161 
137 : 207 25 241 90 84 96 88 225 170 121 62 223 68 111 105 45 27 222 182 231 134 240 235 154 104 249 82 248 99 29 77 118 184 58 
138 : 240 218 169 42 186 155 170 59 106 90 220 168 138 224 118 216 193 228 52 201 67 89 205 98 58 230 63 79 87 56 76 47 92 39 31 162 200 62 41 68 85 43 244 101 190 210 209 207 177 159 188 217 203 206 146 248 222 
139 : 75 219 94 71 239 176 187 172 61 194 211 37 122 223 65 160 192 63 179 141 124 131 33 249 95 169 60 89 126 199 115 222 90 53 105 191 117 57 136 167 32 183 212 87 208 135 35 155 93 177 193 101 203 246 118 215 200 175 154 31 55 
140 : 215 87 93 144 143 63 52 193 239 180 169 246 171 216 45 123 184 126 236 218 224 44 237 234 46 120 172 31 38 153 70 161 220 76 110 27 139 124 149 83 233 243 72 58 140 174 112 127 78 136 90 201 113 181 142 212 94 204 178 145 39 247 238 
141 : 148 158 198 128 165 240 219 229 232 221 231 125 54 120 76 207 205 171 101 208 82 27 157 38 216 146 236 81 70 209 80 84 172 42 64 45 173 202 115 191 26 140 56 189 90 228 239 53 28 170 105 187 88 183 213 137 163 29 166 150 126 
142 : 47 205 196 33 199 180 114 124 53 127 77 170 143 238 132 116 27 92 128 105 188 154 177 89 37 246 220 191 155 221 43 150 119 101 133 121 144 141 85 160 149 137 73 94 218 187 161 189 68 156 38 
143 : 238 111 99 247 94 241 117 75 219 137 182 142 49 125 249 55 102 71 46 152 56 37 143 245 233 217 162 167 39 236 30 31 212 61 168 194 248 80 122 33 151 172 85 113 158 131 58 59 164 148 89 
144 : 178 189 125 152 113 247 245 241 75 224 88 169 138 144 160 97 70 205 58 96 105 111 240 177 203 206 171 145 172 133 218 59 229 168 89 76 123 94 201 62 119 227 93 63 236 246 233 41 65 47 29 84 214 149 86 216 141 55 60 118 135 181 
145 : 158 169 69 150 108 165 196 226 121 248 111 213 103 159 187 224 210 175 174 144 185 223 182 100 201 92 46 173 82 128 138 194 102 199 
146 : 158 222 242 145 54 55 112 143 61 72 149 229 171 126 225 141 177 97 186 134 156 181 180 94 160 179 82 39 205 137 208 38 183 172 235 244 100 115 102 135 124 185 35 110 96 103 99 200 87 178 193 167 243 176 
147 : 43 193 51 47 167 31 73 244 88 121 160 208 223 48 184 76 87 37 236 100 148 35 149 53 136 103 34 153 204 97 155 222 
148 : 126 108 247 177 146 89 180 82 53 205 248 193 87 162 50 32 103 96 173 119 149 61 72 219 81 40 200 130 140 151 69 100 91 78 157 135 224 74 47 111 62 185 132 243 175 217 117 41 201 102 
149 : 96 45 206 183 44 210 248 124 181 225 97 240 133 209 188 161 101 134 160 245 95 32 193 228 238 205 164 220 172 200 151 70 69 116 174 159 57 82 85 215 30 158 27 198 66 37 147 40 204 207 42 
150 : 164 117 37 71 200 101 116 194 35 93 207 57 177 123 45 178 95 211 85 42 186 122 47 191 228 48 109 159 61 104 67 39 43 217 66 226 107 208 36 111 139 
151 : 233 177 65 145 138 31 41 120 26 129 112 150 248 97 153 173 175 115 187 75 139 154 229 231 245 220 141 142 197 68 192 243 96 84 103 201 199 116 108 114 
152 : 26 87 90 136 30 60 84 154 123 156 64 242 232 158 235 243 195 36 56 110 179 68 78 43 127 79 162 108 125 193 182 114 249 72 144 183 164 148 248 39 223 132 29 247 133 150 33 85 81 
153 : 41 153 92 121 192 195 181 188 182 225 210 136 204 33 161 156 193 203 235 76 221 217 152 71 218 83 42 52 84 171 154 112 80 227 141 62 189 226 155 40 126 241 249 200 224 158 65 213 79 148 172 35 151 
154 : 36 194 237 244 167 48 172 199 44 227 120 200 56 173 195 201 132 126 45 161 186 175 96 193 210 119 74 54 134 231 168 189 142 159 43 35 123 62 103 26 53 113 151 135 122 216 236 138 
155 : 236 143 127 57 138 219 205 75 107 207 162 69 192 175 95 203 72 234 166 41 221 25 50 184 185 40 112 111 31 94 210 
156 : 247 209 139 103 93 137 75 150 149 56 234 204 141 109 49 59 235 67 222 173 180 74 95 199 51 88 169 177 207 221 190 57 63 156 248 47 100 44 167 163 244 197 106 165 52 32 158 53 89 97 200 46 142 
157 : 59 175 141 97 66 80 197 87 50 30 198 130 26 63 88 91 85 200 48 155 150 245 114 194 176 86 242 83 145 160 159 196 166 
158 : 243 103 203 246 242 143 204 167 209 210 199 159 51 235 43 109 25 75 134 68 218 113 80 161 223 26 141 171 76 160 
159 : 97 192 91 207 150 236 106 195 199 83 210 98 131 225 157 102 249 48 204 81 185 96 151 104 220 85 194 242 75 200 68 224 70 215 209 138 33 130 93 178 53 177 32 232 221 46 94 90 227 208 128 134 246 163 237 63 80 34 146 
160 : 45 91 230 112 249 201 172 86 168 114 163 141 100 121 185 107 133 204 193 135 198 214 43 69 102 213 228 189 110 158 237 118 194 155 171 76 95 147 117 142 130 
161 : 97 230 106 140 233 37 33 134 34 68 101 185 32 197 118 105 170 142 238 114 92 161 79 192 115 194 61 141 163 205 124 100 102 190 148 178 66 113 51 57 247 78 213 26 129 242 183 215 227 175 82 75 69 179 49 162 54 153 219 204 137 
162 : 226 219 248 191 202 182 89 136 129 74 187 153 169 36 204 82 239 37 212 108 113 196 185 79 155 68 77 227 200 130 57 
163 : 72 151 56 248 189 165 169 242 186 79 217 149 44 114 53 196 230 113 223 235 104 90 66 55 236 89 92 110 173 88 97 120 52 105 34 209 130 180 146 157 166 122 41 238 247 84 47 111 28 70 78 228 123 58 117 29 241 
164 : 107 90 40 241 68 82 96 245 166 98 43 201 226 145 73 149 210 186 138 235 159 119 209 74 52 223 176 75 219 238 85 161 95 99 143 92 204 195 111 54 155 102 140 213 180 136 187 42 190 
165 : 139 158 135 131 213 165 93 61 179 152 153 185 138 134 44 211 32 226 222 81 48 36 45 221 126 168 249 232 132 
166 : 148 242 226 38 57 30 106 59 193 152 124 39 102 113 147 167 133 71 93 237 27 188 118 98 79 239 181 138 153 65 176 137 126 214 182 209 218 42 162 234 47 109 73 170 78 132 191 225 228 89 53 116 144 90 87 64 243 101 115 229 
167 : 65 174 78 111 155 199 247 56 51 91 113 177 79 105 205 60 158 179 115 46 44 107 131 197 73 110 116 159 215 125 87 93 157 184 63 92 36 241 160 192 94 194 212 175 221 67 226 100 123 
168 : 185 51 168 222 146 113 95 193 72 200 60 39 63 59 128 114 28 205 129 105 40 120 123 203 126 249 208 64 61 236 215 169 246 153 
169 : 184 155 175 166 88 139 231 168 84 129 74 222 141 209 151 72 213 77 174 108 36 127 55 245 67 47 130 48 218 157 195 25 131 208 178 220 167 197 92 164 81 199 68 69 249 149 135 215 121 109 53 50 44 26 225 180 
170 : 184 236 124 46 176 105 223 72 85 32 147 121 183 33 203 108 38 58 123 195 40 235 109 101 55 94 116 212 159 193 89 52 111 117 75 243 65 26 241 226 249 128 70 238 172 50 192 134 229 97 151 119 93 91 157 
171 : 164 51 93 196 120 218 47 157 232 103 41 75 30 96 148 151 215 234 241 76 249 40 224 162 90 98 82 140 42 226 248 186 86 108 130 55 176 172 158 67 209 142 114 
172 : 100 96 233 174 150 70 26 45 203 136 155 146 113 55 239 107 183 213 98 181 144 215 77 41 99 81 88 135 230 74 191 224 134 78 121 132 173 53 124 40 221 207 130 31 227 232 170 36 201 165 238 137 237 52 152 73 27 59 93 248 108 43 75 
173 : 173 45 113 129 143 134 171 31 158 204 147 66 139 160 216 245 80 206 29 166 133 142 146 122 212 140 63 106 101 196 233 103 41 95 58 163 201 213 138 76 56 151 112 77 181 83 194 104 179 180 170 192 249 74 240 28 72 34 59 221 43 205 184 
174 : 229 238 170 193 110 248 166 48 55 236 195 80 205 188 56 186 116 227 209 212 152 121 156 73 107 125 89 191 81 200 58 245 151 60 88 149 225 105 106 172 137 182 219 122 147 189 39 224 231 103 203 161 228 181 71 246 158 126 68 211 120 202 
175 : 52 144 100 188 211 158 234 142 164 91 138 25 48 157 34 99 129 152 72 232 151 53 145 141 103 215 
176 : 172 194 219 122 61 56 157 154 33 243 233 245 124 60 42 236 150 241 238 77 63 131 82 195 242 248 26 170 171 166 138 197 57 80 84 
177 : 217 50 215 240 48 158 181 35 109 41 62 230 37 218 105 202 226 73 45 231 164 71 153 149 163 177 102 191 66 241 216 
178 : 67 125 62 161 75 111 229 66 46 210 171 197 233 44 116 126 80 124 212 175 52 224 217 206 244 207 133 78 181 
179 : 165 155 228 194 214 126 230 205 82 131 96 120 211 146 117 119 35 109 190 115 176 43 239 57 167 133 63 56 209 29 110 240 184 195 132 137 118 88 234 
180 : 249 49 222 70 109 148 248 140 186 208 213 232 105 30 86 120 211 226 240 237 74 147 136 216 123 182 205 220 55 178 
181 : 163 232 201 165 108 45 188 235 180 112 51 221 207 103 218 36 129 210 66 238 31 29 200 159 157 57 153 
182 : 247 76 122 197 165 211 232 212 78 249 74 240 228 217 114 29 229 173 125 58 28 82 116 187 162 163 81 148 54 77 169 220 90 208 87 246 65 190 50 127 123 170 96 107 32 45 218 191 56 245 204 
183 : 162 226 215 101 244 92 136 40 141 246 192 36 232 105 240 173 189 239 164 59 146 159 187 199 119 76 32 
184 : 173 71 45 66 200 125 72 55 89 91 153 46 245 171 187 210 136 230 149 107 103 242 128 119 198 182 159 31 219 142 124 223 87 246 85 96 176 94 221 218 134 190 209 100 154 
185 : 66 237 63 50 205 204 129 53 58 119 223 93 244 165 155 89 107 90 94 185 116 38 137 91 144 84 214 31 124 45 240 168 106 82 151 200 230 157 71 70 203 227 171 178 167 217 133 40 
186 : 73 170 246 166 212 179 232 52 249 32 223 156 210 97 207 102 168 40 185 36 218 49 44 95 151 191 183 103 72 215 70 39 89 46 105 60 84 153 30 226 111 150 160 205 121 225 94 114 82 140 188 142 236 124 76 214 180 245 68 28 
187 : 51 199 48 200 227 135 205 41 40 232 75 246 101 84 71 43 192 162 206 239 123 67 214 248 218 94 117 124 108 58 95 245 130 69 142 247 46 81 249 35 
188 : 212 124 189 172 220 30 125 77 234 182 41 248 113 53 76 42 221 61 55 158 173 145 181 142 191 236 52 180 205 149 209 37 79 72 71 240 47 208 210 200 49 102 167 62 228 204 84 165 
189 : 65 186 59 53 97 238 221 184 71 177 27 125 208 87 234 245 131 138 182 178 106 30 232 70 215 104 81 133 152 42 141 158 39 151 117 201 236 127 148 192 43 110 58 88 225 66 84 
190 : 164 65 240 54 230 102 137 155 140 113 99 145 190 242 103 209 26 181 248 235 28 86 171 168 191 247 183 172 162 144 231 185 41 158 121 53 108 238 64 134 45 141 188 66 38 246 82 178 94 112 78 152 232 
191 : 217 59 138 32 182 53 44 149 144 169 56 68 42 103 143 249 167 233 230 200 153 77 107 76 81 243 133 125 246 
192 : 177 218 162 126 140 172 170 113 214 39 181 211 189 27 118 243 213 184 99 78 158 220 193 51 145 217 91 247 38 108 240 84 114 191 249 61 208 92 87 239 173 41 103 148 120 183 119 152 80 74 195 164 202 62 190 48 58 227 130 121 
193 : 145 203 221 30 55 125 156 166 249 223 115 92 141 49 113 135 105 140 177 204 58 136 35 25 237 132 93 208 195 176 84 137 160 241 159 32 150 206 91 
194 : 212 37 153 67 66 90 139 112 42 238 101 94 195 234 155 206 210 162 178 156 39 123 198 174 125 208 85 68 160 61 56 130 104 169 131 88 137 183 28 231 243 232 202 52 33 82 77 204 126 221 133 59 
195 : 140 186 229 225 46 170 233 157 25 123 48 65 49 235 75 86 175 162 164 81 138 132 126 85 207 116 97 205 163 50 60 142 144 210 71 55 168 
196 : 61 131 169 60 161 186 167 111 56 204 178 172 89 235 88 106 44 154 66 133 122 86 50 194 246 160 126 101 151 134 34 52 91 182 84 127 159 125 153 176 244 144 63 183 173 95 93 74 119 58 180 112 170 197 116 
197 : 199 206 194 187 45 242 57 239 189 44 53 58 235 118 179 117 148 152 198 209 127 25 202 241 232 145 164 233 43 171 162 149 91 177 201 231 174 205 218 
198 : 147 153 158 207 92 127 38 57 237 81 170 68 37 125 182 95 192 32 123 71 72 75 179 27 93 
199 : 66 62 213 117 89 214 29 198 80 38 54 204 180 227 124 75 64 243 222 60 190 177 41 147 150 185 241 96 238 90 239 155 108 39 92 212 74 26 220 33 78 
200 : 207 225 158 154 119 83 206 34 70 177 191 101 108 120 116 87 178 112 139 90 218 214 75 246 201 148 170 149 210 81 197 67 42 58 
201 : 39 41 211 231 223 77 216 72 154 232 26 204 200 197 224 149 230 135 81 242 73 134 62 178 126 29 212 28 199 85 179 193 100 201 104 217 44 166 106 36 225 147 101 
202 : 212 151 227 207 172 173 143 187 93 181 79 33 52 157 39 225 161 230 42 198 183 98 154 111 82 109 195 139 234 169 66 77 208 56 62 106 65 122 57 159 117 210 148 49 170 245 123 222 126 186 135 
203 : 187 89 204 237 66 167 162 80 53 181 198 240 107 96 244 27 119 220 136 158 241 52 74 48 175 235 161 45 148 97 110 232 184 188 87 222 223 35 130 72 172 65 146 225 231 79 
204 : 204 239 214 218 27 50 79 57 234 126 119 205 36 63 124 237 112 37 61 85 81 59 196 191 223 233 219 92 108 201 231 117 93 167 114 103 86 123 94 132 173 72 206 70 83 54 155 110 118 138 226 
205 : 45 176 231 218 121 27 49 70 31 174 80 141 205 147 203 246 235 175 32 212 83 134 77 114 140 78 146 189 239 149 85 69 103 94 55 108 213 123 128 144 59 71 186 
206 : 119 174 25 111 102 58 85 62 124 145 112 222 120 141 195 43 238 183 99 155 45 236 181 243 56 88 177 122 212 172 128 163 207 41 129 67 241 211 191 63 100 186 147 89 26 93 247 
207 : 217 215 239 95 166 61 51 85 193 174 231 86 130 46 246 118 35 117 111 236 31 123 153 53 202 160 
208 : 219 77 120 146 137 231 46 170 205 216 79 38 103 245 88 98 99 171 197 75 106 118 81 151 210 26 91 102 92 43 192 66 33 36 
209 : 146 130 102 54 116 43 104 25 132 174 215 50 79 57 183 77 108 175 53 211 203 244 68 109 85 152 147 61 154 142 71 156 80 87 180 
210 : 130 208 114 232 87 137 38 105 216 176 143 152 161 135 169 191 241 229 52 201 210 133 188 94 120 33 224 195 101 
211 : 138 231 211 57 151 91 65 36 207 245 40 62 131 228 246 87 217 117 243 102 240 122 128 149 49 143 107 146 216 152 220 101 247 214 215 241 177 112 225 54 127 203 51 161 80 180 209 46 79 202 165 29 121 148 113 201 249 
212 : 206 57 135 90 66 79 203 112 162 239 91 122 31 219 43 208 83 230 241 213 248 68 137 44 54 74 88 225 134 36 197 55 212 157 150 202 159 
213 : 167 47 182 110 82 172 244 88 132 46 100 223 127 226 108 106 211 191 163 102 177 192 238 121 233 213 128 136 206 210 204 72 134 189 149 120 205 130 133 36 195 228 25 29 97 58 234 202 245 35 54 150 239 98 107 246 200 194 
214 : 179 100 25 42 239 224 220 102 165 90 54 139 128 130 79 157 201 191 29 232 246 58 126 94 66 143 123 32 154 249 116 204 144 189 98 150 190 129 105 86 64 
215 : 37 91 116 235 99 60 85 124 72 165 141 87 117 77 157 180 227 160 58 214 103 94 89 54 43 61 237 59 76 100 32 236 86 139 30 111 126 218 188 121 128 98 146 231 133 193 136 31 224 182 68 122 129 44 242 
216 : 100 106 122 137 110 135 115 201 125 124 113 88 238 167 25 126 153 245 184 138 52 133 196 92 120 102 152 192 94 237 144 186 239 162 85 131 117 78 169 103 147 243 90 26 58 61 179 222 146 70 203 212 198 57 142 202 183 36 46 69 219 
217 : 238 107 186 66 147 128 129 112 137 196 143 114 148 41 180 156 26 25 201 205 134 64 202 76 164 157 
218 : 108 222 162 149 177 27 235 111 201 91 69 187 71 123 81 103 31 112 200 179 52 233 114 189 229 87 120 35 193 211 216 176 191 238 240 184 77 
219 : 65 161 85 70 80 169 121 56 245 243 234 208 215 213 173 54 72 116 122 185 172 76 191 211 188 240 63 27 222 120 113 143 39 37 217 94 193 178 239 87 227 84 127 31 60 90 38 73 43 236 134 187 135 35 123 226 196 246 186 62 108 
220 : 202 173 40 67 66 93 134 223 189 71 224 33 143 170 55 100 235 109 214 49 244 169 75 148 46 38 176 236 35 110 181 228 208 213 249 174 243 212 107 216 187 129 
221 : 107 208 143 135 69 147 79 217 51 196 185 199 131 213 139 161 182 130 171 169 241 49 180 34 45 28 229 222 95 38 203 27 65 86 231 181 144 76 238 226 189 72 243 91 92 84 216 83 47 148 
222 : 123 239 238 49 160 215 226 194 151 227 232 146 225 158 105 244 179 162 235 100 125 118 102 90 39 87 132 153 199 63 32 97 170 112 85 166 211 155 
223 : 182 37 62 120 58 75 213 27 36 156 226 208 32 205 98 97 195 165 248 64 193 227 79 197 91 83 92 163 63 217 172 113 210 186 151 55 124 161 28 
224 : 137 77 224 81 40 53 167 173 62 136 199 140 42 25 219 101 171 63 243 240 247 238 102 129 233 
225 : 95 70 216 156 204 48 75 139 82 136 85 234 60 173 98 217 120 224 92 215 128 105 49 154 76 77 30 141 86 
226 : 71 58 183 122 61 197 203 56 160 232 116 113 178 134 217 189 101 242 182 227 43 60 104 111 194 149 222 84 26 129 235 40 196 206 179 240 98 49 99 32 223 243 
227 : 29 96 185 110 151 162 73 124 188 76 234 210 134 59 230 207 146 192 45 148 68 88 106 240 60 190 144 208 44 75 158 220 71 196 213 122 205 72 91 118 236 103 200 198 66 228 183 38 55 170 163 74 64 154 167 237 221 115 171 123 127 243 141 
228 : 55 235 179 208 184 163 122 130 58 51 180 96 223 50 230 159 90 201 215 194 183 79 158 88 85 187 239 236 182 100 219 204 173 31 97 106 
229 : 86 79 223 100 209 70 114 249 179 178 113 206 139 184 145 182 187 190 129 28 109 216 101 136 199 233 130 189 143 155 138 181 148 221 43 62 174 168 213 75 90 56 175 95 35 154 102 74 247 240 96 
230 : 113 231 225 189 112 136 103 183 248 121 137 75 94 111 241 106 249 108 145 125 164 73 104 171 40 63 91 87 80 216 109 132 114 243 149 161 143 120 62 160 52 201 
231 : 120 96 126 114 123 152 145 157 218 248 86 138 191 213 59 76 148 130 131 93 85 227 106 160 121 133 206 140 73 139 48 232 237 204 161 103 162 172 55 43 158 163 143 246 134 243 205 38 26 195 52 219 70 192 244 125 188 82 182 229 102 164 27 
232 : 166 143 104 149 106 227 66 71 190 182 147 72 216 207 212 156 213 39 64 153 169 92 120 192 78 223 100 74 97 
233 : 138 42 216 109 88 52 240 126 108 228 41 116 103 34 55 39 121 224 61 86 168 122 51 221 63 102 214 178 176 75 226 79 163 183 104 233 54 237 144 220 127 246 203 68 207 162 188 120 143 129 64 244 
234 : 100 44 151 174 216 243 202 154 231 27 142 62 244 236 28 238 123 190 230 120 56 212 74 249 208 157 131 227 175 180 29 106 242 37 121 225 101 119 185 181 40 234 112 132 133 124 179 104 206 198 245 
235 : 246 85 43 139 112 37 232 58 105 107 54 235 211 226 46 66 245 80 113 210 143 230 247 196 224 
236 : 240 222 26 148 239 163 120 143 78 189 63 209 124 27 204 36 161 83 151 88 235 68 65 144 146 188 212 89 176 169 203 33 218 134 196 48 174 165 90 123 59 181 192 135 64 113 122 237 232 92 61 32 116 87 96 141 230 140 187 77 162 
237 : 27 43 148 138 91 160 211 182 61 242 156 170 214 46 189 67 199 226 173 185 196 111 60 145 56 177 168 123 78 118 53 139 35 203 103 202 150 72 42 146 157 241 40 236 
238 : 158 201 116 141 171 209 90 96 125 65 102 36 82 93 31 143 190 53 140 80 231 60 46 172 45 162 188 52 104 193 248 225 55 58 233 126 108 64 164 196 220 88 189 119 124 43 198 63 232 147 176 30 49 109 34 204 151 177 239 192 83 133 57 178 
239 : 26 61 65 30 238 104 31 128 37 219 139 156 195 101 237 94 173 140 83 162 85 133 125 115 199 132 68 73 221 70 183 154 81 236 206 191 235 208 211 187 59 62 40 200 46 60 159 72 137 57 36 182 127 58 99 196 64 175 108 213 96 
240 : 176 98 122 188 82 52 245 179 137 29 172 162 228 151 177 132 203 112 240 27 205 89 191 163 95 46 133 196 59 70 123 125 88 215 236 71 94 80 115 239 68 56 154 105 195 143 136 202 120 234 199 42 168 248 65 140 164 58 224 87 166 
241 : 174 240 88 37 235 145 107 91 216 90 148 182 149 67 232 139 87 27 83 153 194 101 141 227 93 172 44 80 170 77 142 203 55 242 179 151 144 205 94 39 31 98 189 95 33 191 118 225 152 103 123 85 168 29 125 221 50 58 133 102 92 56 137 134 
242 : 119 218 43 123 83 31 197 95 205 210 101 130 120 172 220 42 86 52 225 64 53 232 133 142 69 129 192 116 50 60 229 181 237 177 106 56 167 246 247 33 104 28 
243 : 92 59 75 137 181 70 196 49 163 209 45 60 34 231 204 35 46 102 50 203 57 81 211 61 63 149 40 219 52 180 165 155 51 41 115 55 128 215 200 220 169 236 143 118 37 147 113 168 125 167 187 190 
244 : 154 237 224 119 239 70 96 95 244 147 55 157 122 233 209 191 101 187 216 97 184 162 243 73 61 180 123 145 114 46 168 124 54 52 48 50 156 226 186 118 149 221 231 56 158 248 246 75 150 36 138 44 72 
245 : 37 92 178 118 53 159 34 41 67 216 221 234 197 138 175 146 68 247 124 89 195 198 108 232 120 103 229 165 90 208 33 98 99 176 147 166 213 52 164 188 42 227 231 26 246 133 78 219 193 162 107 91 121 75 210 177 93 
246 : 35 59 33 52 98 212 207 55 109 103 158 174 142 137 49 133 160 37 144 221 236 71 118 203 115 135 237 30 82 234 56 223 215 175 69 65 134 145 
247 : 62 70 200 55 60 205 59 31 142 242 175 227 181 198 146 45 84 199 141 164 108 172 195 233 166 165 78 130 
248 : 88 156 110 29 140 92 47 210 126 141 144 192 139 162 107 205 228 131 41 238 177 226 67 213 28 174 151 104 78 70 96 105 52 101 185 143 72 74 189 113 38 40 76 214 114 26 246 223 
249 : 55 28 171 57 236 135 27 80 95 105 62 195 87 235 61 38 89 222 247 69 56 65 228 47 186 183 81 54 
250 : 42 35 69 182 200 169 168 125 177 158 161 87 171 173 238 241 33 205 124 107 62 47 217 203 166 101 123 93 179 156 89 222 29 51 94 111 225 194 240 178 49 55 229 34 28 135 202 154 118 121 
251 : 213 238 182 151 242 145 78 33 26 110 167 170 64 160 104 138 153 159 171 202 55 75 235 98 199 155 29 91 136 93 152 
252 : 159 57 56 110 220 128 228 225 93 45 237 248 179 207 54 90 236 51 216 217 65 61 152 183 85 35 120 29 165 111 100 33 
253 : 246 177 174 91 179 36 116 220 237 53 233 236 149 102 176 159 144 52 134 63 206 162 188 156 99 224 153 197 187 111 120 51 226 225 94 45 145 232 128 54 56 167 150 137 122 157 49 235 66 230 39 114 98 221 208 72 96 178 93 
254 : 161 234 90 176 212 180 142 238 150 208 170 190 69 25 143 227 128 97 187 210 59 184 225 168 120 245 163 223 139 156 164 71 134 155 61 219 204 131 140 
255 : 191 67 158 70 222 134 201 143 237 86 102 215 137 235 210 239 213 44 50 167 238 128 38 175 80 146 29 151 31 125 144 103 79 28 152 147 75 176 163 205 116 63 138 56 180 107 166 113 203 85 
256 : 207 223 62 149 55 190 60 27 179 195 180 181 59 173 87 159 238 133 210 31 82 130 229 197 218 157 84 66 110 46 205 193 81 183 127 65 191 168 217 100 226 120 34 109 174 25 175 126 209 248 121 219 90 147 93 162 71 234 52 247 170 135 107 
257 : 170 167 212 208 66 109 197 151 92 42 72 44 174 38 56 154 168 173 31 30 123 152 169 143 49 246 85 52 57 106 
258 : 86 165 220 201 172 73 115 190 119 88 202 62 58 40 154 196 184 135 198 83 170 43 162 187 134 85 178 61 205 132 149 173 157 112 129 235 75 76 193 163 144 209 126 142 244 242 64 239 71 113 186 63 148 
259 : 200 218 210 176 174 69 37 128 131 220 99 171 111 139 36 41 181 117 85 75 194 180 212 115 209 240 234 239 88 226 64 137 214 
260 : 155 62 174 215 108 248 181 140 73 169 52 63 218 222 143 25 82 32 36 79 211 136 135 49 134 54 
261 : 63 158 122 31 47 150 161 126 57 221 224 210 41 243 124 170 208 193 163 66 80 215 38 244 180 96 35 29 245 33 115 171 70 55 45 174 191 181 116 236 167 119 148 230 
262 : 176 148 144 193 81 61 227 90 135 204 195 165 72 121 84 98 242 241 86 182 157 73 166 185 156 95 82 184 169 172 160 232 158 215 103 113 207 71 35 136 247 219 94 233 245 222 220 199 139 79 147 202 109 76 119 175 212 51 114 92 57 
263 : 110 163 208 98 28 167 56 86 100 195 235 160 47 200 229 176 53 109 225 107 101 25 69 97 33 95 
264 : 248 98 38 103 159 89 167 61 131 153 212 97 106 246 79 184 133 123 233 163 193 124 110 191 236 208 96 179 42 54 169 64 107 63 249 227 46 194 59 31 161 35 87 214 
265 : 34 42 122 87 69 109 45 133 174 138 220 200 221 64 106 50 36 79 157 123 248 158 48 71 70 90 114 68 147 56 136 78 86 60 125 240 193 234 155 150 
266 : 43 153 175 86 150 31 121 159 59 205 225 141 34 236 56 158 226 166 58 211 27 114 235 168 167 
267 : 134 203 188 138 191 164 176 169 98 142 236 105 25 141 153 175 119 230 117 114 70 162 60 90 123 147 139 239 163 62 39 182 229 178 150 221 
268 : 83 25 96 116 152 117 210 35 157 75 59 98 125 248 207 80 241 40 76 28 205 147 191 158 243 182 156 237 220 94 85 107 131 
269 : 36 171 156 197 97 40 199 65 138 205 45 112 32 120 62 101 68 63 66 55 208 43 92 50 166 236 129 183 163 233 110 90 179 127 70 227 88 229 71 222 182 189 96 150 216 243 248 162 232 41 57 126 247 154 131 192 44 77 213 79 215 
270 : 167 28 204 32 73 143 222 185 148 89 236 70 43 246 160 173 74 226 82 146 64 86 33 128 141 68 212 52 206 63 174 53 219 111 229 27 51 122 54 233 172 57 186 76 93 221 175 209 81 145 124 113 203 56 162 192 161 127 184 152 214 142 61 
271 : 215 60 209 116 55 134 166 93 203 137 38 153 248 185 245 97 220 112 161 236 208 123 240 49 41 232 96 192 177 
272 : 166 59 214 46 107 205 93 178 164 148 109 217 88 231 176 127 47 168 94 156 228 100 157 188 31 197 139 69 175 25 234 223 198 169 110 38 73 226 117 52 86 132 28 34 70 196 
273 : 104 101 47 238 242 165 41 166 27 190 38 178 106 201 156 133 228 111 227 153 135 110 197 115 195 86 50 142 191 40 187 
274 : 126 215 164 167 128 156 123 203 239 146 89 101 94 113 192 198 114 137 75 52 242 106 208 147 58 68 245 151 51 86 182 111 43 57 214 237 152 207 171 205 
275 : 154 188 47 153 28 160 163 219 40 109 229 72 233 244 224 231 59 42 189 79 89 159 30 129 137 88 213 122 77 204 35 132 144 222 169 239 95 101 249 149 200 106 242 140 102 238 202 178 221 
276 : 86 33 171 67 145 243 194 231 64 45 48 169 170 212 125 89 221 242 249 162 137 193 53 240 191 101 164 172 220 135 211 66 238 56 130 210 244 73 30 230 209 248 34 247 183 98 102 103 228 74 173 199 29 41 151 142 59 166 79 69 155 65 146 182 
277 : 209 38 214 187 234 131 225 72 36 199 78 87 141 124 127 204 172 101 241 126 53 157 91 216 46 47 44 95 238 182 68 205 25 211 118 99 122 142 97 89 155 156 77 184 81 242 248 188 133 146 107 249 145 67 35 185 181 75 29 50 90 158 
278 : 126 152 246 153 146 235 168 27 192 109 59 114 197 236 222 55 32 63 167 185 26 187 84 209 67 80 165 
279 : 43 132 189 103 34 242 182 33 152 226 150 140 123 131 114 245 45 161 98 202 172 199 124 89 136 243 208 51 225 111 209 78 214 80 235 53 144 95 112 
280 : 83 188 134 182 230 54 220 94 137 187 224 179 26 153 178 200 227 150 244 202 96 233 40 177 89 174 101 161 25 173 160 228 204 32 67 60 191 195 99 184 109 79 65 
281 : 167 242 92 69 145 244 195 191 87 73 186 153 97 223 187 232 239 166 84 26 91 243 35 197 118 215 65 33 101 89 230 143 200 198 79 192 185 67 124 221 209 57 131 30 172 54 135 86 61 119 207 39 231 245 174 74 184 68 104 31 36 241 
282 : 209 201 131 148 43 78 94 108 161 129 25 45 163 219 63 77 113 38 65 130 110 55 37 192 156 30 144 67 68 50 48 60 166 167 105 75 224 245 234 107 76 214 199 142 104 195 57 88 189 126 99 228 157 79 194 162 229 
