0 : 96 130 113 71 242 165 135 221 126 32 93 43 199 166 244 190 206 42 35 115 90 196 145 161 153 120 123 68 237 121 39 137 107 175 50 105 168 217 100 133 85 210 134 40 200 247 220 119 25 69 195 225 162 94 108 83 198 232 109 117 141 46 88 116 56 125 146 173 214 76 183 243 212 149 53 194 178 38 167 
1 : 227 151 92 164 95 207 211 56 204 116 149 143 47 44 220 140 69 192 249 39 218 60 153 37 36 237 
2 : 120 65 78 110 183 230 46 82 150 136 158 67 161 146 203 129 35 30 212 237 76 88 197 121 205 55 215 173 243 90 130 83 25 33 226 40 51 227 50 166 141 219 52 148 210 80 140 85 220 94 81 
3 : 243 162 43 167 127 236 82 25 126 151 123 218 89 153 176 100 38 69 229 170 72 245 79 213 248 134 155 111 60 146 197 181 30 142 105 39 171 116 70 47 232 183 158 225 173 216 88 92 135 48 64 63 172 133 130 139 136 168 45 211 71 147 242 207 106 115 246 192 84 54 239 68 138 108 205 219 161 
4 : 62 212 198 227 122 169 98 161 183 43 94 216 66 119 89 248 178 171 39 37 78 209 51 239 180 181 195 167 49 163 217 205 124 221 84 170 179 243 88 126 127 146 202 166 28 228 186 173 48 81 215 61 57 67 55 130 86 53 190 187 222 245 226 241 189 168 182 102 63 74 97 85 
5 : 195 31 27 156 197 81 245 236 237 204 214 82 198 151 191 166 213 200 171 98 58 192 216 44 76 109 68 35 227 71 246 47 206 207 131 113 229 210 116 132 50 56 152 168 122 218 178 224 148 155 241 28 141 167 129 70 119 65 96 83 162 84 138 247 136 248 73 
6 : 136 225 222 94 219 100 231 127 246 146 51 196 96 149 46 242 70 125 29 54 243 179 202 74 76 212 82 91 215 37 71 168 160 
7 : 32 125 225 152 155 247 186 108 238 223 62 41 61 60 47 154 54 249 120 50 122 134 42 138 118 178 102 98 237 126 35 67 219 99 144 63 235 37 106 36 241 88 115 131 105 198 161 162 
8 : 222 34 223 89 103 224 66 178 38 163 133 113 57 156 176 39 130 231 108 134 59 239 60 162 214 202 46 99 195 117 104 226 
9 : 117 25 130 173 84 193 107 168 190 162 241 45 39 37 74 110 121 187 153 95 216 123 99 243 230 133 34 247 205 233 28 71 73 195 126 228 86 114 198 227 50 235 214 32 248 146 77 141 29 67 185 249 119 100 103 163 206 209 69 30 159 246 90 47 232 144 236 220 96 226 194 
10 : 197 183 109 33 157 208 191 85 138 71 137 62 215 92 164 116 96 123 214 199 225 211 113 186 167 86 162 60 101 210 184 37 195 221 237 127 173 140 198 139 176 181 146 205 
11 : 233 172 187 122 147 200 116 141 124 133 79 108 170 238 119 99 46 69 82 181 28 185 50 175 42 208 74 205 135 93 206 150 232 215 45 220 64 
12 : 89 189 29 207 77 154 116 53 46 146 85 215 128 131 98 92 33 34 186 64 124 100 99 223 184 132 102 153 71 103 213 225 219 164 201 168 
13 : 25 105 159 98 110 95 54 236 49 133 87 41 69 170 86 47 134 120 207 42 149 84 213 173 249 206 137 97 178 109 68 88 146 61 44 216 118 200 223 139 148 114 100 220 163 162 204 125 59 151 116 248 122 45 27 52 230 229 191 231 238 46 63 177 53 150 
14 : 125 121 204 192 72 245 57 221 160 138 206 126 238 179 50 197 130 229 241 93 209 218 184 141 211 51 27 36 217 150 119 96 249 104 231 244 220 195 105 82 74 216 134 122 64 47 190 212 40 90 109 85 165 236 182 67 66 230 39 63 112 38 205 148 161 183 
15 : 148 113 200 125 109 216 169 215 117 227 203 94 178 154 78 95 241 56 173 116 160 33 141 30 143 188 25 49 197 86 70 157 156 107 136 65 248 155 129 159 85 166 82 101 36 35 151 232 29 28 81 192 91 167 182 39 134 170 90 119 
16 : 64 179 242 83 218 96 139 209 107 144 50 75 231 38 187 163 27 136 79 78 71 108 240 29 241 66 73 214 197 95 194 182 219 246 44 140 134 183 34 211 92 87 132 115 226 238 101 185 245 61 138 30 98 178 116 203 99 102 249 172 208 166 158 150 221 229 91 
17 : 56 71 190 141 174 126 232 32 226 161 45 229 165 158 105 168 27 193 149 54 138 155 58 51 127 79 107 170 184 39 245 130 49 112 99 209 220 114 108 234 78 181 247 
18 : 215 38 221 149 35 186 179 242 92 113 126 200 176 134 45 143 238 214 57 159 131 103 197 102 191 63 46 98 110 133 40 180 198 112 212 72 121 100 107 153 116 44 190 220 81 173 147 114 168 51 181 86 156 201 73 91 37 109 237 247 146 175 162 55 50 94 
19 : 119 175 116 201 210 204 129 101 33 177 73 128 158 27 164 84 173 49 102 112 85 144 225 227 199 76 38 52 238 65 234 82 123 226 246 242 45 109 36 163 165 231 247 196 104 53 249 108 133 97 26 169 214 30 110 235 161 160 81 142 200 146 151 86 243 138 134 154 64 203 83 
20 : 139 151 193 195 94 191 156 105 75 84 111 59 148 61 233 196 28 158 190 204 51 72 218 93 173 96 107 62 234 189 232 177 30 159 31 175 199 180 169 29 40 85 57 226 230 88 222 181 205 86 220 245 
21 : 57 50 82 185 177 236 88 120 173 149 30 139 233 167 217 176 78 197 162 83 205 103 191 61 132 113 168 
22 : 92 98 69 220 65 137 73 161 52 221 210 230 144 196 158 70 180 206 80 67 131 59 123 160 185 111 62 240 234 108 81 117 154 173 116 156 68 164 49 64 244 218 246 229 90 245 231 214 30 183 
23 : 203 239 63 236 29 41 51 159 219 97 222 30 167 200 59 215 132 227 49 245 76 196 248 144 193 228 138 191 238 104 212 163 242 202 234 111 177 58 48 45 121 176 66 165 75 206 47 50 235 181 152 67 93 78 142 220 158 94 150 243 171 201 218 109 60 131 237 46 174 
24 : 220 164 148 162 134 133 74 191 217 125 209 50 236 108 196 207 94 249 106 44 183 147 206 152 223 218 79 160 237 204 186 76 47 194 135 244 234 117 36 228 35 30 184 25 85 27 90 242 78 231 111 37 116 48 185 138 140 72 139 126 31 105 213 70 96 51 86 214 113 225 60 121 226 
25 : 183 158 222 104 28 44 97 103 236 148 188 132 56 166 201 170 180 33 171 244 169 71 94 225 38 210 223 101 194 207 98 234 119 227 202 72 190 92 126 140 124 177 147 25 138 161 136 233 125 246 61 121 57 105 107 152 29 211 154 231 237 209 99 240 
26 : 233 92 182 188 227 214 154 144 226 80 238 104 220 94 207 125 164 186 119 98 38 58 63 211 210 170 93 65 165 142 124 194 148 209 133 221 111 31 128 118 114 243 239 175 179 152 155 39 230 200 173 162 99 43 201 66 77 84 42 120 
27 : 129 233 51 130 47 142 110 81 61 140 240 115 105 230 241 211 213 157 223 236 183 100 117 145 35 177 67 107 78 194 146 44 217 126 206 200 55 238 82 176 175 59 134 109 52 247 75 71 197 95 215 170 113 224 28 186 125 153 60 132 30 106 163 31 114 
28 : 60 247 221 212 83 33 229 87 178 59 31 182 143 119 52 93 197 118 173 198 214 192 233 36 174 244 69 98 81 160 159 148 102 231 116 65 28 54 183 104 78 57 43 207 151 242 209 156 169 106 149 188 61 226 121 170 154 191 101 227 232 213 86 25 120 134 203 63 128 130 234 89 152 146 30 223 
29 : 146 107 130 122 60 120 242 210 154 222 80 51 116 240 43 96 178 187 64 241 95 169 208 244 78 181 248 162 58 
30 : 163 143 36 44 68 141 188 226 88 91 42 50 202 148 59 184 246 217 128 110 220 233 49 35 104 245 196 234 218 63 240 101 179 200 121 71 142 112 186 182 38 132 
31 : 243 113 129 87 116 88 209 246 47 125 233 115 172 56 52 195 63 176 72 242 193 107 215 208 106 27 196 71 161 86 171 160 180 162 164 31 159 181 241 134 249 
32 : 61 226 49 187 136 33 209 200 235 146 101 172 139 167 191 97 54 216 152 74 197 178 183 227 159 82 217 31 240 211 154 60 147 38 222 192 92 108 109 165 41 143 162 53 58 150 
33 : 170 128 86 142 230 178 223 103 163 70 99 40 145 242 87 241 226 80 93 47 125 196 111 219 126 161 246 61 32 54 164 197 133 30 200 190 48 214 90 187 215 122 26 105 205 171 104 33 36 154 189 233 120 
34 : 70 26 38 195 192 32 121 200 73 133 248 136 59 104 130 199 163 184 66 65 68 222 40 129 42 61 176 164 151 119 201 57 100 153 98 217 145 246 71 249 208 117 245 37 156 212 55 27 179 223 148 230 67 106 
35 : 31 147 196 91 68 241 232 108 139 137 172 37 197 86 51 222 25 123 226 206 89 214 99 248 208 133 203 143 74 90 220 118 227 122 239 178 157 78 121 223 40 93 180 181 144 30 215 50 48 166 77 217 57 201 242 216 64 148 186 245 116 152 47 83 36 32 69 249 120 
36 : 90 164 208 177 221 222 91 196 218 85 119 207 111 172 197 165 99 230 151 65 220 87 154 42 168 209 143 182 180 50 97 63 45 167 127 75 27 118 238 191 106 135 70 129 46 53 66 113 49 174 236 248 194 115 56 117 189 136 
37 : 222 200 236 224 132 171 205 75 226 173 49 53 116 92 240 129 184 172 144 99 96 50 218 95 120 65 158 32 194 227 206 67 156 150 245 149 175 43 72 201 88 37 29 
38 : 132 191 86 158 209 82 100 31 225 161 208 183 194 107 219 41 172 40 116 33 162 65 212 143 156 184 200 131 109 125 167 35 94 
39 : 140 25 178 127 229 156 99 98 45 213 198 91 176 126 28 160 128 114 88 165 181 135 110 123 39 105 44 81 179 66 248 33 246 144 243 164 117 230 240 168 49 221 205 177 173 149 102 132 122 175 124 166 141 52 151 92 71 55 77 62 234 115 188 42 209 226 172 109 108 244 74 158 
40 : 225 112 38 183 113 130 35 43 84 219 54 138 223 172 120 158 214 220 118 194 162 228 155 139 126 49 57 212 236 191 46 94 119 27 238 227 99 59 53 141 72 88 159 51 83 193 208 178 188 205 81 216 176 85 180 148 115 173 186 78 29 239 91 224 117 106 104 198 
41 : 45 246 183 152 53 29 225 69 142 162 155 191 57 70 120 87 136 42 79 185 190 67 91 214 60 48 58 177 215 128 166 150 73 115 212 50 175 104 98 86 117 148 88 174 210 105 28 134 219 122 242 41 202 125 132 157 145 200 133 54 36 135 243 49 78 63 109 223 38 171 80 129 198 227 137 144 182 
42 : 75 228 104 207 109 49 176 197 106 135 94 63 84 248 227 124 216 54 225 150 136 88 74 40 127 69 182 217 174 65 125 175 57 196 37 219 138 222 66 230 102 90 195 92 130 238 166 123 212 153 96 235 77 178 139 70 133 27 45 177 82 118 202 105 55 30 190 149 221 234 53 163 28 171 241 242 
43 : 46 57 39 100 203 133 126 38 219 27 49 155 189 91 123 151 95 101 66 37 92 115 55 159 73 163 48 44 112 213 75 229 200 198 61 25 116 119 235 169 165 59 172 202 173 141 78 94 195 233 86 194 241 230 236 247 226 146 26 160 179 125 136 106 147 31 68 32 177 143 63 79 103 192 43 238 
44 : 49 234 133 182 217 174 74 188 118 220 231 108 26 228 110 187 165 197 31 243 196 36 61 89 190 195 209 170 29 191 44 201 206 140 177 161 232 77 46 157 94 183 176 146 219 132 58 180 226 241 76 72 75 126 57 
45 : 59 132 93 194 224 102 180 119 207 247 48 27 201 51 153 79 36 91 209 43 121 230 157 178 243 229 94 
46 : 42 121 80 150 248 190 226 93 198 220 137 90 52 169 129 221 138 123 235 87 157 197 234 212 187 161 168 171 191 149 112 180 192 98 51 167 177 215 32 162 68 158 60 122 114 99 33 66 164 78 131 155 139 243 45 54 244 116 39 36 204 100 240 153 219 242 46 181 38 236 
47 : 35 180 74 60 62 108 131 172 79 77 155 87 96 159 53 84 68 154 104 32 229 238 194 25 89 149 92 30 100 124 129 110 34 157 72 66 41 
48 : 186 135 64 167 163 242 94 240 33 98 68 225 197 106 121 143 128 133 208 59 199 161 247 84 212 209 26 71 69 58 129 243 
49 : 84 148 165 42 224 114 87 175 94 70 227 28 150 46 106 122 27 54 55 161 44 56 32 170 194 238 63 197 210 99 144 88 246 102 67 163 80 217 131 233 
50 : 157 94 88 199 243 239 92 130 109 25 146 152 78 207 216 211 100 230 194 125 57 168 134 87 110 97 37 162 108 41 228 80 139 208 187 158 184 120 183 74 95 204 179 81 102 105 237 231 248 32 106 223 89 131 249 76 247 212 185 133 215 122 175 44 149 246 225 98 132 227 64 191 
51 : 228 200 125 152 147 118 188 156 91 35 209 224 233 121 223 201 65 103 220 167 145 194 138 40 58 51 246 29 184 123 126 203 183 31 44 217 33 187 52 197 241 137 227 90 108 99 168 221 61 235 164 59 28 62 211 87 84 88 171 130 157 82 142 160 215 67 163 50 229 
52 : 86 80 193 165 137 74 102 79 161 83 76 65 159 60 67 201 151 33 68 105 240 100 96 58 248 87 129 28 167 213 104 114 88 25 26 180 106 115 72 126 166 147 124 169 66 27 90 216 221 
53 : 80 140 191 225 38 249 49 126 177 109 50 170 97 165 43 66 62 152 242 190 147 234 236 105 29 188 
54 : 114 212 223 169 205 135 243 62 77 168 224 172 139 244 40 58 249 167 195 124 221 138 187 208 84 115 98 228 173 66 154 162 27 145 106 80 236 38 237 39 215 240 69 121 182 55 46 232 96 103 101 92 245 30 175 53 57 159 108 
55 : 151 167 188 125 221 201 157 192 183 182 153 156 189 45 40 115 105 204 27 217 29 70 36 28 141 147 106 177 210 72 143 232 224 169 218 180 241 100 65 39 52 68 112 135 49 226 245 152 249 123 150 67 118 77 243 138 114 78 55 234 233 104 154 73 230 
56 : 204 207 154 119 56 118 219 248 170 166 148 76 241 103 159 82 99 150 152 220 110 50 48 135 174 189 67 61 111 41 92 58 122 114 
57 : 93 124 210 183 241 196 26 70 194 146 159 208 139 96 61 129 166 98 110 181 182 190 111 192 38 99 174 177 72 150 197 231 151 155 211 108 50 97 240 
58 : 213 181 152 218 74 216 88 238 194 85 146 228 98 118 60 169 161 185 205 25 132 70 172 37 139 63 84 103 124 226 158 42 234 210 148 130 110 51 78 66 151 207 153 224 59 83 187 65 81 35 247 122 179 171 176 150 108 243 
59 : 48 88 163 218 30 205 136 141 248 137 214 130 186 139 131 181 153 148 66 63 245 223 174 86 54 90 113 172 60 134 77 69 101 177 80 26 42 119 25 185 79 210 81 246 228 155 190 100 96 56 212 67 237 133 162 193 235 207 127 232 85 149 151 187 234 40 215 129 75 89 226 
60 : 165 193 166 203 181 104 35 186 30 99 229 109 25 140 168 146 175 90 141 32 121 249 232 118 84 161 133 73 227 201 129 115 205 37 44 128 41 158 58 148 207 163 130 147 185 
61 : 134 220 244 66 37 141 146 166 114 162 34 136 106 73 226 158 229 248 91 124 138 30 93 111 101 117 85 196 139 151 47 232 187 103 25 185 107 63 239 230 53 95 78 150 
62 : 222 99 94 138 88 55 219 178 30 160 62 125 64 96 229 106 87 147 214 159 213 122 29 114 35 51 47 
63 : 115 79 190 234 185 207 164 92 46 35 101 202 184 57 222 47 61 104 218 78 29 103 72 105 138 90 181 34 170 40 231 113 229 249 121 109 163 219 244 60 201 162 89 245 237 241 100 200 42 239 38 77 118 65 112 209 223 195 
64 : 192 33 212 229 62 245 117 68 83 112 183 60 123 58 64 232 197 215 195 194 105 240 231 45 120 218 164 191 124 
65 : 159 240 123 32 25 57 89 242 113 124 192 126 35 238 216 136 220 153 248 226 201 38 152 179 171 79 236 214 51 81 91 133 39 40 165 28 112 181 64 103 141 196 154 94 207 47 210 114 42 62 217 49 88 150 80 115 193 146 72 161 168 211 119 107 66 206 122 30 175 78 239 96 
66 : 143 196 201 164 147 174 162 128 179 120 84 176 133 83 27 197 169 182 209 29 146 26 52 242 131 76 105 86 118 205 167 71 68 49 224 185 117 51 102 161 142 157 124 107 141 237 69 222 110 203 168 32 194 144 77 81 62 79 154 136 91 37 108 229 230 123 74 114 199 57 59 220 
67 : 244 127 169 72 178 132 211 226 104 238 63 123 230 32 33 73 183 68 154 109 181 153 79 136 37 35 150 81 119 114 54 202 48 158 64 185 155 27 41 116 193 209 135 206 85 232 94 161 143 88 
68 : 91 211 237 108 166 114 67 146 210 233 31 39 120 53 152 148 101 162 79 86 46 66 176 130 37 92 105 128 248 242 195 76 60 83 157 98 230 154 65 28 124 214 131 75 
69 : 209 167 94 54 215 119 135 212 220 125 232 247 91 25 133 244 229 200 63 168 143 37 189 53 222 76 90 199 28 29 97 70 81 56 57 228 31 120 114 186 48 89 39 146 213 58 236 129 82 103 87 43 61 187 154 
70 : 88 160 139 177 140 234 238 232 199 222 225 84 146 165 76 180 187 51 157 145 242 208 62 196 141 235 56 245 175 191 200 101 172 33 159 217 68 226 91 27 95 173 213 119 81 29 111 104 79 205 186 136 161 247 202 171 127 154 
71 : 98 163 142 183 82 249 77 215 124 107 151 36 232 79 216 171 108 54 175 149 213 228 72 51 138 96 85 226 84 102 194 61 148 202 197 111 179 122 31 121 224 81 208 50 95 30 160 59 116 46 214 
72 : 167 67 230 179 190 27 88 112 93 208 235 122 166 234 187 62 30 184 152 241 99 54 52 120 192 169 31 91 147 196 45 90 131 225 217 53 37 202 197 219 95 135 221 159 
73 : 190 197 127 134 38 181 66 144 105 210 46 211 39 193 76 203 112 185 111 158 33 47 183 202 219 129 232 159 200 212 241 169 83 61 73 120 122 160 64 196 198 48 82 220 86 58 205 31 151 149 
74 : 146 86 103 37 132 30 62 130 234 170 223 47 40 70 169 175 127 231 218 219 201 172 38 181 247 73 242 162 121 213 185 26 149 57 220 84 225 148 125 240 111 233 137 248 104 88 196 171 25 112 109 142 197 190 46 161 
75 : 117 242 166 158 219 163 126 197 177 119 95 106 199 192 133 109 111 178 202 226 51 55 110 172 122 153 69 148 89 79 70 113 73 32 206 238 82 230 221 44 222 127 34 143 114 90 108 232 128 161 85 47 29 216 217 
76 : 75 125 176 216 57 101 145 205 201 45 146 203 247 98 186 202 30 130 159 153 29 39 37 193 38 248 83 
77 : 191 143 79 71 170 162 62 174 183 147 230 244 203 184 161 130 70 72 222 45 154 167 134 113 46 64 201 216 182 77 131 114 199 47 55 241 89 152 202 25 139 31 169 205 82 48 52 118 243 233 119 163 159 242 73 137 138 188 213 151 83 107 158 60 
78 : 117 139 202 56 124 186 50 187 216 67 54 51 44 144 244 102 142 167 153 86 249 204 227 25 131 161 163 209 191 106 135 79 193 247 189 214 121 93 211 182 223 134 154 78 
79 : 164 126 36 168 236 81 196 166 232 108 37 170 65 210 57 48 49 209 245 118 133 212 234 162 174 
80 : 53 146 160 167 217 130 198 80 195 45 192 200 50 159 147 229 72 145 155 85 40 149 189 28 110 26 163 165 78 209 60 218 196 121 57 183 99 187 41 219 86 47 172 65 75 179 106 91 242 154 
81 : 98 108 125 157 56 140 89 114 222 63 236 103 71 123 217 226 139 161 169 65 100 246 170 83 130 141 198 136 167 234 244 219 227 202 30 66 243 206 242 174 176 163 211 193 230 239 209 238 160 97 237 150 
82 : 76 225 179 26 159 170 90 87 231 119 160 248 200 238 47 42 218 30 166 192 185 175 56 242 144 109 
83 : 203 45 165 217 88 69 205 58 95 102 41 237 49 94 64 100 76 48 220 142 112 246 137 215 107 146 169 151 171 30 61 55 154 144 52 239 92 210 50 141 125 231 71 177 60 72 63 81 80 219 187 57 44 186 120 213 109 
84 : 119 99 208 125 68 49 182 207 169 206 220 184 59 223 117 33 178 247 51 77 210 215 32 129 92 137 241 58 222 176 97 228 204 120 
85 : 94 106 182 81 103 198 242 55 130 234 200 142 238 230 53 216 155 118 221 72 150 79 80 241 186 233 27 179 132 178 184 193 56 183 76 37 101 218 136 28 153 73 110 34 65 77 52 129 139 201 87 171 187 134 57 86 217 71 47 199 84 
86 : 164 233 38 206 181 135 70 165 58 180 101 54 48 63 208 96 248 159 202 67 109 191 118 35 198 238 177 69 207 145 64 131 129 80 85 186 158 76 235 119 84 169 66 111 179 28 185 211 245 42 232 104 90 237 143 136 189 173 137 197 193 97 147 26 139 161 45 133 108 162 141 200 242 
87 : 145 128 172 246 138 151 196 156 97 211 201 162 119 44 118 193 63 226 73 131 230 149 51 100 49 200 66 103 102 94 55 204 61 129 180 57 35 37 101 171 117 139 115 194 124 111 99 47 192 67 136 143 86 170 89 46 107 207 33 110 43 206 158 215 130 174 216 212 175 221 243 195 106 150 190 148 
88 : 191 68 106 231 88 31 221 210 209 42 183 27 117 67 59 172 196 124 29 86 176 204 220 249 74 83 73 144 141 161 205 128 216 211 241 153 214 233 129 160 179 125 64 82 33 207 244 56 174 194 177 72 
89 : 176 154 86 168 152 162 230 109 172 145 95 54 93 163 122 166 60 105 77 79 119 195 232 69 35 52 234 70 103 159 244 221 187 
90 : 232 125 230 168 49 65 107 160 118 217 237 127 72 28 144 194 208 79 239 90 59 70 242 234 57 83 162 190 
91 : 76 60 25 36 170 75 224 46 235 72 63 219 243 214 30 96 198 134 204 33 178 56 226 78 150 168 213 146 179 200 27 212 145 127 249 175 67 138 86 197 143 110 160 167 29 172 149 239 68 246 123 174 153 45 
92 : 139 174 38 49 36 202 179 133 223 240 141 172 180 177 86 169 132 101 239 203 167 98 147 234 187 93 156 136 218 
93 : 47 144 28 162 135 201 204 93 160 37 172 184 46 242 119 76 44 40 220 193 163 63 25 235 164 86 246 225 173 
94 : 151 228 155 81 128 41 40 188 133 221 148 63 181 109 139 225 162 61 219 246 205 42 116 204 227 34 145 35 47 32 25 56 30 196 135 218 180 203 87 245 173 202 103 124 132 212 146 85 187 198 55 86 216 186 106 233 
95 : 219 96 124 102 234 41 175 242 34 203 114 178 238 109 73 69 79 32 68 131 168 236 85 64 232 121 133 53 111 246 72 75 71 211 167 29 160 80 187 169 235 231 76 125 
96 : 31 124 82 188 106 142 146 135 208 213 246 230 70 190 115 178 25 138 228 172 152 205 78 50 151 160 179 66 49 95 88 195 
97 : 170 57 118 228 47 141 241 63 151 243 72 183 135 184 192 239 154 209 224 166 236 35 75 140 237 29 168 191 172 180 117 182 120 137 157 95 96 65 88 245 34 181 226 139 249 31 68 149 222 218 155 176 28 114 100 76 195 
98 : 167 168 196 211 97 222 208 91 55 148 236 209 176 203 226 215 200 165 31 33 145 207 137 131 85 170 116 244 100 44 65 25 119 72 113 40 174 177 66 202 247 43 173 150 102 216 229 106 235 88 126 204 231 187 52 128 166 188 78 48 101 
99 : 80 181 88 249 154 209 243 102 75 112 109 171 50 69 58 117 223 169 188 206 116 244 59 210 77 36 37 232 43 42 229 52 178 241 159 108 161 207 147 187 225 92 177 115 162 85 214 113 79 56 242 101 245 111 55 239 176 184 155 
100 : 162 177 219 57 152 146 249 120 46 186 108 97 181 63 36 64 238 93 190 225 208 53 41 222 34 231 132 230 209 182 166 61 223 52 42 202 116 106 113 176 70 198 133 246 150 141 233 175 99 183 115 84 184 73 130 187 
101 : 198 204 89 229 31 80 210 212 231 109 208 85 206 151 45 207 216 152 161 60 225 113 236 69 147 
102 : 123 159 233 57 79 202 39 191 204 33 137 108 180 105 219 80 94 225 26 29 138 69 95 120 162 182 237 235 110 216 37 232 142 203 122 44 
103 : 100 74 34 141 110 94 37 96 98 183 169 117 160 69 63 90 215 218 75 222 81 199 186 240 203 214 115 221 78 165 136 31 
104 : 84 207 66 206 198 76 136 75 100 237 220 27 202 195 175 81 123 189 94 204 45 234 167 65 102 225 205 30 32 137 86 183 151 69 129 44 178 213 62 236 158 63 242 192 59 227 247 196 171 
105 : 234 122 25 209 62 239 187 249 136 70 65 139 130 197 156 59 93 191 68 224 134 56 81 88 216 246 35 128 179 241 55 64 192 110 85 226 82 169 125 91 135 78 177 127 123 58 180 151 104 34 63 111 158 185 37 26 206 142 114 232 222 129 
106 : 163 238 36 29 63 181 184 239 76 209 42 166 117 57 136 148 177 214 234 124 33 120 210 93 135 79 200 189 75 159 
107 : 91 116 120 233 137 64 136 146 236 199 109 29 112 235 75 200 53 111 54 165 159 62 230 244 181 37 183 106 65 58 117 50 189 32 249 173 171 150 167 148 152 151 243 126 105 
108 : 39 94 26 65 80 83 114 32 75 68 150 231 49 191 242 159 91 178 102 160 61 96 52 136 110 62 153 218 88 174 117 151 55 90 243 42 236 195 29 45 213 234 249 205 154 235 
109 : 206 214 57 169 85 204 61 70 156 218 234 144 242 145 80 236 71 232 195 243 182 121 222 127 159 40 42 199 109 197 249 75 62 146 237 41 104 171 163 131 119 50 98 123 225 25 44 150 120 134 155 224 219 151 191 240 173 139 
110 : 111 38 231 109 172 222 131 73 125 203 241 177 45 239 219 78 202 220 217 139 47 157 89 52 34 135 88 41 214 200 201 199 204 153 85 63 112 118 32 192 123 163 75 36 29 176 175 74 121 83 161 71 57 249 49 96 205 119 141 210 130 122 
111 : 232 175 143 239 126 100 237 146 95 65 73 78 171 68 167 111 168 122 214 37 116 121 185 140 91 46 224 215 235 192 44 212 208 99 200 42 53 
112 : 208 77 25 55 41 161 232 241 153 171 168 176 128 139 178 159 36 205 206 62 138 80 162 239 79 200 87 70 147 185 152 225 108 224 68 45 151 213 145 121 118 94 64 85 49 222 69 136 33 141 73 188 201 74 240 194 179 126 100 81 155 98 65 142 227 61 217 
113 : 169 248 142 116 105 136 206 138 174 180 221 168 230 43 216 237 219 218 187 87 140 209 243 175 60 185 107 172 69 63 104 227 159 132 117 242 199 125 28 29 83 76 109 151 108 74 233 246 114 103 241 137 134 205 147 88 67 93 157 215 45 212 65 135 203 153 97 139 98 207 32 71 52 47 222 39 188 72 
114 : 142 208 111 67 64 55 164 27 57 167 94 215 79 197 183 186 115 82 182 217 117 56 52 30 223 157 210 98 221 75 201 247 193 88 154 249 214 136 89 138 40 66 50 39 162 103 163 196 148 34 78 36 60 219 112 38 194 83 125 76 47 61 97 137 216 174 191 168 62 71 130 
115 : 57 204 212 247 158 192 183 136 244 234 239 199 180 115 29 86 152 93 71 104 69 227 154 37 90 64 167 236 58 145 202 27 80 130 40 67 219 241 48 207 92 184 140 134 59 55 196 146 232 179 
116 : 32 48 228 151 167 182 53 63 245 86 70 204 100 169 83 112 105 37 117 149 72 146 171 199 210 79 110 59 122 161 113 224 106 28 33 220 67 221 213 166 92 109 118 57 186 192 119 225 212 39 115 76 153 243 36 155 168 89 181 158 133 90 45 44 219 176 227 75 203 201 81 121 194 
117 : 73 63 46 167 184 246 183 109 116 150 140 226 211 145 106 213 229 204 188 165 40 126 219 102 47 161 
118 : 248 86 108 177 170 33 96 85 247 147 132 156 234 159 26 49 145 231 100 121 148 186 242 239 98 215 240 
119 : 83 41 51 165 68 197 37 200 195 173 233 133 91 226 87 89 229 100 184 32 177 92 72 129 171 115 238 186 28 191 209 180 84 146 212 231 99 144 154 175 128 119 123 134 240 112 109 163 158 148 
120 : 146 139 121 105 244 164 74 136 173 195 122 104 192 181 38 76 72 91 32 110 48 149 142 52 230 125 127 226 178 187 123 84 206 49 45 202 237 98 160 96 239 232 124 87 131 80 101 199 214 248 191 55 93 88 95 69 
121 : 125 142 183 156 166 198 158 228 36 105 246 152 59 175 93 204 159 196 193 110 151 98 163 202 249 94 225 213 65 237 122 46 39 247 177 211 184 133 55 41 37 143 186 185 49 50 126 60 28 90 116 209 215 233 44 58 173 229 192 201 139 216 170 123 145 180 61 
122 : 189 183 210 140 42 234 240 159 53 52 71 199 117 164 160 108 216 187 174 119 118 181 162 194 161 197 60 109 156 69 180 196 80 157 166 139 245 242 40 123 246 191 51 113 97 33 
123 : 48 165 187 246 153 64 202 126 121 218 146 76 183 201 211 65 203 163 91 136 82 170 86 233 188 181 160 240 220 38 180 212 195 173 92 84 169 158 100 72 197 150 241 226 229 186 54 95 168 175 209 27 147 176 43 51 198 222 119 63 135 83 191 221 189 58 224 178 29 141 106 247 25 
124 : 139 43 105 204 115 147 238 53 174 42 111 102 182 161 130 71 73 164 26 222 160 54 84 218 69 46 243 123 169 60 199 229 231 141 97 144 210 126 62 140 133 96 172 214 183 230 30 41 242 57 176 63 76 153 234 239 159 66 81 67 148 224 207 101 232 158 58 117 186 29 89 143 149 
125 : 123 154 171 162 96 233 126 175 103 46 85 57 78 120 56 222 216 195 156 83 100 135 73 219 70 148 227 235 140 65 224 210 211 170 106 225 206 45 43 90 228 145 25 115 105 44 194 241 212 49 104 142 178 209 159 121 107 38 129 
126 : 187 50 248 233 97 37 75 232 167 159 102 148 202 120 114 74 104 124 234 126 180 116 151 55 163 172 175 35 139 132 121 82 115 230 64 43 66 128 36 242 179 78 227 193 141 105 212 106 208 206 28 170 191 89 65 164 178 203 145 237 
127 : 72 229 157 241 56 177 155 205 233 43 115 46 127 198 227 45 181 69 238 211 129 29 221 236 57 240 244 70 74 60 87 92 94 166 218 179 175 135 
128 : 133 151 35 180 171 236 29 146 44 212 159 208 93 54 100 225 76 117 53 75 83 64 36 218 30 136 55 131 160 204 40 223 186 128 216 60 43 234 243 69 206 121 80 185 116 
129 : 80 226 90 85 178 26 52 86 161 213 129 168 211 187 68 236 102 133 224 72 87 165 61 113 241 79 152 89 167 142 97 107 221 91 203 119 243 131 190 181 101 148 130 245 39 117 235 244 183 84 145 
130 : 221 150 152 234 60 249 168 219 209 118 42 166 158 57 188 223 32 72 80 65 119 104 208 138 156 207 229 217 34 92 191 143 113 153 70 236 116 174 87 35 127 149 69 71 33 43 171 218 179 214 46 239 187 99 86 129 89 84 66 167 162 154 
131 : 98 203 153 179 238 62 157 76 244 147 221 222 164 220 229 242 149 139 125 49 232 81 215 171 151 122 89 99 91 211 217 37 210 227 
132 : 125 89 206 135 194 52 44 173 67 108 149 61 197 64 127 94 240 193 38 208 36 204 205 148 80 78 101 189 179 32 65 188 81 215 151 31 144 105 
133 : 36 158 61 208 44 41 75 87 200 82 236 225 206 127 249 215 51 103 32 138 93 232 97 186 115 239 25 211 73 221 31 224 207 85 203 216 72 105 63 218 136 141 170 219 231 59 92 180 240 167 197 146 137 134 248 243 204 46 111 39 187 164 202 101 181 60 
134 : 245 137 130 48 242 52 236 116 140 50 81 229 49 171 147 194 27 100 114 168 31 208 224 141 74 
135 : 28 53 230 226 173 91 143 44 77 87 166 88 243 136 47 200 105 160 223 208 72 124 172 71 144 40 139 193 39 30 41 239 42 114 96 218 
136 : 59 131 239 193 208 90 31 218 209 116 123 102 134 122 167 64 152 107 43 149 112 197 231 198 36 196 95 170 184 73 62 110 214 104 223 89 28 206 144 75 178 111 52 244 86 175 154 60 240 245 48 194 168 69 234 117 201 119 217 34 172 186 57 235 169 84 133 241 94 161 177 97 191 27 42 68 
137 : 154 102 171 234 166 26 124 117 199 205 229 185 101 191 85 164 155 197 208 84 186 32 145 68 238 216 168 247 209 165 138 108 116 192 235 233 74 175 92 201 121 179 223 225 222 150 49 218 137 206 47 115 230 34 212 139 227 182 70 44 65 77 43 110 111 79 236 174 180 221 38 33 109 189 188 125 90 41 86 
138 : 146 58 133 152 210 45 232 187 241 102 142 127 78 62 121 157 219 94 87 140 32 166 72 49 242 126 223 82 183 101 91 139 115 147 118 46 182 196 138 122 64 110 198 132 150 185 56 168 
139 : 47 204 144 173 228 200 189 80 83 49 135 96 193 186 149 179 143 75 174 205 224 230 138 113 105 77 90 110 229 89 30 132 58 171 133 127 232 175 181 126 119 223 187 198 248 34 56 31 88 
140 : 162 45 238 151 37 157 78 236 107 119 114 66 159 98 55 164 46 137 72 158 108 81 177 184 113 227 
141 : 106 36 112 226 207 137 249 108 88 55 189 185 219 186 66 141 44 221 234 240 153 180 28 179 123 190 51 188 156 150 135 52 167 47 104 146 39 73 182 204 89 191 214 53 27 
142 : 221 140 158 104 78 106 247 111 71 119 149 152 98 216 99 74 49 205 61 155 86 93 177 114 137 31 234 153 189 178 142 37 70 249 100 167 50 166 131 144 116 45 120 55 202 59 34 53 113 42 62 186 79 246 38 47 
143 : 191 206 212 184 225 224 177 107 218 165 35 90 242 238 181 58 170 226 173 160 46 93 43 134 91 174 216 245 141 25 33 103 144 227 84 219 247 139 138 83 131 164 89 143 112 215 101 94 200 197 28 187 102 207 110 51 137 190 62 232 37 108 39 241 70 132 61 59 
144 : 195 149 45 241 179 58 72 107 191 223 73 44 207 247 226 32 36 101 168 50 239 123 232 74 194 183 186 243 113 217 201 87 204 220 215 244 141 57 163 248 55 104 62 224 84 78 41 79 147 140 162 166 237 153 112 173 99 103 211 102 142 48 219 158 108 161 170 28 205 120 209 216 60 
145 : 239 105 178 236 220 249 35 200 170 37 245 106 95 198 81 138 127 125 26 208 180 172 235 58 168 133 33 241 145 43 137 42 213 46 32 102 166 117 27 31 126 152 247 175 173 174 215 225 234 194 216 131 224 191 209 108 156 122 206 101 93 114 179 135 151 167 248 99 226 72 221 56 184 87 169 223 
146 : 226 231 172 222 212 31 93 209 113 133 134 223 116 181 202 49 121 70 25 164 236 244 53 90 68 64 178 78 197 141 225 155 191 150 54 30 
147 : 146 144 63 148 205 248 119 197 73 192 150 244 101 62 89 168 27 240 155 64 177 223 99 200 100 134 221 245 236 165 
148 : 246 221 247 219 125 43 116 145 105 210 147 30 164 190 167 242 133 200 78 208 191 124 107 73 209 240 118 146 217 90 141 98 119 113 59 241 178 81 171 34 
149 : 77 128 138 45 188 227 152 112 86 203 88 185 184 63 94 28 234 127 50 200 221 229 70 194 244 246 155 83 218 215 113 159 144 236 248 129 168 29 233 91 123 40 157 131 98 41 207 49 213 217 27 167 61 161 170 25 187 195 
150 : 89 198 175 229 174 218 183 243 47 169 48 81 217 230 137 30 31 220 93 128 154 146 97 196 136 98 109 38 140 223 58 41 28 70 163 126 210 182 
151 : 81 195 59 212 169 196 142 53 126 243 218 246 85 173 233 89 129 206 92 32 181 60 216 110 108 214 185 57 65 99 220 244 72 184 226 171 225 111 84 56 247 150 33 117 29 215 248 121 134 107 41 112 192 74 136 158 140 80 148 180 116 78 77 201 161 163 43 93 182 
152 : 61 155 205 168 55 231 103 159 241 208 215 229 99 39 112 171 76 63 122 239 160 80 194 42 146 49 200 72 67 182 184 139 210 144 45 97 197 154 30 166 161 143 121 137 156 41 165 181 34 198 47 53 125 78 33 57 151 119 248 249 233 87 85 148 43 
153 : 66 106 91 73 228 107 31 83 225 146 183 120 52 82 213 196 89 57 55 184 201 149 211 230 181 60 
154 : 112 246 26 201 176 109 216 113 214 189 52 49 202 223 102 194 31 145 186 47 84 80 120 50 100 65 60 59 237 127 155 116 243 208 153 248 245 238 138 125 200 174 241 228 196 132 
155 : 205 36 75 174 55 118 218 243 64 34 85 122 177 113 137 233 117 206 91 171 53 242 98 232 67 202 226 198 74 240 116 189 62 37 81 193 179 139 60 83 152 29 223 162 32 247 
156 : 38 191 31 174 183 86 89 42 210 129 182 126 81 102 214 206 36 91 197 93 95 136 83 190 106 112 180 173 88 25 127 201 87 185 85 96 123 110 243 120 139 132 26 234 179 193 69 111 195 92 131 117 187 138 171 47 104 29 178 194 236 176 97 34 41 
157 : 234 171 249 233 80 35 150 186 105 177 75 231 106 55 111 241 83 211 213 188 100 73 96 40 66 130 120 87 82 118 28 116 135 36 185 70 183 
158 : 113 150 40 48 203 194 205 184 199 168 117 158 217 31 239 60 75 119 204 106 145 206 112 202 151 116 74 82 167 179 61 165 107 35 234 92 59 160 213 240 185 76 98 
159 : 132 47 182 114 70 198 83 139 58 165 69 84 105 249 143 163 113 181 71 104 247 233 33 232 170 156 95 63 82 100 140 234 50 130 166 207 147 197 116 191 176 106 75 127 238 29 40 185 51 67 64 178 34 158 224 230 142 49 218 208 243 59 222 117 150 43 
160 : 51 112 106 221 192 29 70 71 123 239 101 100 47 238 181 159 118 57 54 193 207 45 228 117 180 81 56 242 194 42 158 133 98 48 41 25 216 38 138 37 139 155 220 140 87 115 202 240 89 68 185 188 178 168 91 227 82 198 108 128 171 151 164 237 153 248 74 170 217 154 79 156 34 209 200 235 94 121 161 
161 : 30 41 88 39 107 213 27 144 71 109 132 77 145 227 181 26 167 40 25 162 29 188 220 161 186 
162 : 43 63 227 166 127 38 31 223 176 248 229 138 117 170 105 30 121 189 195 62 48 83 219 32 212 103 245 86 54 164 169 
163 : 49 61 104 205 247 99 105 34 146 230 184 66 122 85 239 134 73 164 168 166 95 79 116 193 246 54 149 204 227 56 113 229 86 210 131 32 71 96 201 70 222 39 224 182 67 195 248 160 234 102 237 238 51 177 194 90 
164 : 240 116 127 235 83 190 207 150 180 173 171 147 193 205 156 91 211 102 187 63 245 74 98 96 62 136 206 217 176 66 153 95 229 204 178 246 100 46 237 140 69 196 108 76 31 51 218 57 80 67 169 121 119 84 114 99 38 241 233 200 168 132 242 77 48 249 49 124 163 92 39 213 202 155 198 230 142 220 
165 : 189 239 201 124 35 248 66 47 65 190 88 133 37 247 183 136 94 169 104 153 145 155 243 105 50 48 151 131 249 217 28 146 147 196 161 130 156 207 40 58 70 174 64 165 79 193 227 117 226 80 69 222 128 91 214 72 176 199 45 216 172 137 33 51 38 141 
166 : 191 142 118 99 113 187 82 154 137 55 167 192 121 131 44 124 42 59 153 146 122 228 158 77 112 189 190 214 235 222 81 32 
167 : 93 210 55 176 64 76 115 41 29 169 119 239 217 158 215 133 65 148 45 137 189 145 222 230 134 84 161 147 233 98 111 172 85 139 48 43 110 192 63 195 126 181 109 235 223 40 199 213 99 142 159 102 
168 : 103 35 88 238 243 49 225 193 125 151 109 114 167 121 205 57 226 29 172 130 237 216 209 188 96 87 69 201 98 76 41 175 179 208 189 51 81 223 169 203 229 33 198 244 118 224 60 37 212 194 190 219 44 82 106 32 170 101 217 210 53 30 144 133 62 148 45 77 65 120 142 84 
169 : 159 180 73 127 62 248 243 217 170 132 111 35 201 61 215 205 229 43 225 57 169 200 46 33 36 154 40 187 171 96 226 70 238 174 122 91 207 157 150 42 198 59 
170 : 102 113 218 107 225 249 80 86 66 90 231 202 216 171 195 26 139 222 131 243 72 209 203 36 142 146 28 204 25 229 154 27 105 144 219 181 98 64 148 152 233 239 93 116 162 129 91 136 84 215 121 126 87 48 224 122 92 180 158 217 78 228 40 100 234 155 167 
171 : 215 144 45 223 147 236 214 72 50 226 80 239 202 70 47 190 248 245 29 113 230 87 46 138 112 33 234 228 233 219 40 238 55 152 154 204 78 193 114 201 34 159 93 205 118 133 224 208 142 85 165 63 56 92 137 180 81 158 95 99 53 141 
172 : 122 102 90 119 230 60 150 226 170 54 220 59 175 236 89 165 244 182 194 193 46 125 62 88 202 242 198 163 216 172 219 26 141 185 111 171 39 154 177 40 
173 : 62 93 216 139 50 103 64 206 175 107 219 162 142 152 40 144 248 54 174 87 82 63 167 168 66 181 247 210 98 172 148 72 116 83 44 241 43 165 243 76 96 37 130 
174 : 29 151 36 228 97 222 95 216 200 201 241 158 231 157 87 127 75 38 147 218 49 79 165 198 179 205 110 188 155 172 54 78 122 66 73 177 59 199 131 146 119 82 109 154 243 102 207 99 117 225 234 96 88 126 115 166 28 138 44 
175 : 167 108 60 172 85 221 118 146 70 112 115 97 153 80 111 176 225 228 63 31 45 116 36 87 160 186 247 122 100 37 53 235 91 249 101 46 44 72 227 134 171 144 26 125 203 128 157 119 180 67 133 32 61 99 107 145 181 38 40 241 175 109 226 127 52 184 158 96 236 
176 : 192 156 110 74 34 244 102 174 135 233 116 45 162 137 239 189 218 30 115 114 201 93 219 190 167 100 109 179 97 182 210 165 99 168 141 53 
177 : 212 222 172 165 242 67 228 139 131 217 183 173 201 55 230 52 174 53 185 95 180 137 213 141 199 192 223 210 216 164 46 107 43 197 130 135 31 218 211 39 152 58 163 91 62 238 225 82 181 81 84 35 37 205 86 167 48 33 240 94 66 125 243 79 209 68 56 113 
178 : 101 212 170 93 166 79 100 197 28 161 34 145 248 108 114 51 218 103 68 178 124 48 146 130 97 
179 : 68 106 119 89 75 73 58 147 212 132 249 224 194 146 52 144 209 173 97 164 76 248 130 46 247 57 226 234 179 137 243 221 239 134 225 45 29 55 79 237 174 219 
180 : 135 152 91 57 228 59 81 126 242 29 166 212 192 130 63 220 194 116 142 44 248 108 52 68 125 174 79 204 175 53 117 46 196 215 232 246 213 249 134 203 184 89 119 62 177 209 145 27 131 
181 : 184 46 241 35 231 28 157 113 152 69 160 218 238 84 100 38 83 217 76 134 48 150 175 102 196 85 243 117 166 171 187 228 116 142 67 168 192 111 92 141 
182 : 95 32 88 209 166 111 183 242 141 93 151 219 192 31 116 112 202 144 224 189 148 110 72 123 184 121 142 182 47 170 57 94 130 215 96 140 196 87 232 220 137 212 208 187 245 201 56 27 50 35 191 
183 : 160 149 124 237 150 31 249 92 210 53 101 183 96 111 39 100 202 43 173 205 177 138 162 188 55 212 230 223 201 71 242 132 176 70 33 165 127 141 
184 : 223 157 95 87 192 216 53 38 147 184 230 246 41 116 196 128 187 52 239 248 227 117 109 80 233 228 167 101 56 149 72 
185 : 61 181 141 187 57 41 219 235 81 67 47 62 245 122 156 39 150 169 49 210 98 246 112 35 198 167 188 144 108 172 152 71 170 166 40 68 174 64 146 201 119 93 66 184 164 215 34 218 37 94 244 118 179 32 155 124 176 117 48 229 180 50 190 157 133 106 
186 : 59 52 156 185 134 171 65 71 69 174 207 199 119 220 226 141 206 219 49 211 102 241 129 183 28 27 210 169 117 162 81 37 208 234 243 233 
187 : 178 25 139 192 106 182 38 179 187 41 43 123 119 78 174 180 183 191 143 51 114 49 57 215 198 222 36 53 129 240 87 141 135 44 59 199 196 48 145 
188 : 120 46 73 121 145 214 231 78 235 183 72 54 28 138 87 80 180 200 101 240 41 58 223 140 177 209 167 147 130 90 187 62 245 89 219 115 116 102 68 153 192 
189 : 128 31 92 167 126 191 37 75 210 73 49 50 67 197 142 103 96 30 151 133 55 235 157 237 166 242 240 189 225 69 161 28 220 137 226 183 113 105 56 181 177 90 68 89 249 200 180 71 108 204 106 
190 : 148 110 163 203 101 99 218 123 223 113 126 63 155 181 108 171 170 228 67 159 91 182 34 82 147 167 41 142 48 248 47 79 162 204 232 201 29 137 77 235 97 107 102 125 236 42 165 233 75 35 119 61 198 234 118 154 158 94 93 227 217 238 175 237 212 
191 : 139 240 169 161 159 216 136 170 115 127 133 211 91 106 85 182 32 33 68 239 183 228 71 247 53 225 112 152 186 57 51 234 191 179 
192 : 195 118 134 153 170 99 34 221 113 177 249 27 167 95 51 215 25 217 59 66 189 123 47 223 242 136 109 33 182 122 129 85 67 119 133 93 175 199 143 197 75 161 126 101 244 196 164 190 81 31 57 54 117 141 246 160 68 90 236 149 184 110 60 44 116 100 191 147 169 231 193 194 52 63 107 245 36 94 
193 : 209 94 212 175 107 47 38 160 178 158 198 149 245 117 89 144 126 45 143 241 73 244 98 40 152 231 240 248 119 30 58 247 186 167 66 67 204 28 44 145 75 88 133 165 95 155 221 232 131 31 157 127 226 70 51 174 218 140 238 236 101 43 
194 : 124 226 94 55 173 79 72 170 78 138 76 213 65 157 211 169 41 35 146 125 68 106 248 202 163 
195 : 147 239 165 105 179 190 170 220 107 232 181 93 79 134 68 55 94 124 139 83 110 206 169 183 187 215 78 43 207 102 112 244 166 58 193 121 117 182 76 49 125 30 223 211 
196 : 203 127 121 28 196 46 209 45 125 62 177 81 244 219 76 208 131 32 163 240 234 88 185 129 243 110 37 214 99 56 144 230 31 112 80 133 136 93 50 247 183 89 98 228 146 181 159 116 106 213 70 26 200 220 111 139 157 82 137 148 90 202 39 104 171 63 92 36 47 207 217 
197 : 161 219 216 132 131 76 91 185 201 113 189 43 84 44 206 194 155 98 66 165 197 207 160 217 139 133 179 205 38 223 226 183 143 218 237 221 169 70 56 79 141 204 33 49 231 88 164 34 35 225 246 114 167 41 96 159 107 64 61 198 192 110 
198 : 104 240 190 184 211 85 244 36 179 27 126 144 133 136 63 67 97 208 245 46 91 134 84 137 111 212 78 72 114 150 193 143 204 201 83 181 112 215 59 169 149 187 235 
199 : 190 85 30 248 188 136 154 162 205 194 82 69 221 90 70 220 197 198 116 153 29 109 159 81 41 217 38 193 142 61 241 134 127 179 131 175 97 208 48 172 146 144 83 106 219 118 47 
200 : 60 151 54 102 224 73 90 34 29 226 237 227 42 223 240 137 195 196 79 208 232 117 114 148 182 209 121 231 199 87 104 27 80 189 221 52 207 213 132 152 98 214 139 202 169 206 82 228 143 217 172 164 166 81 171 235 174 183 58 62 154 92 150 32 37 41 168 40 233 25 103 155 205 99 128 
201 : 163 145 224 112 68 168 77 161 165 122 142 66 105 64 49 36 149 109 215 222 60 178 170 234 85 235 166 179 61 164 232 249 27 208 53 121 58 147 82 247 79 139 219 217 124 83 133 158 173 162 230 69 152 
202 : 72 52 183 166 89 33 131 154 71 179 120 193 203 213 27 218 222 191 115 31 155 36 164 211 186 147 209 30 236 167 221 145 134 157 247 110 156 187 64 34 194 112 192 160 165 152 224 57 65 119 190 151 153 240 94 178 136 169 50 225 195 98 135 173 146 176 68 242 189 206 
203 : 211 73 40 56 186 32 151 157 53 117 220 105 154 207 201 55 245 167 237 162 196 185 49 192 224 140 233 29 234 
204 : 60 147 109 43 227 247 111 148 212 144 185 93 57 114 172 65 34 225 35 134 167 177 163 222 26 113 219 202 115 203 94 196 56 28 145 239 74 150 193 110 146 105 83 230 71 165 153 209 178 232 179 46 171 85 197 86 184 198 84 101 213 133 106 
205 : 199 43 96 99 149 125 242 127 25 240 55 86 88 193 198 161 135 146 61 39 218 73 124 174 142 82 160 28 94 231 195 249 120 184 112 44 70 212 157 45 131 133 87 244 116 208 58 36 71 41 134 35 89 
206 : 127 155 150 159 197 174 211 232 248 193 48 137 235 196 57 53 208 154 61 219 215 183 93 52 30 194 192 103 120 225 191 242 84 249 239 98 223 164 205 32 220 94 229 62 69 143 79 110 115 131 231 217 244 170 140 237 104 138 153 114 116 222 175 195 187 44 73 126 142 71 130 160 202 64 43 224 161 162 
207 : 144 176 154 206 142 227 153 84 212 104 46 243 68 230 140 83 198 240 161 36 119 190 213 71 204 56 170 57 58 241 218 157 145 136 166 249 186 88 164 45 103 110 85 235 101 159 135 187 114 171 40 26 54 95 131 72 43 100 179 183 129 52 89 234 246 238 91 25 112 222 221 76 228 92 231 81 50 108 244 
208 : 126 166 91 101 169 194 92 110 122 104 145 83 67 60 138 111 109 73 114 248 210 146 163 246 220 102 196 85 54 172 227 159 217 134 36 129 90 243 213 165 39 179 47 154 161 103 182 186 87 130 124 136 53 183 168 216 202 43 79 88 199 132 44 62 233 99 143 236 42 68 180 93 35 195 
209 : 210 245 219 86 55 42 148 110 94 83 243 26 184 146 37 32 69 186 131 237 217 103 134 79 202 39 194 158 189 190 234 215 59 129 126 177 161 
210 : 147 134 211 164 73 76 85 82 157 59 66 72 185 190 155 102 139 100 200 35 45 175 223 206 69 89 178 169 97 235 174 213 176 217 104 163 146 49 113 207 39 216 243 194 112 199 106 110 224 60 220 33 208 195 
211 : 203 179 120 214 37 158 196 181 29 58 178 213 53 75 134 71 112 72 234 146 86 147 47 209 60 51 165 245 63 157 85 64 
212 : 212 162 199 233 83 187 137 79 179 157 244 181 221 124 98 139 202 46 52 95 245 30 184 108 175 234 143 48 
213 : 246 103 117 113 74 26 183 98 149 236 191 85 214 226 181 65 164 62 218 198 124 224 221 245 37 102 125 186 171 174 243 34 213 197 247 173 106 229 64 216 78 61 175 211 210 42 40 178 205 215 153 80 160 219 111 248 152 
214 : 156 118 124 40 102 137 48 187 95 200 161 244 242 199 65 52 88 107 142 178 217 101 43 87 54 163 30 209 224 195 176 181 49 144 245 110 84 208 122 215 238 129 113 80 173 232 214 162 32 77 201 119 205 147 63 123 228 125 150 96 98 211 83 
215 : 212 75 135 84 34 96 54 111 117 112 162 49 239 248 113 37 222 182 215 89 170 33 238 70 148 44 85 233 229 95 176 249 94 186 82 122 213 161 120 121 235 39 76 178 195 
216 : 195 133 87 75 233 117 122 118 209 208 141 217 95 193 43 74 59 60 33 205 70 176 156 229 180 25 114 125 124 62 162 166 105 37 204 47 153 199 184 220 219 86 164 63 239 134 196 234 249 80 34 211 64 119 85 230 168 206 227 187 148 182 198 71 238 
217 : 41 54 67 50 95 131 190 122 35 59 178 186 134 169 25 200 112 203 93 154 244 58 245 98 101 241 213 48 92 185 123 74 135 130 221 129 117 189 118 26 36 209 120 61 195 
218 : 65 72 40 171 178 124 179 245 121 118 181 160 41 157 58 247 190 189 38 225 37 35 55 76 155 131 26 106 229 30 215 147 80 99 69 234 68 85 71 105 239 242 144 221 25 145 249 168 167 188 207 64 48 94 182 159 75 96 195 79 154 163 132 90 28 241 177 73 89 123 212 88 27 201 170 127 238 
219 : 239 57 208 158 82 44 99 73 33 75 145 81 95 221 37 52 163 203 29 60 118 104 218 231 153 167 47 154 25 138 34 147 106 195 124 209 26 125 168 229 98 50 62 55 198 70 97 87 136 190 49 139 32 65 171 247 215 83 71 152 
220 : 77 72 74 62 44 118 120 148 54 141 39 83 61 157 58 101 175 76 95 171 191 49 200 47 242 
221 : 135 194 41 187 128 168 186 217 53 105 171 100 121 136 102 152 241 229 31 45 94 245 34 216 162 117 129 158 72 184 149 157 239 221 143 99 242 47 74 82 207 78 228 62 76 145 222 214 144 57 133 56 175 200 104 87 161 40 219 159 69 58 208 106 111 
222 : 164 123 189 37 157 99 101 65 137 216 207 154 85 179 188 114 168 84 95 39 241 94 170 103 245 194 93 68 131 139 174 246 60 35 220 176 219 88 121 30 110 198 202 49 192 166 215 90 177 200 76 232 73 206 191 203 74 62 61 244 227 239 175 67 36 160 199 116 31 57 141 27 214 26 112 
223 : 183 216 129 249 163 59 215 152 177 46 176 112 173 193 179 241 105 36 172 64 207 155 145 171 136 217 51 92 108 39 238 212 203 164 44 154 132 68 230 224 209 62 205 220 70 186 227 125 80 37 181 97 165 121 131 
224 : 120 136 83 173 181 52 135 90 149 161 231 199 61 236 204 77 192 159 198 87 51 91 162 40 39 56 183 74 207 75 44 107 213 243 157 110 112 145 117 218 80 38 82 210 196 78 132 81 200 104 239 27 116 48 69 71 144 237 106 209 36 93 50 212 193 234 169 32 175 152 238 166 95 
225 : 60 169 47 115 153 227 57 27 39 177 186 185 201 230 124 166 137 81 248 156 65 117 249 202 243 105 176 240 241 189 26 174 216 146 129 142 141 55 144 32 42 79 247 46 80 86 180 83 64 134 25 84 222 214 178 233 171 157 203 36 147 51 208 199 49 120 35 77 229 191 213 205 112 106 143 223 
226 : 109 211 48 129 103 189 182 187 125 229 57 104 31 33 208 169 133 212 25 126 207 151 115 73 91 26 188 94 167 230 102 34 59 95 157 241 74 110 120 71 204 202 127 116 27 194 152 216 
227 : 185 88 195 245 66 90 155 249 221 111 89 92 103 77 206 235 243 83 44 203 118 68 232 199 42 91 79 64 146 128 58 157 140 198 104 161 120 240 59 105 30 67 219 38 227 85 153 139 143 29 222 76 236 182 178 41 171 72 151 54 51 246 230 201 160 229 129 
228 : 241 59 171 186 114 237 85 40 120 99 29 144 225 46 89 100 61 50 215 112 249 25 119 77 154 212 179 204 147 203 159 140 138 30 
229 : 194 143 96 178 236 142 38 68 189 89 181 103 159 104 238 86 149 197 154 78 124 222 99 227 219 
230 : 32 153 64 105 69 146 116 56 167 133 71 222 125 140 218 89 118 36 98 40 57 26 73 156 204 203 244 85 83 152 30 228 68 230 195 38 43 74 240 207 50 134 185 247 236 119 115 128 78 201 219 225 100 217 154 96 129 165 186 81 61 97 63 37 29 211 175 108 51 77 137 114 212 49 229 34 90 223 
231 : 130 199 221 137 129 200 219 52 85 225 179 103 184 105 144 54 121 152 178 115 191 241 189 50 147 214 160 134 86 64 111 217 37 194 198 149 187 240 237 172 51 119 150 110 140 45 239 39 228 106 197 94 63 233 175 170 207 
232 : 43 178 89 229 202 33 219 95 133 192 26 53 35 234 82 163 109 167 77 56 151 215 25 103 137 52 93 49 36 71 126 222 246 105 62 240 171 31 
233 : 69 54 149 115 221 78 145 196 245 114 232 194 57 50 142 29 74 128 28 247 136 103 119 154 179 184 212 225 160 229 238 235 59 42 192 163 233 40 159 
234 : 104 152 79 195 89 119 131 110 31 77 38 63 244 183 50 120 65 154 232 100 157 56 82 28 149 125 27 135 106 219 102 161 57 222 142 130 208 198 92 238 167 177 139 226 225 117 112 91 220 59 179 41 107 249 182 105 71 88 170 40 96 184 84 240 
235 : 177 44 144 105 212 91 36 209 109 184 205 167 228 161 116 28 96 31 40 76 190 103 73 148 218 34 102 229 84 145 99 61 77 246 201 
236 : 89 187 174 200 245 178 102 52 206 215 207 184 193 88 86 248 156 189 150 179 242 182 97 95 176 129 37 135 231 100 58 241 177 30 99 159 84 226 237 234 128 240 170 166 71 33 
237 : 39 225 40 166 126 237 227 65 146 86 226 159 205 30 219 235 145 119 179 209 122 47 37 156 115 111 74 213 
238 : 203 210 233 137 83 88 121 225 163 48 107 155 200 42 53 178 40 55 141 100 61 25 161 145 198 70 166 236 146 228 120 227 197 127 35 164 232 133 205 173 99 165 50 27 106 73 47 211 103 26 224 201 130 54 76 123 150 167 229 207 245 129 162 72 57 84 44 119 139 91 108 69 156 
239 : 229 54 111 159 232 181 48 47 114 190 65 200 184 234 191 145 228 58 133 86 106 35 122 186 123 105 53 129 42 217 189 127 148 220 142 39 102 155 218 32 167 137 
240 : 211 178 93 52 239 144 104 36 161 71 169 156 151 146 44 103 51 110 230 123 238 243 63 33 45 64 197 48 157 113 34 81 46 60 56 97 38 109 127 227 125 122 94 134 191 147 170 247 121 166 39 224 244 148 220 218 193 67 30 112 101 
241 : 155 60 83 105 63 75 66 216 200 124 70 219 212 34 130 96 247 29 139 112 129 32 113 121 111 110 158 246 215 182 242 41 184 87 227 54 196 58 244 39 220 114 213 160 64 164 203 214 186 72 142 167 235 57 136 150 37 190 107 49 241 52 33 222 201 138 237 
242 : 218 245 163 92 133 166 60 114 66 61 73 49 62 63 146 152 96 184 115 47 142 53 204 247 225 176 249 50 132 198 119 212 210 103 193 37 226 123 
243 : 61 121 171 73 66 143 51 97 236 166 120 34 74 72 32 181 100 78 124 172 53 30 111 80 191 103 116 226 85 207 248 42 109 76 150 141 179 138 170 194 123 208 84 125 187 137 91 193 55 174 71 
244 : 84 125 236 144 153 234 93 215 165 232 34 150 214 122 219 223 207 56 134 248 183 163 164 39 59 62 142 121 145 190 47 202 170 89 77 238 130 135 66 79 224 209 169 195 226 85 200 222 81 99 247 88 90 42 212 52 87 159 203 43 
245 : 245 175 162 234 57 63 247 76 147 181 171 55 229 85 93 118 200 120 221 148 187 240 231 195 204 144 154 186 106 45 230 142 65 70 34 243 149 237 158 101 198 86 59 213 232 69 42 40 33 122 94 67 139 214 151 222 124 170 98 66 72 188 177 224 169 52 104 228 61 191 135 64 161 248 145 75 138 60 
246 : 25 187 239 83 33 61 200 212 241 140 123 246 206 57 199 52 214 42 233 146 193 178 144 182 104 236 238 179 60 163 37 160 51 32 165 110 224 77 138 120 81 211 71 230 54 186 133 145 53 116 105 99 159 117 62 169 166 148 153 125 220 34 203 79 183 210 227 96 225 209 93 
247 : 106 167 217 68 26 244 173 213 235 117 108 80 39 33 101 40 78 228 210 182 105 171 89 144 83 115 128 63 230 28 176 25 189 145 193 111 121 203 47 141 
248 : 146 151 154 153 144 164 190 149 76 34 120 119 27 61 235 50 75 180 226 175 245 246 38 113 216 192 228 247 73 55 227 72 232 234 92 201 89 59 224 39 243 35 30 118 
249 : 45 30 196 220 183 25 215 27 73 244 237 92 173 189 121 103 164 242 219 35 88 115 54 198 245 204 149 239 
250 : 113 221 53 200 238 172 243 82 157 220 185 132 212 111 147 138 160 216 150 81 209 139 249 151 75 211 52 176 116 165 188 145 181 74 214 149 89 79 30 196 106 171 217 143 247 223 158 241 63 107 98 40 
251 : 80 220 45 76 234 187 213 160 161 194 241 29 81 34 154 159 210 217 58 127 38 41 35 232 231 139 236 126 124 143 72 131 191 77 183 135 207 188 63 90 75 85 196 151 245 37 247 223 208 163 31 94 115 172 239 97 222 78 25 87 243 57 54 
252 : 108 44 76 176 70 226 172 30 138 119 81 236 78 197 145 59 146 196 25 90 242 214 209 159 210 116 65 71 55 208 245 211 101 68 143 184 246 130 103 60 64 182 198 204 189 102 222 179 80 207 203 131 239 125 
253 : 219 31 82 233 137 247 170 245 139 41 103 74 165 224 217 200 87 226 134 98 37 215 195 88 91 144 187 131 42 65 38 161 185 105 168 179 79 158 99 135 92 186 109 193 197 61 177 114 174 183 157 202 249 169 117 138 
254 : 34 90 115 191 144 208 245 147 151 201 188 225 143 189 42 46 123 26 153 149 162 137 31 58 138 51 45 235 61 184 38 185 130 158 218 111 181 83 150 129 35 237 117 85 217 133 78 203 219 195 88 116 
255 : 106 40 240 225 94 165 184 69 25 153 41 192 166 130 105 109 48 222 108 213 30 117 181 177 163 49 162 33 
256 : 77 37 163 63 232 140 226 214 121 95 128 154 29 48 80 243 82 83 105 126 90 182 59 221 223 116 91 180 54 88 215 104 66 145 62 45 111 152 131 110 133 209 81 200 172 144 190 216 235 64 197 122 115 46 153 237 35 149 213 135 236 86 161 130 176 60 189 71 
257 : 198 200 247 216 228 140 229 180 126 149 113 129 143 195 145 178 203 87 167 102 151 153 209 244 150 127 147 53 138 249 27 109 54 219 169 232 172 96 114 81 36 28 97 134 123 80 116 163 115 30 236 162 166 161 93 120 164 70 43 64 148 197 155 68 225 211 136 73 158 38 74 199 213 111 
258 : 103 166 131 212 94 164 177 156 106 179 169 195 146 191 125 63 178 136 97 150 186 163 99 238 151 176 39 85 55 246 247 190 109 132 140 46 71 118 65 36 210 57 75 49 209 175 143 138 248 64 117 95 
259 : 202 61 172 197 211 134 141 199 39 194 149 74 246 41 145 152 237 62 48 225 204 131 33 244 147 53 216 245 83 218 58 77 59 187 69 47 40 65 248 96 231 195 235 221 139 57 50 
260 : 165 195 135 100 30 48 133 184 242 131 39 78 85 161 185 209 52 130 221 186 190 222 37 97 179 81 200 70 183 115 232 104 47 35 125 203 172 136 153 236 132 201 79 163 181 101 149 248 182 168 164 88 158 148 40 73 90 214 51 
261 : 119 247 125 172 229 182 78 148 55 213 56 186 160 142 53 105 123 179 92 77 112 178 33 153 93 25 35 66 195 198 110 145 163 248 139 166 159 171 189 88 59 27 84 158 157 143 132 230 146 73 231 242 245 187 197 118 62 219 162 44 91 221 61 150 65 234 136 161 200 199 207 185 38 223 60 249 98 165 29 
262 : 142 68 85 173 89 191 194 245 235 176 144 115 219 104 151 232 75 76 249 238 35 134 241 193 247 169 49 40 74 222 126 54 45 101 227 72 202 79 179 100 237 208 146 155 201 122 248 86 129 56 186 131 225 180 171 205 63 93 
263 : 106 184 96 194 120 124 137 157 57 47 198 71 217 154 231 111 226 26 213 135 49 133 178 31 80 82 97 52 83 
264 : 99 242 170 32 198 217 92 160 175 73 150 211 245 100 81 30 119 116 233 236 204 193 248 38 137 68 50 171 132 214 135 108 39 57 226 162 241 151 52 71 58 178 194 130 163 238 240 124 133 80 107 42 129 202 247 47 229 101 105 69 174 54 154 153 97 83 185 
265 : 223 173 57 65 26 218 154 111 158 97 114 172 145 176 220 87 101 93 206 32 235 75 236 76 201 199 122 214 203 104 39 205 126 187 233 143 119 107 25 56 135 192 61 219 
266 : 130 36 144 78 77 170 83 243 105 58 137 76 199 189 107 44 54 165 195 181 100 182 104 166 106 178 60 57 87 56 61 148 207 73 124 183 37 217 126 25 113 48 156 72 35 39 68 232 51 139 29 46 194 222 162 212 151 206 133 176 203 99 153 219 33 62 
267 : 114 50 208 96 31 139 222 51 80 142 84 39 206 122 223 221 238 55 143 245 35 150 196 237 205 216 56 48 219 152 73 
268 : 114 134 205 230 177 221 50 129 90 132 187 167 215 234 151 148 240 214 153 189 72 108 63 30 170 155 76 53 102 229 118 195 135 75 180 145 40 80 33 87 47 188 26 218 130 79 242 149 204 244 78 43 236 91 139 202 237 65 166 216 86 115 56 103 173 249 199 66 159 71 97 198 232 67 36 175 223 
269 : 36 63 151 119 186 133 43 212 37 193 153 48 130 240 155 205 33 128 145 238 168 211 82 226 71 221 123 231 181 184 87 247 235 57 100 136 91 80 114 154 105 227 52 165 196 222 32 158 65 113 125 25 190 122 198 54 53 241 194 223 143 166 97 
270 : 62 137 238 38 143 185 141 95 166 78 104 50 158 223 161 226 121 118 93 189 194 149 193 132 183 170 222 220 
271 : 26 57 149 32 25 89 193 85 134 101 130 47 27 132 179 235 45 221 109 217 220 119 171 44 100 103 129 67 147 246 
272 : 223 200 243 145 52 25 197 139 157 73 205 36 191 78 65 81 234 224 162 211 213 247 27 57 107 207 
273 : 199 114 62 37 39 234 186 171 220 44 172 124 152 183 130 132 28 145 246 32 248 224 33 68 48 115 194 176 208 104 157 
274 : 37 91 238 92 145 241 227 164 140 178 230 87 143 42 101 68 195 240 212 245 192 47 202 60 56 108 146 220 242 82 55 235 225 185 217 85 
275 : 196 179 173 73 146 169 156 52 188 87 218 111 97 93 107 48 51 45 184 31 160 115 163 198 187 99 241 27 142 182 240 106 54 216 232 82 103 25 119 104 234 213 203 117 39 72 190 58 231 133 90 105 245 186 197 165 248 228 212 145 200 55 110 127 215 123 236 109 131 158 194 76 209 247 
276 : 37 182 80 119 26 169 214 151 59 152 158 209 184 154 72 126 224 104 129 31 69 192 197 99 107 211 204 88 32 223 179 131 141 195 155 148 68 140 86 132 115 81 30 142 53 144 116 194 
277 : 202 206 184 180 134 69 221 117 229 147 164 149 80 112 218 104 140 191 50 148 187 58 33 115 73 228 62 172 189 44 25 146 79 237 165 94 226 204 174 76 212 213 53 86 236 173 29 143 222 199 138 
278 : 52 47 150 239 77 41 33 242 189 155 206 193 64 88 182 84 126 54 162 63 247 26 151 140 191 194 73 44 124 190 115 225 108 39 96 117 86 104 46 198 241 72 136 111 188 199 176 203 34 181 183 220 40 50 32 129 45 171 80 142 167 148 57 69 
279 : 213 236 85 206 242 132 50 110 182 51 130 176 243 79 125 154 65 73 223 87 188 31 115 235 64 142 161 52 83 93 193 36 181 48 205 68 149 34 207 147 126 53 100 244 222 208 224 91 238 43 159 237 226 109 78 180 164 146 202 196 98 195 217 218 246 152 39 221 135 216 
280 : 42 39 157 112 84 248 189 225 44 240 168 234 192 221 181 128 151 177 227 45 62 46 152 70 158 142 208 218 118 161 224 145 53 132 115 48 117 77 100 114 
281 : 107 92 182 156 189 131 111 64 34 143 161 70 186 237 26 227 244 206 67 37 32 101 82 97 216 152 77 162 68 48 224 185 122 200 99 226 197 55 213 60 144 83 79 129 201 207 89 116 75 52 62 214 87 90 191 85 123 126 231 238 109 243 65 73 104 137 177 171 59 150 36 119 94 100 115 
282 : 190 88 246 193 160 31 238 186 133 109 63 49 47 231 206 137 73 125 48 96 36 201 129 211 245 217 25 35 236 188 52 62 97 124 108 171 79 223 205 99 74 100 240 
283 : 48 79 196 181 202 63 238 142 177 167 109 30 180 209 198 60 117 34 208 82 185 178 150 101 53 215 73 33 241 200 132 158 201 249 86 80 171 242 44 116 124 222 
284 : 88 106 74 136 69 198 41 111 171 183 245 109 89 231 220 177 194 163 98 38 128 228 97 182 135 179 
285 : 208 114 30 160 149 166 124 77 84 157 95 245 106 54 147 243 61 69 73 215 121 116 91 33 63 112 178 59 44 184 167 48 185 177 172 
286 : 150 128 249 125 232 205 246 123 106 85 86 156 129 196 114 190 242 102 183 157 134 87 186 39 112 132 193 158 29 43 162 180 208 167 220 185 189 228 105 181 151 70 46 171 121 218 108 182 60 169 61 110 72 77 164 225 56 120 84 74 214 63 116 69 59 209 
