0 : 61 169 163 209 109 47 143 86 179 159 219 126 99 150 194 199 63 215 77 43 224 132 98 235 89 33 27 31 213 113 211 184 166 81 207 100 38 182 88 121 56 191 
1 : 71 31 216 100 118 27 171 145 109 209 29 45 166 165 150 144 67 63 187 46 84 206 177 48 104 152 215 136 
2 : 155 135 193 201 227 85 72 117 229 125 197 203 173 28 151 205 100 196 182 76 108 194 192 164 241 204 172 58 95 217 127 122 215 226 249 50 54 242 37 167 129 44 93 92 110 171 103 206 64 158 75 207 99 120 113 243 51 234 35 165 27 78 77 244 202 186 146 221 74 68 97 188 38 181 
3 : 162 243 203 173 141 237 29 135 160 200 45 110 144 54 90 84 209 59 191 75 39 140 130 240 192 118 66 109 92 95 77 185 202 61 159 25 
4 : 191 241 161 220 147 214 202 227 215 187 79 193 172 115 62 95 29 87 111 179 148 73 162 156 106 96 128 140 102 169 242 171 97 204 142 160 100 108 165 221 225 129 33 181 89 210 137 238 82 164 51 64 92 28 77 229 60 88 226 48 125 43 76 195 249 184 58 230 127 209 46 99 183 185 80 
5 : 143 200 40 52 26 169 93 114 214 154 235 190 34 121 222 39 45 66 29 106 130 171 58 248 193 99 63 128 
6 : 104 76 187 218 238 197 189 100 167 152 101 181 170 96 54 142 117 36 195 115 191 216 66 116 39 155 81 47 83 65 59 93 109 179 48 69 40 154 129 148 79 244 199 228 52 102 106 226 229 99 133 70 108 58 57 132 127 84 194 193 67 175 248 143 249 239 204 25 
7 : 144 167 99 131 157 84 74 26 112 182 196 247 237 213 31 63 97 80 224 206 72 217 185 166 203 236 51 95 108 164 189 207 175 143 50 188 96 249 107 165 58 234 140 148 228 79 48 216 230 204 174 155 94 62 223 153 88 137 67 227 186 
8 : 222 178 249 207 148 75 128 72 40 56 124 60 195 239 224 147 112 196 59 55 170 67 121 164 161 27 73 115 139 95 87 163 39 232 198 209 123 117 199 241 57 25 90 186 233 42 37 31 179 41 215 206 135 65 46 149 98 171 131 181 26 114 220 71 165 
9 : 184 171 122 105 227 148 134 84 213 152 127 107 160 142 56 92 102 235 205 123 133 58 173 31 180 217 212 198 202 240 41 220 131 113 228 83 229 192 215 179 174 241 85 91 150 161 69 121 176 155 248 199 52 242 65 190 210 239 37 40 194 42 100 66 
10 : 75 204 210 118 185 28 43 237 159 141 40 82 129 91 150 55 143 243 73 59 177 140 221 51 47 138 176 164 174 180 161 107 167 244 94 124 208 112 111 157 61 
11 : 177 146 42 68 133 192 93 49 46 60 197 187 75 236 141 134 71 190 61 106 175 239 162 152 38 105 97 176 218 56 202 102 122 111 214 43 84 224 213 148 45 113 91 94 118 168 235 243 52 188 145 174 220 
12 : 37 247 84 25 173 210 108 61 152 237 239 181 184 224 218 167 164 203 85 96 89 141 30 67 73 47 92 195 216 228 219 28 232 136 238 243 244 234 81 58 222 246 63 42 142 160 27 115 64 146 97 
13 : 47 61 73 110 100 194 181 119 214 151 52 38 199 71 51 198 79 104 77 167 72 190 197 88 248 54 133 29 123 109 134 
14 : 101 118 193 235 126 243 185 148 155 56 45 79 116 151 31 236 92 110 159 241 219 188 119 93 105 41 182 129 74 51 214 46 238 54 206 53 211 177 81 217 165 106 218 213 229 117 113 169 186 152 249 35 58 128 202 175 100 43 83 42 80 174 64 134 231 167 88 179 65 212 176 191 198 87 203 153 180 78 
15 : 167 175 107 195 91 120 84 213 184 59 75 137 58 66 126 136 29 46 76 170 142 64 147 162 73 63 134 192 224 233 77 32 231 232 27 177 118 52 226 176 208 79 227 196 31 179 113 206 81 139 141 149 34 106 194 95 190 116 99 124 144 191 69 
16 : 102 132 30 142 141 107 46 140 201 67 77 95 51 114 212 204 197 215 168 236 216 53 41 100 128 167 137 162 66 97 222 105 232 165 94 199 126 145 29 133 211 248 32 75 220 138 208 85 115 111 221 147 144 52 122 192 136 79 89 154 181 110 73 150 205 99 237 174 84 34 247 106 
17 : 134 156 212 150 56 86 166 197 153 147 209 181 117 167 144 238 83 229 148 162 176 29 139 51 64 230 217 240 
18 : 90 34 184 245 103 117 223 61 145 194 85 102 47 241 196 136 128 202 27 243 225 52 110 160 216 79 190 206 118 66 138 230 67 133 140 130 219 159 40 239 236 131 88 170 175 56 112 176 41 63 234 49 129 32 
19 : 160 124 86 37 107 115 134 38 207 230 111 154 151 97 183 205 120 142 125 159 177 186 56 168 91 218 25 181 133 226 74 112 249 81 194 101 243 59 208 123 214 211 51 138 
20 : 52 212 191 193 218 112 71 198 58 241 214 40 168 83 64 183 135 217 230 192 224 92 66 90 154 103 182 42 232 80 102 91 248 211 76 62 133 164 89 142 51 145 206 187 163 140 153 122 229 36 99 205 165 65 113 225 117 68 73 111 108 181 114 97 173 
21 : 127 230 34 63 71 99 58 234 122 162 126 131 237 93 129 231 169 28 91 153 52 32 49 149 167 84 193 65 137 233 138 200 35 41 26 47 95 199 85 168 243 51 160 171 70 183 202 192 73 
22 : 237 119 34 243 160 44 203 141 120 122 84 177 198 209 91 172 64 142 60 53 76 246 92 123 26 58 211 35 158 66 232 214 75 139 216 145 153 25 
23 : 64 27 240 215 38 154 153 151 218 172 44 163 30 35 222 78 150 92 201 208 229 126 186 241 194 66 52 46 28 183 117 157 45 167 245 118 239 71 113 135 76 193 67 91 129 122 233 53 101 
24 : 221 58 41 162 168 142 105 65 50 97 153 133 44 127 55 145 53 107 60 238 112 29 43 110 92 195 119 230 96 151 93 237 226 217 183 35 45 137 248 69 159 
25 : 130 120 90 47 36 160 86 145 138 100 179 134 162 140 31 127 109 158 181 165 177 76 83 182 41 87 173 119 74 168 199 93 37 131 192 29 249 225 46 49 132 148 201 190 242 111 39 232 210 166 78 137 136 58 92 195 68 63 52 146 149 147 142 212 122 143 245 26 222 96 144 34 25 186 185 150 65 128 99 
26 : 77 57 184 191 214 174 180 145 162 72 48 147 172 52 226 212 37 150 78 58 139 243 108 230 232 237 126 203 245 192 179 55 39 183 130 31 134 74 173 242 76 136 80 106 194 222 201 94 131 100 45 231 209 159 193 236 49 164 207 219 
27 : 53 43 78 206 55 86 110 134 218 175 139 136 85 157 215 132 64 239 153 182 249 126 48 77 111 242 228 50 90 137 124 72 244 123 151 37 84 81 32 25 240 46 245 63 220 199 204 120 131 97 100 154 173 130 98 73 31 160 117 212 184 125 177 135 42 241 74 80 168 243 116 44 36 200 221 
28 : 116 249 82 206 193 187 211 218 75 137 180 175 147 178 102 139 159 110 113 143 68 223 243 197 74 140 39 44 221 93 151 124 59 83 36 164 205 130 52 169 248 96 241 99 219 204 125 120 142 63 155 
29 : 238 221 247 215 75 107 102 129 126 25 165 170 187 194 232 200 114 231 181 234 48 159 95 67 157 122 43 188 85 97 144 
30 : 88 144 79 239 99 58 85 53 207 149 106 153 38 66 212 107 145 173 219 77 44 165 220 48 141 198 226 71 229 54 143 139 150 60 209 214 189 87 78 30 110 105 208 37 98 103 155 119 158 31 170 157 108 140 111 61 160 222 205 45 206 178 147 93 180 130 174 113 232 243 72 228 
31 : 90 73 110 116 44 143 242 81 36 109 161 65 239 150 155 108 112 54 140 72 61 55 146 87 89 35 157 188 122 213 190 49 98 170 159 185 181 
32 : 166 37 35 126 191 155 102 207 210 122 229 147 84 87 179 145 69 167 127 90 93 125 75 89 118 30 56 162 108 171 25 228 
33 : 210 184 77 147 49 194 118 121 145 186 203 177 195 86 226 219 61 187 128 110 158 164 26 199 238 120 43 32 51 65 67 139 207 37 156 162 241 202 27 243 79 182 161 123 141 198 46 133 99 98 200 197 165 113 47 53 221 91 163 50 144 169 249 218 60 190 
34 : 185 146 40 221 205 181 143 126 67 165 151 191 49 212 201 184 52 129 80 119 210 39 59 86 28 114 174 70 44 62 220 204 30 187 106 142 60 111 110 
35 : 73 83 205 236 166 88 51 201 44 86 104 26 27 208 32 127 132 175 246 206 30 108 143 185 63 178 181 150 87 238 146 111 35 237 180 103 60 68 172 200 165 164 224 151 239 196 154 46 28 109 49 99 90 118 66 155 210 47 57 197 42 153 242 183 65 64 102 29 170 159 85 67 231 235 149 161 229 189 84 140 204 114 
36 : 33 227 56 235 158 144 216 69 81 100 53 140 206 232 71 139 28 208 26 37 147 133 124 74 214 248 141 
37 : 122 139 77 175 183 88 72 146 194 191 158 237 241 231 215 55 165 145 132 33 70 147 182 166 29 136 179 159 137 193 157 234 71 105 57 98 219 113 227 206 64 78 203 221 68 92 228 169 125 
38 : 41 116 183 201 50 57 127 119 39 140 195 129 189 32 67 174 74 83 38 153 64 108 169 134 200 231 232 165 144 
39 : 159 221 81 30 138 164 108 193 187 208 83 50 125 62 36 237 153 49 217 88 121 26 198 56 227 241 119 137 69 47 172 84 204 202 71 111 212 248 53 201 152 64 185 175 203 82 246 171 46 
40 : 149 167 87 156 91 135 230 45 69 39 154 55 186 112 92 143 124 211 139 94 137 174 79 131 84 164 32 60 130 89 197 105 236 38 232 118 47 86 132 57 159 223 245 165 239 207 109 52 184 144 161 65 115 123 140 238 212 73 208 152 62 206 85 200 176 227 71 244 74 97 193 99 114 177 
41 : 237 213 84 138 184 117 44 67 202 232 199 244 43 99 71 102 230 66 225 109 247 150 90 158 127 243 107 153 227 236 61 55 77 191 88 122 115 79 166 159 70 204 100 49 95 145 148 31 34 132 140 219 42 154 231 203 210 226 81 
42 : 43 103 115 189 183 88 49 71 38 172 64 242 163 132 121 86 154 139 166 204 126 108 96 50 61 244 170 94 162 59 201 187 123 176 33 210 191 184 138 222 196 35 145 223 179 129 73 177 155 202 240 110 221 
43 : 35 111 138 69 245 94 59 162 236 29 177 84 76 244 153 63 99 27 48 197 196 80 92 222 163 141 95 168 107 65 200 60 134 101 202 96 
44 : 135 233 39 48 83 97 231 133 190 214 205 200 154 186 78 148 197 184 91 45 243 104 164 165 38 62 150 147 63 221 130 105 169 183 110 28 122 216 87 53 198 234 204 76 73 240 123 43 203 
45 : 27 152 220 165 30 223 234 86 192 77 90 84 28 99 205 128 97 43 115 129 98 71 181 201 150 40 132 202 215 55 101 140 232 191 95 194 70 146 203 247 81 60 127 34 105 41 216 218 53 141 160 72 57 107 204 219 62 76 66 238 233 206 78 50 147 79 217 237 103 83 112 213 114 135 208 235 35 64 178 
46 : 249 192 65 130 147 151 47 71 132 80 236 75 123 97 81 207 166 174 78 125 85 95 179 209 112 244 243 122 58 181 173 84 52 184 162 189 68 39 120 248 34 240 77 66 202 194 153 246 106 200 154 32 238 107 134 185 104 226 187 33 88 195 72 126 49 161 191 
47 : 130 156 159 41 247 97 28 165 111 244 169 25 71 242 172 221 190 181 35 72 202 89 175 151 173 243 127 66 
48 : 39 203 175 168 235 166 128 38 84 126 199 222 202 221 120 41 155 124 95 45 59 209 180 117 70 102 110 113 127 66 49 114 47 169 32 228 245 138 107 170 109 106 31 179 111 119 188 115 237 190 36 151 240 176 
49 : 74 84 134 50 136 77 105 73 147 38 32 163 249 141 137 166 127 182 121 199 227 233 59 205 206 214 93 119 191 64 49 213 118 212 174 167 126 216 143 181 180 101 207 194 164 183 110 139 66 62 107 108 204 109 88 241 247 54 208 219 44 123 130 173 245 186 154 172 72 45 46 89 76 231 78 35 150 122 71 202 81 
50 : 51 59 215 37 96 225 48 136 129 213 90 49 197 121 238 124 166 180 45 146 218 181 27 149 232 28 122 40 71 66 112 97 46 179 157 223 109 241 240 178 39 207 95 26 164 209 55 201 234 143 230 56 226 163 153 74 68 82 203 162 220 57 133 102 103 214 228 52 148 204 67 243 35 83 139 227 205 
51 : 115 223 79 145 35 65 235 104 142 117 109 181 241 191 230 61 194 100 173 157 206 140 106 231 131 172 228 137 218 238 190 112 91 85 198 95 88 
52 : 232 111 51 41 97 141 172 162 59 35 29 147 78 242 94 230 151 130 161 126 178 195 91 53 101 86 142 179 203 45 189 49 210 152 137 
53 : 214 60 202 129 69 151 193 107 226 170 147 108 101 73 240 80 146 197 192 86 139 165 44 70 96 209 118 219 81 36 76 114 131 194 184 50 99 83 34 123 203 57 204 88 42 126 37 135 35 124 237 148 235 68 97 245 196 85 161 157 158 138 149 40 152 109 58 140 221 150 177 231 232 
54 : 51 248 96 47 134 172 164 88 245 210 167 118 83 71 249 144 224 34 181 159 160 36 30 29 41 225 205 203 115 227 223 125 44 142 236 230 151 33 174 244 73 67 124 157 130 190 84 81 109 162 233 48 75 146 209 53 220 105 62 177 72 222 201 191 192 163 178 93 149 
55 : 212 148 76 221 39 31 186 244 204 198 79 199 37 171 246 133 159 69 115 232 174 180 224 191 57 154 144 226 170 229 45 213 104 117 249 140 162 165 122 141 146 240 158 29 88 172 227 119 177 103 179 109 116 36 153 241 90 161 105 150 210 35 
56 : 51 171 205 54 79 124 68 198 114 231 52 216 88 46 150 230 152 170 223 101 173 221 36 59 184 
57 : 199 147 67 84 76 157 35 187 205 83 119 207 179 180 51 42 226 248 152 139 235 106 203 237 110 183 53 61 213 162 175 122 55 71 39 69 172 107 189 123 135 133 167 81 217 91 32 137 144 52 
58 : 42 177 216 186 230 111 210 218 181 95 121 66 114 171 37 82 88 153 201 50 174 52 25 142 29 193 132 168 185 172 160 141 79 76 32 98 108 180 166 91 194 73 60 33 169 148 135 207 200 189 131 68 45 84 165 245 206 93 102 164 
59 : 234 179 237 152 31 101 124 65 219 119 117 188 150 93 149 232 205 39 177 115 88 68 204 102 25 43 199 87 58 197 49 135 215 78 185 107 209 61 213 220 137 36 194 202 218 200 236 130 216 173 148 221 147 70 105 90 172 62 225 
60 : 64 114 214 197 33 149 44 56 173 165 103 116 186 228 61 156 180 155 113 78 218 169 110 96 69 203 101 192 54 65 201 190 215 139 107 223 90 207 129 164 208 26 
61 : 237 45 33 42 95 82 172 196 124 232 188 186 100 166 119 194 84 116 246 88 77 220 68 249 242 97 39 238 94 106 29 60 147 158 226 76 37 221 174 32 44 171 141 
62 : 56 151 25 98 219 187 68 180 168 72 228 53 132 60 47 199 59 107 78 195 239 191 170 169 37 241 134 115 86 146 164 108 84 30 192 67 125 99 126 237 102 130 242 208 222 188 
63 : 222 69 56 132 248 83 235 31 227 59 176 218 94 126 139 80 102 108 131 75 29 55 73 62 213 169 141 52 104 219 210 155 216 107 49 72 241 37 86 47 41 206 198 54 194 
64 : 52 105 205 134 157 50 184 122 183 195 246 114 227 220 200 210 155 138 153 37 58 98 111 179 48 33 109 60 141 235 124 
65 : 153 237 98 78 137 222 114 155 171 201 147 56 38 157 87 217 246 117 77 227 96 121 69 175 223 39 51 27 26 70 50 150 152 35 79 173 190 110 129 91 169 72 83 68 48 82 234 221 211 180 139 99 85 29 218 233 25 143 135 81 212 181 108 73 229 232 102 131 
66 : 92 106 125 151 105 34 223 74 154 71 111 191 139 198 189 53 183 98 216 119 158 112 224 190 245 238 247 206 52 160 157 85 118 188 153 37 95 161 225 171 185 40 
67 : 32 240 188 144 176 146 119 29 70 152 128 200 45 27 204 124 102 54 245 164 104 229 223 107 187 56 47 99 180 236 185 226 116 181 167 64 94 163 215 65 
68 : 230 93 154 159 85 222 63 218 43 244 182 176 177 49 151 193 213 147 88 174 121 228 155 60 181 136 102 219 84 112 224 120 29 
69 : 213 98 156 229 109 62 48 221 91 187 235 198 123 208 66 26 159 118 169 72 27 64 172 240 202 209 32 110 237 68 191 203 56 92 199 
70 : 39 94 209 80 140 59 105 231 166 236 99 110 245 111 237 174 142 193 134 139 92 34 206 199 56 62 126 233 71 141 47 205 177 147 176 241 45 55 163 51 46 162 43 31 149 28 189 161 90 131 244 115 81 159 210 160 
71 : 166 68 244 198 163 61 211 233 151 109 135 206 133 75 203 97 89 159 91 220 242 106 175 194 120 50 104 27 230 65 204 164 227 236 177 185 46 117 114 245 239 80 108 207 84 176 192 231 29 169 157 235 232 62 110 121 94 73 102 243 122 142 41 238 158 182 66 145 183 38 215 95 83 170 249 33 54 39 221 43 217 
72 : 190 66 123 111 235 227 219 207 240 248 88 141 58 153 30 229 69 97 116 129 47 64 218 92 189 100 158 138 70 241 213 72 176 168 114 183 99 186 95 180 49 144 45 238 106 73 208 210 80 217 221 203 179 163 174 151 109 76 103 42 198 86 56 222 
73 : 236 217 196 90 203 96 131 162 27 79 71 56 127 142 120 245 227 243 152 248 78 49 205 119 104 213 204 112 134 77 140 94 155 60 76 116 111 29 209 240 64 47 194 101 146 145 118 129 239 39 124 91 34 
74 : 144 32 202 233 65 179 61 186 189 133 171 91 123 85 200 60 29 75 37 191 45 98 161 96 222 241 199 
75 : 41 232 163 220 186 119 87 159 139 241 144 230 98 124 182 127 120 91 201 71 242 174 48 206 83 33 37 143 191 204 84 125 181 233 190 205 199 137 54 202 185 47 189 28 153 93 180 157 245 26 154 123 67 116 39 32 215 61 198 193 66 80 210 77 235 78 194 40 49 145 161 72 97 160 221 184 183 108 244 209 208 203 166 
76 : 58 77 116 218 165 111 69 103 232 192 148 183 37 94 93 169 186 29 96 217 225 167 68 136 80 243 34 228 108 137 79 212 171 163 56 216 118 156 54 107 41 99 205 196 146 214 47 36 
77 : 247 217 74 85 115 127 99 146 135 125 80 226 57 27 207 248 67 182 117 238 88 144 34 30 175 36 132 221 50 184 129 44 177 203 190 193 140 48 178 168 187 134 157 
78 : 186 72 79 177 164 245 57 41 105 69 47 200 102 131 219 32 194 124 178 58 231 64 202 67 158 167 104 78 146 214 163 149 156 28 212 123 173 51 71 122 30 
79 : 49 211 239 193 242 177 93 101 28 82 186 102 175 151 77 217 76 236 154 34 180 142 215 41 98 38 189 29 56 231 190 152 150 134 196 223 112 70 69 65 205 115 240 198 234 237 64 140 27 168 200 47 37 26 35 178 73 160 74 51 230 218 162 137 132 44 174 50 158 249 117 52 130 88 165 109 81 157 96 138 123 71 91 
80 : 25 70 28 133 62 230 220 217 169 195 107 241 162 35 172 48 53 219 118 173 98 36 204 69 141 26 38 215 128 150 248 
81 : 243 189 247 88 35 134 78 224 212 175 69 91 182 98 86 215 53 40 59 178 177 112 165 44 121 102 141 190 33 39 188 186 97 137 209 34 120 216 163 232 160 157 105 184 219 171 237 149 99 74 207 101 118 194 50 227 192 36 128 191 123 38 95 27 167 41 241 26 100 179 108 126 
82 : 153 39 101 151 74 189 31 99 106 112 133 137 95 146 29 175 49 85 210 102 230 212 145 128 100 124 226 84 206 160 209 50 
83 : 75 249 165 44 192 159 208 215 106 195 38 104 207 133 168 176 247 36 96 135 182 190 57 225 223 185 172 62 84 131 65 202 52 166 235 46 80 218 242 231 60 88 72 138 
84 : 91 178 173 144 62 165 86 170 248 177 43 35 220 122 164 242 107 143 119 65 145 227 142 129 138 49 136 41 75 166 53 192 161 88 232 102 74 128 148 51 169 167 228 97 225 174 76 245 72 46 52 111 209 27 201 195 226 153 204 117 54 235 84 37 58 81 26 208 243 64 32 50 185 184 57 28 109 150 207 114 115 146 180 
85 : 158 25 177 38 73 194 189 139 215 124 145 83 130 137 155 26 147 87 101 161 169 213 119 34 240 242 54 
86 : 148 108 200 227 127 179 147 78 193 249 247 57 95 74 116 71 61 30 191 44 152 33 206 219 124 51 201 225 210 129 189 226 180 215 31 233 141 240 135 170 204 164 230 205 196 218 238 146 195 158 97 84 132 64 98 66 220 160 94 137 178 136 163 
87 : 94 240 218 107 227 103 165 132 180 48 57 66 238 184 178 133 249 147 55 225 91 80 164 64 58 158 217 88 160 148 211 127 144 135 37 54 27 168 215 32 243 141 143 155 236 140 81 207 33 159 79 191 116 77 114 210 118 154 214 42 30 226 204 98 89 231 121 36 235 38 203 25 119 183 163 110 138 63 149 
88 : 192 167 124 227 79 218 25 66 172 249 89 211 182 209 248 243 32 216 87 193 244 45 41 106 31 186 236 28 234 123 224 156 161 225 83 222 187 26 166 114 137 72 204 157 188 235 118 97 53 38 233 88 150 190 168 
89 : 90 64 145 96 25 116 162 119 151 48 237 147 38 123 62 208 49 105 179 122 245 193 195 67 54 136 112 231 56 27 98 82 83 246 95 110 223 77 225 226 107 239 76 198 203 189 227 141 99 199 243 127 244 137 29 228 201 35 
90 : 174 115 236 125 34 235 92 246 78 194 93 167 148 163 82 76 108 71 211 77 187 109 198 197 98 168 147 141 60 180 172 238 220 191 88 99 81 26 80 154 165 100 64 45 123 216 205 169 158 105 162 218 94 89 38 215 50 150 200 40 131 54 91 55 49 
91 : 121 93 167 211 106 149 117 51 199 143 49 89 154 249 65 79 98 147 59 26 63 56 46 148 172 185 173 29 116 181 103 124 219 112 170 236 212 166 85 101 82 177 153 86 191 183 52 125 55 222 130 237 67 47 202 107 76 205 142 155 208 92 83 188 137 115 192 53 35 196 165 96 171 64 203 127 186 150 
92 : 100 136 222 135 248 52 206 154 159 247 110 87 83 99 36 152 205 243 202 94 46 32 81 37 95 231 175 147 142 237 63 70 249 140 26 177 144 160 49 28 
93 : 246 160 98 209 172 69 134 129 232 77 79 100 44 244 33 63 195 136 70 68 188 245 182 185 144 43 126 109 71 241 97 223 112 218 66 220 27 127 187 133 80 
94 : 88 48 198 104 246 167 218 216 113 210 93 30 124 84 229 224 46 64 77 116 27 200 105 232 147 139 227 141 242 161 83 189 175 81 78 102 245 140 169 61 165 149 55 127 209 
95 : 65 97 144 234 37 184 183 198 103 94 102 49 111 27 159 216 215 93 242 187 95 204 163 143 112 108 178 153 
96 : 238 145 30 144 119 167 136 234 122 32 249 107 57 237 179 35 25 105 126 37 181 98 54 154 59 215 230 120 203 61 95 110 121 235 81 27 36 212 187 
97 : 118 53 159 29 246 70 64 235 202 142 28 136 40 224 131 119 203 163 82 88 58 165 36 191 63 54 138 42 25 62 83 99 67 139 217 111 195 66 172 201 149 52 220 
98 : 175 210 205 27 59 118 35 227 65 94 109 169 139 167 53 242 28 214 30 73 198 99 196 75 142 213 55 69 76 209 173 39 67 47 29 
99 : 106 195 220 211 54 96 60 32 160 173 201 159 34 193 25 55 177 125 176 161 226 93 65 90 38 105 
100 : 91 166 163 30 78 72 215 27 249 70 88 161 240 172 131 190 110 57 95 92 37 228 36 62 40 82 100 97 55 49 175 149 174 230 197 93 142 216 117 53 152 61 119 101 196 245 71 200 243 54 60 195 234 96 225 38 247 144 114 165 204 59 231 112 35 202 33 221 139 50 241 32 192 205 168 206 102 132 179 
101 : 235 32 45 140 56 96 142 75 244 110 151 189 101 208 219 78 124 243 66 141 232 156 170 206 147 225 194 65 163 44 87 
102 : 246 34 156 33 89 26 110 52 178 193 96 152 94 148 55 239 47 68 73 109 165 243 224 119 194 67 226 74 180 185 41 221 101 57 207 93 134 235 
103 : 241 208 117 161 194 139 145 183 92 116 62 114 30 186 185 202 180 243 182 46 138 211 134 163 200 147 205 115 199 96 140 77 133 218 32 227 72 99 157 155 120 59 108 79 89 66 71 210 162 85 80 84 246 226 167 
104 : 244 57 72 167 108 204 158 80 46 121 153 136 231 65 49 74 180 51 78 104 92 185 84 212 138 238 90 40 103 27 48 102 170 239 55 218 217 119 37 186 135 114 
105 : 39 124 113 102 151 110 125 64 82 232 38 157 234 205 117 154 70 184 47 66 71 114 91 55 118 81 31 53 220 108 235 107 174 164 208 84 200 96 217 181 83 133 244 35 100 195 26 109 247 236 30 194 45 229 207 187 68 89 152 58 202 73 80 170 191 155 57 115 239 132 126 228 121 216 166 
106 : 26 106 29 143 165 76 44 56 73 244 53 229 167 111 236 75 245 249 72 138 198 127 46 148 54 246 85 191 65 150 225 89 71 101 70 141 84 74 223 120 179 109 146 112 178 83 189 151 212 194 107 34 188 166 119 82 195 110 242 39 182 247 185 28 96 88 103 113 126 208 
107 : 249 237 57 224 75 93 107 83 68 235 159 87 206 120 110 113 149 34 173 27 99 248 185 78 65 146 124 142 135 63 94 30 
108 : 96 227 91 210 233 160 95 184 125 150 65 26 115 122 107 156 133 49 56 70 84 50 40 211 220 182 29 128 45 111 36 110 237 203 176 168 173 79 167 153 34 109 117 212 178 80 185 202 225 195 243 191 181 120 135 28 58 64 89 166 200 216 142 144 138 198 249 
109 : 211 116 241 57 126 112 127 29 163 238 188 130 223 34 50 103 117 189 169 214 62 124 230 243 216 133 187 64 54 194 207 87 
110 : 198 185 190 160 125 123 26 93 183 87 42 218 207 168 247 216 85 105 72 191 39 231 161 138 69 76 29 81 78 239 56 149 184 119 227 223 132 243 158 152 245 127 238 224 51 31 196 203 220 151 111 208 172 140 234 112 167 71 128 67 28 192 84 92 
111 : 57 205 171 45 127 241 188 217 208 243 31 85 130 96 65 184 126 119 163 167 48 55 210 84 212 78 204 150 111 157 214 122 115 70 63 193 110 146 195 201 86 144 178 228 209 247 80 213 36 73 172 42 104 185 240 44 175 176 207 182 66 125 67 206 123 160 46 
112 : 138 238 106 25 214 193 137 192 87 90 29 74 237 51 89 206 173 172 64 202 196 225 120 86 124 187 226 155 127 97 149 123 46 105 164 57 140 111 147 161 150 92 130 168 101 177 162 217 208 61 103 59 30 99 55 40 146 62 42 200 165 
113 : 220 111 30 237 179 230 149 77 187 206 39 38 73 215 110 79 146 159 75 223 69 192 120 170 202 128 76 240 97 27 148 115 58 54 49 123 121 204 177 62 42 
114 : 219 206 95 51 79 156 205 174 139 46 204 59 34 239 118 212 36 82 200 98 136 94 73 117 126 160 129 132 215 78 140 168 188 225 164 178 184 30 116 242 81 214 57 241 218 33 44 161 144 43 159 130 58 153 101 229 180 231 133 124 50 143 134 96 104 
115 : 249 88 38 98 174 33 116 212 160 91 205 221 227 101 74 215 125 47 149 224 158 104 241 184 32 228 57 107 162 133 196 77 223 187 231 143 75 138 242 234 29 145 25 151 216 87 46 182 60 237 127 100 219 90 64 185 155 40 247 235 73 166 147 199 156 132 173 56 206 51 246 72 201 217 109 169 225 
116 : 213 80 60 123 153 109 182 234 232 170 198 248 157 173 144 189 216 187 117 162 73 246 186 204 33 
117 : 142 65 51 91 101 203 185 245 103 106 44 105 89 158 202 146 59 63 190 110 60 198 165 177 215 138 30 37 193 25 147 47 84 75 228 151 134 170 209 100 205 119 54 163 
118 : 87 52 210 166 105 134 55 242 234 48 31 75 92 126 171 165 91 50 30 98 119 69 190 63 51 133 202 226 198 203 56 204 201 123 150 181 85 66 145 141 180 168 60 95 244 249 191 109 114 38 81 194 125 99 159 182 214 83 243 138 67 49 239 237 167 115 158 213 
119 : 62 174 97 127 217 204 126 93 98 70 28 184 191 30 141 207 168 147 68 135 104 122 150 48 87 63 132 91 71 83 221 96 29 183 36 230 94 134 203 201 225 119 35 129 41 37 121 187 
120 : 83 55 116 177 51 243 179 197 158 187 113 203 163 178 201 168 175 141 202 81 94 134 150 189 41 48 103 31 248 166 114 79 90 104 221 29 232 244 219 36 39 226 50 26 198 137 102 138 129 69 192 28 194 247 190 82 111 173 30 110 97 67 234 186 184 86 
121 : 242 218 146 131 140 163 152 50 178 117 244 197 208 76 176 215 136 132 229 33 31 249 56 144 107 156 120 212 172 80 88 210 54 29 214 73 81 92 211 110 234 248 38 115 173 206 60 245 166 87 118 189 135 47 63 246 133 191 102 130 119 43 122 142 78 79 66 35 49 98 97 171 201 30 194 
122 : 136 231 118 38 161 75 106 150 179 99 223 220 91 170 151 192 226 138 51 108 189 70 236 141 64 
123 : 245 159 150 145 144 54 44 146 120 76 38 64 36 199 176 164 105 101 45 141 41 40 104 112 233 214 49 75 158 68 243 149 103 
124 : 146 118 72 68 133 176 169 174 137 69 95 230 90 81 177 234 25 150 218 45 199 61 26 107 48 89 84 215 186 92 29 232 154 139 76 244 172 222 198 245 60 50 206 166 31 227 33 156 134 43 161 213 229 36 80 236 178 171 63 231 175 47 189 185 153 39 112 56 142 191 87 28 238 42 77 223 143 34 123 
125 : 220 62 30 176 200 103 92 28 113 76 88 174 66 179 211 239 136 130 205 187 86 83 217 196 114 72 161 198 178 95 128 227 238 219 42 154 143 
126 : 66 45 149 179 25 229 236 147 104 120 58 35 237 53 243 207 161 64 101 141 74 112 223 110 143 240 123 231 201 217 100 135 174 41 43 46 57 119 157 195 76 130 214 176 212 234 173 97 62 30 103 115 152 90 140 235 219 73 139 144 49 84 
127 : 177 144 188 210 60 183 194 90 248 95 229 161 196 189 71 67 243 199 221 124 208 48 134 140 198 152 89 25 146 68 102 44 121 79 63 139 123 75 126 214 179 34 28 64 185 246 150 77 43 143 82 128 164 206 225 168 224 87 223 111 213 132 62 42 220 133 129 240 52 40 203 151 200 180 36 
128 : 240 138 243 99 63 25 108 133 56 29 92 164 87 58 126 123 162 227 168 210 101 90 156 214 134 192 183 193 83 
129 : 143 81 40 31 106 218 58 47 157 241 161 215 105 169 231 122 201 108 120 72 186 243 95 246 174 29 147 89 88 109 86 39 196 28 189 37 149 206 36 154 91 212 85 129 50 75 44 173 60 195 76 175 77 118 87 79 32 160 
130 : 220 148 212 109 169 246 211 85 25 241 219 72 133 87 59 93 77 79 84 124 221 63 239 74 249 209 71 240 161 118 102 58 70 137 54 238 89 232 179 143 168 237 
131 : 118 141 178 131 92 72 217 219 67 62 201 237 54 126 73 36 102 140 25 200 109 116 106 90 146 235 95 210 39 188 30 77 110 152 222 107 203 57 241 216 165 101 42 94 190 147 163 189 119 86 49 150 100 234 183 60 103 213 224 
132 : 81 78 245 65 210 93 212 67 137 167 111 159 101 190 173 128 100 206 58 106 204 75 205 64 147 232 242 231 99 52 183 222 43 44 29 132 177 228 239 142 27 161 185 118 74 104 45 46 37 35 47 140 91 233 109 87 73 178 157 249 62 122 80 108 
133 : 135 236 232 150 184 42 77 188 241 130 172 176 194 131 73 207 98 177 192 203 231 45 244 127 243 157 199 140 39 105 32 202 229 51 52 36 226 208 67 87 44 125 238 63 40 183 228 186 29 115 168 100 248 225 141 48 190 119 142 149 71 189 210 219 200 64 193 62 235 72 38 247 60 171 161 185 217 246 159 102 
134 : 192 176 248 36 139 155 197 71 158 137 239 107 230 235 224 87 43 42 60 175 99 105 53 232 79 201 142 86 203 116 204 40 221 218 70 65 76 108 74 150 32 159 58 223 33 153 136 115 198 191 
135 : 172 104 236 101 127 160 193 111 136 171 45 55 142 125 157 48 184 205 112 224 36 134 188 249 217 122 74 62 210 78 128 144 77 234 207 75 85 33 180 229 116 124 173 185 178 95 212 232 161 84 169 37 102 68 176 225 244 42 148 183 46 79 138 114 247 126 99 198 56 137 
136 : 126 168 246 128 95 231 213 73 107 41 217 68 31 67 151 144 244 204 150 143 131 165 123 32 81 198 222 90 29 
137 : 121 39 222 132 34 197 194 86 82 144 177 71 35 150 151 221 179 105 189 149 206 127 181 225 142 199 224 130 119 134 242 153 128 98 85 196 188 80 69 168 184 96 170 248 183 32 83 114 219 163 167 66 68 40 
138 : 160 147 70 125 245 90 105 134 236 111 235 77 121 204 214 139 106 120 238 73 63 110 30 116 59 156 47 88 169 173 208 27 93 191 224 233 87 177 32 200 206 225 124 215 130 212 46 244 51 103 210 80 209 154 40 211 217 176 100 220 96 36 164 50 198 91 145 140 216 229 149 31 29 166 141 
139 : 215 206 228 137 238 44 133 157 164 54 119 247 199 60 124 171 182 158 245 58 97 187 200 222 186 167 177 155 95 240 92 32 25 209 109 138 69 174 36 149 210 190 68 229 220 198 143 104 219 
140 : 189 126 120 106 157 93 153 74 204 30 229 122 69 167 216 171 210 133 165 31 130 42 123 75 224 230 160 213 200 56 184 170 163 142 221 240 139 101 155 113 248 81 82 54 136 196 29 40 140 119 88 147 235 219 109 100 188 97 70 242 51 117 47 174 172 33 110 37 209 149 92 90 43 84 227 
141 : 196 148 62 244 104 77 147 201 238 190 191 82 70 55 163 34 225 74 200 138 181 126 146 221 37 42 80 130 109 64 168 48 180 56 95 174 143 132 122 
142 : 125 26 174 249 49 186 40 247 130 233 82 140 189 205 96 41 152 171 185 84 85 133 180 159 197 148 45 237 66 154 38 196 62 241 107 202 176 224 139 149 93 30 55 29 161 77 43 199 39 90 163 74 230 34 122 226 
143 : 196 200 232 72 40 215 29 97 79 212 217 66 197 34 75 58 190 54 210 174 185 107 92 44 152 205 192 231 121 31 36 100 202 53 91 46 25 216 61 88 163 143 65 135 186 150 114 126 
144 : 136 216 194 113 125 173 178 36 246 103 188 115 52 134 159 55 85 132 60 171 181 201 100 170 86 214 222 122 131 183 196 105 140 146 25 156 80 147 240 106 200 50 237 161 213 93 117 193 191 
145 : 118 132 246 130 77 78 50 61 218 175 135 85 230 225 104 194 25 100 139 98 147 244 72 37 92 146 174 182 128 103 84 204 226 54 156 88 52 141 207 74 124 29 206 66 161 102 47 145 99 35 26 
146 : 87 68 109 239 246 108 47 207 205 178 136 248 249 170 164 137 229 180 123 214 175 193 90 101 52 141 238 104 247 100 98 230 236 145 95 107 157 76 43 242 59 200 48 78 63 66 177 84 215 150 105 203 166 212 97 56 33 64 158 34 69 163 57 154 112 120 148 162 27 232 209 172 96 127 140 
147 : 186 153 122 137 180 107 249 239 225 48 44 148 241 109 51 240 74 149 71 55 28 201 138 220 104 199 77 145 
148 : 74 246 156 174 104 56 144 94 97 181 157 213 167 54 76 140 48 26 211 115 105 190 193 70 230 218 249 34 61 89 248 148 
149 : 108 136 107 76 122 54 210 80 224 125 92 132 185 25 36 203 39 103 240 55 162 141 197 114 166 
150 : 176 28 246 48 181 179 129 40 61 70 189 225 233 235 45 89 150 36 128 237 244 222 197 177 123 98 158 127 178 63 137 229 240 207 210 
151 : 125 145 124 105 243 71 83 60 153 43 209 72 221 88 219 242 48 196 113 54 226 235 161 205 149 120 222 182 32 69 228 27 160 40 85 197 176 33 106 53 232 189 
152 : 65 73 119 207 117 123 219 187 236 86 45 54 60 148 220 166 78 136 240 44 159 237 150 184 118 167 108 175 154 43 231 56 216 238 115 144 93 33 232 139 
153 : 66 195 51 154 79 92 147 188 69 109 72 163 75 58 125 159 225 213 150 124 68 54 94 143 38 184 202 183 139 74 40 95 242 218 130 221 193 103 64 196 167 43 133 26 41 181 142 169 
154 : 230 29 26 145 91 182 243 67 83 207 143 62 105 104 239 212 68 39 51 246 166 52 203 58 170 151 138 134 135 229 217 114 85 75 123 242 49 171 193 197 81 183 82 110 238 78 224 89 126 46 53 94 76 172 200 40 107 97 37 87 236 147 232 235 178 35 186 227 175 103 189 202 206 121 99 
155 : 65 79 116 179 209 131 226 150 224 45 172 205 84 69 64 42 169 75 211 176 118 234 29 89 98 163 232 139 166 143 109 47 165 189 136 127 207 44 
156 : 160 239 146 194 42 206 179 120 85 28 165 230 103 188 221 96 163 80 46 100 210 70 65 115 240 63 58 192 105 170 91 197 225 72 236 182 138 169 201 211 247 79 238 167 219 226 176 200 
157 : 87 187 170 133 68 35 71 104 42 233 141 92 121 110 109 238 126 237 247 205 214 203 165 222 105 224 231 234 75 55 49 113 228 209 174 112 173 142 38 72 143 232 166 152 27 132 
158 : 162 212 127 134 62 88 75 159 104 89 74 122 99 218 184 92 187 205 105 238 34 164 111 43 223 144 121 83 236 143 86 87 131 225 157 46 243 128 229 56 54 42 59 135 147 37 50 175 27 31 166 113 141 107 156 
159 : 165 61 128 44 54 66 67 82 228 119 79 244 222 148 205 137 143 180 86 166 192 39 29 164 117 160 69 28 200 151 140 129 201 65 246 76 174 203 120 37 89 103 112 240 97 141 90 178 231 237 64 138 168 194 248 161 85 183 226 121 247 75 27 47 49 94 154 87 208 35 177 111 144 217 
160 : 29 166 26 81 77 203 61 121 90 163 82 70 195 55 226 229 79 134 245 89 59 36 68 126 183 236 231 239 45 148 182 31 117 63 191 146 41 76 206 151 48 108 60 57 153 107 180 135 95 53 233 72 96 186 
161 : 57 165 97 191 227 82 121 63 93 130 83 96 125 162 155 186 171 40 126 88 107 174 169 142 232 159 189 156 220 112 53 132 233 181 241 158 127 239 236 144 52 136 235 240 246 173 71 226 243 118 56 44 101 103 230 41 110 87 183 216 212 153 209 218 61 59 213 36 196 75 205 215 172 99 193 195 70 64 221 46 
162 : 239 92 112 178 111 77 98 126 27 97 74 28 134 135 117 25 35 56 34 79 87 185 54 155 91 145 103 218 235 53 95 80 227 167 93 48 69 118 206 141 50 59 174 78 83 187 105 146 164 29 131 196 70 207 40 224 165 240 248 116 125 133 153 66 138 233 176 67 149 
163 : 65 179 31 235 64 86 234 25 79 126 130 122 96 54 224 92 249 46 245 45 229 222 52 30 151 33 75 183 78 61 210 73 167 197 165 228 82 166 190 152 242 184 133 47 123 173 144 119 41 106 193 114 199 247 76 142 102 161 131 
164 : 131 233 50 91 221 114 100 195 239 41 63 146 214 238 184 103 122 128 40 186 77 222 68 84 191 120 206 142 158 79 124 111 88 229 48 207 72 38 202 107 102 235 152 245 240 125 244 204 149 236 242 175 150 83 37 75 26 143 241 89 141 140 167 
165 : 98 78 55 214 124 145 35 134 195 236 76 102 199 218 70 85 118 123 48 117 206 155 94 37 128 99 212 147 132 100 51 217 121 154 80 166 109 169 191 220 184 97 
166 : 191 211 102 40 115 71 52 104 168 130 178 92 108 215 119 156 166 139 192 128 153 126 198 147 237 98 
167 : 41 212 219 39 90 146 75 66 49 195 122 94 95 47 51 201 106 174 130 101 107 159 44 248 109 105 185 141 71 30 103 145 26 87 100 110 117 184 68 221 112 98 191 193 119 153 240 187 54 231 55 152 76 186 211 114 171 113 247 120 52 134 168 25 228 151 65 238 50 225 77 125 53 236 
168 : 217 55 247 178 246 84 242 127 121 128 132 87 136 155 239 202 141 165 180 220 59 123 122 162 196 149 236 67 64 244 238 167 97 34 168 69 181 56 187 82 45 249 231 27 78 169 39 159 225 100 224 102 54 184 88 98 135 156 48 126 
169 : 65 93 46 121 60 182 173 62 26 25 193 96 123 95 176 59 145 28 154 61 109 181 33 218 223 105 198 53 48 233 40 229 51 75 38 124 108 30 220 249 132 138 101 115 54 203 217 230 200 56 85 71 137 163 
170 : 26 46 129 177 166 155 96 94 131 60 173 89 108 33 110 208 216 165 195 84 199 178 90 107 244 86 
171 : 42 166 221 122 65 44 245 204 111 124 244 180 50 196 168 176 94 34 67 160 64 171 175 210 232 231 119 82 108 200 194 112 43 203 227 209 186 184 136 49 80 155 87 77 247 93 211 
172 : 218 65 71 127 111 98 27 232 48 51 121 188 58 129 101 223 202 214 123 222 161 229 146 60 134 246 29 213 193 100 217 25 194 243 64 160 36 210 196 173 203 
173 : 161 193 202 220 60 194 118 200 89 198 58 216 42 126 91 157 245 223 28 36 34 189 57 93 98 108 63 213 140 207 40 233 92 148 124 123 128 70 135 156 33 99 184 177 101 164 163 240 56 83 208 165 129 55 61 187 174 166 
174 : 107 228 71 73 174 121 148 245 224 88 239 119 78 43 176 196 130 184 221 30 129 40 192 247 156 96 231 117 233 189 206 50 170 94 132 146 
175 : 208 215 105 34 179 232 138 191 39 81 119 33 98 130 84 36 167 134 170 38 107 149 234 240 157 159 233 109 94 45 85 72 74 152 235 174 57 147 101 100 71 238 177 228 88 161 116 160 248 222 221 154 89 63 103 
176 : 206 25 213 106 249 148 183 173 198 67 225 162 70 117 152 56 94 81 166 208 105 43 80 145 171 202 180 143 161 90 219 174 112 216 89 34 243 129 77 224 37 27 151 97 28 69 247 75 107 108 227 63 209 
177 : 218 223 136 174 177 38 232 192 98 233 196 49 102 65 246 84 148 87 213 50 30 247 228 184 181 119 31 100 243 239 235 118 245 112 39 125 147 81 80 187 71 142 204 66 164 157 154 140 97 88 175 227 43 127 221 188 104 113 238 
178 : 132 133 44 199 46 86 148 124 38 198 235 143 88 166 234 127 34 163 145 212 217 192 149 144 99 85 185 230 164 31 248 171 152 87 197 182 176 168 180 177 156 113 154 157 58 54 83 184 64 205 70 78 66 108 63 191 26 139 126 62 
179 : 203 124 91 140 243 165 142 223 191 97 188 131 49 163 200 214 209 148 29 48 170 46 168 41 114 52 207 141 112 226 159 195 44 26 113 217 81 127 
180 : 161 137 243 120 244 179 91 58 109 129 239 49 140 42 231 240 80 171 113 92 63 165 102 149 89 237 121 41 43 234 170 223 115 214 211 55 48 81 52 132 227 36 219 133 210 155 218 193 72 82 138 38 51 
181 : 225 122 65 211 97 217 72 196 91 113 87 181 242 125 81 227 142 238 34 168 226 115 212 224 124 223 57 86 229 
182 : 240 178 26 66 106 201 126 248 170 157 242 73 60 75 171 124 69 63 34 181 192 56 172 140 110 83 177 186 241 211 90 77 169 47 220 154 215 135 219 
183 : 183 248 194 103 80 38 97 228 136 86 249 27 29 94 85 245 120 135 91 144 186 185 236 126 25 41 59 149 190 119 146 89 52 130 211 203 48 132 128 50 51 42 205 78 244 111 184 235 33 123 64 56 166 164 225 213 223 73 242 45 88 72 189 137 53 208 180 74 192 112 131 115 44 229 127 
184 : 158 70 191 35 43 65 230 181 101 69 176 153 140 84 86 196 133 50 29 241 77 75 122 139 161 119 74 88 62 142 211 108 61 105 58 42 49 154 223 167 168 188 199 82 66 194 175 71 63 85 208 195 233 54 141 244 32 219 197 89 246 34 155 248 46 177 
185 : 244 96 41 208 90 213 239 190 138 137 236 189 50 111 95 197 75 53 93 25 204 142 228 121 146 243 106 219 105 233 113 226 87 45 210 154 150 33 127 192 193 172 187 186 55 122 166 145 225 160 178 112 70 
186 : 43 119 177 160 126 77 123 70 248 45 174 188 249 239 90 83 67 122 66 33 143 39 51 60 46 86 171 27 
187 : 40 44 91 85 131 112 116 70 243 149 211 97 147 210 164 90 134 244 248 92 247 194 88 144 237 74 152 105 234 86 27 52 235 55 150 46 223 158 81 217 64 222 240 208 28 66 190 114 45 249 111 
188 : 135 229 137 193 51 217 165 153 216 160 142 87 202 100 46 65 192 81 215 148 86 150 79 61 143 72 161 181 171 97 59 199 184 108 175 220 186 69 236 134 36 221 155 144 166 49 248 233 158 118 89 247 190 30 176 126 167 45 58 207 92 57 119 41 159 174 121 180 66 156 32 245 131 200 214 209 88 60 123 101 179 
189 : 201 187 200 36 100 247 205 237 241 190 119 202 137 59 35 69 180 43 245 222 156 233 198 129 139 154 168 136 163 221 55 107 161 84 227 46 182 211 145 34 95 44 71 197 193 103 239 82 66 125 179 220 48 121 165 105 177 58 158 224 104 
190 : 158 127 47 168 45 206 99 145 160 220 249 98 203 73 87 109 133 196 70 52 74 172 26 76 86 118 214 33 107 92 150 144 190 
191 : 65 125 194 148 247 182 29 223 78 219 62 190 197 239 37 186 209 123 213 64 102 84 115 116 66 195 226 241 59 31 77 68 35 218 155 211 192 67 87 26 165 53 127 249 89 220 143 45 199 
192 : 144 150 237 164 202 28 104 227 123 236 154 248 167 199 204 32 147 200 62 63 56 165 151 246 113 94 51 54 31 141 148 146 86 
193 : 193 241 124 129 248 44 85 66 155 83 99 195 133 166 145 210 157 143 115 243 182 127 78 113 30 215 62 221 53 169 
194 : 143 219 195 199 72 83 122 50 177 29 218 246 235 201 198 91 32 109 68 188 176 37 129 47 155 74 46 141 124 242 230 139 132 171 73 62 179 194 95 28 
195 : 131 143 108 168 165 154 107 130 60 76 234 74 58 95 65 157 158 201 187 209 35 48 162 196 243 100 225 33 172 91 
196 : 82 52 150 198 56 31 186 79 219 197 224 101 189 63 190 130 172 169 81 157 201 248 64 217 163 207 181 50 70 187 176 233 158 34 244 232 226 213 165 211 147 68 42 148 142 194 218 230 45 228 57 35 105 26 78 
197 : 151 230 44 149 227 143 109 245 64 235 163 88 119 205 45 121 211 85 173 55 196 91 122 199 89 191 69 170 117 238 66 184 190 208 228 126 49 90 154 215 67 106 78 59 241 63 125 65 217 185 
198 : 201 211 170 130 146 127 189 74 175 91 151 238 154 181 96 123 131 193 133 30 67 135 195 220 64 134 28 169 166 73 179 53 56 176 243 84 78 185 150 216 177 102 114 232 107 160 115 49 34 88 196 97 128 167 27 137 145 117 93 111 105 132 208 197 70 125 162 156 231 226 155 65 171 94 89 75 72 116 173 
199 : 77 189 181 53 193 205 217 175 94 139 206 155 165 164 236 63 42 177 68 118 157 200 143 40 47 30 162 81 187 31 159 66 131 98 76 179 85 199 101 82 160 52 211 171 194 215 221 36 246 223 214 244 37 55 152 148 210 146 49 245 183 237 41 198 28 247 58 122 238 59 138 38 184 
200 : 124 40 174 90 69 96 204 98 184 178 220 88 111 31 112 219 203 188 45 185 120 30 171 235 134 46 244 153 241 143 141 159 155 210 28 233 47 75 116 175 80 119 149 59 95 198 106 35 118 25 127 196 102 70 146 161 189 65 207 208 41 
201 : 155 231 49 130 156 233 244 43 136 205 123 83 167 227 64 132 184 175 182 221 135 219 101 38 151 58 176 206 153 104 240 44 91 246 108 232 158 98 59 56 161 47 247 96 181 120 242 45 88 110 
202 : 117 104 143 220 196 38 120 166 161 92 206 190 100 121 97 177 68 94 75 197 178 57 244 88 83 65 144 150 74 93 163 67 138 96 43 90 239 124 149 76 39 201 212 146 131 160 199 63 26 58 107 
203 : 240 140 172 120 247 99 225 43 163 96 200 237 106 104 244 217 76 113 133 231 177 196 78 248 126 148 103 130 191 31 162 47 71 153 164 32 198 37 51 190 83 151 135 216 165 215 70 28 105 65 129 121 79 157 159 199 56 223 95 213 150 38 185 74 243 145 
204 : 91 241 215 87 219 213 93 57 119 246 104 27 229 126 73 45 187 47 167 78 174 236 188 25 182 66 71 85 49 136 92 248 170 160 123 69 90 242 209 40 185 218 43 86 217 138 193 100 208 199 235 33 28 63 102 96 131 128 111 194 143 46 67 152 103 132 159 139 52 76 225 178 198 
205 : 177 160 39 130 65 109 75 57 148 67 223 96 83 70 92 77 169 107 234 126 76 214 42 167 215 79 129 166 116 199 103 73 125 45 90 236 225 141 54 237 176 228 178 87 226 110 38 238 131 184 101 93 174 34 121 61 98 213 153 137 152 155 
206 : 101 192 156 207 28 58 168 183 82 70 120 45 136 68 50 228 226 67 247 63 231 209 71 196 182 34 33 54 241 78 221 175 42 203 211 106 215 218 139 129 172 184 208 173 41 118 232 114 48 111 181 35 234 103 145 123 61 49 121 56 151 238 122 40 249 189 117 220 89 174 29 166 57 53 160 59 179 44 141 26 167 83 153 
207 : 122 91 217 57 166 171 109 36 235 110 52 67 107 216 224 132 127 32 218 86 172 128 222 48 205 62 167 163 164 210 90 169 239 95 119 27 33 248 130 156 247 197 74 159 88 135 155 71 176 112 125 123 204 179 211 175 98 212 43 114 111 105 49 237 234 99 46 28 
208 : 71 243 150 79 158 194 62 110 186 155 83 63 102 168 36 196 249 70 187 227 131 57 242 156 134 238 121 35 248 209 105 140 174 180 46 173 141 81 217 25 139 96 89 123 200 73 86 69 104 145 106 230 50 159 49 47 100 68 234 
209 : 35 49 150 154 111 127 101 86 198 25 143 59 166 58 107 117 241 30 122 170 158 234 40 239 66 196 169 132 84 219 153 200 37 215 184 41 80 97 91 228 199 242 102 144 238 226 224 178 29 135 31 53 207 168 103 194 147 109 220 159 98 193 124 112 100 28 210 81 244 47 192 90 182 177 36 26 249 62 155 57 51 87 
210 : 175 49 132 36 71 91 184 167 34 248 118 166 25 218 81 151 44 158 40 94 194 237 64 226 96 78 206 65 110 176 80 141 76 155 229 243 53 173 222 72 183 147 136 193 90 123 160 156 189 69 77 196 212 70 198 178 214 247 50 195 
211 : 217 78 203 204 29 207 202 151 228 27 197 131 242 75 153 198 108 93 174 35 237 145 125 113 59 238 158 129 157 124 201 162 39 56 150 73 123 233 200 66 
212 : 101 172 149 126 97 177 112 83 207 164 122 128 99 166 170 58 67 160 50 237 115 103 189 205 65 88 196 218 113 57 68 92 59 195 211 171 123 212 26 210 42 61 224 225 235 107 190 154 93 48 247 
213 : 95 100 41 27 135 65 212 137 177 119 202 226 183 63 211 45 48 208 190 182 127 120 213 36 103 169 173 160 144 
214 : 59 173 42 183 45 231 149 38 52 167 243 85 94 237 29 228 217 196 248 221 89 107 205 70 111 241 69 226 122 160 198 54 215 
215 : 26 144 176 73 42 50 239 165 197 203 35 79 158 112 88 67 72 218 185 166 225 115 199 120 173 74 206 59 209 167 232 235 149 126 101 216 116 223 63 33 151 78 71 233 109 121 161 193 92 168 125 25 114 56 231 132 150 47 148 98 57 219 
216 : 36 131 123 74 54 72 236 38 124 160 148 215 175 60 130 181 88 146 161 98 65 164 173 240 147 143 119 50 208 100 32 157 125 86 101 188 56 62 176 117 51 158 47 226 68 108 187 43 206 73 29 77 172 99 126 194 53 106 46 129 111 
217 : 77 79 43 36 62 159 41 239 84 89 68 147 200 63 95 232 221 90 180 211 220 121 160 154 47 114 100 137 223 112 78 178 234 218 55 80 67 242 48 81 83 38 54 210 143 57 188 35 182 56 144 64 124 145 116 155 107 29 216 185 193 
218 : 72 37 89 208 142 100 136 48 87 86 182 133 25 175 226 161 83 219 156 201 124 146 244 32 211 113 103 240 96 
219 : 41 150 190 226 87 47 204 246 80 43 148 78 160 88 27 79 40 36 52 230 208 145 110 106 209 185 54 103 207 127 167 147 124 200 
220 : 120 230 33 43 92 196 29 146 136 60 123 228 89 63 129 141 66 94 69 186 31 38 167 75 37 177 93 238 188 222 67 117 73 220 44 209 62 106 64 147 160 25 88 161 128 114 163 121 82 190 122 162 193 234 218 221 98 96 191 158 242 134 154 216 78 108 36 80 85 192 236 202 49 173 155 181 76 200 239 241 179 48 
221 : 219 193 140 149 239 208 179 33 209 186 94 200 120 232 98 150 199 122 59 113 245 93 181 104 205 112 125 
222 : 119 247 43 235 55 62 226 127 84 142 113 25 189 47 198 177 54 78 52 222 96 242 188 186 108 72 56 227 163 
223 : 35 36 48 125 186 137 32 217 70 234 229 185 215 243 161 78 92 150 144 196 169 143 190 106 75 240 200 155 184 25 147 108 62 245 244 116 227 97 89 90 242 205 123 221 249 99 94 114 194 212 64 56 101 47 167 80 241 246 45 41 109 102 171 223 226 237 
224 : 128 86 129 238 147 169 227 231 69 38 191 198 216 76 101 127 31 157 151 189 46 27 88 99 139 217 113 242 49 192 78 63 37 215 209 124 80 201 226 32 187 44 120 237 97 64 137 166 114 25 55 152 67 143 221 50 79 197 172 218 93 246 220 94 36 91 159 73 177 126 108 109 153 83 
225 : 35 192 130 197 187 111 224 207 175 145 36 122 196 169 158 213 183 173 79 95 248 70 182 125 28 135 54 63 172 90 162 59 88 94 235 96 234 69 44 211 57 108 60 133 117 124 201 215 51 84 143 191 
226 : 60 135 78 191 239 175 203 160 70 193 68 26 84 119 92 185 128 27 58 62 145 59 43 200 66 44 25 148 31 127 227 110 139 173 147 195 41 174 212 120 204 197 183 194 104 94 151 182 153 205 192 28 152 245 244 109 35 117 
227 : 177 228 83 224 180 191 52 241 133 40 93 60 63 124 97 234 236 31 101 119 218 45 139 212 199 81 67 223 128 108 214 246 25 106 242 117 33 80 178 109 138 173 237 54 149 113 182 235 219 35 249 194 193 121 160 229 62 168 150 59 181 163 56 32 94 151 169 189 66 232 200 127 167 36 159 170 192 
228 : 107 119 166 236 113 202 108 132 56 150 153 206 101 171 82 124 137 63 106 83 226 64 222 163 191 49 84 182 235 120 157 36 40 133 50 229 158 183 175 117 54 98 38 58 97 214 61 218 74 122 239 73 207 199 186 111 
229 : 147 241 153 59 156 224 106 125 154 169 182 121 161 35 232 124 186 184 86 165 115 173 51 215 25 133 88 217 198 225 155 53 37 73 207 159 134 100 177 180 84 237 187 240 90 149 216 213 97 144 85 93 52 81 236 171 150 176 201 235 218 56 66 221 140 101 228 118 108 175 65 119 234 142 247 148 58 55 
230 : 105 156 72 25 239 33 97 206 184 38 144 237 103 113 62 162 153 193 111 159 122 83 217 79 61 115 116 51 230 183 108 106 245 45 226 100 174 135 224 71 68 44 188 64 125 58 233 114 177 
231 : 81 199 222 152 101 195 77 54 163 205 160 68 236 117 220 179 29 45 227 136 41 186 217 102 90 212 100 67 189 149 78 121 146 103 57 133 226 159 119 108 53 158 30 99 71 182 92 74 37 137 123 95 27 
232 : 146 42 209 136 118 182 57 235 223 133 201 102 213 143 241 34 32 149 150 158 45 195 208 50 49 68 88 110 112 239 217 219 55 137 172 73 196 115 116 227 153 216 58 200 109 56 161 37 162 231 178 65 222 194 36 139 122 53 129 189 93 77 111 186 170 25 61 197 43 128 
233 : 106 220 82 177 219 216 76 99 89 41 175 163 144 86 152 90 124 239 186 114 113 178 154 109 120 141 245 181 187 148 38 80 183 51 162 208 190 206 117 160 196 204 203 62 197 103 52 
234 : 75 203 38 190 227 162 141 105 226 186 191 187 50 133 139 70 64 211 34 65 53 76 101 224 100 124 106 156 112 40 91 56 
235 : 153 195 72 148 228 103 96 98 190 192 107 105 85 140 135 242 235 215 221 132 129 61 87 222 177 118 165 46 131 82 240 52 56 183 124 174 204 69 198 34 90 155 245 149 226 150 189 77 55 104 141 62 210 248 128 74 47 212 146 196 238 178 83 63 84 73 139 142 184 102 233 29 209 42 116 49 86 
236 : 51 44 87 67 132 147 32 165 98 203 235 92 40 91 143 247 202 197 104 81 229 170 186 134 72 50 117 224 90 84 99 191 89 180 76 243 201 216 37 210 77 66 209 218 88 241 113 244 58 59 107 237 52 200 97 
237 : 205 94 72 40 52 26 158 54 106 129 70 196 104 103 137 178 29 151 225 219 141 117 91 38 53 45 176 231 245 194 60 131 136 238 30 239 25 95 76 146 227 157 236 190 77 235 165 133 167 101 175 195 37 173 39 154 199 197 126 220 166 43 96 193 74 148 192 69 35 142 248 202 228 156 42 140 57 118 
238 : 215 41 176 83 142 126 165 198 31 128 227 75 144 235 242 221 50 67 35 85 39 205 248 80 177 78 219 43 72 49 57 171 141 226 158 249 73 119 117 175 74 191 147 98 34 92 153 208 182 42 123 183 129 106 45 27 195 86 185 207 200 38 109 204 196 132 76 28 70 125 143 197 
239 : 227 155 143 90 242 249 183 98 132 61 213 33 235 105 226 191 197 113 36 154 64 137 114 146 79 218 127 112 136 181 171 38 214 194 166 57 237 108 104 49 180 65 190 39 116 217 128 84 126 158 179 193 75 245 223 96 72 83 192 210 
240 : 49 64 103 235 108 224 44 225 138 144 73 187 190 28 217 34 45 85 147 195 142 205 129 78 212 72 92 65 165 62 66 192 242 110 164 125 50 25 238 166 121 200 30 131 233 229 37 43 207 136 91 54 128 220 234 117 214 48 56 47 115 75 232 52 148 
241 : 202 132 40 235 228 31 58 212 211 142 217 221 49 101 117 181 60 69 63 184 189 242 123 186 111 245 238 38 185 76 219 175 150 103 218 36 183 124 32 53 106 170 209 188 86 191 93 180 145 196 61 205 35 45 84 172 133 199 57 127 85 136 179 135 155 128 96 77 216 203 213 244 95 73 72 182 148 104 89 28 178 187 
242 : 62 32 218 151 242 125 65 199 196 41 248 141 73 38 165 128 115 145 244 86 161 154 100 143 34 215 53 236 84 207 243 203 230 121 136 213 107 212 185 245 224 26 184 130 234 71 
243 : 96 172 191 74 106 206 177 88 192 183 229 135 97 25 241 95 63 68 46 159 230 240 27 35 132 31 137 202 238 
244 : 32 192 95 129 246 25 72 189 188 60 193 222 240 127 187 146 176 243 37 67 135 223 184 133 103 96 29 175 130 65 194 66 121 75 77 161 69 138 116 144 230 218 57 87 227 139 214 86 
245 : 45 121 206 82 203 164 197 88 186 130 36 243 126 120 153 192 137 111 242 188 108 62 223 185 193 60 244 56 30 173 207 239 179 217 138 71 80 210 181 109 162 226 233 53 237 103 147 222 189 190 116 
246 : 185 171 204 128 165 214 177 154 237 39 140 73 220 142 87 112 242 178 26 148 62 117 219 202 212 99 86 247 68 147 232 144 131 40 49 197 211 149 190 157 48 156 85 93 183 206 201 172 47 35 94 174 43 198 213 88 163 168 209 181 74 236 84 30 141 132 203 176 95 28 
247 : 104 183 48 173 172 185 218 55 46 123 208 60 77 44 93 156 167 32 53 74 176 196 233 186 195 87 37 
248 : 26 148 193 54 179 150 190 110 40 240 115 120 37 101 96 95 237 238 92 70 81 180 106 64 73 236 87 85 41 157 207 231 99 203 94 79 218 52 246 53 100 67 57 227 42 143 128 168 125 242 151 182 66 118 146 210 221 84 230 55 144 88 127 28 86 30 82 65 171 155 214 74 212 61 90 195 225 133 191 
249 : 95 172 243 84 79 75 187 83 219 90 222 124 98 105 211 226 168 212 242 33 155 224 102 120 115 165 193 26 38 227 200 163 166 63 25 29 108 199 241 114 213 195 43 208 236 121 58 176 93 149 247 225 106 238 230 207 64 164 177 188 132 86 235 228 144 60 170 104 151 181 205 161 88 246 179 31 
250 : 33 54 103 221 138 64 97 61 197 249 109 172 71 118 124 43 219 28 217 31 30 98 218 140 96 215 113 167 
251 : 134 196 133 49 39 228 88 66 132 62 186 240 109 222 194 86 124 76 237 125 230 53 118 203 129 80 126 141 158 243 28 185 29 204 231 214 131 143 165 114 232 238 44 117 224 183 149 248 41 213 106 32 50 162 181 175 184 136 108 
252 : 238 52 70 230 60 130 26 63 37 147 249 234 209 208 226 59 166 241 229 193 215 81 79 202 189 222 148 160 239 214 27 191 156 200 161 164 75 48 131 184 217 78 110 93 42 174 155 129 132 97 187 121 
253 : 91 100 204 70 110 31 121 64 195 209 175 135 38 98 179 203 85 249 217 71 242 61 97 54 138 171 183 245 30 119 161 103 194 115 168 244 150 159 105 220 32 237 210 35 124 63 167 69 90 67 73 48 62 151 188 45 99 96 247 129 93 212 86 26 95 39 
254 : 244 181 30 32 26 139 151 125 172 155 226 135 173 187 103 157 94 159 206 207 99 179 111 224 98 34 41 
255 : 46 153 192 247 186 34 226 98 120 28 31 61 97 68 134 211 90 158 77 246 80 222 70 234 126 42 164 231 217 
256 : 75 97 130 181 151 50 208 207 238 217 42 232 184 84 228 85 125 112 44 140 160 101 142 32 35 113 211 248 100 69 220 226 34 26 197 51 57 152 82 116 111 216 190 237 120 223 146 48 30 158 213 239 235 168 27 200 194 39 169 40 108 38 58 171 198 83 99 61 187 70 
257 : 127 187 38 120 195 200 178 238 234 166 132 185 237 45 190 198 65 47 215 52 171 76 48 61 59 115 
258 : 95 97 40 239 237 136 154 96 131 101 223 178 206 111 152 201 241 29 45 71 180 118 51 85 80 155 66 196 120 68 122 181 165 151 141 43 193 56 58 197 52 77 26 187 170 226 44 162 173 227 150 119 213 161 211 218 110 102 38 47 103 86 127 106 90 31 100 160 104 
259 : 132 145 120 127 60 124 233 29 67 166 47 183 171 197 223 89 193 121 46 53 101 59 150 97 70 243 160 232 25 26 119 90 201 103 112 72 137 123 175 32 42 81 220 187 202 199 240 105 186 45 129 249 27 50 31 219 230 168 55 63 245 35 39 36 215 169 218 100 217 238 184 69 57 192 143 
260 : 78 228 125 242 96 56 233 92 184 152 180 171 42 155 234 129 53 115 139 69 39 141 71 108 110 143 162 104 226 136 76 224 107 61 52 135 190 124 127 249 112 134 172 
261 : 75 65 166 227 212 145 191 64 51 243 83 114 101 142 93 143 87 126 85 172 190 129 50 210 25 148 185 211 196 192 
262 : 157 81 164 29 245 196 123 206 187 145 55 152 130 209 30 233 177 242 127 179 50 153 49 57 184 148 59 221 66 110 229 102 82 159 90 149 139 113 120 241 166 112 36 169 92 56 189 199 151 87 85 180 39 101 193 215 40 44 146 181 197 25 133 223 182 45 137 89 
263 : 70 216 76 115 196 176 65 64 112 185 114 147 134 218 197 144 109 42 191 143 51 224 80 166 123 63 227 
264 : 158 143 222 84 64 175 57 83 113 174 228 65 216 101 221 87 77 134 207 152 116 178 54 249 128 30 204 159 248 99 234 51 58 166 220 238 144 195 81 106 213 115 192 73 90 104 226 160 167 82 95 182 
265 : 160 233 185 223 69 134 150 81 242 37 34 166 239 183 30 153 181 83 243 200 95 228 179 240 54 72 144 127 236 235 78 169 124 50 125 109 115 208 79 219 202 116 58 133 180 41 189 107 174 59 205 211 46 89 221 35 238 157 119 168 206 143 175 
266 : 238 227 141 140 181 85 103 107 102 124 242 201 222 37 230 172 52 64 96 34 199 47 28 135 38 29 180 221 225 184 
267 : 161 223 182 48 171 95 218 80 237 57 201 181 247 148 85 215 164 119 62 183 51 132 151 91 31 190 235 110 240 159 246 75 52 228 33 146 38 90 196 49 107 30 113 125 169 54 105 154 123 236 213 165 227 177 163 28 243 153 193 115 191 112 111 87 27 204 86 166 214 102 100 230 140 135 208 156 138 142 93 
268 : 103 29 177 142 189 222 168 162 100 76 195 175 167 111 90 221 110 171 139 50 45 89 62 61 31 42 209 41 156 122 38 180 192 125 126 95 57 229 133 120 77 114 231 85 145 124 79 176 39 131 152 27 116 205 30 186 154 147 109 204 149 72 181 217 105 86 158 246 238 115 159 68 46 194 118 214 200 119 
269 : 89 32 119 207 209 148 226 208 66 122 205 117 28 217 39 213 227 67 125 244 100 186 156 228 120 127 195 44 229 77 129 75 154 198 179 157 86 128 149 200 160 220 69 27 233 238 138 152 97 211 42 174 59 93 51 124 155 54 80 167 215 35 68 112 26 183 142 230 223 225 91 61 56 218 144 34 123 247 126 
270 : 180 222 97 100 87 39 118 185 146 72 42 192 52 148 160 135 228 102 64 46 114 156 28 82 217 183 199 127 86 226 104 179 31 177 78 75 178 68 76 92 167 
271 : 160 79 208 36 226 33 104 75 227 29 118 103 51 228 60 218 49 39 108 32 116 216 115 222 119 197 196 237 172 43 45 217 185 229 125 102 144 112 180 173 68 157 42 64 37 131 106 44 82 198 129 35 47 54 95 77 120 235 78 
272 : 161 118 129 188 125 237 106 138 47 94 124 64 174 76 210 45 228 77 123 212 112 239 126 62 59 60 184 195 163 153 
273 : 110 91 103 107 222 38 236 171 152 229 89 87 194 193 60 163 184 225 129 239 113 111 130 235 244 42 117 169 108 59 39 83 213 76 75 120 52 138 104 140 156 45 112 192 56 176 58 105 196 157 195 223 66 220 40 82 242 27 36 125 41 199 81 84 174 92 211 106 221 190 173 
274 : 225 72 122 179 108 230 124 60 52 41 57 95 110 185 198 112 118 71 142 31 97 36 222 159 45 134 84 80 139 231 244 174 201 59 125 64 160 121 199 235 156 107 25 193 187 133 221 183 55 67 111 51 170 81 176 106 129 137 65 
275 : 220 148 38 246 52 45 207 111 230 80 234 103 215 168 78 95 199 198 73 197 157 141 228 133 202 153 53 223 108 159 174 93 145 164 210 120 46 58 
276 : 188 187 215 39 189 182 69 185 55 217 179 128 61 244 212 218 240 156 62 163 83 203 102 184 166 143 87 224 153 131 29 124 126 148 30 48 44 75 31 98 235 196 36 88 228 232 33 195 241 168 118 71 201 38 108 154 230 191 45 
277 : 63 85 107 101 169 81 45 246 102 167 141 241 33 27 193 222 73 210 134 69 184 203 175 234 42 232 105 146 144 163 108 171 58 96 47 239 35 89 214 75 
278 : 70 115 170 140 107 128 207 88 74 30 194 95 244 158 61 101 33 141 161 139 32 212 86 142 190 98 67 230 237 147 188 104 
279 : 221 112 102 166 163 239 125 143 224 38 88 122 127 51 25 79 205 101 138 167 180 146 94 182 37 93 165 179 53 52 123 106 237 47 120 99 150 199 238 169 35 58 203 176 133 90 78 234 45 242 124 84 158 76 42 244 202 164 67 183 34 236 189 132 211 
280 : 41 247 66 127 69 152 129 153 218 162 131 79 141 197 240 168 43 36 172 217 205 54 132 237 185 142 181 178 123 165 92 56 71 78 115 88 108 34 176 73 207 111 223 30 42 95 199 96 164 59 121 158 99 134 220 193 182 213 135 29 139 31 116 124 160 112 221 47 151 147 75 233 113 109 50 143 191 202 81 45 
281 : 120 177 69 223 99 75 150 34 160 119 171 46 129 157 42 53 245 224 74 148 206 199 239 60 47 174 37 178 112 243 49 61 225 76 249 232 237 100 140 202 38 185 175 168 27 68 97 152 138 238 182 51 65 180 244 32 189 213 217 98 26 52 173 162 111 
282 : 194 155 179 54 116 115 182 29 131 205 240 57 187 39 133 167 141 73 166 186 136 37 124 58 146 110 48 185 157 103 225 221 247 85 181 117 169 98 80 192 33 138 125 128 161 171 248 95 204 35 42 111 191 201 99 173 142 197 96 202 108 55 222 77 189 241 50 105 90 200 164 53 61 113 215 120 32 151 188 242 143 25 31 
283 : 249 131 157 156 155 175 99 28 174 95 192 55 46 59 169 25 109 43 186 102 247 76 142 113 75 86 88 195 199 133 80 176 115 179 72 204 67 239 212 193 124 243 53 178 159 105 61 184 49 35 217 196 71 141 216 117 68 194 221 65 89 168 48 240 197 136 94 106 223 57 187 
284 : 172 249 153 132 232 181 214 116 90 158 36 192 138 128 110 123 150 151 74 178 121 60 68 30 156 200 248 117 147 99 87 54 41 159 139 190 222 152 211 65 194 224 125 66 95 80 126 209 72 244 92 205 26 71 145 185 204 187 196 69 241 58 206 144 61 162 55 118 96 
285 : 80 54 212 205 152 134 81 126 142 38 122 73 35 217 175 172 45 112 82 198 53 55 233 93 214 114 225 156 86 46 146 44 77 104 151 238 101 231 94 241 64 144 236 137 125 98 245 
286 : 235 69 163 57 181 54 94 75 30 73 86 143 233 248 62 196 189 96 32 228 237 102 170 158 168 25 83 162 64 110 241 169 140 247 43 184 205 232 
287 : 77 219 185 45 245 160 122 179 176 189 101 182 196 155 99 111 42 81 163 205 131 162 224 113 25 102 132 127 33 166 91 71 34 168 244 118 67 159 107 43 130 199 79 222 147 171 170 82 138 135 129 90 76 233 161 167 249 151 165 136 239 94 
288 : 68 117 217 201 166 28 178 140 248 205 238 96 188 223 243 116 145 40 38 158 85 159 138 37 147 214 83 187 199 156 25 161 59 212 150 215 
289 : 237 69 113 196 125 77 150 26 71 115 61 167 87 162 65 102 201 135 76 191 226 215 129 85 73 188 29 140 165 194 75 96 120 64 133 116 111 106 95 220 158 200 112 103 216 55 195 66 233 63 
290 : 127 101 105 70 64 50 66 238 31 151 208 172 193 32 168 67 80 192 118 111 117 42 126 136 79 103 241 65 109 221 209 198 164 149 243 49 162 248 62 170 160 212 173 146 191 211 227 40 55 57 155 175 143 125 78 107 72 158 244 94 188 154 73 47 27 95 104 219 129 76 229 220 90 120 189 
