0 : 111 186 32 235 60 137 188 224 102 105 225 101 51 71 119 27 53 98 35 154 246 131 162 227 143 207 73 121 69 157 190 241 130 236 125 47 153 166 67 129 52 165 180 
1 : 166 116 63 187 134 62 246 173 90 213 48 157 79 71 87 202 190 74 243 225 180 215 171 78 128 223 129 230 37 155 220 245 132 233 234 76 140 113 
2 : 190 48 134 36 183 224 249 225 172 27 207 126 194 246 106 64 59 188 80 118 180 159 212 129 105 112 103 111 231 168 38 137 45 63 232 25 109 39 113 30 71 210 69 58 248 
3 : 180 216 40 237 188 122 92 42 246 191 88 203 233 228 104 149 173 120 195 179 115 107 33 26 76 186 185 59 82 190 86 141 113 67 49 105 212 202 69 232 174 221 194 157 150 211 25 223 118 77 34 73 
4 : 95 239 110 158 122 191 124 44 167 107 149 97 216 195 174 146 103 80 71 217 113 81 172 116 42 46 26 163 76 162 233 129 140 201 69 247 89 210 40 189 241 106 93 242 43 141 200 54 160 126 115 220 134 173 60 237 205 249 130 234 137 148 38 236 86 187 
5 : 45 199 185 121 63 224 239 83 243 118 178 198 173 85 70 216 74 58 187 171 37 88 130 249 132 62 197 
6 : 92 170 147 204 143 221 34 199 244 88 183 27 41 35 70 31 158 86 157 81 200 112 201 48 191 245 47 190 99 102 111 207 110 121 122 239 120 220 90 64 247 38 216 145 243 193 140 154 203 62 241 163 174 141 240 210 67 226 71 162 177 109 98 223 229 108 36 
7 : 246 172 105 194 180 42 168 84 83 173 57 110 90 235 200 35 182 147 63 26 183 238 152 214 121 48 97 188 154 190 219 44 245 75 116 52 54 72 89 184 135 228 40 240 71 143 
8 : 233 101 190 156 74 229 223 170 134 72 112 169 55 172 209 87 195 148 33 180 221 109 213 207 185 49 98 242 35 249 131 108 224 222 52 174 181 64 28 206 118 199 201 237 96 182 228 136 29 63 130 150 40 232 31 193 173 
9 : 112 48 107 176 39 69 75 138 162 83 149 90 142 241 116 76 229 218 79 97 189 212 28 129 78 53 238 146 213 199 119 95 231 226 104 108 118 147 58 188 55 193 228 68 240 73 117 248 91 113 60 209 124 165 
10 : 112 113 166 153 96 227 201 57 192 65 136 30 142 67 36 151 110 147 167 54 52 88 152 95 116 98 122 172 131 197 
11 : 142 126 123 204 156 53 78 202 219 194 183 54 158 188 152 245 132 98 230 139 113 118 108 171 186 185 77 134 153 97 49 242 224 52 75 36 167 
12 : 61 132 58 79 48 119 142 64 206 115 139 131 94 93 56 213 75 241 26 46 226 37 239 45 160 183 118 67 146 34 74 222 174 41 216 242 59 179 85 
13 : 117 133 220 37 89 74 143 196 35 174 160 191 46 213 43 124 246 209 207 95 144 65 180 205 129 55 84 171 44 72 88 185 243 25 217 53 71 34 152 138 136 140 231 186 189 135 32 48 241 177 218 167 149 78 151 87 52 58 221 125 107 237 230 
14 : 32 96 76 164 219 71 134 81 142 130 141 225 147 41 192 38 129 235 93 100 149 249 230 119 43 61 237 
15 : 123 219 88 150 130 73 189 232 129 223 117 237 33 180 72 46 39 221 43 58 195 161 207 209 157 228 118 210 70 25 29 222 163 211 108 165 47 144 238 45 226 148 248 247 59 64 137 89 239 160 
16 : 111 79 150 199 184 41 125 73 106 123 59 39 193 235 70 137 159 168 153 246 134 230 96 42 74 116 120 
17 : 211 206 93 245 58 63 128 43 104 122 216 174 94 230 30 87 232 164 249 72 175 241 49 208 227 162 181 33 125 36 237 88 
18 : 62 67 188 207 166 162 59 155 210 147 141 151 96 247 105 70 234 237 164 221 203 199 75 42 146 112 148 249 26 85 216 37 38 213 131 53 68 83 152 223 46 99 218 209 178 28 144 50 136 90 45 114 106 
19 : 63 241 180 232 240 37 205 30 147 170 82 195 94 200 73 213 156 97 124 25 233 27 66 42 107 
20 : 106 246 132 177 94 199 157 92 55 126 62 213 113 70 176 36 244 163 52 68 233 129 214 66 73 48 31 82 45 185 69 187 190 124 166 135 46 27 201 211 164 58 75 
21 : 65 244 188 165 140 103 55 170 122 129 235 246 216 33 167 121 177 74 60 48 198 214 238 242 207 184 158 206 152 71 112 222 52 133 98 156 162 178 174 127 224 245 107 146 154 232 144 
22 : 236 131 31 46 234 195 162 145 137 148 165 108 126 51 95 244 58 158 247 33 249 113 60 65 111 187 130 104 144 231 146 242 72 185 173 211 105 174 53 224 92 223 219 198 99 189 228 114 216 68 67 66 107 136 109 142 32 212 74 227 
23 : 65 87 186 235 131 85 79 207 224 102 192 217 234 44 80 114 226 122 28 219 148 34 94 143 49 228 206 42 134 222 214 197 176 195 113 236 225 158 165 135 75 185 208 77 110 83 138 116 244 127 67 164 45 68 178 
24 : 238 91 236 93 177 209 154 85 95 220 232 134 159 149 106 173 41 83 223 127 179 151 38 112 30 133 67 231 109 229 108 219 118 84 239 126 48 131 233 187 100 36 110 132 167 165 205 33 224 120 181 228 144 230 201 86 140 79 73 42 107 237 88 188 234 145 
25 : 169 195 68 87 154 64 120 156 38 107 97 188 164 132 46 117 242 84 191 172 122 248 175 96 217 95 56 179 212 246 93 202 161 44 27 213 201 219 50 112 28 196 33 73 121 239 180 241 104 113 89 168 54 92 150 55 67 42 76 194 137 88 41 231 
26 : 231 194 29 148 76 152 234 127 65 112 235 237 48 177 57 95 223 93 196 97 110 172 224 219 140 42 
27 : 183 162 231 179 99 180 90 223 165 64 138 170 192 247 60 37 28 63 164 237 229 70 27 222 142 153 151 58 195 204 75 71 68 189 69 73 218 221 224 85 140 230 160 78 83 135 130 145 29 212 129 220 
28 : 118 137 174 170 67 244 140 33 30 166 215 221 142 184 164 159 200 51 61 218 192 57 50 117 249 87 83 230 135 228 56 172 248 54 99 223 145 
29 : 122 182 169 232 157 131 91 69 199 113 61 66 144 78 35 225 96 213 41 239 154 187 98 54 212 204 249 135 71 56 173 89 216 32 31 118 134 106 224 148 176 52 247 208 138 80 180 101 
30 : 247 140 63 115 80 236 246 53 51 85 218 248 249 105 121 166 163 204 138 226 199 34 54 145 41 118 192 185 212 48 52 223 141 44 164 207 219 109 92 86 160 103 43 200 173 203 102 69 55 113 196 148 235 245 181 70 25 30 133 208 198 50 101 243 112 186 
31 : 212 77 200 117 64 84 31 35 118 154 34 215 122 28 76 56 130 192 61 201 101 60 50 47 27 32 165 102 121 138 73 69 176 151 113 241 231 153 242 82 226 66 206 223 120 78 174 243 178 71 179 187 89 88 
32 : 222 199 43 91 182 128 131 249 102 124 210 60 181 87 188 94 138 26 163 193 152 74 27 238 211 190 86 167 214 53 56 133 48 34 196 135 158 142 155 184 54 203 206 123 
33 : 93 97 66 242 227 142 219 234 137 56 169 89 248 30 218 223 109 151 147 246 210 33 229 46 102 92 39 192 122 208 67 37 212 64 77 236 34 199 174 108 130 43 101 29 40 60 153 189 190 85 111 144 36 196 206 74 
34 : 32 49 248 120 108 86 170 138 203 58 174 206 150 244 70 133 186 76 161 25 192 149 131 40 213 176 104 145 187 105 183 139 42 62 50 173 168 38 116 249 214 31 123 205 35 99 172 230 129 67 136 27 152 89 96 
35 : 171 196 33 150 115 158 197 212 144 160 213 139 180 208 37 143 193 108 232 162 79 240 75 38 130 157 138 32 44 188 
36 : 169 174 237 73 239 51 185 139 94 234 113 175 88 105 66 27 213 188 136 143 129 235 159 151 47 114 69 86 32 171 29 195 242 92 221 219 33 227 145 245 153 135 222 75 173 65 
37 : 165 78 111 197 245 87 53 139 116 187 230 113 200 207 52 102 213 198 177 122 103 194 156 183 169 162 239 238 65 81 98 36 240 173 62 42 147 152 128 72 184 38 70 167 43 45 44 100 228 221 
38 : 68 71 200 185 78 156 69 160 33 46 54 199 182 220 102 217 27 44 141 240 91 29 203 176 238 171 143 150 42 232 226 202 230 222 208 193 96 105 127 85 145 
39 : 169 47 66 68 113 144 244 38 231 200 221 143 86 99 53 203 116 130 147 247 233 205 63 58 237 74 115 65 121 232 202 195 151 119 177 51 67 44 31 212 138 81 136 48 179 192 46 34 73 25 114 
40 : 127 31 178 72 67 249 129 25 76 126 91 248 89 174 75 62 199 172 70 138 184 28 65 59 198 132 53 51 
41 : 176 217 137 152 61 196 149 48 215 204 100 228 57 205 213 140 210 174 76 246 171 172 222 83 159 169 157 214 183 136 161 81 72 59 
42 : 102 192 174 105 178 96 44 161 58 187 221 171 156 169 166 28 45 185 155 88 71 165 109 230 37 67 138 227 33 77 226 69 90 92 175 205 184 86 223 
43 : 97 156 234 98 147 38 113 117 51 109 61 211 199 135 233 165 72 249 216 215 232 110 30 154 161 166 129 198 138 107 200 191 33 100 34 69 104 31 170 242 115 148 78 50 83 55 236 93 53 172 209 52 160 
44 : 50 120 158 108 178 103 207 122 133 55 54 167 248 247 69 41 239 188 58 229 111 98 140 75 48 83 221 238 237 90 95 113 77 149 231 79 176 234 116 212 105 163 104 135 92 136 38 211 155 156 26 210 127 240 128 249 175 153 46 243 225 174 169 82 40 59 
45 : 186 206 94 168 46 50 154 81 132 171 116 194 181 71 57 220 208 144 156 224 218 78 120 176 51 212 34 61 
46 : 177 209 90 244 32 41 126 140 193 49 47 56 184 203 202 51 31 73 71 94 171 174 61 48 146 103 243 137 181 222 88 230 85 180 195 223 224 52 76 
47 : 217 223 27 195 110 181 93 221 71 136 44 165 63 205 119 109 210 40 179 37 54 127 236 182 50 46 39 200 164 151 33 59 133 118 
48 : 42 93 198 127 215 115 87 234 241 130 229 145 52 139 65 122 172 216 96 156 151 120 140 194 207 165 79 53 98 85 238 221 61 88 160 32 102 57 109 244 143 230 147 51 188 26 142 210 168 212 73 205 236 41 113 225 227 193 
49 : 27 212 45 146 84 88 83 236 41 221 81 54 245 65 137 224 116 127 144 135 66 177 191 57 42 100 75 96 164 136 67 60 113 145 148 204 149 160 170 141 189 94 25 48 209 140 50 228 106 206 229 47 103 46 214 223 201 102 90 31 85 134 61 121 147 
50 : 210 40 158 180 141 232 239 243 93 195 235 91 183 34 214 69 31 237 174 140 44 66 163 200 49 225 81 105 223 193 114 128 186 108 27 48 42 143 
51 : 49 137 61 149 158 85 123 165 114 236 92 59 191 198 81 57 184 183 97 56 31 86 160 106 32 75 226 116 127 118 41 152 242 234 209 151 176 29 
52 : 110 175 123 95 158 222 103 38 153 61 172 151 148 165 69 176 159 192 135 137 138 238 232 51 112 118 210 226 109 60 119 198 50 120 188 240 63 101 160 121 71 212 225 248 249 154 235 155 206 179 126 189 182 194 81 88 215 162 213 156 75 
53 : 202 97 212 119 60 218 195 53 83 113 95 127 112 129 44 229 70 159 201 179 190 136 147 225 171 173 46 214 51 182 85 75 105 117 81 102 228 133 199 88 32 161 148 208 109 47 232 172 174 213 41 84 143 73 122 
54 : 61 130 59 53 88 165 240 32 131 25 248 89 171 205 96 204 167 215 226 231 86 148 72 127 67 50 63 121 39 113 196 57 137 242 221 136 141 154 111 193 230 101 85 47 87 55 146 65 
55 : 41 142 238 77 118 240 181 173 105 57 212 151 69 248 68 143 205 167 144 59 152 196 141 218 50 71 89 157 109 45 200 58 159 54 51 130 88 83 123 30 243 224 91 79 93 37 150 234 34 117 147 32 74 128 153 113 171 97 84 
56 : 47 226 95 117 72 62 190 204 67 87 88 55 85 90 78 56 206 240 170 228 148 36 152 101 179 214 114 139 63 86 119 64 246 247 201 184 211 209 173 249 50 162 112 150 142 147 243 61 105 221 186 154 68 159 
57 : 125 197 28 185 121 239 67 190 241 105 233 138 165 243 38 226 152 70 175 178 30 126 59 84 187 117 240 113 25 116 136 237 147 161 206 176 153 97 110 37 115 50 107 77 47 194 36 
58 : 123 49 53 73 221 171 147 103 77 223 84 226 125 160 138 209 117 38 198 211 79 86 161 150 47 36 99 143 71 126 204 89 40 148 202 102 152 151 87 247 186 74 60 65 203 213 54 162 155 57 93 192 26 124 184 199 97 166 
59 : 27 55 223 237 86 222 104 60 71 59 192 57 147 190 191 38 144 157 122 213 116 111 29 171 90 158 85 242 98 100 67 159 184 82 68 152 79 235 63 56 126 228 58 51 181 178 
60 : 147 86 186 163 231 77 126 97 206 202 201 172 84 99 55 242 46 187 120 225 249 184 101 232 53 51 179 197 209 247 98 205 214 146 34 132 142 152 100 89 248 117 57 158 240 237 
61 : 40 193 181 190 63 106 102 238 218 116 110 60 29 104 243 211 65 61 246 93 213 51 199 153 248 92 52 103 85 132 150 245 96 234 26 171 119 166 179 69 134 137 72 
62 : 98 59 178 242 103 148 53 75 240 70 234 223 35 239 131 217 214 76 176 91 111 65 180 142 95 211 160 27 38 96 196 116 152 104 228 67 233 210 153 226 34 127 177 120 212 189 
63 : 229 28 27 218 79 73 112 68 214 154 190 123 200 110 25 185 43 113 220 61 219 29 223 242 165 111 244 40 194 170 241 35 235 139 30 128 39 132 47 166 77 135 74 26 109 221 104 88 172 66 193 124 215 100 161 162 183 
64 : 181 86 201 194 33 47 249 71 30 225 166 124 141 106 119 150 222 60 96 56 162 230 183 90 135 173 161 176 157 
65 : 158 237 201 165 95 112 206 223 183 147 29 134 50 92 53 73 104 192 177 119 191 47 215 45 243 136 220 94 167 163 245 108 188 116 41 107 173 217 
66 : 124 87 184 240 238 141 149 70 200 147 188 41 32 50 77 47 217 168 176 195 55 37 228 139 175 135 226 194 211 63 
67 : 154 160 107 182 51 213 102 217 33 130 74 58 65 85 172 81 162 111 189 152 241 193 223 91 97 87 63 246 26 125 249 
68 : 74 101 243 115 207 133 98 202 221 28 105 211 244 125 191 235 160 56 194 236 198 69 31 240 78 122 132 199 117 204 112 123 104 46 127 214 49 32 195 210 181 36 114 155 76 141 80 143 167 188 234 77 241 147 184 170 228 154 
69 : 183 115 128 148 112 60 70 75 103 125 25 149 191 124 176 68 224 243 136 117 162 217 223 31 234 156 242 213 140 71 204 73 225 67 214 69 175 36 118 90 119 174 50 155 134 235 181 232 143 74 64 246 48 87 228 
70 : 184 102 137 169 57 142 46 182 63 120 97 226 202 33 106 154 246 99 214 234 209 109 54 185 93 233 138 161 225 166 83 171 181 168 107 235 27 146 143 96 144 191 215 129 
71 : 86 109 28 197 56 217 118 185 187 55 141 132 60 241 26 84 202 46 34 173 104 203 59 101 134 220 148 137 179 147 207 239 153 127 89 
72 : 43 35 89 30 152 123 171 85 71 65 219 55 196 227 42 62 197 104 116 199 215 237 96 79 57 58 200 32 33 82 115 204 136 175 53 56 141 160 187 81 195 225 212 157 176 110 221 92 84 98 88 80 97 117 87 220 103 216 130 188 69 169 37 74 76 95 178 
73 : 157 192 177 92 221 86 132 232 223 68 210 231 179 70 62 135 165 60 209 133 144 119 111 82 151 121 116 137 228 96 166 112 212 213 80 78 184 46 198 208 206 188 154 199 155 186 113 101 28 40 71 51 238 169 230 107 182 83 217 233 127 57 48 55 
74 : 157 41 46 149 179 47 124 221 87 244 135 246 182 58 114 43 121 180 127 68 171 39 142 71 29 219 126 103 138 50 159 38 137 107 73 160 122 224 218 45 227 174 100 225 139 88 85 239 136 249 117 56 96 104 234 154 91 176 
75 : 192 197 183 247 41 134 187 205 61 245 110 99 146 123 185 106 29 221 219 194 50 178 76 128 90 78 121 120 195 118 75 237 98 43 165 236 218 160 57 74 135 200 138 79 30 164 133 155 88 144 189 232 170 201 48 62 64 179 63 83 173 210 91 113 59 
76 : 129 118 148 90 208 119 201 115 98 114 102 156 140 110 243 85 192 131 182 29 88 155 157 127 160 246 80 146 38 82 247 174 238 224 237 230 212 189 209 228 104 173 79 62 97 214 59 72 60 177 242 200 175 134 183 45 227 32 223 169 178 
77 : 173 188 73 57 189 144 74 62 72 143 153 55 42 103 234 236 160 150 131 247 91 221 218 237 177 66 105 142 82 201 119 231 107 171 159 
78 : 199 113 191 228 133 112 114 86 230 108 247 210 162 58 139 237 34 245 172 117 193 224 196 121 94 
79 : 31 74 81 193 116 213 75 223 78 149 53 145 136 159 209 129 39 190 121 29 42 154 91 110 124 157 150 248 59 217 70 52 155 234 205 181 55 65 167 86 37 151 195 239 221 227 158 101 241 131 132 95 105 36 147 109 231 137 30 187 
80 : 232 120 189 210 49 161 75 145 151 217 235 178 167 53 164 43 81 37 57 26 242 78 211 33 149 141 106 190 245 179 67 171 218 146 212 95 165 188 98 29 213 125 228 222 76 128 148 133 38 121 154 80 93 
81 : 130 190 166 228 151 204 181 125 81 146 71 85 149 211 192 194 47 104 134 191 51 168 96 234 88 80 240 112 222 170 92 27 197 237 185 63 109 60 231 136 203 113 93 53 
82 : 32 128 239 164 126 65 64 85 218 208 68 100 226 183 41 25 97 194 248 173 229 130 237 112 233 221 109 158 136 189 140 174 30 222 26 137 195 150 108 166 123 243 
83 : 246 218 37 84 248 50 36 58 203 183 231 164 130 243 133 178 38 247 28 56 213 135 97 110 176 193 40 125 184 128 179 209 105 70 90 194 224 94 74 227 148 51 43 222 151 191 202 39 
84 : 210 204 150 205 117 169 146 171 133 122 121 197 31 84 40 240 87 241 39 224 134 42 130 208 227 246 101 143 239 73 79 166 72 115 74 184 47 127 236 36 200 76 95 182 114 194 167 56 
85 : 53 232 114 41 82 245 27 219 183 102 205 202 139 95 47 64 239 34 147 86 187 249 137 160 51 193 93 146 200 217 77 84 194 180 80 127 120 140 170 71 209 104 166 106 
86 : 79 231 177 101 175 167 113 203 160 246 170 105 81 144 27 29 152 196 187 230 173 184 189 236 53 153 208 148 163 245 64 200 98 159 205 221 191 140 75 31 96 149 249 216 85 
87 : 226 71 101 85 124 76 52 78 59 192 148 224 156 134 217 211 151 195 214 119 193 242 219 114 141 135 74 168 133 235 88 181 116 165 126 82 162 139 179 144 31 228 79 38 63 216 225 26 184 159 157 212 137 54 104 183 177 30 239 170 29 44 70 130 125 147 176 
88 : 198 168 201 152 167 47 121 153 29 237 225 173 245 188 33 51 241 159 39 63 231 170 126 249 228 61 224 112 77 149 50 236 67 246 124 209 46 59 37 76 62 234 204 30 148 99 199 
89 : 82 101 167 71 185 47 52 206 172 128 62 202 197 69 100 143 86 90 186 224 246 140 64 112 149 32 39 65 87 40 182 164 222 127 55 139 25 175 58 207 95 130 203 148 231 48 116 218 91 157 150 53 104 35 176 41 162 192 188 135 
90 : 145 90 244 197 72 37 160 224 226 228 139 88 227 185 142 238 164 76 110 159 232 81 100 40 183 
91 : 48 59 125 249 166 106 244 192 58 44 175 185 225 104 99 216 163 130 213 127 228 184 32 195 142 180 57 131 237 198 200 165 149 177 109 56 50 138 235 77 221 204 25 101 214 171 113 226 38 186 91 209 28 160 61 217 102 65 194 78 115 94 132 246 222 
92 : 213 79 177 168 233 129 196 115 138 68 219 222 72 142 49 161 226 154 89 80 210 189 188 133 71 224 122 74 43 190 123 194 181 199 125 179 185 193 69 192 52 163 245 238 70 113 221 162 200 166 118 157 63 82 143 76 155 50 
93 : 29 63 93 84 198 145 156 242 171 139 130 212 182 113 153 191 75 128 179 163 97 204 202 110 107 131 149 238 190 206 31 108 210 165 62 79 231 183 100 
94 : 199 229 111 143 248 152 201 109 117 121 244 187 84 53 167 141 245 168 124 162 238 154 132 213 204 126 89 37 52 101 185 178 175 147 99 55 88 202 35 146 246 125 51 62 
95 : 225 87 160 218 188 122 148 102 244 81 52 124 187 37 146 128 34 115 181 28 190 178 227 109 119 199 223 129 134 180 41 164 170 25 150 212 95 213 147 32 224 220 168 173 100 140 65 195 98 183 151 63 86 206 126 233 198 209 38 216 217 
96 : 162 74 89 197 123 143 154 110 53 152 103 211 95 230 245 82 184 75 212 111 139 148 215 156 26 70 165 151 222 177 224 213 150 176 112 178 195 247 172 216 157 101 102 174 116 231 146 83 221 189 54 63 133 52 201 249 87 248 94 
97 : 122 209 207 84 99 112 152 165 245 230 150 216 218 37 114 36 129 212 177 44 180 49 115 214 35 70 188 159 25 135 176 71 242 141 82 63 102 66 106 87 200 158 126 26 182 61 211 81 231 52 184 154 156 64 97 172 58 90 235 167 73 198 
98 : 162 242 232 37 32 175 247 126 116 185 108 73 211 30 28 186 141 210 61 50 91 249 246 87 132 121 208 117 33 114 160 55 124 164 36 85 166 74 248 119 165 118 199 89 219 194 173 46 71 238 234 233 187 184 147 202 
99 : 175 236 235 132 164 245 61 214 88 246 119 77 247 58 242 65 26 154 150 188 46 228 56 138 227 144 84 248 166 232 239 179 118 180 202 191 95 76 205 128 50 34 192 123 162 194 121 193 82 49 126 200 97 
100 : 30 228 187 246 28 196 145 120 225 184 54 90 177 155 48 235 111 102 108 115 137 32 231 179 144 210 68 227 192 42 29 82 139 154 147 106 44 84 125 61 98 157 38 100 162 193 194 
101 : 189 220 162 138 67 124 47 128 207 203 64 217 34 148 35 240 113 80 171 41 195 135 73 178 152 173 163 51 25 96 144 133 54 85 208 53 197 190 72 166 43 226 111 245 38 55 143 65 56 117 119 165 44 172 198 229 122 123 
102 : 234 67 163 212 235 227 247 145 48 73 102 150 78 241 195 175 187 43 31 157 140 115 89 242 210 86 128 208 97 81 180 139 100 192 197 70 152 58 132 59 99 172 141 176 101 62 40 60 69 133 103 57 76 190 184 
103 : 62 96 138 101 77 81 100 29 235 30 246 94 231 245 97 161 131 209 56 54 172 237 184 87 223 49 
104 : 137 85 142 82 219 61 32 62 151 34 90 240 41 229 160 106 174 91 150 103 184 87 190 59 147 191 212 45 149 68 30 81 39 125 35 48 167 171 105 225 
105 : 223 204 35 196 83 148 244 162 120 139 29 64 208 221 233 90 105 58 186 238 124 213 119 96 169 220 28 74 172 111 180 156 113 205 168 159 160 135 34 75 171 88 187 128 249 67 103 36 72 134 190 146 26 150 31 110 68 27 130 227 231 215 38 173 76 116 
106 : 156 59 131 85 29 117 100 196 236 130 109 146 148 39 206 32 165 212 152 136 45 102 127 157 207 159 60 65 242 
107 : 73 228 42 78 27 35 129 86 82 131 64 34 249 191 125 141 107 167 56 161 122 50 126 163 52 54 234 215 61 100 194 87 185 240 222 235 149 171 102 184 208 70 
108 : 144 244 99 182 38 87 65 36 91 33 200 175 160 249 57 50 149 241 213 104 185 222 28 98 72 191 109 53 86 88 
109 : 103 116 216 59 99 214 213 40 25 70 119 248 234 158 96 55 95 169 207 87 56 131 199 224 200 138 60 210 230 245 175 52 172 162 223 144 
110 : 224 115 197 96 218 97 162 80 100 26 245 206 136 148 120 37 226 166 140 83 167 190 32 223 209 145 78 66 142 137 85 175 63 195 152 110 
111 : 154 108 138 57 106 95 59 236 100 68 225 31 150 35 178 53 30 226 204 245 214 183 232 78 224 37 26 155 33 200 114 157 158 99 133 171 118 241 140 227 132 139 60 29 58 144 
112 : 104 64 130 119 26 237 115 114 160 35 218 175 239 209 230 122 145 86 240 100 39 111 129 193 238 178 225 29 
113 : 168 52 72 192 214 35 86 218 57 36 100 144 66 230 205 37 106 136 96 40 33 111 175 39 58 104 101 187 204 238 229 60 233 186 67 200 71 27 89 85 228 165 82 131 63 134 215 182 201 220 158 227 247 
114 : 223 238 120 218 41 209 72 37 220 193 48 45 229 241 203 58 77 107 139 70 38 54 110 234 195 145 94 33 81 44 96 170 233 
115 : 234 247 66 125 153 120 118 102 131 189 72 214 133 92 174 103 99 149 47 156 239 224 199 41 194 180 248 50 37 155 42 219 141 176 210 82 231 151 109 172 29 44 33 90 108 48 98 142 202 52 91 97 71 59 147 
116 : 186 209 117 232 246 158 79 48 68 57 168 33 47 91 116 205 36 210 201 74 101 143 236 181 178 237 114 145 86 162 77 65 89 173 177 196 29 156 172 169 126 61 93 184 227 159 216 92 
117 : 242 152 234 167 102 238 170 193 47 30 227 118 249 101 82 136 202 129 183 49 56 131 143 180 67 99 124 207 109 28 158 120 32 79 188 95 225 52 230 72 27 71 211 148 
118 : 248 37 25 207 100 48 241 145 158 32 153 60 124 230 89 84 88 221 49 68 199 206 28 244 27 208 142 201 186 111 64 67 82 62 163 123 210 143 197 187 42 246 202 102 167 185 189 73 177 56 225 178 35 219 26 33 164 117 231 135 131 200 144 127 
119 : 154 138 170 42 89 192 76 88 143 203 183 208 245 136 211 199 38 50 55 205 32 39 232 99 191 54 230 249 247 246 87 181 133 175 44 
120 : 84 154 238 175 118 109 141 164 222 161 120 163 113 179 229 198 216 38 206 166 176 144 90 76 155 225 136 98 62 69 80 93 135 171 99 202 170 100 41 243 88 61 126 104 102 
121 : 61 179 120 33 62 99 162 180 167 211 88 69 175 177 67 217 97 82 115 239 192 134 226 87 176 138 198 184 95 136 113 110 218 189 76 143 209 132 114 124 230 196 37 235 191 201 45 119 220 46 190 171 35 223 165 200 156 193 158 106 101 219 
122 : 72 167 131 31 166 235 70 96 240 200 62 160 194 123 64 236 49 153 173 220 108 189 95 90 211 28 170 199 237 26 247 212 39 83 229 77 79 48 55 61 204 171 185 145 183 186 219 243 138 140 241 74 43 68 67 97 215 244 206 234 91 147 60 156 
123 : 48 58 246 84 123 109 60 193 105 45 213 98 35 46 78 83 171 72 197 161 191 249 176 131 152 94 179 208 130 97 159 149 30 34 225 232 146 133 200 173 187 
124 : 46 32 152 208 169 161 243 36 70 230 198 113 200 197 217 76 147 94 185 219 100 170 214 67 247 144 229 107 221 136 189 102 193 123 133 175 238 71 53 87 79 92 114 205 89 210 204 65 109 120 199 180 203 201 104 143 134 156 213 184 105 249 40 
125 : 104 174 182 93 111 163 180 143 114 63 123 159 106 82 208 71 232 187 223 88 211 237 145 246 32 136 196 47 179 192 200 43 217 85 222 113 110 44 129 100 201 77 98 185 86 67 91 214 69 64 95 195 142 90 206 57 178 245 219 148 170 
126 : 32 102 164 30 236 96 193 173 141 245 156 94 214 147 238 231 151 29 197 28 219 47 191 184 52 119 112 53 140 26 172 54 163 37 105 182 63 72 169 233 59 38 196 207 74 101 88 81 
127 : 33 129 197 34 244 127 97 41 196 94 73 220 142 139 153 56 131 178 63 100 31 212 166 88 30 62 138 48 155 219 40 93 206 105 49 26 213 233 86 29 
128 : 102 49 236 25 90 223 185 218 237 203 98 46 153 78 147 135 53 215 157 183 225 143 106 48 229 233 219 202 139 50 186 145 57 131 68 97 91 37 
129 : 77 232 110 87 33 38 75 85 36 26 196 91 60 248 113 81 116 57 174 246 104 28 177 152 109 184 231 185 211 101 142 195 183 99 188 166 150 76 212 30 225 219 164 137 49 46 228 89 208 126 122 
130 : 163 139 115 120 222 241 92 30 34 71 187 93 199 123 231 90 150 244 172 101 66 103 40 179 25 132 160 165 180 227 38 50 233 195 158 205 119 76 159 188 235 57 177 124 51 224 37 186 183 192 82 135 204 26 220 246 198 88 109 95 242 185 147 
131 : 186 80 87 194 67 31 129 213 103 119 149 161 36 47 76 223 71 97 178 89 40 59 98 192 234 100 195 136 90 27 145 140 58 69 126 73 168 165 111 33 219 207 42 85 179 211 210 181 220 162 54 144 249 216 118 66 84 86 246 120 147 209 
132 : 121 109 229 64 122 28 37 49 131 105 166 66 107 146 104 206 83 181 111 162 199 208 93 82 29 171 203 118 123 75 106 169 225 241 26 183 134 217 221 67 249 209 
133 : 82 105 71 138 228 201 223 56 143 230 68 150 210 57 93 163 122 50 28 76 45 121 25 233 77 81 40 152 214 164 78 180 59 145 149 190 139 104 181 107 197 128 195 62 154 58 108 160 35 240 229 27 211 75 234 95 140 218 247 
134 : 123 202 101 178 204 149 132 92 215 36 89 25 134 137 120 190 80 214 136 113 185 200 224 234 48 117 130 195 63 217 212 141 57 144 242 62 103 154 181 194 129 43 86 37 68 220 236 246 121 205 97 
135 : 117 241 211 248 87 43 41 29 146 219 31 36 208 49 72 77 85 121 27 128 104 107 139 218 62 223 80 210 237 103 127 86 196 215 183 54 197 
136 : 198 179 62 231 202 189 96 133 211 63 137 197 119 87 221 97 154 66 206 134 241 99 167 238 205 55 25 148 191 188 225 234 74 196 136 106 85 158 57 107 33 84 46 122 161 31 123 
137 : 116 227 117 83 164 92 59 194 37 35 28 49 173 237 226 158 157 229 174 129 104 163 172 171 96 63 149 118 208 122 88 80 148 235 189 51 84 193 245 137 38 58 66 162 195 67 169 180 152 108 25 100 70 34 39 139 
138 : 46 67 209 208 48 213 207 188 228 90 127 239 40 57 185 146 124 106 199 153 238 96 113 78 150 222 171 38 125 131 203 145 161 50 142 
139 : 45 140 138 157 42 122 73 171 113 38 177 222 180 134 112 51 105 82 147 89 150 160 198 129 96 204 139 124 235 220 203 104 219 144 146 43 193 226 77 78 192 209 190 240 55 132 206 29 199 208 149 98 32 215 141 120 68 49 63 216 154 79 
140 : 155 84 245 237 49 29 218 100 190 178 46 69 142 152 224 80 191 172 201 156 196 153 175 101 165 127 199 82 59 137 174 207 92 193 180 147 112 26 134 215 62 203 136 107 35 236 120 219 47 144 166 55 232 238 87 95 108 243 
141 : 191 47 220 217 100 166 154 148 70 66 88 93 121 110 175 77 126 182 115 196 221 152 215 86 213 56 147 29 208 42 141 143 178 222 
142 : 111 77 225 26 202 244 45 239 55 44 179 76 204 121 221 32 187 132 103 60 59 87 42 127 84 165 161 101 78 137 243 
143 : 60 83 222 50 235 121 113 159 166 239 82 204 32 55 88 142 137 26 75 128 152 112 57 29 168 181 43 154 38 144 58 76 191 178 114 231 109 218 120 78 237 61 225 156 206 93 141 131 145 62 186 155 127 175 147 219 41 236 209 36 31 100 192 138 
144 : 30 87 35 223 229 81 95 244 88 135 109 173 121 127 232 248 217 227 60 225 196 148 149 129 179 205 147 26 123 67 47 174 221 108 204 101 136 65 70 243 44 164 207 202 99 103 48 186 119 213 210 46 238 141 142 245 144 185 171 102 28 160 167 137 
145 : 29 130 153 233 156 69 151 218 215 145 26 113 43 65 188 97 182 35 83 158 167 101 146 178 150 231 216 108 247 46 85 62 200 225 
146 : 249 70 195 71 165 209 224 99 104 216 190 227 117 106 153 125 180 140 189 60 38 212 160 115 134 223 103 191 207 137 
147 : 57 211 102 27 28 191 51 186 87 210 197 240 114 164 152 64 156 39 170 99 129 92 35 96 157 49 97 158 218 122 78 155 177 247 100 132 249 
148 : 248 44 196 135 55 158 153 51 241 249 32 83 25 57 157 156 229 137 101 175 128 124 110 48 96 218 36 74 
149 : 39 82 74 138 127 174 70 50 79 181 115 64 233 180 40 184 30 139 108 125 106 166 235 220 25 208 200 145 65 68 229 159 152 71 41 121 203 204 179 172 154 34 120 85 55 153 90 137 150 236 116 185 
150 : 119 152 43 124 155 163 93 158 55 176 122 117 138 235 190 89 58 249 102 184 148 42 35 205 161 215 44 65 246 168 36 232 
151 : 151 212 247 87 239 72 246 191 216 242 139 169 196 192 25 118 48 53 164 105 34 177 214 229 126 130 124 74 235 189 146 98 113 116 44 94 202 237 127 76 161 232 90 147 236 38 158 134 70 41 
152 : 104 244 229 79 68 116 175 193 112 182 67 89 186 220 120 242 137 94 76 121 93 212 59 87 60 115 215 169 107 155 159 180 146 171 96 100 98 71 219 126 177 181 237 136 105 119 143 73 36 44 208 216 197 74 152 82 
153 : 106 141 167 78 127 172 178 180 217 107 219 105 98 79 166 203 120 179 249 197 31 214 57 54 52 103 207 83 211 41 40 233 116 229 208 85 137 224 201 117 58 51 175 26 130 187 243 122 91 
154 : 194 175 149 163 30 212 114 26 79 101 98 115 155 182 73 121 46 231 112 240 165 179 248 232 50 147 70 243 193 62 76 64 87 145 225 25 88 100 161 89 120 68 122 113 69 71 96 197 84 72 137 143 226 91 139 199 159 
155 : 34 59 44 142 178 238 249 231 158 26 31 39 153 131 56 83 224 207 92 187 181 213 45 90 229 154 172 74 144 170 174 235 110 189 37 227 89 211 180 52 35 199 96 111 196 177 186 234 147 137 242 
156 : 35 140 186 213 48 114 51 69 119 122 247 43 98 145 207 95 64 31 91 118 193 215 84 117 151 70 144 109 170 141 55 160 166 65 189 229 81 106 182 196 99 77 202 147 62 96 222 57 236 228 195 56 115 244 26 82 
157 : 70 96 212 62 145 60 194 230 125 161 241 73 126 152 67 142 108 158 207 139 172 116 95 208 183 248 74 222 104 36 130 41 146 220 82 148 100 127 97 179 46 193 119 37 51 
158 : 230 74 93 155 167 159 217 30 190 59 149 37 228 124 40 76 209 213 246 192 243 225 105 227 184 94 104 54 215 108 97 70 
159 : 243 130 239 218 93 186 66 100 98 125 236 137 74 116 92 188 129 204 131 81 109 40 173 160 150 229 27 152 203 194 198 162 225 178 32 
160 : 244 69 157 238 158 232 184 93 81 107 87 31 70 216 34 199 185 200 242 197 57 123 43 102 99 116 222 176 192 110 124 180 79 72 138 226 220 47 59 
161 : 189 136 92 240 217 123 145 131 213 183 179 57 157 230 109 212 86 153 165 225 49 74 156 180 133 170 35 171 63 125 107 204 88 98 62 174 150 220 245 241 139 129 152 167 99 58 73 126 200 227 122 101 
162 : 248 90 192 146 247 162 174 239 91 167 143 97 110 98 45 79 40 229 134 191 238 62 220 46 189 65 34 124 106 
163 : 164 124 113 44 100 29 135 145 249 58 195 210 72 92 146 154 41 227 188 33 192 183 177 156 243 237 141 221 222 48 108 
164 : 116 57 206 238 69 179 127 63 164 140 111 183 234 55 216 44 218 68 146 177 66 176 155 212 50 112 54 156 228 79 71 134 154 67 153 131 242 244 45 215 144 145 52 36 86 136 204 208 75 29 157 107 219 47 41 197 82 78 182 56 91 241 
165 : 92 70 176 106 202 203 249 101 145 186 153 72 148 210 187 133 107 216 141 56 221 239 55 230 117 163 86 234 118 93 119 126 159 116 78 51 130 175 144 53 57 73 167 
166 : 189 207 118 234 230 178 74 162 158 138 50 213 107 45 193 84 249 85 151 184 179 55 126 215 102 94 221 100 68 248 99 175 82 27 36 96 115 75 140 64 59 87 29 95 201 181 169 114 98 238 43 61 125 92 44 25 204 203 186 
167 : 211 42 96 182 190 108 168 229 95 239 193 89 33 204 65 164 114 74 137 246 129 28 177 80 179 75 240 194 70 55 131 120 248 97 88 241 49 226 46 67 98 149 38 222 202 188 91 82 107 64 113 186 150 170 27 244 138 93 171 72 
168 : 150 193 84 215 245 224 201 169 226 243 116 176 153 89 180 72 130 223 101 33 103 197 174 100 142 61 86 237 70 87 198 179 
169 : 56 246 138 192 195 81 137 55 171 240 198 147 97 99 215 89 182 104 228 70 201 67 248 101 200 110 243 141 151 108 66 164 35 95 82 170 136 161 149 244 103 162 154 172 
170 : 224 123 208 88 247 92 64 218 201 54 138 161 100 241 116 56 115 108 52 181 125 194 60 225 97 149 200 162 129 166 101 199 96 165 206 48 59 30 41 89 
171 : 71 40 191 161 116 246 130 135 145 163 63 225 114 190 204 210 105 80 230 158 65 127 73 165 124 208 222 64 180 54 47 224 118 95 33 90 193 46 168 226 94 160 28 25 27 235 70 217 50 36 60 113 237 43 148 34 109 239 78 192 
172 : 216 213 58 166 184 54 133 44 55 41 126 153 223 86 240 47 31 176 61 182 228 136 93 200 172 102 227 235 120 63 128 137 221 65 146 189 98 135 90 218 
173 : 221 160 206 103 69 155 118 248 150 152 214 197 141 188 36 82 244 62 51 97 240 235 173 207 237 100 67 222 60 33 166 
174 : 145 214 54 104 128 144 184 191 116 230 160 50 185 88 176 124 95 159 105 234 111 110 201 45 92 91 118 210 244 39 125 225 178 141 
175 : 192 99 228 205 163 168 58 123 85 197 102 147 238 190 138 227 170 29 74 39 234 64 220 110 28 171 222 69 196 133 145 56 153 92 237 100 198 202 82 42 178 
176 : 238 58 156 36 70 167 37 119 40 151 73 210 145 221 182 203 176 175 198 174 53 211 116 172 25 215 208 98 101 63 224 168 173 199 194 171 111 165 87 192 149 170 132 164 166 142 201 217 178 186 138 38 100 107 85 46 114 121 28 45 39 
177 : 218 245 159 181 47 138 137 25 119 153 107 223 213 103 211 177 26 135 76 225 69 149 44 101 73 
178 : 208 114 73 181 152 67 90 100 125 116 156 113 245 165 164 226 44 183 78 202 96 110 129 150 172 40 132 137 134 228 64 168 69 196 83 62 120 128 74 56 249 30 217 63 220 169 
179 : 222 64 27 169 226 151 38 148 123 59 211 212 99 220 49 244 117 215 202 56 104 66 88 185 219 180 126 57 210 205 113 247 122 135 164 150 218 137 200 186 183 162 103 158 29 191 92 32 181 35 171 144 214 206 37 94 145 225 34 
180 : 138 47 130 111 230 160 113 45 106 155 134 67 109 152 244 207 143 147 125 247 236 192 133 163 245 30 240 202 117 93 191 189 174 216 58 226 201 221 29 167 26 94 151 81 197 126 141 194 165 136 108 231 98 158 203 190 
181 : 212 194 70 47 55 169 95 42 206 222 28 140 235 149 135 220 121 31 157 164 216 167 132 127 112 89 154 
182 : 49 42 104 58 160 120 129 123 198 162 151 181 249 57 79 108 240 245 172 200 110 246 112 239 191 69 99 187 124 59 33 140 138 223 180 167 161 101 56 248 127 226 206 64 184 29 237 158 68 54 106 88 43 131 179 209 94 149 219 182 36 
183 : 242 91 33 158 77 114 67 132 133 219 41 40 103 214 228 27 66 194 107 152 70 75 144 200 170 69 226 35 183 78 115 37 184 64 
184 : 145 244 50 86 53 36 84 190 213 41 118 166 143 48 31 247 58 81 93 105 46 106 162 60 135 71 181 231 140 33 51 170 43 223 109 221 117 220 100 180 62 193 241 92 89 165 88 27 154 215 25 104 122 26 107 38 52 189 222 185 192 102 
185 : 221 113 51 176 57 197 43 110 41 189 161 36 147 127 204 83 172 212 86 62 202 164 146 29 129 153 99 237 157 214 82 37 226 151 238 196 160 247 97 239 74 91 28 139 166 208 241 181 87 185 26 47 
186 : 94 123 61 73 139 113 171 46 65 85 26 121 29 47 126 179 117 247 151 165 55 141 97 234 82 186 249 34 129 134 115 25 105 147 86 116 83 166 51 200 107 218 245 215 70 74 161 96 124 98 41 53 184 177 67 214 128 
187 : 76 198 64 26 175 227 43 132 126 121 107 128 51 197 72 120 174 114 79 37 178 156 167 41 201 54 38 153 112 247 231 139 249 146 188 182 134 173 185 245 203 60 213 164 74 93 235 83 206 199 187 119 229 205 62 223 202 29 212 142 189 145 46 238 138 
188 : 102 104 58 62 86 128 120 214 114 142 176 37 100 49 224 220 26 237 39 31 144 238 46 55 137 122 88 97 141 116 132 57 105 197 228 174 158 230 218 32 60 229 92 108 135 83 35 
189 : 98 148 45 114 175 149 213 173 146 34 203 182 46 165 179 166 115 247 70 232 109 130 31 33 76 240 28 191 211 231 243 47 58 221 172 67 32 156 69 239 107 142 88 198 90 183 218 152 199 185 133 81 168 132 233 205 244 40 
190 : 68 208 84 102 194 88 60 201 191 206 204 154 161 110 220 203 170 83 195 132 242 108 173 27 146 30 222 179 225 133 168 169 227 40 87 211 185 148 38 105 
191 : 133 145 218 51 82 134 196 226 187 83 236 103 122 70 217 182 179 36 106 73 110 96 87 135 78 199 239 108 26 55 188 178 85 75 231 166 62 59 213 143 40 208 173 27 197 146 198 163 195 140 37 104 
192 : 73 155 92 209 166 53 100 236 44 64 108 237 57 70 249 127 170 114 238 222 215 246 178 231 37 240 140 54 187 203 118 121 142 169 134 216 87 244 194 110 212 80 60 161 111 45 206 86 201 173 
193 : 102 115 121 75 80 197 182 101 228 226 29 87 114 150 145 162 222 111 210 110 208 225 173 108 244 127 152 214 125 184 38 35 213 112 64 89 81 179 157 241 175 109 167 128 88 232 27 196 
194 : 195 197 202 155 135 86 26 242 111 118 246 87 97 166 191 131 104 218 229 128 105 216 156 142 247 107 122 42 71 114 40 31 219 236 146 60 232 168 145 52 
195 : 171 244 69 142 113 57 180 194 84 80 109 108 119 243 48 65 222 78 52 185 127 200 107 167 162 242 208 89 148 121 181 32 220 86 25 211 147 96 118 156 28 143 157 144 230 179 62 45 193 85 145 94 40 140 
196 : 143 199 226 210 145 248 229 131 241 193 186 172 201 207 234 99 164 180 158 65 192 111 29 132 144 55 159 146 84 166 150 214 118 71 69 121 221 62 238 103 220 39 189 174 184 27 122 81 96 38 
197 : 80 132 66 233 164 48 247 168 93 26 207 152 149 202 84 248 109 119 150 57 197 59 155 33 217 174 157 145 100 117 120 127 140 35 218 236 118 56 49 
198 : 248 31 102 201 145 77 88 61 194 51 90 196 120 161 105 128 33 45 99 224 226 146 121 137 104 80 155 207 228 92 154 112 222 165 235 244 65 69 108 168 124 52 97 158 170 58 85 27 205 74 239 134 133 113 243 78 114 63 149 118 117 188 44 179 67 214 
199 : 226 161 141 46 80 119 102 120 73 33 142 165 186 37 176 152 167 234 224 88 143 196 59 29 168 194 41 45 62 153 230 65 248 232 178 213 201 38 179 135 189 81 187 177 25 94 182 55 208 215 190 240 113 118 131 169 50 39 198 231 110 
200 : 210 85 105 229 142 59 103 225 114 237 76 141 214 128 227 72 194 77 70 147 145 78 65 173 71 184 111 
201 : 215 227 239 57 106 101 114 91 63 155 164 44 56 225 172 232 135 206 224 200 110 148 98 146 32 26 246 139 128 182 75 156 31 208 
202 : 169 154 71 128 120 97 35 184 79 186 108 217 139 150 222 114 213 230 236 161 202 246 84 164 64 189 80 181 70 49 214 58 142 133 147 160 57 238 197 42 195 67 
203 : 90 146 139 220 217 141 234 248 131 113 107 162 197 223 182 186 68 133 150 210 170 191 188 30 134 111 159 64 132 74 211 149 238 225 73 246 155 70 115 187 59 86 153 137 194 148 62 201 178 79 171 166 
204 : 45 178 243 63 249 59 187 240 239 117 98 102 70 193 192 233 235 60 221 211 97 100 175 152 35 58 174 32 226 39 244 157 121 27 128 81 133 160 231 198 44 36 184 207 93 40 86 204 76 91 127 216 146 200 177 183 196 80 241 129 108 172 232 176 105 30 29 
205 : 163 191 207 84 221 140 96 125 181 47 234 142 141 210 192 120 193 32 164 81 70 64 89 214 243 136 148 190 231 124 42 
206 : 46 203 80 200 60 111 208 249 66 53 112 133 33 136 152 201 70 237 167 232 129 243 56 76 168 179 187 183 174 55 191 
207 : 40 225 155 166 65 74 240 152 61 67 216 62 68 163 164 138 242 83 140 196 174 145 234 146 87 245 199 117 204 193 111 88 207 238 147 182 141 95 115 222 125 127 149 73 91 172 233 43 142 176 175 131 39 89 192 231 210 110 
208 : 140 138 31 162 53 143 149 161 198 133 27 66 215 209 226 156 238 184 135 221 169 45 232 39 189 63 243 183 34 186 106 190 224 182 129 75 105 229 201 235 94 117 185 194 240 92 225 65 71 180 136 41 51 32 123 61 197 128 171 172 202 245 40 
209 : 105 36 167 80 159 58 86 241 135 147 119 63 153 235 204 142 34 77 101 218 216 146 192 233 178 114 49 182 42 60 194 90 239 59 198 176 206 191 
210 : 187 76 233 155 50 45 46 193 70 69 182 121 153 126 104 140 179 164 142 169 176 189 165 123 170 38 74 152 134 59 246 110 
211 : 145 41 33 158 59 139 108 126 51 249 119 239 83 78 118 40 54 95 121 237 88 231 43 218 245 169 140 183 68 235 203 221 174 209 32 228 49 184 189 223 197 176 166 45 194 243 125 60 34 73 100 94 67 
212 : 157 78 39 237 160 184 196 97 229 214 85 224 145 152 77 180 42 190 181 73 247 117 148 59 198 49 211 193 225 209 129 87 162 207 
213 : 182 92 166 243 84 124 212 226 38 197 32 83 178 66 128 31 86 64 87 225 95 117 101 46 76 35 109 137 130 90 53 102 71 217 142 107 227 29 60 131 191 194 208 180 105 40 207 152 44 196 
214 : 169 60 163 172 29 241 196 124 178 231 52 233 245 189 220 247 136 38 210 86 149 36 72 135 119 218 235 108 64 59 249 101 158 78 93 31 221 99 67 65 82 120 234 202 41 206 
215 : 137 89 168 82 241 104 110 233 66 95 164 202 58 191 41 125 101 121 195 198 225 235 65 135 98 144 47 25 91 119 54 203 201 237 67 123 224 26 120 72 108 
216 : 93 204 125 57 149 113 221 229 76 72 214 174 108 220 94 186 64 216 111 56 107 205 242 67 35 215 
217 : 155 78 163 243 31 70 125 160 120 184 202 235 175 215 26 190 152 54 220 181 239 176 246 50 27 101 151 164 142 211 108 218 122 102 57 137 91 99 198 83 45 33 56 244 67 79 28 200 237 60 66 
218 : 106 240 47 144 123 87 170 145 108 26 196 177 162 30 224 173 115 228 139 126 214 193 104 146 206 133 129 57 132 230 176 156 249 68 198 216 168 32 186 203 137 69 
219 : 106 36 64 50 118 43 75 27 141 40 156 188 151 203 125 86 102 192 211 160 190 111 25 121 158 31 96 130 34 32 54 70 28 
220 : 82 57 37 154 119 151 237 219 218 69 189 113 73 41 93 210 231 105 194 64 125 52 150 245 225 100 217 147 197 27 
221 : 102 89 83 64 84 246 56 77 143 145 208 144 121 245 152 118 136 68 115 79 185 70 213 124 166 87 158 162 96 117 111 218 103 80 92 168 106 135 174 32 25 205 131 57 93 123 172 61 78 127 240 97 248 243 40 46 183 159 177 67 186 
222 : 129 248 207 31 36 52 184 170 143 226 101 59 236 85 126 76 187 201 210 135 197 227 249 221 98 148 190 61 223 211 102 240 214 47 173 244 155 79 233 
223 : 247 233 62 176 199 130 60 221 192 66 26 210 31 217 127 249 132 51 161 99 30 46 178 78 204 168 
224 : 72 132 229 235 177 98 105 179 137 210 201 106 215 52 39 103 241 248 223 87 101 189 165 68 197 166 127 33 124 97 168 238 34 204 100 218 26 220 172 231 226 150 79 131 115 80 77 
225 : 210 201 70 125 192 107 59 118 240 33 249 79 197 155 54 248 64 208 215 68 104 238 62 151 141 103 82 180 45 181 239 156 55 43 218 161 145 76 122 56 223 246 187 97 225 128 
226 : 79 53 241 191 150 106 182 184 76 126 109 152 213 128 74 71 134 154 135 202 249 33 49 72 127 29 220 84 207 88 177 75 48 141 181 194 119 167 235 
227 : 157 90 36 104 107 82 167 88 223 70 235 53 168 120 143 26 190 174 98 100 249 243 25 68 232 126 124 89 147 86 185 173 127 45 226 31 30 62 122 165 80 56 115 136 33 175 91 192 221 163 240 248 
228 : 50 108 49 95 174 29 131 234 53 128 57 59 199 97 89 126 150 118 171 227 56 144 38 233 125 43 195 114 143 205 158 116 228 88 218 208 186 185 239 170 31 192 196 168 146 55 
229 : 217 134 131 97 223 207 119 236 102 42 117 85 191 80 59 177 51 239 147 152 160 129 133 231 98 214 
230 : 214 78 170 185 37 115 68 146 227 224 134 137 81 62 54 180 119 47 141 30 93 153 42 57 139 135 63 142 60 148 28 50 49 26 75 69 36 161 29 175 220 96 71 51 61 129 244 65 95 196 121 
231 : 105 56 216 158 248 163 46 243 65 141 237 209 192 112 85 151 84 246 172 196 114 212 202 119 181 35 100 224 165 102 49 80 197 239 33 
232 : 211 225 126 115 181 246 135 237 186 206 236 128 227 158 182 87 67 145 83 175 89 52 123 103 95 107 112 180 39 41 179 166 194 136 216 140 201 160 190 214 168 90 
233 : 223 118 215 109 244 63 97 67 123 192 143 245 222 126 190 47 133 234 106 183 43 85 241 84 42 172 
234 : 182 179 226 141 128 98 113 33 181 45 150 247 78 112 61 176 92 156 164 93 169 28 58 91 153 79 183 154 38 206 145 130 155 168 56 199 35 237 68 65 245 126 194 37 123 29 193 190 85 76 114 167 55 249 125 165 238 
235 : 203 126 131 83 236 116 105 134 157 183 242 133 35 184 215 110 78 190 58 127 169 60 77 114 45 246 219 243 162 69 
236 : 114 130 166 47 189 39 211 169 231 104 82 142 157 197 206 242 83 36 244 215 230 41 228 70 216 141 106 62 79 175 243 241 109 151 199 
237 : 127 140 163 138 37 124 237 210 215 236 146 80 240 144 177 131 111 187 139 134 200 214 204 196 136 213 137 154 54 191 161 205 155 51 94 171 55 217 130 208 242 44 59 85 25 150 34 53 165 168 28 65 81 211 113 190 199 151 
238 : 248 115 32 147 191 168 187 53 27 243 93 114 98 201 67 120 216 232 59 122 42 119 228 167 229 37 34 55 234 185 195 
239 : 193 29 39 25 226 142 42 165 211 192 166 57 218 232 214 68 133 157 183 158 90 160 32 122 235 135 230 72 206 112 103 210 
240 : 235 175 127 38 75 112 86 210 176 90 226 229 209 52 40 142 245 236 27 180 91 49 79 177 186 56 156 240 184 106 115 191 227 100 158 85 131 36 181 96 64 161 26 107 103 139 68 72 154 81 59 78 108 
241 : 28 118 29 174 87 58 55 226 208 241 54 230 46 60 104 146 96 162 156 93 111 141 113 129 163 157 200 107 242 43 198 
242 : 76 127 168 165 153 218 86 50 25 109 83 40 66 124 64 129 236 160 172 211 138 203 104 190 54 204 58 114 56 150 
243 : 204 69 145 245 201 190 107 57 199 139 92 73 215 25 108 247 34 27 163 244 47 237 169 106 65 183 113 63 80 118 33 150 240 112 36 41 94 217 49 111 81 53 58 
244 : 88 79 234 109 125 39 244 225 52 35 155 148 107 167 215 37 176 186 172 26 238 247 216 214 140 116 129 209 151 141 137 164 207 174 30 204 118 179 59 85 149 243 50 104 25 67 41 58 
245 : 66 25 92 106 138 94 60 67 176 79 219 151 77 57 29 34 118 82 83 87 229 215 227 147 184 26 64 207 220 130 234 109 119 188 39 98 126 116 157 136 248 180 189 231 
246 : 77 247 25 205 166 203 140 98 132 169 39 75 123 155 226 42 200 176 244 186 141 249 41 213 37 87 69 135 106 45 136 220 66 127 80 83 99 94 120 78 118 172 154 81 162 235 184 234 112 192 40 227 209 138 167 67 68 191 105 
247 : 64 46 160 241 151 176 197 37 200 130 149 175 67 131 127 66 49 199 79 87 72 60 159 179 101 104 230 55 48 232 57 211 220 153 190 134 80 229 222 84 144 94 
248 : 110 191 73 28 29 180 35 249 40 225 212 222 213 103 203 192 227 50 33 218 169 194 154 239 62 134 168 83 119 166 144 67 185 48 216 132 174 209 93 102 26 186 61 247 236 241 183 226 39 53 49 232 128 96 188 126 106 122 170 88 
249 : 109 187 56 27 195 105 240 249 103 92 176 113 170 127 80 161 48 89 41 123 85 44 74 138 233 47 108 229 
250 : 102 34 212 191 159 76 244 46 193 25 228 77 239 113 210 122 223 248 93 109 242 231 216 156 136 247 198 186 201 219 41 177 36 170 120 161 
251 : 191 58 34 201 172 174 143 156 216 45 141 68 123 110 117 62 96 210 101 116 151 54 32 232 215 235 214 229 
252 : 134 55 44 155 229 84 177 33 224 148 28 126 116 94 96 202 56 228 193 34 242 74 129 197 245 222 152 215 221 158 157 240 80 47 82 105 77 208 241 211 67 25 207 170 
253 : 236 202 146 77 52 111 48 112 242 99 124 174 217 177 247 208 196 47 49 57 141 120 74 179 118 223 38 117 215 37 102 224 160 43 150 83 28 165 93 92 95 104 46 212 220 113 232 245 78 218 79 171 163 33 166 198 148 
254 : 94 216 135 219 177 157 59 136 41 207 170 202 110 139 98 134 165 143 194 47 246 218 185 83 128 174 
255 : 204 236 47 63 27 30 43 196 242 65 129 237 76 84 151 139 134 75 87 188 115 248 132 171 193 194 181 190 73 58 99 158 77 61 221 152 136 224 141 177 222 179 124 44 32 147 220 66 213 89 241 149 113 229 186 72 223 92 127 55 146 69 249 114 169 
256 : 179 229 96 39 33 174 191 240 242 43 114 247 63 78 85 246 124 68 184 167 196 213 197 225 147 230 65 228 35 136 108 180 226 104 183 125 103 211 199 46 139 194 90 232 72 64 148 74 115 236 187 209 86 94 
257 : 97 220 228 237 115 61 92 157 75 73 184 153 212 62 118 241 187 183 53 133 188 33 235 207 200 37 173 74 67 181 245 147 113 128 159 126 27 80 185 170 191 78 135 215 60 90 42 179 
258 : 206 55 209 118 90 142 57 199 174 132 106 109 61 66 153 26 70 48 38 127 244 50 136 102 208 93 69 124 53 103 154 115 105 123 54 213 195 34 216 
259 : 224 84 160 72 153 197 194 109 199 37 132 240 95 129 112 193 203 248 66 128 50 206 130 190 59 43 119 89 
260 : 221 190 122 52 123 228 231 242 66 108 181 216 233 229 25 89 127 100 29 46 64 26 153 152 94 163 222 162 
261 : 196 156 149 30 94 105 184 204 125 114 81 66 117 193 208 31 101 99 42 72 161 35 167 45 223 41 213 242 220 157 174 227 130 162 107 69 116 36 95 43 47 131 82 142 238 210 219 230 171 237 181 67 214 71 186 80 50 
262 : 84 127 59 98 235 243 245 181 133 199 229 170 40 213 165 71 155 73 158 106 226 69 109 180 35 75 68 204 139 50 212 200 203 219 116 164 188 62 196 163 63 87 28 110 77 125 197 186 107 249 147 26 206 234 162 131 36 209 135 97 
263 : 180 178 60 56 185 57 197 164 201 95 137 243 123 205 49 156 85 219 239 163 58 43 242 194 203 107 30 134 51 44 212 179 176 32 98 135 42 94 127 195 153 168 236 
264 : 214 49 77 245 194 177 181 139 71 80 117 105 62 65 224 78 221 161 166 29 226 135 131 170 175 31 152 102 32 48 167 195 222 151 89 54 244 223 196 70 159 160 55 79 66 41 57 232 34 113 213 61 93 44 126 204 169 207 86 206 145 200 234 56 36 
265 : 67 51 99 185 88 164 104 192 220 175 70 61 162 242 243 86 178 186 110 37 28 204 216 173 30 94 172 84 146 170 215 133 158 71 239 206 31 32 92 90 76 138 230 142 238 159 47 82 213 78 171 181 154 120 240 234 25 124 189 64 136 97 123 
266 : 195 69 240 75 223 128 123 164 50 204 196 169 227 124 193 64 66 63 190 243 201 44 236 54 172 226 87 228 225 163 244 149 113 194 237 148 104 62 72 95 171 159 219 139 35 131 156 209 241 
267 : 50 85 97 126 32 173 35 103 174 117 104 183 178 219 141 132 123 105 171 34 193 152 39 30 77 244 215 46 25 44 116 99 182 121 87 29 42 136 223 191 95 61 185 195 51 69 164 88 168 234 120 216 53 33 196 149 177 45 157 238 41 140 245 114 144 167 118 
268 : 187 50 232 160 218 192 31 200 143 199 82 56 116 236 186 95 249 28 40 30 43 178 117 189 172 238 128 131 142 214 68 180 245 155 77 223 206 140 67 
269 : 70 119 225 156 211 125 46 235 49 220 31 76 93 204 229 122 152 108 115 191 112 136 153 135 95 238 66 174 86 207 151 87 163 231 162 97 30 121 74 29 154 215 75 200 142 
270 : 166 85 225 184 114 115 209 134 73 54 241 131 167 156 201 222 213 123 181 50 223 55 86 147 188 220 92 120 37 232 212 233 210 144 109 174 203 228 200 141 249 74 28 111 229 71 106 119 243 163 
271 : 100 172 131 175 237 59 197 87 223 109 116 222 76 178 236 141 120 201 170 165 38 221 151 28 153 54 47 51 179 63 154 93 150 61 226 135 26 143 67 234 184 157 215 83 65 107 30 216 182 129 127 203 73 29 43 27 125 187 149 137 136 40 74 84 124 
272 : 92 179 183 153 219 38 182 231 131 83 212 120 225 64 210 49 188 243 159 230 171 63 50 160 203 139 67 240 46 201 110 54 192 103 206 189 232 220 215 
273 : 36 189 88 73 161 123 89 33 147 145 183 193 166 156 126 214 29 210 62 185 105 155 150 245 174 27 41 208 240 170 109 38 144 93 211 56 181 137 171 151 68 53 188 119 
274 : 61 153 188 70 214 45 248 242 108 91 164 104 131 67 225 31 151 169 237 183 33 102 113 44 181 145 216 177 69 46 
275 : 68 176 49 180 153 211 179 30 184 82 240 146 127 45 120 123 177 215 112 230 115 118 241 208 35 137 161 51 38 138 126 236 113 80 90 246 83 124 25 70 114 97 46 149 91 60 103 47 199 206 169 116 201 231 84 131 88 207 172 102 224 171 
276 : 226 67 153 83 219 26 243 46 199 114 147 58 231 54 62 90 249 136 177 202 119 117 217 206 51 170 135 100 176 245 187 222 69 79 162 115 59 30 149 33 237 145 94 48 133 74 227 165 221 110 130 144 214 39 169 190 63 185 42 230 
277 : 54 232 151 203 122 50 58 234 188 82 209 145 40 233 236 244 87 105 128 230 165 170 154 81 62 182 206 139 179 132 184 68 93 53 74 
278 : 100 157 93 89 174 84 231 122 88 183 46 128 37 178 161 25 159 82 172 62 106 206 34 131 47 247 197 193 144 96 65 99 64 205 147 233 29 101 235 225 36 224 91 50 200 237 226 199 26 209 212 121 192 190 179 240 230 30 238 
279 : 154 182 189 167 206 179 208 125 231 44 194 98 177 95 78 181 183 217 130 195 115 116 222 73 57 51 97 120 33 80 126 202 63 240 37 192 241 59 143 174 147 102 185 221 58 134 79 137 48 201 76 62 
280 : 88 55 158 30 138 200 169 199 36 179 248 94 108 194 147 124 50 26 237 92 221 45 86 101 46 
281 : 167 247 74 41 62 137 103 53 43 97 145 219 221 115 174 131 48 139 180 151 240 208 93 42 112 106 181 104 84 33 179 160 
282 : 153 164 44 27 60 207 70 155 166 64 88 194 158 74 169 239 63 122 73 195 180 179 205 140 215 132 198 35 110 138 175 94 118 244 240 225 134 58 145 68 137 83 100 152 133 77 221 102 142 219 211 84 212 167 38 217 189 115 49 231 
283 : 31 229 246 167 213 107 49 185 206 241 52 124 188 123 179 28 214 95 36 26 178 184 235 106 196 86 238 245 45 50 46 231 181 85 58 115 29 83 136 134 225 118 70 195 170 39 160 189 112 137 74 126 78 161 76 77 110 200 164 102 63 
284 : 105 198 248 174 100 154 146 57 223 227 135 197 49 221 209 32 217 172 70 220 54 176 42 109 169 211 93 195 46 164 74 138 166 39 132 200 228 41 97 59 110 168 141 
285 : 56 239 177 139 57 118 173 72 129 245 199 49 96 225 160 122 189 216 249 197 208 150 233 204 207 114 136 196 29 61 209 181 134 155 69 247 138 46 200 50 71 58 218 
286 : 99 190 118 168 145 200 60 128 150 185 196 209 216 175 116 226 246 181 186 39 163 107 71 193 44 89 243 241 158 195 189 136 108 217 79 167 174 
287 : 106 120 150 54 210 144 35 97 99 137 178 231 70 183 143 134 31 176 32 126 203 89 94 82 162 
288 : 112 59 142 57 103 106 217 96 200 35 38 88 223 108 209 179 83 159 28 186 152 69 135 154 109 158 151 169 244 44 216 176 91 48 213 104 175 239 207 155 229 183 117 
289 : 31 141 77 36 61 206 26 218 205 189 207 176 35 130 199 38 40 120 244 182 28 89 150 109 121 139 41 146 155 154 99 81 73 171 215 219 107 223 162 226 67 33 74 184 87 142 161 179 216 134 
290 : 164 39 84 244 72 120 93 37 119 122 114 113 48 189 150 65 97 106 94 195 57 89 172 203 176 62 95 234 193 109 118 248 225 166 170 221 237 179 207 101 236 36 220 105 173 67 161 
291 : 217 152 62 199 127 215 105 89 32 98 102 158 161 223 122 52 134 45 104 232 95 31 60 208 147 63 125 153 200 185 141 
