0 : 29 110 237 139 178 134 230 66 127 243 36 72 200 73 145 162 92 89 161 210 50 207 209 117 175 75 240 100 164 39 143 
1 : 220 95 178 154 234 36 212 33 224 199 170 238 103 164 244 163 142 217 136 66 200 193 182 51 190 37 240 86 187 137 56 228 68 83 90 167 179 213 198 105 233 207 122 150 222 147 195 89 42 111 74 214 169 181 221 125 249 
2 : 126 82 247 49 135 90 51 175 96 170 95 70 229 246 243 241 85 199 46 37 140 210 183 64 58 234 240 27 150 171 79 147 235 218 84 72 25 231 89 77 54 195 108 
3 : 41 151 235 50 71 139 98 112 191 194 172 214 227 217 96 206 203 110 114 224 185 30 230 152 128 188 86 163 134 221 225 141 111 155 89 65 43 176 197 32 169 66 58 204 249 94 158 175 146 162 199 39 46 174 103 84 219 145 28 93 182 238 209 97 
4 : 108 207 98 37 148 167 73 97 175 134 184 43 50 119 226 236 205 76 74 197 138 141 240 231 29 111 80 128 199 244 67 222 113 142 55 121 158 96 200 165 245 223 190 204 79 106 112 228 94 220 155 77 160 25 92 169 103 136 86 38 214 
5 : 50 215 236 163 89 204 76 164 106 101 42 205 52 234 202 84 199 128 46 44 39 27 197 223 226 102 238 133 212 165 211 175 51 31 119 166 195 91 148 194 127 140 112 219 53 190 229 57 149 
6 : 153 215 65 31 89 180 179 49 38 77 193 198 246 130 242 35 79 171 119 189 226 111 224 220 94 216 26 172 53 132 141 83 72 44 103 46 144 165 163 113 168 71 28 125 146 78 75 41 236 25 34 169 156 70 211 210 106 203 120 182 185 
7 : 162 189 165 224 161 154 178 68 152 49 130 228 148 37 55 231 135 153 47 187 93 91 52 98 62 113 90 103 77 139 245 133 109 143 88 142 249 222 230 70 92 
8 : 145 137 73 172 129 78 244 211 185 203 134 93 39 193 230 68 130 71 126 216 85 231 44 66 79 220 131 247 221 63 167 70 61 25 48 150 117 29 165 94 249 33 106 36 67 149 92 223 31 171 204 143 151 87 124 
9 : 172 39 202 246 167 161 199 32 66 112 239 139 108 157 116 70 229 67 152 86 82 212 196 100 135 46 28 87 232 201 121 191 241 41 92 218 83 214 64 34 171 60 68 101 195 57 63 74 158 127 138 213 
10 : 163 42 90 107 112 202 193 66 60 203 115 138 43 162 176 185 135 144 227 117 99 181 228 97 160 150 206 123 147 40 156 149 74 64 169 
11 : 235 62 155 190 236 30 89 237 209 246 226 189 159 199 148 60 51 142 87 170 32 59 128 52 102 248 38 96 227 244 249 80 145 117 174 26 91 141 146 218 168 150 58 229 162 67 171 232 242 47 71 
12 : 145 169 221 104 213 25 39 243 90 37 187 74 131 98 63 126 215 202 54 155 219 46 224 36 204 163 132 91 121 140 159 249 241 236 246 130 218 86 78 118 239 76 181 193 191 27 73 84 146 79 245 223 80 216 35 149 164 
13 : 71 53 89 187 235 48 168 141 179 186 181 144 151 140 238 64 136 123 185 225 154 129 163 67 99 157 213 247 80 248 95 176 114 133 137 25 171 31 197 44 218 204 142 88 201 234 101 46 55 78 107 120 148 34 216 158 159 81 193 
14 : 142 203 154 225 82 104 218 105 196 83 131 81 143 186 234 99 235 227 162 177 245 193 207 113 59 103 176 127 213 201 79 33 160 144 166 171 27 148 49 147 140 150 133 156 248 236 209 71 70 138 139 114 232 219 229 181 233 84 198 116 94 
15 : 193 83 244 214 222 143 74 37 56 84 236 184 45 200 129 181 132 145 111 177 117 147 196 187 78 225 120 149 61 49 192 
16 : 204 202 28 215 82 145 228 100 67 42 95 41 52 46 43 130 159 233 222 175 179 38 40 122 235 31 153 30 78 208 248 57 170 198 206 244 90 152 176 101 77 243 141 214 172 183 35 182 227 84 73 160 205 194 193 239 135 
17 : 88 218 162 86 115 244 157 191 126 100 34 220 83 184 129 231 143 98 138 121 116 155 223 40 59 187 167 208 119 199 213 206 124 
18 : 108 126 69 71 183 179 184 178 99 153 208 115 50 102 162 43 188 194 75 228 247 249 68 174 233 191 148 216 186 214 190 176 63 199 154 160 145 
19 : 145 152 26 207 217 56 118 100 76 187 117 103 189 57 239 53 74 68 85 204 97 92 66 222 75 149 237 87 64 102 79 158 143 136 61 55 178 91 171 107 185 193 249 191 
20 : 143 239 224 119 58 181 132 138 54 66 95 201 48 209 148 227 29 162 160 39 90 194 182 76 193 115 161 211 68 202 149 26 85 63 243 53 157 229 
21 : 54 129 72 46 96 140 211 98 40 50 196 171 101 237 175 78 95 133 193 37 219 34 197 56 157 107 201 45 74 27 137 57 185 109 207 223 172 104 170 51 163 154 77 
22 : 180 50 123 132 106 48 147 40 116 205 82 237 177 77 81 244 137 179 195 36 211 216 136 213 111 175 119 148 184 155 245 166 35 197 196 248 170 91 71 174 189 39 172 167 209 156 164 217 53 95 64 159 29 171 121 108 65 
23 : 52 36 185 81 117 169 146 167 42 123 172 68 118 65 241 55 107 200 143 108 230 58 94 127 142 206 248 126 202 223 69 76 239 212 174 33 86 116 194 231 136 133 71 246 111 193 157 225 203 183 113 210 204 122 199 132 222 181 131 29 140 32 
24 : 25 80 248 104 242 177 186 119 117 58 70 31 83 164 141 216 234 217 56 38 65 167 114 77 206 54 239 123 63 103 57 74 124 211 241 110 137 51 198 147 214 68 86 113 244 102 44 112 89 158 199 
25 : 51 86 152 127 65 97 66 224 130 96 27 170 174 169 201 128 159 111 202 164 209 218 41 200 95 165 
26 : 219 134 100 240 42 56 59 88 234 229 91 127 38 244 198 132 58 144 102 125 119 189 199 66 122 183 71 34 112 166 67 221 192 79 242 247 49 188 63 80 231 151 
27 : 70 170 134 182 87 177 155 154 85 186 188 213 37 125 46 191 45 183 163 69 199 221 129 29 225 144 55 95 159 118 237 165 91 233 241 99 79 218 220 153 201 167 133 172 33 215 51 206 53 189 25 240 82 90 42 48 184 130 
28 : 115 57 107 25 158 70 61 112 194 172 37 121 128 210 140 89 154 137 238 36 181 175 114 87 170 155 202 30 55 95 164 165 184 179 118 244 109 
29 : 71 123 133 49 246 247 193 136 173 113 100 239 61 115 172 192 118 213 145 70 231 230 139 164 53 50 221 56 60 76 
30 : 44 141 103 36 228 204 37 225 100 215 180 115 162 45 229 221 33 32 54 136 183 226 233 119 53 237 217 190 
31 : 50 171 193 129 36 96 85 115 101 150 218 161 231 112 126 40 94 200 65 207 137 86 134 222 25 110 42 228 197 31 138 158 32 77 117 153 160 248 203 234 93 182 57 43 219 33 229 188 69 240 215 135 155 140 159 78 118 204 28 152 39 
32 : 75 110 34 126 191 148 86 62 175 167 66 190 35 186 38 69 80 63 205 153 225 70 161 27 36 218 121 208 96 128 184 122 98 112 194 216 147 238 244 57 102 173 249 132 146 99 43 93 
33 : 39 169 78 40 205 94 48 87 79 112 249 96 106 67 139 173 234 232 99 149 56 181 237 206 167 
34 : 202 79 155 30 160 205 110 99 190 133 103 92 43 243 196 164 94 119 32 149 228 131 31 198 150 122 238 163 
35 : 193 79 164 33 95 233 227 90 43 228 182 234 142 221 237 239 103 51 229 168 224 143 39 92 123 172 167 30 138 180 174 166 94 206 70 203 121 63 169 68 113 183 109 55 77 213 185 219 112 53 160 188 40 26 107 159 102 158 
36 : 226 156 27 50 172 56 198 115 62 130 209 218 48 88 187 94 119 31 205 32 105 40 174 121 150 59 69 47 53 63 45 207 114 131 57 246 142 157 99 61 
37 : 125 129 156 200 104 36 48 98 66 99 147 108 82 183 56 178 69 119 143 168 58 223 233 35 160 111 142 88 95 136 176 169 195 77 237 91 112 80 73 224 217 182 78 193 31 75 
38 : 107 45 69 247 211 178 138 213 166 149 210 245 39 101 182 122 89 186 167 171 228 100 126 110 183 205 230 163 221 159 181 248 145 158 49 29 
39 : 140 221 104 43 156 244 242 98 124 148 187 228 178 245 61 95 45 127 225 188 68 212 66 51 38 39 155 113 202 27 114 42 181 182 99 158 120 102 107 67 96 162 40 91 100 204 232 170 32 229 25 177 144 75 129 190 125 26 
40 : 137 233 91 189 106 54 142 108 200 163 123 51 29 204 87 186 58 195 70 160 102 245 144 75 215 221 119 105 73 139 42 128 240 184 55 
41 : 150 33 129 225 222 124 75 58 203 63 84 189 132 42 186 229 106 55 116 176 67 160 34 127 170 66 123 155 237 206 43 100 31 89 120 156 242 60 114 228 207 27 25 224 208 193 200 173 91 204 191 245 247 119 246 122 183 195 26 68 59 85 
42 : 153 38 129 224 116 187 164 35 240 69 231 50 192 57 26 234 235 242 107 72 66 54 248 179 75 175 169 142 76 206 43 88 
43 : 120 155 179 57 156 39 231 222 47 72 196 245 126 142 149 45 141 173 181 26 212 37 35 206 102 217 93 146 143 75 211 84 116 117 40 249 60 124 66 199 88 169 123 241 247 203 
44 : 121 213 189 37 130 227 97 143 26 35 109 62 52 247 126 215 129 200 118 205 128 154 50 210 125 27 190 151 224 186 161 102 119 248 204 155 
45 : 29 212 43 131 153 31 27 163 164 128 67 195 205 75 78 63 224 80 127 207 61 184 68 202 132 230 38 
46 : 116 176 112 31 196 198 66 159 231 68 163 156 52 69 190 240 48 161 29 169 185 233 121 42 113 46 51 170 
47 : 107 96 32 182 50 186 130 237 154 41 111 206 219 72 133 97 109 118 78 126 123 224 181 150 66 129 106 179 29 210 63 89 138 27 117 30 
48 : 145 41 89 218 62 231 26 60 204 225 246 143 170 147 76 172 240 110 96 198 55 223 54 65 116 79 46 64 238 156 120 177 151 130 190 168 107 102 118 128 176 213 164 27 232 182 61 31 235 154 131 124 214 141 70 123 
49 : 73 75 60 247 142 123 106 187 134 48 119 157 25 207 202 168 131 185 132 99 72 180 246 126 93 144 52 148 127 55 68 225 176 112 95 53 234 26 206 102 101 105 43 215 31 46 230 231 208 196 219 245 
50 : 141 89 104 185 133 46 164 233 217 142 110 81 37 219 66 102 118 150 245 179 121 115 194 117 191 138 129 175 170 240 32 128 125 135 
51 : 178 117 197 177 132 83 209 198 210 95 237 34 38 245 121 194 42 100 126 35 190 219 81 115 249 217 64 109 50 164 225 45 181 156 106 191 203 84 170 99 222 148 243 239 70 101 129 138 73 195 167 110 98 90 215 213 204 211 244 
52 : 175 106 133 46 211 137 221 101 187 177 36 194 199 236 145 58 73 95 237 92 156 79 171 222 168 37 48 219 126 61 65 53 230 136 97 223 184 234 196 41 135 72 62 31 
53 : 115 106 89 206 207 54 70 51 216 214 141 114 91 139 104 215 26 83 128 177 82 99 196 81 229 98 103 57 32 136 159 56 190 249 137 163 69 225 58 100 240 248 151 
54 : 114 174 125 191 29 134 107 86 146 163 140 132 69 238 213 65 160 164 185 120 74 61 43 192 203 97 181 239 141 27 138 205 133 124 104 150 142 136 143 92 71 167 157 
55 : 94 60 37 155 28 102 227 74 183 208 88 153 58 59 243 47 190 213 132 230 95 109 133 123 43 186 124 164 135 113 210 159 
56 : 132 97 69 45 77 109 34 120 41 47 234 214 190 159 211 86 235 231 33 44 129 246 193 230 100 171 222 239 84 146 165 27 50 90 143 191 241 67 187 232 238 173 43 224 155 198 36 35 53 
57 : 186 149 163 210 45 69 57 154 28 107 127 180 44 224 86 123 73 77 108 242 121 88 94 237 106 126 
58 : 65 39 55 194 104 187 178 50 106 215 108 97 119 231 173 95 122 70 167 233 236 207 99 172 56 206 105 228 31 111 140 217 
59 : 205 167 105 204 43 130 60 140 223 48 173 136 146 72 26 159 125 58 160 107 145 113 101 238 126 109 141 52 49 91 134 103 207 153 71 122 197 67 92 239 232 147 172 206 217 199 182 
60 : 171 249 243 54 116 91 199 207 151 177 232 55 75 63 218 87 71 248 181 120 45 146 109 108 157 210 179 194 196 245 77 
61 : 195 163 110 134 241 199 128 196 101 97 84 48 173 167 242 139 34 169 165 205 30 212 219 123 191 93 152 178 121 237 213 168 221 122 83 
62 : 119 238 131 34 91 247 144 116 41 124 162 26 223 97 176 82 234 224 95 25 78 75 39 42 165 112 113 178 161 114 214 229 241 185 169 135 203 191 179 47 145 72 143 239 98 146 86 
63 : 240 155 144 151 110 99 66 156 34 51 145 78 94 195 170 152 86 57 161 206 241 196 63 98 158 178 215 82 180 70 222 79 130 187 75 216 186 231 
64 : 49 158 221 164 113 200 247 154 188 65 242 212 231 170 94 35 148 56 238 38 144 172 78 125 205 29 244 79 192 57 105 157 70 30 173 182 96 184 145 139 215 107 86 129 150 146 99 85 110 76 64 206 149 37 239 
65 : 215 242 46 74 186 130 142 210 52 143 208 45 35 236 177 171 202 240 34 65 151 220 121 67 54 85 153 104 165 
66 : 169 242 69 101 175 168 96 182 79 215 188 40 67 25 241 34 131 28 237 218 54 155 65 97 178 112 44 30 228 111 217 180 146 56 173 184 36 138 46 33 52 43 95 200 219 229 53 224 73 
67 : 129 167 135 197 165 81 134 132 38 180 62 42 246 110 123 176 188 70 51 39 149 126 240 89 94 178 172 174 88 83 177 26 241 41 57 104 95 87 93 
68 : 71 150 107 216 111 42 128 116 89 187 244 83 55 172 165 91 39 79 84 177 232 185 157 92 242 94 131 30 213 69 167 218 64 123 186 
69 : 161 158 223 201 236 106 187 179 182 168 47 206 127 231 96 164 36 237 166 134 49 27 197 139 169 102 202 109 97 146 94 75 151 165 54 124 229 232 87 130 113 142 48 115 203 65 116 82 50 153 28 245 176 111 86 120 83 126 
70 : 93 145 242 199 91 161 152 245 102 188 49 71 139 64 173 241 97 128 82 150 146 81 69 105 94 56 53 158 186 215 212 206 51 238 111 92 85 159 36 142 37 39 33 114 101 196 96 
71 : 111 78 57 248 28 140 139 106 79 193 171 68 180 144 72 119 246 189 73 30 192 126 239 77 138 27 174 224 141 177 29 89 137 216 129 217 249 235 190 45 199 160 198 191 222 232 70 227 35 108 88 244 212 51 218 83 240 115 75 134 162 43 
72 : 63 78 246 98 208 220 40 229 33 114 69 172 139 52 44 235 61 203 68 136 225 147 42 107 154 28 66 130 116 142 153 36 211 32 86 93 41 55 160 199 210 124 96 169 226 122 179 232 101 215 140 92 37 99 186 212 62 137 
73 : 163 241 142 193 119 63 165 31 93 214 236 104 50 244 54 74 225 133 203 229 208 58 73 107 114 222 167 158 227 57 60 182 110 216 108 112 161 
74 : 45 231 197 232 202 185 246 162 188 84 101 175 215 68 65 78 116 49 233 99 115 105 155 95 90 158 241 187 80 69 44 147 94 28 173 
75 : 241 177 223 247 124 134 242 111 59 41 144 115 105 78 63 130 201 234 198 249 237 109 136 208 56 169 64 235 98 85 114 81 164 
76 : 62 174 210 169 121 189 26 206 59 166 193 237 45 249 123 127 110 142 192 164 241 231 100 234 93 122 89 52 29 202 58 41 117 158 112 199 178 73 97 154 103 134 44 91 244 238 69 
77 : 45 41 98 207 99 139 185 229 163 79 137 180 60 233 211 219 63 141 94 129 217 142 169 230 134 39 108 191 151 161 65 43 249 127 132 
78 : 64 128 185 26 184 223 97 175 171 169 111 207 229 99 104 143 114 233 147 96 33 214 50 92 52 80 219 242 72 54 65 209 62 199 181 188 193 39 101 116 167 153 59 
79 : 164 44 32 176 88 146 106 55 153 154 202 191 70 112 105 190 80 241 67 217 116 98 26 137 169 156 231 177 100 79 242 71 223 115 155 143 34 226 221 59 205 40 109 239 248 50 75 131 216 134 247 129 117 110 
80 : 188 194 82 92 96 114 81 155 49 243 249 213 30 189 28 70 62 57 93 173 171 127 51 141 75 224 156 161 56 184 113 158 60 79 212 207 164 143 88 83 186 223 48 197 110 63 33 247 226 115 87 138 175 169 76 59 168 74 34 202 
81 : 104 221 189 215 143 199 121 177 45 158 78 162 105 144 70 77 139 89 111 119 235 59 39 47 228 164 37 44 152 76 212 197 214 187 73 97 167 107 64 226 
82 : 58 112 25 203 190 33 221 69 70 233 167 157 49 172 72 248 68 229 92 50 143 45 46 215 113 102 224 210 178 226 205 194 36 
83 : 118 68 201 186 85 27 48 62 212 43 137 82 172 239 240 161 174 169 205 234 245 190 148 129 202 175 31 219 158 154 166 193 98 113 70 246 220 83 52 51 133 183 188 195 128 
84 : 143 146 211 25 40 72 243 222 165 111 239 233 205 98 152 131 115 66 138 139 38 206 203 135 59 54 236 
85 : 73 44 187 55 227 117 66 110 33 50 173 226 233 194 229 156 225 144 249 69 71 27 223 158 139 87 164 196 109 114 185 124 
86 : 145 89 127 181 59 39 150 197 204 53 188 81 162 245 213 248 208 78 168 46 86 249 93 226 146 242 28 139 66 113 102 157 231 92 160 43 40 195 95 55 138 142 85 164 50 96 25 172 129 135 183 110 125 147 57 132 
87 : 30 44 70 69 235 94 161 224 83 121 233 100 222 175 128 130 238 50 216 169 101 159 178 205 37 217 73 171 99 228 120 56 46 248 48 202 206 104 125 41 61 97 184 
88 : 54 106 183 113 131 246 120 42 225 195 48 41 132 93 145 80 40 160 228 69 170 38 148 25 209 129 157 241 163 139 205 242 55 186 
89 : 42 142 249 117 238 87 36 234 90 83 98 187 141 226 127 101 44 40 135 84 242 102 199 169 227 81 59 175 54 95 119 180 168 165 57 233 91 184 103 137 201 32 232 100 247 51 62 161 124 
90 : 39 46 191 37 111 211 114 154 121 118 80 132 168 147 228 148 97 32 179 112 217 88 63 170 136 227 65 215 237 45 128 232 208 160 244 178 48 31 239 157 216 139 230 162 50 131 110 
91 : 78 164 93 239 200 156 158 56 210 172 146 136 144 152 90 94 31 85 138 237 159 96 62 190 43 126 47 114 60 149 189 192 
92 : 241 240 198 160 98 237 48 176 143 26 153 228 65 125 201 196 39 56 28 47 101 94 123 25 245 156 103 83 57 183 209 191 192 216 96 189 89 38 114 210 54 127 236 61 71 179 181 152 92 190 137 246 170 239 219 199 235 
93 : 168 159 237 162 101 164 132 216 98 226 192 214 184 147 55 222 54 135 148 82 77 142 134 125 239 131 
94 : 145 59 222 208 83 187 199 197 237 54 204 234 102 227 43 117 103 185 35 217 92 166 38 78 238 55 213 76 150 206 147 90 41 188 180 158 179 30 125 190 26 68 49 202 48 104 79 27 151 178 39 246 200 195 108 122 73 97 96 37 196 
95 : 28 56 201 41 167 61 208 123 39 244 216 168 135 212 92 230 184 179 205 177 60 88 178 144 118 111 218 94 217 197 134 165 192 48 
96 : 175 86 220 91 166 202 224 174 155 32 139 171 27 93 53 151 148 99 130 221 29 167 102 164 238 92 89 137 62 80 242 203 209 
97 : 110 172 227 103 137 224 113 124 27 178 129 148 139 248 62 215 30 192 239 155 133 186 83 136 236 241 196 149 202 99 34 109 217 67 38 182 221 39 219 96 36 50 125 193 95 207 70 64 104 177 65 105 226 190 201 
98 : 48 206 29 128 129 98 241 127 227 162 91 85 219 114 198 96 99 120 121 242 73 113 175 179 61 58 
99 : 40 151 246 72 59 239 145 216 75 58 230 87 50 144 69 185 93 176 138 70 124 86 238 32 182 191 95 167 140 106 77 166 158 211 119 83 228 171 132 27 175 190 116 108 135 188 114 226 223 82 39 88 131 136 198 65 
100 : 97 210 165 229 93 167 227 94 220 122 115 183 180 157 202 190 133 223 121 187 207 86 95 117 242 107 66 78 164 29 80 244 53 37 54 120 155 179 236 151 129 114 208 119 104 81 230 163 149 45 106 158 76 215 195 44 111 71 148 224 27 132 193 131 
101 : 142 56 81 140 89 124 131 109 48 122 107 35 78 105 246 110 234 244 136 25 183 235 54 101 41 138 87 242 112 132 146 84 60 156 187 119 65 39 63 51 66 114 
102 : 122 52 140 153 63 181 178 183 87 72 51 197 207 240 84 152 27 108 67 245 212 225 65 93 229 47 75 243 92 124 249 186 113 200 134 228 50 218 239 244 61 112 
103 : 145 205 109 151 119 182 27 75 156 90 198 210 164 128 215 86 212 108 150 214 117 87 78 200 58 142 68 192 133 203 155 80 84 247 98 61 123 102 232 143 144 241 115 134 154 
104 : 145 127 124 46 48 221 197 214 108 147 217 45 126 198 88 44 185 102 67 92 207 184 120 167 174 191 40 81 163 101 171 222 74 91 138 227 164 83 153 110 118 170 192 249 165 201 104 77 234 135 203 152 47 95 114 70 111 243 
105 : 180 56 203 240 114 247 158 102 37 136 222 94 248 144 160 92 58 81 124 41 239 161 193 205 230 176 82 148 85 243 213 191 63 164 70 135 140 119 162 91 101 235 42 25 76 88 104 244 132 234 131 110 106 38 169 120 
106 : 194 85 93 240 122 127 206 104 28 64 141 178 150 106 210 41 59 109 119 232 62 239 100 148 221 188 103 43 69 90 71 196 131 75 67 187 183 63 233 227 45 76 156 180 135 245 70 169 193 83 203 231 88 161 177 37 166 82 
107 : 67 211 230 39 216 34 72 114 164 198 203 31 145 222 206 214 126 194 105 134 217 151 123 71 229 142 65 58 236 218 141 195 129 192 101 77 132 89 193 50 107 62 92 48 41 59 139 55 100 150 70 202 166 181 61 182 226 40 87 223 98 130 201 234 
108 : 139 94 52 186 114 75 107 246 79 198 26 224 183 197 120 164 39 84 209 230 176 98 112 83 207 175 85 148 45 119 174 159 74 31 173 210 34 54 110 152 151 195 77 73 
109 : 122 213 190 68 26 191 238 245 99 184 244 215 162 246 64 208 173 55 50 34 82 37 223 240 129 74 52 224 59 216 220 45 185 209 188 198 230 41 135 158 197 116 100 44 225 30 94 
110 : 163 176 215 66 89 235 207 140 185 56 146 99 104 123 135 59 225 166 107 192 138 52 75 57 101 26 49 
111 : 230 40 136 53 95 149 187 143 219 192 134 160 107 74 179 70 167 59 98 32 27 56 175 84 154 218 221 44 121 235 80 140 87 123 133 249 57 60 223 174 199 120 166 62 227 158 139 135 63 54 210 86 163 
112 : 154 175 97 204 101 35 181 82 63 57 131 77 142 42 203 148 218 29 133 173 170 46 172 54 66 182 25 125 237 238 197 207 143 62 229 132 95 176 113 
113 : 142 75 143 169 98 196 26 180 28 100 88 130 202 79 46 31 113 57 230 210 96 67 32 222 185 
114 : 229 58 91 240 99 224 144 105 155 249 52 82 63 139 106 173 236 177 33 38 61 199 203 96 198 
115 : 122 231 215 189 241 97 66 86 150 199 220 79 94 100 96 78 55 166 71 144 130 149 238 183 142 57 213 83 120 159 76 81 195 87 239 176 121 190 240 139 74 124 170 206 40 163 68 38 101 
116 : 26 81 117 225 83 112 141 246 84 67 132 153 69 107 76 235 37 196 239 85 138 72 124 220 189 99 78 176 190 56 184 75 247 144 59 211 167 221 77 195 152 40 224 181 25 160 92 127 243 191 58 143 158 45 119 52 44 122 80 64 100 86 226 203 
117 : 125 139 204 160 184 150 128 60 211 119 66 145 155 67 152 235 172 197 222 80 40 52 220 187 70 205 146 142 159 201 239 82 189 37 101 33 237 57 55 103 78 31 163 81 217 246 215 48 117 227 61 56 176 102 223 120 191 193 179 180 183 168 49 
118 : 207 245 69 204 117 59 202 238 166 34 224 173 66 129 200 33 213 48 114 88 168 80 174 89 102 203 50 136 199 99 90 225 43 98 159 128 
119 : 54 189 230 27 61 128 178 240 91 188 88 192 161 60 234 69 181 84 146 247 212 92 153 68 150 158 129 28 170 59 172 159 85 209 34 221 122 66 62 193 199 196 114 168 80 220 131 82 39 57 50 43 133 246 175 48 
120 : 70 119 172 128 173 229 239 28 190 215 164 209 130 179 218 170 205 206 116 137 85 174 127 48 136 222 247 60 69 31 186 198 44 176 75 27 121 66 30 88 203 220 111 166 181 91 
121 : 179 200 43 247 124 187 37 244 232 100 159 222 243 176 72 38 88 241 199 79 130 150 119 108 62 42 107 158 
122 : 67 242 142 160 74 209 109 157 235 243 246 122 211 171 57 186 241 234 197 179 121 48 213 141 86 244 159 65 232 206 156 143 229 222 99 181 215 33 238 218 63 42 62 177 107 119 152 237 89 135 69 162 207 112 219 34 114 216 51 214 
123 : 209 125 158 108 154 171 52 145 70 83 182 242 65 195 43 93 45 54 86 213 41 160 130 239 136 73 170 71 243 187 179 35 40 84 95 94 56 103 28 232 79 184 139 68 246 233 51 
124 : 67 150 62 171 70 194 151 224 213 231 60 214 102 86 127 116 157 132 209 55 138 105 221 147 124 142 33 226 159 115 233 50 38 246 201 229 216 141 
125 : 73 28 217 69 101 172 186 195 35 202 123 246 211 233 31 47 167 90 212 95 201 244 191 77 71 141 208 
126 : 152 92 226 224 220 150 237 42 175 131 193 157 180 236 206 52 39 153 132 158 34 222 233 241 49 162 209 182 155 116 234 41 
127 : 138 68 210 204 245 143 237 140 46 198 42 194 168 164 44 110 191 184 248 142 246 222 135 183 98 217 92 131 101 239 100 25 182 94 146 197 91 83 195 51 149 111 90 170 
128 : 44 139 161 71 58 51 95 249 61 162 65 90 204 96 25 199 66 124 207 182 42 166 67 226 219 213 33 157 197 45 236 39 235 104 210 114 99 107 26 82 172 102 202 196 76 37 55 34 121 36 169 175 181 214 216 
129 : 47 143 103 238 180 187 96 177 226 28 85 41 189 218 161 195 39 102 129 79 223 44 136 71 204 153 167 148 174 67 
130 : 139 48 29 230 173 238 43 57 194 112 63 200 224 108 175 113 82 89 71 101 164 227 160 174 122 144 
131 : 143 48 223 140 129 187 84 208 245 247 185 235 104 91 59 221 63 36 71 67 175 26 153 226 162 82 68 127 237 
132 : 233 59 215 230 103 29 53 113 150 227 107 87 42 141 131 138 129 90 122 209 162 37 57 56 221 196 101 
133 : 74 126 125 220 108 157 118 228 112 197 149 89 203 148 57 243 177 248 159 212 206 128 104 51 113 158 137 131 68 
134 : 143 66 202 44 247 188 45 33 40 192 101 144 122 223 62 48 170 139 130 241 211 117 110 34 171 65 217 82 70 172 159 115 242 121 75 141 239 167 203 
135 : 40 82 249 204 27 78 153 178 89 168 164 236 219 166 130 174 56 114 107 119 112 113 195 217 228 76 233 120 147 122 
136 : 215 133 236 216 120 117 170 239 187 42 176 177 135 139 100 31 185 114 106 27 78 227 213 36 111 98 75 184 83 73 198 210 76 174 244 209 201 71 163 96 47 124 231 86 77 30 
137 : 155 114 62 244 135 170 117 132 201 143 240 68 189 120 246 27 29 99 67 115 101 216 203 136 79 138 107 233 28 245 142 163 167 175 25 171 191 156 43 105 164 229 54 116 228 31 223 37 61 192 141 200 204 
138 : 158 197 95 243 195 117 35 112 121 86 240 81 156 187 185 92 235 27 144 130 183 65 42 208 80 110 77 138 167 34 219 28 226 48 193 151 247 231 62 162 79 166 127 32 84 164 93 184 108 176 204 165 53 182 66 163 
139 : 205 180 247 248 229 159 145 161 79 150 179 80 148 40 249 144 129 57 63 118 94 198 105 174 102 218 153 116 78 188 104 242 231 113 171 163 28 66 151 100 244 126 213 111 52 106 61 34 69 135 133 72 50 59 227 211 64 128 191 107 83 
140 : 221 167 171 60 201 195 124 211 101 123 45 98 188 87 210 165 215 239 175 110 190 100 246 220 29 49 25 116 89 151 68 53 138 92 204 244 176 174 186 225 32 196 197 103 88 154 
141 : 26 225 70 111 181 153 31 238 54 36 130 133 59 218 40 91 32 188 117 29 209 167 75 66 235 200 
142 : 153 187 120 219 201 80 141 31 205 175 232 145 199 39 87 50 200 54 203 105 246 49 125 34 47 101 108 225 184 179 134 170 95 169 162 229 93 61 218 133 197 85 128 33 214 27 51 138 79 41 147 176 
143 : 113 61 50 248 41 214 44 52 181 152 149 89 146 124 132 173 77 170 205 95 82 116 246 103 36 73 51 68 80 169 60 229 45 171 63 156 128 193 166 31 207 194 98 34 78 213 178 70 157 238 184 
144 : 113 198 64 28 59 65 159 220 87 178 150 48 214 161 172 169 232 81 179 136 183 187 142 98 193 145 247 170 242 239 78 76 126 58 173 117 238 237 83 137 180 91 157 42 167 70 241 224 25 133 186 236 44 181 
145 : 101 192 42 167 226 218 58 118 170 26 79 119 231 212 215 47 56 33 235 34 46 152 190 238 187 189 48 148 229 62 127 130 140 163 95 145 27 153 41 142 179 143 124 116 214 188 208 200 97 87 128 126 248 76 247 
146 : 209 175 57 77 76 103 234 223 161 200 133 140 184 80 35 116 146 180 138 227 171 136 75 160 100 134 85 179 205 47 43 216 168 159 49 189 45 96 148 154 201 113 118 142 220 106 81 111 248 88 165 246 62 34 188 
147 : 209 97 198 31 177 124 245 34 187 60 206 240 205 91 107 52 116 100 68 120 188 168 181 165 76 77 56 99 175 207 63 146 213 88 220 183 61 114 109 93 92 66 89 150 141 130 79 218 217 131 
148 : 177 92 54 104 132 181 61 71 237 235 42 46 206 168 143 205 171 123 77 242 243 210 247 169 176 142 175 31 32 33 211 141 114 200 65 68 58 219 70 
149 : 100 117 131 132 78 230 121 79 172 244 223 213 232 174 236 71 217 112 92 144 81 160 177 64 208 114 130 65 248 33 94 31 222 125 68 74 182 43 203 46 183 205 181 54 42 32 175 198 126 147 93 242 40 
150 : 116 206 52 94 205 36 31 110 88 130 120 73 43 143 148 56 83 48 44 79 197 160 224 86 109 135 84 77 27 214 152 212 173 174 164 138 167 176 172 105 85 165 247 65 
151 : 175 102 146 151 216 203 236 227 42 176 208 48 120 72 132 240 165 194 181 114 163 81 70 242 63 192 202 189 112 97 178 225 100 150 106 116 
152 : 149 54 84 169 178 48 47 161 151 120 36 29 63 42 125 140 68 185 176 228 55 58 34 64 155 90 60 79 203 86 210 211 157 127 225 192 186 31 200 179 164 212 38 124 180 57 88 67 173 30 74 101 50 121 129 83 110 
153 : 167 104 43 51 142 223 212 147 39 208 42 141 54 186 118 178 166 122 123 58 160 120 134 40 98 125 59 202 28 114 101 138 231 234 53 180 130 164 245 140 26 71 
154 : 202 38 58 108 188 150 218 45 222 101 194 123 158 205 116 204 28 213 164 117 61 100 35 165 57 118 151 248 152 243 145 210 133 238 41 65 237 115 225 54 183 25 233 195 104 190 163 46 193 67 84 125 140 131 199 68 136 112 78 147 236 
155 : 115 41 178 170 129 202 105 164 117 48 155 45 235 201 125 191 142 173 123 33 157 88 30 185 78 50 131 174 148 182 175 37 134 133 121 79 153 136 166 86 207 107 208 184 27 196 128 70 71 85 106 97 90 75 229 
156 : 201 231 40 239 117 209 232 127 206 245 90 137 81 180 141 249 44 95 192 207 68 110 237 125 182 36 185 39 228 72 
157 : 55 109 32 151 198 91 124 43 178 133 113 137 176 62 143 74 170 28 244 222 107 191 41 233 154 247 58 208 146 155 
158 : 247 130 104 152 82 118 110 203 95 151 114 243 241 29 50 202 199 242 67 135 227 239 94 150 214 215 240 188 106 33 200 169 207 180 223 187 217 63 25 209 211 249 210 100 232 92 48 62 136 132 36 30 228 221 131 133 175 
159 : 120 39 245 244 212 42 176 84 114 137 112 170 70 165 225 191 184 130 149 163 104 121 48 60 99 200 168 133 161 172 31 188 181 87 91 214 123 
160 : 163 186 40 30 173 116 214 190 82 179 161 225 249 144 128 167 178 147 109 61 46 217 219 162 122 211 55 120 69 160 107 
161 : 82 36 67 200 234 35 197 179 131 190 152 66 56 169 38 202 221 155 114 109 68 209 144 50 228 208 29 40 135 241 172 101 182 239 99 62 91 177 72 161 147 103 185 53 207 83 149 206 236 26 31 
162 : 201 62 89 132 242 77 191 75 240 136 207 231 195 131 128 112 45 164 42 56 25 197 68 144 204 241 203 142 148 63 236 225 54 34 38 162 37 247 58 36 160 60 98 239 83 108 227 184 105 49 65 155 188 139 165 99 248 156 
163 : 199 79 249 224 170 223 125 69 99 53 136 111 129 167 248 96 103 36 177 152 231 233 45 174 212 91 229 237 151 89 90 76 83 197 184 82 113 131 51 43 78 169 31 209 178 219 59 134 71 114 158 173 39 84 64 135 139 188 232 182 150 157 133 49 
164 : 162 175 60 217 88 104 152 230 155 196 160 165 192 159 204 47 84 131 172 218 183 205 45 78 120 245 242 168 146 197 102 124 73 157 91 202 232 106 93 228 27 210 176 48 209 221 148 198 37 
165 : 52 184 103 98 201 233 220 50 206 79 65 159 176 61 231 215 142 138 221 43 209 31 238 200 85 114 100 72 243 234 224 113 26 149 207 199 32 66 95 242 216 84 174 134 
166 : 214 120 67 205 33 201 175 232 58 98 141 136 62 245 40 134 73 238 92 235 102 100 36 168 188 218 55 103 35 34 117 75 248 104 121 152 183 191 111 90 231 219 242 42 93 133 160 157 48 70 119 234 87 116 149 50 49 115 112 118 227 228 81 
167 : 51 41 61 117 177 172 74 99 87 165 78 209 49 66 174 55 115 145 96 176 62 129 130 92 241 35 
168 : 190 249 86 34 53 87 238 37 44 157 239 113 171 231 223 204 149 242 43 139 184 104 175 90 112 147 234 161 38 124 127 78 173 31 247 216 177 243 221 224 93 92 41 151 125 48 200 62 131 77 
169 : 226 59 221 74 220 141 48 101 95 241 98 42 56 212 239 181 237 222 203 225 89 29 214 136 240 211 51 120 151 105 75 32 197 138 139 107 82 179 
170 : 114 239 68 78 170 85 241 61 58 133 219 186 244 67 191 225 223 100 216 50 88 227 146 171 113 164 120 201 89 54 173 33 155 39 156 115 161 53 110 99 69 172 34 79 243 153 148 86 
171 : 76 226 101 173 248 178 91 155 180 84 186 241 233 78 51 87 95 73 166 85 111 144 134 177 203 88 40 90 93 204 190 58 33 114 237 192 194 57 135 149 45 59 215 167 100 109 99 125 238 48 197 148 225 97 
172 : 143 210 74 60 131 86 34 62 161 224 151 215 130 200 237 41 141 213 91 201 95 114 96 199 173 212 77 123 132 28 118 222 139 108 241 227 79 142 26 229 73 247 122 52 25 126 
173 : 227 116 93 131 65 86 230 134 44 225 47 177 152 155 29 118 56 36 113 228 82 128 92 112 41 89 181 95 51 64 173 199 236 187 120 52 245 32 61 234 94 98 244 132 166 87 
174 : 155 202 200 114 44 124 225 63 138 181 87 92 144 94 91 243 32 67 73 82 220 45 102 167 76 107 215 187 83 199 142 130 78 
175 : 240 36 184 187 89 79 122 203 34 27 158 206 207 164 127 231 118 67 40 100 167 113 43 46 38 65 33 188 90 98 186 95 152 156 86 82 229 56 225 112 141 31 196 64 99 130 143 120 185 135 212 170 55 223 42 171 151 245 25 193 35 220 181 
176 : 141 155 57 225 97 39 41 216 49 246 159 125 50 163 131 92 110 48 85 148 179 142 109 168 187 38 217 133 213 160 143 127 108 112 176 171 122 121 172 84 233 111 103 27 248 235 191 206 130 28 177 
177 : 220 37 107 149 215 146 181 160 172 121 68 94 169 240 131 222 88 39 92 128 58 42 73 138 91 241 232 69 29 226 231 206 105 145 76 59 228 132 136 203 153 84 85 34 114 120 246 119 101 239 249 72 26 99 41 183 52 103 168 204 141 118 
178 : 177 29 146 80 86 49 77 187 173 214 73 100 199 33 101 37 149 116 155 213 83 53 121 48 41 68 38 92 39 238 63 207 141 156 123 243 151 62 150 25 69 88 224 241 31 139 97 51 223 176 237 
179 : 65 234 221 55 180 72 39 69 48 226 206 202 119 106 161 136 219 113 96 120 146 232 60 153 62 149 220 51 124 83 77 104 127 150 230 237 47 101 129 152 78 199 38 36 231 118 233 126 247 95 156 40 102 
180 : 242 142 131 237 156 42 84 138 36 141 151 145 116 40 148 52 73 57 159 200 187 80 94 58 56 55 137 100 107 233 74 34 29 37 157 96 61 43 63 119 170 201 53 103 144 132 221 110 197 105 155 59 122 49 46 125 92 234 
181 : 142 111 238 29 224 212 196 108 237 50 141 143 135 26 120 194 123 83 102 58 172 228 242 125 118 66 109 187 148 128 43 42 68 220 25 229 88 122 209 99 45 236 95 133 
182 : 96 90 44 84 120 181 49 82 221 40 187 190 246 149 118 200 223 98 69 27 62 123 30 153 176 222 99 41 108 71 186 36 50 240 73 55 227 134 161 68 127 67 141 86 243 180 165 39 148 179 150 231 121 116 193 146 76 169 183 248 
183 : 133 196 95 98 43 160 231 82 53 131 235 158 199 203 207 67 194 46 39 149 211 106 146 175 123 
184 : 224 168 31 61 179 203 143 40 78 30 147 72 214 39 118 119 138 240 83 103 201 59 100 34 139 173 207 27 184 231 42 189 66 82 243 80 71 
185 : 159 90 36 184 71 137 96 181 140 116 48 236 170 45 59 241 27 57 38 51 109 83 89 30 61 238 146 155 124 199 131 29 
186 : 248 47 30 175 133 222 223 179 198 158 33 113 77 29 245 183 217 194 150 192 157 60 156 27 74 199 149 178 37 241 116 173 129 200 205 232 102 104 100 211 204 240 57 203 174 216 187 67 124 246 48 46 
187 : 229 123 107 147 232 234 200 152 216 248 235 168 137 102 100 220 97 212 227 170 53 122 114 70 136 231 117 247 120 228 89 145 
188 : 61 136 156 125 129 98 69 188 193 31 143 242 59 158 53 176 77 30 211 178 45 159 112 153 236 182 116 135 120 148 141 55 240 63 123 137 
189 : 192 138 127 43 204 81 241 83 117 105 203 36 157 42 92 33 244 180 129 126 124 69 56 135 166 216 131 51 146 200 98 
190 : 156 147 155 90 222 99 58 168 230 193 69 224 153 238 146 226 71 172 231 75 167 213 44 149 94 239 126 114 162 136 164 194 124 93 188 28 113 214 68 33 225 26 80 134 34 135 91 100 206 241 35 249 
191 : 90 247 177 147 232 28 71 88 167 217 46 134 70 188 246 112 222 171 201 215 192 179 230 117 191 45 100 95 
192 : 148 202 52 198 121 161 59 79 244 187 110 149 197 72 102 162 45 75 31 61 124 199 147 111 117 113 30 160 78 128 159 
193 : 68 150 118 154 247 192 117 121 90 172 234 100 163 137 60 188 221 148 168 141 119 66 216 156 199 175 85 235 139 243 161 201 106 206 75 164 135 80 125 111 30 108 152 35 186 63 233 25 220 218 127 97 169 58 136 101 223 37 
194 : 113 68 82 200 111 153 177 188 217 124 244 192 80 150 175 70 69 87 110 78 146 191 199 174 115 105 225 237 44 57 60 131 94 123 249 101 33 75 97 48 137 194 125 179 136 64 71 59 90 208 
195 : 150 117 88 47 223 121 48 135 27 45 247 51 46 220 55 187 238 136 167 199 244 203 157 133 29 161 53 42 240 212 32 65 180 120 207 231 144 43 105 75 74 122 103 192 249 118 166 151 169 33 110 215 155 134 158 221 107 77 58 193 245 100 208 
196 : 48 98 204 104 39 134 153 117 184 33 232 123 214 44 86 172 139 241 235 83 76 42 91 109 108 27 215 217 212 239 245 105 247 34 60 244 195 168 84 113 220 147 75 173 229 207 196 87 124 149 36 240 85 126 114 132 224 72 238 202 
197 : 245 29 225 160 138 110 108 135 195 52 157 95 99 86 129 212 236 208 152 163 27 197 28 202 31 59 164 105 93 148 125 73 
198 : 247 106 58 57 232 119 209 176 111 222 36 66 144 240 200 113 117 34 184 53 192 86 230 191 181 201 245 103 137 81 32 42 99 112 116 63 87 139 52 205 164 76 248 243 123 148 180 69 107 124 194 65 189 104 163 43 219 
199 : 42 242 244 166 40 62 35 196 48 216 205 224 235 230 194 129 93 60 225 58 82 236 144 120 134 66 158 162 149 248 249 233 102 212 
200 : 76 197 31 92 179 57 134 151 219 93 152 218 142 238 157 58 161 165 103 28 118 178 243 203 205 248 130 61 72 200 109 249 209 48 129 169 181 70 123 242 
201 : 88 207 202 191 80 241 189 128 187 33 223 146 183 139 222 71 47 156 117 36 86 56 225 63 98 184 244 52 210 226 125 143 28 91 68 192 142 211 162 58 92 131 205 238 188 25 90 76 50 120 49 
202 : 141 152 97 114 185 243 151 69 118 208 126 158 171 128 133 224 160 112 104 172 103 132 193 78 195 173 215 149 240 105 178 239 38 61 210 67 93 142 48 113 46 205 43 75 47 85 230 241 174 62 180 186 66 217 134 77 237 139 108 143 58 144 35 
203 : 189 137 243 76 163 138 173 36 233 139 183 207 185 190 73 62 230 110 186 225 38 127 202 85 135 146 
204 : 62 217 35 173 46 186 218 214 216 235 78 205 179 124 87 38 208 92 167 65 185 119 181 191 168 132 128 106 58 
205 : 171 46 84 144 204 107 235 234 110 155 55 130 105 58 194 54 203 212 31 222 43 139 44 113 150 233 122 88 248 157 162 184 66 38 136 127 74 78 96 165 145 83 93 178 143 151 
206 : 164 209 113 133 69 169 89 248 166 137 191 48 92 157 194 104 208 138 180 68 226 109 120 161 228 37 38 203 54 59 147 219 46 200 101 86 196 167 146 172 76 190 51 99 188 43 53 
207 : 222 181 74 158 71 132 26 102 116 40 202 64 201 77 134 145 215 58 53 135 208 59 167 115 25 51 146 113 86 183 30 122 55 236 106 65 67 60 136 128 82 48 239 108 107 50 87 223 179 154 204 210 151 164 186 57 
208 : 83 67 163 121 236 205 177 158 217 146 105 114 102 202 210 47 160 224 131 74 50 149 51 222 208 204 58 147 244 
209 : 211 171 230 75 239 153 170 66 60 55 156 145 131 205 81 241 225 73 187 157 162 193 210 233 194 184 29 117 202 113 52 69 213 216 78 165 166 108 169 172 134 191 68 74 200 226 82 173 148 71 139 208 207 245 149 120 229 30 228 212 59 96 
210 : 93 32 189 207 112 229 131 120 144 208 196 150 88 231 145 143 247 162 192 61 240 50 230 127 115 62 153 237 35 213 48 29 86 83 113 187 73 133 98 224 65 170 34 227 121 81 212 205 167 122 215 107 245 185 161 228 119 163 202 140 184 
211 : 218 212 109 148 221 129 146 112 54 232 179 105 75 133 168 198 200 25 71 132 238 144 240 43 135 191 62 172 192 214 208 119 165 157 222 246 
212 : 43 103 185 113 246 64 249 227 37 48 143 69 232 202 218 128 107 208 56 129 95 101 120 35 122 234 83 90 178 33 134 88 87 97 189 81 132 225 36 198 244 217 243 34 235 130 230 112 137 106 163 119 224 239 139 213 233 212 215 168 
213 : 210 97 71 142 174 28 54 88 164 45 120 212 242 67 186 91 208 225 160 181 43 112 180 81 177 118 185 39 202 170 195 53 29 109 168 244 188 184 87 136 201 56 107 139 69 134 176 50 179 113 141 150 
214 : 157 87 214 158 228 107 225 149 238 113 53 38 80 62 96 92 139 207 148 202 208 30 108 201 76 188 221 165 73 232 200 189 33 181 49 153 125 112 141 82 99 103 192 234 95 
215 : 114 244 177 71 157 86 163 104 231 224 84 102 89 131 108 192 140 208 241 73 195 168 173 50 122 213 31 239 95 144 194 58 143 88 49 65 160 106 83 248 43 218 
216 : 173 207 142 122 146 79 33 139 98 71 198 93 96 83 168 181 196 54 87 92 34 118 156 58 140 241 100 42 120 184 191 165 210 44 200 
217 : 134 32 104 48 149 223 123 147 241 105 176 72 116 193 203 135 54 101 184 59 220 248 181 45 99 240 151 202 120 237 114 63 217 70 112 
218 : 211 42 181 157 244 85 74 155 51 205 34 83 248 204 62 43 107 182 218 167 174 95 38 97 133 235 227 189 64 156 87 132 243 108 47 55 101 194 175 30 100 245 109 121 84 178 150 168 92 79 169 208 35 160 226 57 228 222 247 89 
219 : 131 189 62 43 97 200 143 133 211 219 183 39 111 213 41 170 195 165 137 144 190 205 178 240 58 95 91 52 33 120 94 46 108 169 100 206 84 107 78 138 134 242 232 74 145 70 180 153 237 245 96 55 35 201 
220 : 83 174 230 163 55 63 99 241 214 64 231 190 167 178 78 137 109 96 185 235 195 32 155 111 76 
221 : 96 184 195 226 127 150 160 185 84 94 92 224 141 118 202 103 240 208 178 46 243 39 74 48 58 211 159 125 197 105 57 29 138 145 50 53 116 32 183 205 26 149 91 231 227 176 120 28 69 154 83 201 
222 : 229 219 102 184 228 148 233 86 195 153 119 45 247 74 177 101 241 230 237 239 54 105 175 37 78 189 62 126 180 221 39 
223 : 182 165 35 154 237 147 239 120 189 64 28 138 54 31 75 82 176 72 39 44 91 95 188 228 194 134 38 160 220 114 101 159 203 153 241 60 142 152 41 175 55 105 249 127 98 97 245 
224 : 72 161 182 232 194 63 209 146 87 217 185 128 62 140 187 186 151 103 237 235 204 116 117 172 135 111 157 68 133 112 193 136 92 41 114 35 207 214 206 156 
225 : 44 149 151 230 107 97 198 110 79 47 200 90 234 180 69 236 154 53 218 153 116 130 52 132 211 124 113 158 166 247 119 68 159 89 141 233 50 206 108 71 173 133 111 199 127 193 93 27 63 240 129 118 212 38 155 245 100 101 239 177 61 
226 : 127 249 84 26 170 98 200 248 73 134 143 52 69 47 224 95 140 39 199 103 235 168 62 171 104 79 80 222 185 36 38 59 225 68 93 244 147 75 53 86 70 210 51 146 33 159 176 150 44 189 154 130 
227 : 234 233 123 35 109 27 124 162 185 237 139 174 223 165 131 89 176 116 63 230 73 136 247 38 187 182 98 217 32 192 94 85 181 155 68 77 71 169 164 212 41 130 111 113 171 220 
228 : 197 118 101 129 187 30 112 203 138 242 218 75 226 89 104 189 119 47 240 151 231 217 206 174 98 224 229 55 147 168 80 140 179 87 
229 : 159 198 235 64 96 44 163 82 87 200 141 204 130 126 108 232 118 181 199 225 125 190 227 49 55 191 170 153 104 180 67 219 29 69 65 107 77 50 103 201 155 248 72 162 139 228 133 168 
230 : 167 249 70 180 115 198 40 236 102 238 119 191 51 138 72 74 106 243 75 214 47 93 120 105 103 226 169 48 85 113 164 181 178 217 44 182 216 104 129 163 233 155 240 212 69 66 147 215 121 200 156 80 232 148 166 179 60 
231 : 100 214 92 190 220 107 131 182 201 163 125 132 144 129 35 111 49 63 177 138 149 139 153 238 231 26 233 120 240 172 234 48 128 93 166 189 88 54 84 85 126 62 
232 : 133 180 209 58 55 249 211 35 206 122 222 155 143 163 73 51 141 25 118 219 41 29 110 125 137 220 195 216 162 39 54 64 42 86 56 152 114 
233 : 38 125 196 72 50 133 238 164 200 230 118 219 76 181 193 203 176 144 34 198 228 137 227 214 139 202 150 
234 : 100 190 240 219 80 123 146 142 148 171 118 61 157 75 209 92 200 172 72 230 49 206 98 162 101 46 129 109 211 86 166 36 140 180 126 74 134 108 39 53 104 178 176 
235 : 200 111 130 167 37 73 133 54 194 94 208 57 237 170 192 129 199 90 183 162 191 146 139 235 98 34 64 164 107 185 110 123 84 44 71 144 104 76 211 163 119 212 117 42 152 128 136 188 
236 : 208 58 63 91 54 70 209 151 206 248 28 150 37 35 36 199 172 220 192 84 106 142 148 141 133 96 227 198 34 140 174 33 77 59 137 143 210 182 93 160 181 131 40 30 200 108 56 221 135 114 88 190 226 223 217 111 
237 : 112 142 110 39 184 185 211 122 245 65 179 90 229 46 146 73 230 74 148 195 127 140 83 108 72 114 228 169 152 249 87 75 129 94 40 29 60 31 70 201 225 220 240 183 181 221 136 214 160 213 99 210 106 103 128 247 41 231 196 
238 : 198 63 169 232 174 100 173 41 108 66 142 67 247 228 166 105 55 88 60 145 177 90 140 152 237 246 172 239 102 192 91 200 98 137 201 151 249 178 81 122 93 58 243 171 73 147 110 144 242 153 76 180 211 157 
239 : 206 228 67 71 33 46 124 118 81 77 143 188 160 229 49 139 70 226 195 249 174 210 88 54 168 131 213 157 53 106 186 48 203 243 205 38 138 102 200 198 144 234 201 184 239 105 158 45 137 127 27 95 159 57 31 240 
240 : 210 79 116 215 48 168 67 111 209 115 134 157 27 132 70 102 234 200 49 37 138 39 162 76 74 145 58 213 43 62 245 188 197 169 63 33 180 163 189 141 207 229 98 29 59 64 105 28 88 232 113 
241 : 79 175 68 28 193 135 215 60 113 233 137 194 146 228 174 190 30 140 230 126 91 156 141 88 71 117 89 236 105 204 103 249 128 142 203 77 170 43 213 36 34 67 245 247 201 53 87 108 33 237 157 207 106 176 
242 : 81 99 82 217 226 197 119 49 87 105 108 57 202 43 240 53 192 196 162 142 96 216 139 95 68 187 94 208 37 27 44 213 175 29 182 71 188 155 176 83 38 100 144 152 124 26 168 194 179 163 109 114 58 145 84 206 158 149 85 154 205 
243 : 56 54 236 139 125 202 229 191 97 158 34 60 74 90 219 73 223 209 182 136 204 184 84 31 71 194 123 176 221 232 88 68 130 
244 : 40 35 120 139 83 206 68 29 141 49 122 129 97 31 223 225 217 167 208 62 233 207 183 26 248 109 132 123 201 131 60 130 53 101 227 174 178 61 182 86 112 204 66 186 170 119 211 216 188 37 56 80 246 111 58 210 243 117 100 180 87 76 237 118 
245 : 202 92 204 186 180 115 135 116 206 143 170 182 160 52 236 96 230 131 99 39 208 133 209 215 185 100 168 118 229 214 132 77 33 78 198 238 43 61 84 123 147 138 222 219 240 87 171 45 152 73 
246 : 36 238 247 130 215 119 123 141 99 217 245 100 53 34 173 72 241 225 46 81 203 110 42 115 186 73 202 151 61 41 205 232 43 135 31 94 30 149 28 184 77 
247 : 246 44 175 196 66 216 82 31 188 113 173 130 185 189 131 59 74 81 111 247 132 51 249 116 229 192 26 232 136 75 110 55 233 172 50 35 118 117 226 112 159 199 208 46 103 
248 : 102 145 81 228 224 244 168 238 176 97 58 161 211 226 124 119 99 39 118 196 40 240 41 162 143 248 47 199 115 112 243 247 153 87 95 187 44 157 154 
249 : 129 165 105 88 189 43 225 190 168 104 247 44 179 49 142 197 124 57 39 28 155 137 133 231 248 114 223 230 41 108 224 82 138 134 67 216 51 220 210 175 246 199 90 195 123 31 119 173 
250 : 207 32 60 165 131 232 132 178 162 75 240 42 198 148 69 80 62 125 244 41 56 233 54 151 67 44 61 226 47 71 73 146 191 156 94 195 103 134 184 
251 : 177 113 93 103 65 71 230 124 201 161 58 25 89 70 77 50 84 64 102 131 46 44 80 79 29 248 94 112 144 105 220 169 121 156 209 67 74 133 147 157 117 148 168 174 90 69 149 197 87 231 136 27 150 189 243 194 83 226 139 191 245 152 
252 : 25 223 134 58 57 231 185 210 71 184 244 164 212 38 116 35 151 161 232 219 172 188 180 56 85 
253 : 31 222 180 155 177 112 75 239 117 163 137 145 176 92 218 191 83 49 172 179 178 129 27 97 165 147 171 166 247 79 206 221 232 113 224 212 204 226 133 235 90 86 122 246 53 146 141 199 211 50 60 181 193 151 78 72 76 
254 : 112 207 32 150 194 137 82 118 179 188 209 56 163 135 192 138 149 143 121 224 115 201 173 248 237 104 89 58 83 136 156 153 235 27 72 85 92 221 95 116 63 
255 : 207 198 178 128 211 83 229 47 122 87 149 85 93 146 71 202 131 29 156 139 121 220 170 166 175 212 224 152 147 209 112 50 138 130 78 46 80 86 69 52 174 189 125 136 192 204 233 
256 : 135 199 244 136 186 164 231 160 71 232 165 151 110 239 163 184 116 102 155 117 76 142 198 72 82 202 132 221 99 140 168 91 145 176 157 60 191 40 153 104 39 34 215 90 85 159 55 248 240 242 134 210 185 226 81 204 80 28 237 238 200 172 125 
257 : 121 109 88 76 31 191 164 108 152 246 243 29 145 209 169 122 105 226 57 30 66 172 48 101 72 193 187 91 219 155 151 77 189 183 99 160 65 
258 : 137 224 41 40 96 93 145 186 227 126 65 183 122 76 233 168 45 70 166 174 109 191 84 77 44 247 130 207 203 239 115 101 158 107 244 49 91 59 114 214 208 159 38 132 98 192 157 121 64 175 146 95 29 
259 : 53 197 96 173 60 155 65 177 221 196 70 224 164 107 210 190 207 102 146 114 63 222 54 246 56 106 59 104 123 109 191 193 159 200 225 73 37 43 188 201 57 245 232 126 42 175 33 184 133 214 95 49 206 208 103 194 209 171 218 27 148 223 
260 : 67 28 25 119 72 64 224 162 192 157 46 63 44 218 161 140 177 41 82 68 173 110 26 225 31 164 248 175 33 215 137 151 70 54 42 71 206 184 80 79 124 195 183 112 245 174 86 57 168 48 50 189 154 92 35 97 236 89 30 27 
261 : 239 49 156 229 185 141 142 158 137 69 98 163 41 233 183 212 192 86 138 219 143 122 94 159 81 43 111 91 246 195 
262 : 221 64 133 172 175 120 232 94 48 249 27 128 180 86 78 234 145 181 49 170 114 26 203 176 67 212 194 90 140 206 42 201 43 242 165 220 169 219 179 226 105 91 72 
263 : 244 44 149 249 178 239 146 186 247 92 29 106 236 214 208 173 121 82 66 79 73 72 48 202 65 242 233 205 89 167 96 136 137 111 41 188 143 192 55 158 166 128 248 127 97 196 139 142 172 243 207 103 234 95 222 152 182 126 133 77 75 155 57 
264 : 99 113 92 233 129 210 78 228 175 50 193 243 75 138 70 187 54 247 226 87 164 220 38 89 73 188 141 204 51 68 120 229 216 190 182 192 239 30 91 160 209 177 238 136 110 122 146 65 81 235 
265 : 78 66 64 208 113 115 65 69 63 55 48 25 61 162 60 172 200 243 28 152 248 206 223 242 196 84 188 77 238 42 171 102 236 229 44 193 94 
266 : 145 170 140 152 141 54 242 159 177 202 194 183 119 112 77 95 234 151 228 171 126 237 249 91 52 216 201 163 247 189 197 215 80 148 147 218 165 157 101 93 
267 : 193 57 151 167 200 87 63 84 175 198 86 132 85 172 108 100 91 163 187 61 159 149 155 247 233 117 130 101 217 29 161 150 90 37 55 142 48 115 114 102 110 231 143 157 76 221 126 93 224 168 79 249 67 229 121 164 60 31 
268 : 118 163 162 36 52 223 209 131 56 82 182 224 29 70 85 149 49 129 238 134 33 226 245 185 98 105 222 219 76 62 168 68 93 80 210 38 196 155 37 45 172 152 
269 : 164 64 57 172 237 162 115 79 159 116 107 139 109 61 132 233 153 229 221 161 113 190 213 104 231 207 209 212 47 82 173 112 44 155 88 154 114 202 240 25 38 191 176 197 39 196 
270 : 139 155 109 221 126 70 124 92 213 249 129 202 182 185 58 176 162 50 235 197 164 170 137 247 191 165 180 37 121 106 212 171 59 87 79 133 166 146 116 64 118 232 242 181 127 66 238 131 120 112 89 206 67 
271 : 203 46 141 233 92 117 192 35 30 37 88 52 223 146 211 83 235 132 89 243 229 127 115 228 66 144 65 107 215 178 162 212 224 126 118 191 101 205 196 173 161 34 217 138 63 48 187 102 232 113 239 249 
272 : 204 218 40 124 103 41 49 32 187 57 234 207 222 167 202 126 136 43 37 163 75 140 107 231 190 139 197 183 92 31 184 106 174 
273 : 117 141 73 97 35 122 57 165 38 228 226 222 187 192 85 65 76 210 232 217 211 123 60 185 209 83 25 56 218 190 169 84 125 70 48 186 78 109 106 176 223 74 212 172 206 133 168 115 28 238 108 
274 : 83 104 140 25 189 100 222 63 239 82 142 156 182 173 84 197 135 237 97 80 55 116 77 231 56 161 30 52 27 125 85 244 150 174 213 185 138 180 93 61 227 247 37 81 145 153 152 59 146 198 167 92 157 223 242 101 148 45 151 41 89 
275 : 31 148 44 39 188 168 238 194 201 216 81 92 34 96 171 26 75 159 220 104 222 48 68 62 197 128 247 212 59 140 115 150 149 141 139 47 38 184 125 246 105 131 72 242 177 50 126 176 146 108 114 78 144 158 156 84 112 120 102 67 198 193 213 228 
276 : 52 143 144 149 33 227 126 205 236 244 145 98 46 163 129 76 200 142 201 147 208 247 109 49 127 161 229 187 116 45 173 71 132 103 64 240 54 
277 : 213 71 224 243 154 130 99 102 173 208 115 113 238 142 193 101 139 26 119 36 74 247 86 59 137 184 134 27 183 121 135 28 52 54 127 
278 : 237 175 28 142 241 77 233 186 27 153 204 54 227 133 216 101 162 91 169 185 171 52 92 201 106 73 191 70 234 198 88 95 181 180 220 137 123 51 229 211 71 128 184 89 50 35 75 86 109 116 174 
279 : 35 201 235 122 85 225 241 231 45 106 69 28 138 234 87 155 191 53 222 102 63 27 108 128 132 175 40 144 109 81 127 212 73 174 68 93 227 103 46 34 240 78 209 210 91 244 57 72 75 206 60 36 66 94 181 193 121 246 208 214 105 74 215 42 
280 : 104 177 95 231 67 114 219 138 175 55 49 194 86 167 59 34 112 188 242 185 56 232 43 239 127 153 214 173 222 212 132 99 201 228 230 92 226 166 205 80 46 111 70 
281 : 110 125 53 137 232 156 161 203 171 243 197 47 206 188 128 111 63 177 46 81 222 142 124 248 72 183 193 170 212 174 201 129 105 229 159 48 30 32 213 208 
282 : 244 192 240 203 159 246 84 231 136 144 109 227 175 92 233 36 213 194 101 189 169 242 95 89 188 60 228 230 50 72 223 125 107 205 130 197 149 100 124 150 216 88 207 202 66 56 166 80 27 224 173 53 81 117 85 204 167 79 71 220 138 74 82 104 
283 : 201 194 35 164 211 37 213 47 225 227 166 238 66 99 131 62 128 191 177 141 192 34 53 198 39 187 183 31 114 212 138 88 43 40 218 101 26 
284 : 203 131 190 188 73 60 59 189 37 181 228 185 95 49 38 174 85 53 221 234 103 33 127 124 34 211 87 156 241 166 35 159 45 196 140 195 27 39 94 88 187 65 117 145 120 167 210 
285 : 79 242 133 125 135 52 172 191 158 94 92 134 88 174 117 89 72 181 222 77 205 196 180 186 226 214 162 148 50 147 185 86 68 37 206 70 87 44 47 25 
286 : 99 226 194 43 188 87 167 50 248 47 86 39 64 224 168 237 147 205 68 211 117 204 132 228 111 190 28 48 97 83 90 165 95 176 215 107 148 153 84 138 213 142 61 229 118 34 183 206 126 101 239 166 116 115 92 158 
287 : 108 234 90 99 78 205 204 77 249 30 46 187 41 85 49 101 161 26 164 222 223 128 48 193 123 220 230 182 245 
288 : 209 165 186 106 192 61 59 126 63 135 83 150 55 228 104 146 180 233 139 190 97 242 101 85 56 105 227 46 175 169 86 28 103 43 211 198 174 132 155 66 212 48 168 107 120 51 163 183 200 72 123 
289 : 162 66 96 127 32 228 134 152 63 56 25 60 200 174 218 234 183 247 170 89 112 68 128 47 80 37 122 
290 : 127 217 242 25 186 149 206 161 136 105 235 97 114 64 28 216 198 191 201 221 210 170 222 140 208 109 204 151 182 73 70 145 95 86 190 229 42 128 138 60 51 78 178 167 126 181 30 172 215 48 
291 : 140 31 209 233 55 159 66 103 59 198 152 225 114 160 121 30 210 145 123 65 170 224 199 69 213 138 62 135 88 165 86 164 176 80 219 38 171 39 92 99 166 246 141 
292 : 32 102 105 211 188 56 60 164 153 204 207 53 42 54 128 185 151 196 235 90 85 179 51 49 166 152 230 86 111 192 242 133 50 68 218 160 217 170 109 147 227 80 
