0 : 128 195 105 29 213 207 119 106 64 80 142 45 239 229 183 191 243 197 49 93 174 88 131 186 57 123 230 218 244 215 175 211 133 189 165 228 223 101 58 226 156 72 69 120 182 34 201 176 150 232 91 
1 : 77 246 65 55 44 218 39 116 144 189 127 207 78 93 129 202 156 170 159 79 153 92 213 26 195 36 148 29 61 179 212 106 169 200 45 235 71 112 174 91 176 69 243 238 165 190 38 58 64 117 130 126 161 75 234 181 180 98 162 89 141 73 33 99 
2 : 102 28 29 166 161 114 92 149 103 249 220 112 154 134 32 197 208 123 42 245 70 241 143 74 152 68 128 53 52 234 96 115 201 136 38 34 230 47 246 176 142 107 64 213 78 65 171 118 195 83 99 175 200 75 199 84 160 94 71 72 
3 : 89 200 166 165 188 75 175 102 98 85 99 81 162 60 177 61 100 181 130 51 34 186 88 231 114 112 110 133 195 144 138 56 36 167 139 202 129 83 240 70 63 155 96 120 105 37 192 158 79 134 38 118 47 119 40 33 131 229 58 44 53 48 72 218 135 123 127 170 140 86 
4 : 243 226 141 38 82 149 132 137 216 184 244 130 138 107 127 170 75 164 235 143 247 32 233 194 50 246 116 123 169 33 49 35 44 179 39 213 113 37 208 211 151 181 200 81 100 188 92 202 195 88 57 85 142 217 173 40 77 54 198 59 165 94 172 34 207 55 111 93 185 91 52 
5 : 126 45 239 30 99 145 172 35 195 164 243 209 181 109 237 163 167 62 42 170 84 212 165 214 174 97 184 183 220 146 115 105 157 80 189 147 26 69 110 135 140 113 75 111 200 114 36 211 203 44 153 40 81 91 106 244 
6 : 101 118 75 226 105 82 230 214 25 147 32 180 206 41 171 238 36 48 151 232 43 78 119 189 55 66 169 
7 : 77 147 55 51 95 81 197 149 145 132 146 80 154 52 212 134 65 190 232 126 247 181 96 57 82 74 177 222 61 179 43 144 231 76 136 218 59 41 234 104 117 220 230 242 
8 : 86 150 215 62 220 219 158 231 36 195 71 200 81 187 79 155 33 63 234 205 143 72 38 164 117 188 116 238 112 74 213 67 170 141 161 101 236 240 90 214 244 34 218 
9 : 144 60 128 88 186 181 192 49 184 116 231 78 64 190 156 63 223 222 168 199 197 48 93 194 67 216 225 53 55 237 241 188 71 220 
10 : 193 64 220 239 173 95 113 123 168 235 133 194 111 97 49 155 153 212 124 45 204 121 236 141 125 135 93 63 110 109 144 145 221 84 209 48 186 181 210 187 188 170 154 81 29 112 69 86 114 152 108 164 55 138 177 241 67 192 136 208 247 68 130 25 172 199 
11 : 245 218 63 74 112 162 156 226 134 84 109 27 211 103 190 142 222 170 120 105 42 54 150 93 89 118 110 161 165 160 62 200 197 43 34 131 36 173 209 39 157 237 229 181 129 97 130 76 196 86 30 90 
12 : 207 166 112 109 34 78 42 117 171 175 125 181 147 52 144 97 174 50 192 201 59 121 182 234 199 161 77 213 169 190 217 211 98 159 231 110 82 177 104 189 99 184 67 
13 : 161 120 42 248 159 140 61 225 191 49 127 141 128 84 34 168 241 139 48 150 102 45 46 82 43 25 134 95 175 217 111 64 185 121 206 166 66 69 123 178 208 50 156 125 170 80 88 103 122 78 148 210 27 29 73 114 165 238 228 129 54 221 31 55 59 236 
14 : 60 229 146 57 244 63 117 190 104 219 120 175 91 108 233 38 58 166 206 199 239 40 196 118 37 123 155 84 150 80 44 
15 : 185 186 62 57 169 179 130 73 119 181 121 93 69 39 47 221 112 108 94 113 37 61 59 34 42 
16 : 198 45 77 216 66 80 117 142 125 107 150 169 158 122 132 145 187 133 155 54 75 210 192 159 211 232 235 199 193 156 175 38 50 163 87 167 41 76 228 98 31 53 35 203 190 96 79 212 84 147 
17 : 140 199 121 240 198 210 85 74 117 64 116 139 184 100 144 160 69 48 178 142 76 158 67 108 125 50 186 206 162 41 
18 : 131 29 147 177 191 148 195 145 229 64 50 183 128 110 181 102 79 201 133 184 42 112 180 205 98 139 119 167 215 
19 : 156 93 108 115 71 129 225 45 234 35 176 189 78 39 73 83 213 171 109 196 147 232 131 181 87 227 52 132 65 239 110 150 154 183 41 
20 : 196 111 85 151 220 98 234 134 119 180 59 118 212 226 205 197 221 215 167 25 194 38 91 128 110 185 40 245 174 39 208 113 89 79 78 44 246 175 76 192 28 129 99 60 30 228 
21 : 142 117 231 122 149 172 40 38 109 216 87 147 135 32 161 182 244 137 56 226 34 83 199 120 206 53 52 217 90 181 123 208 77 165 91 237 178 100 185 95 88 104 160 190 96 138 225 248 
22 : 210 68 237 125 118 207 133 174 246 239 49 209 220 191 110 223 189 36 93 139 164 121 199 179 153 148 241 225 214 193 115 94 111 104 144 25 67 136 59 46 140 165 170 151 53 40 211 178 131 45 167 
23 : 33 75 85 193 102 246 178 89 127 210 147 244 44 83 91 140 230 43 104 68 80 64 209 65 221 143 
24 : 206 141 121 131 77 116 27 233 226 42 243 102 148 200 89 150 191 210 183 133 143 128 205 132 211 249 48 161 145 142 54 160 193 213 53 162 118 110 240 30 227 218 34 208 196 84 93 44 224 32 99 28 225 144 189 59 122 199 
25 : 70 211 101 205 53 72 150 168 185 81 213 33 146 179 73 126 108 239 66 93 116 56 63 114 138 50 144 45 209 46 62 141 176 28 51 86 103 36 40 171 178 97 165 95 204 27 26 57 218 142 64 152 31 245 161 208 
26 : 31 200 193 133 215 60 239 30 35 211 58 97 153 124 201 102 45 236 223 85 52 191 126 38 174 163 115 114 232 82 151 156 237 46 111 173 152 131 
27 : 155 128 223 31 217 123 214 236 154 68 105 89 210 198 147 179 213 239 38 185 59 191 176 196 156 71 84 145 61 40 169 118 62 82 194 199 241 238 190 228 63 52 216 184 159 65 181 69 172 232 75 76 107 106 121 224 200 212 203 57 130 134 111 122 237 
28 : 53 199 180 69 202 46 116 49 166 137 151 52 226 41 200 230 136 143 190 244 152 59 79 233 102 183 184 105 228 84 163 196 215 43 126 194 117 54 95 177 82 231 108 214 139 72 248 77 
29 : 91 40 113 172 178 26 214 46 115 246 98 228 116 141 102 72 200 76 208 216 205 52 105 94 170 212 97 158 159 82 201 108 92 62 175 114 181 
30 : 218 127 181 172 58 49 30 165 184 232 120 223 179 52 80 104 97 212 95 202 102 220 100 228 180 75 188 81 162 148 186 236 176 118 170 45 91 128 
31 : 66 212 141 171 42 72 170 74 172 101 31 201 55 107 166 164 94 248 121 136 205 138 48 229 226 83 127 58 
32 : 207 194 69 81 186 177 109 221 195 38 128 188 231 176 124 192 168 184 179 242 240 182 138 178 193 60 
33 : 161 129 190 125 164 132 199 207 197 236 113 144 239 175 64 176 72 227 248 237 241 154 58 196 211 54 119 77 225 249 208 206 87 63 201 96 78 195 68 36 229 76 66 165 188 238 141 101 138 50 215 47 89 
34 : 98 101 97 58 182 88 175 212 155 86 209 151 82 103 226 38 191 85 81 33 206 83 122 43 188 217 60 176 142 229 204 238 190 107 78 189 146 153 222 203 115 92 137 210 118 236 
35 : 184 122 110 64 227 149 124 27 133 37 196 31 242 163 176 135 214 69 181 106 71 144 111 246 76 80 248 29 49 34 194 201 178 98 142 179 70 73 190 164 47 168 107 
36 : 237 171 181 207 161 80 107 60 76 164 211 154 201 212 123 102 200 199 224 233 195 41 28 144 82 79 156 111 138 86 188 219 247 95 146 108 62 182 193 175 243 55 180 83 67 42 58 125 139 56 198 141 178 
37 : 202 165 30 161 158 64 102 95 120 56 207 58 176 234 193 201 214 54 155 57 189 146 88 200 137 98 28 178 244 160 101 84 79 206 204 194 52 243 141 169 71 245 190 195 233 157 220 159 74 166 117 
38 : 195 135 181 221 33 171 114 56 48 202 203 43 83 25 96 217 194 95 233 58 199 51 121 207 167 126 134 184 106 89 175 153 209 220 213 78 219 247 200 37 111 41 238 214 235 215 
39 : 57 98 146 236 128 38 195 52 238 115 66 74 46 176 209 51 144 221 243 43 54 247 92 96 48 116 212 106 25 188 239 103 86 166 107 246 245 220 227 174 81 138 149 121 205 134 73 53 240 30 169 162 60 49 168 157 35 29 172 99 136 156 242 207 85 142 
40 : 71 66 242 141 138 114 230 81 207 58 42 31 203 148 163 133 60 184 139 137 223 38 182 126 64 47 85 243 195 123 181 145 239 73 222 246 170 215 51 52 120 130 35 91 65 208 147 201 152 172 101 178 69 217 30 
41 : 94 85 166 235 145 159 112 137 202 115 49 228 179 191 39 89 62 82 227 174 95 243 222 135 157 178 88 172 216 45 80 197 161 114 160 122 154 175 213 143 155 163 162 249 106 150 204 72 182 247 59 132 27 48 44 86 169 
42 : 70 154 143 103 214 98 25 52 228 74 144 217 211 67 197 36 48 47 210 202 155 218 241 193 165 39 240 169 198 161 175 176 73 229 121 249 59 99 102 157 45 185 150 84 156 167 68 187 237 208 88 221 42 125 233 201 64 129 178 
43 : 154 148 82 205 44 146 200 178 140 195 57 80 33 208 85 183 204 160 116 151 77 238 191 196 165 64 70 170 60 213 110 235 234 150 152 
44 : 143 41 166 121 87 141 73 66 35 63 67 27 110 161 246 211 212 117 148 60 207 133 194 224 114 178 48 215 43 128 69 172 113 149 115 159 146 54 104 132 208 61 150 81 219 242 34 68 209 210 174 179 126 156 206 191 157 239 118 223 108 235 167 70 77 187 
45 : 66 118 238 104 77 67 59 160 112 116 143 224 184 212 102 236 99 50 69 111 173 181 57 207 113 154 70 
46 : 142 96 222 164 46 118 210 172 111 241 48 143 237 196 185 95 224 187 181 152 76 49 112 209 60 75 101 25 180 228 169 194 35 27 154 55 190 82 148 202 71 135 33 116 73 85 70 59 165 26 68 
47 : 221 64 90 201 39 62 207 180 204 96 54 202 101 138 114 121 199 31 183 35 115 223 82 216 149 248 80 
48 : 171 124 113 109 237 32 50 247 84 190 146 161 40 246 47 28 141 91 101 142 131 123 25 165 89 114 80 156 189 232 29 240 44 168 152 120 52 234 115 133 125 27 68 229 175 153 75 108 111 49 103 41 198 221 184 194 231 200 85 212 100 53 94 56 227 143 195 148 88 169 64 
49 : 136 173 227 158 216 196 198 244 45 129 107 180 34 111 241 175 79 33 46 69 86 232 146 96 127 243 116 39 63 246 166 172 221 225 153 209 178 124 58 101 193 80 26 149 177 52 82 53 226 42 94 230 147 210 91 152 67 110 92 
50 : 205 87 93 129 234 186 66 232 64 248 174 221 76 124 92 80 145 201 241 231 28 74 146 101 114 134 198 27 223 203 215 229 120 235 91 137 60 165 110 189 113 151 50 240 228 212 187 26 190 199 83 242 61 218 84 
51 : 101 157 133 62 74 231 119 248 32 183 120 63 128 70 221 112 38 178 118 106 148 111 169 191 68 239 232 97 30 215 39 59 113 89 116 105 98 124 25 159 226 129 240 36 170 135 164 58 
52 : 132 48 166 26 125 244 186 71 152 174 119 231 126 129 165 32 60 65 69 104 109 44 196 180 216 162 113 176 56 140 31 
53 : 123 186 204 48 98 191 172 205 105 63 49 62 100 78 236 207 73 71 39 114 139 158 212 118 80 26 178 72 154 152 176 94 79 92 208 56 230 181 127 36 223 249 97 202 112 133 189 196 184 137 232 81 43 82 143 144 107 38 125 126 201 148 
54 : 29 135 180 157 114 56 168 221 178 122 96 186 34 232 63 184 150 198 54 219 162 249 234 28 117 55 59 179 165 
55 : 212 71 110 217 200 174 171 148 196 98 97 157 84 82 118 35 195 40 43 233 54 93 187 144 238 225 
56 : 189 127 217 40 176 79 67 214 171 203 30 51 157 66 243 197 37 137 175 128 32 146 144 41 136 240 218 125 160 235 202 82 134 149 140 164 154 117 215 72 219 45 209 234 102 126 39 28 170 245 92 161 198 87 241 183 130 201 216 112 
57 : 33 172 64 100 132 81 26 142 245 57 60 179 25 120 71 129 165 189 145 217 108 54 154 212 126 216 219 206 127 125 229 156 85 157 118 45 194 191 93 249 
58 : 154 158 217 37 230 79 31 221 206 29 204 102 192 175 106 137 150 181 26 64 183 235 77 177 236 73 207 101 178 68 84 231 63 124 33 131 188 38 210 118 138 220 71 28 224 215 209 132 218 198 190 142 76 159 216 107 180 171 115 165 128 114 53 213 116 
59 : 206 202 188 125 174 46 243 157 247 91 128 144 94 114 204 53 233 89 200 237 28 64 121 112 199 131 209 68 54 158 44 135 175 63 97 234 227 77 99 164 149 211 71 142 166 108 75 81 212 248 143 59 104 36 240 126 106 116 27 216 154 244 223 224 183 42 194 
60 : 218 242 137 96 136 245 60 130 215 209 74 238 214 221 57 151 100 117 230 88 67 65 158 132 247 45 191 121 82 178 107 134 127 103 235 97 93 25 205 125 144 98 85 47 164 39 129 29 225 94 194 120 31 165 187 131 234 213 30 81 236 190 52 99 104 56 101 
61 : 109 94 27 53 214 209 219 189 204 249 242 149 135 105 183 248 62 87 177 173 217 137 131 241 193 188 234 208 91 216 230 70 40 76 215 72 172 134 205 43 68 34 192 158 197 244 35 146 245 75 33 222 174 124 240 164 120 170 122 60 224 143 30 227 99 195 93 200 37 89 
62 : 230 156 212 101 180 34 103 182 93 119 100 170 65 167 78 141 90 200 84 117 176 235 68 49 127 60 114 52 133 129 
63 : 181 81 126 179 98 36 231 233 94 156 182 123 124 90 244 189 220 138 212 197 214 198 54 232 28 32 135 119 75 227 128 161 249 236 155 145 213 210 187 87 150 199 154 237 50 144 129 221 61 93 223 115 192 127 88 83 147 48 25 57 141 204 172 111 139 130 140 
64 : 232 115 194 135 110 159 30 114 64 145 94 65 219 208 242 75 109 34 223 104 102 195 229 113 67 
65 : 167 194 213 198 43 161 148 137 192 217 83 203 229 233 193 241 195 96 184 210 121 219 224 95 232 242 225 105 76 127 98 119 109 130 62 44 197 211 68 158 120 174 205 29 51 79 234 99 63 189 220 111 199 187 247 40 66 25 145 243 183 26 82 212 177 163 218 57 231 
66 : 136 111 243 57 233 175 92 73 182 88 26 170 230 212 238 59 32 94 95 38 246 141 47 181 125 76 184 79 134 186 241 127 102 48 218 
67 : 120 49 123 178 200 84 169 113 83 74 213 39 122 239 95 111 224 58 156 109 197 40 128 26 202 211 42 143 223 124 229 67 234 196 70 247 61 151 241 161 53 153 148 152 38 177 184 
68 : 237 207 243 101 83 103 187 242 37 41 32 128 118 168 59 66 148 28 69 112 244 136 189 173 231 142 151 146 182 167 50 61 138 171 29 190 177 49 147 53 96 240 170 122 212 43 
69 : 111 169 223 153 246 99 53 189 149 36 124 82 133 182 79 240 93 140 141 165 194 241 26 143 123 173 177 62 73 68 98 109 166 221 89 211 45 63 202 242 200 171 218 76 228 95 97 31 197 67 134 184 217 144 102 28 117 32 59 168 208 180 57 136 
70 : 239 143 95 206 121 204 132 67 241 211 35 185 145 247 191 71 183 48 225 153 237 78 201 79 51 90 72 70 135 200 76 31 62 234 126 111 68 161 134 105 108 163 216 227 
71 : 88 219 76 244 235 122 78 59 238 215 85 172 209 233 125 37 57 75 207 213 130 176 180 128 208 52 151 236 64 69 110 188 229 120 243 62 86 239 32 140 173 179 47 71 48 84 137 139 195 170 190 169 42 95 101 55 230 134 225 174 220 202 
72 : 73 177 62 57 161 207 51 159 29 174 75 55 176 108 219 35 71 224 211 90 72 235 165 197 230 91 190 175 141 145 237 229 196 98 45 192 215 204 64 132 209 189 33 53 153 79 247 
73 : 243 89 181 148 37 64 115 99 140 145 57 235 223 91 182 180 114 31 100 78 153 173 123 124 48 228 68 67 208 242 55 121 32 183 130 128 201 198 120 79 
74 : 40 69 125 82 97 193 189 146 196 126 187 60 113 204 168 188 133 171 229 116 75 221 72 185 231 208 216 145 159 194 222 191 121 103 92 101 73 213 143 219 78 25 147 33 164 48 167 237 149 79 
75 : 172 31 228 55 57 127 168 132 167 114 33 201 119 50 52 96 47 69 173 190 92 179 84 89 42 177 244 183 67 239 137 77 227 221 232 134 102 93 26 180 76 128 117 38 192 125 133 136 106 43 70 151 210 223 88 181 99 186 146 140 48 111 249 94 
76 : 65 35 233 211 144 119 165 142 225 231 90 234 192 106 241 53 205 200 111 43 86 213 104 127 160 171 87 102 219 30 147 120 186 137 248 117 39 133 72 130 84 203 129 154 101 107 52 73 49 99 209 76 
77 : 141 72 223 169 172 61 210 248 179 111 178 246 184 33 151 236 77 83 129 112 93 187 113 237 214 26 127 188 135 82 126 143 164 243 30 219 208 244 120 73 96 57 161 148 99 168 138 123 189 56 50 235 167 97 90 226 103 71 60 114 53 131 130 49 231 119 66 247 
78 : 242 131 223 183 227 120 94 57 40 245 192 231 139 191 158 105 92 224 177 174 112 53 130 26 70 235 68 36 217 69 82 61 230 62 93 155 151 
79 : 99 150 235 53 92 249 212 206 51 107 214 71 192 176 115 96 124 186 85 246 36 55 199 216 44 194 64 136 240 184 228 106 229 112 45 179 162 109 198 128 193 74 90 29 80 232 28 129 211 141 182 157 
80 : 204 131 186 85 148 163 157 201 67 195 52 81 68 96 87 53 91 151 205 135 242 183 72 158 232 36 125 215 172 217 240 29 49 111 138 113 79 181 110 71 100 92 65 33 190 55 98 185 165 51 202 106 162 130 34 236 206 223 177 137 121 249 218 
81 : 131 164 221 115 87 40 209 74 103 235 30 136 59 237 216 116 119 47 248 171 94 220 150 112 167 49 218 214 41 44 34 89 88 154 
82 : 162 56 69 99 238 106 97 161 46 186 203 141 108 64 111 189 172 170 147 51 103 158 91 26 209 71 76 39 78 129 110 149 79 231 44 40 179 241 50 117 197 142 148 169 86 28 102 77 42 95 57 
83 : 219 177 135 126 223 191 224 164 107 207 63 86 55 44 76 47 145 46 87 105 233 130 242 230 163 140 29 34 127 161 201 80 198 243 106 35 192 155 114 81 139 120 228 41 136 30 218 40 
84 : 142 61 69 239 126 178 140 159 135 31 217 42 104 58 96 183 120 127 71 57 162 207 141 25 90 80 231 48 238 117 208 176 218 164 79 95 39 232 193 223 199 203 213 245 234 36 236 226 62 202 248 139 224 215 212 33 200 93 237 187 91 240 
85 : 184 220 146 229 73 166 158 56 236 240 155 152 233 234 111 164 66 191 200 202 218 201 176 33 112 209 216 28 211 116 245 96 57 76 243 49 41 207 
86 : 53 158 109 184 110 117 52 241 150 176 233 96 147 239 57 135 244 157 245 26 240 94 193 28 33 177 198 211 125 114 73 228 137 248 130 99 40 219 236 
87 : 27 238 164 25 132 144 181 161 127 96 76 146 107 230 176 171 224 33 246 220 102 177 103 162 236 129 83 61 116 95 133 31 74 123 100 188 99 191 242 193 80 72 40 214 248 232 88 69 47 125 167 26 143 108 134 185 
88 : 128 155 90 71 163 29 177 42 94 165 176 47 130 154 97 198 56 233 171 157 57 33 136 229 138 152 139 53 73 187 59 150 45 30 223 119 141 193 35 226 80 238 96 126 245 190 102 202 146 54 132 66 25 214 234 200 131 144 189 107 191 69 133 205 
89 : 202 148 172 247 115 230 156 204 144 222 99 155 36 96 207 220 200 167 248 45 143 192 193 209 224 212 76 165 65 219 134 223 135 63 139 122 33 28 178 234 141 169 90 
90 : 125 87 140 121 132 93 49 146 48 31 162 188 68 64 57 78 204 58 39 70 143 100 56 234 214 222 84 72 52 54 142 55 174 88 129 216 147 124 71 135 40 95 205 227 199 138 242 90 101 218 27 157 164 46 176 197 179 232 33 191 76 137 
91 : 74 206 197 178 172 43 70 230 228 115 148 220 182 196 185 236 80 215 51 118 60 126 79 170 204 30 219 90 81 233 224 143 213 53 101 160 52 176 200 138 102 194 167 242 104 50 76 
92 : 50 90 174 183 219 178 155 67 187 29 70 37 198 36 238 162 135 186 123 154 129 41 85 176 148 98 54 181 
93 : 98 187 74 175 226 154 214 99 130 243 134 66 91 170 227 181 59 169 149 79 242 236 57 213 164 61 210 209 45 178 220 71 168 147 203 55 73 177 193 95 225 201 156 41 205 101 211 49 118 64 121 183 237 80 58 27 83 107 106 108 
94 : 30 211 32 150 77 93 51 134 232 234 38 186 111 209 99 138 219 230 120 31 189 71 107 218 242 105 50 86 206 240 165 201 44 188 124 193 226 
95 : 249 115 86 154 159 125 137 197 180 132 198 95 174 138 65 172 76 66 222 58 171 89 217 75 131 51 31 243 35 203 140 196 111 85 53 188 38 181 220 239 208 240 152 149 122 169 207 107 144 112 216 113 225 90 74 98 162 245 117 
96 : 115 243 86 54 202 179 28 96 229 175 29 46 113 56 89 25 159 227 125 192 195 68 213 189 209 51 35 37 169 143 187 121 220 166 107 216 206 152 
97 : 141 183 118 231 45 48 28 225 220 178 91 96 181 222 214 204 240 116 164 122 149 75 226 74 196 104 221 105 129 245 246 
98 : 167 123 166 220 188 25 226 179 192 151 143 228 139 125 49 189 98 165 148 245 72 156 92 96 60 34 64 132 207 195 187 234 239 71 84 144 190 109 211 39 247 236 217 133 58 31 232 113 163 238 161 50 85 201 43 194 75 237 176 45 37 235 
99 : 151 163 61 248 55 226 25 83 205 101 175 54 212 208 140 180 85 157 100 123 26 159 194 110 97 98 222 202 107 124 244 136 239 65 116 104 246 209 242 131 174 219 160 103 220 228 227 42 111 218 43 130 168 29 179 225 155 51 182 114 102 236 240 90 142 193 
100 : 218 50 133 36 65 81 52 182 243 86 109 247 166 217 95 127 66 73 119 83 164 214 239 110 242 167 107 106 76 177 79 208 172 170 194 183 41 124 160 147 85 74 90 67 163 149 62 241 30 137 
101 : 96 106 136 181 132 48 47 30 61 210 229 200 124 107 147 36 171 232 237 145 27 82 99 85 213 240 154 130 42 140 88 190 93 125 103 38 35 80 187 97 55 69 199 168 243 70 33 246 102 104 28 128 164 116 242 208 95 64 
102 : 105 122 33 189 138 225 214 26 227 219 154 244 27 230 109 142 228 136 185 80 205 145 44 39 82 134 94 173 70 110 238 56 206 222 100 242 151 125 123 156 148 114 168 236 186 248 218 91 240 210 73 42 211 120 233 60 96 191 93 35 193 221 165 
103 : 197 153 106 102 221 42 204 138 203 45 161 189 212 163 25 222 77 98 71 182 192 175 33 131 140 51 168 149 97 133 193 230 94 224 146 59 152 
104 : 47 59 214 165 52 104 99 231 128 35 54 167 192 208 110 62 121 238 126 38 130 58 161 177 87 113 51 221 77 95 243 171 210 196 92 217 50 100 33 172 174 48 154 55 176 26 162 186 105 182 143 246 
105 : 195 234 130 133 174 36 132 239 95 177 34 185 117 197 126 51 154 54 28 137 149 218 176 64 112 35 207 179 25 79 224 
106 : 241 103 177 220 247 76 109 217 50 27 108 106 218 225 114 245 101 35 45 42 125 58 213 107 30 242 164 179 175 231 55 212 206 172 188 249 
107 : 225 95 63 109 66 132 157 127 99 220 148 177 103 54 232 108 158 154 93 86 94 91 176 129 79 149 191 204 62 188 184 141 84 248 73 203 199 247 196 185 45 242 70 
108 : 71 152 206 96 126 26 68 75 169 106 32 48 116 192 197 99 170 35 239 74 138 238 183 72 98 34 241 160 244 131 188 54 202 25 119 27 103 76 247 66 163 135 224 37 79 56 204 47 217 
109 : 154 178 78 177 138 137 97 176 132 50 67 135 104 150 243 118 230 88 105 241 141 79 49 57 75 202 38 25 128 212 115 179 55 81 213 116 120 98 60 246 40 152 226 140 36 83 235 192 129 185 76 119 101 149 133 166 42 161 227 26 198 
110 : 27 239 217 75 191 153 211 199 178 87 98 144 26 94 181 169 69 214 34 221 70 120 115 66 37 135 114 247 223 168 190 55 233 63 81 47 133 93 45 
111 : 100 202 221 53 52 158 205 44 166 200 235 177 124 72 162 135 219 96 149 73 131 67 171 167 174 213 60 201 35 199 105 214 228 116 151 155 141 130 154 97 188 64 34 89 234 140 215 83 
112 : 79 245 114 184 152 215 100 166 143 34 90 242 42 71 217 55 193 44 225 111 237 59 186 73 230 148 
113 : 124 174 67 161 168 84 36 74 183 152 244 79 192 186 235 201 236 145 178 220 141 221 51 55 123 229 32 234 117 77 181 130 191 225 132 69 54 98 247 126 78 249 214 134 33 47 213 231 180 169 228 97 65 60 216 93 63 139 227 118 48 61 189 46 215 30 
114 : 170 125 57 72 101 165 26 128 177 243 122 137 95 138 84 56 133 226 123 184 180 135 210 216 81 91 33 80 58 186 139 29 212 231 145 70 97 99 103 179 155 178 
115 : 110 159 96 83 138 223 111 133 214 180 151 65 249 42 58 161 228 201 70 205 113 84 79 193 230 82 86 62 61 39 33 114 101 154 48 
116 : 51 242 154 179 202 33 38 87 129 153 146 155 119 192 249 193 94 110 183 45 128 95 64 225 226 218 198 61 210 93 79 83 234 245 213 136 230 175 152 42 54 141 158 44 220 60 
117 : 84 58 125 55 73 159 140 227 246 112 207 87 138 164 147 226 245 145 103 25 53 151 115 37 62 179 92 189 155 116 130 184 186 65 74 99 210 47 161 91 194 175 141 117 83 43 152 219 248 160 198 85 118 127 228 185 181 51 154 144 232 44 
118 : 161 114 64 186 45 175 234 65 103 53 70 75 28 82 204 156 179 92 228 39 235 215 231 126 200 112 138 225 149 102 32 86 33 217 183 69 60 111 164 101 236 125 150 104 88 187 80 202 209 76 219 197 37 247 213 224 188 159 163 221 148 83 141 71 129 72 40 198 137 
119 : 92 215 147 162 27 207 129 168 135 30 94 212 32 182 249 174 151 33 171 119 46 61 203 201 185 104 84 128 198 232 
120 : 91 207 126 232 170 31 38 227 34 155 140 86 89 35 158 130 160 63 244 185 118 96 141 112 183 131 124 
121 : 223 246 247 159 206 174 79 177 82 228 114 238 98 91 232 234 106 77 65 129 135 199 48 233 188 173 41 221 203 56 152 83 244 66 213 208 175 201 70 119 93 133 92 
122 : 210 137 149 150 208 50 229 138 57 233 145 111 116 182 157 175 180 134 214 68 97 247 216 244 107 170 234 71 
123 : 239 82 179 115 172 169 159 221 201 108 62 207 246 183 163 116 162 51 33 113 225 154 26 145 85 226 78 
124 : 47 33 148 241 86 155 235 207 178 80 208 131 35 223 49 152 213 230 145 79 191 168 146 81 136 209 39 89 234 176 111 63 228 38 135 243 165 196 204 162 119 76 120 26 43 140 50 219 137 214 68 134 36 98 84 55 53 108 62 133 74 114 239 61 197 32 170 202 169 154 92 
125 : 56 197 28 29 26 35 78 93 58 237 240 208 176 154 90 134 63 157 123 80 194 131 198 115 139 202 242 48 65 133 146 247 66 175 71 186 248 70 168 132 166 46 196 210 89 241 145 77 224 43 227 233 34 105 216 38 62 190 156 114 103 172 152 182 170 
126 : 44 124 110 135 239 204 230 215 68 50 61 115 38 102 138 186 187 242 219 49 214 144 52 96 67 63 177 47 199 133 111 113 222 37 197 217 137 245 134 201 81 164 188 103 244 77 156 40 
127 : 33 40 204 51 93 86 230 135 96 62 50 224 25 145 162 249 140 199 85 158 225 89 169 161 28 66 106 73 240 173 97 187 167 54 195 149 52 179 133 137 192 35 67 159 98 87 211 100 58 42 244 189 247 180 74 88 231 151 29 239 47 163 79 102 242 59 212 
128 : 149 129 98 114 187 101 152 178 118 105 161 160 157 205 54 195 106 53 62 52 127 214 224 142 111 115 203 192 218 234 208 124 76 200 163 79 229 138 247 216 94 46 26 85 109 146 132 88 197 28 25 39 213 196 125 
129 : 172 98 47 105 185 122 95 96 56 103 108 123 211 232 83 87 88 140 243 52 167 37 127 199 174 231 44 141 214 158 35 142 91 160 219 71 134 200 99 74 213 111 135 190 55 
130 : 142 199 50 118 85 248 212 69 74 137 33 179 87 138 116 234 119 30 53 197 86 108 193 39 35 77 
131 : 118 56 245 171 221 241 164 185 117 211 69 178 199 116 34 71 96 138 140 186 78 135 202 68 108 66 174 52 29 92 107 234 248 244 151 60 130 79 239 74 208 162 159 
132 : 143 227 218 210 178 114 136 223 131 161 236 93 49 173 103 149 36 115 155 189 30 209 124 231 90 77 89 233 165 220 242 53 67 55 190 28 221 191 197 65 125 27 204 180 174 184 74 39 98 46 185 52 234 109 130 62 160 170 88 51 121 116 150 195 205 240 25 167 123 
133 : 177 96 117 155 159 249 222 138 61 208 91 68 112 132 170 143 191 133 99 101 65 204 163 151 205 108 36 76 64 94 223 49 104 58 25 154 102 129 90 137 141 146 32 228 153 172 145 200 86 77 39 50 121 169 136 30 45 
134 : 156 181 167 233 178 242 163 86 73 45 221 46 146 243 147 60 67 51 141 168 34 90 134 59 96 116 204 235 194 202 215 187 89 234 41 154 132 144 142 137 98 121 81 118 108 37 225 160 72 175 213 
135 : 50 84 174 112 151 188 199 181 176 156 76 234 47 196 85 46 191 178 123 114 102 82 173 229 138 171 146 57 86 189 228 227 36 161 213 197 205 192 162 66 116 
136 : 240 49 156 84 85 39 52 233 194 153 74 83 191 175 212 193 141 30 228 137 64 90 38 73 35 177 204 86 51 118 55 45 71 209 78 162 219 108 226 114 173 75 171 210 224 27 168 247 182 127 179 223 186 93 234 105 56 166 63 225 106 
137 : 183 167 138 223 33 55 110 121 51 189 50 139 211 177 45 36 249 128 120 242 181 228 209 154 90 44 84 151 100 59 197 170 155 144 74 234 46 179 62 65 237 35 72 166 164 190 248 202 102 230 124 68 159 173 193 156 221 226 
138 : 144 189 95 115 136 70 51 61 193 157 174 45 145 172 233 246 167 60 248 235 75 204 165 222 102 85 211 215 90 245 230 62 161 209 160 36 
139 : 156 229 194 73 246 207 118 225 82 107 159 151 89 126 224 71 117 37 186 58 32 106 83 31 59 60 66 78 53 242 61 210 125 116 133 158 
140 : 138 177 63 77 200 122 65 27 135 49 197 31 43 173 222 139 62 115 208 202 130 72 85 61 225 181 114 119 147 78 41 101 76 198 175 26 160 221 94 164 209 192 184 212 104 207 86 102 236 56 180 178 99 47 243 40 234 112 159 228 105 36 193 87 55 189 182 48 80 149 
141 : 103 180 236 155 92 37 197 223 177 34 81 85 196 71 206 38 77 130 102 141 205 142 106 164 232 55 
142 : 72 58 50 195 217 201 52 67 219 95 43 26 221 25 181 90 103 63 107 81 137 197 101 51 133 142 82 96 40 138 131 160 143 206 170 156 161 85 113 123 27 91 212 89 114 
143 : 190 27 82 131 72 139 170 51 76 205 104 98 50 194 196 95 67 136 42 26 213 62 25 156 93 165 146 202 119 208 55 107 175 180 127 39 246 90 198 187 32 130 80 92 97 235 206 210 209 216 217 45 215 123 114 225 33 56 91 166 
144 : 65 109 237 239 53 100 181 51 141 80 50 140 240 217 129 182 33 151 121 61 208 130 214 204 160 148 37 136 195 106 242 110 66 246 42 36 111 103 162 84 131 170 227 180 201 78 70 165 76 81 185 202 94 
145 : 66 49 45 79 106 213 102 142 140 114 204 33 113 37 168 132 39 35 50 93 151 84 167 215 141 117 112 231 243 147 52 152 169 87 82 71 60 125 246 145 183 129 212 218 81 119 241 83 199 248 54 245 59 48 155 32 220 242 153 123 208 202 30 40 101 65 172 31 47 
146 : 88 81 208 32 207 49 33 98 56 74 225 156 247 136 155 85 151 171 202 194 146 100 112 197 78 122 72 111 152 95 176 162 93 244 129 
147 : 174 238 228 70 161 212 36 188 106 48 78 67 210 183 182 154 39 104 201 166 184 84 43 138 246 177 235 131 164 170 163 195 168 165 125 136 227 187 52 44 105 30 59 112 123 231 239 133 173 155 100 234 213 72 137 196 222 129 141 114 157 
148 : 160 241 155 114 95 44 140 71 164 223 115 237 157 53 183 229 139 138 244 125 83 178 142 145 126 192 187 35 70 
149 : 72 100 115 165 135 85 190 150 43 88 102 158 30 145 91 195 188 64 196 48 229 216 237 116 242 93 68 248 149 80 63 79 207 58 34 96 189 89 41 
150 : 82 205 230 122 164 29 124 34 89 54 228 248 120 206 135 168 52 231 244 208 222 157 193 113 221 44 216 241 88 174 134 129 70 199 204 211 123 41 209 78 92 233 140 201 173 50 181 57 161 80 85 170 185 234 167 95 144 126 191 
151 : 178 217 37 39 213 46 173 133 125 126 29 64 88 91 97 154 78 51 52 90 33 36 157 248 49 181 122 229 243 226 55 96 244 134 247 117 89 197 206 221 72 77 
152 : 144 133 212 228 152 238 160 179 150 32 199 189 35 196 223 147 235 244 149 203 76 128 137 186 173 222 164 47 145 192 210 108 181 191 72 135 234 216 113 197 98 148 102 182 87 134 119 
153 : 87 135 97 171 52 138 221 164 178 194 162 63 136 161 89 219 96 47 100 69 45 53 173 64 106 78 184 90 238 51 81 188 36 
154 : 35 216 193 207 71 125 218 102 85 147 180 196 137 248 56 215 217 142 210 175 162 136 173 29 240 131 220 120 44 134 245 26 43 238 105 68 51 98 66 249 239 200 40 58 119 111 72 235 169 130 60 48 179 187 74 49 84 194 95 80 59 79 114 222 
155 : 87 115 189 184 213 185 192 202 80 171 178 212 200 216 91 152 174 249 223 76 137 85 210 33 104 30 40 147 67 81 72 198 151 38 231 116 94 64 93 114 70 164 161 119 27 243 55 162 105 50 195 181 227 191 31 83 132 65 163 
156 : 88 87 190 56 205 226 149 183 43 92 186 36 129 147 54 72 211 83 219 82 162 158 237 78 37 100 197 148 136 217 76 115 111 51 99 107 106 155 227 58 104 101 126 168 102 178 203 230 235 200 110 90 27 194 118 143 
157 : 93 172 147 108 236 110 25 45 83 60 206 235 77 219 105 36 151 173 87 27 96 159 117 107 84 234 139 
158 : 241 93 222 228 234 129 43 88 48 91 104 232 82 212 138 208 171 63 106 51 65 152 247 169 223 133 177 179 167 225 80 144 210 45 83 107 110 60 27 170 36 72 71 245 111 180 186 127 69 182 118 201 66 217 114 249 103 218 47 246 237 64 53 191 140 58 183 56 174 
159 : 153 123 55 109 97 121 161 140 59 87 204 136 143 186 211 168 142 158 172 57 179 224 237 156 245 188 38 54 94 119 214 74 225 112 49 182 130 82 98 75 175 195 78 177 29 212 85 40 141 227 110 166 89 198 232 43 244 239 162 36 126 
160 : 86 158 25 96 74 199 244 87 132 62 224 222 191 245 164 71 153 236 89 229 121 165 159 129 113 157 240 183 174 192 52 217 160 128 146 205 88 247 225 163 82 123 40 139 48 112 102 68 99 156 58 94 202 101 55 61 230 166 
161 : 121 207 75 115 159 148 87 30 55 147 152 129 133 27 235 61 187 44 170 182 131 130 124 158 97 132 173 53 66 49 122 42 103 248 71 43 50 54 95 91 217 219 201 67 249 
162 : 137 84 145 242 157 224 25 86 27 245 234 202 247 141 96 48 41 192 191 248 70 66 39 134 171 235 211 207 87 150 208 163 85 225 143 126 129 36 170 106 51 130 47 221 168 243 166 95 206 180 44 196 
163 : 142 241 43 33 184 27 206 111 234 39 195 230 174 135 122 143 119 235 180 28 131 76 210 65 133 249 70 134 192 183 100 118 25 66 
164 : 57 71 108 247 49 75 156 79 43 40 101 188 119 248 161 178 141 158 134 187 177 222 195 109 78 81 51 225 246 153 46 95 115 206 184 229 25 200 87 62 44 
165 : 81 97 199 99 221 248 95 84 32 155 233 121 133 88 236 227 101 145 203 92 197 106 167 217 107 242 51 
166 : 45 176 152 173 67 84 82 115 165 125 217 39 248 83 93 74 174 222 99 96 221 144 31 108 154 236 126 201 58 182 
167 : 42 118 216 241 220 124 151 238 34 72 165 214 147 116 193 66 75 131 243 102 134 80 67 140 92 71 65 174 130 170 120 97 168 32 129 91 31 242 114 223 81 60 244 
168 : 139 125 228 243 41 195 97 30 75 47 135 249 64 88 196 227 134 216 35 192 157 244 207 109 189 220 168 57 91 110 175 247 161 239 86 218 152 163 151 56 70 201 147 148 48 66 79 119 205 131 122 210 50 94 123 
169 : 109 37 99 143 177 127 136 148 176 90 152 244 68 208 181 105 153 57 238 147 130 182 215 227 199 36 249 173 168 47 142 123 222 117 206 71 192 84 228 120 70 229 183 195 242 31 211 83 139 102 146 
170 : 217 159 101 102 80 215 235 47 64 188 36 166 219 69 96 38 25 118 161 121 110 44 236 175 246 67 62 103 164 232 77 
171 : 217 229 214 51 84 81 239 161 233 185 235 49 99 188 145 26 246 154 102 230 100 82 176 135 97 219 162 117 113 72 112 222 114 61 203 45 177 172 41 243 200 77 241 28 63 160 124 192 64 221 215 101 98 89 46 226 129 171 38 67 27 29 
172 : 209 50 98 67 128 127 122 62 196 220 38 112 249 54 136 40 49 29 121 116 82 93 170 109 216 159 68 33 247 184 61 126 211 155 206 140 187 176 37 42 185 178 210 83 147 115 64 65 183 94 76 142 231 225 28 214 91 190 246 36 
173 : 206 99 171 194 127 172 114 197 139 48 149 84 86 98 115 59 53 161 95 104 177 132 130 188 73 193 240 83 227 111 27 154 189 131 170 214 140 
174 : 115 38 175 191 59 154 224 89 213 55 58 195 56 29 67 133 94 167 233 103 144 52 117 166 132 112 237 138 174 113 235 226 219 102 75 248 242 100 139 187 194 165 
175 : 173 230 210 224 72 174 189 113 120 29 228 57 218 194 50 165 185 48 170 36 84 30 249 229 163 27 71 
176 : 38 183 40 170 226 175 227 191 178 59 83 104 220 77 136 233 187 222 132 212 33 108 58 85 61 152 68 78 107 116 46 210 249 117 53 229 200 201 159 66 157 173 147 114 106 213 97 80 98 65 102 121 113 
177 : 40 189 248 50 234 171 149 65 169 33 225 58 217 206 131 160 47 213 121 133 105 73 163 194 113 146 144 83 81 176 127 241 37 124 215 139 135 187 229 
178 : 136 33 74 171 96 100 239 128 95 227 118 37 238 193 177 85 233 44 65 142 103 191 185 245 43 29 134 126 104 63 172 
179 : 50 134 202 187 215 150 126 149 189 117 233 42 169 88 63 173 160 130 205 124 123 47 201 64 244 139 206 97 148 98 211 104 195 156 114 240 51 174 129 172 67 58 92 197 69 66 184 248 103 56 154 151 109 227 218 45 223 239 153 170 175 
180 : 212 242 165 68 118 52 197 210 213 146 94 100 227 117 119 42 247 98 36 157 220 168 26 185 106 79 177 181 
181 : 57 136 145 35 202 42 141 158 154 181 103 45 213 110 155 243 133 188 61 241 176 225 229 40 167 191 93 80 180 198 153 56 128 112 59 36 60 179 130 92 84 182 102 210 187 28 159 204 120 203 54 237 89 
182 : 238 103 228 206 71 161 138 94 249 43 209 26 45 151 105 189 145 185 218 83 214 224 220 174 67 36 230 229 210 164 183 156 213 90 110 203 181 118 44 91 107 231 
183 : 94 43 178 221 56 77 99 156 38 188 212 58 62 191 248 136 84 27 71 123 211 140 228 86 159 104 122 154 220 142 213 47 81 242 51 
184 : 234 196 136 150 224 44 25 65 89 184 82 246 237 70 203 153 167 188 37 47 29 223 187 214 109 101 36 68 59 183 52 190 149 242 204 35 173 232 119 100 172 202 231 222 239 105 132 178 226 74 93 208 241 245 155 113 40 138 227 63 243 96 98 125 60 83 154 174 201 
185 : 27 203 111 217 37 204 135 194 181 34 52 198 36 139 219 177 120 206 43 103 102 215 48 159 157 64 170 45 76 216 53 240 58 
186 : 222 150 169 39 142 113 194 95 115 203 135 80 108 164 200 131 116 246 198 38 188 111 245 160 72 155 156 202 31 183 229 117 71 146 171 98 214 247 123 242 227 67 172 82 176 217 69 66 216 193 104 54 219 223 74 124 102 42 148 
187 : 41 199 109 26 38 122 124 97 153 147 89 101 244 217 201 48 25 95 45 187 211 175 220 27 204 55 104 208 142 49 197 156 80 36 230 88 44 96 174 143 139 176 70 114 205 232 
188 : 172 125 128 142 168 233 182 220 82 81 248 243 138 137 36 51 120 161 57 149 41 196 90 224 139 153 64 236 121 207 199 173 219 71 100 127 133 63 216 46 187 76 222 211 191 185 92 89 235 221 87 110 27 
189 : 172 31 128 125 212 159 61 132 224 58 225 126 37 78 215 182 28 237 71 166 104 168 76 59 188 154 201 46 228 36 175 221 238 99 
190 : 50 247 209 67 179 76 69 171 248 194 167 35 95 93 206 214 156 96 91 144 47 161 53 105 158 49 152 118 132 220 242 240 246 71 192 190 149 197 185 222 121 103 131 106 188 107 112 244 84 75 44 191 
191 : 207 204 29 71 34 225 220 136 162 231 49 127 201 152 46 60 47 87 240 68 48 116 159 73 96 78 200 104 161 28 124 221 165 181 150 93 66 105 110 199 36 65 195 95 44 51 237 179 25 186 114 188 33 
192 : 58 190 110 120 192 194 215 241 62 83 78 33 218 87 231 156 230 212 219 77 85 239 242 56 65 147 249 112 119 53 238 69 
193 : 198 96 245 93 83 211 218 79 221 162 75 62 244 63 206 215 81 25 57 241 168 188 67 47 242 194 170 121 183 78 102 49 201 205 217 133 51 86 119 180 52 196 69 76 114 232 189 138 143 80 249 209 207 182 
194 : 44 223 153 118 86 28 166 212 206 99 244 176 54 117 122 103 149 106 29 87 40 208 65 33 135 140 94 124 59 247 123 88 119 202 56 100 172 171 108 43 183 163 89 82 107 157 34 62 111 71 69 95 128 169 77 51 
195 : 74 106 126 170 49 142 123 196 229 114 83 249 76 79 128 162 138 188 156 161 191 244 96 68 102 95 62 239 146 143 144 194 140 211 155 152 48 233 160 147 176 
196 : 36 39 192 213 53 219 141 62 47 124 134 30 180 121 98 109 239 225 229 159 97 60 66 125 190 89 113 32 
197 : 135 128 32 68 175 204 99 242 240 209 133 214 34 92 55 43 208 74 243 50 182 31 131 220 161 188 249 81 47 156 185 101 121 189 
198 : 126 173 237 52 189 147 140 208 133 225 195 56 204 62 60 182 43 63 171 46 176 48 74 40 70 218 37 132 244 207 170 159 209 87 228 67 200 61 105 107 144 114 27 47 
199 : 191 214 115 44 42 105 52 232 197 72 186 124 45 207 53 168 31 135 245 159 226 111 118 201 222 212 71 41 114 171 174 28 223 133 205 138 48 50 225 150 192 146 102 100 194 81 
200 : 124 77 49 241 131 138 179 66 135 127 237 186 133 27 245 154 165 157 159 25 130 169 37 113 81 115 30 
201 : 174 97 116 177 248 64 182 143 214 201 153 124 56 139 235 234 114 152 223 31 242 32 52 237 172 106 67 30 212 140 42 120 230 95 44 91 249 159 161 45 65 81 
202 : 47 196 36 159 83 199 52 147 214 231 61 67 128 162 118 222 212 45 170 89 68 42 35 161 166 182 81 195 191 109 197 210 116 157 112 103 49 94 204 220 239 115 149 234 96 211 208 202 91 66 230 
203 : 38 225 56 230 154 117 188 51 122 228 177 98 128 42 89 39 217 151 144 101 200 140 88 239 116 86 135 232 
204 : 141 132 90 153 104 85 143 59 25 82 46 29 80 199 189 186 169 95 172 200 50 165 174 27 98 227 38 77 96 
205 : 134 69 184 177 161 197 92 187 59 71 25 26 203 247 35 156 97 45 58 124 95 77 152 52 117 145 209 185 79 194 232 56 199 101 110 85 151 169 143 163 37 170 220 89 84 27 141 173 98 234 126 
206 : 248 180 96 159 220 66 143 33 170 61 44 98 57 117 214 156 242 72 203 81 163 90 212 120 138 94 207 221 106 29 82 102 46 222 228 181 
207 : 239 181 233 116 222 67 70 244 154 104 127 78 204 71 111 179 138 184 121 140 191 119 102 100 208 160 180 103 196 83 65 123 40 113 218 243 35 72 97 109 84 226 25 
208 : 113 211 195 188 174 46 102 238 36 112 39 104 222 27 220 107 52 87 216 226 84 72 128 242 233 97 232 98 247 154 35 28 185 101 125 196 149 26 148 78 68 218 83 57 117 109 63 144 200 199 
209 : 75 217 70 203 104 130 121 145 33 176 137 156 168 30 50 62 212 191 72 109 79 151 71 167 88 
210 : 186 198 58 61 155 97 247 203 184 145 115 87 168 108 207 84 33 40 45 90 98 39 80 197 96 245 70 246 46 104 49 229 199 140 183 195 83 191 30 100 59 205 131 99 47 192 27 37 117 242 162 52 167 111 29 134 32 212 68 200 208 170 102 89 118 105 56 
211 : 26 149 71 141 144 165 160 161 150 69 50 98 96 104 82 215 180 185 164 155 205 49 123 138 109 67 52 208 128 94 192 56 78 136 197 178 45 30 217 181 203 38 102 73 231 244 167 86 127 27 175 176 40 162 118 105 163 113 
212 : 90 133 69 177 192 168 25 123 35 205 195 108 188 200 241 208 144 234 68 51 54 237 223 47 165 38 161 248 227 56 166 238 239 215 45 110 109 162 60 83 53 106 116 85 66 31 113 146 184 243 137 209 132 65 
213 : 124 54 169 213 233 143 194 224 101 40 60 125 78 207 65 231 191 183 56 30 90 229 228 198 84 210 98 205 
214 : 127 231 100 144 117 132 198 220 204 124 86 126 39 82 149 52 121 31 98 233 32 185 28 210 34 195 65 219 97 142 60 30 164 73 179 93 66 209 224 169 213 27 62 246 137 116 
215 : 187 101 57 221 167 196 240 195 74 194 207 71 134 181 241 235 95 199 183 103 38 155 60 157 68 51 102 83 116 69 90 115 242 205 224 88 27 184 37 100 86 114 113 202 150 47 165 59 197 75 174 55 82 30 212 67 25 105 28 144 211 216 56 80 35 248 149 
216 : 238 134 53 52 221 210 58 141 155 60 70 185 137 176 120 131 115 116 43 61 46 37 203 242 124 148 234 85 214 208 202 186 211 157 175 26 98 181 224 213 226 59 225 67 122 91 74 190 162 30 56 79 76 237 183 163 177 
217 : 231 69 112 131 40 128 51 42 62 196 210 215 234 122 147 119 65 214 79 186 91 202 197 133 177 193 204 243 93 219 163 47 94 75 151 183 123 233 107 152 178 45 43 37 124 56 64 192 109 159 78 209 235 154 118 101 52 90 72 49 
218 : 138 249 151 86 51 156 76 147 72 183 108 38 234 170 77 127 53 189 153 217 143 221 124 73 232 94 103 122 202 224 238 74 36 185 48 66 35 206 214 78 186 26 135 59 178 243 50 197 118 195 237 244 223 187 
219 : 223 53 191 47 166 206 188 67 57 227 35 133 249 39 164 117 147 132 89 26 157 125 240 165 114 212 
220 : 216 120 211 100 143 163 219 210 232 244 76 126 248 86 79 145 121 25 136 193 52 157 33 238 227 128 176 207 71 46 27 153 215 237 131 40 195 200 151 
221 : 116 161 245 88 138 153 146 178 151 190 56 107 222 115 52 193 82 42 126 135 176 75 65 199 164 211 61 64 177 213 73 105 180 149 99 194 25 241 72 125 184 48 93 182 90 142 100 243 98 200 144 69 95 159 31 167 62 185 141 76 223 80 33 
222 : 246 97 193 225 215 111 145 233 56 53 166 71 85 249 102 218 151 98 40 142 89 202 191 90 217 194 128 127 33 165 171 178 192 26 180 236 245 101 126 118 65 129 91 244 220 112 176 207 
223 : 125 106 94 99 203 158 185 240 177 129 154 148 108 50 116 236 80 142 166 56 67 97 243 186 184 249 112 140 73 219 109 40 77 68 28 89 187 215 162 231 46 71 176 
224 : 173 213 249 169 221 33 67 217 34 147 80 197 208 30 181 126 228 170 247 180 81 248 215 216 212 60 178 55 92 106 219 45 105 128 168 50 26 100 184 172 174 201 95 202 44 37 199 204 166 171 
225 : 158 49 67 71 212 198 168 74 148 27 25 44 92 137 86 249 230 45 82 167 200 181 52 88 140 29 204 117 242 125 206 226 99 
226 : 124 210 115 237 225 196 56 162 141 236 128 41 184 81 144 78 33 134 218 28 27 99 109 213 29 62 233 65 101 228 189 87 156 229 95 60 36 58 34 227 192 
227 : 243 215 214 155 67 200 103 39 202 147 176 145 232 53 221 175 113 217 197 66 166 58 136 101 242 90 225 81 44 98 130 46 159 173 161 196 127 91 62 75 122 105 104 27 151 107 172 134 174 40 117 230 177 
228 : 219 156 163 186 209 32 185 198 80 60 31 241 238 139 188 52 107 149 71 75 226 142 158 147 162 118 177 95 237 109 154 126 26 45 245 211 212 143 218 64 88 225 69 84 68 61 34 190 205 166 180 25 227 236 239 220 244 
229 : 86 65 239 58 125 88 123 27 175 235 154 137 75 172 99 87 145 153 198 196 219 149 226 97 190 244 192 156 211 171 114 61 161 
230 : 135 140 96 115 53 201 193 114 227 87 67 128 242 69 45 231 195 85 247 152 44 190 206 213 109 113 112 203 29 50 197 145 
231 : 164 170 148 193 109 242 229 240 154 125 83 35 189 124 243 54 181 239 160 118 185 108 241 102 147 192 81 215 169 143 87 159 30 44 114 104 136 219 183 186 50 139 211 182 167 132 89 119 141 195 36 39 55 40 58 138 202 244 150 73 199 188 48 107 130 110 
232 : 45 79 196 58 214 75 186 28 202 30 158 227 87 180 245 149 142 248 57 209 117 104 157 38 80 135 114 249 65 179 175 239 37 33 118 211 138 131 228 123 137 203 144 225 160 92 
233 : 45 36 38 64 84 139 47 218 81 167 160 150 213 108 179 57 56 44 214 161 223 133 174 192 99 28 117 186 216 246 115 100 215 
234 : 162 165 71 189 200 148 187 244 172 154 111 30 210 44 208 209 121 167 92 57 62 60 239 113 91 246 229 185 242 120 110 163 67 85 180 69 161 63 155 143 236 199 149 35 151 207 48 
235 : 137 183 106 224 78 101 43 52 146 64 145 158 175 81 87 189 107 99 62 210 221 72 66 173 112 172 205 76 243 165 242 
236 : 102 164 119 73 229 197 75 49 213 240 121 67 70 211 131 183 87 60 72 188 44 218 159 220 242 26 126 141 127 244 100 88 
237 : 114 81 63 56 36 190 110 237 49 199 37 51 95 38 109 115 70 60 164 42 76 127 209 244 121 220 227 105 232 48 135 144 162 66 169 85 228 229 58 147 184 123 57 240 153 120 249 73 47 149 173 106 248 179 101 137 30 157 245 64 75 193 92 155 222 206 97 214 130 61 167 
238 : 68 42 232 211 108 141 27 243 234 25 69 50 122 79 205 77 149 121 73 239 85 101 156 222 102 84 198 53 129 247 99 228 52 227 140 229 107 179 230 172 67 72 29 189 197 70 111 123 104 106 
239 : 241 220 138 117 25 91 245 58 197 182 169 130 146 104 175 189 223 240 219 66 134 78 31 70 165 36 88 85 28 217 40 111 46 195 184 161 68 150 230 41 72 186 79 194 247 98 
240 : 185 248 58 87 170 71 84 205 135 109 85 88 159 168 172 119 121 127 69 50 236 178 93 59 166 241 31 29 67 216 68 221 228 239 45 234 113 117 176 44 206 198 95 104 179 36 223 38 169 191 81 111 39 161 142 187 225 165 232 186 94 
241 : 192 170 26 76 162 108 186 50 201 46 34 31 147 91 167 49 85 111 164 130 65 149 56 28 119 248 25 226 228 120 222 48 29 152 165 197 138 148 95 84 132 114 74 112 203 151 72 230 79 62 172 36 153 89 71 209 249 100 83 57 
242 : 190 232 220 55 130 193 181 145 107 165 84 109 176 179 25 112 170 205 219 60 249 106 187 169 173 95 157 54 159 77 183 210 148 213 134 121 239 79 30 56 195 212 229 203 188 43 189 88 209 215 225 196 120 138 87 144 42 105 
243 : 211 72 150 204 60 174 94 97 142 219 163 249 201 79 182 74 179 87 35 158 175 208 218 91 180 77 128 50 57 235 246 84 108 46 52 99 226 124 185 138 168 114 129 62 223 135 41 243 27 191 193 196 195 
244 : 149 140 246 123 63 173 51 109 154 130 199 102 50 182 164 158 30 238 129 207 177 84 117 159 99 241 185 105 55 180 42 131 215 174 183 148 202 103 219 128 237 165 214 
245 : 117 63 170 238 26 151 35 48 54 229 158 114 134 222 88 246 130 174 72 55 103 155 135 209 139 147 195 51 233 208 247 171 96 210 186 181 124 80 79 215 241 91 113 107 116 197 56 167 90 161 77 47 178 95 199 200 205 159 
246 : 50 227 202 26 122 228 105 126 248 73 141 103 186 204 215 42 136 63 88 232 149 120 77 115 112 56 95 37 137 43 107 172 171 222 85 235 210 221 108 30 134 34 99 233 116 83 142 129 29 230 160 226 239 181 45 118 238 35 188 211 114 165 84 219 147 243 156 207 143 
247 : 127 146 95 203 143 166 230 215 248 113 207 92 170 154 56 128 219 55 211 102 137 110 42 179 131 187 206 111 243 134 242 34 79 46 77 65 155 212 194 209 133 199 231 58 236 132 244 216 30 83 124 104 164 175 249 165 49 66 161 195 78 235 
248 : 67 82 247 46 208 171 34 112 160 62 132 244 243 38 98 33 50 207 101 217 118 71 228 77 26 115 93 175 143 64 86 92 32 76 114 159 198 135 42 205 186 183 30 181 148 109 188 117 234 133 196 246 145 157 120 
249 : 31 149 98 122 128 90 199 211 135 185 121 116 148 241 244 74 221 69 248 238 228 190 110 197 239 68 143 29 153 219 36 231 212 83 129 123 226 234 
250 : 182 227 44 162 97 32 175 230 151 232 137 45 160 139 46 208 183 109 211 89 189 220 153 73 106 158 71 126 27 47 224 26 113 145 156 154 86 60 132 163 69 228 93 31 237 119 96 28 42 117 57 225 127 180 129 215 84 82 199 
251 : 169 90 98 222 218 121 64 242 148 40 157 119 58 170 127 152 66 137 132 70 71 185 228 171 30 39 89 32 195 174 105 141 59 233 29 51 125 192 114 187 131 94 126 61 
252 : 184 38 95 165 156 231 158 84 198 98 33 120 118 171 208 219 236 211 60 218 200 151 132 241 222 78 27 192 230 221 42 106 121 146 117 134 124 187 72 220 224 232 85 128 46 25 47 186 29 170 206 82 246 45 162 240 199 145 164 32 125 73 
253 : 85 165 126 29 217 231 147 101 137 127 152 39 56 199 90 239 174 170 134 103 151 52 168 96 78 237 193 184 226 194 
254 : 193 212 103 245 155 100 185 123 242 65 201 49 220 126 89 206 224 41 51 153 120 127 132 53 84 217 171 226 76 211 134 
255 : 117 41 119 34 134 135 103 93 80 241 68 170 156 219 51 212 32 208 189 52 143 69 96 55 188 49 62 150 33 236 106 50 187 92 85 131 249 35 72 165 248 36 190 43 239 183 182 205 124 42 116 
256 : 36 189 40 30 105 228 60 143 179 116 125 61 41 27 52 107 126 208 244 183 232 74 35 62 97 148 201 206 101 66 205 138 99 103 247 87 194 78 229 172 96 192 145 218 135 26 223 193 59 110 69 246 71 
257 : 34 243 56 175 60 182 121 122 81 50 240 52 71 147 54 39 247 246 210 143 181 136 221 225 224 92 227 
258 : 115 247 90 194 195 82 226 158 162 190 159 84 102 183 106 42 237 89 52 69 29 99 109 189 56 118 207 71 101 135 180 249 94 34 133 77 55 87 191 153 212 100 104 145 95 72 201 172 33 123 64 49 211 80 
259 : 146 193 155 179 241 150 33 117 140 224 191 231 106 94 119 188 46 63 239 168 32 30 84 167 201 69 95 204 242 226 206 228 244 124 220 238 156 138 91 130 49 134 50 202 161 45 218 129 56 234 163 26 107 229 75 247 233 197 170 97 74 127 77 160 66 222 89 57 
260 : 100 99 155 152 180 187 138 101 222 48 41 85 98 27 139 227 67 150 133 109 236 95 162 244 183 172 246 107 63 185 128 196 157 80 208 83 44 145 50 218 119 57 158 170 106 161 39 142 52 209 171 247 60 245 132 122 200 191 127 120 160 125 134 92 96 49 
261 : 246 141 183 177 218 159 107 153 216 38 203 217 182 128 150 129 108 84 239 197 147 98 249 169 175 90 52 
262 : 142 123 59 220 174 103 173 27 149 245 32 69 191 239 184 30 242 232 163 137 175 133 194 82 147 201 190 224 74 96 36 209 40 139 44 
263 : 60 194 138 84 170 64 140 208 41 213 218 128 91 99 174 203 36 115 62 154 225 69 147 139 130 206 58 199 35 65 112 242 122 134 186 55 189 192 108 180 171 80 113 37 229 153 220 212 143 248 127 246 197 191 77 
264 : 39 97 105 207 65 147 64 219 145 41 80 227 134 186 55 162 221 173 235 112 158 107 225 197 185 196 125 208 98 144 50 28 170 211 212 71 63 114 213 182 37 188 179 159 157 240 116 189 75 81 110 56 27 230 187 44 217 83 
265 : 70 33 41 81 63 38 104 101 163 83 118 234 96 78 34 202 220 122 106 203 79 218 181 121 120 238 235 183 91 88 217 245 191 28 115 246 198 32 116 155 110 182 197 30 185 222 212 89 31 176 48 157 52 99 248 136 231 243 151 59 56 229 126 208 164 147 
266 : 40 47 168 241 64 210 121 148 147 233 104 166 248 238 235 245 36 131 49 114 143 103 118 192 125 164 144 68 93 39 170 195 113 63 189 38 215 220 52 230 41 198 59 156 219 158 213 236 27 117 243 71 188 173 128 58 221 135 232 146 165 37 115 80 87 161 50 218 
267 : 74 146 181 38 51 159 201 92 175 138 214 205 158 101 96 215 66 150 244 226 210 25 103 29 100 28 43 63 149 191 160 97 50 67 48 76 98 70 39 47 85 222 193 64 185 230 133 169 27 184 62 179 198 88 108 233 34 45 124 91 229 111 238 207 
268 : 41 57 130 66 42 60 55 235 27 34 50 70 195 40 90 192 39 249 143 144 248 154 67 215 105 214 124 125 204 234 216 237 97 44 178 236 56 86 100 30 149 200 224 213 93 106 175 
269 : 36 37 112 27 200 59 31 62 72 98 202 197 89 47 152 78 238 206 107 48 140 66 82 137 216 222 122 178 102 126 154 30 211 245 217 50 103 57 224 33 234 26 114 95 67 182 68 167 34 55 208 248 142 247 144 127 133 87 121 218 81 179 131 56 124 53 
270 : 100 47 90 75 202 167 186 217 148 221 152 55 74 236 66 146 145 54 144 162 111 213 29 137 35 164 190 53 163 102 134 38 183 79 150 248 194 215 50 191 214 232 139 209 27 188 160 60 95 34 185 62 124 51 59 240 158 211 46 
271 : 235 224 40 158 67 180 74 167 148 188 48 39 53 45 28 134 27 177 170 118 193 33 227 164 98 125 197 212 153 34 185 150 198 81 223 104 234 60 133 132 128 70 32 63 154 140 37 84 213 29 121 108 91 176 94 82 
272 : 109 41 123 210 198 60 235 40 193 164 241 163 73 219 168 209 223 237 26 139 91 131 166 77 243 161 68 167 230 133 118 30 58 214 99 178 75 96 169 110 70 245 112 115 107 233 172 144 134 182 226 
273 : 242 51 122 102 177 91 244 191 134 38 70 27 167 169 34 85 106 240 72 187 142 128 236 89 151 124 153 45 186 61 229 218 202 83 215 168 44 197 130 137 196 77 211 55 86 192 40 221 73 183 
274 : 159 196 93 66 81 173 194 208 167 79 125 135 42 166 211 223 108 218 171 197 54 85 89 53 157 37 175 51 71 192 86 77 127 105 118 200 30 155 215 176 177 50 230 70 43 195 114 96 210 58 67 102 193 121 44 203 133 162 178 140 82 169 154 
275 : 187 126 211 213 241 66 76 223 81 116 227 79 146 85 180 120 27 103 161 209 127 206 242 228 90 69 244 97 145 238 96 162 75 236 30 53 157 115 68 237 107 136 164 122 64 49 78 183 148 217 222 58 232 
276 : 161 130 26 244 91 60 236 228 57 122 165 151 234 39 70 192 211 205 118 179 215 178 188 167 190 216 52 54 187 202 80 149 116 170 232 125 69 38 175 27 203 115 143 141 231 81 200 148 77 138 201 241 82 154 31 131 245 61 176 237 50 207 193 164 58 
277 : 139 56 114 135 226 140 220 32 42 188 207 67 172 157 238 184 98 200 215 91 145 130 218 161 180 148 237 155 156 110 133 243 204 70 233 33 235 125 217 160 111 112 127 178 191 40 247 170 25 246 44 154 
278 : 171 72 185 28 60 206 50 127 96 170 120 33 211 232 218 123 155 176 204 196 187 143 139 180 44 73 36 184 228 195 156 191 194 208 
279 : 36 148 185 66 28 126 189 197 76 105 231 131 79 88 56 236 29 183 143 136 40 135 192 172 147 70 86 77 104 152 144 177 61 134 64 112 156 159 118 212 102 37 190 57 145 81 39 167 233 198 206 35 115 238 220 62 209 173 171 109 225 248 49 174 74 
280 : 86 234 204 178 225 209 155 167 179 211 203 222 98 201 36 125 183 172 129 114 226 214 27 40 224 202 146 207 62 83 
281 : 154 200 107 201 238 48 46 57 185 29 204 180 88 44 71 89 114 84 221 124 83 163 224 225 244 50 103 80 63 133 31 52 110 51 227 119 141 138 237 218 191 248 137 164 58 190 
282 : 61 43 174 83 160 112 167 32 37 241 247 186 123 56 80 233 29 170 90 142 118 102 84 30 223 222 198 134 99 95 
283 : 154 91 25 138 81 171 29 97 99 244 141 66 89 153 194 135 193 125 64 225 240 234 83 160 221 184 46 213 167 181 128 204 40 84 242 41 196 162 230 232 191 157 92 149 161 239 190 107 243 188 42 87 43 109 60 90 38 100 
284 : 144 102 100 95 30 153 73 212 53 162 62 161 71 142 246 50 39 74 150 48 40 249 216 64 138 239 134 72 130 170 237 149 117 36 244 183 26 133 163 171 204 152 223 105 68 230 81 155 67 160 90 49 125 108 173 85 175 38 
285 : 59 191 164 100 175 230 241 82 231 173 116 199 168 238 117 53 234 160 66 43 47 109 34 134 171 112 124 165 114 57 184 162 30 52 121 54 46 131 103 123 232 247 198 144 122 48 182 193 150 120 28 217 249 185 209 139 222 180 35 31 177 44 108 93 39 
286 : 179 211 189 170 45 161 197 143 32 149 72 74 78 171 220 205 97 153 177 139 102 118 44 203 57 83 210 158 69 224 209 107 108 168 208 216 178 133 85 48 116 99 198 95 162 31 101 73 184 26 98 66 79 164 52 84 47 181 245 46 122 91 36 185 
287 : 79 56 165 115 96 36 72 60 248 33 100 166 70 161 162 98 35 83 77 50 81 196 46 114 55 159 163 58 157 45 104 139 121 113 150 244 237 126 143 155 
288 : 145 70 240 101 119 89 79 132 44 188 114 69 84 99 148 142 207 141 51 213 41 214 60 241 206 221 43 130 48 140 126 65 136 154 155 193 
289 : 230 190 206 96 31 135 218 99 108 100 126 238 80 249 134 117 119 151 171 49 112 224 121 211 127 236 116 91 227 185 67 30 169 231 188 56 194 245 202 198 208 45 175 153 242 181 101 55 131 201 193 187 105 87 86 212 50 237 167 247 165 166 145 78 69 47 199 43 138 143 240 
290 : 174 228 225 220 191 197 114 160 84 227 238 93 236 240 248 34 157 155 177 88 170 162 108 189 47 63 203 70 142 131 125 
291 : 190 170 248 117 156 149 230 153 50 193 183 219 130 40 106 134 178 95 37 212 163 132 111 229 56 184 210 162 71 
292 : 37 125 212 191 203 94 109 179 221 176 65 31 188 59 128 213 64 60 116 223 228 29 113 235 39 245 208 157 123 40 177 34 211 111 187 86 130 209 73 88 58 48 27 164 220 248 184 35 63 172 166 226 195 119 122 52 
293 : 197 124 73 131 160 26 100 67 38 29 178 208 41 219 40 201 34 205 249 207 136 242 154 245 183 200 139 224 133 70 166 77 151 226 186 91 150 195 83 89 72 159 82 246 116 74 86 157 36 98 192 43 182 105 52 132 143 
294 : 39 179 80 81 112 122 187 54 55 137 185 172 27 215 123 245 67 170 222 158 65 105 82 216 236 146 208 100 226 247 89 188 230 38 238 30 87 200 195 232 28 46 212 35 214 56 128 155 124 205 175 166 115 68 120 220 135 108 203 162 33 106 
295 : 140 62 36 227 155 47 195 134 71 220 41 191 189 172 228 141 209 102 30 244 88 123 142 27 100 59 150 236 222 145 133 84 104 154 211 204 144 98 50 79 131 230 64 232 210 38 237 139 89 126 215 119 108 234 49 213 219 175 63 186 138 198 116 78 46 
