0 : 165 67 150 168 194 97 161 117 132 33 34 170 64 245 201 29 35 187 169 230 27 137 138 50 160 95 163 25 127 104 79 189 167 218 152 32 143 185 229 135 190 61 82 131 231 126 180 31 159 178 223 173 118 200 177 71 243 69 54 172 247 221 39 158 36 86 114 217 227 
1 : 101 56 36 67 244 80 173 161 92 249 188 215 62 98 30 100 137 119 79 175 51 94 126 31 166 159 241 109 59 
2 : 60 75 49 80 38 220 63 55 151 74 52 47 45 124 198 222 248 234 149 240 204 197 134 27 143 175 90 53 116 64 66 112 34 156 40 153 68 96 163 106 142 158 33 157 30 225 89 57 28 58 39 242 192 214 185 95 164 249 111 51 182 133 70 107 201 86 200 110 138 213 54 32 83 
3 : 199 147 88 26 126 62 232 64 137 201 106 165 25 77 219 52 128 243 207 188 93 73 115 67 38 169 237 216 189 172 116 179 244 39 109 154 166 205 148 89 76 59 230 55 65 95 113 104 248 85 112 
4 : 65 50 108 88 37 147 87 145 208 198 62 105 121 36 200 39 146 75 109 235 137 123 42 229 239 243 100 168 174 
5 : 139 177 90 182 205 84 41 118 59 105 137 152 195 26 141 189 42 51 85 148 74 140 224 116 213 135 225 239 244 38 203 58 194 237 52 215 191 88 122 142 218 99 227 97 153 129 201 246 206 178 216 171 45 217 132 163 29 36 233 92 55 184 75 53 193 162 187 28 94 61 238 128 
6 : 245 149 194 45 139 222 200 36 229 43 190 236 93 96 223 85 91 86 128 62 124 170 171 49 106 89 109 225 235 88 28 77 243 209 76 161 174 141 152 158 113 207 210 44 160 35 95 52 178 123 82 142 47 249 33 176 97 205 120 215 
7 : 117 29 94 201 93 210 189 98 39 67 198 72 96 151 202 175 203 236 208 170 61 63 246 127 95 154 50 228 226 181 90 209 245 25 104 152 109 165 240 136 81 193 196 248 200 
8 : 124 233 174 173 70 25 48 71 87 110 212 205 26 178 225 170 232 77 27 89 195 166 184 35 135 132 55 159 36 182 64 57 99 118 30 136 29 142 213 80 47 185 196 149 244 188 129 183 177 156 189 163 137 199 105 65 104 
9 : 166 64 242 185 74 44 239 30 243 227 189 215 235 216 121 85 60 89 98 209 40 198 193 167 53 160 204 181 131 139 241 136 164 103 201 233 66 75 68 114 91 28 234 248 219 170 135 146 73 238 52 111 143 122 48 104 214 171 207 125 244 35 108 76 36 221 47 245 51 182 79 77 152 
10 : 92 110 98 30 184 209 129 58 102 111 203 105 149 72 204 123 228 192 237 234 120 157 182 229 77 150 38 155 174 245 221 114 217 230 216 74 222 188 200 178 180 156 195 89 191 218 243 118 117 96 194 214 175 130 88 46 187 
11 : 227 135 99 224 176 138 61 67 94 112 246 38 186 62 181 96 98 116 158 184 57 127 70 216 84 161 27 29 133 241 226 190 209 131 128 106 203 132 206 97 83 195 101 40 247 199 50 248 159 170 77 160 208 65 165 207 218 66 134 202 243 31 129 80 42 117 114 
12 : 124 51 83 81 139 232 202 246 34 248 74 123 72 164 64 66 121 162 109 204 134 50 155 160 77 33 85 192 148 96 185 39 130 137 27 201 149 238 
13 : 72 68 86 224 229 149 159 141 73 242 42 232 30 222 82 131 81 197 142 138 235 196 78 178 118 112 58 164 105 83 129 45 135 
14 : 134 143 82 157 164 238 249 120 248 163 234 33 149 57 236 206 111 50 222 135 166 175 74 146 100 72 109 60 153 41 151 147 241 
15 : 243 247 122 85 195 184 62 143 228 31 222 170 180 34 196 157 57 30 108 151 78 171 132 248 166 203 233 115 198 86 77 90 165 40 69 32 226 163 47 58 139 48 179 73 131 96 107 33 140 50 111 46 101 141 169 216 80 76 161 
16 : 48 233 123 220 199 210 214 25 124 58 39 157 184 85 141 45 219 183 230 33 211 117 69 202 215 149 119 185 176 198 98 81 36 242 152 65 205 197 92 72 28 213 56 144 54 82 222 115 101 78 208 134 79 246 32 132 127 63 181 41 128 89 166 93 
17 : 110 36 217 239 205 106 187 104 171 218 89 56 97 207 142 152 74 242 50 179 90 82 190 169 181 99 45 118 55 100 143 199 146 91 240 95 210 157 81 164 136 
18 : 133 97 143 40 127 114 222 134 223 219 44 92 181 60 241 185 46 239 50 187 246 48 205 159 125 137 54 230 163 25 202 170 236 243 177 79 169 95 160 49 167 132 144 28 141 110 217 158 41 196 224 171 87 94 98 175 183 242 203 229 108 
19 : 99 38 172 124 175 123 84 191 120 139 81 166 246 230 59 78 55 149 223 42 136 196 222 189 199 
20 : 163 185 38 192 64 214 186 125 95 130 73 27 142 157 146 103 55 56 176 83 114 50 25 162 30 60 233 217 63 236 235 132 102 106 42 48 101 213 86 76 77 143 150 43 215 204 226 246 91 244 202 138 156 220 207 131 99 129 177 36 222 31 75 230 128 209 196 199 174 210 166 49 88 
21 : 180 226 222 158 209 157 159 109 37 189 34 121 99 117 206 58 215 114 165 97 75 82 66 217 167 199 228 74 135 235 89 79 203 140 57 90 43 194 100 204 154 40 70 59 63 83 81 61 178 95 98 133 148 41 191 160 112 141 134 218 125 130 
22 : 184 211 159 195 106 100 232 90 133 154 210 138 163 132 168 225 236 53 194 95 203 80 155 158 31 149 66 87 45 85 78 98 231 37 28 227 162 208 68 65 172 108 157 148 120 249 167 69 204 141 51 237 144 119 35 222 116 70 175 101 74 58 131 77 122 57 173 209 115 240 147 26 
23 : 210 171 123 28 119 58 40 202 156 44 165 234 166 41 144 114 87 133 233 207 160 178 65 182 192 147 85 244 53 121 112 59 49 82 142 216 117 100 173 240 179 191 66 180 86 83 143 150 155 132 215 183 57 98 92 135 
24 : 245 172 76 69 101 215 53 152 52 226 117 114 103 210 157 37 180 98 135 175 66 29 36 234 218 156 132 247 81 123 168 105 178 
25 : 34 100 81 147 219 116 54 192 142 216 83 198 233 103 214 127 35 25 101 223 202 46 122 69 85 93 105 150 139 52 236 67 96 41 99 158 224 60 87 215 144 33 57 109 172 125 226 
26 : 244 26 69 211 138 230 174 107 193 48 191 46 204 167 216 119 164 47 106 145 95 90 86 77 242 36 222 248 155 156 143 75 98 219 200 224 101 131 40 105 237 136 130 29 220 247 125 212 214 196 70 56 42 186 55 83 28 243 184 44 140 234 241 188 198 99 236 100 
27 : 58 109 176 145 205 240 119 80 137 123 76 39 242 77 72 229 97 64 63 244 199 108 219 38 233 102 209 99 49 46 128 156 132 178 71 190 105 196 33 36 59 158 61 175 57 187 230 129 53 226 86 152 207 143 225 135 107 51 214 116 124 
28 : 161 92 182 200 52 237 69 183 239 55 65 101 189 28 231 203 53 32 209 156 141 218 173 136 132 123 151 196 181 139 224 185 91 226 176 137 233 215 244 143 117 81 43 213 180 66 130 186 170 76 194 94 175 228 73 104 83 191 
29 : 181 161 87 217 224 75 98 28 112 49 56 249 97 175 148 65 149 228 48 189 162 205 210 188 236 183 246 151 71 127 130 105 104 223 66 122 103 158 174 218 197 95 70 124 81 68 229 140 226 120 89 135 195 231 34 201 166 57 45 241 191 233 94 116 164 76 141 63 
30 : 180 109 32 225 47 76 121 41 60 80 86 113 102 197 56 84 51 106 233 193 146 237 171 95 101 224 173 27 184 94 
31 : 155 200 130 65 237 45 113 126 27 220 184 46 41 142 56 216 199 122 31 28 106 117 86 151 139 40 53 162 141 234 187 195 74 189 218 50 204 66 213 25 58 206 215 207 219 193 230 161 118 87 175 37 145 160 244 211 109 223 217 150 231 245 32 
32 : 233 116 109 83 227 118 115 106 199 140 216 110 188 75 213 72 120 242 234 187 142 235 76 182 158 232 206 80 87 174 129 143 228 123 170 78 136 56 177 62 113 150 97 
33 : 157 194 102 240 106 155 62 71 28 161 121 37 47 55 104 216 174 87 177 45 164 189 119 213 207 118 98 168 179 109 54 239 227 
34 : 207 33 104 197 84 180 93 173 220 114 54 25 90 96 79 170 60 47 204 168 65 107 166 136 28 139 69 36 230 26 127 101 61 109 247 244 85 76 203 161 249 
35 : 110 220 182 214 40 160 97 102 161 171 201 151 79 103 174 200 53 142 81 72 78 152 33 85 158 178 166 63 144 217 76 243 124 194 230 116 195 48 80 87 211 137 34 202 173 156 27 221 154 190 106 192 210 59 70 130 153 39 132 242 145 95 47 26 224 
36 : 46 63 73 134 51 201 37 180 220 188 174 208 214 249 159 110 248 210 183 244 139 166 238 173 38 147 43 119 88 186 31 246 123 105 28 49 138 169 232 152 53 158 165 176 177 240 67 66 194 215 171 76 237 
37 : 26 101 187 57 96 139 109 83 147 177 75 92 127 94 232 163 184 168 78 193 40 243 106 123 169 107 113 128 72 119 117 248 138 150 227 118 85 112 64 203 239 87 102 68 61 152 146 111 143 210 188 132 130 192 39 191 131 160 153 136 45 81 249 55 244 194 190 217 204 176 44 48 
38 : 82 132 148 233 37 114 209 118 110 153 159 88 80 67 230 173 28 207 215 129 51 78 57 204 190 156 56 223 175 119 25 193 33 228 87 133 121 135 54 160 248 147 142 92 214 29 191 194 40 107 
39 : 145 212 101 221 179 147 234 121 78 233 38 115 88 65 172 236 235 205 98 169 139 211 224 127 35 159 48 218 58 32 207 64 61 42 45 41 52 122 168 141 174 239 161 199 62 232 86 247 140 170 74 158 107 227 216 113 25 223 93 202 163 231 203 68 157 110 130 138 119 210 
40 : 128 179 112 237 82 34 51 238 189 197 73 159 194 219 215 30 85 168 124 140 204 48 36 71 182 220 138 213 110 113 68 216 241 191 44 60 42 109 170 195 129 166 163 111 114 137 86 107 158 143 169 174 229 117 222 199 63 127 46 41 69 
41 : 203 159 55 197 187 86 228 70 165 38 117 142 214 119 41 205 87 129 204 219 105 108 132 28 222 85 
42 : 56 163 52 103 43 36 35 181 107 70 46 133 175 211 27 29 213 62 244 86 196 122 68 238 198 59 119 245 101 44 104 165 202 178 192 174 42 109 45 221 217 228 102 149 96 110 78 63 80 227 224 151 226 199 89 233 152 186 142 241 203 160 156 125 138 105 197 210 134 94 88 155 237 
43 : 108 191 165 153 197 185 76 243 141 91 195 230 216 62 137 223 109 142 150 115 55 87 238 102 177 124 69 89 224 190 
44 : 66 80 157 180 238 149 167 87 248 142 107 161 109 146 88 103 220 208 83 216 199 67 172 154 229 132 145 241 56 27 235 143 113 
45 : 129 152 68 219 194 240 234 32 199 106 164 128 190 215 31 103 120 102 247 76 117 109 119 178 124 166 193 161 112 73 25 27 56 100 66 196 197 182 91 80 228 82 186 155 84 37 130 204 220 221 58 101 61 113 187 176 87 94 184 62 232 64 217 108 144 154 139 181 163 214 34 145 172 
46 : 203 101 30 25 226 145 184 68 174 69 192 106 222 59 126 245 100 152 64 211 158 75 50 49 212 28 171 120 38 91 45 33 82 78 60 182 233 199 52 213 141 58 196 72 102 191 167 134 37 
47 : 139 100 155 76 115 61 70 123 183 127 244 25 226 119 38 58 172 209 217 103 110 161 45 63 26 68 140 94 238 62 46 227 132 41 201 223 158 136 165 230 150 210 88 112 79 36 191 77 135 171 187 236 242 98 169 146 212 246 117 214 170 245 241 31 208 190 44 37 192 248 
48 : 194 200 50 119 140 126 83 102 239 158 34 159 202 177 184 174 188 208 191 244 35 156 150 107 190 133 54 70 36 94 85 227 57 26 180 79 63 147 124 169 143 144 225 39 80 205 183 25 222 161 117 181 105 69 72 245 132 77 160 157 98 103 91 127 90 145 33 
49 : 71 105 198 145 206 118 101 110 205 107 74 216 40 53 100 55 57 229 33 219 128 39 234 147 225 177 89 120 119 113 241 70 103 69 144 160 97 93 87 209 78 54 247 146 91 86 236 81 36 151 222 182 203 109 47 85 163 124 83 46 67 165 152 63 180 164 116 104 134 
50 : 230 233 217 237 25 163 102 215 82 78 160 59 34 85 175 192 228 104 70 123 27 134 51 168 118 200 41 120 37 67 126 79 180 50 84 148 214 114 218 212 144 185 73 68 244 88 44 153 95 211 57 74 58 213 169 80 90 103 152 179 
51 : 224 155 97 234 193 118 146 189 79 172 235 133 164 105 148 233 244 194 89 171 214 61 87 176 58 113 99 76 215 92 178 46 53 156 104 121 154 179 182 238 96 216 223 158 242 63 160 141 70 201 142 30 
52 : 127 65 140 203 52 141 142 34 149 143 198 235 244 180 105 69 46 181 173 106 194 112 121 201 238 95 236 139 63 55 59 136 213 102 200 48 147 170 211 202 169 83 209 126 162 50 175 134 216 192 217 62 138 219 72 
53 : 69 119 72 172 131 50 94 56 187 140 86 126 191 168 188 33 121 45 92 212 245 105 189 210 49 243 37 108 147 71 225 240 116 158 216 145 201 159 98 228 35 186 53 244 238 185 155 220 169 124 113 25 184 103 73 106 
54 : 155 45 199 172 226 229 190 27 210 186 69 74 169 152 43 216 163 103 92 62 189 164 145 198 238 246 75 181 191 170 231 78 219 217 100 223 209 240 149 187 30 56 242 182 197 241 140 90 57 230 173 179 147 165 35 80 212 86 211 129 104 195 55 48 143 
55 : 48 100 130 34 206 222 228 245 62 187 157 239 240 72 189 93 232 101 168 106 211 167 162 244 165 212 116 164 226 131 152 79 54 238 201 150 214 36 230 141 76 139 52 173 121 37 55 195 204 
56 : 232 230 155 241 169 26 228 93 82 74 102 95 48 90 172 201 203 231 221 100 227 37 32 61 77 185 118 131 59 235 
57 : 99 191 145 101 223 29 212 201 86 116 150 164 153 229 122 100 200 240 172 211 118 85 130 90 128 
58 : 92 150 84 224 100 44 88 232 165 55 117 56 54 166 94 65 153 219 73 67 206 120 140 118 238 231 
59 : 129 216 146 204 244 60 163 213 67 226 243 93 245 178 43 194 234 207 110 114 187 230 99 174 195 145 144 63 203 224 108 169 183 218 222 59 151 142 173 217 233 41 40 91 64 113 199 232 71 55 
60 : 126 53 182 119 188 196 178 215 36 181 105 64 78 89 239 29 140 31 158 245 227 38 91 61 216 166 75 94 172 83 183 164 195 56 70 243 110 192 189 124 54 168 82 69 123 220 85 86 90 104 232 35 67 72 133 103 208 113 179 167 52 68 143 240 130 71 224 63 40 50 248 185 97 39 
61 : 124 120 148 229 67 163 220 83 80 169 193 98 127 70 223 56 231 249 32 110 119 177 192 151 59 72 217 50 123 225 81 49 146 212 179 93 78 115 243 164 214 203 175 94 58 157 182 239 112 
62 : 208 67 106 136 179 156 81 80 198 86 109 245 92 247 120 51 175 228 101 64 110 52 58 172 33 65 34 46 41 154 161 199 63 182 134 123 143 141 215 74 122 138 150 203 163 220 73 246 
63 : 74 173 70 62 146 191 87 203 248 196 175 121 92 41 197 42 160 213 155 133 91 47 150 59 79 130 40 135 153 139 36 
64 : 218 209 180 125 233 247 37 132 140 97 177 121 168 223 96 211 219 200 62 65 115 81 68 214 59 41 60 50 175 157 234 150 173 43 176 152 153 74 199 240 245 237 57 142 44 222 189 221 86 46 201 117 158 93 178 136 145 196 47 
65 : 143 98 130 42 167 214 211 59 92 58 111 125 128 182 131 54 208 155 81 101 84 243 133 95 116 145 31 186 234 33 194 28 232 201 74 83 132 48 178 192 156 47 75 207 173 94 135 64 61 44 148 163 154 152 60 26 225 39 209 221 180 56 150 175 103 35 169 119 37 239 193 172 62 57 
66 : 221 187 235 49 167 149 242 76 73 129 226 236 142 201 40 89 183 147 181 136 67 51 88 184 117 179 53 118 110 180 77 191 57 217 237 218 214 190 63 199 60 68 90 176 182 146 43 189 64 56 79 160 150 109 104 247 205 46 37 213 102 124 
67 : 208 205 197 206 214 55 139 117 50 156 144 59 136 177 58 157 185 61 124 101 120 107 142 125 40 37 230 83 192 161 236 178 56 167 249 147 68 38 
68 : 32 206 79 136 97 137 37 146 114 182 50 58 45 115 184 168 240 173 129 202 127 230 42 249 151 
69 : 228 242 134 39 186 227 204 86 231 69 105 151 147 174 41 146 102 191 181 222 100 232 175 145 213 99 109 161 182 64 236 85 36 
70 : 142 33 160 178 32 121 166 49 34 105 239 111 109 39 177 27 139 210 63 197 225 137 207 186 119 
71 : 109 99 144 177 105 171 49 57 178 249 168 192 34 209 78 104 55 194 117 135 69 38 184 190 157 33 232 48 40 77 85 248 187 238 115 123 102 150 74 142 207 66 180 158 96 140 214 127 64 27 160 211 124 134 59 155 152 52 182 63 205 30 215 114 193 26 32 222 103 44 130 199 224 
72 : 95 180 110 52 97 109 41 190 150 118 216 68 38 189 90 65 57 26 217 67 45 210 112 166 81 92 70 171 170 123 
73 : 48 114 33 104 227 180 88 207 164 124 175 71 249 96 217 127 223 160 81 215 211 141 157 168 101 59 197 221 61 165 225 66 90 62 69 92 189 200 105 186 27 110 133 188 158 119 156 187 198 75 192 177 126 39 85 74 26 32 43 116 171 232 220 56 238 
74 : 58 46 37 123 93 130 137 101 154 236 196 248 82 170 240 180 84 200 85 228 133 120 105 192 181 41 235 206 186 187 33 147 208 203 99 182 202 118 95 243 169 59 124 45 139 48 155 107 158 136 216 97 
75 : 231 135 218 38 170 243 181 202 98 201 236 109 140 168 79 36 53 241 240 199 133 158 74 206 157 216 46 93 123 180 103 159 161 57 244 100 117 237 120 113 28 
76 : 114 149 244 246 212 211 122 205 239 171 64 48 214 185 92 105 208 124 150 233 180 70 116 232 100 132 47 219 201 186 136 117 202 94 184 86 162 249 179 76 227 
77 : 237 58 49 132 67 218 41 102 156 183 83 235 141 46 220 134 209 187 61 69 177 222 53 29 124 210 172 119 116 178 234 144 31 57 118 79 111 204 89 36 154 54 186 48 40 35 189 211 123 213 110 70 85 223 39 131 217 168 95 129 246 198 
78 : 120 179 79 138 116 134 140 235 203 165 207 91 83 126 176 144 231 202 30 29 238 68 139 154 181 57 211 95 145 85 146 103 36 222 200 162 26 156 217 206 100 92 89 119 80 212 59 39 128 150 133 107 241 81 210 188 180 147 178 47 122 74 127 123 101 34 193 117 233 52 149 226 
79 : 208 210 244 43 110 201 82 121 85 193 63 75 77 221 196 115 28 106 88 236 95 30 152 214 98 164 32 113 31 191 
80 : 224 146 233 47 79 232 164 170 102 128 190 82 81 114 249 215 115 192 113 88 213 27 137 61 55 219 238 110 91 90 75 29 158 30 188 124 60 242 186 171 26 154 198 202 80 122 126 216 228 208 95 72 246 135 191 234 66 157 99 56 133 57 211 109 151 48 160 148 200 92 
81 : 186 118 108 119 96 125 205 227 179 74 134 100 175 233 75 153 207 71 157 178 107 67 150 27 137 217 164 52 188 42 170 59 181 182 64 232 99 248 77 236 161 163 87 154 238 200 104 147 103 165 83 171 159 249 122 30 158 95 241 109 53 222 206 93 
82 : 197 130 82 151 100 38 53 185 119 158 85 211 41 146 198 166 81 44 138 240 102 58 222 232 177 114 157 219 43 210 89 104 238 208 84 154 125 
83 : 188 95 103 79 155 82 86 237 56 185 87 89 236 167 243 240 73 142 227 181 206 57 242 33 54 84 134 64 109 101 27 40 137 159 29 106 215 90 184 131 249 74 47 67 198 37 105 147 98 128 143 209 49 110 75 197 170 207 179 70 
84 : 236 66 92 53 34 47 244 209 122 40 166 120 111 57 77 162 49 196 104 29 170 184 167 54 64 105 
85 : 104 78 131 130 231 210 58 190 125 129 47 166 140 111 136 34 157 165 170 69 220 217 37 67 57 83 161 242 71 225 141 163 213 87 196 93 186 160 230 246 147 121 29 199 193 41 113 70 144 164 
86 : 182 240 41 248 142 215 221 45 247 217 37 64 118 30 131 148 166 169 211 146 161 69 119 167 35 82 86 172 238 87 243 175 197 79 171 
87 : 46 147 190 93 128 233 243 210 72 31 202 195 148 106 149 144 234 236 35 206 228 87 57 232 38 163 63 110 101 169 174 166 181 59 186 249 
88 : 138 51 236 68 248 139 132 83 91 76 63 246 95 215 245 204 66 38 140 164 217 202 216 94 60 45 112 162 206 218 58 145 176 125 107 106 72 104 205 146 64 163 87 108 187 198 225 74 135 152 93 110 109 166 181 122 230 147 88 130 105 44 
89 : 162 148 98 34 112 106 45 69 42 86 30 235 99 216 210 96 241 234 155 221 56 58 208 240 243 232 156 120 140 222 80 201 164 
90 : 105 57 72 240 204 97 151 216 44 209 193 212 192 89 234 84 68 122 61 88 206 178 70 87 146 49 103 137 39 85 182 144 71 127 92 34 73 165 51 82 66 249 218 108 207 231 130 220 45 120 176 81 157 172 28 208 135 228 141 100 187 164 238 215 245 37 169 107 159 
91 : 121 61 242 197 166 174 183 59 127 180 68 142 216 122 85 188 229 190 88 62 199 30 39 115 32 97 109 80 191 100 237 90 219 94 96 129 58 110 126 215 84 193 220 25 67 34 53 158 172 211 45 86 232 73 160 182 151 101 212 154 92 76 136 156 202 221 105 28 131 
92 : 106 248 232 92 155 247 79 226 184 245 213 197 126 239 181 229 73 180 95 211 27 140 150 75 59 88 83 154 48 60 120 142 131 42 112 193 
93 : 233 226 165 123 43 173 85 104 221 39 243 235 130 135 71 239 50 44 201 156 114 162 183 209 136 153 108 120 211 163 189 70 40 154 83 30 202 101 190 127 27 171 229 199 65 224 72 125 192 167 234 42 26 216 139 110 141 
94 : 36 227 181 198 91 88 117 122 162 164 57 50 92 56 38 97 64 197 184 169 226 176 228 30 152 150 141 189 168 94 79 204 172 242 155 243 102 
95 : 49 66 39 104 79 51 173 236 166 71 170 31 33 63 84 183 204 135 156 67 130 193 102 242 91 180 212 117 35 216 185 210 30 45 73 154 112 129 155 64 57 82 148 179 197 
96 : 197 118 67 172 240 216 226 129 37 82 157 167 88 241 246 145 230 150 227 25 28 243 30 178 51 208 204 38 73 119 78 181 231 36 187 71 40 155 55 235 83 174 41 62 233 223 210 160 236 48 245 201 60 153 222 
97 : 213 150 69 104 36 172 70 153 84 29 95 28 243 30 206 76 234 195 241 221 189 176 58 83 56 50 179 202 102 156 123 229 106 26 49 166 182 220 215 93 207 37 167 148 217 120 190 223 
98 : 164 226 232 82 66 68 104 238 133 184 100 117 136 112 231 27 115 105 163 84 216 210 180 54 39 126 222 72 
99 : 230 220 140 114 237 166 144 190 148 167 143 42 158 248 63 46 192 123 206 171 27 49 182 73 186 202 201 134 213 180 35 99 26 113 62 136 37 188 119 58 238 106 187 53 94 155 160 104 194 57 245 32 86 228 163 89 211 69 153 100 50 80 129 246 131 226 204 133 127 137 
100 : 202 208 225 215 125 229 43 151 214 212 174 189 77 168 35 180 217 137 143 182 110 240 201 132 169 156 234 82 158 38 195 140 92 127 150 249 162 197 220 32 63 247 58 26 173 175 89 119 52 81 153 126 39 118 101 171 100 187 54 181 
101 : 116 91 52 108 133 87 67 77 228 207 41 229 201 36 73 220 241 186 139 31 168 153 83 82 242 79 246 81 248 45 137 42 176 134 180 189 198 222 115 50 102 85 107 240 122 141 174 112 131 245 37 58 136 44 236 118 216 204 54 172 170 219 46 56 34 130 214 
102 : 122 60 147 142 58 94 133 33 110 117 25 169 121 129 159 65 246 70 149 91 183 98 124 217 199 202 52 234 243 89 187 244 184 167 196 148 219 73 46 185 153 96 78 248 80 81 197 220 42 177 62 35 86 232 151 179 101 128 111 47 189 
103 : 82 141 172 55 36 232 204 244 31 230 159 148 223 64 184 49 154 220 111 182 99 203 188 57 39 88 107 180 164 59 197 71 185 229 44 102 32 133 194 45 183 218 48 138 208 62 146 101 169 70 74 120 247 181 72 41 43 
104 : 144 124 163 209 181 234 89 246 76 153 157 136 61 231 83 166 100 160 127 105 192 175 189 48 53 81 55 90 26 120 174 
105 : 100 159 97 200 173 28 132 107 240 237 187 182 112 194 79 139 186 225 131 229 61 208 109 115 192 230 
106 : 240 164 201 64 185 223 49 43 86 177 105 102 225 142 166 146 214 38 46 25 126 228 26 248 107 137 198 152 83 42 145 243 62 211 40 37 52 103 167 34 203 70 82 205 123 144 36 106 69 165 159 129 244 231 148 
107 : 159 249 220 112 242 35 119 195 74 155 50 113 72 148 196 190 140 145 152 32 216 205 166 92 219 137 123 164 187 175 91 133 165 53 121 154 144 124 200 57 105 163 30 59 179 41 76 64 56 130 126 227 55 221 85 139 212 231 135 225 
108 : 82 224 231 36 114 223 230 148 106 215 55 27 157 232 44 233 97 229 30 246 220 208 108 46 191 40 239 226 154 238 78 118 68 203 150 143 139 66 244 182 214 102 112 75 109 125 170 124 104 160 37 136 87 168 33 111 
109 : 111 54 204 109 207 211 30 29 227 74 113 100 144 150 41 175 103 114 191 68 221 96 121 154 77 98 58 225 197 149 35 220 134 
110 : 80 198 154 167 225 217 221 69 157 36 174 220 75 57 129 160 110 151 144 79 219 132 186 205 118 
111 : 131 58 45 38 125 233 185 217 158 170 90 221 130 75 208 39 161 67 31 33 80 25 181 165 70 132 46 71 55 54 87 216 96 34 231 61 169 215 27 41 243 156 84 
112 : 125 229 45 164 127 63 100 53 208 240 44 161 192 126 209 135 185 91 58 90 66 111 245 130 186 244 34 238 94 56 204 78 237 212 249 173 153 134 88 158 205 62 200 28 121 225 159 197 68 122 231 206 149 162 224 102 176 72 95 73 
113 : 224 47 86 169 55 217 119 116 204 173 240 244 101 106 222 72 105 189 89 237 73 63 81 233 27 
114 : 33 186 196 50 57 114 46 198 85 87 56 173 96 90 243 172 47 153 228 182 180 129 133 98 136 121 166 44 36 134 184 218 61 237 27 58 220 242 101 227 71 45 110 199 42 138 208 118 176 116 108 143 169 130 137 79 97 213 230 60 131 63 189 152 37 
115 : 248 176 192 174 241 204 147 185 160 214 31 210 141 103 48 220 227 187 98 99 128 158 225 217 59 75 55 149 197 63 205 80 184 173 152 223 82 32 177 163 162 27 139 61 43 100 224 156 87 39 46 236 30 125 237 165 89 107 234 83 117 40 181 92 133 219 54 71 106 148 201 114 
116 : 61 182 84 55 189 141 25 91 41 247 226 181 176 28 112 33 116 62 111 150 50 102 133 146 142 195 65 39 124 90 144 57 29 104 215 186 174 56 58 106 76 48 147 170 157 239 82 93 173 160 44 130 192 243 47 54 42 161 223 240 219 183 205 191 52 100 64 117 
117 : 221 229 219 113 91 43 171 133 87 35 217 97 165 207 169 76 147 78 80 205 139 248 123 99 190 230 95 136 120 180 122 203 173 124 77 177 131 46 209 67 34 30 102 61 191 65 218 220 164 152 41 159 148 213 151 172 204 48 194 137 70 84 199 249 64 186 
118 : 217 145 112 66 106 221 127 203 25 201 131 46 58 52 163 231 150 147 134 242 89 26 114 164 171 220 117 69 51 
119 : 50 240 217 183 101 102 212 109 120 94 92 57 136 42 49 157 199 204 166 85 97 215 153 143 170 167 33 104 112 83 195 51 40 230 190 80 172 74 178 194 158 28 58 241 228 218 29 84 65 
120 : 89 96 239 216 170 205 62 175 66 206 102 138 163 98 88 201 81 47 67 224 166 92 197 200 165 27 189 139 127 177 212 179 32 225 100 43 49 233 118 116 59 146 217 196 76 168 41 37 241 207 91 141 70 242 132 149 125 221 53 28 147 148 90 186 174 136 236 114 26 
121 : 34 112 129 49 54 33 146 228 244 168 124 213 156 130 120 66 25 172 76 198 158 85 165 80 224 151 132 111 212 128 195 243 217 210 222 221 42 45 166 57 188 181 84 89 232 142 62 239 164 211 67 
122 : 59 137 222 111 73 90 248 139 72 207 239 76 51 61 31 177 98 39 96 91 244 26 233 28 214 131 188 113 38 211 138 146 52 135 36 74 35 102 41 178 128 229 212 208 165 242 220 226 224 145 206 115 100 184 205 246 70 127 173 234 77 33 58 247 119 166 123 182 241 84 42 99 
123 : 167 213 75 53 219 108 66 227 127 30 95 115 88 244 26 63 142 241 116 25 185 161 193 192 82 126 149 125 207 102 162 190 99 103 206 77 28 130 67 80 249 155 135 
124 : 85 217 71 133 57 170 102 51 190 169 42 73 139 114 32 195 152 242 37 130 177 47 194 111 153 142 99 83 172 163 147 157 181 110 223 69 211 82 168 98 55 178 175 84 241 48 90 245 29 218 196 91 54 143 183 125 145 38 192 28 56 239 115 36 109 
125 : 56 191 202 207 151 90 206 51 242 80 28 87 126 64 93 94 232 54 197 89 92 100 212 46 79 159 238 83 178 128 245 203 208 125 223 41 236 241 239 228 234 81 184 170 48 66 167 204 215 96 101 216 189 133 34 219 156 140 246 99 52 55 226 78 144 153 33 118 124 73 
126 : 100 232 235 54 217 147 89 25 175 185 187 223 115 168 97 34 222 121 226 219 233 246 45 159 48 146 
127 : 55 81 30 45 170 162 42 174 117 160 204 123 218 120 186 145 93 71 196 157 130 125 138 95 195 58 133 146 118 80 221 113 227 59 39 184 136 213 248 119 132 35 230 97 228 200 212 150 82 
128 : 176 197 169 244 168 159 202 154 107 180 185 134 157 200 137 182 146 113 243 162 57 123 184 208 82 164 46 
129 : 234 72 173 126 158 141 77 183 148 25 88 129 136 223 127 237 49 78 229 140 130 84 128 34 145 204 135 103 119 167 201 64 154 60 203 246 227 61 153 159 248 
130 : 225 156 236 82 95 77 206 88 98 32 203 136 226 129 158 193 207 49 44 99 71 56 60 196 234 189 183 121 151 103 175 224 34 31 36 188 228 170 29 131 79 162 244 147 144 211 43 
131 : 26 190 138 48 134 47 142 135 112 183 76 245 90 233 73 30 109 194 77 208 247 220 114 171 49 36 231 232 248 123 125 200 68 122 78 203 238 185 83 236 223 158 82 56 29 163 179 184 87 130 104 84 169 113 170 32 175 186 144 37 212 166 86 53 115 162 145 141 177 67 65 61 193 187 
132 : 85 137 76 206 106 245 126 100 162 112 243 240 113 214 170 154 121 57 239 86 203 129 140 138 47 152 42 98 205 71 35 246 
133 : 33 197 224 57 69 196 207 118 108 45 153 235 219 116 111 75 64 127 34 125 105 221 186 211 27 120 139 234 44 201 174 80 70 50 189 202 94 72 30 170 101 206 159 110 126 122 
134 : 157 122 210 175 196 178 234 238 109 79 30 104 240 217 100 215 102 116 57 74 140 117 160 41 241 27 42 224 205 222 67 163 68 233 187 113 133 129 97 142 69 158 55 
135 : 104 196 154 105 91 223 116 188 101 222 80 174 193 71 248 123 227 146 92 224 220 177 125 166 43 162 171 60 59 160 200 38 143 77 74 147 225 37 113 159 40 31 86 107 44 242 189 120 109 138 90 217 230 69 246 161 133 135 191 36 211 205 247 203 232 85 29 87 33 
136 : 124 198 154 74 162 241 78 201 41 111 155 137 104 84 245 165 248 160 157 132 110 64 32 71 63 230 76 181 135 180 75 90 158 219 115 152 37 85 237 140 175 53 167 51 238 172 47 214 
137 : 143 232 137 60 94 153 168 128 190 171 169 132 200 85 81 157 112 91 155 108 173 234 49 231 40 189 172 178 206 29 166 162 61 240 203 247 210 233 69 229 150 214 
138 : 180 136 210 111 188 148 209 219 208 198 162 40 166 177 128 236 242 76 106 34 109 244 144 223 126 81 36 44 181 239 189 103 65 64 120 151 167 224 171 130 228 
139 : 98 90 36 247 93 202 121 167 76 241 175 75 224 158 88 173 35 192 168 134 126 172 135 238 187 249 38 148 31 26 136 81 105 194 195 101 122 112 137 48 153 141 171 189 72 56 165 164 140 229 68 37 
140 : 132 65 185 143 166 155 190 161 182 200 195 105 238 102 37 228 140 36 217 114 51 84 201 176 164 82 109 234 75 168 85 139 141 106 133 216 27 187 97 242 180 165 225 223 
141 : 143 145 179 225 213 100 33 171 230 215 247 118 227 124 188 70 240 226 162 138 237 224 190 104 68 96 91 207 137 87 175 59 155 191 136 153 30 244 
142 : 109 55 192 145 68 210 83 146 66 34 72 28 126 225 71 110 38 199 162 236 33 221 53 35 164 107 84 103 235 41 85 62 202 96 211 249 105 203 129 141 233 133 196 47 125 144 171 240 
143 : 211 164 122 156 123 149 213 188 203 84 207 106 34 212 46 216 184 232 83 244 137 116 131 235 69 87 245 64 50 124 208 206 79 200 100 118 169 61 168 214 154 194 226 111 142 101 217 191 150 192 230 
144 : 89 149 34 87 222 169 151 74 35 120 75 47 122 115 136 57 30 202 127 106 233 27 232 239 104 79 
145 : 67 136 65 69 247 228 142 174 218 141 56 154 117 190 144 191 208 187 205 194 227 73 163 161 51 82 246 70 156 164 57 61 150 88 38 63 165 171 36 151 169 135 198 35 50 90 127 25 85 100 80 41 224 111 
146 : 125 181 83 211 80 91 36 39 186 55 81 123 61 147 40 25 113 215 182 248 140 157 71 155 194 
147 : 154 69 127 238 219 35 64 235 227 93 192 229 148 153 119 92 145 84 142 240 72 241 204 87 156 205 214 120 244 123 124 107 42 26 195 165 208 167 155 99 46 131 38 242 32 147 
148 : 237 46 195 191 223 244 56 42 120 128 106 129 212 172 193 155 142 218 94 199 52 146 201 68 109 215 41 184 138 40 29 66 159 240 236 89 37 67 50 162 216 123 
149 : 52 43 199 29 128 221 189 157 80 142 187 76 222 47 205 186 234 63 92 119 134 137 226 48 185 42 34 195 229 213 99 72 146 169 155 104 69 28 235 139 209 188 61 118 227 212 158 141 123 202 179 232 198 105 173 133 132 240 239 143 107 
150 : 173 76 243 199 158 127 43 202 64 204 194 74 27 143 93 156 234 189 99 141 58 95 168 132 212 111 
151 : 220 45 44 184 105 194 206 157 171 130 151 109 83 128 143 34 192 67 51 242 138 125 85 191 81 221 189 123 218 53 127 141 119 49 188 31 117 94 247 98 236 115 132 158 156 54 204 102 
152 : 203 126 138 87 202 128 139 98 133 247 135 228 29 232 105 50 114 229 68 49 198 102 77 212 230 113 38 189 155 26 89 41 238 112 236 123 39 233 187 196 182 190 151 224 239 227 206 65 55 226 81 40 85 
153 : 152 177 232 127 188 198 82 234 48 242 133 241 134 99 138 228 229 208 38 180 183 27 224 107 139 193 220 63 44 121 120 86 69 166 62 157 58 226 170 80 182 155 184 84 50 187 164 199 140 132 105 92 93 49 181 
154 : 181 92 36 151 216 158 118 241 95 212 135 114 225 205 53 174 59 140 249 152 42 159 87 73 72 192 156 103 60 25 149 197 126 
155 : 192 205 94 135 116 42 101 78 188 67 201 130 191 230 36 137 214 80 222 40 202 155 76 141 75 118 226 219 107 234 179 
156 : 234 39 193 219 225 60 54 87 30 161 94 196 90 95 92 103 120 158 64 211 204 247 34 229 50 217 239 106 
157 : 116 185 104 70 50 234 111 194 61 205 206 155 60 152 248 72 246 32 232 27 224 30 93 117 229 74 168 79 42 136 245 36 204 67 100 26 35 149 179 47 54 76 135 84 
158 : 25 218 69 235 244 33 229 216 44 217 167 201 113 158 129 171 239 152 165 53 230 247 140 135 161 166 37 154 238 192 222 30 246 72 175 122 68 227 40 108 87 105 96 190 141 205 156 42 32 137 55 188 38 195 
159 : 101 26 148 81 57 193 233 214 113 132 227 216 138 151 114 100 224 161 203 208 205 219 167 158 245 211 34 225 146 192 40 229 232 117 88 86 61 246 56 120 201 174 149 143 142 145 155 190 215 116 144 98 249 129 
160 : 49 157 52 193 58 115 187 106 159 183 72 108 92 67 45 89 129 246 93 111 41 188 77 59 43 101 151 69 202 98 73 179 110 153 100 79 
161 : 36 201 86 244 216 83 25 168 27 193 40 81 107 191 33 112 207 111 94 92 238 228 74 75 161 103 176 211 166 136 76 151 101 42 155 173 118 56 113 47 143 147 179 233 34 164 163 115 154 132 71 97 85 218 209 45 222 54 182 96 53 48 141 200 
162 : 117 237 44 64 71 144 235 242 75 133 82 66 113 218 170 174 136 227 63 46 79 149 181 154 159 86 70 118 236 54 215 164 37 121 60 165 81 200 163 186 38 198 223 26 243 225 45 246 155 62 207 156 141 230 124 179 47 175 222 228 140 34 196 
163 : 79 224 233 86 37 207 114 88 126 40 211 113 94 136 146 165 195 71 148 171 112 99 53 144 236 244 36 29 203 110 193 62 92 74 237 109 89 175 147 186 70 45 206 25 51 243 240 33 229 97 38 185 188 174 56 73 75 93 124 215 177 141 105 149 54 198 232 154 111 32 125 87 
164 : 196 232 81 94 41 70 27 31 218 76 159 175 229 77 156 68 72 151 242 87 173 228 100 29 129 122 131 40 109 231 210 220 111 186 237 164 130 185 124 158 140 191 216 141 78 115 194 174 103 51 63 127 92 195 221 200 145 133 101 248 202 197 54 83 
165 : 55 194 135 83 197 204 82 34 185 143 129 140 86 150 213 92 56 65 238 141 52 212 99 206 190 120 122 159 125 74 77 198 31 81 157 68 236 170 189 165 233 245 78 208 27 100 111 59 218 152 80 169 184 43 95 243 173 144 154 133 60 220 138 153 39 
166 : 34 234 99 214 197 35 229 151 220 219 84 152 217 54 133 249 127 182 237 86 222 41 146 123 69 166 53 88 96 239 
167 : 131 99 185 118 145 137 103 205 49 113 204 33 159 86 36 29 208 61 222 232 65 163 170 176 74 147 171 172 119 181 155 249 114 169 229 217 192 239 183 236 165 218 38 88 234 219 115 225 116 69 67 90 25 101 109 139 76 207 200 92 30 39 91 
168 : 122 242 191 218 118 193 226 231 173 240 174 64 91 212 98 108 148 127 105 111 221 248 244 80 188 133 230 85 28 146 112 232 68 136 
169 : 141 45 100 48 208 85 243 180 44 34 62 123 121 168 206 151 72 223 169 51 229 136 146 74 73 112 218 150 138 183 122 113 53 193 115 161 210 83 98 162 94 43 79 239 200 241 246 167 144 
170 : 34 212 48 223 151 65 170 120 195 185 156 36 119 37 115 62 109 55 183 147 41 203 231 85 199 172 86 123 242 82 207 75 95 27 141 89 57 214 228 169 213 94 182 232 225 140 44 191 51 204 76 159 54 179 68 64 194 
171 : 195 216 26 66 249 244 183 197 84 141 36 100 95 157 221 135 231 47 176 218 133 101 162 50 41 119 148 39 165 189 219 131 102 73 118 87 48 115 152 170 126 177 155 45 72 51 29 223 188 65 196 213 44 194 156 108 163 128 241 243 77 248 240 230 167 204 206 
172 : 30 184 205 98 138 194 158 107 93 161 64 169 131 206 188 173 80 172 191 70 76 136 86 233 117 163 
173 : 94 118 217 116 246 49 174 182 117 191 212 186 216 82 170 237 32 197 149 192 173 152 46 188 180 65 224 127 184 213 207 221 156 151 42 233 165 190 249 56 179 232 84 86 83 104 81 34 219 68 158 60 166 225 236 98 
174 : 145 148 112 88 54 107 209 77 232 118 151 219 135 122 129 237 95 37 247 99 79 242 161 189 143 185 125 
175 : 126 55 105 64 185 83 114 171 130 53 218 112 222 32 26 44 108 89 166 75 72 95 133 70 102 225 104 154 121 99 
176 : 148 162 236 128 247 100 130 161 210 186 239 248 116 99 172 54 32 82 144 136 78 48 244 25 223 207 204 242 163 91 70 106 205 169 238 229 87 33 216 160 201 132 75 141 180 59 177 31 109 167 150 143 231 96 114 47 
177 : 31 122 231 91 150 51 68 148 226 130 114 178 97 237 53 131 173 186 83 107 156 92 45 55 145 136 160 147 233 72 200 135 181 248 158 235 39 189 42 146 179 65 128 139 185 204 126 209 219 116 
178 : 40 183 52 71 25 32 155 119 245 124 175 46 103 207 224 180 203 237 48 167 214 179 234 81 141 244 157 50 113 72 98 190 88 83 195 227 108 199 78 107 38 178 26 63 120 241 228 45 198 34 135 28 89 204 84 74 51 114 233 132 60 140 229 152 187 149 148 208 
179 : 78 31 50 194 225 32 172 26 216 162 174 243 113 34 202 127 191 189 219 188 55 128 28 111 80 234 77 
180 : 242 226 241 47 93 136 77 28 103 42 153 163 98 119 26 33 168 36 201 170 106 179 230 213 115 244 68 156 147 165 137 41 129 135 118 228 192 212 89 160 74 154 34 233 140 61 194 105 217 236 73 218 30 181 187 185 94 32 54 48 53 123 240 76 132 246 174 172 
181 : 176 133 91 183 84 52 240 145 121 87 173 79 80 32 234 237 158 160 118 166 120 97 186 156 101 92 149 235 225 103 170 122 151 50 31 148 94 213 229 209 215 111 126 98 171 159 83 46 230 104 51 72 30 129 147 41 188 29 110 140 33 85 195 45 
182 : 239 199 81 249 115 112 88 180 215 116 119 219 178 75 86 188 72 244 164 175 157 148 89 100 59 125 46 54 80 38 26 44 29 49 167 156 73 147 35 36 242 84 181 192 130 25 203 123 96 41 235 160 95 204 212 234 168 197 198 151 166 195 139 182 69 71 189 231 129 220 127 43 97 172 
183 : 106 171 169 200 157 57 104 63 59 70 189 42 46 196 238 80 140 233 138 124 173 30 79 69 51 163 192 48 95 144 
184 : 37 153 210 129 157 172 32 115 184 229 182 141 162 25 123 101 199 48 105 235 31 228 66 246 156 93 88 219 56 200 35 223 136 58 126 127 46 124 191 59 240 144 
185 : 162 244 153 193 76 242 73 28 44 70 114 191 159 167 173 78 160 132 123 232 249 170 182 176 229 88 33 104 212 166 203 190 220 231 169 102 52 97 50 29 27 
186 : 102 223 101 25 128 121 162 219 216 144 159 246 168 26 131 188 36 55 165 236 163 117 70 208 95 59 54 195 44 221 189 213 141 249 140 137 
187 : 133 82 129 35 168 158 191 157 179 86 121 220 107 218 233 92 60 196 203 132 43 89 175 227 52 174 142 237 150 123 61 205 198 120 51 56 135 170 172 216 140 210 207 232 88 54 45 83 147 44 103 76 115 136 122 224 151 221 226 113 97 80 63 119 62 106 154 84 53 77 
188 : 177 216 212 40 65 115 90 138 101 241 81 133 29 205 234 77 220 104 99 174 44 182 134 125 126 
189 : 241 68 114 163 86 215 135 197 133 87 145 108 225 152 122 37 235 29 90 213 190 120 42 232 96 75 140 160 193 116 134 182 219 84 36 128 136 26 158 200 234 38 
190 : 118 36 101 97 105 190 213 117 189 64 149 37 43 185 139 63 176 73 150 230 166 102 195 88 84 54 41 123 125 177 58 71 211 225 119 244 55 247 141 78 217 51 221 204 242 227 219 183 126 228 32 109 89 
191 : 54 60 111 116 113 29 64 179 82 56 58 211 154 236 194 185 235 78 184 93 96 244 133 161 190 155 241 224 124 246 215 216 146 249 115 210 45 59 158 33 122 245 173 107 197 26 157 188 88 225 87 233 203 77 52 74 182 176 53 174 207 61 218 34 227 208 39 
192 : 193 123 114 158 31 164 92 47 180 129 97 247 42 40 228 241 147 195 67 127 232 224 36 90 138 108 140 153 99 186 202 239 238 234 82 187 215 102 35 236 25 62 28 52 229 54 124 169 220 39 174 132 84 100 95 146 73 237 38 32 93 
193 : 175 144 75 242 44 69 136 249 161 35 247 202 127 233 74 183 220 201 92 93 100 101 126 168 224 166 106 98 50 155 196 200 152 187 31 195 71 49 53 185 43 51 245 146 
194 : 148 60 237 248 44 156 179 88 134 34 182 41 66 241 201 79 74 211 191 96 83 46 62 169 233 150 97 168 101 55 138 57 163 59 217 102 246 43 123 209 58 87 181 227 126 137 225 89 133 149 231 82 
195 : 149 134 31 111 176 43 188 93 57 71 26 104 243 161 185 219 164 67 122 35 76 179 166 87 206 213 148 70 172 25 45 191 225 163 249 120 234 54 177 74 101 28 44 84 
196 : 39 93 116 53 38 185 165 158 109 142 90 132 45 191 117 89 156 214 228 102 61 230 233 63 62 153 164 238 218 152 55 108 213 111 141 92 174 122 175 64 123 237 42 186 101 54 96 
197 : 176 124 194 103 242 208 140 125 243 233 216 85 236 170 56 206 161 138 213 157 160 114 155 235 51 77 218 181 239 78 47 61 211 27 50 83 134 108 109 86 190 142 79 219 36 40 25 163 80 224 98 90 156 146 174 126 217 92 193 116 143 227 129 214 41 106 223 110 188 127 60 
198 : 138 111 184 25 134 53 236 104 52 176 50 94 188 42 170 108 234 191 76 130 58 136 237 212 214 151 72 225 244 146 231 
199 : 44 200 106 102 25 81 95 116 206 205 72 236 26 69 122 168 190 53 103 117 249 245 82 74 85 67 247 160 239 158 134 208 45 221 197 177 225 171 182 228 153 87 88 30 212 198 56 147 83 215 240 100 121 
200 : 228 214 123 218 237 128 115 190 91 188 191 46 76 75 34 176 148 92 230 206 165 121 57 203 248 163 196 142 246 82 195 164 85 83 220 126 132 149 93 212 38 111 144 80 49 177 98 150 139 99 152 202 221 143 
201 : 192 80 47 125 213 235 220 247 156 223 41 29 191 78 67 90 126 118 211 121 111 81 240 56 218 54 50 49 139 132 174 104 163 119 144 101 95 209 69 36 197 179 193 103 117 181 165 136 134 120 34 155 233 130 169 31 45 70 68 159 107 92 152 150 79 65 176 148 246 
202 : 245 36 204 188 27 115 165 114 78 191 87 65 138 26 69 91 211 71 147 183 221 94 223 59 79 57 32 149 140 135 41 104 39 228 46 68 219 54 47 163 101 216 95 144 200 239 139 81 210 42 161 49 185 199 
203 : 31 126 68 88 140 118 203 82 163 162 104 116 30 191 74 213 159 112 249 36 178 76 227 181 246 64 58 216 186 176 122 185 225 151 87 60 240 169 56 221 204 
204 : 114 149 171 46 25 122 242 128 33 57 175 126 218 101 99 71 92 231 61 167 196 232 55 213 188 72 190 195 77 176 82 184 133 131 229 168 186 239 207 198 54 29 
205 : 209 179 214 45 184 96 66 65 231 91 26 154 125 173 161 137 86 63 156 37 155 174 224 41 220 36 195 226 81 218 98 99 94 43 175 228 89 245 
206 : 68 92 84 126 177 238 80 197 155 86 164 203 25 158 62 118 136 116 159 35 179 144 222 87 135 183 214 117 48 77 59 220 46 167 221 156 246 196 248 229 185 74 97 61 227 26 161 226 52 209 233 51 105 
207 : 130 111 185 133 157 54 39 103 159 204 164 208 106 212 207 201 244 57 71 31 194 36 139 32 155 45 215 218 228 60 184 127 233 183 
208 : 181 60 199 112 40 175 174 192 71 63 223 217 156 107 130 249 185 148 179 89 180 65 86 154 66 68 120 116 131 157 73 160 211 162 229 54 
209 : 216 234 49 97 155 111 52 172 201 56 196 143 167 238 47 199 112 92 211 33 247 162 160 206 248 230 78 197 227 76 210 145 152 158 84 45 142 42 232 170 
210 : 140 59 129 206 160 208 189 195 214 211 167 75 181 104 230 174 184 46 235 57 101 118 228 213 209 107 199 205 61 179 31 227 99 135 131 39 71 42 226 43 150 29 242 68 177 66 
211 : 228 150 124 51 187 225 30 132 56 40 70 232 58 105 229 162 78 102 142 188 185 141 42 226 69 79 244 186 29 85 52 224 63 74 149 231 234 165 147 
212 : 228 191 160 161 41 214 42 105 124 140 247 221 169 236 184 25 223 80 31 187 131 192 81 231 40 103 118 123 47 217 238 33 72 132 79 232 159 129 143 166 181 39 89 226 127 99 215 224 100 158 93 84 155 216 248 227 109 240 
213 : 204 178 215 118 79 238 99 210 195 168 90 235 125 102 42 39 217 231 49 139 182 226 173 81 31 131 98 166 218 68 188 161 104 239 205 135 246 58 220 95 117 222 153 119 185 164 157 247 234 240 126 103 38 74 163 29 232 213 229 132 137 194 84 34 106 
214 : 53 208 137 60 135 205 216 224 74 204 181 50 84 189 148 105 233 114 38 196 161 108 47 213 223 175 42 25 109 145 52 29 91 111 120 40 104 222 141 
215 : 57 112 148 173 82 191 185 29 80 194 61 202 176 107 86 136 96 64 149 53 101 44 113 66 239 196 170 123 223 43 190 245 90 
216 : 54 78 77 181 159 180 173 185 170 70 123 87 172 163 111 169 44 219 176 60 216 90 190 137 108 114 207 221 246 164 215 206 118 175 228 43 236 94 225 186 195 203 
217 : 46 237 168 203 84 86 247 198 104 114 58 36 202 153 133 224 52 90 95 147 228 227 196 78 59 206 155 160 188 87 71 
218 : 115 121 61 76 169 207 67 138 194 103 135 235 178 125 95 143 164 111 44 175 130 155 90 158 185 64 205 163 31 193 217 102 113 152 54 41 36 145 237 216 141 120 30 55 96 198 81 104 86 236 209 58 187 57 
219 : 97 125 150 42 227 222 241 218 41 187 115 54 89 102 77 94 52 81 207 134 120 235 238 47 148 28 236 116 182 230 229 117 226 31 179 
220 : 80 79 140 178 243 206 186 225 48 102 97 110 179 43 223 247 42 109 85 127 46 71 208 115 69 210 241 167 81 151 229 168 180 240 182 155 
221 : 97 132 226 222 43 234 172 160 175 147 29 87 127 157 123 202 51 133 44 131 213 47 126 198 193 153 199 70 179 52 38 210 98 71 42 211 90 215 242 155 167 33 92 245 136 173 231 152 195 32 56 39 78 
222 : 216 61 36 147 111 37 164 196 48 72 155 115 101 75 214 204 51 231 244 172 62 74 221 223 188 181 246 207 25 242 44 95 189 50 104 52 110 203 169 124 199 39 217 128 177 85 35 
223 : 220 114 205 46 246 185 112 118 152 242 38 150 233 224 53 127 201 69 177 125 170 101 63 174 47 183 163 135 75 176 56 189 124 48 51 
224 : 122 96 140 159 138 38 136 216 240 163 207 168 124 44 174 59 185 74 90 81 132 30 33 126 65 161 98 43 27 73 29 191 147 85 165 131 99 143 234 31 171 120 26 128 51 232 91 82 237 36 197 203 214 77 86 46 102 109 
225 : 46 236 98 111 156 37 28 38 194 227 108 77 222 96 117 134 149 199 242 57 119 218 26 245 177 195 125 203 94 27 147 211 48 182 88 91 145 179 157 237 162 229 123 217 249 232 84 146 76 122 160 143 
226 : 112 90 173 228 50 226 171 234 34 46 126 181 146 197 71 83 145 212 227 238 199 70 123 194 168 105 142 133 120 166 201 189 108 152 127 29 37 216 150 211 121 27 156 154 130 183 242 203 198 195 129 151 170 91 103 222 188 135 45 208 107 204 159 245 214 182 219 128 74 
227 : 245 152 49 39 126 159 115 41 61 72 219 103 113 52 122 222 139 56 183 25 242 124 215 51 214 135 195 
228 : 35 210 44 154 152 34 170 108 81 206 97 50 171 94 38 36 76 66 212 180 99 98 190 101 85 139 84 25 67 87 62 28 123 68 194 45 163 173 134 47 89 140 39 245 131 162 26 174 92 88 198 243 166 144 223 115 63 95 102 103 145 79 160 
229 : 230 143 238 181 30 47 185 180 53 71 95 146 31 72 225 34 220 179 93 38 83 219 215 106 84 111 171 154 59 126 211 51 236 133 202 187 
230 : 70 97 127 163 200 116 50 59 235 44 197 49 36 35 248 166 247 195 103 113 192 114 182 150 208 145 188 109 74 75 181 99 161 213 122 156 230 246 216 225 102 228 91 169 191 101 207 104 139 
231 : 234 99 106 80 68 164 189 140 107 63 31 163 199 239 105 144 46 171 217 133 27 232 88 188 235 51 93 71 151 143 43 34 84 226 191 173 146 86 183 215 
232 : 61 58 54 191 84 228 235 198 175 85 67 121 173 171 105 112 223 70 100 55 82 233 167 49 211 96 104 243 155 189 138 152 143 
233 : 127 77 198 220 98 94 130 48 117 237 58 159 152 83 218 87 80 103 102 236 217 190 113 99 111 93 161 37 141 114 71 201 157 216 176 174 27 96 146 203 43 70 192 59 235 151 131 211 
234 : 192 69 109 97 61 140 128 222 52 90 65 214 157 88 143 103 218 26 123 244 236 95 231 210 81 111 37 151 82 89 179 154 209 193 32 64 248 110 229 170 134 212 84 223 221 76 191 245 178 142 190 107 94 183 234 226 216 198 57 31 46 115 238 232 74 105 54 235 51 147 122 99 80 240 
235 : 210 242 95 109 101 208 164 249 231 96 92 199 183 247 43 75 134 140 115 223 135 245 86 104 229 107 158 233 246 125 234 132 113 80 163 240 230 133 119 87 188 59 114 31 33 179 166 221 129 91 72 28 117 194 67 127 203 235 202 122 39 124 219 38 
236 : 202 192 147 133 130 82 187 228 49 67 183 245 243 180 126 47 64 34 222 62 141 25 151 53 189 29 36 168 63 91 184 219 121 213 177 51 41 42 186 230 30 117 38 115 119 142 193 148 124 84 246 140 74 94 209 235 122 39 128 75 214 190 248 162 
237 : 109 194 91 241 186 212 108 136 152 86 143 184 50 96 180 64 34 63 213 210 248 231 55 195 181 172 26 126 179 87 104 183 43 30 102 115 44 68 27 116 125 81 175 145 215 147 92 117 132 69 221 151 189 240 114 131 89 
238 : 154 246 56 150 50 44 106 196 166 144 234 229 52 121 88 84 238 28 136 45 242 212 46 187 199 183 146 96 153 67 157 180 220 34 141 54 167 189 94 152 174 104 223 124 156 89 64 184 
239 : 58 104 135 150 88 232 249 183 215 204 40 153 91 63 120 173 37 144 214 241 156 61 191 46 127 65 139 136 56 157 212 42 125 202 185 187 109 163 100 122 94 193 66 227 236 119 147 148 108 170 190 179 103 36 34 194 86 126 225 184 102 57 247 213 159 177 129 
240 : 28 138 152 55 57 114 150 30 196 67 161 245 141 128 41 176 202 183 132 191 167 75 59 238 184 36 218 181 154 72 175 160 69 135 87 242 73 182 112 123 198 99 60 125 
241 : 79 51 172 156 186 176 67 234 158 247 57 103 235 185 25 135 99 119 107 163 203 116 66 154 39 198 177 50 122 194 134 167 97 93 136 142 94 220 113 
242 : 33 77 61 160 102 45 238 97 108 62 109 191 177 43 166 83 80 224 190 241 153 91 85 173 26 74 182 39 53 69 217 132 162 223 148 225 215 40 128 81 232 70 63 231 101 226 188 59 249 189 145 156 203 87 150 221 92 229 117 
243 : 216 137 234 206 122 159 205 192 40 79 139 131 81 73 125 118 165 97 197 124 126 203 43 237 89 136 176 215 30 167 204 85 52 61 160 53 123 128 29 222 200 178 180 
244 : 202 215 178 110 93 60 121 242 209 61 117 81 200 219 211 87 90 113 144 66 96 210 74 193 102 115 205 82 
245 : 130 131 178 197 189 73 176 241 220 123 90 177 180 80 30 62 210 79 195 155 127 200 166 221 111 158 211 215 213 196 201 50 44 26 244 182 209 172 66 77 194 161 
246 : 73 187 183 101 78 68 221 140 215 114 194 160 42 154 216 48 245 132 72 227 213 123 69 180 35 231 81 41 115 175 246 205 209 192 189 236 248 167 56 88 28 
247 : 39 130 139 210 36 189 222 199 101 45 193 32 84 98 95 127 192 137 104 237 224 41 204 74 48 244 225 235 105 149 156 145 71 213 30 157 196 227 112 178 228 82 216 201 110 221 40 207 132 160 65 152 69 91 81 90 176 177 96 88 144 141 67 231 94 211 
248 : 195 93 146 244 99 166 248 236 92 194 25 167 118 227 178 158 134 237 55 56 43 30 44 132 124 70 54 152 96 125 168 157 139 58 59 174 72 188 128 116 115 171 142 98 84 164 83 180 197 27 100 40 
249 : 243 126 193 201 113 166 96 63 132 121 182 81 220 59 36 129 146 240 97 208 119 35 203 183 67 
250 : 196 128 111 181 193 236 188 148 232 73 76 67 231 184 100 55 99 70 127 211 112 50 123 85 229 137 44 
251 : 41 88 123 126 46 53 132 110 243 146 214 236 158 120 111 34 109 209 62 134 57 86 182 222 91 198 200 106 187 177 141 113 42 156 60 151 77 195 122 121 133 81 56 44 247 97 101 192 224 84 
252 : 38 108 199 236 87 70 216 53 195 142 179 127 141 84 31 100 224 241 186 180 163 98 95 161 49 188 111 59 60 238 129 174 228 35 119 68 61 56 247 110 202 75 131 43 63 29 37 239 
253 : 129 144 156 30 183 175 160 149 168 227 52 173 245 242 38 193 191 70 194 246 112 209 197 220 84 47 28 73 102 188 117 119 196 217 95 118 66 190 115 125 134 238 185 109 233 244 31 
254 : 220 219 96 63 81 43 78 157 94 84 176 29 230 202 144 232 62 247 28 34 188 245 102 64 135 49 72 37 82 53 57 204 184 151 97 
255 : 111 89 138 222 98 25 212 198 226 247 200 47 227 51 95 38 44 241 71 30 53 139 120 193 166 156 211 91 82 168 136 126 245 164 96 234 147 159 161 60 54 196 33 99 205 218 110 214 162 183 68 249 231 143 34 56 181 246 178 74 66 
256 : 30 125 94 118 218 223 133 163 150 93 91 73 52 124 96 228 55 39 162 194 246 115 44 51 158 116 203 236 183 177 85 101 54 170 144 33 95 159 25 31 220 206 78 75 191 92 58 161 240 230 81 108 213 74 187 107 
257 : 145 25 165 47 114 183 215 163 154 192 94 71 120 190 144 166 32 235 212 50 216 132 30 73 85 74 191 222 128 88 239 184 173 112 233 34 139 244 230 100 90 62 152 227 131 61 228 
258 : 90 179 96 100 219 171 45 226 56 122 229 195 243 145 170 95 151 144 69 57 127 249 114 117 119 27 173 240 230 121 207 75 175 221 71 152 247 236 143 206 
259 : 234 215 188 179 60 104 117 62 91 71 38 233 82 36 187 202 198 124 126 195 53 216 90 178 113 102 31 127 55 42 52 48 221 158 69 138 190 213 249 
260 : 123 245 49 217 127 66 157 79 83 130 68 141 100 215 171 42 160 99 247 78 194 76 153 89 54 170 
261 : 46 161 71 124 180 61 93 224 79 117 187 228 34 121 247 69 163 245 141 219 164 87 25 125 41 97 192 244 142 198 225 155 88 139 96 184 106 243 175 209 92 110 227 45 118 190 80 200 162 112 131 37 171 232 157 52 54 99 178 203 67 
262 : 114 238 189 142 186 138 194 149 235 241 100 118 229 31 93 35 85 67 168 181 33 91 227 57 172 212 104 121 115 214 49 228 
263 : 103 31 199 64 62 120 234 193 118 233 241 79 178 42 67 54 124 112 27 231 152 34 135 222 61 230 168 177 187 192 77 163 207 130 131 47 244 123 91 
264 : 54 40 113 211 65 139 32 41 177 143 172 90 129 141 156 47 31 181 48 225 135 71 237 77 34 140 74 110 189 30 111 204 193 161 200 207 73 217 
265 : 204 41 147 113 209 128 220 180 31 91 40 110 245 152 78 150 50 127 175 95 206 132 188 164 174 85 184 137 199 161 58 144 122 195 154 155 104 239 133 235 117 141 
266 : 79 48 179 169 80 133 245 204 31 198 203 64 40 242 85 146 208 58 89 61 151 69 91 55 248 207 120 53 158 37 87 173 246 121 141 233 148 227 115 137 168 216 176 222 63 29 122 60 51 76 212 192 113 189 30 170 73 47 67 234 249 182 171 156 195 157 197 196 129 211 26 
267 : 53 45 102 39 192 131 234 170 211 112 244 165 248 50 238 149 163 89 155 156 54 167 137 98 95 43 180 84 
268 : 123 92 49 101 88 229 54 156 77 230 242 219 84 74 129 106 48 25 175 239 51 104 165 194 240 172 43 128 212 52 
269 : 66 87 136 164 213 77 231 83 174 46 243 199 54 219 214 165 209 247 37 186 161 132 228 201 112 194 106 189 
270 : 131 71 49 121 36 136 243 159 144 238 77 182 93 30 187 192 152 110 66 128 88 189 109 169 50 185 244 123 156 75 117 54 98 97 89 25 115 
271 : 196 171 182 82 107 151 191 226 105 123 138 79 237 42 67 71 70 143 33 221 84 142 147 81 172 146 155 39 45 200 166 133 60 56 214 76 66 121 218 203 168 127 167 116 75 130 217 247 32 102 110 219 37 243 104 156 53 197 80 195 216 212 209 170 224 246 157 192 103 44 52 201 150 
272 : 109 58 134 191 207 162 93 105 59 245 182 31 141 86 114 173 111 92 42 75 179 243 32 94 154 230 164 144 146 132 149 100 56 168 
273 : 240 37 170 186 182 175 158 40 159 126 60 73 28 74 155 111 101 177 173 127 30 50 93 42 168 
274 : 169 95 140 229 60 190 58 41 31 87 233 85 209 77 167 44 52 32 172 197 205 126 171 68 147 157 245 46 70 67 146 
275 : 81 200 170 39 92 129 247 153 187 188 44 110 213 185 238 65 182 34 141 172 90 195 26 38 165 176 240 178 184 154 130 167 128 135 222 122 71 189 53 155 158 157 230 58 51 180 208 150 131 138 106 226 76 244 69 211 
276 : 82 165 138 115 103 71 177 185 56 136 249 84 149 51 26 123 189 227 73 39 86 217 151 153 162 186 223 178 159 238 193 41 38 34 77 211 229 197 67 32 59 
277 : 36 186 120 43 59 201 88 110 85 109 241 72 217 149 207 77 194 92 94 222 232 60 115 181 90 219 242 87 66 209 102 75 151 233 45 208 96 153 57 196 175 198 79 118 101 133 42 68 62 154 140 218 169 193 29 47 188 50 245 76 170 48 27 25 51 185 98 180 235 243 176 38 
278 : 180 147 169 232 64 73 102 83 205 220 109 163 172 49 105 168 184 192 93 233 59 126 189 142 210 51 179 223 58 129 175 123 60 
279 : 196 141 110 244 81 230 228 180 92 169 190 86 209 70 131 194 163 105 170 156 171 134 57 154 139 135 200 60 184 90 186 39 41 211 147 64 52 175 40 216 114 111 48 133 183 32 83 157 37 80 174 204 
280 : 241 172 131 68 90 42 150 242 153 230 231 204 171 214 189 30 46 174 97 120 98 66 110 53 166 96 195 55 137 87 141 111 28 183 34 180 29 211 196 64 227 133 88 94 167 73 222 203 72 143 209 234 32 116 194 81 126 210 223 
281 : 229 131 139 68 165 126 129 218 210 99 87 137 64 247 89 37 231 249 200 49 209 201 208 204 194 177 31 73 46 78 108 175 226 174 138 98 191 185 125 153 182 142 130 154 238 93 243 133 245 100 25 83 149 202 213 97 183 241 141 106 127 45 95 80 111 30 168 120 148 50 65 246 79 
282 : 118 87 92 188 168 105 86 41 34 158 196 45 197 157 61 193 142 229 96 203 90 218 176 141 114 109 242 134 204 140 49 62 74 68 186 226 147 65 108 235 169 127 56 215 102 94 112 192 78 214 210 167 
283 : 117 105 34 53 185 85 153 107 189 138 148 154 124 171 157 218 150 201 106 113 245 59 132 49 29 78 
284 : 69 168 132 160 72 161 210 199 74 218 219 65 49 221 238 75 147 185 92 163 81 107 214 187 142 66 129 148 63 207 197 124 231 122 177 95 127 146 176 119 200 242 41 116 99 220 67 59 194 105 156 91 248 235 135 143 167 62 40 60 112 76 149 140 165 118 159 154 117 36 
285 : 41 52 180 108 42 56 59 109 234 225 120 61 151 117 36 149 188 173 187 97 75 189 163 103 154 152 210 88 216 126 48 212 233 185 121 
286 : 66 204 200 190 244 215 220 186 240 136 94 47 228 174 173 46 81 165 137 222 209 207 213 112 202 121 128 
287 : 98 197 191 223 67 144 116 180 113 194 189 128 217 77 136 70 46 138 248 232 145 237 179 230 51 33 38 225 37 200 120 134 130 124 142 211 104 154 233 203 159 80 155 43 150 91 236 101 81 222 239 45 25 112 
288 : 66 46 248 249 124 93 119 222 99 152 210 77 94 112 189 147 164 207 67 199 116 215 226 31 154 44 63 87 232 32 159 213 107 47 155 73 136 174 85 48 203 186 28 183 74 135 100 52 201 200 129 120 181 158 49 25 130 121 
289 : 184 143 235 245 202 111 212 90 242 246 110 113 185 50 227 78 82 112 157 35 122 162 156 203 63 56 41 167 65 198 139 118 234 115 225 178 64 
290 : 187 82 169 233 210 123 117 93 28 107 66 91 39 142 219 50 59 208 144 70 161 103 79 199 176 146 190 231 173 200 226 42 97 65 204 179 244 168 122 151 
291 : 179 96 163 109 136 213 46 220 202 111 91 221 204 100 118 162 90 62 58 89 141 230 86 51 152 71 45 177 185 156 206 235 201 157 76 122 128 238 28 63 133 
292 : 213 163 197 156 58 238 249 95 68 26 32 35 49 113 183 219 65 43 223 80 47 164 125 120 185 59 131 202 167 50 227 204 243 127 248 247 63 161 155 67 205 194 140 201 154 147 89 56 226 70 148 241 215 216 36 236 104 191 209 94 137 246 91 177 187 
293 : 94 227 46 169 202 36 208 133 140 215 47 230 54 62 240 182 60 155 147 105 189 84 158 124 48 77 51 125 156 184 229 205 139 196 206 100 95 238 176 181 103 25 163 243 160 233 81 126 128 248 200 185 245 106 161 192 220 194 98 112 249 151 27 236 109 123 121 44 166 40 165 104 223 
294 : 92 231 156 129 223 102 139 245 49 195 209 159 179 220 149 193 235 87 44 218 178 117 67 97 36 93 96 81 132 31 126 64 78 165 69 226 39 236 138 144 41 33 
295 : 166 27 35 91 190 59 227 249 111 193 136 29 110 155 120 186 47 238 228 60 54 147 129 135 176 178 140 88 56 145 215 112 213 226 118 161 194 79 242 144 203 246 63 51 55 232 81 143 77 28 61 225 165 127 229 167 126 201 121 
296 : 98 106 45 170 247 81 162 222 239 35 138 158 214 83 37 135 224 76 94 183 53 164 59 62 134 231 127 197 202 49 145 167 107 249 
