0 : 94 106 216 213 43 173 157 248 70 74 148 137 183 44 217 101 177 55 66 178 211 231 144 60 63 152 205 131 39 84 145 86 139 161 198 184 59 71 121 138 117 172 103 174 214 219 
1 : 193 182 101 98 199 99 64 148 152 76 155 60 242 80 188 200 139 235 157 35 129 29 75 196 52 156 220 144 
2 : 66 201 141 124 69 85 145 44 83 176 240 215 71 136 228 108 51 179 120 187 123 55 230 211 199 41 32 220 209 190 106 93 132 245 218 221 213 177 229 231 184 65 249 131 243 
3 : 242 180 133 62 155 129 158 46 118 197 152 238 98 202 153 150 88 213 52 122 56 182 241 82 59 224 157 114 136 90 32 72 194 177 201 78 230 111 
4 : 154 86 70 111 87 208 94 176 115 67 26 239 163 46 58 189 224 28 192 84 83 206 48 220 209 187 49 215 194 107 226 47 113 245 178 32 54 73 236 
5 : 235 245 45 102 114 241 72 111 146 27 139 140 39 141 94 83 89 46 119 178 67 121 212 183 233 169 55 244 156 170 239 125 40 199 59 93 100 177 30 149 231 98 77 188 155 52 209 142 168 197 47 37 123 153 144 80 57 227 35 78 81 225 246 
6 : 128 96 224 243 147 211 190 126 168 194 177 214 218 102 133 158 107 207 55 159 246 242 148 108 217 73 165 225 145 62 37 88 199 238 116 118 157 197 230 166 136 68 176 127 71 248 234 106 81 167 175 
7 : 148 90 102 50 98 249 118 42 62 231 175 176 131 192 145 27 172 136 28 103 206 153 216 57 132 122 123 218 126 63 210 184 59 115 163 232 140 94 105 104 190 194 189 195 72 39 229 
8 : 237 156 166 164 63 81 68 117 213 55 209 85 47 52 226 109 171 176 232 45 217 97 80 34 233 228 
9 : 214 68 36 80 132 232 95 171 113 140 231 229 118 161 31 210 59 170 82 45 108 42 79 209 57 202 
10 : 48 219 67 146 186 47 168 225 79 50 195 61 129 216 244 65 191 110 182 34 92 73 164 139 236 140 145 42 127 187 208 149 77 167 51 160 162 132 54 38 96 
11 : 178 206 147 168 34 138 233 66 180 172 25 36 149 114 70 169 73 213 134 84 238 192 234 106 218 188 74 69 244 136 126 155 137 225 119 86 153 144 
12 : 122 238 195 114 53 141 156 186 145 140 76 128 33 39 208 118 132 30 217 97 206 91 220 72 94 50 71 205 44 160 169 35 109 137 82 164 25 184 49 43 188 143 38 224 108 177 119 70 83 209 226 96 113 27 37 196 
13 : 216 166 76 142 249 53 150 109 197 232 92 103 69 175 183 25 214 159 59 208 131 154 50 99 43 162 110 113 163 85 244 64 89 119 174 74 176 52 95 146 120 87 130 193 199 31 171 30 44 96 132 56 222 217 178 139 209 172 57 65 153 
14 : 132 153 104 211 111 61 209 146 48 173 200 131 75 37 202 94 137 156 186 36 141 118 244 72 40 90 145 34 68 149 100 167 181 177 114 30 143 124 
15 : 126 191 34 32 193 108 229 75 149 200 168 220 41 160 232 176 237 137 190 221 67 94 172 227 62 146 116 198 246 102 36 125 52 153 185 164 100 
16 : 49 193 103 86 248 96 186 190 130 79 185 91 45 39 234 192 239 224 189 207 37 114 92 115 237 235 227 68 131 194 128 
17 : 151 111 191 181 147 121 54 170 80 157 197 123 70 194 229 249 153 224 175 38 119 75 173 209 68 63 
18 : 116 131 68 166 65 43 86 160 126 89 44 48 98 214 181 38 183 33 184 161 180 94 62 142 178 141 158 176 51 75 175 215 182 234 164 244 136 85 173 115 196 81 169 100 69 76 203 112 134 53 150 45 101 
19 : 197 170 207 162 84 44 214 40 247 192 223 134 76 56 210 93 127 243 205 224 194 244 85 146 100 220 184 67 183 188 101 34 43 37 65 129 59 238 123 30 158 241 209 87 174 126 116 33 53 39 173 236 237 206 145 186 179 73 180 234 
20 : 94 100 144 222 76 48 195 92 181 174 197 186 51 67 232 165 62 95 245 54 145 81 38 82 133 55 83 116 187 25 80 190 125 45 124 53 142 87 110 239 175 183 108 27 203 185 149 236 215 30 66 227 34 206 29 64 32 209 127 37 242 177 
21 : 160 71 93 85 29 53 159 156 96 88 77 185 78 220 46 176 239 233 83 217 188 122 66 245 237 40 214 238 155 32 67 131 143 90 200 48 94 209 242 108 37 207 243 208 213 39 43 161 107 210 187 99 140 201 79 167 112 191 70 129 183 
22 : 185 138 45 146 207 111 168 41 147 160 125 226 93 98 87 151 167 193 230 241 203 46 153 80 116 31 144 90 176 141 26 158 233 179 225 234 27 109 214 81 177 249 156 44 195 242 
23 : 93 188 35 55 229 151 226 91 170 247 218 134 193 171 142 129 52 92 113 245 224 26 44 61 231 27 124 208 238 148 215 42 51 30 62 25 116 149 155 59 77 166 159 108 138 70 109 45 47 
24 : 193 161 240 225 194 232 154 197 29 179 65 53 238 188 67 70 134 205 180 48 151 213 203 69 130 121 82 242 113 33 239 123 215 200 156 117 62 202 226 63 59 98 103 170 105 141 57 80 89 
25 : 55 62 111 123 209 39 54 81 130 231 27 184 171 79 149 51 155 173 28 138 80 140 235 26 159 115 166 239 60 65 211 97 164 236 157 105 40 215 35 153 103 158 125 113 129 213 38 96 177 175 106 59 49 146 
26 : 189 156 65 129 234 211 128 50 149 185 123 238 25 87 239 38 187 191 90 144 86 226 157 101 155 151 106 58 114 96 247 66 174 188 94 118 215 62 212 84 230 204 244 166 112 194 202 97 147 91 199 180 242 136 229 63 164 223 169 181 179 75 231 
27 : 216 156 212 35 106 240 96 97 70 169 231 226 34 247 67 175 141 174 51 54 82 75 43 134 86 49 242 198 61 121 32 77 177 137 171 107 55 146 37 124 64 52 88 132 115 90 165 184 181 73 136 154 219 
28 : 218 172 183 214 225 34 96 85 169 176 66 188 175 198 136 86 118 31 100 152 104 107 138 205 234 126 116 240 98 87 200 241 113 125 231 246 199 235 163 140 49 215 130 195 43 38 67 144 56 
29 : 163 124 178 90 162 208 39 240 146 171 92 248 118 134 147 42 37 34 65 196 232 86 122 153 103 80 25 48 161 211 62 104 138 67 166 184 195 74 181 174 132 107 102 206 160 180 63 120 111 26 49 117 223 189 191 142 97 
30 : 73 34 190 134 40 53 106 68 169 167 30 104 203 158 107 90 50 127 219 129 92 96 33 145 65 226 128 179 57 27 75 147 205 172 126 209 28 35 123 84 100 166 78 29 211 55 230 113 39 101 140 58 89 227 99 197 146 161 210 178 212 76 60 
31 : 243 187 123 83 205 249 127 64 98 171 201 113 75 52 137 195 114 119 42 126 67 108 48 56 246 212 175 133 74 209 169 29 100 110 40 185 200 168 207 174 238 116 125 147 231 31 157 88 107 153 132 71 159 93 143 70 
32 : 187 186 238 206 43 217 177 82 240 60 168 232 33 84 91 38 52 151 226 180 161 137 150 247 158 218 197 123 202 110 135 189 35 195 153 209 94 34 112 41 103 67 111 98 114 164 149 139 144 74 
33 : 125 170 135 56 72 169 121 70 197 180 216 131 107 233 148 26 163 220 110 94 100 227 192 50 132 49 162 217 51 95 185 111 158 62 210 43 152 193 156 208 213 35 27 207 174 154 69 183 83 115 65 77 205 228 226 89 81 63 119 86 114 60 46 189 
34 : 203 202 159 162 171 225 64 215 57 240 243 120 119 117 43 183 85 175 105 130 106 223 211 131 222 248 58 108 47 99 233 42 244 70 41 
35 : 108 87 205 152 135 51 119 95 46 30 122 144 88 148 249 142 163 112 175 174 193 69 184 65 45 113 44 61 27 241 66 77 38 106 179 121 47 94 80 133 129 140 177 26 209 244 127 105 229 210 227 
36 : 157 136 30 54 236 201 143 55 56 238 126 95 208 215 26 138 65 43 91 105 207 133 124 78 47 114 110 123 68 131 121 66 42 245 243 39 183 33 165 176 182 
37 : 34 69 215 124 116 58 86 102 160 79 105 115 216 227 118 207 129 203 108 182 28 217 163 158 49 140 234 35 164 171 93 62 44 232 185 84 39 197 37 184 193 136 172 45 200 190 131 127 38 168 189 109 181 177 202 214 
38 : 127 249 97 159 130 149 135 243 71 160 29 140 53 25 155 182 70 42 204 89 163 102 197 161 77 213 90 78 45 86 99 219 60 106 126 165 52 47 123 36 146 200 246 235 134 191 166 92 43 239 66 148 215 139 151 96 218 
39 : 103 175 158 66 77 243 51 121 134 101 68 177 25 218 130 111 38 247 61 65 137 117 123 215 145 118 36 238 100 57 140 27 184 87 125 174 141 213 162 190 139 194 56 136 113 161 192 92 155 201 69 50 37 170 133 138 233 
40 : 59 120 32 198 220 84 86 87 129 95 229 154 244 239 189 111 118 193 163 122 67 186 210 98 232 93 119 30 242 85 75 196 152 234 225 43 46 40 227 176 215 52 197 97 202 133 192 159 
41 : 168 52 217 176 39 47 238 41 173 143 69 208 202 159 86 57 165 121 215 89 27 83 155 103 196 147 203 185 241 37 163 192 106 141 230 45 65 245 231 179 200 197 207 
42 : 140 158 62 161 192 126 237 43 243 172 67 145 160 221 196 170 228 156 141 168 217 181 188 197 84 110 248 106 146 25 115 
43 : 55 40 90 200 104 153 236 242 136 175 142 37 206 245 109 201 88 164 169 92 177 205 198 237 173 220 101 227 147 44 54 144 66 214 52 210 48 87 76 232 32 168 233 151 
44 : 43 37 149 132 118 150 148 107 72 209 88 75 228 219 99 62 157 93 82 54 136 137 70 141 31 129 120 235 174 117 111 171 182 186 77 56 248 86 210 102 29 207 155 204 35 
45 : 185 68 63 219 44 128 212 249 224 84 71 150 93 220 30 244 119 187 193 127 248 105 133 82 111 40 89 173 130 33 69 66 48 180 85 188 135 43 225 165 148 134 29 172 86 228 217 170 195 138 80 101 120 
46 : 199 26 170 65 50 59 143 154 104 84 165 130 227 168 77 203 132 32 232 103 134 188 115 218 242 89 108 112 208 222 62 75 161 127 83 243 91 78 172 246 212 40 249 148 37 221 94 93 51 237 217 
47 : 55 160 36 184 78 143 204 76 60 139 100 70 199 82 209 218 87 37 81 101 61 212 80 111 66 164 181 147 28 194 113 241 92 219 75 135 108 166 45 
48 : 117 100 170 239 236 237 82 234 215 156 119 65 140 231 74 162 83 93 61 90 37 70 69 97 241 223 40 79 242 132 123 86 230 169 46 199 139 197 44 185 186 190 175 115 213 144 110 159 218 208 142 165 220 105 238 62 221 182 
49 : 90 227 159 215 135 115 201 122 132 74 52 29 242 205 224 233 206 197 188 121 104 165 89 195 50 156 66 118 95 55 228 204 168 236 96 183 60 87 164 76 34 33 124 153 177 126 127 128 144 219 72 
50 : 46 213 75 243 54 86 26 225 105 168 171 77 78 201 231 167 202 58 197 193 238 240 34 161 89 194 35 71 151 64 48 56 79 224 144 162 109 129 107 38 164 94 198 146 203 158 
51 : 165 128 52 198 205 40 211 226 175 218 201 34 74 86 41 249 228 190 223 105 209 113 141 132 38 171 227 90 80 66 220 115 93 78 156 183 101 47 163 234 59 130 81 181 28 119 26 202 95 89 31 164 76 109 236 238 60 245 169 91 230 112 148 
52 : 29 169 152 249 172 103 124 141 128 75 171 176 80 177 38 181 241 248 213 199 209 74 170 122 182 210 185 168 115 34 36 44 89 167 194 242 234 235 154 112 68 186 100 183 76 207 78 106 219 
53 : 50 174 49 60 56 71 155 234 135 113 112 66 84 205 171 118 168 81 38 70 41 216 104 159 218 63 106 100 200 169 54 124 31 184 148 134 64 176 178 206 34 79 
54 : 109 57 194 136 106 70 28 243 147 45 81 143 168 78 44 91 67 163 73 227 222 213 75 35 240 123 117 58 130 146 236 71 64 162 82 49 248 161 172 155 83 
55 : 189 175 199 30 102 248 181 124 135 190 180 118 184 129 144 203 157 52 93 96 202 195 56 61 31 156 112 243 172 246 119 98 75 225 53 72 204 66 67 81 155 223 244 94 221 247 215 148 
56 : 118 74 88 80 72 159 78 59 202 173 142 32 63 64 210 51 109 27 148 96 116 101 200 73 217 161 154 91 205 204 131 221 228 144 68 192 145 180 37 183 156 222 28 93 169 135 244 179 212 120 182 231 174 
57 : 103 48 229 73 179 121 180 90 78 114 98 141 35 198 228 243 42 30 99 225 134 175 178 31 109 100 189 106 
58 : 65 169 152 112 166 38 182 36 185 123 172 162 95 163 199 82 189 223 110 56 132 62 216 64 175 232 230 113 
59 : 151 100 170 113 94 63 158 104 114 144 122 131 51 55 96 133 192 162 204 117 166 213 181 32 149 160 98 124 199 155 139 147 190 135 209 53 232 31 222 202 84 101 187 219 214 140 105 
60 : 65 223 62 210 79 229 159 173 118 243 195 188 249 41 185 45 126 153 247 164 184 145 157 214 236 73 232 201 203 26 90 78 176 108 137 113 50 63 190 244 55 199 110 226 81 221 160 27 125 215 112 29 182 189 231 
61 : 156 236 42 223 102 127 43 215 84 110 190 36 145 86 232 96 26 140 189 55 64 217 229 193 101 219 208 139 73 78 130 50 167 185 213 90 112 175 35 222 153 181 228 243 126 137 72 75 
62 : 126 232 117 104 185 114 88 89 95 152 92 215 228 167 244 123 59 133 181 64 200 201 207 93 47 35 171 179 235 214 194 234 108 106 205 31 186 233 216 78 195 85 68 66 218 243 124 139 153 237 160 52 177 247 122 239 30 53 121 242 220 81 
63 : 139 245 201 242 235 44 222 68 233 94 113 41 47 58 66 153 181 127 224 96 178 180 70 32 79 230 192 98 161 132 72 206 243 187 116 186 28 241 229 51 109 82 190 221 36 46 162 80 214 215 200 193 175 64 101 77 142 217 90 218 
64 : 61 78 230 187 77 102 138 43 191 64 160 36 202 115 237 119 233 155 207 80 243 162 240 170 82 249 198 139 232 101 183 105 123 182 175 39 227 69 218 208 104 221 96 141 203 236 54 223 137 32 
65 : 236 98 37 227 127 170 143 71 178 25 165 70 153 110 202 249 192 138 189 184 111 233 232 124 99 243 239 121 226 134 45 142 167 145 77 230 177 61 43 163 69 47 49 
66 : 60 78 188 147 231 124 214 77 75 102 177 71 139 82 94 98 184 244 76 81 239 52 115 164 185 196 64 246 106 105 146 54 
67 : 78 51 54 104 86 198 180 164 169 212 128 90 160 170 199 69 152 109 57 166 125 68 147 153 44 74 77 139 176 185 118 172 151 56 247 195 181 46 92 132 116 140 84 245 217 
68 : 123 244 145 115 243 109 235 171 98 217 50 153 141 105 97 212 147 92 46 81 215 75 157 196 47 234 129 165 219 89 166 69 159 170 223 179 164 74 61 91 125 95 209 72 192 118 138 162 229 204 187 158 28 150 57 155 206 200 238 112 
69 : 216 92 109 74 50 203 79 29 191 131 189 194 204 153 115 159 120 55 64 200 175 154 108 42 78 151 41 91 83 
70 : 180 177 199 53 38 110 158 120 87 224 26 206 212 65 86 185 219 100 165 235 66 148 34 184 128 47 115 200 49 121 103 144 78 56 195 204 156 243 236 50 173 139 105 201 
71 : 218 86 78 54 238 128 42 188 27 162 113 222 140 178 25 236 43 108 230 197 247 135 71 123 112 65 210 233 227 33 194 156 132 165 124 89 85 31 110 166 94 172 81 243 136 209 92 184 60 26 53 215 244 45 141 70 36 155 68 72 114 47 82 150 
72 : 72 78 151 245 125 167 61 229 25 163 188 232 218 156 164 169 159 100 182 181 34 192 199 53 110 137 71 203 48 161 57 26 175 212 160 215 89 219 75 64 
73 : 241 106 59 62 136 159 78 156 57 158 189 197 30 81 61 230 164 236 144 186 207 180 45 31 53 39 119 112 37 229 82 214 103 36 240 77 131 185 135 41 219 69 166 154 
74 : 135 154 84 122 55 242 74 91 229 27 54 248 163 234 134 64 150 153 107 148 158 173 133 244 117 161 147 205 245 34 233 50 33 237 142 51 179 100 231 95 71 129 67 220 183 36 69 72 170 61 99 204 77 144 200 98 175 243 230 114 
75 : 238 125 200 131 191 201 188 39 120 118 40 204 57 129 221 32 248 127 77 74 82 50 42 224 51 144 158 214 124 83 220 37 185 157 121 205 113 169 31 176 26 172 46 67 183 146 143 230 96 76 247 235 181 64 226 81 219 54 62 102 47 
76 : 134 180 92 70 221 32 69 62 29 65 105 170 83 248 239 98 25 57 176 101 60 33 208 63 99 149 196 174 86 173 234 28 202 249 227 184 151 200 
77 : 202 197 64 43 78 38 243 230 98 80 86 134 127 54 85 146 41 200 119 165 61 174 129 223 175 238 99 190 199 178 177 117 193 151 195 131 56 207 228 101 102 237 212 183 103 163 77 215 70 138 149 63 
78 : 123 214 96 78 32 48 38 160 35 57 75 155 140 197 249 183 135 111 184 112 148 31 157 228 55 141 172 100 79 114 89 
79 : 85 105 92 233 90 192 152 131 234 164 61 56 100 107 163 222 245 137 43 60 249 81 177 59 120 116 31 213 208 173 133 158 132 186 235 
80 : 196 169 49 104 180 156 61 229 32 237 216 78 138 77 198 118 234 126 153 72 206 94 240 186 86 
81 : 126 166 218 228 97 233 143 39 244 181 80 164 150 185 45 187 219 83 99 43 104 138 100 137 105 165 41 48 121 174 144 33 73 163 210 64 195 32 66 36 190 88 134 207 141 198 98 117 82 112 202 123 176 147 168 61 
82 : 26 49 120 205 44 207 78 171 87 243 172 176 98 119 189 108 173 213 73 57 152 203 143 84 91 125 127 201 163 48 38 83 115 138 69 141 190 111 222 144 226 117 90 88 
83 : 44 153 235 113 177 189 45 209 34 81 188 184 226 29 211 138 222 48 95 47 109 182 131 204 99 98 237 154 168 68 
84 : 230 169 83 213 245 153 243 105 192 180 58 117 55 241 35 110 157 222 29 52 25 221 200 181 183 214 113 50 139 46 36 227 79 
85 : 96 70 149 109 29 205 249 28 223 182 247 48 111 166 104 170 212 124 200 159 243 167 213 100 147 65 102 202 162 38 168 114 137 224 180 75 189 77 25 201 53 27 98 171 143 117 54 150 26 105 173 211 209 186 131 49 216 36 60 123 113 68 
86 : 62 157 40 221 222 132 64 151 177 246 179 78 118 216 130 194 185 218 192 30 169 136 99 171 220 146 202 52 58 165 228 127 112 116 34 159 233 36 197 28 189 29 199 110 150 39 155 90 55 89 164 73 247 70 
87 : 242 74 223 149 173 237 32 29 73 84 218 68 193 63 178 54 174 116 216 40 119 101 118 114 194 66 143 103 75 157 137 225 28 196 139 95 
88 : 243 160 229 181 112 242 48 139 236 163 235 214 148 91 83 35 137 239 149 224 225 186 74 52 177 182 118 161 184 197 198 194 34 78 227 195 68 56 179 25 215 44 90 84 132 247 104 144 190 156 50 95 38 
89 : 52 135 114 189 77 26 98 248 137 100 157 90 167 177 122 58 45 126 223 240 134 176 166 127 196 124 220 31 221 180 239 218 66 145 
90 : 248 26 160 211 101 117 198 163 115 122 150 234 103 210 220 72 157 33 217 188 128 85 97 242 93 47 246 129 245 68 154 164 138 98 238 204 104 81 173 151 52 50 87 126 233 44 67 231 108 168 206 145 239 169 112 89 241 179 48 199 149 95 
91 : 85 169 84 243 139 159 209 147 174 143 217 168 223 182 145 205 105 81 155 179 64 86 198 232 96 170 176 49 154 77 71 227 111 150 32 237 73 79 189 238 200 171 61 167 110 177 62 215 202 60 59 135 46 25 
92 : 60 249 61 56 48 145 89 153 197 113 144 244 88 100 57 52 112 211 223 216 131 38 236 132 241 51 205 75 76 117 210 97 171 155 230 101 98 245 106 31 111 181 41 85 84 151 71 103 141 120 158 96 37 128 172 29 127 229 
93 : 239 161 60 232 157 84 114 145 187 125 139 182 59 183 100 63 137 99 61 173 39 158 29 177 243 50 131 45 248 41 83 70 151 166 92 88 73 31 150 106 26 195 135 110 141 235 185 89 115 103 188 36 105 230 79 32 
94 : 154 107 240 69 85 123 112 108 97 65 142 244 204 113 176 249 167 141 229 50 232 79 70 239 48 215 193 92 35 40 203 179 128 226 238 58 100 26 152 164 
95 : 130 75 71 148 240 58 87 176 144 190 227 102 158 150 121 213 36 201 119 41 64 59 65 136 27 69 167 46 215 214 122 209 204 97 220 173 197 171 243 139 248 66 112 60 
96 : 111 92 136 152 170 34 215 207 97 108 202 51 132 79 211 214 26 179 125 72 147 164 245 244 198 76 27 212 153 201 88 146 42 220 229 95 135 180 235 219 93 85 65 54 30 64 150 63 35 
97 : 111 217 208 194 168 69 29 91 39 160 80 233 148 82 76 145 198 119 133 165 84 214 106 56 230 184 135 97 203 86 
98 : 172 81 186 70 110 159 134 176 49 184 158 50 95 169 229 74 54 63 76 191 154 219 199 65 209 135 130 129 121 99 188 100 77 249 79 127 51 180 192 173 52 193 73 75 58 89 224 185 181 26 152 92 
99 : 229 132 69 211 184 41 248 30 60 187 106 214 148 135 118 107 57 182 133 243 47 99 217 80 32 238 231 199 40 146 42 234 67 35 139 76 164 161 130 244 166 29 121 194 
100 : 96 212 194 27 210 116 170 66 198 30 111 201 122 190 106 85 206 92 197 114 82 131 159 226 211 165 231 214 163 204 234 249 129 154 63 147 25 65 232 117 73 203 
101 : 225 51 68 210 155 99 158 134 83 113 42 48 151 103 119 45 246 233 56 231 133 200 137 175 115 98 198 89 209 171 64 114 92 78 111 25 46 112 176 95 218 203 86 148 96 157 152 37 27 
102 : 115 192 81 94 54 130 39 195 164 117 77 135 105 228 67 248 141 43 167 148 242 107 189 131 226 129 247 169 187 236 165 103 239 59 124 109 96 222 212 125 45 178 206 25 215 155 132 88 146 235 68 55 162 28 49 57 90 204 
103 : 143 49 59 209 138 147 116 228 29 106 163 210 100 177 76 125 131 142 61 200 233 167 40 178 96 153 187 
104 : 213 123 153 240 188 143 42 191 89 126 216 57 54 90 232 234 158 69 183 238 184 87 179 174 26 34 166 204 79 32 94 59 136 194 113 159 170 221 197 129 25 245 36 106 84 
105 : 185 225 124 36 114 236 175 74 195 146 119 212 210 183 184 181 91 105 66 33 53 141 231 41 244 84 217 130 171 25 219 83 116 145 226 111 198 118 117 27 161 165 
106 : 166 39 53 230 209 246 33 85 122 125 226 249 106 171 214 243 156 109 50 30 56 38 150 65 183 93 83 124 52 47 44 176 189 140 238 245 136 129 57 240 68 217 192 130 133 41 208 32 225 84 168 184 105 223 212 76 163 45 55 195 
107 : 209 111 128 92 227 47 50 196 143 139 142 156 32 198 191 151 66 46 244 108 84 95 83 58 75 28 
108 : 239 38 146 203 88 51 229 189 187 174 190 248 87 102 152 151 44 221 164 232 226 161 120 89 178 43 84 97 
109 : 234 200 190 109 49 75 63 167 68 196 38 219 162 42 150 208 25 202 103 186 145 243 114 81 239 65 231 216 50 88 214 143 29 166 161 215 97 154 60 101 100 78 225 228 39 237 144 201 126 122 151 91 71 182 173 206 86 184 199 83 31 129 113 229 
110 : 108 149 215 131 212 239 202 113 222 152 246 191 187 243 65 207 63 206 157 225 195 72 71 37 242 142 162 232 182 230 97 237 178 126 52 99 228 66 110 121 64 172 88 211 
111 : 133 221 27 136 63 39 139 173 209 243 56 117 214 200 195 148 66 223 163 213 244 123 149 141 106 108 50 34 236 116 96 128 76 184 171 215 
112 : 222 140 88 215 159 130 96 129 30 32 194 145 45 63 200 206 111 92 233 141 53 85 164 166 40 134 109 202 84 55 232 65 115 197 38 101 167 107 26 203 240 123 126 60 46 
113 : 157 128 201 149 120 81 200 84 155 54 70 122 86 160 207 163 34 248 191 178 247 216 25 126 71 189 27 63 
114 : 190 205 210 158 151 113 75 60 122 176 213 155 148 182 40 66 34 95 249 73 175 132 38 231 102 99 221 229 163 89 167 230 146 
115 : 64 34 149 223 44 148 236 206 102 41 247 65 167 103 200 100 43 95 166 71 80 176 96 47 118 126 110 45 69 187 137 175 104 185 151 108 125 212 237 193 76 204 138 106 86 143 112 120 
116 : 167 207 90 96 233 131 242 196 229 88 136 73 114 56 66 208 35 118 104 39 218 45 86 30 213 92 223 169 44 243 
117 : 175 167 209 31 54 171 155 116 130 100 101 104 77 52 58 72 135 84 35 191 76 94 78 74 219 233 30 75 221 157 48 149 176 89 79 177 215 56 239 244 92 134 210 98 124 41 32 136 192 194 29 139 91 39 86 185 217 138 158 121 148 85 
118 : 113 131 173 211 221 243 118 83 29 47 25 97 38 120 152 28 35 127 111 183 137 142 73 96 76 75 
119 : 156 193 178 244 114 166 138 60 112 40 121 222 143 119 52 189 133 149 36 132 175 104 80 158 78 42 31 91 207 29 236 153 76 245 231 59 107 51 46 105 160 144 100 28 157 84 64 213 122 146 191 139 127 224 70 188 151 
120 : 119 92 95 41 118 156 162 165 235 75 105 240 231 171 114 159 184 62 51 208 125 196 58 145 182 80 170 183 76 232 157 111 179 197 60 203 243 241 204 52 153 39 154 212 155 90 228 112 56 86 169 136 176 33 142 164 248 225 27 128 
121 : 185 129 83 202 235 124 173 199 67 93 107 38 65 182 57 46 164 108 90 64 172 92 48 207 190 221 193 37 139 178 70 223 215 81 213 122 174 32 36 137 71 210 78 189 205 68 99 156 51 214 50 177 121 
122 : 215 91 142 29 63 212 180 41 36 201 152 182 126 71 82 50 214 110 45 35 42 140 246 139 108 189 114 52 107 128 168 243 117 183 37 97 206 191 144 217 99 
123 : 175 58 103 25 243 234 196 55 62 206 156 85 200 107 108 131 100 230 216 249 170 198 150 127 81 181 213 133 83 
124 : 89 169 109 102 195 30 219 33 231 207 173 238 31 73 189 75 119 91 235 120 166 94 121 90 225 103 113 42 196 59 65 213 80 151 132 221 137 246 212 133 217 210 153 86 26 191 79 57 50 218 36 136 162 116 45 99 227 52 118 
125 : 169 236 152 166 225 207 38 75 178 118 156 219 241 94 97 117 189 213 142 200 62 113 59 162 245 93 42 161 214 54 128 73 205 100 182 71 143 165 129 106 125 123 167 246 153 109 
126 : 120 86 34 161 98 100 219 215 243 159 78 102 83 199 173 101 143 25 238 116 107 50 151 67 57 117 90 128 138 133 156 58 87 165 162 163 197 
127 : 131 119 163 213 54 97 239 61 183 168 101 172 182 246 89 79 142 59 139 190 184 185 205 83 197 187 47 146 180 155 145 112 
128 : 33 104 236 165 143 181 200 31 70 220 205 132 57 26 227 41 48 239 25 214 183 39 156 160 187 36 141 42 216 234 50 91 218 64 81 188 93 180 191 167 53 219 242 221 38 210 28 161 30 29 135 155 56 121 204 142 182 113 60 99 74 145 146 
129 : 87 95 167 57 63 176 191 164 90 189 219 65 117 74 25 204 83 61 120 125 42 196 192 114 41 237 169 55 137 226 70 86 122 127 241 223 78 
130 : 128 247 35 113 170 49 168 124 229 105 222 125 56 154 148 44 93 142 47 200 74 175 53 139 96 138 167 235 76 106 178 67 82 52 27 72 73 77 144 209 112 192 238 119 204 241 84 126 225 155 194 86 38 212 103 26 240 88 233 98 29 158 30 62 
131 : 144 87 245 201 227 204 171 80 248 249 54 207 179 151 113 167 182 50 155 190 68 218 186 125 70 219 
132 : 130 55 185 93 35 48 36 128 193 166 72 223 65 38 85 211 87 98 100 144 170 94 225 59 109 180 126 152 239 157 163 153 183 169 208 167 230 188 171 200 43 25 51 210 231 57 103 97 67 215 56 216 151 228 182 118 
133 : 71 75 102 238 99 223 214 222 240 160 32 197 209 213 64 113 156 139 170 126 82 119 239 109 136 199 39 90 62 56 226 143 112 51 181 172 83 
134 : 168 43 176 129 140 94 243 35 188 159 77 241 227 68 197 175 177 80 76 61 221 230 178 183 103 131 48 225 135 41 114 120 169 162 160 98 74 101 122 215 
135 : 137 162 202 74 64 87 102 191 218 30 145 158 114 198 48 181 52 164 42 141 90 212 75 216 37 163 166 189 215 86 187 
136 : 206 28 182 85 163 133 184 221 146 46 162 122 108 151 70 155 176 127 160 164 137 215 101 118 79 
137 : 131 227 76 33 104 206 159 125 180 37 241 179 112 56 50 62 172 46 175 114 47 249 166 171 83 66 169 116 212 105 123 226 147 153 188 25 219 129 233 65 225 134 
138 : 105 226 174 156 81 159 87 63 74 141 40 37 121 232 245 195 133 36 164 180 85 208 26 104 135 178 175 205 162 69 201 183 160 86 
139 : 137 87 139 160 68 158 62 191 179 241 59 200 101 46 224 55 166 186 48 34 45 110 157 102 189 221 94 173 41 195 66 124 50 192 103 58 122 190 172 27 249 107 
140 : 92 84 117 188 125 122 72 148 44 50 77 143 55 145 189 35 64 105 69 102 165 239 184 28 124 246 112 235 93 232 95 65 109 242 186 37 73 225 215 66 29 58 193 71 94 154 
141 : 60 89 166 49 240 113 194 233 230 43 126 145 104 101 51 191 39 96 241 36 162 207 203 100 237 181 239 143 170 151 206 198 141 75 
142 : 184 61 45 200 198 104 233 72 196 137 219 193 168 93 243 56 238 183 241 210 216 131 143 82 108 220 207 89 27 46 55 164 120 130 32 236 59 109 26 227 119 51 224 122 25 47 134 95 180 151 44 37 245 249 222 195 106 230 80 110 29 129 163 
143 : 186 27 128 70 120 154 147 167 232 143 199 197 111 183 106 82 88 180 194 31 40 42 71 33 60 131 249 206 101 67 76 
144 : 192 48 183 57 107 155 98 85 120 179 144 86 200 138 170 232 114 33 54 88 239 36 143 91 194 101 218 100 111 116 230 115 132 106 224 217 92 156 246 168 34 247 
145 : 242 154 72 57 173 142 248 97 146 37 76 206 104 50 125 193 175 161 127 33 164 80 158 86 247 138 67 84 46 41 220 185 75 119 191 184 209 26 134 160 151 168 180 47 187 64 
146 : 154 116 63 100 66 67 93 230 177 107 152 246 39 195 45 197 233 87 169 228 210 56 174 217 243 160 78 83 44 115 62 28 33 209 47 72 70 170 147 38 153 249 108 173 203 175 136 142 191 220 168 186 111 30 171 112 71 139 216 150 73 148 204 89 
147 : 69 226 155 219 36 166 84 71 56 142 29 39 195 208 130 115 221 134 192 54 152 118 183 173 135 212 
148 : 148 25 55 142 91 212 206 163 244 120 220 186 139 178 146 102 140 165 101 39 98 158 28 240 73 108 44 215 218 228 90 187 230 127 188 49 223 107 53 179 106 167 232 173 234 166 169 247 211 110 109 32 176 92 217 141 70 241 88 189 
149 : 191 87 199 227 109 36 28 182 155 181 209 29 247 93 204 160 151 239 53 101 208 54 201 235 193 194 189 62 248 108 206 50 192 167 123 65 90 210 84 118 228 233 81 226 
150 : 107 190 104 167 246 139 247 63 122 181 78 248 91 31 76 73 33 79 237 99 66 155 109 121 207 112 216 128 235 137 164 149 143 231 243 53 43 197 170 48 83 84 160 103 219 32 81 208 177 195 192 148 
151 : 133 37 122 192 85 65 223 57 242 60 157 108 33 236 211 237 90 162 138 187 243 176 173 172 110 39 141 180 201 167 59 159 40 222 210 55 147 107 245 45 179 226 204 102 207 
152 : 94 228 95 165 226 184 179 120 73 213 206 90 246 116 233 178 27 45 34 66 26 44 55 196 121 98 212 231 146 155 33 133 81 36 84 145 40 151 106 199 29 148 58 86 46 248 93 
153 : 177 38 87 220 155 40 90 191 248 71 130 102 30 150 222 173 235 210 132 117 171 172 92 184 84 166 77 221 187 28 224 112 192 58 233 26 
154 : 206 174 54 188 39 154 53 45 143 29 57 121 167 86 126 226 234 146 83 26 94 104 108 247 157 200 239 227 64 112 203 59 172 175 89 145 149 82 248 221 183 202 241 70 220 92 67 134 230 233 42 187 128 184 
155 : 238 96 79 180 248 163 185 221 243 100 104 54 80 151 224 119 69 122 165 148 29 176 184 202 86 45 60 171 188 58 160 242 239 84 230 199 226 246 134 236 37 245 121 168 75 89 152 223 46 207 111 136 35 232 47 33 175 128 49 173 36 131 95 197 
156 : 56 228 101 92 173 52 227 37 71 225 77 127 166 81 236 108 124 200 237 116 43 70 231 188 98 65 187 190 174 99 109 75 207 191 119 35 137 76 182 
157 : 71 113 84 118 169 176 94 79 184 242 183 160 127 215 197 88 173 70 67 233 93 212 202 92 170 223 32 240 83 164 141 196 143 109 148 102 85 231 238 163 80 45 201 91 101 181 177 39 50 193 
158 : 136 200 58 94 199 249 207 184 116 244 223 238 221 204 132 69 242 52 228 31 144 128 131 35 137 211 187 218 172 135 166 153 147 98 53 179 133 217 164 148 60 165 214 233 65 188 107 
159 : 82 203 29 89 41 163 139 94 246 131 107 38 110 86 180 108 57 56 154 219 76 156 36 157 217 152 129 73 221 244 214 200 158 58 137 159 116 239 241 26 134 249 227 181 169 101 75 170 93 71 193 195 55 123 95 105 174 54 
160 : 235 35 107 124 164 117 130 27 111 219 89 77 57 229 231 149 141 43 90 168 150 116 140 203 210 183 147 109 167 118 139 96 123 224 54 244 32 163 191 50 34 
161 : 118 120 247 168 73 218 35 58 66 191 188 28 81 135 55 47 63 199 159 209 99 112 215 83 224 145 56 196 106 185 32 130 92 134 195 40 216 104 236 137 78 202 37 240 
162 : 237 227 146 171 151 169 149 83 140 128 42 78 233 212 94 75 118 91 239 76 45 64 104 185 39 41 79 189 40 184 183 203 168 246 98 186 236 206 162 30 190 224 119 225 161 90 240 134 248 153 217 192 131 51 116 112 200 34 71 148 226 214 111 38 
163 : 125 121 186 42 114 122 210 39 183 151 207 55 138 56 73 127 52 238 231 108 72 227 71 135 162 182 41 229 37 97 57 199 88 247 146 241 115 80 172 225 208 160 104 240 78 
164 : 26 53 39 64 25 158 99 96 61 167 217 244 47 90 159 220 121 76 41 117 168 55 31 49 131 231 149 82 150 147 83 248 148 109 123 195 
165 : 232 213 189 99 115 29 68 139 144 106 159 28 107 249 240 39 169 156 140 35 239 131 195 73 120 237 125 238 186 138 85 63 81 190 80 143 82 34 43 95 135 129 118 245 112 69 181 218 167 109 62 58 236 56 227 70 150 38 110 191 184 78 
166 : 46 197 103 127 184 178 100 78 27 202 107 150 211 121 238 34 196 36 57 176 159 90 125 221 214 231 116 217 39 174 243 225 68 89 182 212 114 207 181 148 85 216 218 106 172 45 240 42 146 245 133 56 117 67 135 30 194 230 118 124 219 232 233 
167 : 122 117 184 237 33 89 83 129 86 54 90 179 248 161 160 39 153 242 210 62 55 95 209 142 105 234 183 133 146 216 198 243 222 113 186 249 191 116 124 217 181 207 97 143 196 109 103 32 220 172 151 227 57 
168 : 145 218 164 157 128 116 40 135 241 214 77 212 35 154 247 86 120 93 159 53 211 37 73 98 226 231 110 165 206 191 129 234 25 172 55 108 70 235 
169 : 88 34 221 90 145 226 158 136 196 211 175 171 58 243 184 149 194 53 123 167 32 66 89 60 91 80 51 220 93 94 72 189 234 
170 : 91 93 210 52 57 73 200 117 100 247 83 228 86 46 66 47 167 208 137 130 98 69 231 237 143 116 28 146 32 151 36 239 236 207 114 62 96 89 162 127 246 125 109 159 180 216 132 144 45 178 63 196 222 224 243 128 145 183 
171 : 98 122 187 54 109 78 64 221 46 67 40 193 203 107 179 137 169 49 95 155 133 237 196 238 247 126 81 242 124 186 240 41 75 236 37 224 39 148 63 152 225 65 227 102 208 234 30 84 201 160 88 55 38 182 28 83 170 235 60 209 219 178 
172 : 240 58 101 189 187 163 53 166 164 28 91 88 146 113 61 238 169 156 228 34 107 232 204 248 40 160 57 246 158 217 35 199 50 194 136 64 185 44 46 30 171 54 92 196 245 128 82 87 180 99 96 244 138 114 117 76 
173 : 131 213 44 189 120 162 35 223 199 238 140 67 105 228 111 227 161 166 56 75 160 184 163 176 117 91 109 
174 : 210 32 220 59 231 127 117 242 55 164 143 249 146 124 100 193 201 113 152 103 195 147 223 157 73 238 140 221 248 89 174 
175 : 202 102 111 113 236 212 43 169 222 184 92 136 100 105 27 108 35 45 225 77 26 125 116 133 135 223 215 189 143 190 107 149 235 62 109 127 94 157 42 173 98 147 163 139 174 65 209 
176 : 160 151 76 122 209 101 57 83 28 180 84 145 187 133 248 218 63 193 226 55 128 65 148 52 79 77 210 147 114 224 53 74 35 42 144 32 140 124 149 166 27 137 192 69 91 
177 : 217 31 203 68 132 34 177 190 87 50 195 223 124 211 52 112 79 232 135 56 150 176 235 36 234 92 192 97 139 81 85 226 47 182 249 243 38 244 180 197 104 137 227 142 40 39 239 178 204 202 46 
178 : 26 208 204 246 111 231 247 223 226 87 192 107 27 134 90 188 100 248 59 216 34 233 108 143 198 70 
179 : 199 133 150 161 128 90 85 143 27 230 193 33 216 148 154 38 50 205 153 169 69 215 101 49 237 142 71 186 245 122 227 41 99 79 228 100 40 76 218 42 134 152 147 140 156 62 65 192 32 47 162 174 94 61 141 167 
180 : 235 37 133 115 242 238 61 64 206 159 32 71 173 40 89 102 152 117 138 147 176 116 222 225 72 205 135 167 86 190 198 158 98 157 153 192 177 73 100 194 151 60 84 118 156 59 42 228 75 214 231 174 241 62 210 149 227 39 30 112 
181 : 177 78 64 58 164 86 39 137 214 133 113 170 154 159 43 25 92 199 161 57 208 71 77 173 187 
182 : 203 149 97 72 71 230 206 130 111 179 50 102 144 169 94 29 138 245 231 64 164 39 68 90 112 200 158 162 127 217 104 160 212 48 59 175 163 222 53 60 78 242 73 56 139 247 240 161 207 194 177 208 189 
183 : 174 216 95 168 221 196 185 69 28 147 91 96 122 194 34 89 61 245 107 238 148 142 243 86 167 162 133 223 60 74 246 117 135 203 99 33 213 139 45 234 201 182 157 98 158 229 160 190 113 90 210 222 204 48 65 241 215 
184 : 183 151 153 230 231 147 200 110 136 111 175 237 214 242 34 176 227 71 212 149 100 112 35 222 184 99 95 31 44 40 103 132 52 166 94 215 210 104 173 209 42 193 57 248 83 135 101 127 87 126 125 139 29 178 70 105 45 182 65 46 43 86 
185 : 125 111 181 158 164 127 59 110 238 96 122 135 232 150 226 139 55 37 197 112 66 156 246 190 230 80 34 
186 : 197 101 160 242 185 141 221 147 172 144 188 220 108 159 249 240 153 86 61 27 121 79 194 176 175 243 165 
187 : 226 236 208 192 210 74 191 143 75 60 212 157 202 227 175 243 247 190 154 103 35 171 153 211 44 
188 : 29 34 181 168 59 120 174 224 101 47 178 117 163 140 249 235 141 38 233 42 80 182 43 228 247 106 212 232 113 126 107 36 161 179 152 199 216 245 85 246 
189 : 239 196 55 123 116 189 128 27 80 157 86 140 159 47 50 175 64 28 240 36 178 103 249 146 155 53 243 242 107 94 131 211 156 132 186 57 180 173 74 46 89 56 192 65 42 238 248 143 84 204 213 246 61 48 187 207 144 
190 : 113 65 72 66 29 209 144 59 195 133 240 76 156 103 201 46 116 126 86 36 28 90 219 180 52 119 164 111 146 159 118 155 33 173 222 221 242 136 135 45 217 62 187 95 138 120 175 249 243 69 186 134 71 229 114 68 53 40 172 100 188 163 
191 : 166 216 189 197 95 139 225 188 158 206 235 182 79 103 75 115 92 119 243 100 30 91 39 207 247 90 215 177 25 236 165 134 174 101 73 
192 : 53 230 182 39 219 92 151 122 54 118 249 26 163 115 32 147 195 120 73 167 52 37 184 166 202 63 129 149 88 216 156 67 125 82 45 222 51 236 42 232 89 233 213 107 68 86 35 178 241 152 139 171 75 74 113 150 180 174 128 159 27 153 66 
193 : 37 246 89 207 93 244 30 73 137 62 81 155 165 211 195 40 128 68 91 187 205 106 228 167 156 118 132 45 94 61 98 85 142 140 27 113 177 78 157 183 55 46 147 86 249 69 198 126 29 59 
194 : 140 145 103 50 158 217 159 157 233 225 206 91 56 123 25 106 63 79 195 183 99 75 219 168 40 
195 : 39 166 191 210 101 61 30 233 75 238 47 167 91 173 58 241 194 124 66 90 126 89 133 188 226 184 142 113 78 33 242 88 147 38 127 71 119 55 80 175 125 49 181 204 32 
196 : 94 246 128 63 120 240 224 138 193 70 187 139 36 201 202 233 106 132 231 43 146 198 135 49 173 68 209 216 113 212 213 
197 : 230 62 231 208 53 197 90 170 221 228 225 178 59 29 157 86 204 200 154 124 87 33 50 180 84 89 211 155 45 176 242 245 248 70 125 38 55 110 192 60 113 187 134 66 145 77 80 202 174 215 233 158 27 156 189 30 141 112 78 49 
198 : 119 72 61 75 118 138 215 162 110 170 214 216 236 68 81 221 44 38 86 247 193 182 55 174 175 97 64 167 79 197 166 201 154 147 37 57 190 213 164 126 158 200 90 31 102 62 123 223 112 204 153 84 104 105 
199 : 178 207 132 202 170 196 166 129 230 57 71 70 148 92 247 155 116 58 146 159 38 152 192 186 55 214 190 137 205 162 44 237 140 27 53 180 41 59 227 98 158 218 128 73 91 163 156 131 
200 : 161 41 73 165 143 29 231 137 38 119 58 42 46 244 226 83 186 56 54 237 76 157 39 184 68 72 192 220 211 160 249 140 175 26 36 75 190 205 25 109 219 145 200 57 93 248 215 52 239 218 80 183 70 236 49 124 128 60 199 99 182 61 105 
201 : 211 135 244 129 156 248 182 113 187 79 120 128 70 238 223 65 203 138 88 217 139 100 85 158 95 216 162 143 68 168 86 97 82 142 220 25 230 140 
202 : 45 211 108 134 220 150 174 40 102 60 151 228 141 217 193 187 35 212 206 185 129 56 176 78 166 149 138 66 109 80 117 91 
203 : 109 162 93 171 246 140 216 166 191 37 67 96 199 142 169 50 240 146 57 132 94 85 212 215 172 249 113 224 32 192 120 51 25 53 206 26 242 181 118 101 112 38 75 220 99 
204 : 230 158 160 117 64 187 175 58 140 65 195 193 118 75 220 144 70 185 249 33 226 141 138 245 248 173 164 101 161 180 40 237 78 202 129 174 
205 : 248 112 75 171 100 245 179 214 92 39 45 137 79 144 101 63 198 182 160 168 69 131 203 219 130 87 90 114 74 111 58 127 143 37 73 215 236 159 148 204 126 115 232 247 184 145 154 116 109 221 96 185 95 177 99 133 78 25 187 41 124 128 28 76 
206 : 236 113 55 103 156 142 96 240 249 45 124 53 203 241 182 159 111 42 60 215 116 59 216 191 162 31 198 218 204 38 184 107 82 65 171 166 176 83 183 72 148 200 223 104 98 222 237 58 76 196 32 134 57 44 25 29 87 175 208 28 40 193 147 78 
207 : 100 55 160 211 73 141 149 202 94 27 98 133 135 147 54 173 198 126 212 231 172 38 188 77 217 32 114 187 162 37 240 200 166 76 79 47 191 209 218 247 60 222 41 174 165 106 43 193 112 40 249 
208 : 41 27 91 102 122 81 217 95 55 248 186 164 42 142 200 124 190 156 135 188 25 49 194 237 157 178 116 174 94 129 112 236 151 132 53 198 241 223 152 71 
209 : 181 231 93 127 117 128 154 34 41 114 73 187 203 66 49 219 88 80 223 189 100 129 198 171 113 31 190 99 227 153 140 96 83 68 155 218 217 29 39 183 72 62 
210 : 166 190 213 78 228 148 178 151 112 147 192 199 220 58 216 201 140 73 111 222 75 208 47 34 153 54 59 218 172 234 131 175 195 221 229 227 244 238 52 212 236 150 198 245 162 80 137 44 27 
211 : 124 208 112 193 236 121 206 224 210 28 160 179 107 131 163 177 243 74 104 55 154 123 25 73 248 187 201 244 207 149 98 161 
212 : 121 80 164 249 41 133 26 179 197 139 66 207 147 97 61 184 44 36 109 28 194 159 117 94 233 132 199 216 115 186 111 56 203 235 129 242 83 162 200 178 191 208 172 50 238 104 113 214 75 123 32 
213 : 218 37 174 199 114 224 159 127 68 176 230 56 214 134 74 192 231 76 195 137 142 154 85 45 91 217 97 156 103 67 163 150 51 55 245 30 29 58 162 112 50 95 170 117 173 248 80 111 71 87 166 237 59 220 
214 : 32 183 34 242 54 203 165 62 152 184 86 195 116 192 104 25 244 47 94 162 52 128 82 151 144 240 231 113 115 92 96 100 170 148 189 69 42 77 102 101 112 68 230 138 49 
215 : 81 73 84 116 211 49 222 200 64 59 133 221 126 130 170 36 68 150 157 40 212 100 213 220 86 240 186 244 143 33 233 205 85 108 154 181 224 71 138 207 112 83 87 89 131 134 111 128 62 238 41 229 113 105 
216 : 92 126 248 109 48 40 108 152 153 87 67 51 237 246 102 103 190 241 82 236 107 170 238 95 122 97 43 206 209 128 
217 : 67 82 48 83 65 108 135 239 216 150 243 151 100 87 53 139 203 187 192 68 183 30 66 76 99 96 195 138 52 36 236 122 186 197 126 98 63 45 227 133 205 204 94 176 160 84 231 71 162 247 142 25 92 193 42 119 201 225 
218 : 136 121 235 94 111 31 158 58 177 34 212 143 26 153 242 54 69 62 204 63 60 132 211 196 223 
219 : 182 210 79 174 184 86 84 63 130 92 42 203 229 132 32 247 165 129 187 214 49 51 114 61 160 139 52 98 197 149 62 82 126 56 237 64 138 166 234 120 249 46 205 90 38 28 77 
220 : 124 113 175 95 242 97 49 108 208 206 65 26 238 151 170 37 193 114 134 68 92 73 105 56 102 61 111 153 118 200 119 217 186 181 185 31 29 38 63 45 40 80 83 189 51 
221 : 146 171 31 33 207 134 60 76 27 190 48 125 118 25 89 221 204 147 54 94 92 29 61 202 149 39 165 220 241 222 55 58 176 168 102 105 116 117 236 192 101 50 198 223 144 246 121 167 195 225 212 52 218 180 113 209 81 97 227 215 206 145 86 161 
222 : 164 154 241 185 237 249 247 169 65 219 170 157 123 216 239 49 193 125 82 205 166 76 186 188 148 172 116 103 165 112 
223 : 228 113 220 123 67 159 139 191 72 122 184 212 58 133 245 56 199 104 82 219 103 132 96 246 119 225 234 
224 : 187 78 58 181 160 149 211 62 131 43 221 119 243 138 147 111 83 128 155 31 106 73 182 92 118 186 174 172 30 
225 : 246 142 200 75 164 210 221 69 121 185 64 43 190 119 138 234 120 176 45 65 134 237 213 188 27 102 51 55 106 90 113 243 125 214 40 130 94 48 186 161 80 248 225 147 203 244 211 63 167 162 163 
226 : 201 26 213 190 46 143 132 51 107 133 219 28 82 37 72 218 117 64 228 145 79 142 183 243 204 49 122 
227 : 202 248 192 227 170 191 234 134 88 63 85 69 125 81 45 182 246 80 34 115 232 77 136 44 188 28 201 106 95 127 146 166 
228 : 95 171 41 204 43 111 167 229 160 142 206 85 93 193 65 165 82 145 91 57 108 109 54 96 179 
229 : 112 39 45 174 56 29 161 75 145 211 110 27 60 149 37 91 216 176 155 162 76 203 28 153 85 72 165 197 150 126 94 81 26 128 205 247 97 
230 : 149 141 210 185 30 225 142 122 233 33 150 86 61 173 73 132 157 92 235 171 65 247 110 178 148 152 196 106 35 68 77 241 167 103 240 63 163 62 184 81 59 151 227 243 54 70 90 
231 : 176 194 45 121 123 204 102 111 61 112 82 37 122 89 39 182 59 131 117 139 105 60 170 116 99 95 48 156 133 132 27 196 227 
232 : 162 118 61 182 163 80 136 41 60 171 217 176 169 180 103 95 76 173 40 55 127 104 158 195 148 128 159 59 224 121 31 214 54 105 129 99 246 227 79 222 201 39 111 26 192 83 
233 : 87 130 35 113 198 59 176 237 57 120 45 84 159 56 146 205 105 104 210 229 227 234 165 26 163 100 213 79 25 98 124 
234 : 162 249 87 230 33 108 203 27 93 59 184 98 229 207 198 140 100 242 211 37 213 110 61 145 73 65 48 157 174 146 103 49 130 172 214 42 200 129 193 199 149 96 221 32 226 176 144 154 62 117 131 185 
235 : 40 163 54 78 34 83 113 112 187 228 100 65 207 242 181 134 33 202 249 142 219 28 41 165 248 155 25 150 211 238 191 77 170 214 70 176 128 136 154 127 224 141 46 27 239 132 166 192 206 148 217 159 86 137 60 182 
236 : 92 229 130 108 210 28 192 139 143 240 91 25 191 198 66 90 26 54 186 48 211 174 46 196 95 61 144 158 73 71 64 60 35 127 167 45 178 217 98 117 237 112 101 
237 : 229 123 80 45 37 60 194 103 163 189 130 30 240 166 119 76 173 155 209 124 134 104 198 185 186 168 161 190 120 172 122 195 117 105 79 215 77 43 38 145 243 31 244 51 213 115 139 82 225 165 78 89 237 208 71 72 136 234 231 65 
238 : 142 126 181 241 45 32 147 177 89 165 168 62 70 99 154 244 216 211 183 118 112 138 228 131 97 98 234 60 201 132 100 79 212 134 75 146 214 182 68 80 231 176 227 179 240 64 246 200 63 42 25 77 143 72 136 199 123 202 172 161 124 54 
239 : 211 144 66 163 240 139 82 29 193 242 110 183 59 151 83 241 170 191 89 86 147 236 70 125 26 62 248 153 224 213 54 127 136 30 218 226 46 122 
240 : 204 64 65 138 231 188 187 75 39 61 115 172 211 82 56 152 112 27 233 137 133 95 171 92 50 210 105 218 206 33 157 83 116 41 247 86 67 30 238 166 46 155 57 132 244 48 217 51 85 84 142 77 195 219 107 106 63 28 74 76 
241 : 36 236 224 28 56 216 112 73 197 103 77 113 206 88 90 45 104 222 114 181 95 246 198 232 135 46 108 227 76 85 185 110 89 61 200 81 182 119 186 178 60 133 188 145 53 54 172 154 93 129 96 157 148 63 180 137 184 
242 : 181 223 148 180 158 131 99 120 64 201 241 188 162 214 100 160 161 104 159 233 29 165 138 36 163 40 52 174 177 220 81 124 202 146 88 68 130 109 237 225 230 94 71 213 239 55 207 62 31 197 238 42 51 25 134 
243 : 28 231 109 63 26 106 105 56 247 45 135 168 112 90 244 34 35 194 148 130 163 97 120 237 51 99 89 205 218 73 170 119 61 55 67 243 
244 : 44 166 127 161 68 126 146 189 213 61 63 158 167 116 132 100 71 39 69 102 52 133 201 59 249 182 165 94 187 77 144 150 200 107 157 228 233 30 118 98 33 216 122 190 239 27 223 153 186 106 196 202 46 137 97 47 
245 : 196 163 245 39 111 45 180 29 197 110 184 66 79 109 28 207 201 204 172 67 237 50 31 47 27 153 183 71 232 203 91 151 189 92 239 160 120 242 194 209 158 228 247 218 70 246 127 125 102 234 186 178 148 132 210 65 217 174 173 206 149 115 
246 : 73 152 50 173 75 54 61 35 135 186 62 138 87 120 215 235 65 168 226 196 139 88 130 36 72 242 49 249 151 159 106 28 38 238 29 223 246 60 
247 : 139 126 163 222 200 109 197 179 243 242 138 249 186 74 55 92 194 124 233 61 83 203 60 102 62 75 199 136 64 227 215 183 232 31 
248 : 93 52 44 40 39 141 69 86 51 28 125 119 63 31 130 152 112 99 226 184 143 237 60 183 160 100 208 102 114 243 236 151 68 116 186 46 120 215 109 228 190 200 27 29 217 73 198 106 75 72 245 104 248 108 43 153 70 121 66 206 155 213 88 
249 : 41 241 80 101 238 45 109 213 95 229 205 199 69 86 135 162 97 150 59 108 191 156 146 226 207 37 92 141 239 28 160 60 25 115 83 179 31 112 106 148 233 196 65 119 78 212 244 121 36 39 223 49 27 93 53 57 
250 : 40 144 54 164 37 159 174 94 172 246 249 48 191 80 198 166 123 224 212 239 49 171 134 67 182 242 196 112 72 236 143 51 73 83 131 133 151 66 68 204 53 150 42 223 217 55 87 60 101 178 103 188 147 238 129 71 194 157 180 128 58 146 203 
251 : 202 180 145 88 227 179 72 56 236 232 95 166 164 247 43 239 127 238 64 102 103 196 73 29 107 60 75 125 218 89 207 174 245 144 212 200 108 205 
252 : 30 205 114 206 59 195 138 64 119 155 163 241 154 70 26 95 107 173 192 213 217 178 33 161 129 102 182 151 222 245 247 46 131 56 202 
253 : 170 39 58 196 184 63 130 62 77 101 35 138 172 167 156 213 57 73 45 200 33 36 96 220 78 38 115 229 205 92 34 247 76 221 145 65 219 160 88 153 245 215 93 150 116 228 
254 : 30 198 240 39 48 226 135 76 88 122 118 98 185 73 129 33 102 113 112 144 191 175 215 116 176 43 25 169 78 152 57 137 130 83 164 126 37 54 40 27 228 60 236 165 65 66 241 207 123 232 68 202 182 195 145 199 31 81 107 229 231 
255 : 130 30 175 206 196 107 123 64 78 185 94 101 36 44 159 212 197 147 142 141 121 246 89 67 232 217 96 86 104 48 163 239 138 115 244 113 220 183 172 49 41 203 27 
256 : 198 72 86 113 249 49 87 128 159 43 235 114 143 61 60 82 176 195 58 29 105 81 66 117 25 78 172 188 160 244 226 121 134 146 50 239 220 171 229 157 104 
257 : 185 56 217 35 116 33 36 224 41 225 180 231 194 235 175 183 77 133 70 247 80 213 44 105 101 187 151 249 182 26 89 146 229 94 
258 : 64 130 104 168 141 152 244 211 214 188 41 157 71 29 195 223 241 47 86 34 221 246 198 80 82 96 145 101 50 46 103 126 215 81 202 249 98 171 49 92 135 61 26 115 213 95 204 111 97 56 218 77 159 156 
259 : 104 146 176 122 182 66 207 139 143 210 130 126 151 138 41 159 77 42 91 40 119 98 59 234 85 167 206 86 62 132 149 69 168 165 215 95 87 231 226 179 32 212 221 147 161 155 88 35 223 47 245 218 202 177 243 50 180 58 136 240 
260 : 203 248 90 171 231 214 151 211 164 107 218 89 178 104 163 116 157 147 166 187 234 189 50 173 188 238 145 225 102 219 217 236 148 152 120 204 62 48 143 133 41 124 67 87 74 72 27 94 
261 : 227 136 65 83 237 148 229 114 95 184 111 244 178 25 33 176 182 85 215 157 162 66 219 221 125 235 159 45 144 194 134 54 193 181 192 179 64 218 165 206 
262 : 109 110 140 235 238 63 211 93 160 65 166 35 227 147 134 186 248 31 208 47 154 192 74 195 217 102 98 203 108 96 85 170 44 137 
263 : 109 51 127 129 80 182 223 160 218 169 125 170 62 81 28 227 215 89 38 224 143 103 100 55 76 32 44 247 36 203 59 185 235 234 240 107 204 
264 : 214 248 114 100 173 102 140 129 48 220 80 221 241 104 155 181 127 74 49 42 31 110 189 136 180 233 205 75 177 61 85 149 188 69 202 107 157 68 222 29 51 26 141 215 185 218 82 231 201 54 34 99 162 150 199 52 
265 : 225 213 125 137 39 29 47 190 44 40 157 43 74 82 63 230 90 219 55 143 46 223 118 26 115 192 62 221 104 58 168 234 28 
266 : 29 114 39 86 180 144 178 232 36 200 74 206 164 92 247 71 121 60 96 181 191 162 146 48 49 38 238 100 157 28 190 185 176 161 137 47 110 87 140 244 78 88 245 40 224 233 118 235 198 81 
267 : 150 246 156 182 84 107 172 176 141 98 208 31 59 199 161 214 81 101 204 186 115 114 210 75 203 99 195 165 77 76 134 96 26 132 190 85 36 174 35 143 78 130 27 181 50 129 103 144 37 202 34 70 110 82 58 39 52 180 193 
268 : 154 240 210 45 54 132 69 147 217 84 158 96 205 126 33 58 104 87 230 70 227 55 71 198 187 83 234 
269 : 240 129 96 190 206 76 197 127 199 93 140 85 229 34 209 81 94 169 228 100 198 52 38 224 90 144 212 136 226 126 201 192 194 223 234 178 123 30 189 216 49 174 42 133 137 230 138 182 
270 : 66 232 54 34 25 185 61 247 208 105 133 71 60 184 139 36 218 189 217 100 115 93 106 190 28 102 86 120 122 128 98 76 64 171 47 145 95 57 167 176 
271 : 168 193 195 179 215 78 184 235 152 131 28 227 183 47 214 206 143 216 33 196 57 60 64 126 140 65 
272 : 111 96 93 206 68 147 163 95 197 159 109 99 141 51 241 127 58 115 114 92 44 193 74 72 151 125 30 55 221 47 205 133 212 
273 : 100 43 102 59 127 26 140 74 171 107 66 185 75 197 42 154 142 177 220 238 158 44 166 41 204 40 105 79 178 33 221 231 242 
274 : 97 44 209 52 132 235 218 169 147 116 201 214 202 182 29 162 173 126 157 177 140 68 189 143 111 57 246 199 224 42 71 164 90 122 148 34 244 112 
275 : 204 55 123 34 212 83 59 163 182 79 161 122 94 241 66 90 80 179 103 68 142 230 225 231 189 
276 : 95 99 244 154 131 235 241 53 237 108 230 121 84 105 60 200 111 219 59 31 193 71 171 189 159 140 117 77 243 209 220 194 124 101 27 198 202 54 168 92 62 197 195 104 
277 : 34 213 66 106 201 167 154 168 221 170 191 119 91 186 37 150 135 81 143 55 212 110 241 235 196 92 206 118 225 43 94 230 142 134 237 193 
278 : 181 188 184 236 118 40 248 137 96 138 147 205 190 161 127 182 65 226 75 86 204 41 200 85 71 35 241 83 87 109 62 246 202 235 160 
279 : 178 111 229 74 237 161 148 241 218 224 142 242 238 88 71 239 62 155 212 29 60 192 171 66 231 176 96 118 165 227 72 221 157 152 194 130 180 167 158 90 110 199 49 56 80 184 84 39 28 145 126 185 46 159 47 137 166 68 210 78 82 247 
280 : 121 149 222 127 80 103 173 132 187 234 152 45 144 155 232 63 98 148 204 92 126 210 165 135 56 75 120 175 166 57 112 116 125 203 224 249 70 47 216 142 44 122 228 32 37 131 102 84 
281 : 123 51 188 79 85 243 222 109 93 133 75 33 25 165 38 34 121 28 186 65 86 202 171 120 185 99 46 87 101 106 97 196 125 162 181 104 218 211 124 215 113 244 193 170 100 92 148 172 111 160 78 138 154 63 224 61 192 62 29 74 48 144 107 182 
282 : 91 131 163 213 97 65 36 63 75 166 37 45 237 222 83 227 170 68 161 122 146 110 67 155 147 239 
283 : 79 245 164 58 93 48 177 53 239 111 221 151 139 130 34 51 154 152 70 57 247 214 222 30 120 227 55 138 204 73 224 121 47 35 135 161 42 229 209 156 27 246 134 32 232 216 78 72 67 29 36 31 230 203 33 119 
284 : 126 111 66 216 224 91 232 177 163 98 34 27 210 136 42 117 90 121 222 190 193 59 110 105 162 122 
285 : 163 71 152 44 191 178 155 172 140 33 89 182 69 245 133 98 247 121 110 53 64 35 113 62 114 205 156 143 179 80 
286 : 38 48 221 161 123 32 130 185 214 67 162 43 152 140 26 225 58 222 83 103 70 190 77 171 112 
287 : 238 229 49 110 57 116 184 119 206 211 28 232 139 216 90 61 94 104 101 122 128 85 98 124 203 217 88 
288 : 47 186 46 115 135 42 76 113 133 49 121 40 242 71 134 163 103 207 31 84 52 150 126 142 190 153 34 232 230 63 97 222 65 93 100 214 206 104 247 29 122 25 83 152 159 218 158 111 87 144 
289 : 39 231 33 92 86 136 124 148 107 49 216 138 56 98 96 162 245 213 149 157 151 243 200 203 28 189 88 184 181 109 111 34 193 78 73 61 79 53 55 176 82 153 171 174 197 81 
290 : 100 114 70 137 49 233 26 169 226 115 171 157 62 143 55 179 194 31 186 239 117 176 229 52 188 77 222 105 249 39 165 89 152 173 106 164 127 32 120 30 145 93 112 185 69 134 154 95 73 138 149 64 230 218 
291 : 120 215 101 225 146 158 136 126 29 133 156 214 220 192 51 42 193 228 179 95 62 81 49 236 113 138 183 92 157 91 85 177 79 208 87 41 190 127 164 216 61 137 247 238 
292 : 118 86 31 193 160 63 162 164 69 166 230 128 210 226 213 173 28 176 124 54 169 150 25 44 209 237 117 165 66 215 97 52 36 199 208 149 132 29 192 120 177 168 245 243 161 140 235 125 198 72 116 
293 : 138 245 25 129 115 69 108 151 42 56 182 89 31 212 157 199 68 152 104 144 150 232 166 133 125 
294 : 32 239 112 56 88 95 203 178 42 214 192 87 51 89 49 75 118 129 182 85 208 243 62 146 114 128 241 233 
295 : 45 243 77 220 222 93 94 44 207 133 178 201 109 249 30 58 239 209 102 208 165 33 206 210 78 216 72 163 124 127 35 147 237 82 89 98 105 187 169 231 56 219 139 245 65 25 248 83 61 75 112 184 84 
296 : 226 194 117 38 40 214 126 137 212 240 206 169 74 87 223 106 132 119 175 136 178 155 215 41 59 89 171 164 133 36 187 50 97 83 166 139 152 111 217 71 185 189 29 148 65 124 249 245 45 163 186 72 221 
297 : 74 188 34 54 56 37 79 139 142 184 161 234 63 35 239 53 39 195 176 203 71 226 26 45 158 28 73 160 169 157 167 
