0 : 32 143 84 152 75 149 93 52 105 95 99 226 229 195 77 198 102 216 239 238 30 161 134 87 224 168 236 248 64 244 63 35 191 243 210 100 163 234 155 188 129 85 245 228 141 197 71 201 55 83 53 47 227 140 147 36 203 130 125 233 133 101 114 45 160 237 
1 : 129 39 200 98 94 213 26 105 80 108 76 201 178 59 83 145 164 174 169 62 185 114 141 215 207 153 171 36 111 122 184 162 134 70 45 198 130 115 82 123 31 43 173 66 41 
2 : 175 201 233 61 170 100 38 108 138 172 120 157 249 26 248 62 174 139 241 226 103 89 85 101 54 66 129 158 171 71 147 204 143 211 41 162 123 168 149 40 65 242 29 246 177 126 57 234 105 156 35 39 218 32 
3 : 214 114 38 240 179 100 215 118 237 129 101 165 198 196 200 82 90 147 66 169 181 244 154 211 25 164 108 86 153 126 239 125 81 95 203 172 142 171 143 168 75 107 122 53 189 197 231 177 120 156 131 94 218 207 223 140 64 236 201 248 186 
4 : 31 175 202 168 218 67 159 43 90 29 232 115 245 145 237 241 88 142 156 70 30 246 244 103 167 152 80 64 224 62 199 102 208 
5 : 92 99 102 127 94 74 144 220 128 85 129 81 72 200 140 60 164 149 170 218 141 78 219 76 187 88 117 211 191 
6 : 25 227 64 98 189 217 150 62 83 76 37 140 74 191 110 247 237 90 180 214 244 71 95 151 233 156 192 59 139 106 65 
7 : 45 157 163 148 242 90 28 75 206 246 134 69 175 26 113 39 72 238 160 121 232 188 249 133 63 197 244 228 170 189 102 142 201 215 239 114 216 183 184 222 213 119 103 151 174 233 117 89 210 162 38 
8 : 99 169 187 97 197 123 67 105 84 111 94 142 182 122 170 78 90 201 40 150 69 30 120 144 149 128 179 47 231 242 217 245 77 164 112 124 71 61 125 38 224 184 215 37 175 168 85 243 156 64 92 104 41 194 186 155 196 235 88 48 249 199 213 35 55 36 
9 : 62 35 61 76 160 198 208 37 228 220 140 132 75 243 121 112 49 235 195 105 246 97 31 57 43 113 186 139 130 187 94 115 215 26 153 237 247 55 234 170 41 204 156 196 27 86 64 181 178 108 34 
10 : 117 132 115 232 92 122 140 86 88 111 143 203 237 57 121 126 154 207 79 156 217 125 213 137 32 49 66 206 155 223 123 102 191 205 108 225 52 146 
11 : 168 163 78 108 140 187 61 102 155 51 209 79 203 147 218 76 226 58 129 134 151 222 248 44 98 121 204 249 47 177 104 234 63 171 182 165 89 135 162 29 70 64 156 160 159 153 244 48 158 80 169 202 46 141 123 26 190 240 238 180 137 215 178 54 213 30 228 
12 : 58 112 144 44 62 191 55 183 233 93 39 186 104 143 230 136 132 51 122 231 177 207 171 128 206 57 103 209 83 179 
13 : 226 108 201 202 248 166 40 32 152 189 243 184 150 94 207 61 160 81 43 217 163 42 155 146 249 214 55 198 109 58 230 138 185 246 234 195 247 56 103 149 80 168 136 77 175 39 37 121 219 65 27 167 25 196 129 104 66 36 44 
14 : 96 25 129 55 118 121 88 90 164 54 78 222 197 115 116 215 203 82 173 127 144 204 218 27 245 185 194 95 159 106 124 122 46 143 137 193 186 214 61 105 44 74 60 187 117 104 148 57 138 233 181 236 113 152 213 79 149 225 77 81 37 36 177 158 142 73 190 109 195 110 99 119 112 133 
15 : 92 245 31 98 249 45 108 111 177 91 115 221 148 105 189 61 187 103 49 74 95 32 170 82 77 137 59 99 207 114 140 35 248 63 65 191 236 178 208 79 27 81 29 48 122 131 161 246 182 85 43 179 66 172 237 129 241 181 197 176 180 54 141 26 93 210 39 96 163 125 47 57 89 
16 : 159 120 172 88 146 67 110 26 72 36 163 140 96 225 46 232 144 188 25 226 241 213 138 167 240 84 64 170 153 208 247 44 77 174 32 228 239 212 53 176 130 34 31 194 193 234 40 224 125 134 78 189 90 230 43 
17 : 39 215 100 29 66 175 34 168 71 144 25 244 90 188 139 112 102 220 195 47 155 146 198 162 121 124 159 72 44 240 67 74 48 199 108 40 50 45 138 114 246 191 
18 : 83 80 141 34 125 210 29 56 115 91 154 95 173 164 149 204 181 153 112 231 248 109 97 167 132 217 196 215 87 68 214 78 69 246 100 66 223 134 227 110 219 189 67 175 90 107 237 33 186 116 60 226 188 102 64 242 235 225 55 228 105 45 193 199 247 240 108 244 192 143 
19 : 240 111 107 182 145 27 139 178 47 157 220 212 173 222 181 72 140 118 210 172 233 207 105 78 34 183 170 92 109 99 135 46 136 100 45 87 35 226 44 134 128 73 62 66 90 164 224 61 96 154 85 137 74 208 40 59 60 
20 : 138 137 94 141 114 113 185 235 80 104 103 25 89 176 136 200 241 105 234 170 186 130 165 207 81 220 248 173 73 120 175 77 152 144 218 122 
21 : 223 101 55 111 185 193 241 121 27 164 167 115 179 178 28 181 135 159 212 130 32 194 65 151 89 131 67 116 138 225 198 200 114 105 42 150 86 70 144 106 33 
22 : 83 208 200 115 152 190 150 220 36 80 239 127 74 76 118 139 172 137 211 77 60 185 57 42 153 48 108 28 79 61 242 218 164 95 62 59 
23 : 151 200 232 146 115 91 179 184 118 68 236 156 227 207 41 136 70 78 87 35 73 243 44 174 26 216 172 96 98 160 25 193 135 164 187 230 53 77 97 199 56 
24 : 214 197 40 177 143 79 231 236 126 119 55 104 99 101 173 37 35 168 88 87 137 63 42 71 62 184 103 
25 : 44 131 36 184 77 28 228 225 199 200 245 218 159 215 55 91 67 143 223 158 221 46 70 220 153 62 187 126 119 217 72 150 37 244 57 120 181 240 186 122 189 51 246 27 210 109 115 118 135 
26 : 28 241 179 149 234 65 100 30 129 167 79 176 227 160 187 48 35 38 172 224 68 177 63 90 244 186 136 39 175 162 117 130 84 145 213 223 157 151 215 126 190 156 214 143 222 221 78 26 191 163 183 82 98 205 106 44 114 150 
27 : 143 60 164 93 194 174 26 246 124 126 213 47 151 141 70 61 158 196 229 32 144 131 231 170 94 59 181 95 52 227 97 205 238 187 109 249 240 203 135 236 130 28 63 184 248 
28 : 139 93 92 104 59 77 157 182 154 131 171 169 39 232 239 158 159 38 244 25 234 46 133 40 28 190 141 227 119 98 178 249 132 149 248 120 230 146 
29 : 100 233 81 238 56 70 179 147 58 211 109 116 28 78 237 32 208 64 228 49 169 177 36 126 145 156 151 154 230 62 152 125 91 46 54 150 153 103 246 86 
30 : 196 73 125 198 173 29 144 66 143 61 83 126 103 31 54 209 215 72 182 214 36 180 188 111 191 236 57 156 88 204 79 176 67 195 38 168 48 227 244 128 247 174 167 77 129 62 119 26 40 25 207 249 130 237 37 68 185 76 123 211 64 189 65 
31 : 37 198 54 89 227 121 95 231 59 148 154 125 27 138 105 205 192 92 225 171 194 208 88 62 229 249 25 94 118 103 239 135 110 220 195 
32 : 165 160 236 233 238 132 194 141 49 61 168 183 247 156 144 216 173 136 68 108 215 72 210 102 184 228 116 174 191 66 92 197 70 100 78 146 120 227 
33 : 167 186 127 116 27 59 230 62 95 144 29 89 241 26 157 77 181 189 158 239 101 228 153 58 39 82 131 220 74 128 209 43 120 159 133 69 163 35 234 187 215 249 99 194 34 199 205 130 40 236 56 91 243 63 237 86 219 126 213 207 28 113 231 
34 : 110 32 46 120 239 135 55 94 64 246 67 140 176 178 141 238 173 100 207 229 147 183 26 57 101 109 47 99 191 214 42 189 106 114 237 222 243 123 159 52 149 102 83 62 85 33 215 53 34 
35 : 25 89 113 135 242 35 187 126 62 68 162 154 159 101 34 188 66 246 238 152 106 70 40 125 231 145 52 182 102 197 115 227 95 31 146 112 203 186 131 185 65 123 223 122 142 37 33 
36 : 60 228 125 63 206 176 216 130 132 135 201 85 42 81 157 242 73 54 205 29 36 196 83 209 224 163 32 222 136 215 118 107 169 200 182 188 151 179 30 172 158 197 129 87 146 227 114 50 166 174 199 40 55 225 234 249 134 191 105 59 126 160 25 39 184 97 93 233 214 115 137 247 43 152 
37 : 29 157 89 156 99 243 211 224 175 88 165 116 143 154 122 196 244 28 139 208 127 69 41 124 249 141 228 53 217 210 25 163 159 78 193 67 245 136 186 212 144 158 214 94 204 237 189 199 131 80 31 118 234 138 153 184 167 177 97 32 198 187 113 79 233 
38 : 136 72 64 129 115 202 168 85 126 245 36 135 211 93 111 246 81 155 222 146 43 56 66 180 60 67 130 59 
