0 : 78 167 232 217 209 137 229 239 216 67 50 107 198 166 43 145 230 173 127 86 147 54 57 97 133 79 203 104 155 218 68 248 206 98 201 237 108 48 244 84 
1 : 247 77 69 116 217 99 189 238 198 108 102 137 43 192 244 225 78 132 39 121 125 45 38 68 235 224 204 34 25 27 153 170 242 79 237 231 181 213 95 29 61 117 149 171 93 218 126 199 106 44 201 188 220 191 75 177 167 174 84 97 208 172 
2 : 77 153 166 245 82 62 129 81 238 196 136 249 235 206 127 45 143 39 57 216 83 132 141 56 157 91 130 188 118 199 44 150 178 49 120 66 177 36 163 243 
3 : 88 117 64 201 52 87 174 92 66 228 219 50 53 243 172 218 194 73 45 209 39 213 217 108 248 179 32 61 169 199 237 193 142 127 178 74 170 100 189 151 55 30 46 112 96 224 242 76 37 54 166 175 33 167 60 246 89 232 126 191 216 130 135 184 57 187 115 104 163 164 29 190 210 183 185 
4 : 58 168 198 150 90 35 138 237 176 63 132 241 165 64 244 180 190 33 47 89 224 188 219 153 135 238 125 93 167 55 80 36 105 163 66 
5 : 31 186 215 38 221 26 178 213 166 153 162 74 168 65 127 121 118 150 58 60 157 98 35 64 112 242 79 164 172 
6 : 153 244 243 122 193 126 68 58 72 91 112 157 197 225 203 71 206 210 201 169 149 138 79 143 93 53 152 175 247 148 27 195 49 57 168 170 40 66 31 150 83 248 212 113 192 50 120 
7 : 178 203 107 150 82 171 118 166 52 99 175 117 214 201 202 64 246 115 219 51 241 152 32 220 110 145 173 233 74 238 196 50 130 153 249 207 227 137 236 237 55 193 68 208 97 31 195 28 71 213 165 124 98 102 199 96 162 104 146 78 109 182 142 49 235 217 69 59 
8 : 222 200 237 27 156 150 241 206 81 162 115 101 59 131 184 36 125 146 236 187 60 165 28 214 94 152 173 232 134 54 70 106 227 160 57 126 192 55 174 103 68 86 226 71 141 182 167 180 215 76 48 207 114 119 118 149 221 194 78 170 66 136 
9 : 210 159 75 196 235 47 55 28 79 111 100 164 229 162 195 239 166 60 191 48 88 126 36 199 54 242 215 145 41 42 144 35 241 33 31 
10 : 112 176 94 243 102 218 241 151 211 76 92 111 130 246 85 59 177 28 96 169 165 50 187 98 35 152 188 171 164 
11 : 209 32 162 237 59 125 171 188 139 229 210 158 89 76 115 95 61 133 120 194 63 148 27 166 225 242 177 28 164 90 71 74 140 138 200 49 154 57 119 86 222 172 98 143 33 195 161 132 219 75 
12 : 97 180 85 138 92 197 78 152 171 73 39 81 113 64 236 43 31 50 220 147 148 69 51 204 231 116 185 200 249 228 145 41 100 247 66 234 149 184 122 76 188 121 195 141 131 175 154 143 109 205 118 49 128 52 136 111 40 105 83 150 232 176 48 160 82 35 182 153 72 157 217 222 
