0 : 152 111 82 79 144 87 125 73 101 96 180 193 147 164 207 65 64 160 102 183 59 230 148 146 109 167 215 120 35 56 58 157 108 112 41 246 181 153 80 51 46 170 211 72 129 221 198 83 204 31 132 95 240 156 218 38 231 137 138 63 27 37 105 150 45 60 57 171 33 162 175 158 26 194 
1 : 183 133 225 149 227 160 46 204 70 230 36 165 228 137 26 196 216 106 218 235 177 229 150 220 97 74 65 203 113 92 87 117 128 81 116 69 153 209 142 194 195 114 108 192 245 185 224 51 151 44 98 101 38 56 118 236 28 215 123 171 154 174 211 75 105 54 109 221 100 71 206 167 40 136 166 181 93 34 78 214 27 79 
2 : 224 70 149 100 77 243 119 173 198 96 206 216 211 205 239 86 195 43 213 105 235 89 126 108 174 183 103 153 225 157 40 201 62 113 122 84 56 181 143 34 82 57 26 178 160 94 187 33 37 58 101 180 200 164 231 129 92 208 81 31 72 
3 : 151 132 106 143 42 225 198 121 36 154 228 48 80 40 158 248 94 83 140 247 101 236 209 192 233 38 87 127 183 135 63 103 117 128 112 98 181 53 224 107 26 65 60 184 200 193 175 234 62 147 31 43 170 81 32 67 92 100 160 108 241 90 157 55 73 195 211 191 176 110 242 93 161 111 54 89 159 114 237 68 
4 : 236 38 77 74 58 183 148 205 192 190 180 69 229 198 209 145 173 161 50 35 222 47 160 51 45 59 187 202 93 39 215 144 29 159 110 240 230 54 43 129 194 142 48 87 96 249 195 100 88 101 40 107 238 138 116 131 201 76 97 137 89 71 204 72 67 83 114 178 243 182 242 
5 : 215 47 110 97 92 144 178 96 28 224 171 181 124 99 142 46 248 243 123 67 37 137 48 212 177 189 30 
6 : 119 67 235 77 218 107 166 161 238 159 104 80 59 26 199 244 126 64 230 206 139 219 154 32 162 223 43 141 167 196 25 176 153 57 215 148 184 144 87 227 94 117 198 175 135 51 247 68 224 125 147 105 229 150 40 99 233 134 
7 : 184 43 91 67 224 155 242 211 47 63 223 191 98 32 140 88 75 118 126 228 241 162 145 249 214 163 101 150 37 164 57 82 188 70 183 157 173 131 135 146 115 54 138 204 154 136 122 128 89 151 
8 : 226 241 190 191 234 147 25 227 78 106 79 45 192 141 93 165 171 31 56 70 84 211 145 180 131 111 29 235 225 213 75 67 238 26 244 208 240 153 108 209 218 68 48 54 86 104 102 219 71 236 74 133 119 201 124 136 43 183 144 132 170 
9 : 166 171 134 96 35 125 195 244 60 82 136 212 215 29 135 30 150 159 86 207 112 62 95 246 64 205 48 124 110 40 240 85 214 69 98 61 213 99 34 113 243 122 248 93 242 170 32 33 162 194 107 151 138 106 187 249 91 161 218 127 238 68 49 118 196 44 204 47 28 224 233 198 227 50 167 174 142 74 73 191 126 
10 : 217 52 246 196 43 195 203 129 189 46 247 42 248 97 144 214 59 37 72 191 184 212 202 118 101 41 100 58 63 159 204 211 222 160 
11 : 88 83 73 177 106 81 102 210 148 37 168 224 196 200 187 76 247 30 135 159 235 133 56 190 78 85 237 89 215 165 123 156 142 219 127 226 169 139 27 117 132 75 155 172 93 26 198 144 82 35 185 84 58 128 66 249 214 160 126 181 101 120 108 204 157 217 152 
12 : 59 171 197 145 69 56 141 33 198 203 111 70 68 175 186 211 207 230 192 155 108 71 222 234 81 61 152 125 196 110 150 46 228 52 233 166 216 232 83 97 103 42 183 246 99 189 147 100 50 75 28 224 98 162 91 176 209 134 240 35 245 161 30 167 179 215 79 136 178 231 208 184 129 
13 : 222 101 133 35 42 219 121 135 75 41 129 210 114 91 231 244 80 204 69 138 202 209 47 38 111 55 70 215 226 180 181 123 150 59 196 56 139 158 141 143 106 39 223 208 26 73 
14 : 231 59 246 52 154 192 191 208 225 161 153 36 109 178 99 50 211 238 133 79 130 237 128 186 37 185 46 25 129 158 160 95 172 71 33 188 87 67 51 34 104 220 60 89 106 168 167 74 69 113 210 139 201 61 198 206 195 212 107 84 219 32 177 39 115 72 140 93 229 42 164 
15 : 189 181 68 104 130 89 127 155 150 216 78 33 120 134 186 244 229 176 220 238 151 141 93 48 205 112 152 107 
16 : 144 50 113 239 176 169 130 229 120 192 80 85 45 196 91 174 40 92 158 181 112 78 44 235 109 111 242 182 38 77 119 55 32 28 146 164 135 56 141 60 157 25 79 107 54 160 37 122 57 216 237 217 212 
17 : 231 236 52 82 87 55 160 111 62 214 39 182 178 95 78 71 124 165 61 151 246 223 247 106 47 248 128 190 229 227 169 187 179 44 69 157 202 171 194 58 89 59 206 84 119 230 196 86 163 114 143 129 
18 : 238 115 167 180 61 249 190 66 92 95 168 213 94 86 75 107 52 177 218 110 116 29 137 152 140 39 153 181 160 55 220 42 150 211 161 169 193 91 132 99 142 225 221 162 76 239 163 165 164 189 
19 : 90 185 191 218 208 224 168 103 94 60 211 197 133 39 230 228 89 56 32 238 189 158 163 99 215 188 115 102 145 92 127 44 98 176 221 227 74 40 214 37 93 122 125 143 45 170 184 83 57 38 183 106 180 192 47 54 142 173 134 73 187 136 121 202 113 186 101 114 147 128 213 246 108 190 
20 : 94 49 58 55 43 126 107 108 220 69 206 238 60 198 184 81 248 172 231 98 41 50 234 138 249 192 154 237 86 75 242 246 188 224 213 76 65 183 38 136 135 142 118 39 174 221 82 97 95 243 92 100 232 112 219 62 241 88 148 35 34 215 245 161 155 166 128 216 180 247 163 42 127 197 
21 : 217 33 212 40 89 248 236 61 168 194 241 110 60 117 139 100 70 108 234 90 219 34 28 130 207 103 226 86 211 46 129 193 142 203 157 96 161 216 224 124 197 91 80 95 72 48 56 136 213 27 201 138 184 225 162 206 45 
22 : 243 230 108 145 99 209 211 177 153 93 59 207 187 98 107 69 222 126 238 52 62 87 76 180 172 226 220 95 189 100 81 165 43 80 64 86 141 28 143 67 105 47 94 71 96 234 134 140 70 53 186 147 106 125 
23 : 161 231 43 72 179 119 183 27 61 82 226 116 217 249 33 38 204 141 66 49 200 203 45 181 142 197 30 126 81 73 221 85 112 182 52 186 168 191 244 98 158 218 109 101 35 121 212 238 232 105 196 102 47 228 100 114 206 40 157 169 160 213 166 241 211 136 144 122 242 246 190 209 118 68 150 185 56 167 227 39 165 201 99 
24 : 212 139 122 205 33 145 38 148 154 185 208 51 159 196 91 129 155 63 165 68 27 225 43 149 60 75 209 202 221 85 115 222 112 193 121 100 230 248 216 127 119 98 210 135 56 147 78 76 48 81 95 83 54 114 217 182 45 188 117 219 49 184 84 200 55 65 223 99 34 236 183 57 213 110 224 134 
25 : 113 29 182 215 171 45 147 138 238 96 121 241 36 55 210 41 150 80 181 73 106 126 202 230 84 63 27 131 88 77 154 184 245 78 109 233 117 197 213 64 114 167 134 110 104 212 163 125 205 196 94 153 160 130 128 68 115 227 237 183 
26 : 150 98 49 167 114 86 145 192 96 241 216 211 200 178 249 177 157 183 220 230 205 227 195 51 52 28 155 180 237 39 74 240 27 181 25 154 71 201 107 127 93 100 225 123 65 56 244 152 213 79 76 158 135 41 
27 : 69 119 160 38 219 235 241 193 35 248 137 181 113 97 34 142 176 202 159 85 158 155 74 110 224 243 102 125 88 56 169 214 190 72 185 237 105 227 148 59 53 77 195 233 172 
28 : 117 177 199 180 224 162 28 123 25 41 49 200 249 166 38 222 100 30 190 228 237 151 138 208 131 231 173 59 81 93 119 65 207 203 137 127 167 212 32 64 245 79 154 247 225 78 206 56 244 92 62 161 132 240 176 114 
29 : 35 228 218 225 101 159 126 203 154 98 192 118 152 93 186 244 102 231 112 165 99 194 109 191 175 81 141 82 91 47 209 227 246 197 30 54 27 210 245 31 40 84 233 138 198 111 92 28 151 61 43 176 122 
30 : 128 37 86 130 53 230 232 106 181 51 191 144 139 153 87 151 104 32 226 80 62 28 155 69 218 195 138 216 105 77 219 209 115 186 46 124 118 179 93 81 231 49 84 173 228 99 66 58 125 245 79 141 167 149 70 207 242 166 159 108 67 126 183 140 227 235 201 89 54 161 142 101 164 30 75 
31 : 130 25 64 67 220 140 236 49 30 247 79 51 108 175 229 36 221 182 119 178 144 199 116 213 222 73 103 234 157 112 233 191 118 248 81 210 84 48 92 217 38 173 187 161 89 76 148 137 198 169 132 156 228 57 227 128 127 72 33 105 174 90 189 193 194 179 197 
32 : 143 221 236 218 81 45 76 187 174 39 112 95 231 136 30 204 43 90 227 122 89 38 71 40 70 57 47 119 34 207 83 88 68 56 211 203 212 186 102 230 
33 : 140 80 244 247 205 25 67 85 241 44 68 65 128 123 168 221 219 207 227 202 105 217 96 87 178 102 77 131 52 120 161 94 99 237 137 201 162 158 214 240 84 210 193 226 30 141 134 63 145 111 101 185 146 64 79 88 60 147 243 116 172 71 133 163 
34 : 134 65 51 164 82 239 224 52 178 171 133 62 125 93 151 188 135 55 246 113 92 206 243 60 180 
35 : 209 97 210 128 96 99 86 132 244 216 243 56 225 52 213 124 48 159 126 92 106 247 204 193 78 211 134 182 
36 : 85 79 187 217 155 152 88 151 111 167 219 28 132 179 68 241 208 193 42 25 182 129 123 192 245 186 41 95 156 112 202 165 148 130 249 101 185 248 244 197 34 224 69 93 213 67 110 
37 : 111 82 181 184 104 108 152 53 44 160 67 139 158 176 243 110 60 173 118 199 229 218 221 203 50 211 156 208 167 96 63 191 65 25 210 90 
38 : 249 209 100 190 135 29 242 76 32 238 158 235 108 65 35 160 177 207 168 44 246 81 138 151 38 205 110 139 214 219 201 180 68 120 107 248 86 215 184 245 49 125 143 40 77 147 114 55 105 175 223 25 67 240 36 155 159 34 227 59 112 72 121 172 224 165 31 88 
39 : 159 199 122 160 64 180 163 191 73 168 117 37 54 30 60 211 127 46 118 38 209 98 87 177 190 197 195 183 71 74 47 203 216 151 204 25 145 196 224 92 205 82 51 32 239 83 237 182 227 164 212 201 213 245 200 69 124 161 152 143 128 56 126 247 76 225 173 125 248 
