0 : 219 186 40 159 85 111 183 215 134 81 143 110 182 229 142 210 148 135 199 244 155 179 67 154 93 25 152 102 122 47 124 209 49 112 167 239 28 153 71 128 41 157 160 119 242 117 192 235 184 204 231 116 190 76 246 84 65 64 233 
1 : 207 220 242 163 210 181 26 36 229 156 185 90 122 143 79 60 45 103 131 49 170 117 69 126 211 215 218 48 63 217 241 43 
2 : 238 157 51 90 59 83 202 48 245 126 188 203 97 78 159 225 140 232 95 49 150 133 153 39 81 100 171 155 224 74 66 143 169 77 212 244 211 145 112 85 44 96 176 226 84 68 82 200 73 130 231 167 166 111 205 109 33 209 114 62 215 105 149 123 174 99 227 221 60 229 70 147 108 168 79 36 52 125 
3 : 182 139 59 91 185 145 88 227 218 40 200 108 138 49 168 240 133 213 159 201 118 73 176 235 197 247 196 98 214 186 209 124 
4 : 91 54 101 89 162 169 34 87 155 167 123 72 33 114 49 179 247 193 149 201 191 221 60 225 194 170 41 174 144 118 51 71 229 188 45 57 117 81 90 195 187 35 218 228 209 107 65 43 96 147 161 40 100 204 239 190 200 88 129 226 220 69 95 182 177 214 249 153 231 122 94 141 207 241 42 211 196 173 176 121 
5 : 96 63 217 114 200 158 37 246 152 189 220 243 231 68 199 247 86 30 40 166 173 156 248 155 179 
6 : 118 76 239 164 249 203 59 89 107 236 243 248 52 202 112 151 108 163 179 214 188 155 104 91 211 131 137 140 232 82 212 66 146 157 233 238 141 190 175 247 210 158 170 186 25 92 185 73 38 45 144 227 153 133 241 70 225 176 51 40 83 34 222 191 234 180 116 121 50 60 231 205 161 46 169 209 96 142 193 109 110 134 136 103 220 94 177 39 72 246 99 61 90 162 67 77 
7 : 91 186 227 182 110 232 169 242 67 215 187 147 120 195 108 230 181 180 62 118 111 34 151 226 138 154 95 201 94 84 210 135 59 235 116 209 78 96 158 128 42 218 212 216 146 38 86 114 189 103 49 43 233 64 183 153 221 61 88 35 236 98 68 92 73 55 48 163 206 134 166 136 69 105 46 50 25 76 172 152 243 56 176 246 119 107 222 104 224 156 71 99 81 32 
8 : 26 64 109 128 165 146 41 204 30 60 235 201 183 216 167 242 153 116 38 110 174 107 200 219 184 67 42 104 102 151 119 189 31 135 117 130 29 136 133 74 180 221 43 87 79 179 214 192 154 127 196 187 157 111 72 71 230 52 244 163 226 123 218 177 126 90 223 247 227 205 124 241 92 106 173 248 37 55 156 217 134 
9 : 109 124 112 195 147 194 46 119 222 103 100 158 34 175 167 174 51 120 111 162 153 133 218 141 129 247 146 155 123 47 145 210 36 76 156 63 105 61 49 165 31 43 232 176 82 164 91 220 75 212 199 87 203 248 154 143 27 130 40 231 216 54 189 208 202 66 62 149 246 134 172 78 229 240 161 32 243 186 177 151 182 223 206 152 68 226 234 131 242 191 50 48 55 80 121 86 53 45 67 69 
10 : 174 81 227 197 71 44 213 37 91 103 237 191 206 223 63 221 190 200 27 38 168 85 131 97 78 183 203 105 40 234 163 119 39 194 150 79 238 141 216 201 182 202 49 173 124 123 184 48 102 33 160 26 31 152 207 36 187 42 86 98 25 104 179 95 116 41 126 130 67 193 205 64 225 208 144 35 50 136 46 249 54 101 171 29 111 117 56 121 
11 : 184 33 191 128 93 179 157 169 86 39 206 113 88 217 72 37 40 152 65 126 122 182 193 212 185 200 66 247 150 90 104 213 80 115 190 83 107 100 240 117 75 226 165 249 207 203 143 149 224 204 28 55 234 221 127 142 196 175 56 95 235 108 228 110 81 70 144 186 103 98 246 62 137 132 146 57 239 35 76 36 105 238 189 129 243 133 54 53 225 130 59 155 241 
12 : 217 136 163 134 68 69 105 193 243 59 144 29 85 137 132 83 183 177 84 188 208 52 97 114 70 239 121 195 162 43 108 99 98 219 
13 : 144 57 34 45 124 162 166 225 76 221 234 215 93 142 116 203 28 158 99 86 143 150 102 68 164 75 84 169 71 170 219 127 178 40 63 145 62 29 134 212 138 180 237 123 181 88 161 82 65 115 141 209 26 228 100 201 73 179 109 151 149 
14 : 139 145 138 177 152 215 87 122 108 212 36 230 52 51 193 132 198 146 29 166 59 50 130 85 241 143 142 179 136 160 217 154 196 149 56 157 48 148 46 116 234 124 185 239 65 224 202 90 247 64 214 200 249 220 
15 : 87 127 234 59 48 56 218 236 107 230 112 189 141 35 90 137 221 93 57 97 243 117 207 31 161 191 124 89 63 84 145 128 85 136 125 49 77 160 32 224 106 187 80 82 220 198 209 46 196 171 194 152 50 79 72 76 222 61 148 68 110 92 195 212 232 182 108 42 238 41 121 248 39 70 159 247 246 55 241 225 116 166 113 180 173 25 73 78 38 99 163 132 
16 : 48 49 234 149 211 224 207 190 70 242 186 66 204 188 232 80 177 65 201 199 93 42 27 72 231 172 56 124 167 98 37 153 50 229 40 35 54 202 174 131 64 219 71 38 215 183 233 168 164 169 179 225 105 127 99 248 58 103 213 85 59 122 30 44 196 160 163 141 208 237 53 138 194 140 165 241 
17 : 219 160 147 76 223 196 165 117 171 87 193 62 214 51 28 93 97 112 109 224 69 99 222 102 242 35 229 201 45 65 143 68 58 211 233 138 123 54 186 161 67 53 174 
18 : 240 79 65 75 238 175 44 249 201 104 243 67 172 82 109 55 53 165 146 131 135 170 231 69 92 218 171 115 61 149 142 193 25 222 166 196 
19 : 176 226 137 45 134 53 26 153 92 62 58 219 167 212 194 148 91 95 109 205 97 156 130 236 74 152 188 77 147 86 208 67 133 163 213 168 127 31 43 98 189 232 220 88 197 36 42 164 150 223 231 224 202 106 81 50 165 233 85 41 178 80 244 238 136 221 239 96 37 94 103 119 179 90 185 111 117 227 190 135 60 138 129 154 229 65 123 102 169 76 131 28 35 225 101 
20 : 124 241 147 185 96 198 219 186 119 172 164 101 133 225 59 117 232 226 161 123 234 125 40 78 223 247 217 180 208 66 200 203 69 74 197 183 80 109 191 137 108 190 
21 : 150 131 135 175 179 227 30 233 230 48 188 168 206 46 184 211 147 177 138 153 174 100 29 74 115 129 99 86 80 73 171 201 241 
22 : 99 170 228 239 33 75 134 227 157 206 152 240 166 172 199 211 64 147 171 126 242 121 46 52 137 28 145 231 60 180 73 169 39 232 38 176 122 105 179 109 155 96 97 185 42 104 47 132 138 148 216 245 40 192 45 62 54 57 230 44 243 61 214 79 174 50 91 188 
23 : 54 106 243 207 202 213 86 195 187 183 189 212 180 162 234 160 29 94 104 156 116 77 133 90 47 223 61 92 208 114 97 214 137 210 247 228 41 176 113 139 177 40 84 141 148 233 138 215 99 196 96 35 38 178 43 103 135 95 158 119 147 32 110 117 174 197 190 72 224 111 118 122 126 44 154 204 31 76 168 69 66 27 238 65 79 62 56 203 230 
24 : 39 37 69 245 42 158 235 87 168 75 188 164 86 149 123 197 244 234 222 120 134 129 165 90 223 151 143 209 29 206 147 66 170 48 227 67 55 238 77 236 183 191 122 119 118 25 137 187 180 198 228 61 102 243 26 194 50 112 240 74 136 121 202 28 51 216 249 142 127 138 146 92 247 54 85 172 233 174 176 101 213 99 34 241 153 117 144 133 
25 : 87 191 71 187 124 62 244 55 194 223 180 44 95 123 198 28 125 133 56 57 151 107 249 157 227 
26 : 63 183 149 133 27 84 248 106 45 236 161 206 34 202 172 140 105 225 134 96 174 196 159 89 192 223 98 222 119 234 64 145 55 216 181 110 166 237 43 86 78 104 44 215 126 169 127 240 238 175 229 142 189 154 200 101 249 60 177 170 187 162 158 194 75 171 
27 : 173 136 95 229 148 84 127 59 35 98 46 123 212 33 80 124 38 132 175 138 183 228 29 83 248 26 227 244 230 194 224 68 58 172 150 207 72 100 159 178 73 237 49 75 65 52 218 112 113 45 62 40 243 191 139 90 189 216 208 101 53 214 234 39 82 185 219 117 66 213 120 86 188 34 76 54 231 165 225 146 245 25 195 130 37 118 246 64 99 141 133 92 176 236 
28 : 134 196 148 120 244 76 210 43 156 67 100 238 57 187 50 78 123 205 56 84 191 160 222 36 144 94 171 90 249 110 213 131 41 228 245 167 219 69 223 207 221 111 85 101 119 99 127 194 31 74 190 95 227 142 125 122 39 47 174 214 138 153 184 169 109 135 40 28 
29 : 29 93 165 180 106 117 99 126 230 242 228 158 119 238 73 233 115 145 38 123 134 207 62 107 120 78 204 133 85 206 241 190 67 231 57 149 203 232 141 172 
30 : 188 82 186 88 43 151 47 149 180 215 25 164 49 85 70 99 222 81 217 115 247 196 237 120 30 193 46 34 177 232 52 227 114 130 183 175 51 65 122 174 205 245 113 35 230 192 201 169 126 207 185 108 204 166 173 100 31 59 38 57 241 216 112 235 172 110 133 45 109 37 124 41 139 242 78 211 244 66 168 91 104 54 40 165 194 97 
31 : 109 125 61 178 200 150 92 113 29 247 93 230 170 49 67 190 246 77 194 239 62 249 137 126 87 238 52 116 56 153 37 107 121 209 218 159 141 237 70 44 32 212 130 124 195 71 233 80 115 54 182 97 34 201 220 36 105 38 166 234 108 196 145 136 242 161 41 110 192 47 154 211 210 89 208 43 147 
32 : 160 135 42 193 210 171 91 128 191 97 156 192 130 120 239 175 85 77 219 45 208 88 226 27 138 
33 : 144 67 50 84 213 154 123 180 165 128 152 69 198 51 103 231 90 44 159 239 220 129 161 30 200 168 81 
34 : 132 194 120 138 154 84 104 52 247 193 91 218 124 29 189 199 212 229 101 137 47 134 106 227 43 89 69 216 109 234 81 139 238 239 25 204 95 140 85 183 145 86 117 210 123 159 195 122 119 165 99 221 103 146 125 231 108 92 156 209 121 180 129 56 169 168 36 62 164 59 49 35 181 141 126 97 244 230 39 207 82 45 184 44 48 151 190 170 114 60 197 51 
35 : 124 105 176 240 114 54 159 121 96 82 39 168 51 214 174 242 132 101 219 70 86 217 65 218 210 248 243 204 90 138 81 212 93 222 178 40 99 35 128 190 87 140 72 69 181 41 63 137 
36 : 181 67 76 188 101 115 50 114 244 128 223 108 197 215 173 159 171 217 96 48 228 40 142 25 46 145 205 186 230 104 196 245 156 248 140 155 218 57 75 190 73 44 82 28 49 95 113 121 80 102 58 212 51 229 235 144 206 153 135 110 162 220 185 184 210 200 60 177 238 227 74 242 246 111 179 240 143 174 154 202 204 52 237 191 112 39 187 243 92 99 43 176 61 45 100 
37 : 220 146 249 198 127 248 245 224 67 171 46 29 115 180 242 54 129 192 169 94 79 132 50 112 236 170 185 213 230 150 212 73 154 161 105 155 178 107 177 43 36 66 40 78 142 139 189 153 49 240 217 184 27 233 103 45 163 123 152 
38 : 137 149 72 175 173 151 70 211 191 210 181 163 83 237 56 81 212 114 135 102 249 167 35 157 121 141 206 242 144 116 152 145 61 220 209 194 186 98 55 230 93 49 160 171 73 154 134 42 128 197 79 69 228 117 199 68 142 176 50 222 168 57 182 214 125 63 215 131 147 156 92 140 105 246 238 178 115 184 95 189 245 192 64 
39 : 99 230 64 37 124 131 60 199 222 217 159 87 209 73 84 71 206 62 142 158 223 118 47 107 221 39 149 172 31 192 141 188 121 198 57 106 96 40 185 249 151 245 227 74 98 65 201 122 119 242 42 163 76 44 82 146 246 212 200 132 59 38 63 61 218 154 183 104 108 226 231 220 174 155 36 45 229 26 116 193 35 112 194 195 243 103 72 29 207 167 27 
40 : 193 55 221 69 64 219 235 84 181 182 106 164 187 113 227 75 29 87 127 224 41 169 70 96 80 185 114 178 126 158 231 82 233 
