0 : 65 157 35 32 189 100 237 124 61 45 38 137 102 211 162 148 77 163 136 30 180 117 81 186 206 139 244 50 214 
1 : 30 105 204 168 190 162 228 43 96 153 249 187 60 101 74 154 106 34 123 46 169 227 94 41 97 83 155 170 81 54 140 148 47 113 80 235 179 88 161 201 213 128 75 216 189 117 194 70 27 119 167 40 192 139 79 217 114 182 125 102 64 172 136 130 191 52 
2 : 165 217 95 244 175 155 195 235 231 187 227 148 178 204 130 199 49 118 93 177 134 27 202 229 193 220 66 124 146 51 89 184 158 205 208 70 64 41 230 102 183 140 239 43 223 99 154 74 198 82 192 115 139 170 203 236 33 212 197 113 37 
3 : 197 41 83 47 191 220 226 180 178 98 203 97 53 141 169 28 58 168 56 248 61 237 62 227 193 198 177 149 69 211 113 156 195 196 175 242 109 31 100 123 176 159 40 66 166 87 119 65 165 162 52 77 
4 : 212 103 132 227 60 76 53 33 36 163 192 236 189 194 181 226 146 90 118 38 44 119 155 29 197 98 54 167 193 230 157 150 217 32 93 232 248 135 72 100 39 170 246 223 240 184 41 139 134 62 94 127 99 46 31 162 75 201 243 30 116 70 203 130 121 97 229 238 96 242 161 71 114 66 51 128 120 
5 : 229 142 172 117 68 189 164 131 202 28 171 138 136 160 228 224 151 47 147 128 213 143 200 60 211 83 86 54 195 69 119 185 
6 : 165 39 169 186 235 208 89 38 60 209 223 67 33 130 48 74 216 194 26 232 191 86 117 106 40 107 149 212 125 159 240 43 104 79 211 177 115 80 190 78 148 52 100 
7 : 74 141 94 230 29 134 102 213 76 181 182 169 205 121 82 37 177 242 204 51 232 30 231 55 46 135 119 139 101 183 43 158 73 118 163 218 28 171 237 191 156 198 206 
8 : 28 144 114 247 100 201 77 202 36 177 158 117 151 53 107 238 103 111 149 85 109 234 128 129 64 169 139 166 135 50 101 140 
9 : 160 182 70 42 189 213 159 41 138 152 193 40 241 240 123 103 215 113 148 112 87 85 245 116 25 235 158 202 199 234 52 37 203 33 108 58 35 206 201 66 212 27 126 156 219 155 248 91 185 140 210 236 60 50 249 51 169 
10 : 42 85 146 35 112 72 226 147 149 49 59 73 33 208 200 71 243 124 184 204 169 31 127 166 130 89 80 198 106 123 64 161 45 185 240 206 32 241 160 159 170 168 141 173 122 183 227 212 219 110 136 
11 : 88 218 46 98 204 45 31 116 25 106 28 81 222 171 205 51 156 43 105 69 202 166 99 219 79 34 112 160 120 247 96 71 142 38 122 227 33 128 60 229 213 124 141 226 44 27 68 139 109 173 113 199 37 240 249 246 64 146 118 196 70 97 52 190 57 67 131 126 188 242 
12 : 107 203 105 71 153 104 50 193 63 119 169 172 159 98 29 244 195 233 224 32 43 181 92 114 192 101 28 83 60 52 167 66 139 109 168 64 97 248 240 31 75 94 221 82 171 216 93 202 124 235 246 152 
13 : 204 134 160 86 208 144 126 69 96 241 202 59 147 207 30 128 129 170 167 201 157 219 139 240 93 43 56 84 148 248 214 218 234 111 40 220 83 41 120 107 190 138 192 132 221 63 189 173 150 52 198 49 108 131 35 85 121 217 100 88 182 176 73 237 110 141 76 79 34 153 244 38 116 104 168 67 87 229 112 77 210 45 174 239 28 154 122 
14 : 158 138 133 56 77 226 173 37 178 76 187 66 202 28 129 31 90 217 213 230 195 167 238 131 188 241 171 65 53 62 246 234 200 80 215 
15 : 169 88 239 101 225 92 53 233 245 142 240 191 116 107 162 204 143 224 237 200 85 46 206 221 64 170 222 235 165 112 133 72 109 42 78 84 247 66 35 77 86 226 120 81 163 69 111 119 65 98 139 37 102 34 129 197 110 122 32 150 249 136 236 193 114 103 231 199 147 80 178 31 29 125 145 
16 : 202 216 111 61 153 91 79 34 183 199 243 154 105 159 245 117 106 82 60 72 215 140 138 65 80 130 218 174 107 164 246 198 103 225 173 180 121 248 146 76 179 187 186 185 145 58 136 227 48 193 126 
17 : 241 166 171 26 117 133 224 43 232 68 57 126 129 84 125 137 181 56 77 144 100 136 175 39 150 66 97 237 46 211 79 207 
18 : 90 122 157 109 144 102 178 147 149 28 214 247 103 33 171 83 95 225 170 191 165 106 231 201 105 32 244 53 169 42 184 128 115 92 213 245 153 155 164 25 124 36 117 239 96 108 249 51 183 121 76 167 132 127 129 67 207 222 235 246 71 162 
19 : 158 143 130 243 48 214 96 215 76 139 30 157 90 137 91 26 150 209 192 129 123 34 161 28 242 33 58 180 98 54 174 93 56 42 220 57 109 146 50 241 88 160 142 65 127 47 115 112 27 63 179 101 128 189 148 178 92 210 44 60 120 119 100 239 31 122 
20 : 50 186 225 124 211 181 33 121 138 194 144 196 55 54 92 240 112 137 110 153 36 79 104 76 221 102 228 51 47 69 229 77 44 52 107 191 216 187 178 230 171 182 105 183 195 160 205 132 172 26 248 68 117 62 31 82 174 64 243 80 28 95 177 113 71 134 212 242 91 249 
21 : 143 215 183 53 44 162 137 35 57 133 124 140 52 79 112 29 200 134 27 156 58 92 141 164 233 213 61 235 208 171 54 174 40 185 104 86 138 128 181 179 220 68 202 33 26 98 157 119 237 159 198 62 
22 : 34 159 224 186 206 181 172 100 200 121 136 133 132 198 82 92 161 235 69 77 31 156 68 91 182 49 56 122 76 247 142 244 96 63 141 99 94 62 221 59 120 83 61 149 215 112 
23 : 231 55 238 130 78 28 133 46 200 123 249 174 144 79 136 220 96 68 35 147 143 150 206 97 54 31 59 212 52 192 49 42 179 75 64 193 169 30 148 40 104 138 118 204 188 99 92 175 171 223 84 155 67 127 181 125 152 37 168 53 43 94 233 241 221 177 229 105 232 217 219 211 114 121 70 180 48 199 100 51 27 216 
24 : 174 183 55 164 233 222 207 112 177 203 100 98 65 109 162 76 58 206 182 241 146 87 199 73 143 249 230 130 242 218 
25 : 196 141 78 34 125 220 43 207 90 233 46 56 198 83 73 107 26 176 109 225 38 95 111 231 213 129 215 48 79 185 62 28 74 205 239 243 132 146 156 69 50 121 246 97 123 96 27 188 113 201 204 216 29 165 223 151 149 122 173 222 154 182 58 247 37 85 61 82 118 81 240 162 80 42 147 99 167 172 160 200 184 
26 : 87 179 216 132 99 194 79 133 42 108 66 154 232 139 148 172 93 151 182 152 181 209 176 208 142 165 120 248 200 211 62 50 52 249 71 169 220 193 85 238 236 143 29 86 171 80 96 58 186 68 240 124 92 222 118 110 155 53 178 109 138 119 44 201 60 174 26 226 35 64 27 213 241 180 65 36 61 224 72 122 37 158 205 239 214 245 
27 : 39 35 47 76 116 162 147 92 60 158 145 71 148 211 152 206 94 136 230 74 112 168 170 99 202 180 48 40 56 246 85 117 212 149 126 201 189 131 58 68 88 177 209 215 205 102 65 135 194 199 204 36 78 123 220 240 80 122 141 173 223 238 195 186 176 143 200 128 229 124 249 248 32 86 61 62 192 25 188 55 67 37 182 34 44 196 103 
28 : 229 118 79 212 217 169 98 156 66 135 174 127 102 181 215 120 186 146 105 218 197 157 53 223 160 107 166 167 200 137 56 151 138 159 175 126 121 185 202 145 165 71 100 90 143 43 104 213 201 95 103 125 130 40 136 219 
29 : 239 238 249 154 248 103 112 206 169 236 129 80 173 148 205 59 116 149 216 40 189 180 54 177 133 197 94 85 128 97 121 92 179 178 28 183 104 201 110 
30 : 156 68 94 210 164 115 90 124 170 153 44 183 87 93 118 54 85 131 244 25 188 148 249 145 177 154 120 31 132 233 60 79 99 205 245 122 114 27 75 192 59 161 222 189 187 105 144 204 175 86 237 169 88 174 
31 : 172 38 110 47 214 228 133 57 169 210 134 43 100 247 98 215 191 75 33 50 135 168 178 204 136 224 161 60 246 207 211 78 170 65 26 174 196 91 71 244 121 109 61 217 62 167 212 223 202 163 164 166 155 165 193 236 150 197 186 70 117 194 157 142 231 112 152 85 34 25 218 36 46 232 179 68 32 93 35 
32 : 185 140 95 85 45 47 46 68 90 119 241 134 141 242 210 37 184 249 154 165 202 148 236 114 80 229 54 192 111 145 
33 : 174 123 91 166 86 209 168 52 85 33 53 150 242 146 151 117 175 218 204 118 88 138 122 75 217 207 219 186 198 171 121 113 50 197 215 84 237 93 208 245 28 107 90 102 108 169 
34 : 88 108 68 199 152 186 112 92 230 182 45 225 53 237 189 141 76 105 216 36 100 71 125 27 222 136 
35 : 205 157 243 49 112 242 84 104 120 131 158 29 152 79 122 170 149 163 174 54 232 32 192 89 38 214 76 215 65 69 176 106 
36 : 221 218 144 211 198 157 209 46 112 43 33 186 122 199 86 61 88 114 202 80 55 164 28 113 127 119 187 166 178 235 165 74 42 70 241 34 248 219 225 79 175 132 243 117 51 234 69 212 153 107 40 48 149 208 182 163 66 123 130 54 128 93 29 105 150 147 37 94 121 41 169 193 47 50 249 229 72 236 172 115 226 137 148 154 77 173 120 100 25 58 106 
37 : 129 204 217 219 95 38 31 33 41 186 173 211 225 119 222 233 104 200 122 237 107 100 77 183 202 35 68 170 171 135 160 82 226 161 144 248 191 98 228 125 54 212 71 76 84 190 37 149 224 215 53 203 235 148 114 196 96 131 120 86 52 136 58 42 177 73 115 
38 : 100 75 114 182 244 111 47 226 127 63 202 176 48 57 222 28 190 196 208 88 139 58 235 193 83 142 132 197 73 46 86 223 135 204 233 59 27 207 216 153 247 217 52 129 72 51 55 95 220 185 117 64 77 68 124 
39 : 139 226 67 113 169 240 198 220 128 135 33 32 172 34 233 217 52 72 39 152 109 199 149 204 165 184 227 121 244 124 213 116 88 141 
40 : 144 75 154 101 119 54 225 170 64 55 90 65 128 141 99 66 247 186 82 221 102 159 112 208 178 98 229 214 240 127 167 91 89 42 219 177 223 179 216 25 62 67 200 117 129 
41 : 29 220 176 209 237 71 84 74 139 241 98 67 86 73 187 30 41 202 103 203 200 177 164 117 214 120 135 227 75 94 245 113 218 215 178 87 229 38 126 233 72 216 93 246 102 192 63 27 32 145 99 180 143 185 101 49 193 80 191 90 190 56 79 112 194 42 70 144 128 33 64 121 
