0 : 142 113 41 151 204 35 105 249 65 240 128 79 58 175 197 135 69 243 30 190 155 47 99 201 43 185 183 94 139 119 166 148 108 170 29 136 125 229 27 130 163 161 239 45 159 87 124 214 232 184 202 114 245 218 230 40 131 121 106 37 116 134 153 198 98 217 244 90 173 46 137 115 144 75 110 102 171 246 59 78 208 196 52 189 191 42 164 80 177 188 194 
1 : 219 187 128 86 105 215 46 122 112 247 181 40 183 161 71 224 111 176 131 64 77 199 113 83 143 
2 : 100 37 179 50 62 188 36 92 242 55 190 240 40 174 121 153 230 210 47 160 157 218 75 49 166 88 171 191 25 31 212 236 110 144 91 203 152 232 130 235 154 208 237 127 186 128 185 195 198 82 89 48 118 163 97 125 78 112 182 192 164 238 139 106 115 249 180 189 158 109 27 215 72 220 243 221 54 29 113 26 39 77 126 134 
3 : 25 28 226 106 109 188 144 180 243 249 140 153 86 50 119 229 221 112 213 155 193 116 101 34 91 43 169 44 150 224 131 121 184 98 228 127 79 129 40 239 
4 : 63 73 153 70 231 132 221 179 131 41 200 232 90 92 78 60 99 241 135 93 155 108 159 156 137 199 105 178 124 133 150 180 225 192 97 42 107 223 40 71 96 122 114 154 87 52 184 25 183 216 51 54 55 220 106 125 104 64 236 206 203 110 163 49 152 72 98 170 31 103 69 136 244 128 143 212 101 243 48 32 
5 : 246 110 115 199 75 124 150 205 84 218 118 242 109 104 65 209 40 35 116 215 219 236 137 140 112 161 80 135 200 97 73 130 34 142 164 106 155 54 188 79 152 182 144 100 29 194 123 105 85 247 145 46 49 174 67 213 229 136 186 87 25 134 231 223 235 176 42 228 157 39 166 127 103 32 125 78 66 52 83 76 227 154 60 62 
6 : 86 173 157 238 209 88 148 247 144 212 241 113 140 130 43 143 239 66 122 125 58 145 41 81 197 29 161 57 246 175 44 192 151 176 213 180 223 222 179 42 97 45 104 164 31 112 71 38 217 138 158 55 75 73 108 
7 : 162 168 246 40 187 27 63 44 117 56 131 188 123 51 130 81 235 223 150 148 140 226 48 120 179 62 132 33 228 157 88 220 113 241 93 174 186 54 247 225 206 145 68 53 116 169 204 147 152 155 37 134 90 196 128 124 78 245 243 237 239 163 195 232 
8 : 97 193 107 155 92 95 195 153 25 108 139 247 127 173 88 125 118 154 50 162 164 121 84 140 181 215 78 159 73 190 122 
9 : 38 242 47 210 138 34 231 140 223 247 244 35 228 240 128 197 105 58 158 155 177 53 111 80 221 73 219 151 130 50 205 176 202 199 108 76 230 195 31 184 226 214 194 225 99 203 57 222 235 190 83 66 119 51 149 227 143 102 125 
10 : 133 181 62 219 60 234 35 82 249 56 227 223 157 42 119 116 174 215 240 117 214 182 139 73 216 160 217 187 165 144 222 30 118 154 79 96 193 167 53 112 65 141 183 197 136 78 63 55 232 207 233 237 202 166 189 57 191 27 152 210 110 186 
11 : 113 65 123 48 209 117 125 73 47 241 140 194 78 187 93 236 139 114 41 38 174 86 142 150 126 137 40 91 201 68 230 132 153 55 64 159 49 34 248 234 213 83 218 80 42 87 89 242 63 28 245 70 112 162 88 
12 : 113 181 133 111 159 51 96 193 37 97 158 224 147 196 249 118 79 80 104 26 35 230 151 36 55 138 202 232 182 195 228 199 183 171 145 206 207 200 62 34 244 210 226 94 139 229 176 83 110 54 119 103 134 239 125 60 245 237 52 221 180 150 124 87 
13 : 164 25 142 48 134 65 49 75 30 204 128 47 240 229 216 210 224 241 144 81 43 45 130 165 188 129 53 40 137 118 107 194 79 232 218 89 173 220 113 122 172 66 50 246 193 38 133 223 182 58 161 55 132 84 143 96 186 227 214 77 91 69 98 27 212 184 160 60 222 61 111 147 145 42 112 99 34 131 171 196 206 159 57 
14 : 96 181 69 29 99 217 140 100 241 177 62 124 224 126 33 130 228 139 53 173 196 78 221 191 80 207 211 190 159 236 200 148 104 30 105 111 40 138 56 46 109 192 
15 : 115 157 61 216 122 125 106 63 192 130 35 62 176 165 93 177 146 227 105 186 38 99 217 189 212 238 229 161 141 232 
16 : 204 41 191 156 203 104 168 135 228 126 38 224 27 151 50 199 217 190 144 114 227 237 63 109 145 171 219 82 197 69 117 226 47 153 174 187 89 
17 : 124 45 191 153 121 194 104 74 174 105 158 169 88 44 29 129 102 90 71 27 133 84 135 220 170 68 77 173 204 162 195 144 181 143 72 146 81 184 140 131 113 165 66 231 163 160 242 239 236 60 67 51 98 87 110 219 125 50 36 25 128 65 
18 : 219 146 83 134 150 65 122 85 140 208 138 203 246 147 154 142 59 125 114 214 51 158 87 213 228 161 185 126 78 135 229 235 107 157 129 242 240 55 210 223 137 143 172 49 221 127 66 90 58 175 81 132 205 46 190 62 202 119 227 120 88 248 178 43 173 209 244 184 236 165 103 69 28 38 118 181 220 73 29 166 204 139 109 89 247 197 222 191 75 
19 : 86 109 159 37 226 148 126 154 182 187 113 215 230 249 98 56 175 48 225 100 35 30 130 31 177 34 105 165 195 123 27 82 240 209 199 46 25 149 116 33 41 162 68 96 152 83 200 139 119 104 239 161 155 84 158 45 110 219 93 237 131 106 229 
20 : 95 175 27 104 187 92 71 84 169 211 219 50 244 34 196 41 64 145 39 112 128 164 162 189 57 120 118 237 131 143 180 62 233 205 190 208 236 125 215 69 192 88 130 100 116 124 149 44 137 227 229 53 136 135 204 197 83 76 201 132 212 206 93 153 56 195 133 216 31 109 97 248 74 90 193 42 202 186 32 106 166 183 157 170 159 77 108 249 98 148 
21 : 172 145 233 150 163 186 203 153 166 210 35 75 199 29 54 176 88 50 129 82 206 55 26 130 104 66 225 188 78 162 30 46 116 224 189 36 93 53 245 
22 : 240 192 84 87 225 29 194 93 47 176 45 113 223 52 180 56 102 167 75 238 202 204 86 245 141 214 249 122 169 165 139 157 100 130 65 161 61 125 209 228 207 51 178 89 107 69 121 150 77 78 174 235 44 120 54 60 96 191 183 215 212 74 156 146 143 119 159 131 112 233 155 190 211 94 95 80 152 244 133 
23 : 202 177 132 142 221 244 54 156 123 91 121 126 166 64 208 80 101 215 206 183 173 218 180 196 176 39 79 103 184 187 151 220 213 63 168 117 161 174 226 98 130 216 145 157 248 153 175 236 109 214 82 84 165 223 137 229 51 249 164 212 246 94 32 50 140 102 97 169 237 68 48 231 96 170 129 110 
24 : 215 38 208 26 235 192 167 230 122 166 130 186 113 117 124 156 84 246 172 238 228 63 221 169 46 225 108 151 70 48 152 159 103 216 120 127 223 189 92 40 105 237 198 148 50 187 139 111 57 155 61 125 51 242 219 210 95 149 34 146 141 217 145 135 248 126 87 165 174 99 229 116 64 157 112 134 153 222 173 80 90 243 
25 : 100 177 221 179 176 225 163 66 113 117 36 219 56 67 27 30 134 125 143 87 43 86 26 49 142 61 46 240 106 159 31 157 195 78 50 194 91 165 213 200 54 103 52 166 104 109 97 184 220 123 237 228 124 41 42 175 193 144 151 238 150 155 169 80 148 140 172 235 44 203 83 135 118 120 173 210 
26 : 109 95 54 137 62 213 43 114 66 134 104 113 76 238 198 73 151 77 207 78 222 57 205 194 197 234 128 79 215 138 91 172 159 152 63 93 230 124 248 51 188 236 88 203 156 89 153 175 214 92 133 223 143 227 209 
27 : 33 56 61 51 238 87 213 54 96 62 64 29 72 180 94 63 176 49 206 82 145 148 122 170 186 41 201 211 40 152 243 228 99 151 66 231 162 195 86 166 241 118 116 163 194 101 119 84 247 161 108 131 57 50 130 106 121 112 117 65 46 226 204 68 98 42 190 173 220 69 114 139 97 199 80 132 133 217 156 219 202 32 100 
28 : 245 74 87 56 167 192 122 32 145 107 45 144 189 221 40 123 194 73 110 149 224 202 84 188 106 42 33 43 28 201 97 236 249 214 196 240 112 158 41 39 165 62 148 60 209 174 90 46 77 155 207 93 166 246 79 219 121 99 179 36 227 120 243 234 226 78 190 65 137 186 162 113 142 27 191 208 98 95 160 129 213 138 29 210 157 163 153 
29 : 166 213 132 152 100 66 59 65 157 155 90 239 39 51 146 228 226 99 70 85 158 111 58 76 77 143 140 184 84 124 208 201 209 230 149 224 216 79 151 
30 : 216 129 49 73 218 106 203 42 97 84 31 164 108 187 141 93 39 124 112 231 166 37 240 99 155 174 80 138 128 197 137 123 136 200 75 125 104 160 219 230 120 95 61 107 139 238 144 45 74 67 205 188 185 81 96 181 102 225 142 109 
31 : 52 93 240 156 173 95 150 127 97 70 241 33 117 239 160 228 189 203 190 174 159 135 56 227 198 164 157 223 53 187 107 225 205 126 31 80 148 38 130 202 37 100 44 180 132 210 165 181 35 195 235 119 140 234 111 106 155 208 184 194 46 138 229 222 103 128 221 129 65 88 217 102 58 197 204 186 177 47 66 247 161 75 83 
32 : 226 30 112 183 66 213 188 82 115 179 242 215 29 248 91 187 87 92 150 81 85 98 110 72 114 104 229 244 95 221 62 108 101 124 152 238 158 192 212 208 84 190 249 141 166 51 203 211 202 127 217 128 136 36 175 93 239 139 109 27 235 178 45 195 42 193 118 56 83 243 
33 : 104 188 143 146 242 247 61 114 44 74 177 191 107 68 212 134 41 155 56 241 75 150 159 57 88 153 165 106 207 40 162 135 189 95 206 172 180 130 225 203 179 234 110 193 196 108 54 79 217 84 80 141 60 87 52 66 90 163 128 213 115 232 185 211 38 233 186 219 182 174 89 77 109 112 228 82 222 170 65 47 78 139 248 142 236 
34 : 65 96 186 218 83 225 99 247 197 135 87 113 30 75 29 203 189 132 162 239 57 234 127 242 194 111 69 37 192 148 28 217 215 216 
35 : 190 170 50 193 217 25 28 234 159 75 237 215 141 184 161 157 147 126 78 117 67 152 137 245 110 111 47 131 168 36 122 99 95 162 151 202 149 179 46 219 128 148 192 55 87 104 226 52 145 81 180 59 246 69 103 167 140 135 214 119 182 164 165 44 212 229 41 82 30 171 239 125 
36 : 168 210 124 112 87 156 147 135 137 69 226 187 154 60 89 229 214 172 196 191 72 55 64 115 198 95 109 92 215 123 54 178 131 175 236 129 163 75 132 233 144 53 204 212 230 238 86 56 138 58 190 160 146 186 78 94 77 162 244 40 68 30 166 121 142 205 141 46 61 213 148 116 62 161 119 245 223 149 98 134 43 143 73 171 
37 : 114 126 58 27 70 91 38 229 247 150 242 164 134 156 214 34 154 204 248 65 177 166 181 215 144 59 182 25 237 207 224 157 198 72 57 100 205 
38 : 205 79 144 226 164 223 74 158 225 245 128 192 41 193 62 105 96 206 162 137 237 148 75 111 159 189 191 217 55 234 129 54 36 124 27 113 230 
39 : 200 57 178 124 219 189 66 153 79 71 103 47 161 52 133 237 92 30 175 102 96 213 137 172 157 143 29 163 51 164 70 64 122 33 152 217 35 168 242 115 130 229 85 247 43 62 120 222 34 244 131 88 223 136 91 83 111 248 204 158 150 26 238 199 72 90 234 42 60 159 105 84 139 167 170 203 235 142 45 140 74 208 109 160 116 67 40 
40 : 148 240 198 216 64 214 189 62 94 184 229 154 210 226 155 222 73 84 78 29 81 163 34 203 90 71 69 134 141 80 108 192 33 193 132 144 217 167 101 41 131 195 150 98 122 235 40 36 96 143 173 220 225 149 196 72 218 113 65 45 179 181 30 28 159 146 171 140 207 57 114 83 61 
41 : 248 122 235 191 107 84 85 58 80 228 127 75 231 69 64 109 242 48 86 60 39 156 223 28 219 160 32 203 184 90 123 49 26 51 61 88 233 214 237 128 25 199 82 96 116 167 207 205 161 78 105 133 151 200 240 143 225 198 135 120 171 177 131 162 74 30 101 83 142 173 104 40 29 158 46 244 
42 : 112 199 134 130 82 70 167 54 172 248 139 50 109 30 160 84 141 107 31 110 235 241 176 226 41 38 116 95 197 232 162 240 43 198 113 42 159 137 155 83 27 242 53 123 63 
