0 : 208 140 214 85 142 221 47 219 83 138 81 233 112 50 243 166 211 155 226 204 44 174 101 53 188 77 198 177 141 164 104 195 135 192 51 242 148 118 215 181 178 122 228 33 150 131 98 229 247 71 134 90 59 230 96 27 
1 : 79 207 76 216 233 96 53 147 238 104 127 176 237 90 64 148 70 25 62 230 49 36 111 38 150 75 243 155 98 204 153 214 
2 : 97 175 86 107 191 165 189 193 192 147 35 73 72 113 90 180 56 80 156 109 34 32 105 167 96 55 238 160 181 148 58 153 204 51 45 63 209 33 240 146 232 194 215 127 212 228 44 38 98 140 158 226 111 124 246 99 130 211 57 200 244 239 131 123 
3 : 140 186 62 116 77 57 90 242 189 164 212 115 152 33 249 107 163 178 226 236 145 74 225 114 46 132 185 144 231 80 206 165 
4 : 159 132 120 47 214 170 223 46 190 175 114 61 207 92 245 39 38 98 188 222 226 111 230 29 204 102 84 137 110 81 42 145 45 174 213 234 85 144 158 215 105 162 44 197 49 72 
5 : 61 235 96 56 225 242 40 83 207 222 126 175 57 220 38 29 108 116 64 129 169 159 183 177 231 236 121 151 203 249 
6 : 50 42 179 108 101 103 156 180 73 204 114 232 190 239 152 210 64 36 197 245 106 47 91 29 186 59 60 154 119 90 139 88 38 158 237 141 92 225 32 62 55 231 65 165 76 132 66 125 213 206 111 124 222 173 113 176 123 172 248 43 187 149 137 142 53 131 193 77 148 202 227 146 167 203 78 41 82 109 238 224 33 
7 : 217 73 28 34 137 130 117 175 183 173 141 86 186 94 245 75 176 42 134 91 27 221 208 43 150 85 192 203 143 131 95 165 174 227 114 62 233 88 25 113 
8 : 51 146 245 207 154 193 208 99 233 243 201 76 176 128 145 50 40 114 211 97 224 104 198 156 82 220 112 194 175 35 39 66 183 205 191 103 229 130 113 241 74 149 190 134 118 182 197 73 55 195 29 120 87 161 83 177 153 171 216 27 222 44 196 57 32 221 72 140 
9 : 87 111 97 213 91 125 117 153 182 218 200 190 206 139 65 152 128 103 102 202 170 215 209 221 92 32 69 83 115 155 42 94 196 240 201 53 232 191 127 158 242 101 40 235 189 106 
10 : 40 66 57 41 102 51 173 245 97 36 119 241 116 151 156 65 180 43 114 181 158 213 81 157 146 215 201 
11 : 78 194 146 73 229 48 98 104 169 167 40 217 117 35 184 37 162 180 247 178 110 82 210 130 232 49 115 240 209 125 76 58 214 199 166 109 136 179 211 151 176 161 228 94 202 234 113 54 225 63 
12 : 127 242 149 86 160 144 73 187 249 205 201 148 80 119 194 180 111 109 131 195 174 157 32 60 65 138 104 39 155 30 72 100 192 78 223 166 50 167 91 153 152 71 173 36 58 129 196 190 95 226 92 70 161 238 125 83 59 233 182 244 151 49 128 193 210 235 54 217 219 28 170 38 27 93 227 208 237 
13 : 62 70 44 121 199 233 63 245 42 226 103 111 69 176 204 175 94 182 144 178 134 225 244 79 56 119 209 183 72 203 164 166 88 113 180 186 39 105 198 187 83 152 188 195 109 82 61 220 133 224 86 108 91 66 232 201 117 143 112 216 67 57 194 51 49 
14 : 157 233 105 156 232 216 223 80 139 194 146 57 77 143 235 178 242 111 116 209 85 64 190 184 32 212 193 89 231 171 203 140 29 201 48 52 229 142 96 72 197 51 218 219 165 166 241 213 76 150 38 46 132 56 228 155 220 221 70 172 215 93 238 87 33 28 149 196 200 179 117 97 78 92 245 44 68 95 40 137 54 225 102 136 202 224 148 
15 : 217 70 49 26 197 42 52 137 161 36 163 168 219 192 231 154 68 221 146 89 103 125 175 236 238 204 41 138 212 216 25 220 239 213 235 100 92 171 98 172 97 193 229 50 65 35 101 85 158 81 141 190 121 178 173 148 176 119 84 156 59 126 152 87 205 153 27 77 166 170 215 177 33 51 56 38 201 91 37 149 94 76 196 72 209 117 116 208 191 31 
16 : 126 82 155 26 69 146 203 236 156 171 105 117 173 128 244 175 159 154 31 88 84 56 161 209 150 103 85 49 205 213 73 141 78 113 97 63 160 
17 : 214 80 96 42 160 136 93 29 238 61 193 123 156 224 222 119 232 83 118 97 154 48 179 184 207 84 233 223 155 39 174 95 211 226 26 138 201 98 67 192 172 239 87 146 206 198 74 182 99 131 200 115 241 52 72 196 129 
18 : 74 228 50 184 99 51 109 72 39 117 187 128 151 32 90 44 163 223 233 52 30 47 210 201 245 
19 : 31 220 157 204 178 112 172 167 114 80 181 87 44 66 218 108 151 127 205 209 125 152 141 243 225 131 217 196 
20 : 59 123 205 159 242 222 182 229 35 219 210 206 246 101 56 208 132 128 44 92 34 190 78 145 43 156 187 184 58 189 87 177 141 127 79 225 85 174 160 201 29 118 113 80 74 124 198 57 162 194 120 200 192 36 90 95 84 115 224 240 140 188 173 245 138 137 167 41 196 186 135 45 106 193 161 72 168 133 83 248 94 81 185 110 151 243 60 139 67 55 109 218 
21 : 138 125 174 77 212 187 158 70 62 57 190 81 156 165 82 30 83 37 47 201 189 51 90 102 192 210 153 61 236 96 29 124 225 172 229 204 242 103 46 119 232 133 
22 : 227 29 237 58 119 49 133 172 63 56 83 26 40 201 215 234 178 57 44 59 109 175 91 148 134 128 136 129 209 187 124 38 224 243 89 245 66 46 206 244 78 142 174 208 167 232 235 131 68 86 149 159 141 101 189 116 90 105 104 28 73 145 155 132 52 180 115 27 71 217 82 112 25 193 69 102 240 179 154 107 161 169 110 37 246 
23 : 234 126 213 107 168 223 108 227 80 228 134 218 187 170 158 179 233 167 140 65 238 50 55 123 110 97 62 40 115 242 73 114 177 184 54 241 39 106 186 56 32 225 67 
24 : 194 164 50 143 87 172 102 95 222 39 130 108 33 165 147 74 42 152 94 216 207 105 244 126 199 248 113 72 107 153 193 63 196 52 88 82 125 84 183 197 78 59 189 171 198 191 35 124 204 180 54 177 149 145 
25 : 234 26 204 193 158 31 186 177 187 33 46 108 90 118 206 81 150 76 190 50 144 142 42 128 191 86 48 66 
26 : 181 86 99 118 56 160 48 137 125 141 73 206 63 40 194 195 58 144 207 84 110 235 148 114 111 117 230 140 232 74 197 134 42 228 147 193 135 53 123 113 200 213 31 39 83 202 55 183 205 136 188 139 184 173 142 178 36 50 76 224 105 246 212 69 80 191 164 239 192 220 100 122 242 
27 : 139 79 215 201 70 85 93 122 60 177 196 164 193 116 59 141 126 189 131 128 237 217 179 66 181 216 194 156 96 94 144 37 65 161 89 204 173 233 82 153 27 205 155 220 103 185 221 63 111 223 226 72 202 80 188 113 
28 : 182 94 47 83 134 214 100 57 154 223 184 239 196 54 39 210 153 208 147 79 171 43 59 77 136 178 82 67 235 29 174 41 51 199 185 119 98 191 129 243 137 207 157 55 212 84 112 38 99 186 159 49 156 91 
29 : 170 128 47 160 224 132 222 215 116 156 190 169 88 76 143 70 165 161 60 81 228 148 189 171 163 153 41 110 91 202 89 131 122 181 217 142 71 92 129 179 234 214 103 152 192 141 140 166 186 31 99 175 108 57 86 117 147 177 207 238 44 101 58 236 180 213 33 106 80 26 164 37 219 193 87 162 72 130 114 77 
30 : 229 52 25 26 236 198 60 32 203 127 244 155 151 123 97 29 196 53 82 187 102 122 70 212 65 62 49 154 101 36 66 38 149 157 119 200 75 206 58 214 105 243 247 69 106 241 72 131 208 207 159 192 31 166 143 219 227 100 182 144 34 61 47 129 153 124 194 150 224 202 128 211 140 248 33 213 110 94 103 148 77 201 249 92 
31 : 175 149 210 144 90 77 205 93 220 235 233 102 64 238 125 25 163 239 139 227 97 162 50 47 85 199 43 74 
32 : 109 39 137 114 42 97 229 202 218 141 51 43 219 195 93 246 204 240 32 62 131 192 230 243 74 199 75 46 238 31 78 36 92 180 120 188 191 116 235 128 212 173 189 60 53 105 134 89 211 119 174 95 231 226 148 171 101 248 150 49 224 142 69 193 136 203 80 68 55 201 132 84 104 118 48 
33 : 126 179 123 220 209 26 47 35 237 197 111 140 176 113 212 75 66 124 200 27 138 93 246 29 206 191 214 121 87 158 108 98 
34 : 147 162 142 43 209 216 27 176 155 110 59 138 91 210 206 220 135 50 47 61 190 85 86 187 88 188 136 126 125 243 42 159 65 230 244 67 57 39 123 97 106 161 78 96 204 66 184 49 137 56 153 212 94 77 181 127 53 114 37 31 160 124 185 52 214 116 231 240 143 129 119 115 32 44 219 154 89 102 194 178 121 223 117 107 239 99 146 
35 : 230 28 64 54 129 203 130 139 46 81 134 27 58 141 126 166 202 95 89 151 42 235 87 224 164 210 243 181 94 59 140 49 99 123 153 229 131 97 179 214 188 171 197 40 85 55 117 149 184 92 212 37 105 132 48 161 62 63 72 146 53 39 111 213 173 239 102 206 122 112 249 41 76 163 168 198 51 145 236 70 223 160 32 238 244 218 
36 : 52 118 148 180 104 121 223 76 172 61 56 47 149 64 183 67 70 248 105 167 93 106 53 108 174 143 222 46 160 164 92 34 234 107 49 151 230 80 65 38 29 28 30 216 36 202 102 213 82 140 69 
37 : 230 212 195 152 178 66 37 86 233 119 67 174 87 75 140 154 234 193 167 65 100 222 219 176 114 160 83 55 205 77 27 158 166 74 226 183 104 117 92 245 242 151 61 95 62 200 41 249 191 127 229 170 124 31 210 56 58 238 78 146 138 107 29 186 139 54 142 216 69 137 45 25 221 231 35 111 97 248 32 247 202 126 44 108 70 208 102 
38 : 78 179 170 58 138 82 127 101 221 147 180 75 144 107 231 95 109 43 181 220 30 85 137 44 245 90 48 237 70 63 
39 : 117 161 80 218 154 73 75 156 197 124 125 109 25 81 33 72 195 162 206 239 214 140 28 51 213 235 169 64 228 105 146 153 188 107 224 31 47 232 67 108 233 119 76 230 37 120 245 84 187 244 203 178 50 237 137 243 94 
40 : 108 75 27 68 72 29 199 116 187 180 109 185 157 210 74 195 194 190 222 198 64 71 223 188 84 232 85 42 25 236 114 247 70 96 102 239 159 83 166 47 28 213 128 134 62 130 105 26 193 77 231 63 38 149 237 224 238 218 121 186 135 43 214 94 99 225 241 48 156 110 160 151 36 176 228 145 189 61 211 113 181 41 35 221 33 175 49 45 91 87 
41 : 197 193 153 232 120 194 183 96 98 150 129 47 116 177 138 173 218 230 210 110 141 219 249 139 70 94 182 112 90 214 105 202 57 203 168 127 91 64 44 
42 : 107 60 65 125 120 226 237 76 248 137 173 71 103 41 168 25 217 149 82 236 143 201 36 154 141 38 140 85 162 147 54 45 161 216 123 219 112 129 127 59 104 169 205 244 118 73 176 180 163 167 37 189 97 68 212 83 198 44 114 105 91 241 224 207 190 170 43 166 86 197 126 47 28 53 184 100 62 117 93 215 87 113 75 174 192 172 78 88 111 94 101 159 128 
43 : 51 47 126 225 84 73 83 49 208 161 117 122 94 146 107 127 182 179 98 42 191 133 184 241 171 30 173 58 190 114 199 222 102 150 163 65 236 211 82 185 145 104 66 147 77 159 26 37 59 29 88 160 115 157 245 137 119 40 230 223 67 168 198 121 109 219 78 227 177 186 108 206 178 213 38 162 81 226 187 56 
