0 : 197 142 170 118 76 186 49 34 59 198 123 232 91 190 231 86 230 30 56 181 72 122 196 211 45 61 35 212 80 143 88 28 25 248 237 243 177 47 227 172 99 235 36 98 33 130 63 55 48 132 67 214 64 204 
1 : 94 114 117 140 33 78 235 169 138 92 150 149 64 141 125 102 115 208 219 214 27 91 148 96 95 197 242 106 68 184 86 47 157 143 88 128 80 247 173 187 166 111 28 99 180 29 103 189 229 162 73 34 233 76 132 216 170 31 59 194 136 248 156 108 200 77 81 186 181 205 26 191 67 220 74 163 171 50 165 151 249 168 36 25 112 61 93 133 71 198 40 97 196 176 
2 : 34 174 71 243 160 198 83 96 45 130 75 37 95 192 223 136 119 177 221 128 135 213 185 109 65 240 163 242 33 151 224 
3 : 240 205 148 145 169 67 223 35 230 139 135 244 193 178 161 183 102 127 182 231 206 34 37 207 200 88 48 96 108 100 234 117 237 215 218 208 156 171 86 119 111 73 189 247 173 120 141 155 116 50 105 158 130 126 109 222 185 80 168 28 118 227 177 167 180 98 114 82 211 121 132 25 45 104 143 49 93 214 99 74 137 239 166 29 202 47 188 236 246 243 56 30 174 172 165 69 194 
4 : 32 57 196 56 143 53 126 228 200 167 201 63 176 202 238 212 110 125 121 122 100 138 91 170 111 173 77 207 33 160 132 157 78 187 46 31 186 28 195 178 220 181 235 161 150 214 227 47 230 224 151 194 168 50 198 81 197 189 209 40 247 41 90 210 193 103 222 36 159 37 29 203 129 152 89 124 141 104 86 191 226 144 147 216 38 83 225 174 106 133 237 208 99 
5 : 208 98 177 41 30 166 165 235 26 230 232 131 111 40 234 169 77 116 159 238 119 217 146 207 55 78 224 213 27 136 65 85 103 44 87 122 233 68 239 143 218 95 79 57 193 123 71 182 118 124 152 81 134 53 61 172 185 83 154 245 80 63 142 199 60 175 141 246 203 174 128 226 228 58 231 200 106 164 168 241 110 183 219 86 133 32 135 109 171 189 43 153 211 
6 : 128 178 64 179 200 83 87 137 61 236 139 70 242 160 39 127 239 120 249 159 25 234 151 196 104 105 75 162 52 134 136 91 79 72 93 109 141 190 130 177 154 165 158 54 103 115 85 107 183 30 241 37 140 199 226 
7 : 169 183 54 214 109 112 247 178 49 174 82 149 125 180 130 156 45 194 241 201 128 33 231 157 246 129 114 121 101 172 220 143 236 150 244 26 35 44 233 179 
8 : 210 138 244 26 35 92 98 61 119 204 104 221 178 231 207 142 63 186 111 205 201 105 39 242 123 200 89 133 225 
9 : 216 167 79 206 150 104 241 196 155 70 121 38 86 232 99 243 75 156 48 182 207 218 200 91 230 249 116 240 33 135 201 90 56 83 37 57 100 60 124 154 221 119 229 113 219 144 226 199 52 71 227 39 234 186 190 197 26 179 208 159 105 102 108 107 145 42 184 40 89 98 209 118 137 59 130 178 213 171 188 172 175 32 29 117 231 148 129 120 110 185 47 34 
10 : 230 70 107 27 29 61 153 90 137 159 124 147 233 156 49 82 66 205 216 72 168 55 228 235 64 136 37 166 160 120 69 163 185 218 175 219 184 161 43 191 28 122 238 221 202 212 63 104 131 167 186 99 181 178 225 207 203 46 67 226 54 85 148 51 108 
11 : 240 120 142 52 129 180 98 215 69 242 33 30 197 188 244 32 60 90 101 173 222 140 77 43 238 102 172 246 86 161 41 150 123 239 128 50 168 132 83 110 48 106 66 133 58 107 202 117 57 70 165 176 234 170 232 195 154 152 118 51 135 248 196 235 226 97 227 181 216 76 183 46 233 56 
12 : 72 192 168 147 102 161 87 40 82 240 90 138 31 235 143 62 244 239 213 228 157 48 156 219 236 169 88 53 45 207 194 145 80 74 121 180 
13 : 247 132 38 157 179 109 27 46 44 219 124 86 185 84 67 99 235 151 148 232 110 114 211 80 63 195 104 141 55 34 32 240 202 186 138 107 58 155 51 89 106 129 225 152 64 
14 : 179 59 164 122 234 217 132 150 196 54 154 38 99 75 198 56 231 94 174 138 246 185 79 32 107 169 216 180 73 111 141 61 102 195 171 227 189 148 49 162 101 190 113 226 112 242 142 98 93 88 221 166 83 41 207 46 240 186 235 203 177 
15 : 61 89 199 62 44 192 123 77 146 32 168 87 248 110 99 47 180 116 56 195 165 120 127 150 121 95 249 193 184 37 36 161 197 29 72 58 214 102 155 220 158 178 154 189 164 52 92 97 107 247 209 75 227 122 224 128 153 202 133 78 
16 : 187 247 145 120 75 155 67 122 128 230 104 235 157 49 138 81 209 45 196 169 129 248 94 211 160 84 232 186 173 101 111 217 28 159 153 90 132 135 39 166 213 243 197 176 98 86 233 219 109 59 43 73 97 71 225 238 44 242 244 185 102 123 154 58 35 156 133 189 34 26 119 61 48 121 221 68 210 152 158 249 38 29 103 205 208 106 228 136 223 227 37 91 226 112 
17 : 84 125 42 137 88 76 179 60 58 174 188 74 226 103 65 46 142 119 203 195 231 33 201 39 198 191 205 31 237 29 236 45 
18 : 159 57 227 173 32 178 106 174 102 56 161 214 162 104 240 48 64 127 123 84 79 52 138 212 167 136 67 194 239 140 26 142 231 95 152 30 41 86 97 134 247 90 225 241 105 45 28 216 98 114 59 69 215 219 82 121 120 27 233 112 183 65 171 130 169 177 88 246 73 60 223 96 113 87 209 133 208 89 224 94 68 137 117 91 75 129 217 184 
19 : 104 61 156 97 92 190 86 183 40 103 121 64 60 204 85 223 81 49 219 198 152 170 151 135 125 175 166 91 188 146 118 169 100 31 200 44 71 55 45 236 222 182 178 171 228 243 208 172 69 73 116 109 127 79 245 95 165 144 63 163 101 207 220 231 130 129 48 93 226 58 106 65 187 195 232 192 51 168 28 
20 : 138 44 63 170 79 108 82 245 120 39 180 55 46 100 123 58 48 151 163 27 72 29 243 189 165 35 78 248 213 156 70 124 150 215 154 125 242 149 89 122 197 36 50 172 73 194 168 68 28 121 67 103 88 208 236 101 200 182 217 148 220 41 117 86 34 62 185 98 209 
21 : 83 203 47 91 121 100 55 188 154 187 82 104 172 214 208 46 153 58 141 169 49 235 74 34 218 125 61 161 207 131 205 102 120 71 180 87 168 54 221 115 220 116 113 202 
22 : 115 90 244 87 35 185 176 206 127 27 213 101 136 68 159 152 88 180 133 144 112 222 229 40 135 241 137 77 139 219 45 48 100 158 
23 : 111 84 50 194 232 193 238 123 216 235 138 226 100 64 87 192 183 118 152 160 125 62 42 178 107 116 29 31 181 182 241 131 244 212 132 168 170 217 248 247 234 154 246 95 86 56 110 213 171 199 225 120 40 57 130 101 208 240 139 209 207 144 163 233 37 245 223 
24 : 209 63 166 59 248 170 31 70 131 243 25 117 204 114 37 55 168 28 74 58 228 36 151 85 142 145 
25 : 91 62 204 133 196 158 134 179 212 75 207 100 94 167 186 236 148 208 119 170 52 222 173 234 37 213 58 47 162 44 147 165 122 141 115 35 151 188 172 177 185 184 126 31 76 50 103 32 93 209 49 68 241 102 182 124 99 96 230 70 25 246 235 74 232 215 45 64 138 135 194 40 46 85 112 153 79 178 183 169 128 192 154 159 189 
26 : 152 249 31 175 92 232 163 165 218 189 59 87 134 112 219 147 205 56 155 33 160 170 79 192 129 122 35 237 36 138 78 247 70 119 135 188 62 106 90 37 211 149 
27 : 146 130 150 89 210 97 236 158 29 55 33 190 174 186 36 106 71 100 168 240 147 38 209 92 83 43 231 152 242 161 211 60 68 193 127 108 104 225 93 191 222 27 207 73 180 35 79 113 119 77 202 141 206 88 37 249 243 90 114 157 234 64 
28 : 146 121 141 52 155 72 178 248 149 160 161 129 227 240 211 109 33 134 158 38 84 204 139 208 145 110 224 203 171 215 40 237 172 128 118 220 95 42 177 
29 : 222 234 143 170 181 214 115 163 189 167 100 174 83 207 45 113 106 111 221 202 55 188 196 142 25 161 47 236 145 198 230 31 200 171 54 213 165 226 192 245 240 82 127 179 243 206 139 87 224 77 122 184 85 40 247 147 187 27 66 212 203 114 33 246 180 241 90 153 209 121 
30 : 108 166 168 58 153 95 120 149 221 67 88 175 197 183 116 41 234 125 188 218 106 55 26 71 42 210 224 111 155 39 139 100 51 86 126 33 148 186 196 137 81 63 207 138 74 199 182 133 48 156 132 243 169 195 231 38 201 232 208 143 44 124 185 32 102 176 226 228 64 70 146 89 214 107 76 82 151 31 
31 : 110 232 46 87 205 58 65 37 208 121 88 192 33 118 66 82 101 167 231 155 225 97 72 95 128 51 29 236 90 132 230 218 73 56 143 227 115 244 130 63 238 30 161 36 206 76 74 47 135 31 
32 : 120 34 26 142 53 115 37 51 99 239 245 135 244 160 163 71 232 240 114 236 235 133 49 165 146 
33 : 30 113 249 237 107 41 196 60 156 84 186 25 202 64 77 216 74 117 67 224 210 240 152 33 198 89 241 222 169 76 62 126 63 147 185 194 119 103 135 219 128 78 111 163 131 34 114 193 157 201 51 136 191 238 242 59 52 86 228 
34 : 167 129 231 115 229 29 63 78 92 119 36 134 96 85 185 147 48 190 156 49 215 86 28 153 203 80 42 105 90 173 35 68 95 
35 : 29 68 89 102 126 223 35 155 41 217 164 94 233 176 210 37 181 64 61 106 206 225 50 141 180 195 86 232 218 52 133 98 101 167 228 175 46 
36 : 215 160 96 131 173 121 162 159 145 181 140 112 210 51 52 187 223 127 155 235 25 76 95 113 100 245 150 134 138 234 238 49 79 198 211 189 38 68 137 40 39 114 226 180 32 73 71 157 43 203 199 117 229 35 175 74 156 213 214 84 135 171 249 190 172 169 
37 : 209 168 198 98 212 182 82 130 229 65 163 67 160 169 58 125 26 206 69 178 173 131 33 64 38 213 211 210 247 216 156 114 203 167 51 115 152 218 93 31 50 71 237 121 42 191 222 183 81 66 79 70 134 132 137 61 236 235 
38 : 68 211 179 32 212 232 132 53 27 95 75 208 67 178 203 129 149 82 51 101 124 195 216 98 145 146 174 117 214 54 193 
39 : 223 64 121 203 66 192 181 119 229 117 244 78 47 221 145 161 48 71 130 133 97 169 101 44 67 209 167 193 220 77 248 225 90 230 170 92 180 55 33 162 163 240 164 129 125 74 39 29 69 75 104 102 59 57 63 153 118 216 231 80 189 205 131 89 144 72 132 108 175 113 183 212 215 242 160 45 128 96 157 198 37 105 178 243 123 87 204 42 186 239 27 88 176 191 
40 : 44 248 64 108 135 43 81 126 182 225 111 170 228 178 54 129 97 34 83 35 161 141 27 30 122 93 243 204 144 215 199 132 168 177 71 82 201 36 78 200 236 183 187 107 100 48 148 147 160 240 95 114 163 103 224 138 46 69 164 47 52 175 79 241 217 167 41 203 193 53 165 166 158 159 194 125 222 89 169 
41 : 128 40 228 129 140 157 49 164 240 71 223 181 105 39 97 137 72 107 224 120 88 64 190 233 58 222 29 55 133 89 109 33 192 90 206 44 43 86 167 92 121 215 212 194 139 209 124 154 69 74 244 207 103 174 134 112 70 56 195 235 217 208 153 84 234 148 185 201 175 138 93 130 81 203 77 80 68 38 141 118 99 96 106 184 191 150 47 32 42 59 114 143 241 
42 : 204 247 239 183 73 200 141 188 78 123 31 90 196 93 236 208 53 118 95 243 174 244 30 132 186 167 154 224 127 72 198 42 54 194 130 248 136 37 40 237 235 120 82 102 76 203 58 138 111 128 32 81 202 65 230 60 134 80 209 163 69 185 
43 : 84 107 149 72 35 128 74 144 236 126 189 27 142 121 60 201 96 94 117 237 167 140 36 26 173 177 208 92 172 102 160 71 146 113 134 226 238 202 198 39 229 29 87 132 243 98 215 97 50 47 53 58 110 241 234 65 158 111 190 63 67 93 48 214 131 169 55 129 122 224 145 242 76 44 86 248 40 119 30 78 51 184 194 228 69 174 105 138 80 156 182 191 206 141 
44 : 41 158 84 223 58 103 212 104 25 29 72 159 187 171 201 157 31 98 28 51 66 64 86 50 154 97 196 95 136 249 
