0 : 106 127 100 239 243 138 115 220 157 224 31 219 192 111 123 173 193 98 47 141 170 229 65 197 104 211 113 93 188 108 103 74 120 160 178 159 202 95 185 168 174 195 240 225 66 116 36 129 183 105 210 46 236 125 153 27 122 94 151 207 117 88 135 56 85 189 190 164 152 62 134 235 228 33 82 80 114 99 143 109 118 73 69 32 206 45 90 216 175 133 51 136 92 242 172 64 223 
1 : 165 100 176 209 159 128 181 170 205 46 177 208 135 94 138 198 75 25 95 99 92 207 164 172 143 102 106 76 68 231 125 137 218 39 224 236 90 242 225 36 88 108 217 157 124 214 244 145 188 240 119 131 29 98 30 147 38 199 139 189 97 187 179 173 55 185 241 150 154 169 220 61 60 243 183 195 82 74 204 141 126 161 86 248 72 37 194 222 235 110 127 130 111 56 201 228 156 105 28 249 129 
2 : 159 177 116 77 52 129 71 150 213 245 206 102 62 67 137 44 94 33 183 73 171 140 131 96 241 148 190 182 138 115 208 37 74 49 149 117 160 163 176 141 119 111 221 48 220 26 142 174 193 230 215 103 146 147 63 151 100 242 
3 : 179 139 176 136 239 113 124 227 92 164 190 75 226 207 177 80 34 245 222 105 112 220 247 171 188 137 154 237 117 158 123 49 217 214 45 191 59 225 67 185 41 200 86 151 83 167 118 210 126 208 230 134 204 50 70 55 101 209 135 155 102 231 159 169 76 120 206 183 180 223 178 108 82 68 98 
4 : 31 88 59 219 66 158 215 157 56 104 169 189 125 113 119 109 224 63 240 93 202 74 225 103 102 174 106 181 193 163 248 161 133 61 75 81 194 57 220 43 190 71 38 155 230 237 159 36 40 77 238 211 170 245 30 153 221 186 105 123 149 167 129 79 195 80 207 51 144 120 214 67 148 100 112 142 146 39 32 160 151 90 
5 : 211 47 222 205 137 232 174 219 159 98 72 73 130 149 79 53 164 228 198 102 150 83 212 103 220 183 160 110 142 96 134 177 186 93 176 126 240 119 36 
6 : 195 70 120 165 242 33 52 82 134 25 53 233 158 203 104 136 162 45 219 110 223 113 153 196 197 227 145 130 30 116 35 57 77 234 32 94 27 112 56 180 66 132 249 137 190 
7 : 62 125 197 192 162 209 132 148 160 212 163 99 216 147 32 63 152 104 129 85 154 51 30 231 195 61 136 110 235 201 247 208 94 52 
8 : 207 241 83 86 29 116 188 68 53 234 44 56 95 133 30 222 48 105 152 215 174 159 208 80 50 138 167 97 40 195 171 177 74 77 132 57 184 25 102 58 91 100 41 175 182 37 126 66 190 43 204 223 219 203 70 125 
9 : 100 87 247 32 196 146 128 54 37 116 211 122 42 212 187 155 163 160 91 59 136 31 80 75 233 159 64 164 166 162 202 153 168 133 139 28 125 173 154 215 193 235 158 229 63 134 222 105 219 123 107 82 151 
10 : 130 179 220 72 57 122 104 210 150 139 161 25 53 92 46 193 61 237 131 87 48 162 169 55 203 
11 : 71 99 219 92 70 101 31 239 224 77 81 186 115 245 155 100 126 187 246 60 163 40 249 83 88 228 50 171 175 124 215 170 68 98 66 113 189 89 168 57 62 94 27 196 51 242 44 
12 : 161 81 43 123 216 136 234 159 190 134 115 85 168 171 104 185 82 228 193 197 133 237 36 232 189 108 83 121 222 154 195 120 204 205 63 219 181 239 107 79 194 102 
13 : 60 209 246 52 51 57 162 204 148 152 239 44 89 40 63 203 237 104 25 62 118 153 137 172 70 196 48 130 166 122 67 73 95 161 85 91 49 248 76 235 94 39 41 186 134 189 217 205 228 54 230 165 147 139 207 26 167 221 245 117 127 71 78 
14 : 55 204 92 208 107 64 112 86 33 171 124 237 228 105 43 147 211 103 226 46 235 106 177 75 42 71 248 219 121 176 117 65 158 196 68 122 30 116 183 40 62 41 150 194 
15 : 38 238 99 171 217 206 58 28 50 144 178 52 86 243 110 26 158 97 48 174 45 77 89 154 202 56 43 223 209 65 235 184 193 132 136 191 62 219 29 236 141 155 69 60 125 199 203 96 95 
16 : 247 133 130 127 25 113 222 76 147 27 221 40 144 238 160 233 223 53 140 151 218 54 234 68 145 203 92 
17 : 164 208 63 68 140 224 219 83 87 231 115 222 142 157 37 69 203 183 122 77 233 110 232 25 146 242 196 144 91 245 85 158 117 98 209 204 121 141 226 249 76 38 65 191 134 113 119 173 108 57 216 90 143 27 205 
18 : 106 60 170 65 28 202 169 131 243 41 229 108 121 141 123 53 109 44 240 231 130 84 115 79 200 100 214 174 163 76 159 128 97 104 244 29 138 87 148 66 167 241 232 58 206 52 70 46 142 118 55 182 230 32 228 96 47 111 90 164 225 153 146 124 101 207 172 54 192 67 176 217 27 215 196 195 50 33 145 198 133 73 68 95 189 85 220 208 175 75 112 
19 : 119 143 39 226 116 232 213 164 45 31 166 61 237 78 217 113 120 167 37 85 204 106 108 224 138 194 
20 : 233 41 91 245 114 98 219 183 97 214 87 38 225 106 209 111 208 155 51 69 222 29 131 216 240 213 196 242 115 100 173 192 68 144 142 62 143 76 123 190 70 148 116 130 177 146 110 147 248 217 152 59 232 25 126 198 237 150 81 108 135 226 151 207 133 39 125 234 54 140 
21 : 229 34 202 28 47 87 129 86 177 219 238 105 214 176 197 69 164 237 212 156 235 232 57 110 243 163 128 88 234 210 223 112 113 130 45 90 64 225 126 206 63 185 182 230 119 241 27 60 153 33 74 29 170 204 115 244 196 111 247 147 169 194 224 52 93 201 134 95 102 61 233 148 117 158 92 75 114 65 215 211 131 140 144 191 
22 : 113 116 165 59 128 155 179 176 60 86 72 206 69 114 188 106 199 204 110 88 242 74 226 151 216 192 241 71 208 118 92 215 
23 : 194 28 41 236 215 166 165 195 227 124 198 140 189 89 56 240 193 247 122 172 214 213 139 234 160 37 61 74 223 179 76 188 200 210 119 32 88 203 80 163 144 47 49 90 246 
24 : 72 32 37 229 131 180 117 201 208 39 142 243 191 132 84 187 167 124 65 101 173 58 153 244 183 52 235 50 119 128 188 88 59 
25 : 180 129 76 121 232 41 66 138 25 231 183 249 104 82 73 49 116 155 62 96 51 170 160 58 150 114 158 108 142 124 94 194 202 184 154 54 103 157 247 213 230 206 204 67 244 109 240 31 190 235 122 198 203 151 145 222 32 137 130 153 47 61 192 127 
26 : 34 246 196 109 76 236 56 106 151 156 162 69 194 54 238 198 188 217 134 178 141 40 86 158 49 64 144 47 206 234 114 96 122 51 167 135 218 143 163 91 199 202 58 181 105 241 153 28 95 37 82 35 48 172 130 63 205 60 102 77 146 94 78 220 184 226 43 245 99 68 223 42 118 125 119 227 84 66 233 192 229 
27 : 196 81 98 202 48 136 183 208 44 93 232 99 199 236 243 246 190 144 101 35 168 148 77 96 110 228 189 163 178 162 34 89 235 217 161 79 231 193 33 194 181 73 88 103 126 215 210 85 
28 : 180 187 105 116 110 106 191 84 57 185 67 226 186 33 139 115 201 172 76 95 232 85 144 243 177 94 198 98 219 73 245 159 35 136 228 111 212 147 87 71 210 102 141 197 176 196 171 218 54 167 140 120 214 211 202 132 231 145 113 152 233 
29 : 109 140 225 138 171 212 58 157 240 228 133 32 96 72 227 86 79 45 187 165 191 42 235 147 126 113 76 115 26 125 120 190 88 163 229 85 35 46 181 220 224 174 97 142 59 84 68 149 114 122 93 130 231 107 242 103 244 161 
30 : 248 69 187 124 40 114 211 62 216 202 234 214 37 79 242 44 128 107 86 129 100 106 153 146 48 31 185 35 147 225 32 92 104 27 46 87 186 167 88 98 102 158 117 212 73 43 96 209 142 61 174 218 159 231 125 123 115 130 74 42 39 41 55 116 139 38 84 172 244 80 155 78 77 83 54 149 135 93 219 196 249 45 191 183 112 190 94 154 163 103 235 198 176 188 122 161 238 81 152 224 
31 : 71 49 152 205 140 104 185 213 168 25 129 86 200 162 130 51 67 209 26 125 93 156 196 182 82 217 56 173 128 30 150 135 155 242 61 132 33 219 62 134 73 85 233 119 101 206 167 147 110 172 113 79 136 174 158 32 68 248 201 247 64 243 232 183 153 37 122 176 175 111 223 99 241 84 161 31 103 108 164 107 146 199 230 163 90 57 165 52 42 88 187 45 189 145 
32 : 171 91 237 80 209 176 167 90 166 34 81 84 214 125 105 55 227 128 130 63 152 153 48 248 226 112 88 57 50 199 142 62 177 83 39 211 123 143 161 185 89 45 98 203 222 29 216 107 162 146 100 219 61 236 179 28 76 189 207 132 228 186 111 155 66 141 87 70 51 78 174 221 115 86 131 108 158 71 95 67 92 137 181 136 244 151 134 99 35 194 188 
33 : 146 39 219 56 57 107 134 37 166 163 176 50 34 155 177 45 105 199 63 227 61 241 41 71 201 193 100 117 55 35 245 43 209 60 170 69 
34 : 92 204 68 97 126 65 90 76 70 37 149 86 143 30 153 247 207 163 221 249 243 77 181 166 179 123 34 89 190 125 63 193 183 69 202 50 208 47 41 40 51 175 223 159 67 45 144 234 116 109 74 134 168 185 55 124 78 191 187 201 112 85 88 83 94 158 31 203 62 115 174 44 176 146 182 180 218 33 121 194 136 101 214 72 103 244 141 120 224 195 36 229 162 59 71 38 111 169 75 
35 : 110 230 123 233 59 218 199 162 128 43 53 84 120 37 188 89 202 247 63 176 245 228 208 88 197 74 184 47 170 194 95 192 138 154 90 216 180 224 193 173 191 206 124 248 64 225 157 182 76 52 27 106 137 174 114 164 236 39 62 136 42 223 139 98 75 
36 : 154 85 185 247 114 29 148 63 161 179 207 160 44 146 174 155 175 218 95 187 214 42 138 220 50 53 158 26 77 221 239 104 209 153 198 41 113 106 149 103 82 243 159 230 102 33 108 59 241 196 52 143 141 78 92 246 45 167 130 80 93 31 192 70 87 229 51 34 204 35 186 65 111 56 30 116 39 38 170 74 211 
37 : 186 122 49 132 57 133 200 181 184 163 212 242 121 217 240 34 154 166 174 47 65 195 36 185 228 177 203 246 62 239 44 136 216 51 243 202 241 205 50 134 97 226 59 152 210 161 130 26 225 68 92 153 229 221 52 72 82 104 196 
38 : 95 130 216 158 247 35 115 54 212 93 37 202 86 140 135 106 173 228 51 32 231 83 55 78 162 210 220 154 168 97 149 48 249 159 
39 : 120 98 183 163 243 117 113 122 133 241 248 126 50 112 87 54 66 142 178 155 247 57 162 138 56 185 189 224 81 74 46 40 171 60 153 175 108 205 195 42 158 240 104 167 31 216 27 239 144 77 159 52 137 160 105 211 92 212 208 79 236 47 83 217 69 226 95 64 
40 : 212 55 161 166 228 95 37 145 188 197 169 58 208 200 54 210 230 138 129 180 120 68 51 174 124 209 106 44 87 246 53 112 64 69 237 92 
41 : 184 41 222 224 123 64 226 179 95 40 127 206 241 230 177 217 39 94 126 137 223 68 221 180 58 129 173 134 174 60 119 27 147 106 120 168 181 157 131 196 37 190 53 170 185 187 124 28 59 77 66 87 105 183 178 155 237 164 71 143 214 89 54 182 150 227 98 
42 : 25 209 111 223 61 157 56 35 81 188 109 156 233 91 48 31 248 225 240 121 239 140 42 154 27 99 138 177 222 41 39 244 52 204 75 214 76 235 141 249 227 77 162 184 90 112 146 108 72 46 45 44 221 85 
43 : 110 223 181 228 169 125 80 95 176 202 237 216 156 159 161 162 225 83 63 220 224 144 48 197 104 146 227 210 241 
44 : 133 77 54 68 212 181 47 114 244 33 56 97 123 214 192 189 96 25 139 127 151 207 237 115 104 95 108 138 159 240 179 186 106 153 157 48 76 218 185 206 198 217 46 81 165 110 116 50 148 63 201 183 242 55 196 190 171 29 199 98 210 88 231 28 235 152 172 51 70 60 211 135 208 176 71 39 140 164 126 75 119 130 85 249 59 99 144 188 111 191 154 107 175 193 158 216 234 
45 : 106 71 116 40 88 95 121 182 143 49 44 26 119 235 99 150 130 232 75 28 223 31 97 146 207 161 248 36 209 152 89 120 134 61 37 222 245 168 231 140 238 239 200 114 171 221 73 38 155 198 205 59 189 145 
46 : 218 152 53 173 243 242 143 136 229 95 233 25 108 91 37 166 153 119 148 127 131 84 44 63 222 87 191 245 26 134 161 171 142 164 79 29 215 209 182 201 116 72 114 158 228 181 77 41 83 178 248 205 170 125 144 48 146 155 246 220 118 57 189 147 70 35 168 106 80 112 55 67 62 200 163 172 64 90 193 188 
47 : 202 172 176 151 41 191 61 142 249 227 55 158 242 204 183 192 136 230 216 171 150 89 93 125 91 88 95 42 34 58 47 209 244 54 197 137 86 221 236 52 173 143 122 245 188 111 102 228 70 43 148 180 129 92 
