0 : 3 91 68 
1 : 45 96 11 59 55 99 8 6 1 76 46 89 7 53 24 52 5 81 71 58 65 
2 : 49 22 29 1 34 81 45 76 48 83 51 67 7 90 89 53 64 2 63 91 31 20 52 47 58 73 50 77 66 39 36 
3 : 15 60 74 54 91 3 68 28 29 7 63 42 45 46 5 99 4 8 20 33 67 86 77 73 24 51 41 52 84 22 53 94 37 1 43 71 34 26 40 12 65 14 55 35 18 62 92 83 81 87 88 58 
4 : 59 4 67 3 75 83 74 47 19 14 64 2 61 43 52 84 81 48 65 10 66 87 98 36 77 12 9 92 24 94 34 73 96 11 45 55 35 26 39 8 88 28 13 20 56 17 85 57 54 31 90 23 37 68 79 71 33 
5 : 42 93 14 10 59 99 37 23 48 87 3 63 38 98 24 15 19 64 9 36 28 69 71 58 78 35 94 75 4 97 49 26 77 92 73 51 18 40 53 25 81 0 76 90 47 45 72 21 54 57 7 17 46 95 50 84 96 12 68 83 56 30 34 41 85 61 22 2 65 66 
6 : 26 57 47 25 11 75 24 92 21 2 4 97 70 12 91 48 9 81 40 76 51 23 96 41 20 94 31 50 60 63 62 95 10 18 45 80 32 38 30 42 36 72 19 8 71 28 99 22 64 
7 : 56 59 38 96 52 48 57 55 44 3 16 0 8 26 10 84 67 22 28 5 18 35 24 2 74 37 86 58 98 29 50 65 94 79 25 42 6 20 62 27 14 77 53 89 21 
8 : 80 64 39 13 11 27 23 46 0 14 59 15 10 26 50 19 8 78 90 79 47 54 7 
9 : 81 19 25 88 43 97 77 37 29 95 69 63 86 59 85 82 41 46 32 48 54 98 78 80 71 73 39 
10 : 89 49 75 99 3 42 23 56 0 64 60 20 91 80 38 33 70 6 57 8 45 13 96 52 16 77 48 9 92 59 69 58 31 90 5 17 87 34 11 4 21 53 55 7 19 43 46 12 35 24 26 15 50 95 61 54 
11 : 23 91 81 67 26 71 68 46 22 33 75 40 10 42 85 58 78 57 54 56 8 25 2 14 45 98 31 74 63 6 39 1 29 96 64 41 97 61 53 69 43 38 9 66 35 59 3 18 13 7 79 55 72 89 99 51 32 93 11 62 28 34 52 65 77 12 37 88 0 48 94 36 
12 : 22 60 68 21 78 13 42 14 12 46 54 82 70 94 69 35 96 17 91 44 9 63 19 39 
13 : 83 80 18 68 41 92 57 26 31 23 3 56 47 59 48 62 22 95 6 91 74 63 12 79 34 98 97 85 66 36 42 81 53 65 40 99 9 37 60 27 32 82 0 50 39 58 1 88 89 14 11 77 52 16 15 54 
14 : 90 91 42 17 47 6 71 92 77 21 97 20 56 2 35 48 33 49 55 43 87 72 7 73 40 15 74 93 54 44 19 69 31 85 60 30 0 79 41 80 64 13 84 
15 : 0 96 20 29 52 2 69 45 92 91 26 85 4 
16 : 83 40 77 15 2 79 65 82 95 53 76 11 52 85 34 23 9 46 72 84 97 56 81 26 
17 : 94 31 20 83 2 47 40 86 41 13 12 33 17 95 55 30 81 93 43 63 27 50 36 79 32 9 80 97 16 89 6 35 98 15 64 23 5 3 71 56 99 8 49 88 60 0 84 73 58 62 96 91 4 
18 : 88 29 34 21 33 94 30 
19 : 22 4 91 99 5 96 24 74 32 47 69 14 87 12 98 11 39 50 68 67 15 76 29 93 27 34 82 23 1 2 38 0 77 95 79 63 65 37 25 21 53 89 97 43 19 13 36 70 45 64 8 94 71 26 20 66 75 17 80 9 72 88 3 10 85 6 58 
20 : 9 55 42 19 18 59 16 72 30 13 28 41 78 94 90 1 6 56 67 92 69 2 
21 : 62 64 52 14 16 72 6 99 96 1 60 38 22 58 41 56 91 9 5 2 90 80 85 29 75 92 13 47 3 50 
22 : 99 73 45 98 87 57 20 15 51 93 2 52 78 26 41 71 3 58 70 84 36 94 81 4 95 23 22 65 72 29 34 44 91 33 0 13 32 8 86 54 89 48 43 42 90 88 63 83 25 49 7 5 79 30 1 17 67 9 39 56 40 47 35 85 60 10 6 16 11 46 31 
23 : 32 47 92 37 94 71 9 33 72 27 49 96 43 26 85 89 46 23 45 24 28 5 56 59 84 62 30 16 70 91 75 79 81 
24 : 81 73 94 58 43 8 84 71 99 1 7 15 28 5 6 18 33 23 20 98 62 70 31 27 22 3 92 29 77 59 60 76 2 47 86 41 50 63 56 89 61 67 55 
25 : 55 39 20 14 44 17 12 43 70 67 54 49 61 83 60 94 98 
26 : 13 83 14 27 76 54 24 70 66 96 84 50 80 21 33 51 44 55 43 25 90 92 22 64 45 69 15 39 38 35 52 23 26 87 56 79 28 30 89 82 60 29 40 49 63 0 57 85 46 77 41 
27 : 74 86 56 28 45 96 83 87 26 71 11 18 4 9 20 39 27 58 
28 : 23 32 71 3 43 41 4 50 21 65 22 82 28 61 29 87 86 57 46 
29 : 15 51 6 85 72 92 69 52 60 93 76 78 1 48 42 40 57 21 83 68 79 55 96 27 
30 : 40 20 97 62 83 
31 : 33 27 76 7 26 55 83 67 93 89 16 78 15 24 29 42 5 32 11 39 53 
32 : 43 52 96 99 61 54 88 24 85 73 80 79 51 95 62 17 67 15 35 89 10 44 64 31 59 23 56 33 74 
33 : 
34 : 69 61 35 10 55 28 50 34 11 
35 : 2 86 27 8 54 47 3 92 0 84 40 33 21 59 28 19 81 13 9 50 74 68 38 45 30 46 5 80 89 94 23 60 62 15 4 18 58 1 6 35 22 24 76 78 87 67 29 82 49 70 34 
36 : 97 63 46 3 85 72 15 58 95 34 76 10 41 90 99 30 61 69 53 43 71 5 14 73 2 93 37 77 12 44 65 7 66 87 36 0 78 68 74 56 42 79 82 96 92 60 18 26 91 4 84 57 83 67 13 32 22 49 11 1 81 88 23 38 89 24 48 16 
37 : 78 63 29 56 40 39 8 38 49 54 86 19 30 51 53 12 48 61 97 17 59 27 74 81 6 3 15 44 46 14 52 85 13 32 33 80 50 95 57 76 64 75 93 26 66 94 98 68 7 
38 : 43 8 0 44 28 21 3 97 82 37 50 95 83 
39 : 47 10 37 12 94 71 44 13 67 17 38 85 87 98 22 21 81 49 57 65 56 86 16 26 46 54 78 63 62 25 90 59 35 4 48 33 15 1 61 92 83 40 39 30 
40 : 22 89 56 11 97 77 42 58 39 53 1 9 66 84 57 92 16 21 85 40 51 46 72 99 95 94 2 7 87 74 25 15 43 13 27 37 76 18 63 0 69 98 38 75 20 88 17 71 80 52 5 55 8 45 96 82 34 30 36 70 67 83 50 10 24 44 61 48 59 
41 : 84 97 93 56 3 98 80 71 38 53 87 54 16 95 1 23 58 48 42 94 5 13 75 9 22 79 90 51 39 
42 : 63 22 73 61 71 82 67 44 37 99 13 14 16 19 80 96 33 75 9 18 32 30 27 7 87 31 39 55 51 91 93 12 
43 : 54 17 99 53 44 59 70 6 50 12 24 71 31 62 16 57 64 0 85 68 9 65 27 92 82 80 46 98 52 29 63 33 67 37 21 11 86 30 32 77 4 88 69 35 42 74 90 55 26 14 56 49 25 58 13 45 72 40 20 76 34 38 1 81 75 2 
44 : 36 33 42 18 87 26 97 43 60 98 4 13 
45 : 12 67 88 1 30 16 92 6 51 57 25 39 60 4 14 98 21 13 94 28 99 70 20 37 31 53 83 72 44 66 
46 : 17 72 79 34 60 22 91 41 20 61 94 93 52 30 46 86 54 6 44 55 24 48 1 7 89 11 81 38 5 15 13 59 14 65 16 98 74 
47 : 4 81 19 83 58 45 13 1 56 26 42 24 12 41 60 74 85 37 40 32 57 25 98 61 99 54 63 52 73 96 14 75 6 11 88 47 10 7 65 90 34 77 76 69 28 17 87 93 29 15 62 27 68 0 95 46 71 50 44 94 59 8 80 23 92 97 51 39 84 49 35 
48 : 20 27 76 1 83 
