0 : 43 143 239 163 149 236 215 141 45 178 118 182 58 159 93 54 107 66 186 160 131 210 134 220 205 49 115 212 46 109 237 196 48 226 154 199 165 145 207 119 29 235 231 51 184 120 170 225 191 100 179 91 112 169 65 77 105 249 200 172 157 63 97 190 38 37 35 124 133 216 181 164 41 219 213 50 234 
1 : 89 164 104 218 37 180 176 179 65 141 233 170 202 135 131 184 239 67 162 76 209 83 124 66 137 34 201 214 82 229 58 36 28 97 249 224 149 85 236 155 178 231 160 133 157 172 48 115 143 199 31 
2 : 40 166 83 53 92 57 241 228 112 185 171 244 82 203 97 132 81 192 225 111 211 36 143 98 35 129 90 138 232 28 148 240 39 237 205 154 44 130 118 172 142 115 
3 : 41 86 80 180 107 87 58 83 123 198 117 181 59 168 169 246 189 40 165 75 64 130 146 149 30 60 154 110 118 94 114 143 176 184 229 50 95 77 97 148 115 66 172 214 78 242 236 220 116 155 215 133 26 76 245 74 204 224 55 194 121 91 90 183 
4 : 187 143 95 118 172 75 41 164 240 242 215 204 207 70 219 102 126 155 55 73 74 59 76 228 222 156 123 144 86 134 153 174 61 217 90 58 188 56 88 189 101 193 25 182 159 27 71 208 77 31 87 51 167 136 195 169 29 183 210 231 78 185 150 133 194 
5 : 212 162 133 203 84 100 152 54 247 47 236 180 77 103 177 249 248 211 81 62 127 140 202 82 80 185 65 116 28 44 114 205 
6 : 218 126 170 190 132 209 57 28 177 35 145 249 52 67 178 193 181 163 235 36 98 172 171 139 216 65 212 202 155 122 76 78 236 136 58 83 95 116 242 103 63 34 248 135 99 240 26 211 
7 : 39 126 169 230 112 189 35 128 130 238 114 215 44 108 101 76 173 121 162 68 210 48 239 179 34 115 233 144 237 46 194 50 156 109 55 199 165 168 29 247 31 191 125 132 93 129 38 83 214 116 174 75 137 164 80 43 74 70 242 136 188 163 127 78 133 
8 : 127 236 25 205 235 52 138 142 223 111 159 109 145 43 173 72 107 167 31 47 189 228 151 246 98 70 185 201 26 181 62 166 165 152 128 37 237 179 29 222 39 115 46 217 199 133 38 182 168 192 203 84 77 124 48 248 92 45 174 42 85 58 
9 : 160 113 177 216 29 199 121 61 99 103 135 241 227 129 196 82 46 173 30 219 150 92 176 110 187 
10 : 31 94 87 161 209 63 111 91 119 162 217 144 52 178 249 190 37 160 56 59 177 213 147 45 180 113 192 50 188 127 220 206 212 44 223 143 248 67 232 36 35 
11 : 198 154 205 209 49 218 51 159 54 138 219 143 195 134 96 88 174 184 47 66 137 73 106 133 185 163 139 199 115 32 189 57 175 52 238 171 98 76 31 228 79 56 249 86 227 82 186 46 124 65 234 220 223 236 212 42 70 130 108 237 194 63 
12 : 180 209 233 167 229 52 242 207 80 247 44 82 92 87 198 60 130 238 67 147 237 121 117 221 230 224 112 43 90 88 38 125 32 143 158 133 149 187 165 26 55 105 142 50 134 190 58 178 41 64 239 25 219 177 220 140 157 35 148 
13 : 233 211 236 80 35 28 221 25 227 224 238 215 40 209 136 115 206 155 216 68 183 201 79 76 125 141 231 175 75 165 73 34 134 100 145 191 196 230 149 214 218 132 123 113 143 
14 : 86 76 68 97 196 184 139 157 27 202 199 45 121 32 143 114 180 165 163 172 96 38 243 159 113 94 47 
15 : 189 141 53 114 32 120 162 33 181 79 131 222 147 126 70 96 29 71 55 76 243 213 36 170 246 26 74 211 161 89 219 40 56 190 249 121 41 37 98 153 139 109 108 130 194 50 59 107 90 197 236 34 57 217 103 172 
16 : 94 134 63 220 68 109 26 192 69 74 228 93 227 125 217 156 52 169 244 219 162 126 77 149 211 87 59 153 53 202 106 92 76 75 90 204 34 62 140 194 230 80 129 128 197 164 184 
17 : 166 62 106 99 53 63 60 247 95 29 120 229 98 141 218 231 137 119 116 40 240 110 236 81 74 195 96 125 232 129 42 47 117 102 136 246 25 193 243 189 107 145 122 165 135 41 187 48 104 196 175 143 244 205 45 51 173 248 56 68 71 198 113 183 131 
18 : 109 236 74 183 214 128 112 211 201 45 200 66 72 148 129 44 162 96 151 217 87 113 123 244 171 64 137 115 83 240 52 165 138 101 68 248 117 208 169 110 135 34 191 175 50 126 32 71 203 39 228 51 35 242 122 147 77 43 60 180 104 146 85 179 215 124 106 181 61 197 225 
19 : 216 190 79 196 203 127 62 150 31 39 57 146 162 116 230 86 94 53 229 109 248 211 145 126 83 240 144 40 164 119 33 186 87 102 149 165 63 222 148 237 107 26 108 121 174 220 55 199 189 183 70 205 157 38 172 69 213 154 28 95 212 249 245 
20 : 58 106 105 193 97 40 57 152 168 180 197 190 156 95 30 163 120 183 129 130 90 125 76 214 60 61 153 220 93 89 
21 : 90 182 193 159 93 151 171 204 76 242 158 216 210 43 59 124 149 96 207 69 52 142 67 125 34 174 190 114 155 198 147 40 87 122 173 166 230 240 51 72 83 97 84 143 95 150 129 39 141 219 85 185 212 121 32 78 137 99 191 226 195 202 213 164 54 120 81 31 236 36 243 199 221 28 
22 : 46 77 38 245 115 151 235 204 186 161 67 233 195 41 187 39 120 81 208 68 185 197 55 35 80 177 227 198 219 206 246 137 144 167 99 143 126 124 202 231 51 27 49 61 78 130 76 37 173 128 32 212 232 181 132 96 203 31 97 241 166 225 249 178 94 168 164 214 209 150 
23 : 68 233 61 40 77 103 71 107 179 238 186 158 96 108 230 83 49 188 129 201 176 92 48 195 243 62 164 210 144 236 212 119 199 104 121 29 189 134 205 240 168 60 136 184 147 211 57 214 232 97 88 249 150 162 163 34 202 247 124 98 90 
24 : 117 42 103 92 83 60 136 80 131 158 99 73 94 54 69 223 203 227 59 122 27 84 198 142 75 119 219 201 77 120 196 214 171 215 235 228 224 125 53 85 211 36 50 114 217 
25 : 52 182 70 125 137 241 207 114 77 78 72 62 170 53 208 173 227 166 154 245 225 123 158 92 94 55 111 40 37 174 42 176 112 138 246 220 32 118 98 142 105 185 238 202 69 231 201 67 56 95 50 191 134 230 224 181 178 38 
26 : 61 206 93 130 142 218 163 148 174 211 80 105 86 51 242 137 30 191 205 71 157 121 114 104 29 95 185 213 245 224 197 234 208 76 136 178 149 138 152 139 246 156 222 102 52 203 210 
27 : 147 99 54 211 130 36 246 26 35 190 166 144 71 173 28 199 143 235 137 109 77 186 222 209 180 29 168 82 192 207 244 91 187 229 97 151 63 96 202 131 194 160 125 85 34 
28 : 62 91 146 138 197 35 198 231 120 103 193 206 171 49 228 166 129 186 39 196 119 71 238 180 233 85 173 108 56 210 127 57 70 74 151 160 34 230 153 113 141 81 165 142 218 43 83 106 27 188 87 100 28 131 154 185 220 69 177 158 
29 : 77 222 72 82 181 56 144 127 63 35 112 29 217 118 212 170 37 247 187 202 40 100 233 39 157 130 92 200 139 85 210 74 76 230 236 184 182 44 109 215 60 176 
30 : 248 235 120 215 148 171 147 115 160 236 80 97 231 52 159 197 109 210 182 239 78 59 234 188 93 132 53 31 79 163 72 189 
31 : 83 113 199 149 208 46 103 193 249 238 216 42 74 63 100 120 174 205 240 82 102 239 27 141 81 210 
32 : 213 29 53 84 66 98 234 157 76 51 77 128 35 101 31 58 61 160 48 131 168 62 134 221 107 237 189 176 142 207 161 54 89 163 135 211 88 52 145 181 95 212 154 105 239 111 210 30 109 129 248 171 156 186 127 150 36 78 143 165 
33 : 230 246 236 52 100 68 208 229 77 186 106 154 82 226 111 161 184 134 79 46 151 228 99 102 94 109 234 221 195 130 51 70 129 140 189 110 197 121 120 160 128 107 168 222 194 34 49 239 214 243 225 91 32 145 27 81 167 
34 : 87 25 153 48 120 49 185 184 161 222 81 114 198 126 43 40 29 116 232 217 187 79 221 194 138 30 247 93 235 145 111 70 117 27 133 205 182 189 33 225 171 167 119 68 37 61 100 122 246 135 203 158 47 142 244 168 96 110 164 223 224 
35 : 214 166 83 199 231 168 173 227 85 230 143 219 120 221 212 56 109 138 141 202 149 243 145 151 196 125 88 126 222 116 42 129 226 80 25 236 192 195 43 159 233 91 240 171 229 154 59 175 182 249 158 197 170 68 146 174 84 238 78 115 
36 : 215 131 133 134 77 73 35 197 236 235 67 176 191 74 118 32 63 183 66 120 239 55 53 44 108 52 122 143 114 221 69 177 196 93 125 206 208 36 172 86 185 166 231 95 182 210 211 232 146 126 129 169 119 47 219 237 244 153 79 
37 : 90 224 45 113 248 29 35 232 240 165 118 133 246 97 78 32 114 74 241 95 37 63 185 167 147 148 139 194 42 66 99 190 131 59 100 204 38 130 172 122 150 36 180 102 64 245 176 189 39 174 31 207 219 236 54 80 34 218 71 83 159 154 178 67 183 162 155 138 40 215 
38 : 218 76 143 83 170 106 56 73 166 70 175 236 38 182 42 214 169 226 109 51 135 203 178 87 118 78 173 221 102 28 96 187 235 49 168 89 65 204 199 32 191 41 163 232 244 45 246 116 227 31 209 47 150 230 59 176 234 215 241 97 86 179 216 249 33 121 152 50 64 195 99 
39 : 156 223 182 155 200 139 152 47 232 25 235 46 67 69 43 57 76 123 104 228 122 198 56 183 237 48 143 62 140 233 171 136 77 107 249 72 98 34 192 188 175 125 229 138 32 85 148 193 111 51 84 116 144 221 40 96 196 100 36 93 224 209 176 66 44 151 163 52 115 35 145 
40 : 113 244 157 92 140 219 234 105 110 44 54 194 29 49 66 202 230 175 90 247 153 210 212 178 155 216 238 101 42 26 67 168 152 231 99 201 33 30 162 65 34 86 71 208 83 77 225 213 174 60 31 118 241 188 130 145 125 120 190 52 107 104 227 221 172 133 236 156 151 239 61 232 169 
41 : 35 165 169 50 38 230 105 43 202 104 164 206 248 203 64 87 143 182 70 32 204 187 66 179 157 212 29 122 120 42 130 199 123 65 77 61 174 27 
42 : 34 95 115 141 193 147 202 165 116 87 64 46 186 112 194 197 144 33 60 226 103 109 133 221 203 184 96 200 243 31 191 58 129 228 168 208 102 225 201 70 206 169 32 199 217 149 26 36 153 132 52 241 180 143 45 159 98 189 218 212 73 249 38 78 91 61 119 59 172 90 41 161 44 106 82 79 66 146 
43 : 244 190 199 231 108 204 179 235 155 228 98 29 237 135 76 210 131 104 96 71 229 214 59 151 56 218 57 37 115 246 223 209 178 69 232 90 162 233 60 184 241 47 248 180 
44 : 196 98 111 27 228 42 203 198 25 36 242 121 86 63 26 211 170 235 163 92 186 215 164 233 107 157 31 184 131 115 49 29 197 33 214 185 204 180 129 138 87 
45 : 114 88 57 26 105 84 132 120 173 89 79 50 25 121 113 104 151 28 128 237 100 152 156 214 129 45 52 219 75 186 205 176 230 155 144 197 31 73 80 201 249 140 95 102 98 171 166 193 241 77 206 169 32 40 63 242 67 93 149 244 43 138 51 179 234 97 223 210 71 
46 : 221 32 89 225 193 145 67 103 98 181 62 215 154 40 140 152 247 71 241 166 42 239 120 179 189 88 226 200 68 245 
47 : 69 195 153 245 62 86 225 240 92 125 83 159 158 150 218 190 179 87 114 148 237 182 142 59 191 120 33 232 98 118 89 28 44 136 112 91 198 205 
48 : 164 129 131 71 188 197 105 240 94 89 58 116 28 224 106 242 195 208 245 130 147 155 235 181 118 228 153 133 199 140 40 135 51 154 220 169 179 236 209 172 113 92 247 108 213 79 69 98 45 125 223 210 156 30 168 159 148 248 
49 : 79 114 155 183 206 213 96 140 113 25 99 236 245 51 117 241 156 111 207 135 217 178 109 139 121 128 71 195 141 154 70 153 120 59 159 144 238 184 41 88 244 219 40 33 133 175 69 91 108 93 240 83 180 107 116 151 225 242 
50 : 68 54 126 181 38 91 247 248 30 234 244 169 154 60 175 148 93 178 65 198 190 89 223 134 106 115 207 242 123 199 213 144 172 39 32 
51 : 126 68 51 67 90 128 189 171 188 70 137 131 110 74 227 219 113 154 203 108 98 247 182 34 229 33 64 41 100 45 92 230 61 165 147 102 242 112 118 138 60 32 130 127 81 235 211 215 191 212 226 132 164 97 96 122 27 214 86 163 231 116 222 
52 : 100 50 43 153 59 195 246 117 69 68 237 198 188 28 163 191 179 75 124 32 71 46 220 88 176 36 49 203 126 175 158 139 131 199 247 249 234 108 239 76 186 143 128 183 53 240 40 87 212 83 192 235 205 82 200 147 201 52 120 81 27 42 157 
