0 : 205 117 184 183 154 196 163 115 182 229 65 41 118 239 130 231 222 48 175 34 43 109 241 169 46 66 186 214 35 37 100 42 220 120 243 59 61 138 79 92 44 245 97 
1 : 249 154 204 237 162 34 39 243 174 47 160 125 89 101 208 230 74 115 156 165 126 184 112 210 121 224 157 106 173 127 80 117 170 233 44 84 100 198 209 213 201 186 203 134 141 130 58 245 97 99 68 212 190 214 104 218 71 171 63 145 246 123 46 239 52 222 176 92 105 41 107 166 119 187 131 116 61 59 27 33 163 57 158 181 60 182 29 35 151 179 
2 : 154 185 33 144 128 222 118 244 218 233 140 221 86 151 147 123 51 97 65 156 114 73 240 215 163 220 56 193 104 161 30 106 136 198 207 88 243 67 117 194 116 36 68 112 246 77 177 96 223 102 135 245 53 133 
3 : 185 192 110 201 158 151 245 56 101 239 135 108 112 88 29 153 233 28 109 171 241 194 166 230 174 148 78 248 232 195 175 33 92 238 66 121 75 170 189 53 207 51 169 145 159 221 173 217 60 247 157 41 115 236 234 99 215 213 47 144 138 140 118 160 58 82 94 73 240 35 243 111 188 187 80 137 212 34 154 225 30 31 211 231 134 193 86 203 165 64 219 196 147 
4 : 28 151 51 222 34 129 191 42 159 205 166 134 132 100 86 128 131 209 29 147 107 98 216 67 38 37 146 239 54 77 248 103 82 140 65 241 247 243 60 142 57 138 197 85 120 81 106 115 94 170 72 
5 : 236 198 90 153 235 142 202 194 241 128 117 160 120 38 74 58 221 231 129 171 91 174 83 155 76 72 63 199 100 88 150 179 193 181 247 35 148 
6 : 186 129 76 34 59 57 216 111 73 148 213 128 53 121 72 30 246 117 219 190 141 25 233 91 45 195 183 185 56 249 199 143 48 170 43 70 
7 : 70 239 231 205 27 203 110 160 152 28 242 237 236 98 32 38 127 202 219 244 227 121 137 189 79 139 104 42 165 83 78 57 180 114 155 56 74 86 234 232 49 220 90 147 117 195 91 158 119 108 129 148 76 75 84 136 181 112 123 
8 : 107 90 70 63 129 49 154 105 184 84 72 86 236 195 216 43 190 47 55 51 119 76 235 120 178 180 38 44 222 141 189 201 162 52 109 39 150 41 194 65 103 69 169 73 227 122 99 82 173 81 78 53 100 74 37 58 214 200 125 172 97 158 145 140 153 151 197 46 220 132 94 177 137 45 204 36 233 102 209 229 113 139 31 
9 : 137 249 81 26 37 51 113 145 162 152 80 164 147 57 206 247 182 30 201 124 217 138 158 126 188 119 88 218 246 31 132 215 155 228 204 136 123 177 130 43 221 187 222 207 92 117 242 135 61 200 159 44 87 131 141 248 199 72 39 229 194 224 121 96 55 220 25 216 86 241 185 107 148 100 35 167 183 186 198 203 230 118 151 163 176 128 73 36 
10 : 108 201 223 143 207 180 215 195 118 192 114 34 236 152 246 161 181 165 194 160 206 57 112 124 229 29 94 105 142 136 43 47 132 156 183 176 46 121 75 86 240 111 154 110 70 199 211 42 166 219 155 79 53 55 98 212 96 82 245 44 62 234 
11 : 54 111 92 145 180 176 154 191 88 40 242 130 36 204 37 61 241 226 99 96 244 75 247 185 207 121 33 116 71 211 132 160 229 56 219 175 246 76 183 227 214 84 162 128 170 172 89 78 215 159 182 102 68 187 189 83 209 200 213 127 174 171 173 59 232 104 208 66 108 178 197 
12 : 191 204 93 208 46 230 139 177 78 244 29 249 246 87 243 216 133 226 70 116 42 179 33 61 199 193 212 231 100 173 110 233 83 95 207 112 92 219 122 48 181 187 128 242 119 210 190 166 175 163 118 89 96 223 236 145 197 151 90 47 240 103 140 69 86 73 62 51 117 161 126 247 201 227 113 165 241 147 74 37 137 124 183 82 
13 : 230 84 61 239 79 49 187 178 76 112 82 232 113 57 152 172 209 99 212 166 80 97 153 62 125 94 141 91 45 229 96 192 34 93 219 56 148 195 65 31 129 67 69 247 207 186 216 81 167 130 218 131 203 74 163 40 87 165 66 226 64 190 102 43 211 38 179 156 83 
14 : 95 230 59 98 206 48 200 246 73 187 96 150 199 83 121 102 105 226 54 125 180 227 148 208 241 85 182 136 106 197 234 165 195 55 186 44 90 39 61 123 75 77 190 62 32 130 100 46 153 169 
15 : 34 239 201 129 155 60 202 116 94 145 236 199 62 126 149 41 106 143 78 225 183 168 58 97 158 208 115 203 37 163 136 111 80 30 200 137 130 52 63 214 40 195 176 113 209 173 215 190 122 174 48 26 228 119 229 240 54 146 120 98 114 224 75 49 53 33 45 91 59 118 249 196 67 117 99 135 221 238 197 35 247 
16 : 234 52 145 63 70 44 104 77 88 84 75 132 221 144 94 210 71 96 232 160 214 213 38 25 112 125 64 103 138 136 46 246 39 153 102 120 224 65 156 174 101 161 110 134 166 93 244 124 82 190 37 175 54 189 135 99 137 79 172 106 229 87 187 55 241 
17 : 238 152 225 156 178 182 201 191 202 193 50 130 69 248 163 198 132 236 188 177 51 204 98 147 181 87 237 31 195 220 183 91 81 95 151 149 150 110 172 249 158 123 154 192 48 197 27 82 187 161 165 134 207 242 185 35 115 139 223 94 160 129 
18 : 237 234 115 131 162 109 103 205 135 146 154 167 139 165 102 107 227 155 70 200 141 204 50 177 106 36 185 28 171 111 52 90 202 51 128 79 
19 : 77 183 41 117 227 134 178 30 115 26 113 57 174 245 208 130 180 136 141 181 169 53 79 58 116 144 91 61 45 110 222 112 246 196 131 145 39 188 151 184 225 137 42 239 97 88 32 146 241 152 71 102 187 95 74 220 55 27 243 106 244 217 228 54 96 210 190 158 189 67 172 231 203 
20 : 204 235 47 224 125 156 110 92 70 73 191 217 144 38 118 213 102 177 135 88 69 36 223 241 222 138 225 50 64 233 152 143 148 248 214 157 137 182 139 236 56 54 81 91 151 184 35 201 164 83 172 132 239 60 40 130 129 142 159 115 140 127 161 158 154 101 30 61 240 232 178 215 117 150 181 219 90 189 63 230 249 145 226 51 195 123 55 89 41 
21 : 27 28 37 134 57 123 207 239 169 59 190 226 77 48 60 192 242 151 124 40 69 128 119 75 189 193 237 46 118 62 234 68 29 241 31 140 167 148 49 93 166 76 84 205 101 196 78 35 138 146 132 218 113 47 33 95 135 74 130 243 92 32 170 225 244 144 216 42 154 50 65 58 185 
22 : 100 213 64 78 223 136 247 138 179 123 61 58 220 157 59 118 240 95 55 104 198 76 36 128 206 97 106 190 248 66 154 33 183 175 193 133 227 230 71 167 112 77 74 115 199 34 155 43 194 205 72 211 26 41 111 174 80 132 127 171 148 49 219 165 116 32 121 125 229 38 110 234 233 
23 : 103 224 84 82 167 149 212 126 194 243 223 92 73 89 163 139 179 196 188 87 157 129 152 43 60 122 221 233 75 240 189 155 67 142 56 204 213 214 202 247 229 123 109 102 34 61 170 195 110 94 62 244 68 241 173 111 130 128 226 46 116 187 64 
24 : 64 210 217 180 174 37 88 178 143 60 219 69 241 181 162 247 40 66 106 50 248 51 105 31 235 211 61 189 242 36 194 156 130 54 82 187 75 249 172 151 229 84 56 140 133 134 38 239 70 58 135 73 139 155 159 68 137 62 147 154 206 41 158 33 124 74 142 149 245 179 197 
25 : 198 192 110 92 219 77 75 93 174 248 130 42 120 202 159 59 194 116 147 155 100 91 184 86 101 227 231 152 233 134 172 146 185 82 200 
26 : 155 186 120 68 67 54 101 187 30 176 99 102 51 62 219 220 159 48 246 221 192 198 140 55 154 149 210 28 202 78 52 233 148 236 217 81 97 184 96 239 75 182 190 240 59 25 122 26 111 121 36 180 27 136 133 107 193 94 228 46 167 
27 : 50 79 179 176 88 214 71 206 202 43 104 47 189 211 107 75 70 127 25 171 166 62 158 101 54 190 61 245 80 31 68 113 129 203 241 184 172 39 148 238 237 156 92 230 168 72 173 167 140 73 162 58 201 123 91 240 199 188 38 67 30 
28 : 103 206 105 189 173 42 229 117 224 95 150 222 217 99 151 171 127 37 100 33 106 110 92 137 146 155 180 218 176 188 161 204 213 214 113 247 200 239 104 160 90 48 199 152 202 154 215 212 85 65 66 194 94 243 233 59 136 40 141 235 220 121 208 165 115 196 216 237 174 147 170 207 245 
29 : 248 53 222 79 64 140 130 33 182 124 174 48 65 54 49 199 185 166 68 84 123 62 59 144 38 117 162 80 178 147 72 50 
30 : 83 240 73 99 97 44 207 199 63 79 57 178 210 197 211 235 27 201 32 216 175 247 245 162 86 110 237 84 168 136 65 98 132 102 125 71 46 150 114 205 56 35 192 121 147 182 42 28 138 130 232 49 227 203 152 
31 : 207 27 176 69 209 55 234 74 117 128 86 148 130 146 147 94 145 235 54 63 103 126 208 174 62 107 243 77 124 64 242 239 44 144 186 125 58 35 89 181 198 138 220 155 46 97 48 199 150 119 42 167 
32 : 173 133 222 233 56 118 109 193 46 182 219 175 32 36 249 244 174 39 127 221 176 50 87 107 199 212 104 234 162 33 94 55 86 90 163 91 34 128 82 28 42 147 68 53 43 198 202 187 194 169 92 101 168 48 236 75 62 134 69 178 184 140 172 242 77 247 180 203 125 51 215 204 
33 : 61 249 103 144 124 177 151 180 210 82 140 242 110 75 62 240 188 239 184 147 59 34 181 160 159 202 133 67 237 107 90 233 211 78 42 128 32 191 99 241 65 213 58 199 68 51 116 28 92 106 43 162 228 194 76 71 52 198 165 27 102 123 227 197 206 169 155 172 143 134 236 154 203 145 120 186 161 142 208 209 204 105 214 84 100 235 118 80 138 119 218 
34 : 106 215 156 210 32 160 165 143 206 62 183 115 177 134 124 118 87 142 227 144 151 201 93 122 61 114 168 54 148 182 43 94 60 187 203 197 214 73 65 80 173 216 170 72 41 88 228 25 141 52 217 117 44 26 207 125 248 98 167 211 55 29 116 64 
35 : 132 115 229 34 33 224 208 102 237 175 148 98 26 74 88 108 243 54 46 68 29 174 236 156 171 153 198 112 53 144 166 64 185 138 31 137 197 184 230 82 97 66 106 123 83 39 240 211 158 36 194 181 244 219 154 160 87 191 81 139 95 67 188 140 150 159 173 239 248 167 183 114 199 
36 : 227 152 132 192 241 176 138 144 74 184 39 246 58 187 85 158 108 28 134 67 76 117 35 62 222 151 100 27 234 114 242 44 200 84 68 199 42 148 91 191 208 52 127 137 102 26 218 238 186 110 81 33 233 72 145 160 141 204 36 116 51 31 124 111 195 140 240 135 183 182 166 139 171 123 161 229 228 34 41 29 163 162 214 96 70 93 73 247 
37 : 34 137 173 166 244 211 35 131 150 83 124 214 202 99 230 180 42 26 247 55 206 69 136 130 91 122 100 158 140 72 109 77 226 25 184 62 203 192 81 85 113 64 151 174 45 116 241 125 186 219 227 176 225 178 228 133 89 32 189 48 195 82 49 66 104 210 169 218 107 145 31 84 70 144 157 233 73 
38 : 142 116 155 180 218 122 128 76 231 206 199 196 65 30 59 114 81 240 135 119 249 239 176 195 220 158 205 34 58 217 63 215 182 134 131 183 136 102 162 139 197 232 62 241 110 137 132 193 43 170 203 84 166 216 74 226 224 36 100 83 172 248 25 103 124 208 96 225 151 223 156 190 60 207 179 126 
39 : 148 154 164 32 213 176 158 226 45 42 241 212 50 40 80 203 73 103 205 190 138 192 209 119 44 35 198 223 142 
40 : 245 175 132 63 210 30 61 89 163 31 137 87 194 201 28 157 249 182 83 129 73 57 196 42 51 122 192 56 95 145 52 144 47 44 49 239 37 197 79 224 101 206 128 184 212 120 124 96 34 
41 : 28 45 29 133 118 197 164 39 165 106 195 32 236 222 171 112 31 228 107 65 244 216 192 78 181 109 207 88 150 162 110 111 35 203 73 245 69 49 199 134 187 75 229 84 113 82 247 172 230 241 120 169 42 86 66 101 122 43 147 146 182 
42 : 159 199 170 34 143 246 122 31 227 108 54 213 164 196 150 111 68 178 222 47 41 28 56 45 131 71 238 80 
43 : 98 160 84 47 48 182 114 41 224 240 223 230 157 154 42 236 124 123 36 58 206 109 57 112 90 142 248 140 61 101 189 51 185 144 62 76 66 49 105 164 56 130 143 117 39 30 215 52 26 180 102 89 186 116 64 97 85 197 100 170 113 
44 : 219 200 126 179 207 34 227 74 183 143 240 40 133 118 26 214 182 57 103 25 88 159 234 73 155 189 193 140 113 47 128 185 86 80 175 190 101 145 98 224 181 65 117 216 156 41 53 205 111 115 201 107 95 246 160 97 233 218 87 172 68 194 213 72 59 49 186 110 71 147 192 83 106 197 173 125 63 130 168 199 55 82 237 
45 : 168 249 220 175 70 112 78 135 57 68 76 209 170 136 65 95 30 106 223 146 172 88 59 84 236 89 27 81 129 99 192 148 29 50 188 219 193 198 121 245 246 164 214 115 48 72 55 42 213 43 241 200 161 87 140 37 169 149 28 182 202 60 118 231 218 54 126 103 109 94 212 114 96 227 138 111 184 32 128 197 125 243 229 
46 : 37 196 200 149 45 177 77 211 210 117 233 142 91 160 132 112 136 80 213 178 168 172 79 67 188 183 227 93 72 216 85 221 230 98 43 56 156 96 73 60 154 231 121 119 145 201 190 241 163 57 147 138 81 217 189 214 58 70 237 41 33 244 171 197 90 71 151 87 238 76 224 66 135 236 34 118 26 195 157 212 32 247 153 82 219 102 105 69 144 184 103 61 
47 : 228 146 192 184 37 133 195 69 206 36 42 29 143 74 48 155 223 94 193 30 211 65 215 152 72 172 171 96 100 113 28 63 27 218 217 26 248 107 106 50 150 149 64 181 77 111 249 118 221 177 140 49 238 210 164 246 170 122 99 160 55 151 138 209 86 145 131 232 39 
48 : 172 210 65 163 85 63 76 64 106 86 171 112 213 126 200 103 186 158 133 50 245 110 36 168 136 26 194 73 82 101 67 165 49 105 51 179 99 25 139 154 178 228 96 
49 : 121 164 201 59 110 240 233 214 91 27 220 75 64 142 63 89 42 83 136 113 212 192 45 182 117 226 145 105 246 53 114 86 249 237 216 228 153 238 66 32 62 227 41 104 119 85 200 33 185 77 55 132 107 
50 : 64 240 57 154 41 136 59 241 48 97 73 49 124 86 227 78 140 178 194 121 93 43 143 39 62 196 206 58 95 103 55 90 181 214 203 239 133 106 138 153 150 175 245 
51 : 99 84 142 136 189 227 210 161 219 232 115 199 228 206 148 73 33 139 203 130 143 197 61 237 236 190 146 94 34 
52 : 28 186 204 117 80 137 177 70 170 132 238 202 58 85 231 194 183 221 97 121 148 119 223 77 176 142 92 230 168 95 139 213 38 211 65 236 111 31 241 191 41 125 110 182 164 122 82 115 149 52 78 192 46 205 229 180 112 128 108 75 53 55 218 179 222 131 220 174 130 129 69 34 178 51 188 167 198 
53 : 187 144 246 127 153 160 244 143 40 208 156 57 134 199 28 236 86 88 85 133 179 155 32 194 193 96 165 50 210 202 176 191 89 163 102 27 147 93 30 62 157 69 48 178 136 76 171 80 241 117 73 47 44 26 115 107 43 231 
54 : 131 218 136 156 89 51 172 134 161 190 80 145 35 223 142 59 229 178 82 39 210 180 188 74 121 224 163 73 241 103 147 197 109 97 41 140 171 175 63 138 143 181 107 249 99 100 227 44 42 47 105 29 78 86 168 144 187 66 237 231 114 247 132 101 37 148 159 160 122 67 207 55 27 32 81 113 111 191 154 45 129 54 200 
55 : 181 50 248 96 124 104 106 238 244 147 193 28 113 98 214 27 186 160 109 233 61 230 175 70 121 184 93 82 83 117 119 192 232 205 241 72 167 154 177 247 44 223 29 57 204 97 225 66 173 200 32 153 42 210 144 149 142 129 105 125 
56 : 47 152 239 53 121 194 129 156 159 228 235 119 223 142 93 76 96 243 49 161 61 37 79 54 91 41 95 72 167 111 171 182 178 240 74 230 204 147 149 106 237 162 118 45 153 168 190 35 114 206 66 133 89 55 122 192 198 50 150 140 231 59 56 249 160 92 107 216 212 177 94 211 165 131 116 120 208 123 186 103 175 98 33 85 105 101 185 134 108 138 87 200 
57 : 247 155 93 117 201 126 245 67 191 91 240 183 225 221 25 164 109 48 83 180 169 124 172 163 45 31 66 62 195 242 94 168 186 207 139 73 137 185 
58 : 49 179 244 190 110 182 248 217 50 228 42 44 204 40 56 206 147 126 192 180 59 194 216 197 196 83 34 225 107 45 124 
