0 : 220 199 96 37 73 121 162 93 216 59 116 31 118 198 176 33 219 189 114 110 241 84 76 239 53 46 227 185 167 201 171 235 41 29 204 247 154 27 169 122 222 71 72 47 51 94 100 142 
1 : 191 72 200 126 144 78 42 99 71 127 202 122 29 93 54 25 244 113 222 232 118 146 135 185 216 203 68 143 70 45 129 
2 : 175 139 243 200 113 181 28 154 124 75 186 60 35 103 98 134 144 197 221 135 232 209 148 37 80 211 143 64 222 31 45 174 63 199 244 240 30 86 36 61 180 96 247 81 38 149 128 100 249 198 55 159 170 177 157 129 160 192 26 150 238 182 70 147 132 191 227 115 66 49 218 88 34 201 53 165 
3 : 212 127 204 90 119 217 205 117 120 118 84 98 201 235 113 45 110 25 187 68 116 87 71 194 44 156 210 222 135 137 174 61 230 39 140 73 207 50 231 54 179 111 141 
4 : 188 100 59 249 203 215 212 66 35 191 221 69 62 67 130 114 72 142 169 239 52 37 216 85 26 89 152 182 229 228 149 60 70 220 176 91 75 195 47 83 76 131 179 141 68 146 103 32 
5 : 218 178 125 153 179 145 43 196 186 237 219 164 96 95 160 121 180 38 206 110 221 88 76 124 242 40 137 216 
6 : 155 36 94 77 68 142 85 43 92 103 55 65 130 38 168 107 76 214 212 53 148 37 45 237 172 108 194 56 73 48 230 52 126 99 191 164 60 156 157 46 234 232 47 97 
7 : 62 25 219 248 198 215 98 130 80 78 197 100 118 120 247 195 160 133 145 31 159 53 111 177 190 237 58 148 76 200 110 224 55 94 54 186 33 201 116 209 143 109 147 121 169 156 176 183 99 212 214 46 243 51 199 71 85 66 139 38 115 246 83 112 138 60 
8 : 238 176 237 72 105 249 181 137 98 174 214 195 124 92 133 189 108 71 231 37 81 102 241 110 36 208 227 175 43 91 74 156 182 159 76 27 190 104 177 118 206 243 87 169 119 86 44 42 48 223 107 60 136 213 232 220 235 218 34 173 151 62 204 117 29 184 106 112 207 47 194 32 161 39 103 30 202 234 216 166 
9 : 103 113 150 62 106 162 47 224 236 204 208 41 44 185 178 95 240 140 153 114 40 221 45 120 73 148 102 188 180 83 227 49 200 52 92 238 53 43 231 152 30 243 93 
10 : 200 79 142 192 221 194 220 135 170 34 183 143 74 173 207 97 109 186 39 228 55 139 153 243 42 
11 : 200 208 31 66 228 71 225 182 230 236 103 180 93 110 105 101 176 106 87 159 177 42 232 172 185 184 32 190 48 195 207 219 214 53 210 171 139 242 
12 : 172 173 247 33 101 174 240 238 134 175 118 49 178 31 135 32 99 128 205 77 166 202 59 63 203 79 144 188 60 153 157 35 235 91 27 155 
13 : 48 82 200 178 117 219 158 184 66 135 29 92 116 192 226 41 136 51 99 83 50 160 71 109 174 123 78 194 171 134 52 76 55 190 30 77 111 205 79 62 243 215 37 217 
14 : 45 77 72 85 198 106 132 52 63 91 216 181 55 154 145 173 80 51 151 39 149 194 26 187 175 185 69 95 163 137 244 192 36 245 107 176 105 82 62 158 162 88 161 97 46 212 166 179 103 211 37 206 184 40 153 247 32 104 138 219 108 242 221 207 171 64 140 152 147 148 144 241 110 50 113 160 150 27 49 57 243 129 30 
