0 : 66 184 204 236 136 78 179 217 238 246 46 160 153 126 53 168 166 225 224 119 34 220 200 186 93 94 33 52 208 102 218 211 233 214 181 170 145 213 241 189 82 110 86 122 183 35 229 70 100 
1 : 71 128 102 123 190 98 113 63 129 139 238 72 59 57 56 232 66 31 220 47 186 33 146 159 119 115 82 44 241 97 216 218 209 204 25 214 249 212 104 224 86 49 112 230 152 117 87 192 39 227 226 61 92 85 134 42 243 189 94 147 143 158 177 32 74 79 175 171 116 28 202 151 221 
2 : 45 207 33 132 118 139 53 78 106 77 28 211 48 243 214 96 187 226 219 152 55 156 215 245 203 63 185 194 173 50 223 170 54 244 149 161 172 120 57 189 237 212 79 133 235 32 184 151 190 178 111 160 225 188 115 35 90 233 201 64 167 177 176 231 129 163 83 69 105 42 147 137 128 144 49 126 221 124 218 51 143 169 66 246 72 186 59 180 117 125 222 165 94 135 239 76 91 
3 : 232 59 50 157 149 80 109 124 168 192 41 139 107 85 53 163 162 218 243 224 49 120 122 117 194 93 48 42 141 145 189 66 223 151 128 36 46 164 135 142 198 31 170 83 28 39 91 246 160 37 71 
4 : 69 230 39 56 170 41 120 102 93 100 205 224 127 92 91 88 87 60 198 97 225 185 73 229 246 207 37 232 101 33 96 
5 : 93 185 89 153 227 212 90 222 183 57 241 164 86 66 81 140 191 134 41 248 158 62 67 129 221 193 51 242 102 219 105 138 156 25 159 192 94 190 96 163 200 29 43 75 229 157 115 237 103 130 35 214 88 133 26 127 235 206 106 144 110 47 87 181 220 174 165 243 95 63 147 209 166 197 137 228 28 244 187 188 108 97 39 77 218 239 139 84 162 116 109 50 92 98 72 74 240 80 32 131 
6 : 184 201 164 188 212 52 228 34 171 121 148 86 122 61 58 112 210 140 48 138 217 132 149 142 95 36 90 33 196 123 87 91 232 220 137 187 235 25 246 74 153 54 227 145 237 85 179 146 195 66 200 202 80 104 165 238 57 
7 : 234 63 35 69 186 231 187 120 53 171 200 71 220 148 243 27 174 99 47 136 98 81 74 198 142 125 166 109 87 97 195 158 36 94 141 246 176 235 204 117 168 124 76 207 192 170 101 130 111 228 248 96 113 34 149 59 66 61 179 196 85 33 227 201 211 242 206 116 48 173 108 224 95 197 126 102 129 28 178 177 72 46 122 40 161 123 238 152 190 240 45 164 239 31 89 225 58 
8 : 31 175 100 248 117 50 216 206 114 79 169 176 115 54 90 163 247 109 52 128 222 119 147 181 111 84 33 185 155 126 204 73 186 160 244 164 191 233 177 224 78 137 243 86 193 85 30 141 239 144 189 96 44 87 69 187 165 89 203 99 61 88 235 148 178 113 110 201 29 57 51 41 38 218 135 182 200 152 94 139 221 130 156 172 168 174 157 80 143 229 134 55 194 249 107 166 40 199 
9 : 107 248 109 218 244 90 172 128 117 56 182 233 37 180 143 179 45 89 211 100 80 196 175 62 76 103 145 42 210 173 245 91 126 163 94 25 55 34 
10 : 50 167 226 40 66 120 211 51 242 44 116 149 219 237 214 183 160 238 97 177 114 100 169 101 126 102 158 153 110 197 61 174 223 65 148 59 76 132 93 156 68 105 41 155 33 43 81 129 27 28 94 52 151 123 143 204 240 31 92 202 88 159 86 56 89 162 234 180 145 25 42 69 98 35 
11 : 87 178 104 150 207 139 239 50 167 164 165 43 94 42 173 213 66 235 242 231 245 83 28 125 33 48 84 135 142 35 228 234 203 
12 : 62 210 88 239 137 80 28 123 127 160 78 34 95 245 36 192 185 164 38 61 168 52 141 200 68 240 146 134 104 112 169 48 120 249 109 246 45 126 50 242 103 157 151 75 65 214 144 89 243 138 232 35 85 97 195 133 176 196 66 30 212 229 31 96 145 42 183 175 33 218 
13 : 245 221 168 227 200 229 51 53 141 158 242 57 56 107 104 59 90 69 196 40 118 184 112 157 72 225 203 82 117 133 208 30 194 92 136 166 103 188 122 152 25 130 164 143 70 186 151 98 175 101 110 230 202 231 89 114 235 163 134 191 206 236 145 106 211 167 232 240 226 140 50 138 36 79 160 126 132 148 66 29 155 192 109 47 
14 : 39 241 83 55 103 203 159 240 148 152 50 81 52 235 193 247 98 63 182 61 73 60 67 111 155 94 176 123 133 143 134 76 36 174 226 86 62 82 27 205 162 230 194 246 145 237 49 117 113 216 45 232 128 215 99 126 210 156 116 125 58 161 142 229 209 201 242 88 233 89 41 172 42 59 196 158 243 163 78 150 181 25 91 
15 : 113 159 28 110 152 105 83 228 209 50 241 39 73 221 155 167 123 223 65 153 224 215 97 242 193 175 205 55 178 25 194 157 145 120 170 43 96 75 57 188 140 68 236 35 142 243 150 67 41 201 212 95 26 121 248 229 225 107 164 82 93 74 234 52 137 126 109 235 220 81 237 62 249 103 80 131 190 76 244 85 240 30 100 116 238 
16 : 196 49 43 156 44 224 94 244 223 30 139 74 147 57 211 230 202 239 178 181 80 132 219 167 190 135 186 245 152 77 194 208 102 52 176 155 35 58 121 31 179 59 117 63 240 193 197 41 205 83 68 105 114 65 62 104 160 187 71 185 217 246 48 29 191 128 113 199 33 89 
17 : 39 112 33 118 192 101 213 221 100 207 121 234 159 84 86 186 48 152 114 183 60 203 83 202 242 40 130 195 161 182 113 80 158 66 246 249 143 187 206 204 181 58 52 243 157 167 194 201 25 212 156 54 75 218 147 110 82 97 129 117 146 74 176 89 
18 : 161 166 104 223 145 234 55 199 210 141 237 147 143 243 99 70 113 74 31 236 149 181 229 172 197 198 109 203 165 58 173 190 218 59 163 111 125 25 230 85 117 249 35 92 247 215 134 86 220 64 63 93 135 96 217 56 94 177 73 240 222 169 106 98 81 188 189 114 115 116 77 89 57 196 207 239 102 88 84 30 227 79 83 184 39 90 78 71 241 158 211 
19 : 56 81 76 200 48 179 209 206 215 177 82 66 79 75 248 26 231 213 157 41 88 120 218 172 126 38 102 161 118 68 185 217 128 233 99 249 101 239 
20 : 218 239 43 244 33 93 31 154 25 193 65 195 128 73 161 106 187 95 210 71 149 213 194 186 36 92 203 113 141 
21 : 101 105 243 29 129 96 177 53 219 226 92 245 83 39 197 225 138 172 128 28 135 217 249 239 85 220 94 95 196 208 130 181 
22 : 226 125 117 67 60 173 134 135 203 62 36 71 118 143 78 181 38 194 206 199 136 163 56 37 157 224 234 40 153 227 152 70 205 237 30 82 244 121 132 34 230 120 28 128 246 
23 : 177 199 156 189 116 143 242 113 28 209 162 145 103 168 127 67 202 185 27 48 172 171 194 136 25 123 36 231 54 26 166 234 53 43 232 218 226 114 30 57 165 99 203 211 222 245 221 108 181 100 155 206 94 214 98 
24 : 68 107 127 140 199 36 119 126 241 136 154 188 235 168 40 178 144 239 208 210 143 114 89 49 203 100 231 159 78 176 249 58 115 172 194 42 72 109 138 224 173 35 69 183 153 230 103 123 121 236 196 207 204 73 26 130 43 112 240 39 
25 : 96 187 177 53 186 71 106 84 234 197 52 195 67 150 188 181 99 88 155 109 102 54 167 47 39 189 178 108 72 124 249 214 199 229 86 153 35 74 116 210 78 113 127 45 236 59 55 37 146 238 129 213 201 117 100 175 246 125 62 133 89 154 44 85 94 136 163 222 64 151 95 171 87 38 232 173 25 43 63 104 83 226 70 217 65 193 
26 : 65 112 28 159 105 111 133 146 183 249 124 29 110 148 128 101 193 243 49 58 48 76 86 208 233 56 182 135 229 143 203 68 238 204 83 
27 : 198 77 196 38 125 66 113 115 158 213 32 137 140 131 87 153 220 193 72 127 39 59 50 204 210 223 166 93 88 99 184 76 245 168 106 124 73 175 236 211 94 28 65 91 58 67 30 81 174 126 103 27 218 203 74 134 143 46 241 100 249 163 25 233 170 86 49 181 40 217 129 84 230 138 90 183 190 227 156 161 102 69 53 186 35 64 29 
28 : 160 59 121 179 150 229 140 175 33 183 212 35 117 37 40 101 245 215 167 173 99 195 123 66 41 103 124 247 112 30 232 135 106 113 108 176 116 158 104 43 172 54 56 203 65 47 71 107 42 153 132 31 122 57 93 53 127 84 27 219 190 228 125 97 36 209 211 225 155 110 64 204 87 83 
29 : 83 106 239 79 211 227 42 126 164 44 56 145 38 76 88 52 64 149 172 235 160 208 67 122 134 140 81 170 108 162 31 90 203 117 53 86 225 105 50 
30 : 220 242 158 89 61 57 149 246 82 95 68 122 27 195 187 128 49 74 170 179 48 213 91 79 103 197 37 160 183 159 247 218 121 118 225 234 56 26 184 87 65 115 231 139 164 157 120 194 113 178 85 175 148 96 238 171 58 
31 : 128 50 154 241 142 191 94 158 247 72 246 157 223 215 187 131 69 183 232 235 84 143 56 59 81 93 210 40 61 39 27 47 35 123 115 162 150 53 196 152 225 217 222 129 26 174 249 88 60 233 42 89 98 118 202 216 91 181 197 226 63 189 78 236 119 219 100 48 175 204 140 203 71 49 135 51 44 127 170 243 106 70 87 195 28 99 
32 : 34 45 137 177 43 67 219 56 103 151 199 111 214 44 171 47 71 108 160 84 188 232 86 119 75 133 243 244 70 79 89 134 174 50 210 150 55 187 169 242 117 81 202 123 25 143 52 247 105 142 185 53 
33 : 103 106 108 57 58 202 69 47 147 123 129 169 179 211 172 143 149 94 184 49 189 188 56 63 53 78 173 190 62 75 100 182 197 140 247 167 82 207 37 38 176 116 40 
34 : 36 227 68 182 86 52 207 65 167 163 171 197 211 136 219 123 74 165 176 50 137 139 91 51 199 113 221 169 217 25 243 107 166 145 44 218 99 229 62 225 100 181 54 170 87 128 244 161 109 245 205 194 178 94 159 133 49 155 180 190 239 
35 : 209 152 131 29 127 158 108 186 42 72 33 136 162 184 231 222 62 128 100 140 129 102 107 194 150 79 99 117 236 37 97 193 69 214 76 175 177 
36 : 86 91 173 159 67 187 192 184 138 116 196 132 134 236 120 240 222 143 157 33 103 85 93 193 201 29 81 219 191 87 225 65 165 176 34 216 74 50 208 210 28 183 44 56 88 26 
37 : 185 242 139 83 74 231 56 66 202 196 169 193 245 150 200 204 170 158 246 86 49 186 237 192 173 111 182 90 208 98 76 238 137 175 189 143 219 124 160 140 92 63 132 199 195 33 84 126 183 210 220 101 188 187 168 89 80 105 51 171 165 149 233 114 119 228 
38 : 25 215 88 84 39 172 129 157 154 114 80 230 108 162 227 126 58 38 163 226 241 176 64 135 221 103 35 113 41 217 149 45 220 169 214 208 49 191 110 161 245 233 42 242 46 195 120 205 90 189 32 94 26 182 236 143 232 184 76 244 186 30 40 55 229 75 170 52 202 68 60 85 102 158 71 237 44 216 177 86 
39 : 117 168 77 76 90 243 36 138 221 145 228 60 155 195 120 122 183 218 248 61 199 207 212 170 56 229 129 179 108 206 35 104 194 137 45 101 25 88 134 114 98 169 99 231 93 165 62 68 188 30 174 86 113 126 38 189 42 204 249 162 203 161 85 157 46 
40 : 64 150 229 138 234 76 93 178 235 112 194 230 144 226 160 204 100 162 120 99 57 152 158 106 83 53 38 188 161 39 139 89 134 69 176 75 124 184 48 51 26 146 29 77 
41 : 177 230 119 93 106 57 70 210 64 123 240 223 204 163 110 117 118 168 51 85 33 34 80 35 95 67 129 174 89 212 181 169 76 162 214 238 225 29 213 170 209 69 145 113 45 
42 : 62 226 138 229 137 44 80 46 213 163 222 45 121 26 153 172 58 48 231 56 83 143 95 57 191 236 49 90 55 36 170 34 181 129 133 111 164 54 203 237 228 67 66 242 188 196 147 106 25 81 35 217 132 179 154 159 88 75 101 130 140 99 139 207 84 100 244 209 96 60 65 109 225 176 105 235 165 94 206 177 232 245 240 41 43 82 189 208 171 76 120 200 
43 : 51 45 147 177 77 174 102 148 209 41 207 149 244 53 100 134 92 108 211 105 231 142 89 180 225 59 57 97 34 55 35 123 33 161 110 218 236 114 122 186 47 64 98 27 137 36 243 199 128 58 156 168 229 71 146 224 80 81 192 200 145 86 235 215 76 132 160 240 38 
44 : 54 243 200 87 73 192 162 93 174 229 27 65 133 70 34 111 138 136 69 185 149 166 94 195 233 239 36 29 228 131 152 132 90 196 169 172 139 101 
45 : 146 234 71 74 209 226 142 126 152 40 147 50 73 123 75 39 38 145 178 70 136 203 65 176 230 60 187 94 223 25 165 214 81 219 34 30 35 186 192 93 235 156 231 79 159 205 129 200 245 37 33 197 59 122 86 220 180 27 202 77 58 63 118 240 238 95 171 32 109 80 153 215 237 49 87 198 212 196 168 66 137 46 158 195 112 114 216 
46 : 32 61 42 68 159 98 79 39 249 244 100 234 183 101 225 47 198 78 194 235 166 45 210 190 130 181 36 95 34 86 185 38 121 82 128 231 40 43 105 87 112 233 104 182 224 178 226 137 143 66 127 165 133 76 195 62 155 135 25 206 209 192 71 180 170 65 109 228 118 237 108 136 70 73 92 204 93 26 72 80 243 117 239 94 217 89 141 134 58 201 
47 : 204 65 58 152 147 163 39 233 73 195 77 101 219 108 197 179 172 240 41 244 67 192 119 188 203 96 243 190 
48 : 188 44 56 94 180 109 190 233 40 220 197 33 86 111 125 97 126 219 223 147 174 203 143 80 100 71 132 237 39 196 234 83 155 175 106 37 137 55 63 246 235 225 52 205 96 154 99 82 103 74 50 158 135 38 98 215 62 26 185 241 212 227 168 89 70 224 178 189 110 170 84 60 115 228 214 142 200 141 122 248 68 245 
49 : 75 153 175 114 61 57 141 214 170 146 215 167 38 135 129 80 56 105 187 55 174 219 241 30 67 26 134 226 221 117 237 199 41 236 60 158 205 103 140 229 225 88 98 218 93 132 183 34 243 192 197 133 228 76 186 156 84 27 
50 : 137 199 188 233 205 43 200 114 76 210 98 208 184 118 206 156 168 34 146 26 246 27 187 45 183 30 228 85 145 161 222 142 162 139 186 73 220 234 55 197 135 78 219 80 79 48 226 163 47 195 107 138 68 122 86 28 144 67 223 84 247 192 96 165 231 211 204 134 108 213 83 191 149 29 190 152 
51 : 120 78 219 200 230 89 249 124 224 105 151 177 81 169 45 56 44 143 161 234 176 211 197 190 25 66 154 130 156 141 118 112 84 52 119 209 36 221 103 239 127 79 35 147 208 237 199 217 178 170 77 139 50 49 72 220 116 27 240 101 53 189 97 111 212 244 152 134 87 180 232 109 60 173 33 83 203 248 107 227 128 243 26 179 123 196 246 48 114 51 229 39 144 231 70 146 
52 : 78 104 193 159 222 195 201 142 30 163 218 162 59 149 81 169 43 86 105 199 61 211 168 172 53 135 39 232 95 164 191 96 58 156 44 65 103 183 244 245 209 247 36 69 187 189 220 234 151 114 107 123 87 229 167 50 179 90 235 73 125 214 26 101 134 217 25 29 127 111 182 206 129 89 139 100 198 239 122 98 52 146 136 196 215 102 225 157 115 238 113 67 185 154 226 181 237 205 231 47 141 75 
53 : 161 90 82 74 115 50 136 28 117 241 62 239 34 176 75 72 52 226 188 150 197 48 209 76 164 178 195 177 191 215 102 37 244 185 55 119 186 87 80 114 97 54 25 46 30 32 175 156 196 45 172 68 218 88 142 205 73 231 227 210 69 235 170 101 106 
54 : 33 29 50 53 48 216 127 44 153 176 84 236 139 56 66 154 247 201 245 82 194 111 242 173 91 75 125 187 193 59 174 93 142 83 98 39 168 46 69 161 68 208 166 76 88 223 128 135 95 
55 : 211 192 194 84 62 83 102 82 169 109 225 185 37 234 30 33 70 110 199 246 195 219 143 88 120 41 75 201 58 180 134 115 158 147 104 233 92 101 218 114 35 135 209 105 171 26 93 118 137 96 55 128 99 240 141 73 132 190 173 245 160 63 145 78 210 197 59 138 112 106 107 
56 : 209 106 50 60 94 55 128 148 112 78 215 246 216 204 48 116 51 236 169 133 220 194 232 198 240 113 166 247 120 39 95 147 37 249 191 59 234 75 174 85 226 119 124 218 183 159 187 44 99 97 40 223 27 
57 : 242 219 60 105 201 113 216 175 84 58 204 195 237 116 211 41 162 163 153 227 90 45 186 25 198 194 127 197 184 37 155 98 125 139 167 224 115 110 32 226 50 99 102 132 121 248 83 34 191 100 35 108 80 55 144 79 152 172 200 101 217 214 231 120 61 212 48 104 43 171 151 222 221 52 123 97 65 33 53 109 95 122 59 118 165 228 76 179 87 96 246 143 128 107 86 225 229 
58 : 76 126 75 38 204 145 80 146 130 35 220 168 209 203 225 37 144 64 105 30 150 158 202 160 91 235 125 111 32 107 89 221 82 183 123 127 88 195 
59 : 236 122 241 243 53 77 168 232 38 225 39 87 48 32 51 244 121 86 61 100 167 113 27 75 64 227 116 188 96 94 60 29 246 210 217 78 247 148 228 57 81 112 35 150 118 126 115 162 191 203 73 226 176 220 34 206 156 136 
