0 : 7 45 85 49 79 46 96 67 9 91 78 80 83 4 62 34 56 68 53 36 21 88 15 60 66 77 24 48 75 38 
1 : 71 92 96 6 30 9 74 24 56 90 40 85 70 63 35 82 5 36 27 99 50 69 72 58 28 1 8 23 18 31 15 32 86 84 73 25 64 29 2 65 94 97 68 95 61 17 22 34 41 66 57 54 75 37 16 10 44 39 81 51 26 52 79 
2 : 54 16 61 15 87 71 26 31 94 11 23 14 28 91 45 1 25 80 8 5 97 57 47 93 38 96 90 33 44 79 43 60 52 10 
3 : 40 31 65 45 35 82 80 49 7 69 52 78 77 8 33 89 47 23 85 1 9 75 46 42 58 13 36 3 16 15 11 59 92 20 73 18 79 93 98 30 55 66 29 38 83 61 86 64 60 2 28 6 43 56 
4 : 95 26 83 81 7 38 10 58 40 70 84 60 99 71 9 97 15 18 31 92 57 72 37 8 80 79 48 27 29 68 44 35 52 62 0 20 74 49 63 11 76 93 36 45 17 69 91 96 77 98 43 13 2 64 94 51 54 
5 : 60 82 47 80 44 67 61 50 32 98 19 62 11 75 26 68 33 55 54 52 36 12 96 46 40 78 
6 : 83 32 89 61 7 91 2 9 79 90 30 40 31 72 56 15 3 23 80 93 36 25 44 67 24 26 35 39 42 41 59 86 48 51 33 85 54 98 
7 : 24 29 96 90 69 93 63 87 43 78 64 15 68 77 40 48 13 89 6 7 88 35 94 58 61 92 91 53 85 17 59 28 73 0 97 65 20 12 80 
8 : 59 53 47 66 65 35 52 9 40 16 45 83 25 20 82 60 36 12 96 10 17 84 18 76 13 
9 : 83 63 65 8 52 93 14 91 45 99 74 3 32 72 27 53 28 86 6 73 98 58 24 21 9 11 79 13 82 87 49 60 84 75 15 18 40 5 41 
10 : 96 6 40 0 15 11 46 89 26 77 64 83 84 86 59 62 85 27 41 51 32 82 7 97 24 30 19 56 57 10 43 22 63 33 69 87 23 47 94 68 95 75 39 58 65 73 99 90 4 50 34 79 16 35 44 17 70 25 49 
11 : 
12 : 53 97 85 22 50 52 74 78 89 2 63 69 1 19 13 96 90 17 81 66 86 10 92 42 6 28 
13 : 26 51 84 17 86 79 35 53 77 32 3 10 13 82 42 24 7 72 22 98 96 14 91 6 1 65 
14 : 60 35 76 18 20 85 6 56 48 73 17 8 90 45 64 7 59 63 43 52 2 58 99 72 82 83 92 41 71 51 1 14 5 44 0 31 77 55 40 30 61 98 39 9 54 
15 : 93 89 10 74 52 59 72 79 27 73 45 5 24 28 17 60 36 61 32 
16 : 99 55 57 31 33 52 79 51 37 94 86 20 68 65 1 77 71 14 70 34 83 12 17 42 89 72 58 40 46 43 96 0 88 56 35 5 6 39 98 50 93 23 8 91 97 84 
17 : 88 75 98 28 74 19 91 63 52 25 79 43 83 20 14 26 5 89 39 15 31 97 50 
18 : 9 83 80 3 55 24 72 94 93 68 84 86 98 34 92 6 11 70 36 21 17 49 57 0 46 44 87 30 40 13 2 81 14 54 60 8 71 74 78 65 48 10 16 32 51 28 77 52 82 20 67 99 19 43 41 63 79 85 96 64 56 95 31 18 47 90 45 61 76 12 42 25 5 
19 : 34 32 11 81 4 62 86 44 77 1 68 72 94 83 91 69 71 23 73 52 89 
20 : 84 7 34 80 17 89 41 44 8 20 23 75 1 38 47 69 92 54 10 51 4 30 9 62 64 35 55 31 67 24 36 27 70 18 40 6 16 85 96 43 81 91 
21 : 69 41 89 48 67 64 98 21 30 33 13 40 37 71 42 25 36 75 
22 : 
23 : 68 74 93 25 66 54 16 8 3 21 13 41 90 28 57 23 78 
24 : 65 17 18 86 66 89 33 68 62 9 96 93 37 21 26 87 69 90 84 67 22 60 55 64 
25 : 10 13 16 36 23 99 30 90 85 15 83 84 52 96 20 19 51 12 94 69 31 75 1 43 8 95 24 46 32 60 86 63 48 9 2 93 40 54 68 14 42 28 4 55 21 73 7 64 87 39 65 22 66 57 62 
26 : 16 88 72 57 24 58 0 52 2 91 96 95 45 99 98 37 82 75 78 25 29 10 77 84 65 68 36 6 30 35 13 28 89 59 8 41 62 50 74 26 3 43 18 23 86 1 20 81 47 64 80 7 39 51 67 90 55 32 33 69 97 9 46 94 31 4 92 70 49 
27 : 28 87 75 23 93 50 94 27 79 92 34 
28 : 64 31 79 26 73 75 74 9 7 
29 : 93 4 87 0 27 50 89 79 13 21 63 16 83 3 54 65 47 6 2 26 
30 : 5 32 10 19 58 30 35 92 34 6 55 64 33 81 52 82 21 85 24 1 56 77 57 60 47 50 95 2 40 4 65 87 96 43 88 3 84 80 11 74 31 97 12 13 76 73 41 20 66 27 63 71 
31 : 52 67 72 18 79 27 64 83 63 91 5 2 3 43 47 87 23 20 31 59 24 84 25 17 48 98 9 86 78 93 13 14 75 42 69 58 99 11 71 32 94 70 96 34 89 53 7 33 16 41 45 0 61 65 97 46 54 95 62 30 40 81 35 
32 : 70 82 85 31 89 65 54 
33 : 39 4 46 65 12 55 26 74 44 81 58 13 32 5 68 57 92 48 19 51 20 76 37 90 96 50 29 1 84 97 28 30 8 70 14 40 21 
34 : 60 73 58 32 80 34 95 74 15 82 62 29 14 61 67 68 44 77 66 26 96 37 48 46 22 84 25 57 98 7 75 51 87 27 89 94 
35 : 38 1 46 48 54 86 71 95 80 25 42 94 88 6 35 60 43 63 7 24 56 31 28 23 97 87 64 82 81 85 69 
36 : 62 66 53 61 64 22 74 71 52 93 26 63 21 0 70 24 67 45 46 78 96 5 23 79 43 1 92 27 28 98 73 83 76 7 72 99 58 
37 : 23 33 93 64 32 66 26 2 85 55 28 19 35 47 37 99 68 43 86 4 79 20 83 9 98 36 82 25 90 
38 : 84 34 55 36 91 78 63 45 94 13 76 5 79 83 88 87 14 4 32 82 50 93 27 21 22 96 6 57 16 15 58 46 51 72 53 52 89 97 8 75 92 64 86 42 44 81 9 67 68 31 35 47 59 48 1 24 77 17 74 
39 : 77 91 19 99 82 44 60 65 29 92 78 48 42 59 37 39 32 53 83 51 36 57 52 62 40 5 81 16 20 26 18 25 79 45 
40 : 34 48 83 24 52 9 28 31 1 60 64 20 38 77 57 70 98 49 19 80 
41 : 70 32 6 29 9 62 89 79 73 46 82 
42 : 63 32 1 67 85 58 21 27 26 62 37 65 86 50 51 69 54 92 82 10 53 94 77 22 8 74 47 25 46 40 43 45 0 28 95 87 38 75 80 93 
43 : 71 23 97 0 49 13 70 87 6 61 95 36 4 27 18 41 50 73 80 82 15 42 9 17 86 93 20 90 67 12 84 75 35 77 11 19 40 
44 : 82 9 64 55 83 68 74 98 7 48 33 75 26 76 11 63 21 37 36 27 31 87 15 32 0 65 17 30 81 23 3 47 20 73 86 40 96 46 85 67 38 52 99 5 
45 : 99 92 82 87 14 68 81 45 97 3 10 26 27 41 65 35 59 89 47 37 71 29 31 78 58 77 52 55 38 42 44 40 98 13 54 1 5 30 79 80 33 86 96 18 73 23 70 60 21 95 74 8 90 4 76 16 66 91 25 9 56 24 17 11 61 34 88 75 48 72 20 39 
46 : 28 77 22 31 91 7 62 19 49 15 33 56 70 0 69 
47 : 19 74 57 83 72 0 99 56 44 48 86 39 91 35 96 87 37 2 38 80 1 32 33 15 94 89 73 18 85 66 23 25 21 55 54 78 77 20 90 36 47 69 95 52 9 7 61 51 4 59 93 27 30 76 68 24 31 46 42 8 12 81 64 14 50 
48 : 95 44 59 62 48 26 25 60 21 51 45 4 85 76 12 96 61 83 30 64 98 34 36 11 86 84 75 29 
49 : 41 76 0 85 51 83 49 13 25 40 9 16 26 78 44 28 54 58 63 66 89 2 48 39 97 8 92 65 33 86 36 43 46 81 84 30 60 23 
50 : 99 10 7 41 47 72 88 2 45 52 81 86 11 22 95 62 16 65 71 80 57 23 25 5 29 91 70 69 96 43 15 60 42 31 20 53 54 
51 : 20 38 41 87 21 57 0 78 66 79 
52 : 39 42 27 9 19 38 30 89 59 57 35 40 32 1 20 91 47 50 88 97 22 44 10 49 48 65 17 3 11 84 72 54 62 18 26 0 28 87 53 80 85 37 81 24 99 8 83 12 82 4 60 33 41 58 77 63 92 74 55 2 76 
53 : 93 87 62 59 22 66 20 16 79 58 97 75 25 28 47 8 23 21 29 96 84 38 51 92 30 15 1 89 12 41 77 95 7 48 72 61 94 18 99 5 88 90 83 36 55 26 67 11 82 43 70 3 9 13 50 
54 : 44 90 4 6 31 48 60 61 86 89 45 81 42 85 3 22 25 46 9 99 15 27 19 78 59 2 
55 : 86 38 78 91 7 61 10 22 11 60 19 52 2 34 26 6 25 82 68 94 36 49 56 1 23 69 85 53 15 48 21 55 20 13 14 18 8 59 81 28 17 24 45 72 12 99 51 47 30 64 90 44 57 76 9 5 95 71 84 0 
56 : 15 0 69 36 39 50 88 21 44 68 38 2 12 84 79 45 11 96 74 90 49 64 27 42 37 83 13 47 86 14 22 9 10 56 93 63 99 60 19 46 54 57 81 61 95 80 73 43 
57 : 69 58 55 56 9 46 49 94 
58 : 5 71 89 14 39 21 91 27 23 72 35 24 33 52 98 66 80 73 25 10 18 30 32 99 93 79 31 29 69 75 78 8 64 7 3 47 42 
59 : 75 35 19 69 80 63 31 44 
60 : 38 48 23 86 9 41 60 92 57 69 91 81 30 26 93 63 53 98 54 11 75 56 55 39 
