0 : 96 75 68 15 73 32 37 57 24 52 71 47 30 64 84 42 4 49 77 76 74 1 78 14 60 
1 : 59 86 93 39 56 43 13 57 4 26 32 1 45 36 85 35 7 91 21 5 73 8 67 64 25 49 60 46 63 95 84 2 94 77 44 31 34 97 52 29 
2 : 72 36 19 80 
3 : 25 84 37 5 83 49 97 31 77 64 80 32 98 86 79 92 19 82 
4 : 79 83 27 1 66 47 76 62 9 48 36 78 95 65 59 2 67 91 11 96 30 24 58 69 60 20 74 41 13 88 16 52 44 80 38 42 57 22 21 5 50 19 49 8 32 
5 : 49 6 37 50 95 66 43 30 77 51 
6 : 78 0 3 76 15 73 38 13 35 26 77 93 79 69 61 20 70 53 34 74 54 19 66 11 49 89 42 60 9 94 4 10 21 6 67 30 80 72 16 90 23 44 65 25 28 87 45 37 14 39 24 64 33 
7 : 48 31 10 17 64 93 61 
8 : 42 31 5 65 56 57 78 20 91 9 99 34 2 45 73 61 3 28 96 71 36 81 52 79 11 54 24 68 
9 : 22 45 16 41 36 20 1 8 77 93 54 21 33 31 42 70 90 3 76 79 46 5 91 88 58 92 9 51 83 4 85 78 68 95 67 66 39 48 17 
10 : 45 34 37 18 32 0 43 38 56 36 49 69 26 7 24 76 46 73 54 47 93 41 9 67 1 20 96 91 21 57 11 59 89 68 22 75 92 62 51 63 13 14 53 70 65 95 19 72 35 33 27 98 25 29 74 94 84 81 30 60 4 58 12 
11 : 46 97 98 85 69 36 81 60 3 37 58 78 20 86 91 51 43 93 7 4 89 68 
12 : 77 23 35 45 9 82 6 17 39 57 73 50 47 18 87 44 99 86 48 25 61 74 43 72 5 64 97 34 28 65 70 21 94 36 32 96 4 49 79 54 93 14 68 40 46 81 7 3 29 11 80 91 22 31 8 69 33 27 38 85 95 1 71 60 
13 : 55 57 50 30 95 53 0 46 37 24 74 3 96 44 34 73 67 40 17 5 97 47 56 69 33 93 58 59 83 
14 : 31 37 68 3 93 52 36 78 33 86 50 75 42 41 0 64 88 18 
15 : 47 97 79 76 53 26 66 61 62 1 46 23 54 82 37 39 58 60 10 7 93 50 85 43 96 68 91 22 92 8 40 42 
16 : 80 32 61 75 70 87 1 9 17 3 31 98 14 30 62 48 15 54 81 73 90 65 47 63 25 74 11 68 18 56 20 42 12 92 8 23 36 39 34 59 2 13 50 96 64 67 7 86 5 35 82 55 53 45 10 83 49 95 28 37 66 91 58 79 97 4 27 89 40 72 93 71 33 85 
17 : 83 46 71 13 0 69 80 21 20 56 64 96 42 89 11 37 87 15 36 76 60 86 91 
18 : 86 38 75 35 15 65 10 19 63 
19 : 22 46 41 18 91 17 19 94 52 78 83 82 55 81 97 56 89 80 45 2 63 60 14 26 1 66 59 72 3 8 77 40 32 84 93 43 47 65 54 27 74 73 50 0 
20 : 32 17 34 72 3 90 30 54 61 76 73 7 5 33 27 2 55 8 99 47 37 67 88 86 16 11 20 58 36 49 82 22 66 91 68 46 87 45 43 38 31 98 41 51 14 48 57 13 85 74 65 44 29 35 50 80 25 71 92 26 83 84 24 15 79 23 28 4 95 75 18 39 42 19 
21 : 2 14 54 94 9 15 7 36 5 73 6 17 97 35 45 88 70 12 78 4 32 21 91 86 23 42 1 79 96 41 98 40 49 50 53 76 61 59 63 71 8 34 57 10 80 89 39 64 68 31 48 13 69 
22 : 0 64 75 66 26 22 47 
23 : 5 74 29 55 97 93 13 31 82 43 91 47 73 23 70 94 40 35 60 39 99 77 34 18 1 0 38 44 65 51 11 21 26 36 86 96 32 19 42 89 81 9 72 41 12 7 50 15 48 17 58 63 98 
24 : 65 71 53 56 97 19 
25 : 48 97 88 84 74 38 93 11 43 1 81 55 87 36 29 58 77 89 10 41 46 5 96 37 62 25 79 90 4 92 32 35 66 45 80 72 94 34 63 73 
26 : 50 88 45 83 54 73 36 27 48 78 63 33 51 34 44 22 62 24 41 58 86 21 72 84 65 90 13 76 23 0 49 26 57 4 43 35 53 40 80 60 87 38 25 8 1 75 98 55 12 37 67 15 52 74 81 96 10 99 30 68 82 47 42 46 
27 : 66 51 19 21 86 18 62 52 78 63 54 5 70 89 88 41 47 60 37 40 73 79 45 80 36 12 14 94 76 46 82 58 55 20 
28 : 98 58 37 53 86 
29 : 87 94 49 70 4 40 7 59 97 69 98 39 62 58 22 23 29 77 81 73 95 8 37 47 33 42 9 12 34 89 27 65 99 17 32 44 31 19 18 82 38 88 46 75 91 
30 : 16 
31 : 38 57 87 1 
32 : 92 45 58 96 53 93 99 50 30 18 36 38 13 42 62 86 75 94 55 7 95 2 60 49 73 80 98 47 31 52 54 3 78 41 4 32 90 14 66 71 59 46 25 27 26 
33 : 90 84 48 51 10 76 21 85 5 45 50 69 44 56 11 99 36 12 40 19 74 86 34 30 26 23 89 70 61 97 72 31 39 94 83 42 8 64 28 79 0 75 4 16 
34 : 13 62 71 59 0 22 81 25 23 65 21 79 33 26 93 45 92 83 28 80 85 30 75 4 39 9 97 43 70 58 
35 : 16 27 90 61 6 62 81 57 4 47 92 88 58 35 8 29 71 85 63 99 98 45 23 33 87 53 89 73 67 94 17 20 39 30 78 38 24 66 10 52 13 51 18 50 55 91 22 40 64 19 12 44 68 76 21 28 25 46 83 56 42 59 5 65 75 84 41 48 96 49 69 14 60 79 
36 : 72 77 16 8 11 98 37 47 7 4 48 91 71 22 1 94 67 31 45 75 26 79 90 63 18 20 52 13 33 49 42 41 2 74 65 57 28 60 83 81 46 87 19 
37 : 82 52 79 64 0 7 80 51 18 44 98 69 71 36 17 15 84 83 85 30 9 93 62 11 5 76 39 73 72 33 87 49 25 66 59 86 
38 : 93 1 46 60 86 94 91 61 29 22 55 84 41 92 8 13 56 0 34 49 39 23 45 90 88 52 66 17 57 76 32 50 70 25 33 58 10 24 83 35 82 14 68 37 73 47 
39 : 87 96 64 59 72 80 88 34 17 65 46 55 99 
40 : 89 35 30 57 7 84 
41 : 77 42 92 54 41 73 78 68 35 32 86 16 63 24 95 0 11 47 10 75 48 80 93 39 34 85 40 50 88 58 3 13 
42 : 74 15 59 25 10 3 21 83 94 18 1 60 88 22 28 90 27 82 43 61 32 16 
43 : 34 18 76 66 21 85 51 35 15 12 29 47 61 7 68 87 30 89 32 54 3 27 53 99 52 45 0 2 69 59 13 24 65 22 71 93 43 5 57 79 16 42 37 86 55 84 25 88 1 78 73 8 39 90 4 50 83 49 98 70 
44 : 68 88 63 7 89 94 55 66 51 6 31 97 48 38 82 71 2 12 64 80 0 43 4 24 50 20 59 90 86 34 26 11 81 14 42 19 41 85 67 35 92 40 70 10 75 27 28 33 79 73 61 49 77 87 5 16 18 47 
45 : 73 34 33 71 68 45 40 89 99 87 29 1 80 56 27 78 70 23 26 63 53 97 41 83 9 57 74 65 84 30 12 93 32 31 7 35 76 16 49 24 81 5 4 54 11 55 38 50 61 28 62 90 64 79 14 67 47 
46 : 
47 : 30 51 29 95 66 91 78 89 96 34 21 93 13 44 56 3 46 61 98 81 11 2 62 49 48 82 72 87 26 63 23 68 14 45 65 59 41 12 57 47 36 85 75 16 20 19 76 22 8 83 52 
48 : 98 95 3 31 6 85 69 43 37 4 60 10 23 93 13 71 54 96 84 61 18 39 74 28 40 86 66 9 97 32 67 51 58 11 24 16 20 15 45 48 90 79 76 68 59 49 7 
49 : 26 23 25 35 75 62 74 7 50 45 27 39 43 53 12 55 
50 : 68 49 44 84 47 57 34 60 26 69 50 42 53 70 39 66 7 82 28 85 9 30 31 14 4 59 16 55 93 25 32 13 71 80 
51 : 58 49 18 39 8 14 23 48 87 10 28 1 13 19 55 41 75 12 84 35 83 
52 : 26 58 41 95 25 20 90 64 33 3 37 71 59 68 19 99 9 30 62 14 7 88 1 4 79 67 36 21 44 54 70 98 12 91 18 51 66 28 31 48 81 45 
53 : 11 97 45 21 19 42 59 96 83 15 95 31 80 
54 : 62 51 93 82 36 30 11 19 5 21 39 43 15 90 67 73 32 91 77 37 86 26 97 60 75 27 14 69 96 70 54 9 38 52 
55 : 87 19 54 39 3 45 52 71 72 98 13 
56 : 9 19 75 5 72 12 11 54 41 71 83 33 73 69 49 55 3 32 24 56 6 80 70 15 98 13 50 91 22 89 44 66 65 21 87 37 46 74 61 90 97 68 10 52 34 25 95 47 82 30 67 
57 : 91 56 15 68 58 3 55 74 45 7 22 86 65 59 33 20 93 98 99 36 25 49 23 44 14 96 
58 : 78 65 72 92 
59 : 0 40 87 90 45 11 
60 : 50 71 78 42 12 38 93 94 70 67 77 31 37 65 17 60 28 66 45 35 40 27 5 0 84 86 13 9 72 14 34 6 88 61 24 90 96 15 75 11 23 81 74 49 32 63 10 44 26 55 76 83 46 99 58 36 16 69 68 29 87 2 85 25 52 19 3 20 8 62 89 54 95 
61 : 97 7 89 19 54 77 79 81 15 65 24 63 67 20 50 51 80 75 10 91 
62 : 44 52 40 41 67 17 34 62 28 57 35 22 95 93 3 29 26 30 59 4 53 79 83 74 32 54 43 72 47 50 21 70 97 19 63 39 36 77 56 12 38 11 
63 : 79 85 12 87 45 37 63 3 27 95 49 69 74 15 19 48 16 
64 : 61 22 82 3 
