0 : 61 98 37 94 39 60 59 87 
1 : 81 58 66 31 79 12 82 35 13 53 93 95 97 55 72 14 76 62 36 50 37 38 70 11 89 43 74 9 30 7 92 25 
2 : 81 60 65 97 37 16 98 
3 : 42 15 93 67 74 1 65 56 43 36 7 91 46 81 55 35 14 37 83 82 94 99 66 22 63 69 48 47 12 20 45 84 
4 : 95 20 65 18 73 60 14 68 53 56 45 54 4 6 32 80 90 87 37 17 16 26 40 47 9 25 85 93 19 61 75 28 72 31 35 34 21 82 12 59 41 11 81 89 49 5 62 99 50 48 0 29 43 
5 : 29 87 16 80 2 32 79 49 35 67 8 38 51 56 41 84 15 
6 : 73 35 9 66 96 28 88 11 1 62 70 20 5 55 30 76 91 63 13 95 51 54 33 68 25 52 57 2 44 90 61 85 4 72 67 50 7 83 87 81 34 99 60 98 84 59 27 12 41 22 65 24 
7 : 49 69 84 10 43 
8 : 32 81 27 73 38 20 77 89 8 91 94 70 65 80 67 42 63 78 58 19 79 4 85 86 93 43 66 48 71 29 40 44 12 26 30 50 2 56 75 88 37 55 25 3 17 51 49 39 33 62 23 59 14 24 0 97 54 36 96 87 21 
9 : 68 21 55 11 61 86 97 27 53 29 81 39 9 67 71 76 70 24 50 6 98 43 51 34 18 74 
10 : 16 23 83 95 96 20 81 18 36 68 39 13 12 62 74 91 66 27 5 78 60 40 54 32 14 61 29 85 
11 : 84 7 32 95 42 14 90 24 79 81 61 53 4 25 26 72 6 20 27 63 62 69 89 40 11 56 92 17 64 51 91 34 29 9 83 35 36 96 60 13 48 23 31 41 80 70 47 88 97 67 98 68 54 93 1 0 38 57 87 66 76 65 10 37 21 71 28 2 73 8 78 19 85 
12 : 
13 : 6 85 43 84 19 96 77 45 47 26 59 17 62 55 25 1 10 44 81 56 51 79 90 49 36 66 97 65 75 20 88 30 24 8 91 33 0 2 76 
14 : 5 72 28 41 82 84 32 30 
15 : 94 86 69 92 93 37 30 16 32 88 77 81 83 67 31 34 61 35 91 42 27 38 57 50 20 4 60 55 6 11 66 65 36 58 84 62 75 96 59 54 68 12 47 26 14 95 80 87 19 
16 : 4 41 56 94 3 25 99 53 70 87 98 36 5 14 55 73 78 69 77 7 17 28 64 52 39 19 46 67 12 82 79 57 11 16 95 71 96 91 40 38 60 80 48 43 97 10 51 61 65 49 76 30 0 15 
17 : 9 42 48 28 60 84 73 89 63 79 12 18 96 22 36 33 70 38 55 91 95 43 62 53 59 71 27 30 51 54 94 82 92 6 15 78 50 44 34 46 29 75 16 49 11 1 66 56 45 37 2 77 72 47 41 14 3 80 52 99 83 88 25 26 5 24 76 74 58 87 81 
18 : 58 55 64 44 46 35 78 77 94 27 82 83 29 19 67 63 1 99 57 52 28 9 89 24 85 17 88 5 92 
19 : 6 89 28 2 96 13 94 34 22 48 23 47 71 59 37 36 19 73 20 74 68 65 
20 : 62 25 18 76 4 30 50 34 19 80 55 96 86 10 98 92 77 22 69 84 64 79 41 44 39 87 83 0 89 43 37 97 28 7 82 35 74 32 53 1 90 52 63 42 65 27 16 8 70 12 95 33 58 94 57 9 15 61 17 73 85 
21 : 54 0 34 8 27 39 53 69 48 95 22 96 80 31 6 36 81 3 17 19 64 68 35 70 60 84 63 89 7 21 2 45 51 72 20 79 82 73 94 59 71 38 88 97 50 62 37 28 18 15 85 76 30 5 52 
22 : 8 27 30 15 2 62 0 1 74 45 32 93 72 49 85 59 89 22 38 79 87 3 76 80 37 29 47 54 81 10 88 19 91 94 61 67 17 44 75 66 43 50 31 33 70 40 92 53 64 41 73 7 12 60 58 51 11 42 26 
23 : 63 16 40 86 80 
24 : 42 57 26 87 29 32 12 46 48 14 33 55 58 5 19 44 96 59 54 94 28 34 86 37 88 45 60 16 49 35 81 22 67 24 6 77 11 72 10 71 27 84 92 93 63 53 98 36 56 3 90 76 95 50 9 51 18 91 25 41 64 73 4 89 17 47 68 65 82 38 1 
25 : 25 35 6 41 34 83 18 
26 : 55 15 10 6 68 72 60 90 76 97 
27 : 76 18 43 50 1 24 27 46 44 11 41 37 34 13 86 40 94 80 52 75 8 77 32 70 58 99 12 74 25 48 19 14 60 66 15 54 47 5 73 65 6 88 69 35 67 84 7 68 17 53 22 29 83 36 9 89 21 10 28 42 45 85 90 61 
28 : 52 67 27 60 12 22 73 40 94 68 85 1 13 89 86 21 5 70 77 42 61 87 65 80 69 64 58 48 91 15 31 75 98 81 24 6 0 20 41 38 
29 : 57 93 4 15 56 30 79 58 33 51 12 23 3 21 97 84 60 89 29 67 54 95 49 42 71 9 13 76 34 40 73 55 52 38 64 78 45 39 18 50 80 69 37 25 31 6 35 98 99 2 88 62 11 75 0 19 81 32 27 94 8 20 26 14 61 74 65 
30 : 43 85 37 59 67 95 16 2 49 54 64 74 72 
31 : 28 32 43 87 19 23 59 38 63 91 83 84 44 86 99 10 46 25 11 89 37 57 22 79 0 9 73 75 34 36 55 16 
32 : 86 69 83 51 1 94 34 31 96 91 81 26 56 42 16 4 59 41 48 45 52 18 7 77 21 64 38 
33 : 17 41 79 66 71 78 40 95 93 15 48 77 59 21 90 44 5 98 23 26 27 57 82 75 28 39 52 99 50 88 76 
34 : 38 74 91 44 0 
35 : 67 59 30 60 68 41 78 17 12 25 26 6 2 8 49 3 7 53 51 36 54 46 99 55 92 72 82 56 
36 : 40 92 71 2 94 30 76 43 64 27 62 72 
37 : 70 55 43 7 94 51 32 26 10 60 1 29 92 
38 : 5 51 50 46 73 66 32 39 28 75 83 11 15 29 48 13 53 85 80 65 24 99 54 70 10 79 74 2 71 55 35 43 21 68 40 
39 : 16 29 5 25 97 12 63 40 98 77 88 96 70 
40 : 68 4 42 30 92 64 16 32 36 58 67 84 65 93 46 59 17 60 15 73 19 8 
41 : 27 51 57 12 43 15 11 67 71 84 33 70 87 10 64 88 23 98 8 55 92 36 29 66 52 37 30 89 20 50 24 4 14 83 75 26 
42 : 42 18 36 38 85 12 92 47 67 76 74 83 37 84 49 81 52 7 15 60 99 17 78 13 35 97 51 
43 : 17 58 5 41 
44 : 88 82 34 58 92 25 21 51 98 95 36 38 68 22 78 31 
45 : 56 12 19 26 79 94 42 72 86 46 51 9 64 4 70 49 18 35 37 98 95 53 38 96 66 58 80 3 39 36 91 55 54 44 24 77 2 8 90 83 93 59 76 78 41 57 75 22 1 
46 : 99 16 22 78 24 8 68 81 77 42 18 54 11 40 65 4 69 57 1 82 23 76 0 37 49 91 17 88 51 80 13 95 96 9 60 89 93 38 35 25 84 7 87 63 34 56 12 79 46 36 90 47 74 19 92 55 2 73 44 94 43 20 29 
47 : 7 81 60 80 9 79 22 0 56 12 3 54 43 85 91 64 45 38 58 97 31 16 28 11 36 72 8 96 57 13 2 25 5 92 24 19 33 65 39 70 49 37 99 4 1 23 63 15 61 89 93 29 17 42 75 68 86 44 55 67 48 32 76 73 40 26 10 78 18 41 59 82 
48 : 47 24 2 86 97 29 89 34 11 87 55 60 7 8 82 22 10 70 65 14 16 13 17 23 30 31 12 18 58 46 40 50 63 74 21 4 59 85 48 27 93 44 94 88 61 53 45 15 20 41 66 38 0 37 52 96 81 
49 : 30 18 58 93 36 8 17 45 89 48 80 59 20 90 96 25 47 95 4 43 77 92 44 34 60 88 97 22 78 1 38 15 81 46 7 86 70 23 98 82 53 56 71 9 85 99 64 28 57 84 29 52 50 21 66 94 3 13 41 67 54 31 6 27 68 72 
50 : 17 41 5 75 78 54 55 
51 : 14 27 85 71 52 96 67 45 58 40 11 
52 : 29 8 31 87 77 98 23 91 16 67 41 92 4 44 79 50 54 62 63 2 3 12 24 30 90 28 38 81 84 49 15 48 22 74 7 78 52 86 68 14 59 43 11 51 33 21 73 69 13 1 72 17 
53 : 60 12 26 69 17 66 18 90 73 27 5 41 63 56 80 33 83 92 75 44 30 93 9 89 42 86 70 52 6 54 48 77 68 1 58 55 88 74 99 32 13 67 95 28 59 0 50 43 78 36 79 64 25 96 37 35 97 87 
54 : 6 51 92 40 11 48 77 49 60 74 3 35 56 12 98 42 63 47 8 78 59 1 
55 : 0 46 35 13 10 51 60 89 7 71 14 62 8 75 11 34 22 15 70 47 87 58 63 5 61 95 50 59 40 4 16 81 52 86 69 66 23 84 96 91 99 83 54 3 53 30 19 55 94 17 1 42 74 80 64 97 72 9 31 6 26 98 65 
56 : 84 29 69 26 54 20 12 57 48 56 14 38 59 80 3 61 9 18 24 96 72 91 89 43 68 6 8 47 87 50 70 11 63 44 97 66 17 33 99 67 58 
57 : 33 63 13 44 77 27 40 76 65 43 29 54 4 83 25 47 57 70 75 23 96 18 3 34 36 93 87 68 73 60 78 67 52 0 1 
58 : 32 62 92 89 14 15 20 38 83 74 12 16 33 8 51 99 9 96 46 98 53 54 49 81 3 86 34 57 56 84 58 97 61 27 25 11 26 95 42 70 59 40 23 80 36 60 75 24 94 90 7 55 5 73 87 18 1 78 67 21 76 64 30 71 52 
59 : 97 90 37 87 43 32 31 52 6 44 55 7 68 78 11 41 85 25 83 1 88 34 50 36 28 99 54 65 84 12 21 49 86 17 81 62 29 14 19 59 95 40 67 26 23 72 38 89 35 15 45 60 71 91 
60 : 26 74 40 2 76 52 38 89 42 97 
61 : 91 62 12 67 39 45 48 60 58 14 21 34 65 66 0 63 94 70 47 22 81 53 55 26 32 37 16 83 20 88 73 44 93 25 54 84 15 43 79 13 98 76 68 42 46 2 92 41 82 9 49 86 59 8 27 11 29 6 80 69 75 5 18 17 3 33 56 96 30 31 
62 : 9 15 7 11 63 95 56 38 93 81 66 47 77 16 43 2 6 91 54 53 94 19 88 32 17 34 74 61 42 65 21 67 87 68 24 
63 : 74 36 84 3 57 2 90 82 55 22 15 52 67 65 71 97 89 30 68 37 35 23 1 86 29 32 63 44 91 28 73 87 17 4 21 8 94 60 0 98 5 25 24 41 42 69 75 
64 : 67 22 18 36 51 80 69 10 96 83 58 37 17 73 45 98 85 99 59 92 62 66 33 15 11 43 
65 : 5 70 17 12 76 47 53 40 46 82 14 66 3 90 30 61 81 54 83 80 36 72 18 58 52 55 89 84 19 69 63 24 35 29 34 26 59 51 91 9 4 62 68 7 57 65 31 93 75 73 0 11 94 20 2 87 56 37 60 44 21 99 98 64 43 39 6 79 
