0 : 89 80 99 60 10 77 12 32 7 81 55 74 33 1 30 98 27 71 24 51 26 53 90 87 92 68 93 34 23 37 85 44 6 29 13 46 76 83 
1 : 82 47 6 27 30 13 50 64 59 8 40 22 53 97 
2 : 8 85 26 53 59 23 10 45 29 81 94 98 25 95 55 52 39 73 36 24 48 54 72 51 83 9 17 11 0 30 97 62 31 44 5 21 12 20 63 65 32 16 42 18 3 99 84 87 80 89 69 22 37 43 61 88 68 28 64 75 71 14 27 47 7 91 96 13 57 15 76 70 
3 : 53 
4 : 76 34 47 82 59 42 75 57 0 33 84 93 14 52 79 18 99 17 81 90 5 56 31 54 7 28 25 67 13 30 80 3 71 8 38 46 
5 : 30 76 24 14 4 3 44 58 63 62 95 38 86 49 59 28 77 34 9 89 85 1 18 60 55 75 35 17 93 40 45 27 41 25 96 39 43 0 98 84 11 
6 : 18 23 9 68 39 33 65 11 81 5 37 76 44 56 90 52 53 35 72 70 48 57 29 49 93 40 58 71 91 30 63 82 97 92 3 41 17 46 96 13 61 64 22 69 7 12 36 6 31 47 20 34 85 8 86 27 80 87 77 19 79 25 73 89 84 94 38 26 14 16 
7 : 30 59 72 29 70 5 74 15 48 46 37 85 63 68 24 32 42 79 71 36 47 13 7 40 99 52 58 61 49 22 86 75 87 57 12 53 91 28 33 34 78 43 98 93 45 89 38 88 17 11 81 82 20 1 83 95 50 3 44 8 16 4 65 64 10 
8 : 41 26 58 43 23 31 25 68 89 91 53 32 54 76 73 38 77 33 79 70 21 
9 : 54 2 79 0 24 96 57 3 1 83 88 64 52 16 67 53 17 7 23 65 34 28 80 84 12 27 94 51 85 36 10 99 62 33 21 78 26 92 41 59 
10 : 74 3 57 84 34 17 16 37 11 53 97 47 78 
11 : 
12 : 37 50 39 57 74 53 67 97 38 16 14 92 59 20 7 88 66 51 55 79 36 62 31 11 86 17 4 12 46 5 83 52 71 94 84 0 47 24 78 34 48 98 29 35 80 1 60 44 3 82 26 90 87 8 25 95 49 63 23 68 40 81 61 58 15 33 91 
13 : 31 57 9 8 16 4 52 99 46 63 73 26 27 5 0 80 93 97 94 22 88 3 61 44 48 60 89 37 18 17 82 40 45 68 15 29 49 39 2 14 85 55 64 86 7 84 20 83 1 
14 : 61 48 71 3 65 68 83 55 19 34 49 90 
15 : 84 1 56 29 13 7 83 88 26 3 54 57 55 36 52 72 78 9 90 95 16 96 34 46 4 
16 : 32 65 49 93 14 70 24 29 30 8 78 88 7 82 48 19 9 91 84 33 92 0 76 10 23 36 18 62 96 85 44 28 58 39 74 51 31 68 26 75 6 1 69 38 60 57 61 41 20 80 67 25 45 55 71 
17 : 92 15 35 27 93 10 70 37 33 62 67 61 12 48 97 28 36 69 52 30 94 85 6 20 23 4 89 1 16 76 77 11 9 88 95 50 55 47 58 57 2 29 46 51 31 18 13 41 64 84 14 91 
18 : 35 57 80 16 70 24 17 3 25 26 33 75 1 14 9 65 89 18 81 19 84 27 67 8 58 92 55 94 73 79 77 60 93 41 96 87 64 53 38 10 31 5 20 99 88 83 97 43 21 48 32 61 2 0 
19 : 6 80 20 61 29 45 37 70 75 92 38 68 51 28 60 87 90 18 96 15 58 36 56 49 31 59 71 10 93 9 88 97 53 73 62 
20 : 65 71 15 88 27 20 82 50 24 56 36 80 68 99 48 11 52 66 45 91 0 54 67 92 29 60 79 49 76 93 84 1 94 44 34 83 32 
21 : 83 14 46 23 92 98 88 74 21 13 62 71 24 99 45 11 59 10 63 28 75 66 76 51 65 52 55 33 68 1 15 36 80 91 29 0 25 77 49 85 47 44 3 19 
22 : 93 26 69 61 43 14 88 63 32 40 31 83 49 92 8 22 75 4 73 38 87 33 11 56 67 20 10 98 60 52 13 91 81 29 53 7 9 37 57 89 95 42 97 74 65 15 77 1 23 
23 : 59 50 81 6 1 43 58 3 51 45 9 42 13 12 57 72 60 30 23 95 66 26 24 14 77 91 69 79 27 82 47 84 46 55 5 85 71 34 36 8 92 41 10 61 89 11 98 40 38 21 28 44 15 20 68 86 53 35 64 62 2 18 39 67 96 83 88 
24 : 80 38 81 8 12 49 78 40 50 89 85 3 30 11 37 16 32 69 97 44 2 70 17 34 41 42 1 9 22 46 60 65 39 21 59 82 87 63 52 6 14 98 
25 : 33 54 43 66 62 64 77 78 70 3 59 80 5 6 19 73 20 50 41 57 32 88 11 98 44 26 28 68 36 81 95 21 60 47 48 49 93 40 0 37 65 86 4 13 45 15 18 96 46 12 38 23 22 7 24 90 17 25 2 16 35 61 67 
26 : 79 64 57 50 83 95 32 82 42 92 74 17 73 47 70 20 54 27 76 38 45 61 48 43 51 94 25 58 81 89 72 78 31 80 69 14 55 66 12 56 93 10 71 85 39 21 36 96 97 6 19 
27 : 36 37 59 16 8 88 42 80 25 64 47 39 65 95 19 94 28 3 50 81 92 5 10 48 6 90 23 57 32 91 7 14 
28 : 74 53 81 76 2 43 49 34 35 60 15 19 44 77 33 99 92 89 39 75 22 47 66 86 42 27 51 9 24 25 8 13 61 68 52 31 28 0 56 97 98 
29 : 28 69 1 19 48 90 40 89 67 12 57 42 82 91 36 85 73 29 77 20 76 61 38 88 18 41 65 45 52 5 
30 : 31 96 38 15 10 22 20 70 3 72 92 58 49 4 37 2 47 5 59 55 
31 : 51 29 93 52 74 87 45 16 40 48 27 58 5 14 91 42 73 94 
32 : 29 
33 : 75 36 18 52 48 54 53 20 11 1 41 95 80 90 87 83 35 71 65 56 37 23 21 6 70 24 7 14 96 79 91 28 13 43 27 39 55 4 82 63 34 60 86 12 69 58 84 92 33 98 51 42 22 32 
34 : 57 3 9 90 59 60 96 85 54 1 0 42 71 97 25 72 28 24 98 17 40 32 62 4 11 44 41 77 48 21 
35 : 50 69 72 82 92 94 
36 : 66 50 23 68 53 54 67 21 82 14 93 95 64 51 29 4 37 70 19 26 1 
37 : 98 29 64 83 96 53 71 43 35 5 17 54 37 36 63 81 39 74 38 27 20 47 79 48 94 97 26 49 59 52 0 87 4 91 51 89 99 80 65 78 76 60 70 11 34 56 
38 : 75 52 21 99 45 4 40 56 82 14 27 25 88 29 65 97 84 20 18 19 83 89 46 44 8 96 54 7 17 85 71 80 78 61 35 1 59 48 24 57 66 42 11 72 95 91 10 63 43 87 31 50 
39 : 34 31 27 30 87 93 5 69 59 55 52 58 98 75 53 61 41 8 
40 : 33 66 35 53 1 22 89 60 51 54 29 84 31 86 5 77 57 67 25 23 36 76 87 75 49 7 34 21 61 4 69 20 
41 : 50 82 0 4 56 81 77 70 9 68 58 31 78 57 95 32 19 26 1 13 36 74 43 93 53 55 72 80 30 88 2 60 16 14 21 59 8 65 63 44 24 40 76 96 83 48 45 34 15 29 
42 : 1 69 22 10 
43 : 55 22 5 2 8 94 57 71 50 0 6 28 18 26 72 61 21 68 97 51 37 79 11 46 87 41 69 7 38 53 95 78 96 47 12 29 56 17 3 98 83 43 45 49 60 89 75 32 80 36 14 86 74 4 62 84 59 77 90 99 33 70 73 58 25 30 19 35 24 
44 : 92 29 58 67 44 48 72 76 41 66 98 40 35 54 39 69 74 14 2 91 79 63 84 46 51 36 24 99 10 3 75 50 43 26 
45 : 50 30 46 28 2 67 32 53 92 25 72 95 43 88 63 57 51 61 55 81 27 24 18 33 77 10 69 93 34 83 78 9 54 23 90 12 98 66 5 31 85 7 91 60 14 21 94 41 35 87 44 1 73 86 47 48 59 3 79 89 36 42 62 22 6 76 8 39 75 19 
46 : 40 42 84 2 4 39 31 26 88 25 48 44 56 71 24 19 20 66 68 34 36 
47 : 98 57 43 64 62 31 
48 : 0 92 38 40 74 96 73 11 52 3 28 93 34 41 24 60 
49 : 94 92 82 73 75 93 29 72 24 28 14 54 
50 : 36 31 91 85 32 34 71 83 47 73 84 42 23 39 80 57 61 15 76 46 88 75 14 20 12 98 79 3 28 56 22 96 94 72 29 6 97 19 54 55 53 26 30 27 1 10 43 60 45 52 0 67 17 40 78 18 9 49 68 99 81 48 63 64 90 66 44 
51 : 58 22 73 29 57 93 53 78 61 70 79 56 14 76 27 65 48 95 72 51 0 40 75 33 4 19 13 35 46 28 77 42 38 32 41 
52 : 47 19 44 61 74 92 70 9 68 88 10 66 32 18 37 42 53 20 5 71 86 15 4 80 95 59 54 8 36 75 77 30 34 7 16 39 64 12 63 69 2 6 28 51 26 24 17 73 94 58 91 46 93 49 35 21 14 43 62 41 81 84 82 
53 : 14 46 66 63 3 17 4 64 48 80 9 71 26 81 43 99 21 97 18 74 6 86 5 61 20 95 59 30 75 52 69 82 57 53 
54 : 76 21 78 15 29 34 54 65 16 11 50 85 20 80 24 60 69 5 14 18 72 17 77 26 6 96 9 13 59 99 36 63 71 32 91 75 19 92 58 66 3 83 73 30 70 8 67 62 95 27 23 86 88 48 94 2 46 90 84 98 68 82 0 
55 : 51 64 2 60 7 52 20 
56 : 0 87 79 20 33 77 66 86 5 10 43 30 67 76 47 7 41 98 78 68 97 95 6 
57 : 23 33 59 68 61 5 82 36 8 76 66 69 89 12 1 7 58 92 11 55 0 67 28 65 80 64 72 62 42 29 35 22 93 31 71 43 97 94 51 99 18 41 2 52 6 3 87 54 56 84 44 16 9 70 85 34 73 26 40 74 25 79 27 49 88 32 
58 : 7 83 16 37 6 42 60 2 26 14 79 69 89 55 63 72 19 48 73 54 64 45 97 52 8 44 84 85 3 10 49 39 76 53 59 88 65 1 38 81 0 74 77 96 4 50 36 
59 : 76 38 65 35 26 92 15 68 17 78 37 27 85 49 20 7 6 88 82 30 90 57 45 58 75 54 46 
60 : 78 23 58 7 97 18 1 87 26 31 13 99 45 60 64 56 44 3 6 36 89 30 10 71 63 67 73 15 90 50 77 0 49 48 91 17 96 20 53 
61 : 16 5 77 86 35 32 85 75 76 
62 : 53 1 46 94 66 54 86 23 84 18 0 43 51 44 90 5 63 42 33 64 82 14 19 6 15 
63 : 97 40 71 84 12 88 4 15 20 33 90 29 
64 : 68 95 5 54 50 1 47 45 24 37 33 86 70 66 35 49 57 46 10 3 56 28 53 22 75 62 6 96 
65 : 
66 : 91 84 90 79 93 46 29 30 14 34 86 99 51 35 39 38 88 94 23 24 78 41 98 11 92 80 10 45 28 12 22 59 21 67 1 7 68 5 75 43 85 15 16 76 95 97 25 17 19 48 71 32 70 42 0 89 2 55 20 81 63 73 50 74 53 56 57 
67 : 15 90 46 5 62 75 28 83 69 47 65 92 18 93 37 58 82 20 0 12 51 23 70 19 60 8 94 78 52 26 74 36 66 79 2 29 97 98 61 31 14 40 17 30 13 45 49 80 6 42 71 9 41 38 55 86 84 81 32 11 76 34 87 99 44 
