0 : 233 46 43 109 211 177 189 194 150 135 88 171 167 186 64 162 92 74 208 65 66 219 223 173 148 77 217 238 168 220 93 35 230 
1 : 236 53 48 128 126 188 88 38 25 121 197 142 229 177 113 247 41 62 46 192 211 138 210 208 214 242 34 60 184 154 149 36 132 32 99 195 145 218 77 140 137 28 114 217 49 234 56 193 191 83 76 74 64 183 73 221 71 207 150 169 78 47 54 185 243 81 206 75 173 39 103 167 202 43 143 110 239 105 44 
2 : 162 244 210 174 113 163 151 29 73 177 36 200 246 166 130 32 33 91 231 168 27 242 161 106 134 219 215 202 52 140 131 107 79 199 185 223 110 176 81 116 211 232 171 98 115 119 186 55 135 96 150 49 205 57 243 66 121 152 39 193 40 218 241 117 35 213 183 103 147 80 38 63 126 154 180 189 208 92 108 207 237 191 72 136 62 248 105 54 
3 : 49 46 75 175 56 209 112 198 74 99 178 149 61 144 32 39 81 247 89 90 186 171 226 172 189 152 113 168 204 233 34 173 223 191 50 78 29 62 73 63 48 212 83 98 235 197 195 134 28 42 202 218 181 65 139 165 207 177 159 241 160 127 110 111 150 244 205 37 155 220 60 121 229 142 85 52 224 148 243 246 55 143 58 146 162 147 141 157 228 47 187 237 80 201 
4 : 42 227 209 99 59 120 173 235 26 79 163 41 141 71 56 171 30 94 54 125 243 110 64 190 27 196 219 72 138 208 217 169 130 109 128 122 212 28 104 231 97 170 52 245 206 55 152 229 193 133 82 137 131 32 157 214 123 168 180 186 81 220 246 149 199 155 63 145 50 140 37 181 134 40 66 249 234 46 73 194 116 101 174 248 192 143 
5 : 99 174 30 60 85 82 221 128 28 27 114 146 216 84 72 105 165 247 53 66 239 217 129 35 167 
6 : 143 208 175 107 158 149 114 130 224 38 91 60 243 233 83 124 242 215 198 211 94 37 54 213 140 112 41 138 57 63 76 195 165 136 144 116 66 78 100 135 121 55 146 128 225 204 190 71 239 46 184 229 43 245 172 44 111 98 203 187 231 218 200 246 40 69 171 205 230 
7 : 167 157 107 170 156 30 186 234 95 74 88 240 213 185 228 195 104 207 111 89 154 214 222 193 59 176 208 96 201 25 230 97 147 165 217 175 57 245 
8 : 203 46 227 161 195 229 130 143 133 28 218 177 149 138 31 182 101 219 215 55 196 70 248 123 29 40 97 63 116 108 249 51 157 187 192 198 41 135 74 65 45 60 211 244 38 57 35 154 48 113 61 170 162 68 109 76 186 85 142 224 131 152 237 230 114 126 90 145 169 199 173 204 197 236 139 159 43 220 216 129 225 146 78 164 183 235 79 119 243 26 120 
9 : 118 211 146 168 71 177 213 190 86 143 114 214 171 31 98 47 228 60 46 159 200 92 227 108 89 34 67 186 28 128 77 84 87 160 175 223 132 105 26 198 185 41 174 152 145 43 234 172 162 179 182 222 33 83 167 25 117 56 225 38 125 217 100 203 
10 : 71 228 96 227 30 143 99 120 102 109 207 37 198 91 218 113 147 128 123 83 240 42 86 153 28 162 158 244 27 26 90 108 183 103 31 50 130 127 135 40 36 57 75 138 110 117 32 226 55 46 100 149 52 208 190 219 239 185 200 142 49 51 160 247 94 204 126 
11 : 235 247 115 153 138 202 79 93 182 241 34 102 44 70 219 154 97 208 101 117 84 177 36 225 107 244 151 50 109 142 164 187 168 83 58 103 181 199 130 119 193 152 65 229 92 32 226 53 40 222 233 184 52 123 234 140 236 25 47 189 
12 : 30 215 190 216 159 37 151 72 122 230 226 187 74 43 57 203 145 127 50 239 201 117 67 155 26 204 244 89 236 101 213 56 163 221 71 66 36 135 139 162 174 185 107 87 90 55 172 182 47 134 189 97 192 197 143 148 49 109 150 38 48 223 228 167 210 180 69 
13 : 102 83 68 248 211 214 160 113 234 48 42 81 111 50 243 75 244 132 210 39 184 144 105 196 33 226 44 54 177 103 78 162 79 245 95 194 193 124 53 249 218 84 202 56 123 92 70 241 128 120 168 29 96 71 176 51 117 209 85 206 119 
14 : 184 206 52 33 25 49 79 32 249 124 223 89 54 212 155 125 156 133 69 109 220 126 230 166 181 214 242 182 105 183 123 67 108 247 215 44 88 154 95 170 188 99 59 
15 : 236 126 194 233 125 81 227 206 133 77 49 210 235 54 186 42 46 223 211 67 158 45 55 62 160 76 216 226 169 189 
16 : 214 241 42 151 73 47 212 169 71 178 234 215 138 135 25 229 76 131 34 33 51 99 177 44 118 245 56 88 235 144 69 231 158 37 191 155 63 221 91 108 119 78 80 126 183 94 68 81 184 60 46 89 103 236 174 244 125 115 242 142 28 116 96 176 129 209 55 147 70 59 237 98 57 130 90 35 50 110 36 201 153 216 29 188 101 79 66 120 48 93 95 233 160 58 54 32 
17 : 233 230 162 38 63 30 138 121 164 131 200 45 210 184 28 35 243 180 39 148 177 186 88 175 140 120 59 185 205 248 61 114 218 145 239 144 246 48 82 238 36 236 139 
18 : 134 48 57 152 32 133 125 88 178 205 83 71 46 158 236 172 227 202 191 165 28 31 241 238 80 79 153 77 192 60 44 141 145 171 49 230 114 182 37 225 92 59 144 140 224 218 119 208 187 
19 : 56 93 25 202 209 217 219 119 167 65 135 213 164 225 159 156 174 206 192 127 149 218 120 70 131 230 179 138 242 162 27 64 141 200 241 103 52 106 76 125 101 108 246 248 53 211 62 237 176 33 82 194 40 92 
20 : 25 184 79 92 139 105 166 121 75 211 159 64 60 150 209 224 228 230 40 52 110 132 117 54 202 183 88 227 
21 : 146 192 54 102 171 194 46 197 208 116 122 235 78 138 124 248 72 127 31 168 34 105 118 217 108 159 152 51 64 39 156 106 
22 : 68 166 59 197 177 181 144 112 120 170 103 143 64 238 92 180 79 82 240 129 185 115 171 60 124 48 169 168 140 186 54 66 131 214 196 117 184 239 245 135 39 188 218 183 230 142 30 102 153 195 104 227 113 159 202 132 122 99 77 34 98 29 87 90 128 233 126 226 236 50 228 80 42 164 210 44 52 57 242 74 157 198 148 221 219 
23 : 66 26 237 228 99 73 232 53 164 157 238 202 29 144 123 171 118 112 139 105 148 91 211 181 177 41 35 25 102 235 51 130 85 31 84 122 168 40 45 169 191 233 76 42 
24 : 35 239 232 195 135 153 82 136 227 161 126 219 33 46 120 123 70 48 186 215 154 234 172 59 83 185 216 80 247 233 158 100 244 56 77 38 205 175 168 69 152 66 50 145 236 210 181 203 61 101 149 224 140 241 65 116 73 159 189 106 200 157 31 248 64 178 143 112 187 235 213 30 180 125 88 132 98 42 36 107 182 228 238 173 62 75 47 155 63 53 174 43 96 163 91 
25 : 112 209 148 232 188 71 164 104 45 154 222 180 56 227 33 90 240 249 95 80 66 49 106 230 182 248 47 225 83 195 173 237 206 128 26 117 163 25 243 193 98 187 175 152 57 233 234 86 72 89 214 60 140 63 198 212 142 38 51 161 92 93 
26 : 200 216 176 72 93 127 229 225 220 40 129 26 45 165 64 133 175 130 141 104 151 232 224 219 75 157 62 118 60 103 131 39 226 246 123 85 187 69 234 71 177 52 210 29 236 193 230 228 163 247 87 122 66 43 147 170 212 180 96 36 231 117 31 88 241 86 183 240 149 162 84 95 173 68 218 160 44 94 182 108 184 56 191 238 53 83 142 55 203 33 227 98 156 
27 : 200 135 180 114 201 220 164 129 210 181 193 142 92 73 126 91 196 154 134 70 225 52 213 64 88 50 202 219 138 105 27 130 153 25 190 169 147 85 158 123 90 227 171 206 42 192 35 221 194 71 110 211 30 86 132 186 239 61 145 137 244 28 72 161 189 43 131 101 183 51 31 121 93 122 212 
28 : 228 128 238 175 147 134 237 62 190 58 40 226 198 118 73 246 176 242 53 39 180 170 221 197 68 27 141 108 173 163 186 208 137 41 183 149 161 153 26 94 248 59 37 57 225 98 166 
29 : 47 79 59 114 128 164 56 195 212 38 146 242 134 64 190 44 75 219 187 155 137 127 132 142 94 
30 : 218 56 136 134 208 178 105 249 57 129 240 124 216 94 204 168 82 128 232 158 241 220 90 48 206 242 103 119 118 40 27 157 45 
31 : 50 26 132 99 85 217 56 141 197 177 180 32 91 106 233 35 200 160 166 59 97 131 67 202 39 63 57 156 51 83 62 46 225 111 120 74 195 110 49 27 104 145 127 224 76 117 36 72 235 205 193 201 198 44 84 249 232 34 
32 : 206 214 208 125 38 184 244 205 170 117 229 32 139 196 200 234 186 137 239 43 45 111 74 202 161 190 146 180 97 192 56 212 129 185 112 57 220 189 130 41 126 35 221 27 215 90 26 143 179 119 82 236 230 181 83 150 115 61 88 199 31 101 123 114 168 149 211 191 67 172 152 128 79 59 173 34 225 233 227 39 246 64 121 28 183 167 
33 : 101 196 75 208 47 200 151 158 204 191 130 66 34 156 238 122 215 226 84 205 58 56 51 118 29 123 175 212 
34 : 220 193 148 85 197 54 50 63 37 40 46 207 238 213 100 178 139 172 96 35 57 194 68 243 133 223 198 162 101 61 222 108 
35 : 238 72 249 84 127 41 223 142 183 134 88 73 54 242 26 68 32 212 157 113 109 181 210 49 195 25 229 147 221 115 139 226 151 228 106 85 180 177 56 144 48 128 69 247 162 190 117 245 82 153 83 236 219 39 114 121 152 61 154 53 43 70 140 150 105 213 64 209 194 173 33 182 199 204 47 186 57 203 36 93 
36 : 137 59 223 79 172 117 205 168 217 36 139 30 37 232 190 78 94 43 148 76 215 170 243 171 218 50 40 166 224 245 239 112 231 48 210 194 44 201 100 179 47 247 173 113 35 69 32 238 160 
37 : 83 151 29 109 187 50 121 177 173 212 79 226 154 234 61 249 240 98 140 162 244 206 191 26 47 44 175 225 178 246 163 120 193 86 130 144 190 43 141 136 88 87 183 99 146 221 55 204 104 158 100 133 169 223 188 125 194 185 93 171 224 159 153 207 107 186 103 179 181 113 58 232 35 134 230 201 222 214 128 32 66 49 73 
38 : 194 57 33 205 174 132 98 188 222 154 240 93 55 183 61 106 100 195 225 69 232 90 92 193 129 153 32 166 202 230 96 229 146 136 94 220 227 48 36 197 189 184 169 249 107 89 214 108 39 66 200 165 216 
39 : 213 161 236 215 246 185 130 207 173 70 99 220 182 195 98 149 237 132 148 229 218 125 58 162 142 128 104 180 206 138 44 88 242 126 32 69 92 176 227 208 78 225 34 134 140 82 50 165 72 112 115 121 232 55 164 238 90 85 71 172 75 163 59 186 209 192 245 179 241 36 
40 : 220 59 55 86 148 89 185 243 159 120 92 109 171 190 136 205 239 66 158 64 162 244 215 129 68 58 28 188 216 30 78 248 174 95 187 82 52 98 165 71 135 167 209 218 81 199 62 131 203 237 212 
41 : 60 114 145 226 207 120 64 33 245 158 220 65 36 69 176 144 189 109 218 40 71 77 110 29 43 
42 : 193 28 145 106 223 236 167 151 93 84 81 177 92 79 90 29 128 202 75 126 89 77 203 194 139 207 163 134 240 211 201 180 99 222 118 62 249 74 209 190 26 185 80 234 52 200 110 48 208 46 100 97 61 132 69 220 117 170 41 173 56 58 235 238 88 138 111 112 174 47 196 147 237 248 33 230 130 31 181 161 160 35 187 59 192 68 206 39 34 103 
43 : 66 29 218 163 169 149 225 154 83 98 235 178 180 38 142 28 175 130 92 167 111 201 106 222 230 101 48 27 135 179 143 237 
44 : 72 211 96 121 245 222 47 207 173 98 84 92 28 154 193 225 36 105 229 124 170 81 178 180 79 41 201 247 125 26 50 114 37 243 87 
45 : 119 171 175 210 168 161 81 116 227 25 135 242 234 79 88 183 155 108 51 211 114 71 123 148 217 208 
46 : 234 128 121 34 139 230 94 31 173 88 168 59 125 61 54 127 183 182 51 46 161 176 36 228 93 77 245 56 185 207 179 41 45 69 87 197 49 244 171 142 140 78 67 222 216 123 235 32 141 74 247 157 178 27 133 189 104 206 99 60 90 181 30 190 232 81 233 100 147 65 169 106 192 188 205 43 152 240 130 202 73 91 82 203 85 180 231 135 165 158 
47 : 106 39 44 135 189 91 138 61 120 72 45 214 204 84 241 209 52 240 40 217 147 172 50 56 229 195 213 129 155 43 28 173 127 100 69 54 203 87 94 81 224 30 238 146 161 219 93 178 164 199 160 58 88 
48 : 234 245 41 212 227 92 235 102 78 88 109 69 209 124 211 228 198 183 107 42 207 219 223 135 83 193 170 179 196 222 192 25 76 243 225 73 201 161 84 148 187 159 229 199 214 91 101 68 195 59 154 
49 : 73 217 160 65 249 81 215 144 61 50 231 247 117 175 229 240 62 202 239 142 83 57 174 125 218 64 127 233 35 200 103 150 46 112 76 163 52 139 181 130 48 179 147 120 203 156 122 79 39 246 63 170 201 47 197 214 161 185 173 166 
50 : 241 55 65 111 101 58 63 242 171 45 183 85 47 161 217 132 224 248 54 174 182 36 200 95 230 245 92 84 197 194 204 136 139 76 243 206 49 214 121 188 29 189 110 240 61 212 198 
51 : 179 38 245 121 196 125 170 169 148 181 243 244 99 54 25 86 37 101 43 79 240 72 217 198 94 61 166 142 32 190 55 135 28 220 200 44 246 137 68 139 189 193 239 202 98 223 60 53 
52 : 232 156 76 113 87 160 212 133 151 71 131 50 60 99 119 83 222 174 173 84 203 165 96 147 234 170 225 213 241 204 125 132 69 138 199 90 240 143 176 197 47 150 200 105 122 183 166 177 194 114 28 44 30 55 148 244 235 64 172 169 104 154 139 161 189 142 246 120 103 45 210 179 
53 : 120 185 83 234 99 63 141 136 148 62 70 49 39 106 93 173 54 128 154 71 61 73 169 161 227 171 103 85 140 247 72 135 102 205 90 66 81 79 212 166 163 98 34 198 31 226 172 231 190 76 243 127 25 235 91 48 150 242 248 100 245 145 112 152 233 192 126 224 179 35 113 88 
54 : 173 82 36 44 94 157 72 51 192 37 54 86 161 120 233 130 214 242 113 215 212 206 63 134 135 217 107 31 149 226 167 65 153 56 170 156 111 99 38 208 142 91 62 64 32 147 76 180 169 205 194 45 175 166 68 141 238 127 150 196 140 179 146 50 162 191 131 237 229 235 97 193 165 207 69 121 
55 : 164 190 155 103 101 248 146 78 93 230 238 157 120 213 216 60 160 108 204 186 123 183 112 158 91 88 249 137 95 170 
56 : 54 236 80 220 162 190 76 163 230 245 166 186 145 144 201 91 244 247 114 63 208 157 212 195 121 129 81 224 46 196 102 75 113 179 223 225 222 37 198 124 99 234 40 218 88 60 180 227 199 193 216 243 94 169 141 159 52 229 184 152 50 131 59 147 170 27 155 178 92 125 122 219 154 206 49 149 32 175 43 209 
57 : 53 29 227 242 245 93 25 230 159 238 71 160 202 195 49 98 215 184 51 77 222 91 146 120 218 179 199 204 213 208 56 136 113 35 82 161 244 229 107 83 173 243 170 42 108 185 116 47 46 122 236 157 
58 : 47 106 108 237 76 68 69 139 183 142 249 184 206 210 143 107 98 61 201 85 105 116 81 115 99 199 166 172 138 123 64 101 46 205 70 247 65 39 148 208 97 113 193 133 194 93 124 117 225 100 94 29 198 55 171 196 87 114 84 32 121 95 41 190 222 102 173 36 177 167 57 189 221 73 154 90 112 229 109 27 188 242 74 144 218 
59 : 33 206 167 40 65 189 210 116 172 207 29 39 148 170 135 93 137 191 105 228 140 231 149 80 246 36 51 57 32 221 222 138 198 233 164 237 107 186 118 
60 : 72 166 152 126 112 92 123 130 245 235 125 77 162 46 108 33 38 35 95 178 69 48 163 181 88 32 194 54 236 26 231 174 169 171 137 120 59 114 113 146 94 128 119 183 180 148 149 179 176 
61 : 34 49 68 248 50 218 145 71 48 165 231 201 170 158 180 204 96 40 222 206 55 94 54 82 169 203 111 217 163 241 200 214 195 137 106 174 91 36 64 240 39 32 172 147 51 115 235 62 176 73 113 202 213 239 47 81 155 109 177 80 103 189 148 175 230 69 130 153 194 142 207 234 95 196 237 46 107 132 74 42 97 244 65 76 61 168 185 160 89 157 60 167 114 154 90 92 139 
62 : 202 90 150 83 160 76 186 93 149 30 164 232 167 27 52 145 55 88 233 115 99 28 212 39 58 227 141 234 98 35 71 127 38 40 132 238 147 241 69 165 66 72 139 61 101 240 173 195 198 235 245 26 171 172 124 97 92 122 155 161 130 189 60 102 84 123 
63 : 206 213 63 94 44 211 29 164 55 182 227 235 39 101 176 57 34 61 201 145 80 86 149 139 151 82 210 216 106 107 144 141 154 73 222 135 233 168 87 248 35 114 65 88 66 110 49 239 37 204 238 244 38 194 146 215 98 54 197 241 175 138 249 100 217 136 166 105 242 148 150 225 52 112 143 121 155 171 231 160 26 
64 : 245 156 231 137 155 100 165 144 240 46 173 204 168 167 61 200 72 171 113 98 32 103 45 227 41 229 112 158 249 130 51 145 217 169 188 223 212 172 246 182 31 242 86 166 120 94 83 149 208 201 127 161 57 209 105 34 129 59 49 185 30 143 189 177 73 147 44 150 25 202 27 243 138 37 197 95 214 154 141 234 38 82 54 206 99 184 162 52 85 159 131 193 132 226 104 181 125 
65 : 189 39 29 58 95 35 33 212 68 178 151 242 30 81 203 124 59 152 174 215 74 213 195 118 140 92 121 209 76 194 71 198 206 60 186 192 173 131 177 211 123 181 94 191 55 137 62 78 244 132 155 89 50 221 84 235 27 96 49 199 42 86 103 220 138 196 25 93 107 153 168 193 249 234 82 145 179 41 227 157 99 207 243 139 204 53 143 
66 : 40 73 75 186 221 208 229 127 26 35 228 62 180 43 47 55 121 201 54 56 176 72 37 113 130 204 30 134 105 231 236 183 38 187 220 116 235 245 89 106 137 90 247 161 33 125 193 120 95 65 107 102 41 185 133 215 162 157 144 112 148 232 51 239 160 46 165 198 124 109 155 152 135 115 184 
67 : 139 183 135 194 99 138 94 190 53 143 88 155 188 115 167 48 206 235 213 86 136 60 149 196 146 114 89 221 232 125 83 65 51 30 96 33 113 142 116 222 123 184 98 231 171 181 31 145 38 75 59 148 241 164 159 151 72 173 247 244 54 216 127 200 117 225 107 121 122 26 29 141 150 186 137 111 245 43 
68 : 235 187 111 130 246 141 41 178 199 117 59 198 176 193 244 148 236 207 122 49 185 228 134 102 29 84 196 202 45 168 218 125 175 56 231 239 104 147 39 126 238 138 66 142 
