0 : 12 56 97 95 86 1 19 75 94 61 64 31 73 77 87 72 53 45 93 38 4 50 80 10 43 14 60 32 76 89 66 24 8 55 79 34 74 
1 : 64 8 86 77 58 73 7 33 21 59 79 49 84 24 48 90 72 60 1 9 82 87 29 30 69 2 96 63 42 20 51 31 16 67 98 23 88 66 28 12 91 55 85 47 78 32 54 62 44 27 56 4 22 38 80 74 10 95 93 52 43 39 26 46 53 17 37 
2 : 75 29 34 84 65 20 14 17 19 26 62 27 18 57 96 87 24 60 89 28 39 95 51 45 10 6 59 58 61 11 2 99 93 94 85 97 33 71 40 49 8 36 0 78 91 1 9 50 43 41 63 30 4 67 68 48 64 38 54 52 47 
3 : 51 21 81 97 87 32 44 91 63 37 50 64 49 83 20 84 66 38 70 41 56 14 54 76 94 98 8 16 92 68 72 73 
4 : 8 53 76 4 65 84 81 96 16 82 40 25 3 91 88 90 94 64 14 45 13 7 31 60 87 24 23 99 37 70 80 97 79 6 71 33 77 74 52 51 1 56 50 11 75 12 35 19 
5 : 59 39 28 34 67 21 55 47 91 44 23 5 18 31 50 88 43 1 8 73 68 76 22 7 24 70 9 92 72 53 96 69 82 17 80 48 86 97 84 89 41 81 77 15 75 36 14 49 32 27 52 13 79 35 90 78 26 51 85 94 29 2 87 56 12 10 45 
6 : 33 40 56 54 67 85 5 39 72 16 51 62 18 45 36 48 98 37 55 24 3 58 0 92 10 44 63 41 28 87 34 69 11 90 83 13 73 93 49 21 59 95 70 89 66 15 19 25 65 53 6 97 75 80 2 57 76 38 52 71 50 84 
7 : 95 7 25 16 29 93 55 2 23 75 42 78 73 62 86 68 64 35 14 27 90 84 8 50 19 67 44 46 71 77 70 
8 : 89 65 31 26 69 34 38 77 45 51 74 55 14 47 67 57 59 66 97 36 88 21 18 52 27 19 29 42 20 72 9 56 58 35 2 10 32 95 87 82 37 7 25 75 41 1 28 96 17 81 90 63 61 
9 : 60 76 88 56 80 38 25 39 67 99 16 46 7 48 61 55 43 85 64 97 14 77 58 69 96 53 8 59 19 20 27 95 91 51 6 0 31 72 22 37 42 86 41 5 18 75 10 13 81 66 74 82 94 29 52 3 30 34 35 12 98 71 65 11 2 83 
10 : 9 53 
11 : 79 29 77 32 71 80 65 76 9 64 8 53 56 45 15 62 37 47 57 98 27 61 72 74 75 94 5 38 
12 : 74 59 41 67 63 97 71 89 15 35 91 
13 : 51 41 64 12 30 48 60 7 75 0 37 80 13 89 25 52 27 50 78 77 44 74 69 4 71 26 67 1 65 43 90 96 92 54 49 15 39 16 29 18 17 23 31 58 53 42 11 98 95 22 
14 : 29 64 10 58 51 41 62 83 30 65 91 42 1 43 99 96 27 17 71 53 49 76 87 6 48 24 88 61 60 77 20 9 80 69 94 11 2 7 39 93 68 67 40 75 56 78 47 86 21 63 73 97 14 46 45 59 18 31 25 70 26 66 44 81 15 36 72 33 54 79 22 28 90 8 
15 : 71 24 82 23 11 6 92 20 77 9 54 59 17 15 75 19 60 2 39 45 84 22 58 14 16 64 12 61 41 29 73 76 81 28 1 78 21 40 86 46 69 83 55 27 3 48 98 89 66 43 57 
16 : 67 84 36 70 79 47 11 94 3 7 16 48 55 42 72 30 62 80 32 59 58 88 22 96 95 49 54 74 31 65 28 38 99 61 66 81 1 44 20 21 14 17 89 19 5 83 90 39 77 75 56 40 82 4 37 45 9 13 91 69 43 50 6 98 25 57 53 71 15 24 
17 : 40 69 99 78 74 46 45 1 97 12 91 21 20 64 88 93 36 10 58 26 51 41 22 7 50 0 19 32 59 18 85 55 79 33 95 65 14 11 87 44 25 81 35 49 47 72 29 8 61 80 57 60 
18 : 58 29 73 99 15 6 44 54 36 45 84 57 72 37 65 97 34 18 61 79 
19 : 73 72 90 49 32 37 
20 : 88 66 25 91 0 12 7 94 72 35 73 5 93 90 61 20 58 15 47 78 64 28 31 33 30 80 65 71 70 41 29 75 55 10 
21 : 90 76 66 75 43 21 4 35 
22 : 70 27 13 83 66 90 82 48 0 61 31 73 25 35 96 40 93 24 88 29 46 97 10 20 75 6 51 99 72 28 39 91 
23 : 19 25 97 39 32 57 84 34 4 48 91 16 70 
24 : 73 86 69 50 9 46 56 12 85 48 80 93 44 27 4 79 1 32 59 83 29 21 39 49 38 19 61 37 60 17 5 55 40 98 2 54 42 62 76 64 33 70 92 34 81 43 16 36 41 66 18 57 58 74 91 35 14 8 99 72 
25 : 80 92 21 68 48 55 40 23 88 8 45 7 0 20 33 15 73 44 76 6 10 28 5 78 19 1 35 16 82 96 9 77 3 17 4 86 2 97 58 52 67 59 93 71 72 49 56 79 98 42 11 34 89 60 95 22 75 43 
26 : 40 88 43 38 98 44 1 58 39 77 2 15 64 
27 : 66 97 46 16 80 76 18 51 14 29 6 13 89 30 15 17 20 49 88 74 
28 : 95 77 29 32 10 27 93 89 18 88 91 14 35 61 39 65 28 57 41 59 23 9 73 5 43 17 84 34 11 19 15 51 74 49 64 81 98 
29 : 86 79 5 53 56 
30 : 1 84 22 76 91 51 41 33 6 19 56 83 69 74 82 7 55 31 36 78 73 66 81 40 79 5 99 27 77 29 94 93 54 48 42 44 28 62 86 20 65 9 24 64 70 10 85 72 23 95 52 98 46 68 13 59 16 32 47 30 49 26 43 12 92 
31 : 89 12 35 23 2 48 26 27 37 88 93 80 24 45 0 76 51 71 10 50 16 8 87 91 41 77 99 29 63 81 19 55 36 90 61 33 20 72 70 21 46 82 98 69 64 31 79 49 78 96 97 53 86 
32 : 5 62 
33 : 42 48 22 15 36 25 60 41 92 47 65 37 21 61 57 67 26 96 89 44 73 19 27 30 76 70 18 3 12 35 23 59 
34 : 92 70 95 46 18 96 42 38 64 48 90 10 24 98 13 21 82 41 2 6 86 23 40 52 47 62 3 25 78 28 77 85 60 
35 : 59 43 4 56 
36 : 26 77 24 10 44 21 37 47 22 28 55 30 83 33 11 91 4 50 86 45 20 54 52 73 13 
37 : 56 15 27 65 22 68 20 57 8 54 85 30 32 61 40 26 71 9 17 19 4 80 62 47 37 58 24 33 2 98 0 45 46 88 74 41 38 1 78 6 91 3 63 11 72 7 70 67 93 42 18 51 76 99 64 34 82 97 66 21 49 48 53 36 29 77 59 39 87 52 23 83 14 
38 : 41 9 4 97 34 80 63 37 85 40 5 27 2 82 94 51 19 84 62 53 36 30 43 64 3 10 95 58 66 29 8 55 99 77 61 75 16 15 26 
39 : 37 6 29 87 85 58 61 60 15 75 45 3 50 77 86 84 79 78 72 94 74 95 56 5 36 9 44 91 83 73 
40 : 93 78 
41 : 78 57 9 24 30 17 45 75 80 44 31 58 5 65 33 70 90 12 26 15 82 67 74 18 47 10 81 77 97 28 84 13 89 66 87 79 11 72 48 38 0 60 16 25 93 20 62 52 99 39 55 40 53 92 76 46 69 34 14 50 
42 : 55 89 36 9 72 80 16 93 79 35 20 52 18 99 43 25 47 32 30 82 8 5 57 
43 : 2 40 76 3 91 79 
44 : 44 78 96 89 3 56 50 75 65 41 90 97 25 55 51 17 4 62 70 69 58 15 67 71 59 1 40 95 82 35 29 39 57 19 10 37 7 46 85 28 72 94 27 47 54 6 81 77 24 33 99 0 30 64 66 
45 : 4 86 62 40 
46 : 80 5 52 76 49 39 50 79 
47 : 48 78 87 32 68 40 7 69 49 88 54 45 35 11 2 85 28 18 0 13 72 86 20 81 58 59 98 16 76 25 46 47 64 60 65 99 89 79 73 57 53 51 23 30 63 43 36 1 97 4 33 93 5 91 27 61 17 52 24 15 9 55 26 75 96 80 
48 : 0 55 74 84 5 46 52 69 71 94 22 75 12 28 8 72 30 79 20 95 61 14 65 60 24 34 43 1 86 59 31 29 32 98 68 23 39 80 15 88 19 92 37 90 35 76 93 40 11 62 87 77 38 89 96 91 41 3 48 99 63 6 67 21 78 57 17 53 27 
49 : 1 89 13 6 14 38 24 82 3 51 65 4 15 92 68 32 
50 : 77 75 95 21 36 78 31 24 99 19 44 37 9 66 7 27 61 45 8 10 81 60 
51 : 59 95 46 9 11 52 42 30 35 66 79 14 83 17 71 33 12 4 1 13 85 49 72 54 
52 : 96 74 2 93 84 99 15 65 45 34 10 94 0 86 55 11 62 5 50 91 29 79 33 21 59 42 32 70 97 25 27 41 37 76 61 95 26 89 82 72 39 47 8 54 16 66 40 35 31 24 53 48 67 12 9 88 63 13 90 77 75 57 56 22 85 14 17 52 1 60 68 64 18 
53 : 80 23 56 61 16 35 78 21 
54 : 51 53 49 38 56 66 50 61 68 69 55 40 72 32 12 57 
55 : 46 12 6 58 29 86 88 1 98 19 16 18 99 73 79 17 59 94 42 81 52 47 32 24 95 75 20 21 38 13 54 34 68 96 37 62 64 39 93 30 61 7 2 3 56 91 26 50 49 97 11 60 53 90 66 40 51 27 8 70 82 
56 : 33 85 61 83 84 51 37 28 89 27 29 12 31 93 60 36 78 26 65 54 14 50 2 67 80 16 20 6 25 22 5 8 68 94 42 77 35 21 64 92 87 32 38 1 
57 : 9 38 39 84 24 31 3 90 33 65 19 85 75 53 16 48 12 97 91 45 57 64 95 4 41 8 86 26 30 94 29 82 20 98 0 81 21 13 80 52 63 10 77 32 76 44 87 72 92 56 66 58 27 78 36 59 23 67 46 89 73 99 5 62 22 69 96 14 88 42 61 
58 : 79 34 58 47 88 26 27 43 96 35 74 70 83 36 19 32 66 50 89 39 18 63 12 37 13 44 1 15 5 82 23 56 87 91 62 10 90 17 40 71 41 92 
59 : 98 25 40 88 74 38 93 72 11 20 62 43 4 60 10 45 19 46 95 84 33 7 79 0 12 35 16 97 44 5 51 29 9 26 71 24 61 67 28 39 23 41 94 70 1 78 52 15 17 30 55 63 73 53 37 18 56 34 47 59 8 81 31 48 91 49 22 
60 : 5 9 64 55 68 88 46 87 94 41 86 36 44 43 73 15 28 93 2 30 60 19 76 37 53 4 10 3 6 85 95 16 22 11 61 97 74 1 39 21 63 66 67 45 81 12 48 32 98 14 13 56 92 71 24 82 50 26 69 57 99 
61 : 18 95 9 81 22 83 84 5 12 69 38 86 82 16 37 56 48 55 29 76 64 13 25 67 14 19 33 50 74 54 85 57 73 93 21 6 27 40 59 53 
62 : 31 25 27 48 71 1 24 29 33 35 96 54 13 80 10 74 38 60 76 59 57 26 86 44 37 68 89 82 7 66 81 40 94 3 85 22 91 69 36 46 42 45 64 14 77 70 43 51 49 79 95 15 55 28 67 8 18 20 34 4 93 63 12 0 58 84 97 47 98 73 
63 : 70 11 99 39 66 59 33 79 0 3 87 36 37 64 49 62 22 78 21 86 1 38 83 58 63 48 90 9 53 19 96 20 95 28 80 85 2 94 55 72 69 75 46 13 91 23 41 8 60 74 12 6 45 68 50 7 67 10 30 24 
64 : 45 63 26 28 16 25 91 86 96 68 10 77 78 84 85 98 23 82 36 73 81 87 6 92 60 38 79 80 34 30 4 2 90 51 99 12 53 39 88 42 55 8 18 9 50 32 95 7 14 24 74 19 3 61 64 11 47 
65 : 86 18 76 25 3 70 78 79 43 93 46 91 11 47 81 15 87 84 22 83 23 35 62 80 89 9 53 
66 : 76 29 86 
67 : 27 75 72 58 6 23 44 4 67 61 55 32 38 26 95 25 68 12 62 41 15 97 79 81 0 99 94 20 54 73 50 51 47 89 7 83 71 16 92 60 24 91 33 39 45 96 48 70 5 84 28 2 11 64 90 40 43 21 86 66 8 52 30 80 56 93 17 46 18 
68 : 59 21 77 50 23 24 28 32 10 63 44 2 20 71 78 98 84 12 22 92 39 35 61 70 14 65 0 26 95 47 27 83 31 90 1 96 46 89 51 3 30 91 52 93 72 34 11 80 75 97 16 4 49 99 86 81 7 76 29 62 42 41 9 48 55 5 74 40 
69 : 41 1 94 97 63 68 84 60 43 79 88 27 73 78 0 98 37 45 52 57 3 12 30 72 11 95 16 92 15 39 18 10 
70 : 65 35 87 2 42 34 66 41 90 96 91 92 99 79 15 3 60 40 94 83 19 12 63 75 77 25 88 26 53 50 55 47 97 4 33 17 29 0 72 43 27 24 1 
71 : 24 21 92 70 60 40 80 52 55 19 31 83 39 44 42 89 82 61 96 47 49 23 48 94 45 72 65 4 26 95 69 2 78 91 79 93 88 17 37 57 22 9 36 99 71 33 35 14 73 7 28 
