0 : 44 33 87 92 9 83 89 27 45 32 3 20 13 71 12 17 2 94 39 95 0 60 73 23 62 88 48 18 34 
1 : 82 
2 : 89 57 61 67 11 35 84 54 62 33 64 83 27 41 37 52 44 58 18 40 20 85 16 8 24 19 10 92 45 42 17 43 49 28 39 31 7 88 82 87 15 73 69 96 91 75 32 23 
3 : 27 6 84 15 48 88 23 14 92 89 49 59 62 26 37 5 34 28 68 31 70 43 41 0 38 47 71 9 39 79 54 21 52 45 66 30 81 40 94 61 
4 : 52 80 11 9 25 91 59 26 98 64 46 48 24 19 28 47 43 90 22 27 82 79 51 34 81 84 21 41 36 49 33 6 99 31 85 88 1 39 60 65 89 37 16 96 95 3 14 63 61 12 13 86 5 10 
5 : 86 90 42 3 23 71 4 74 10 51 8 31 24 82 50 22 92 0 72 80 
6 : 30 78 40 51 14 45 22 58 77 9 43 92 99 82 63 97 11 6 84 90 20 39 59 
7 : 90 42 99 43 60 32 30 40 61 45 4 96 65 25 71 58 78 18 73 24 33 11 51 70 63 76 88 57 46 38 49 8 67 27 
8 : 40 2 14 53 66 93 36 13 78 96 61 68 42 16 59 0 84 44 25 69 33 41 
9 : 97 88 92 61 51 49 37 6 26 1 40 19 77 5 83 69 58 28 17 16 45 46 64 52 22 62 63 44 34 
10 : 4 37 79 36 59 73 87 25 50 67 16 24 60 8 68 28 7 27 99 96 74 97 32 33 22 30 93 94 63 92 5 0 34 
11 : 3 61 32 28 38 91 59 87 95 15 6 36 73 52 4 34 21 0 53 79 13 71 93 19 81 77 47 86 97 44 18 83 90 63 92 65 96 
12 : 27 87 86 94 98 19 52 9 60 64 78 56 44 58 3 12 88 35 22 25 53 99 67 0 47 96 10 75 80 83 72 55 23 17 93 77 51 73 13 46 32 45 38 49 69 33 95 26 41 42 6 92 70 91 90 36 20 50 30 5 2 37 16 81 61 31 1 59 84 63 54 
13 : 6 42 89 15 2 80 25 45 10 0 74 91 20 63 22 18 84 77 58 9 29 55 43 47 90 87 67 56 31 26 28 88 73 36 19 82 68 5 14 71 57 23 81 83 50 46 4 30 72 65 8 38 64 37 62 79 75 
14 : 41 52 42 8 3 92 9 66 55 38 29 18 62 54 57 98 11 80 45 84 75 40 34 36 83 26 20 60 56 79 30 63 77 86 74 71 49 76 12 43 69 72 58 70 22 99 65 37 48 46 91 53 67 32 5 50 24 87 95 51 
15 : 38 78 26 85 53 65 28 56 90 81 21 2 24 66 3 68 76 46 75 89 63 47 80 60 48 12 50 33 91 49 5 82 74 8 98 4 39 59 87 9 57 36 16 83 44 40 84 35 25 6 20 17 43 72 52 14 79 29 32 61 54 37 99 
16 : 75 16 83 85 4 84 77 8 39 48 44 22 7 5 74 40 15 25 94 17 89 98 3 30 29 34 49 96 80 61 10 64 27 13 35 26 42 24 57 71 51 76 54 23 79 18 73 91 50 63 19 95 14 92 9 6 72 37 62 93 41 99 55 70 47 66 
17 : 25 32 87 52 92 14 65 95 60 93 13 17 19 72 84 57 33 77 15 43 75 28 18 70 9 69 
18 : 53 4 30 89 50 74 97 
19 : 15 64 77 22 78 27 90 93 57 42 50 11 59 51 96 18 31 13 14 20 44 81 16 79 84 7 71 66 39 9 80 1 48 12 91 95 17 83 46 87 61 10 2 58 62 94 98 53 82 99 8 5 38 35 25 32 56 55 65 29 67 
20 : 16 76 69 31 55 4 22 83 80 2 60 49 20 7 36 35 68 42 45 43 26 46 91 8 10 93 56 44 59 81 89 51 58 61 
21 : 41 79 97 46 36 61 57 89 31 66 87 64 99 55 90 27 67 62 32 68 98 73 1 33 9 81 92 70 78 60 6 3 
22 : 63 52 56 94 73 75 53 93 81 36 3 90 27 62 78 24 48 87 86 13 69 40 22 14 23 71 79 70 5 97 58 51 38 25 7 92 80 17 12 84 49 33 59 20 43 19 29 26 50 1 39 44 88 55 41 16 89 67 82 72 99 46 96 57 
23 : 93 77 55 62 9 12 86 4 83 40 11 63 14 25 8 6 44 69 24 33 20 15 41 64 57 37 71 80 0 34 78 76 58 2 31 54 67 87 26 85 59 19 97 43 1 3 
24 : 39 54 86 15 38 91 8 56 51 3 23 1 4 20 70 50 76 45 97 41 0 42 94 99 98 85 
25 : 
26 : 64 32 20 51 69 23 71 35 76 46 75 89 6 85 66 43 11 70 55 38 25 39 45 60 86 41 78 24 68 98 18 1 62 92 72 54 
27 : 94 3 17 99 51 62 8 86 59 15 16 84 28 0 87 4 29 80 77 95 2 67 46 50 33 63 97 98 66 18 22 47 31 90 58 60 74 91 20 48 21 92 45 76 52 13 72 34 1 69 41 89 39 
28 : 59 62 70 57 40 97 65 19 9 82 15 27 50 17 77 26 74 81 54 42 60 94 95 90 91 58 43 87 89 92 5 48 68 2 4 66 20 52 7 61 53 28 86 93 41 73 3 34 67 13 83 38 98 72 21 64 36 35 51 22 56 78 31 32 84 18 29 55 14 25 85 96 
29 : 48 19 12 60 88 23 27 25 83 91 55 52 69 87 8 4 28 99 85 50 36 
30 : 54 6 11 65 43 16 31 51 74 20 49 72 75 68 32 66 
31 : 31 18 21 94 56 79 15 46 14 26 20 27 6 39 10 63 58 49 70 65 85 88 29 77 67 59 16 9 28 30 8 78 37 47 69 32 84 54 35 71 73 19 82 3 75 11 1 50 25 99 23 81 61 34 22 87 95 66 52 2 92 
32 : 20 14 42 56 37 99 46 36 54 34 33 59 55 64 87 91 29 26 77 28 70 48 15 72 73 89 80 85 7 3 44 47 17 4 12 63 60 31 6 9 88 61 41 58 22 8 94 51 53 
33 : 42 27 9 70 62 38 0 23 69 22 36 81 47 91 59 52 4 12 66 72 32 24 1 94 60 20 21 76 29 53 37 73 55 6 79 45 11 61 33 13 3 83 63 16 35 17 90 68 67 88 40 34 92 48 49 75 18 93 82 74 25 28 51 64 65 58 98 97 84 46 26 14 
34 : 62 93 50 20 38 66 89 87 23 18 92 78 69 79 49 13 47 44 52 95 11 61 81 70 17 46 12 0 76 22 36 45 83 59 39 19 91 56 25 29 10 90 80 42 31 99 6 53 85 86 74 
35 : 54 67 97 4 80 42 32 47 64 37 95 65 51 92 46 48 58 53 30 31 20 88 87 3 15 81 68 28 66 82 36 13 70 18 6 78 61 38 84 1 79 56 77 2 72 96 71 69 76 89 39 17 49 27 86 90 
36 : 17 81 96 3 95 16 32 90 14 71 79 9 57 43 0 31 50 23 18 15 74 85 72 98 76 11 93 37 24 54 83 45 67 
37 : 79 91 74 43 29 38 92 28 73 48 82 76 24 31 32 67 77 20 58 53 26 66 85 98 57 97 56 0 34 50 89 13 87 17 63 70 93 95 60 49 80 23 94 12 8 72 81 14 16 84 10 68 30 22 33 3 51 61 35 47 37 27 
38 : 9 29 40 
39 : 44 17 57 3 49 70 51 75 76 10 97 12 71 35 64 73 27 13 67 41 33 84 86 0 32 23 38 58 79 46 99 61 74 81 20 89 91 2 1 40 45 53 83 25 6 87 16 93 56 82 26 36 5 39 68 72 22 37 98 14 30 69 60 31 24 29 78 50 52 4 
40 : 57 16 24 41 13 46 83 99 44 55 6 86 76 25 8 72 1 2 56 22 35 17 15 61 45 32 19 20 0 81 90 84 73 60 98 33 51 
41 : 30 40 83 49 
42 : 14 25 44 90 52 1 20 86 89 12 2 78 75 81 21 82 8 35 59 80 42 7 98 47 46 41 4 33 92 3 15 5 57 71 45 65 40 34 73 32 
43 : 43 15 13 96 18 27 83 20 63 97 77 48 56 4 45 49 50 29 70 89 26 64 10 52 58 8 92 22 95 65 54 23 71 28 31 35 87 34 55 57 38 67 41 86 
44 : 42 36 74 20 2 11 6 8 51 37 24 30 94 55 0 28 90 82 19 65 56 3 59 72 35 60 68 29 66 76 88 64 44 15 17 13 75 71 41 70 89 23 57 32 
45 : 13 95 55 6 46 70 50 38 58 2 19 88 35 30 98 11 54 45 91 77 43 32 81 1 89 73 22 92 7 60 9 39 59 29 47 57 74 76 31 27 41 62 93 97 48 75 10 67 63 12 21 71 4 8 90 80 64 79 20 40 99 36 42 87 17 24 52 68 86 61 34 26 51 
46 : 85 33 79 99 65 1 89 26 38 61 57 83 20 64 10 6 54 21 42 80 59 82 24 4 51 77 63 68 32 25 49 93 14 22 86 5 67 0 60 73 46 44 15 84 70 97 96 43 39 16 47 88 81 2 41 95 3 50 72 92 76 53 35 28 27 52 30 90 34 
47 : 62 23 94 41 64 97 77 91 43 20 13 63 59 60 0 29 
48 : 15 4 98 32 94 78 62 5 54 44 79 40 9 36 52 95 80 6 85 60 
49 : 77 93 28 19 83 41 9 4 39 84 24 63 50 65 29 80 96 55 33 18 7 2 64 98 1 99 53 5 40 61 87 75 25 32 95 43 49 51 35 23 34 44 54 78 60 85 36 46 48 68 76 73 52 11 47 69 92 79 74 14 90 15 97 10 31 20 56 6 
50 : 91 83 27 89 87 18 34 33 0 71 60 23 29 45 37 19 43 59 32 61 54 16 41 31 47 
51 : 39 15 51 85 14 6 25 86 76 99 46 80 26 66 8 38 74 98 69 61 19 60 7 
52 : 66 91 61 47 44 52 98 83 74 4 69 62 78 63 88 24 97 37 20 40 23 29 7 89 14 22 55 11 0 75 85 49 8 28 39 90 5 2 46 87 76 99 92 36 6 42 93 10 17 31 82 73 84 96 19 12 1 64 
53 : 52 77 32 83 51 2 86 39 44 5 95 63 97 25 55 3 30 53 96 87 71 82 98 74 58 76 42 35 16 66 47 0 19 68 27 57 60 48 89 46 28 59 56 94 18 12 1 88 4 
54 : 72 99 38 90 83 57 60 25 
55 : 95 33 27 1 16 94 43 48 67 64 14 50 54 30 71 61 58 44 55 62 2 66 78 26 10 18 
56 : 74 96 52 6 65 48 29 92 25 62 50 18 8 66 
57 : 57 50 54 27 80 76 71 38 65 92 55 64 63 26 98 29 93 36 68 61 51 56 44 39 78 5 96 0 77 19 41 90 49 83 88 75 52 28 15 58 43 11 73 72 48 30 20 67 10 62 40 35 70 13 6 87 89 34 9 
58 : 74 83 37 49 96 32 20 28 33 65 86 25 61 94 60 77 82 11 26 89 2 14 87 75 51 67 44 59 0 76 30 27 48 47 68 88 42 79 
59 : 1 73 57 92 89 46 51 86 33 36 42 15 38 25 98 32 52 91 21 99 72 11 49 2 58 62 76 56 13 5 50 37 6 90 12 61 85 74 40 4 71 64 65 45 30 93 24 34 55 69 63 44 94 78 39 10 77 26 96 88 3 20 53 48 9 18 81 
60 : 73 71 95 72 61 50 14 84 76 87 40 42 64 1 66 17 13 25 78 32 93 29 15 38 21 69 86 89 16 6 85 43 70 90 96 47 41 80 3 28 57 68 98 49 26 11 8 4 88 63 5 56 9 37 67 52 34 77 83 94 59 74 
61 : 3 22 21 91 5 90 10 59 26 56 27 98 15 9 76 94 62 18 35 72 36 85 0 39 
62 : 2 48 63 29 43 87 9 34 54 65 91 95 37 21 30 0 41 8 73 55 58 7 98 51 28 31 94 70 88 12 71 99 59 52 49 67 46 90 3 6 80 76 27 86 36 26 5 69 15 45 22 16 68 13 25 38 77 75 78 84 14 11 66 82 89 81 18 92 56 57 19 50 
63 : 23 72 64 89 19 91 15 21 17 73 48 3 26 92 57 50 88 49 56 83 4 60 58 42 81 95 18 5 77 25 12 68 84 80 28 71 29 34 32 99 35 67 74 52 76 61 79 94 51 40 41 11 6 87 9 
64 : 70 60 77 48 66 84 30 41 8 52 42 68 97 69 80 6 61 51 57 26 46 56 33 67 9 16 89 83 49 96 45 11 10 99 3 98 4 39 95 87 36 94 72 58 
65 : 45 43 18 13 27 52 53 80 11 86 6 38 79 44 66 72 12 90 40 56 17 57 94 77 95 74 84 16 0 21 73 26 93 78 22 4 50 68 63 
66 : 92 17 94 51 2 76 98 0 87 36 24 4 12 8 48 34 93 74 72 81 29 3 18 54 22 5 82 37 62 15 10 70 57 39 96 61 47 19 
67 : 99 74 22 45 62 80 37 64 14 65 6 1 90 56 86 75 11 89 85 38 54 41 34 66 
68 : 61 10 42 46 3 41 8 79 11 78 88 65 52 87 55 53 16 22 17 90 99 83 71 24 2 6 82 45 32 27 56 68 19 64 5 80 97 15 21 93 75 7 4 98 26 12 57 66 33 38 73 36 37 43 60 69 40 84 92 1 23 35 91 54 58 29 67 77 86 62 74 
69 : 49 81 24 14 11 91 67 89 54 5 55 46 8 66 20 76 12 83 57 4 97 63 48 37 53 60 96 42 27 78 
70 : 32 87 94 39 75 89 98 74 55 33 49 81 86 61 28 
71 : 4 56 34 28 69 42 44 10 36 89 93 41 55 26 71 54 43 97 94 77 3 30 22 82 0 70 64 74 80 1 76 52 99 50 65 38 78 25 85 8 17 72 87 63 16 66 11 29 67 6 61 47 21 62 35 15 88 45 83 96 79 51 2 37 58 39 12 18 92 9 59 23 
72 : 2 6 8 91 50 19 40 29 62 93 85 65 51 77 15 94 23 34 7 14 38 41 37 53 31 45 16 87 12 
