0 : 56 66 12 9 17 95 42 55 64 62 90 25 16 50 79 89 36 51 70 30 40 54 63 
1 : 57 1 17 79 0 93 
2 : 33 55 81 92 77 3 43 44 10 
3 : 76 43 
4 : 78 5 60 47 25 7 59 91 46 77 44 43 10 84 62 71 6 76 15 80 92 86 34 42 68 8 22 72 64 36 4 21 31 52 90 73 29 17 83 48 51 11 39 41 55 93 13 3 
5 : 82 27 6 
6 : 26 11 79 22 13 10 4 52 97 99 56 67 28 98 53 42 24 2 32 94 59 5 95 58 92 90 62 96 12 50 81 80 73 
7 : 60 76 18 51 23 62 77 95 0 65 83 
8 : 45 87 95 55 37 66 38 85 
9 : 18 86 96 67 17 58 64 87 82 60 22 43 34 81 40 4 48 62 33 8 30 90 
10 : 73 6 88 65 64 43 12 7 5 89 80 10 93 61 30 62 84 53 32 59 69 22 82 37 42 19 79 4 57 98 8 28 68 21 47 63 58 44 86 83 94 
11 : 89 68 12 45 62 51 80 1 41 22 71 69 72 36 32 79 52 42 85 54 53 23 25 28 99 20 7 4 65 19 26 38 43 17 5 77 93 50 2 27 96 82 21 66 14 49 87 10 74 84 78 44 86 39 97 56 64 18 
12 : 91 30 8 44 54 16 52 66 60 75 88 94 13 84 85 22 4 64 26 89 6 48 73 38 27 93 0 34 5 76 53 58 47 37 10 80 19 56 21 55 31 63 65 41 90 33 72 77 
13 : 76 70 63 95 26 80 94 62 15 73 78 22 89 51 84 10 16 93 69 67 
14 : 34 19 51 70 72 75 18 56 97 9 95 44 60 1 32 22 90 38 74 50 7 92 85 37 67 65 36 86 31 47 63 71 48 54 55 27 96 94 35 98 58 69 62 80 20 93 28 99 59 57 53 91 15 61 25 81 26 42 76 2 45 46 21 29 68 39 83 41 66 16 79 17 49 
15 : 62 36 64 15 1 82 88 66 87 55 39 78 54 58 98 8 42 73 22 17 26 92 41 90 86 95 89 63 12 91 21 2 57 49 23 33 16 93 30 10 69 3 35 70 29 59 52 84 79 74 81 5 9 20 99 46 71 53 31 11 96 0 80 
16 : 14 99 20 84 40 13 63 62 7 21 58 96 23 74 56 79 3 39 37 30 67 33 87 18 50 69 59 1 80 31 78 94 82 27 86 9 25 53 34 95 55 6 72 8 92 38 71 32 98 83 64 73 5 76 51 2 70 89 29 15 93 44 75 24 43 52 46 48 57 60 35 28 19 
17 : 7 20 50 18 5 16 22 15 84 42 52 51 10 91 63 12 76 3 2 27 40 80 54 81 71 62 47 77 30 94 39 11 85 73 72 31 74 59 61 24 1 23 56 55 37 33 66 68 46 32 82 69 96 29 38 86 83 89 34 60 4 14 6 45 87 95 48 65 88 53 0 
18 : 18 61 81 6 48 42 88 85 8 20 10 1 86 4 92 65 19 46 12 43 14 31 76 36 47 94 52 40 37 16 93 98 80 95 15 0 54 60 2 79 22 
19 : 75 25 34 49 79 81 39 10 19 72 29 96 66 6 57 56 98 8 78 0 31 65 
20 : 5 89 48 24 37 43 96 76 78 61 44 28 98 59 66 35 32 18 6 63 53 39 26 4 16 94 1 9 75 93 17 23 3 40 56 22 85 62 33 70 
21 : 34 64 13 53 33 11 99 93 50 75 20 42 68 65 10 25 14 47 86 40 5 6 80 49 26 55 88 18 7 0 45 63 70 4 52 
22 : 28 51 29 4 
23 : 21 0 82 75 55 90 83 16 97 23 8 33 7 40 4 87 37 44 13 48 70 14 54 45 49 17 98 88 85 39 6 64 36 50 99 31 67 66 5 10 52 58 72 3 80 20 92 69 71 19 9 68 74 35 53 84 56 30 2 62 91 76 94 95 77 25 51 93 32 78 
24 : 88 44 6 63 58 42 23 65 56 75 90 8 80 51 47 15 3 41 24 4 79 10 20 45 97 
25 : 54 59 1 34 10 18 53 38 49 48 55 74 99 96 75 92 27 41 31 61 63 43 52 
26 : 31 38 73 78 8 88 58 41 77 0 85 34 1 9 14 83 48 89 4 45 33 29 63 28 97 66 87 65 56 84 39 80 93 98 25 22 82 36 71 51 69 3 53 30 5 44 6 81 64 2 42 76 19 54 26 46 35 50 74 90 75 91 16 99 15 49 62 92 95 
27 : 61 36 78 79 93 14 62 77 15 
28 : 36 75 71 5 51 9 87 86 1 2 93 78 88 41 77 28 55 11 27 
29 : 92 59 26 51 25 44 15 
30 : 71 34 74 88 23 78 72 61 30 4 28 27 5 32 86 73 12 13 17 16 48 35 92 53 22 96 56 10 75 90 76 50 14 33 40 20 37 18 98 24 51 2 44 95 
31 : 25 76 15 81 1 73 13 43 53 45 68 36 99 54 3 90 63 91 92 96 24 98 39 40 47 86 77 64 0 70 16 89 22 10 62 72 71 59 37 80 50 85 51 30 9 21 4 69 97 75 34 42 65 29 20 88 7 18 66 49 82 2 28 87 17 5 83 95 35 79 74 19 33 
32 : 3 31 28 40 96 11 14 67 97 33 
33 : 16 29 43 66 53 13 87 63 86 19 85 88 22 7 81 38 74 98 92 12 91 75 94 84 52 49 8 93 58 0 48 83 51 59 62 9 99 73 79 24 97 61 18 23 56 40 4 27 71 89 10 17 21 76 67 25 60 80 39 31 
34 : 62 74 5 72 34 12 68 16 89 87 53 31 4 29 46 41 8 65 42 27 90 49 52 13 73 82 37 
35 : 49 34 67 7 18 76 72 45 86 20 24 88 65 6 98 75 56 30 84 91 31 82 15 92 73 66 44 27 41 22 71 1 5 59 17 62 90 64 25 68 42 58 40 80 43 61 13 8 14 28 46 93 12 9 94 52 10 38 32 96 37 69 4 99 
36 : 97 33 54 32 25 29 91 73 7 38 22 95 13 21 94 79 52 3 15 45 61 80 56 64 55 76 31 5 0 67 87 65 37 58 74 40 47 71 41 24 16 1 26 4 66 63 78 86 88 36 72 70 34 50 82 
37 : 20 86 59 6 27 53 9 58 25 22 37 62 0 24 31 12 52 89 4 35 55 7 48 44 66 83 87 47 30 17 88 23 94 45 70 36 96 77 13 38 69 82 46 50 
38 : 57 99 36 32 30 67 90 25 71 16 54 38 68 96 17 65 48 81 59 6 46 15 87 55 61 74 50 69 33 42 11 95 53 82 80 63 18 27 37 35 92 52 14 19 97 93 83 23 26 20 76 84 13 86 72 45 98 40 62 10 9 91 73 49 28 75 34 64 22 
39 : 19 18 0 31 60 45 77 98 54 86 78 12 91 36 5 13 68 24 47 10 64 40 55 48 8 
40 : 55 88 33 27 62 98 68 19 97 48 82 79 53 58 16 25 46 31 42 13 64 2 22 34 45 50 7 41 14 84 54 96 51 76 4 67 93 36 29 
41 : 53 54 9 56 55 48 83 72 84 87 74 90 8 75 76 42 14 0 64 96 58 50 69 23 38 34 4 24 59 6 57 10 63 98 93 94 95 
42 : 7 55 15 2 67 98 81 
43 : 36 86 94 0 60 73 19 9 84 10 56 30 
44 : 55 74 59 39 15 58 86 21 1 80 83 48 49 22 5 78 31 68 89 93 94 12 84 34 40 82 52 76 57 17 45 54 20 62 29 36 66 18 13 95 69 88 90 27 91 73 56 33 71 6 77 35 7 63 30 99 46 87 65 75 60 64 4 23 53 0 19 96 
45 : 25 72 88 66 18 74 40 33 41 22 47 92 73 37 90 79 27 34 14 94 95 10 11 70 0 60 93 38 1 39 76 2 83 30 26 7 54 65 99 78 15 61 81 59 42 52 98 69 89 8 28 
46 : 58 44 48 95 24 99 55 83 94 77 68 5 85 4 40 59 73 26 86 61 32 87 38 16 13 31 41 54 37 0 11 74 90 65 81 10 84 49 78 28 75 79 50 3 23 22 18 6 42 93 63 7 27 36 52 64 43 96 62 92 29 17 60 88 70 97 89 21 30 
47 : 2 87 85 59 20 81 79 39 0 19 60 98 9 53 44 75 82 72 91 64 16 89 68 99 66 62 69 22 31 73 67 40 94 92 49 13 45 52 58 36 57 5 35 50 1 55 14 74 84 21 83 51 93 56 97 26 24 88 37 86 42 61 47 
48 : 41 69 80 81 8 31 48 95 79 70 82 14 29 12 40 10 63 74 93 13 50 75 73 9 17 43 51 62 56 99 4 60 52 7 38 64 76 26 92 42 94 16 61 65 23 83 84 32 72 39 68 55 19 1 57 21 37 54 86 6 2 36 
49 : 
50 : 69 95 0 84 78 83 33 3 48 96 85 
51 : 22 64 5 40 27 88 16 97 98 76 78 75 80 72 53 44 42 99 54 17 4 70 32 34 47 46 14 35 49 18 23 10 56 96 71 89 21 15 9 58 77 28 69 48 45 37 61 6 8 51 93 67 12 
52 : 33 5 82 51 18 71 95 73 32 41 85 7 27 45 13 6 34 92 39 90 86 74 56 96 70 99 14 67 37 63 23 91 65 2 75 69 44 83 36 3 76 24 88 25 53 31 10 17 97 47 98 0 4 60 89 84 93 55 16 
53 : 76 14 9 47 65 13 46 81 84 57 21 95 91 82 70 39 33 98 31 52 92 45 54 24 11 75 50 15 61 74 67 36 20 12 48 58 37 80 42 55 26 29 63 5 18 10 3 85 87 8 35 72 64 19 68 89 6 71 77 28 30 59 99 90 1 73 60 38 97 
54 : 27 84 2 3 98 94 45 88 92 46 89 16 75 44 65 53 35 20 58 19 24 82 8 90 83 63 87 68 74 50 28 43 47 21 40 1 57 80 59 97 7 70 69 9 48 26 12 13 15 33 55 86 11 
55 : 55 
56 : 84 45 28 86 22 85 78 35 44 19 5 71 69 73 26 34 58 75 9 82 55 0 18 60 51 
57 : 4 77 86 96 9 66 69 12 74 82 22 23 3 
58 : 40 4 12 16 15 29 42 5 25 73 7 45 76 55 28 2 52 
59 : 70 34 20 66 28 33 1 5 
60 : 58 57 17 40 51 90 43 31 10 28 0 67 45 50 7 77 83 44 14 91 76 60 59 38 26 92 6 78 3 93 87 79 85 65 30 9 12 2 34 64 88 4 42 74 1 86 25 97 
61 : 34 6 61 23 63 91 84 12 30 13 57 44 33 76 93 72 90 5 99 98 50 60 85 58 38 59 27 73 20 96 36 49 40 9 24 10 37 97 47 77 46 86 28 52 7 19 17 54 51 8 35 56 2 39 
62 : 62 35 58 83 48 68 
63 : 30 22 36 83 43 89 2 20 31 38 27 99 73 86 88 54 50 3 95 56 96 72 70 81 7 58 29 55 6 21 93 67 53 68 79 10 71 24 74 5 59 17 48 12 78 52 49 23 40 80 18 33 65 35 19 61 
64 : 91 0 41 97 37 10 11 62 29 99 31 86 24 74 28 9 43 63 25 2 70 93 87 57 36 67 80 34 84 56 40 69 65 26 66 42 15 1 51 58 8 39 92 3 64 38 77 21 44 18 81 33 49 55 14 7 20 
65 : 91 73 36 95 15 79 63 94 17 28 27 70 33 46 32 1 13 18 50 89 87 93 35 47 39 96 10 38 67 2 76 51 31 34 6 84 42 3 14 26 49 25 5 98 40 92 55 68 12 58 43 97 
66 : 83 95 
67 : 30 96 97 83 68 
68 : 14 7 58 57 53 93 82 67 79 96 42 6 80 17 41 87 43 18 68 73 63 28 37 91 51 47 83 44 98 30 60 26 70 12 25 77 85 84 21 69 11 10 54 40 95 38 27 94 9 49 99 36 52 2 
69 : 2 18 55 61 20 39 36 
70 : 80 98 73 42 47 2 38 13 74 23 63 87 48 68 17 31 
71 : 29 31 
72 : 92 18 97 87 31 42 30 36 39 96 20 7 57 34 17 65 28 64 6 29 58 80 8 11 81 86 83 25 53 21 
73 : 55 82 68 19 31 18 80 81 7 40 90 76 1 5 54 62 93 50 57 25 56 47 99 10 89 20 66 72 45 37 52 83 32 94 33 87 67 49 12 43 34 2 95 
74 : 58 62 14 57 43 53 22 41 86 67 8 81 71 55 25 65 70 51 5 92 33 87 76 39 38 19 78 96 60 35 21 73 90 48 30 11 99 75 69 72 50 68 6 42 47 7 46 3 49 
75 : 96 23 11 67 84 35 19 80 47 81 13 86 30 9 50 4 61 6 77 58 56 51 7 83 90 40 8 46 45 97 17 74 26 15 36 62 53 25 64 32 72 98 52 10 63 99 76 16 43 95 88 57 3 59 78 
76 : 39 77 46 78 75 42 17 22 66 1 55 92 26 29 18 91 3 69 47 50 32 41 70 8 94 37 80 13 84 88 24 9 
