0 : 195 211 66 105 106 99 248 31 223 124 32 196 177 165 120 246 29 145 154 200 133 193 161 166 103 144 117 60 26 110 85 224 64 113 94 50 37 222 236 73 111 160 61 217 98 207 51 86 202 91 
1 : 177 28 182 214 54 242 83 111 234 65 64 135 96 36 190 143 146 231 84 112 193 217 157 52 203 30 62 222 104 163 220 51 154 148 48 68 127 86 130 118 205 136 218 245 196 85 98 209 235 66 160 211 207 173 100 171 141 200 76 128 228 39 175 223 161 31 151 71 119 213 186 26 115 199 34 208 109 37 117 212 63 204 241 153 192 183 188 134 168 229 244 206 77 
2 : 120 163 168 114 73 172 47 238 86 181 185 25 112 110 162 246 99 151 54 57 80 102 205 232 104 237 118 145 153 200 132 106 191 223 165 26 242 147 58 149 142 117 
3 : 55 249 64 210 152 199 31 209 41 138 112 246 113 183 42 160 228 65 80 77 225 116 153 239 177 123 145 37 66 134 39 50 227 105 59 189 182 175 133 217 203 243 56 93 40 95 194 206 156 100 29 86 204 74 48 110 176 67 150 165 36 173 218 88 114 119 230 167 155 47 
4 : 211 208 58 203 177 34 104 193 175 212 160 182 243 79 117 55 68 192 50 231 181 234 83 61 227 70 165 202 152 245 45 239 162 134 30 142 47 76 132 62 170 222 91 36 200 99 247 178 57 29 131 201 206 93 100 111 150 130 233 110 236 133 73 207 49 219 143 151 37 157 125 
5 : 114 54 27 45 77 215 175 237 197 212 105 104 241 149 46 207 180 39 227 28 128 49 221 202 78 185 248 62 109 81 52 245 129 236 186 130 160 210 184 217 240 209 200 34 206 44 29 143 90 243 169 80 40 172 95 65 168 220 63 216 41 99 56 199 100 42 38 194 140 233 188 193 146 126 103 151 115 249 235 166 196 64 94 101 84 79 106 
6 : 105 126 170 207 191 234 236 46 220 57 231 239 35 40 214 109 101 185 125 66 153 193 132 173 227 94 242 55 65 244 169 60 247 124 203 224 174 116 71 228 113 205 166 50 95 70 49 215 135 74 221 195 196 102 75 120 148 226 175 68 64 188 183 225 200 108 206 145 146 100 154 198 155 117 172 53 59 204 98 230 197 141 210 48 240 171 189 38 37 
7 : 101 143 57 136 131 164 106 121 41 132 95 203 72 138 144 216 212 73 158 74 190 28 105 142 58 96 170 65 128 59 217 150 84 229 169 193 51 110 113 220 200 201 242 151 70 155 232 139 161 76 45 233 
8 : 126 175 183 101 120 216 146 122 30 118 144 186 46 198 181 242 152 57 239 178 63 50 221 188 117 206 218 185 
9 : 224 110 216 92 60 145 182 167 32 52 192 209 125 173 222 66 163 94 101 89 45 108 244 68 202 233 228 239 67 85 210 195 168 159 53 43 139 105 191 220 198 109 146 199 187 87 114 161 243 57 231 155 245 140 102 42 147 201 136 237 144 33 73 58 64 78 79 211 82 177 247 230 115 50 249 174 127 37 203 55 38 240 227 135 51 47 200 138 176 217 59 116 238 34 93 
10 : 165 85 137 186 111 174 220 233 100 156 29 183 170 130 96 50 95 225 71 247 199 116 169 185 31 43 75 94 63 175 187 80 232 128 231 107 239 37 230 28 93 194 101 35 209 172 203 167 102 
11 : 240 115 84 94 238 126 199 127 92 153 180 120 237 78 209 135 56 150 71 142 41 159 77 190 96 171 218 244 36 145 221 70 55 160 31 51 76 217 38 234 149 154 59 101 170 162 226 173 100 249 97 119 129 236 211 210 216 205 35 241 137 196 125 99 123 58 46 63 68 197 50 86 245 192 247 163 
12 : 155 52 41 98 137 193 134 27 229 195 69 186 196 114 80 190 171 113 36 164 111 59 129 216 28 139 54 60 30 96 157 72 122 125 131 130 147 79 203 153 89 93 45 76 183 205 191 146 232 246 33 112 174 42 192 95 64 201 99 67 163 62 142 144 
13 : 178 108 203 105 188 78 30 245 149 181 67 164 240 58 37 148 48 169 88 86 85 92 96 73 135 29 158 124 195 81 75 189 205 98 165 99 109 175 45 224 34 241 161 68 174 156 103 118 32 117 134 244 142 214 43 27 198 57 110 183 236 125 239 217 101 229 119 206 141 39 221 146 130 230 171 116 94 147 172 28 243 56 246 54 89 91 218 249 112 44 182 121 79 238 213 
14 : 196 176 93 220 133 222 64 80 83 167 202 154 117 87 174 225 218 120 155 69 43 75 29 224 53 44 25 140 50 105 31 188 187 51 63 85 239 41 205 240 76 56 118 119 185 89 208 96 59 179 238 246 141 84 221 48 232 99 54 226 104 214 247 91 158 68 58 88 149 67 107 183 73 242 131 101 191 189 79 223 243 236 219 106 92 57 228 109 209 186 81 213 248 123 148 
15 : 92 156 184 245 27 109 60 191 185 207 162 163 202 124 239 238 143 132 194 120 173 146 81 197 25 101 88 76 99 35 211 141 171 26 204 123 140 230 61 108 200 150 39 79 73 246 154 37 225 102 224 177 75 178 45 28 118 82 247 226 48 51 169 215 133 96 160 105 111 64 145 130 34 198 229 142 179 59 125 213 187 231 116 
16 : 104 60 201 35 38 219 183 188 197 127 148 61 91 195 181 90 96 231 238 44 95 31 28 101 178 202 42 247 192 140 216 116 124 232 93 112 30 207 69 51 162 211 182 128 186 43 106 117 40 87 229 156 200 190 228 246 86 107 206 64 48 111 249 236 72 242 142 158 109 136 139 168 163 223 224 133 45 193 63 230 
17 : 176 226 197 125 59 95 185 243 103 122 80 43 64 105 157 129 240 235 93 211 183 38 120 167 241 134 145 245 225 146 140 236 149 160 232 
18 : 87 73 246 118 59 198 215 164 51 97 32 47 193 186 61 179 185 242 101 248 49 165 189 195 132 197 81 209 130 222 117 154 89 194 174 35 107 213 131 167 140 182 161 102 82 63 228 158 173 95 236 93 103 208 90 217 183 64 203 58 244 207 86 219 238 29 175 41 234 54 119 26 172 231 205 181 156 191 60 147 241 113 70 135 133 80 176 
19 : 233 139 215 65 245 97 166 224 95 201 216 109 164 58 223 46 128 197 94 129 244 154 25 191 27 199 228 98 39 221 68 48 81 161 218 50 75 204 144 40 143 
20 : 218 136 190 106 144 46 181 50 242 241 68 25 229 52 155 159 107 78 185 156 165 214 34 193 184 44 129 26 223 82 182 45 139 158 40 163 30 187 247 206 162 179 216 224 100 83 42 118 199 76 119 114 235 222 217 125 153 208 233 204 207 246 113 175 103 220 221 85 178 168 43 147 161 148 55 110 105 149 87 48 97 195 61 167 80 95 240 166 81 58 244 33 
21 : 170 120 93 57 141 175 206 246 148 202 163 35 194 69 79 108 89 188 178 192 70 68 33 237 211 122 48 58 153 240 47 159 133 92 56 169 104 85 224 138 110 241 182 26 43 96 208 54 29 66 101 76 249 180 199 154 221 244 226 27 145 219 115 91 51 144 36 167 191 171 230 86 155 212 217 129 143 200 186 41 77 73 227 146 161 117 228 201 46 187 
22 : 172 182 125 153 50 80 177 193 190 189 219 66 86 140 114 132 44 247 99 58 121 220 112 174 180 93 75 188 120 124 223 123 168 151 128 42 78 49 156 88 211 79 163 184 68 59 81 109 164 71 212 32 54 131 89 185 
23 : 147 51 62 221 225 204 81 110 73 216 80 59 146 229 28 185 135 249 214 89 109 90 120 190 95 133 32 167 131 78 101 106 40 27 124 71 198 192 125 242 50 119 239 232 243 
24 : 87 232 25 89 175 67 223 184 35 147 185 48 43 148 210 214 196 143 121 124 60 78 228 84 44 107 82 122 200 40 133 41 71 192 31 199 169 215 131 194 249 93 145 141 224 135 241 59 216 164 115 234 113 183 130 155 190 34 39 221 104 68 208 66 
25 : 53 244 41 71 205 124 110 137 233 231 163 35 62 157 112 198 175 154 65 125 226 79 249 31 220 126 63 95 245 150 207 167 104 130 55 217 103 48 118 
26 : 99 131 179 172 29 33 126 137 40 78 143 129 102 128 52 123 232 112 94 39 121 38 43 230 34 189 228 45 25 166 237 93 218 86 63 249 105 42 30 193 180 167 85 196 156 97 46 236 225 190 162 165 233 150 72 186 173 
27 : 72 166 231 48 82 95 91 158 78 177 156 233 167 43 176 70 237 115 137 34 58 112 199 214 122 63 159 108 232 146 109 38 140 238 32 121 71 243 205 59 242 26 57 81 179 60 184 111 102 49 249 224 149 42 195 131 228 101 192 75 170 89 200 80 107 124 246 162 
28 : 144 43 87 136 39 210 203 182 176 204 67 214 107 239 156 83 41 200 113 27 138 224 131 53 80 114 127 165 186 29 143 223 95 242 167 78 190 49 195 77 152 62 238 89 141 179 139 247 162 234 91 79 173 82 70 112 37 212 57 249 226 229 157 72 166 34 177 59 28 50 96 81 
29 : 62 189 112 167 221 107 106 249 68 235 74 240 201 81 171 92 119 143 202 109 108 98 228 58 214 247 207 173 152 209 216 88 205 72 
30 : 31 51 109 60 243 115 187 235 63 126 66 189 152 70 93 161 78 146 158 95 147 195 182 193 41 234 212 242 239 210 157 140 32 184 98 181 107 108 143 102 121 183 218 106 124 201 68 129 42 248 79 114 171 151 219 
31 : 248 124 171 47 69 198 116 66 170 207 73 111 206 190 217 62 125 92 135 210 202 88 156 249 228 214 86 169 68 234 230 233 98 109 144 215 70 113 56 205 221 167 140 173 53 232 81 153 182 126 219 26 110 132 74 78 25 57 176 63 138 131 148 91 209 122 75 80 43 242 117 177 165 37 65 52 44 32 212 49 164 226 95 51 103 239 139 105 27 244 191 93 84 159 
32 : 38 214 211 194 185 107 224 182 112 28 111 198 90 177 91 108 89 201 187 243 60 69 70 167 204 234 151 144 149 242 139 37 98 217 164 155 147 176 30 119 74 120 79 25 152 78 153 51 123 163 156 219 209 102 150 196 68 75 170 165 175 118 93 161 192 35 42 239 117 63 127 73 154 
33 : 242 75 199 105 37 144 119 116 65 78 223 176 146 32 30 172 226 104 79 204 136 82 180 83 142 184 159 70 120 123 177 152 69 103 197 183 130 108 107 194 227 181 237 44 86 113 87 247 67 166 25 182 155 232 209 114 111 26 98 64 66 171 211 249 196 173 141 150 54 202 149 93 106 29 234 124 36 62 207 198 39 109 248 185 186 203 187 137 47 55 125 233 
34 : 139 113 219 242 68 226 112 74 69 95 214 180 96 205 40 101 88 85 47 151 213 160 181 185 216 60 110 56 204 130 218 221 59 134 138 109 166 105 169 249 136 25 149 209 94 201 35 184 78 247 245 58 141 188 189 119 131 127 208 125 44 77 117 192 190 121 108 107 152 243 29 61 220 
35 : 245 192 143 59 68 160 180 72 43 213 98 237 142 164 146 99 39 26 51 73 49 125 97 63 163 122 135 114 55 145 211 178 133 103 88 234 212 
36 : 146 148 38 151 206 217 135 174 182 139 65 74 186 184 111 87 240 130 232 179 62 141 90 79 27 36 66 35 70 220 194 189 185 245 
37 : 31 102 201 224 93 246 54 127 218 184 144 61 235 121 186 137 128 30 46 151 221 50 130 64 68 101 36 225 113 45 181 161 215 146 174 108 207 228 44 153 249 187 62 
38 : 37 32 190 183 83 67 43 176 180 201 85 198 129 36 51 147 80 26 179 168 219 166 82 114 191 123 77 196 137 228 35 151 64 232 62 205 158 184 105 178 215 148 91 54 141 181 170 58 104 247 68 41 230 192 131 79 143 101 56 52 103 145 75 136 234 135 111 74 61 108 206 128 118 59 63 202 153 236 97 47 100 
39 : 87 78 229 141 204 158 33 184 43 197 54 211 182 244 143 30 83 232 25 195 67 173 213 52 149 207 224 62 165 93 166 150 130 76 190 133 59 102 50 112 181 96 178 217 40 202 189 159 121 243 163 
40 : 165 31 143 133 211 223 160 215 58 50 144 188 208 194 195 204 173 120 27 63 57 172 207 179 218 82 249 231 232 132 151 124 239 175 115 134 243 196 176 61 202 51 65 103 79 128 123 86 102 248 113 78 193 35 189 156 237 71 98 94 247 75 99 229 34 46 177 150 184 69 174 130 159 44 145 167 191 
41 : 78 89 223 158 175 222 138 243 150 140 178 169 147 166 127 246 90 157 200 236 245 149 215 232 239 205 196 212 230 159 171 96 52 146 137 40 112 41 47 136 99 240 104 152 75 38 221 44 234 142 46 79 237 210 
42 : 218 145 134 37 161 190 32 106 192 101 84 229 48 53 238 68 146 35 91 105 115 52 139 76 162 216 29 27 157 166 70 233 178 129 124 215 31 187 159 205 44 123 223 249 234 56 228 226 57 114 154 72 34 219 212 51 25 140 209 59 109 137 211 89 136 170 203 240 241 98 74 131 147 191 172 103 88 111 152 179 155 199 107 183 207 
43 : 234 218 27 131 238 204 143 228 96 25 193 214 85 31 120 186 29 148 59 95 112 243 82 79 48 177 121 203 154 108 33 201 65 206 240 138 49 156 246 45 216 94 231 175 84 105 160 83 40 127 43 226 229 118 115 173 114 225 44 242 169 37 128 162 
44 : 79 69 236 126 63 214 88 193 213 32 80 170 223 70 216 136 50 195 134 248 37 34 29 85 115 197 48 97 194 169 240 
45 : 53 152 198 193 116 100 90 88 162 35 241 154 170 96 214 42 111 236 118 225 51 52 196 204 64 239 165 66 148 153 210 86 63 187 203 155 47 200 192 199 133 138 150 168 56 103 80 182 110 70 230 238 25 228 237 99 82 233 247 79 240 144 207 234 229 129 26 31 73 74 160 113 194 209 172 120 213 177 137 156 219 232 212 36 218 39 85 215 
46 : 184 245 163 100 216 56 248 208 185 201 223 65 41 92 62 70 247 169 32 241 79 110 109 214 64 61 67 98 128 93 48 101 133 97 112 135 183 243 81 165 144 199 235 74 126 202 176 197 136 230 191 182 124 60 38 190 187 90 88 78 113 137 121 99 146 40 224 118 166 130 213 149 96 238 75 117 
47 : 70 208 88 104 149 218 233 116 227 244 105 195 57 114 236 223 48 199 141 155 25 248 50 117 78 179 26 119 238 237 130 137 231 219 68 62 243 36 139 154 172 80 222 200 138 159 235 173 127 215 34 143 39 59 54 56 61 209 58 
48 : 70 106 57 230 218 155 231 226 89 145 191 25 84 178 52 86 209 239 246 161 179 97 114 132 130 210 
49 : 244 42 95 173 201 187 210 99 83 48 30 207 215 219 43 165 121 41 167 220 122 192 231 107 93 222 71 166 139 186 89 104 248 68 33 76 
50 : 105 155 119 154 36 61 101 114 165 185 204 198 30 248 126 222 26 160 116 138 44 50 237 195 173 148 192 188 220 141 
51 : 188 230 127 52 209 129 60 123 167 148 181 55 144 214 189 94 228 47 225 73 234 216 95 58 37 232 122 160 45 186 210 48 61 164 231 143 82 105 39 211 38 146 93 246 84 153 180 236 138 226 83 81 194 96 75 72 195 139 174 219 229 137 165 244 29 99 70 191 163 40 218 125 103 182 158 190 33 
52 : 64 140 221 246 146 173 220 218 148 224 46 98 86 182 90 117 205 32 36 231 136 102 125 226 169 156 29 75 155 191 158 135 244 242 137 243 185 106 152 166 245 183 232 81 120 59 236 167 175 57 30 96 216 
53 : 61 167 132 242 238 155 109 122 54 181 203 159 75 227 169 175 158 84 173 89 163 229 188 236 245 150 73 48 170 102 213 97 81 205 36 154 25 194 182 28 98 149 35 195 27 82 131 232 65 111 226 180 41 211 66 209 80 44 79 231 183 143 186 168 51 207 39 52 
54 : 187 246 189 192 26 89 62 127 248 121 80 215 28 108 239 81 200 136 206 173 88 217 94 67 207 185 38 214 50 40 93 102 45 96 123 107 31 218 216 181 
55 : 234 165 190 211 248 155 95 133 194 153 175 212 172 105 177 102 239 243 139 60 217 213 188 59 220 166 191 198 96 214 159 57 38 70 91 150 136 128 51 161 244 236 241 118 39 154 63 25 138 27 149 109 85 237 65 112 78 182 132 88 45 158 97 232 187 126 50 34 107 204 240 56 69 117 114 
56 : 212 26 39 158 117 142 123 69 189 27 215 228 208 217 57 43 59 143 237 247 48 115 210 194 183 77 119 178 209 223 132 133 121 175 67 200 240 114 126 145 181 58 68 220 136 238 105 49 233 199 28 138 225 85 176 52 109 
57 : 83 69 70 206 130 230 115 72 236 231 180 48 177 169 239 190 43 75 144 122 71 33 77 222 183 62 79 195 157 219 111 155 142 153 160 54 108 123 194 228 30 171 78 89 59 26 146 150 232 132 42 217 165 100 141 229 47 176 198 61 46 234 38 104 95 
58 : 224 160 180 192 137 214 181 157 53 223 243 140 81 30 237 97 130 225 82 189 100 69 75 150 131 170 48 120 169 248 67 38 78 42 167 124 149 185 218 152 249 86 28 242 153 62 217 89 47 143 200 29 186 111 66 212 183 71 58 34 174 74 73 146 56 171 197 
59 : 133 122 106 108 151 239 192 142 84 56 212 216 51 66 61 210 86 59 125 49 90 211 238 236 170 237 42 244 175 70 120 234 27 248 145 168 105 103 242 159 119 30 148 31 164 96 113 89 137 146 141 174 160 202 
60 : 118 193 68 204 117 26 241 157 146 46 128 37 35 62 246 173 105 50 178 29 54 215 130 158 214 113 245 156 164 198 
61 : 180 38 45 216 74 55 44 183 184 48 176 185 89 201 172 110 113 47 197 227 235 116 234 42 151 241 210 220 228 
62 : 207 97 114 190 138 213 196 140 58 56 158 99 178 134 230 85 70 184 135 94 59 52 223 216 176 54 147 57 214 166 90 219 63 69 73 108 249 183 194 113 103 204 30 153 155 201 44 117 168 
63 : 157 178 121 225 162 106 86 125 36 172 235 69 215 35 129 134 191 72 181 29 44 143 247 116 167 189 249 80 99 142 231 32 183 223 27 165 87 42 70 198 203 242 141 126 221 96 229 75 151 115 192 66 43 97 55 137 94 39 119 84 174 207 45 93 234 194 159 212 77 240 91 73 127 176 81 180 217 186 182 228 
64 : 54 121 99 153 204 237 174 210 44 138 45 233 106 59 154 224 185 157 118 124 65 82 51 181 246 26 37 235 168 238 242 207 144 83 183 175 249 112 32 47 236 167 60 225 226 173 176 122 90 200 220 33 152 53 101 130 93 135 133 29 202 194 127 143 52 208 189 192 244 77 147 142 49 193 85 132 73 96 123 74 188 222 43 116 
65 : 79 91 118 106 229 102 115 221 167 152 49 155 124 146 174 244 36 233 213 80 226 179 149 186 87 151 28 239 164 203 194 231 104 154 30 123 121 67 202 240 180 52 109 137 61 232 209 150 84 188 
66 : 177 210 148 215 246 174 96 75 175 231 212 81 28 63 162 192 236 203 140 223 206 79 121 213 92 26 76 163 73 198 189 37 34 111 155 190 238 71 138 135 133 60 29 125 220 41 158 195 179 123 99 40 88 127 225 208 44 43 145 129 165 224 181 83 42 153 201 182 112 77 150 104 247 118 51 239 89 124 86 53 
67 : 75 133 131 127 244 119 232 106 211 170 208 78 34 79 33 25 58 191 93 29 246 108 156 107 55 205 183 122 224 129 219 135 113 92 215 126 245 40 174 221 181 98 242 210 182 
68 : 156 73 142 123 181 194 188 183 94 204 157 110 82 211 182 205 62 135 29 155 63 78 241 144 238 54 34 171 239 102 70 249 152 137 113 168 39 226 149 159 27 72 248 169 237 42 126 36 90 130 33 158 186 122 32 50 221 85 222 124 178 93 59 167 148 103 127 151 81 
69 : 211 193 217 30 125 162 129 201 102 226 157 146 113 89 136 150 100 139 137 107 44 62 171 112 221 103 223 83 91 147 36 99 165 207 59 141 243 108 204 55 133 131 86 249 172 81 238 132 215 164 115 34 148 236 170 74 126 61 72 224 45 195 205 48 198 155 185 145 234 187 190 49 88 43 197 231 153 225 128 114 40 209 119 123 124 94 78 
70 : 212 30 71 153 125 123 73 52 245 158 120 223 167 55 161 154 129 34 60 174 221 57 49 128 66 197 97 85 83 25 42 184 193 76 142 84 108 87 35 28 77 201 96 38 242 226 53 173 59 238 127 106 68 140 138 211 185 91 137 240 246 81 233 202 178 151 187 179 243 37 207 26 172 237 56 181 191 210 74 121 
71 : 176 153 71 112 115 235 109 143 169 239 157 233 247 221 190 163 240 122 134 35 84 108 229 140 76 80 184 181 103 177 81 51 44 218 236 238 150 56 223 179 248 135 67 93 82 245 63 45 220 86 173 196 39 75 50 36 89 213 99 195 209 55 170 165 27 111 152 142 69 41 202 113 198 127 137 175 226 96 201 139 172 100 206 149 191 210 31 78 25 125 138 116 38 
72 : 207 104 41 100 49 58 110 51 118 156 165 230 170 54 215 91 141 173 60 150 87 70 55 200 175 154 153 214 103 
73 : 118 245 208 44 222 219 109 212 184 129 119 110 185 71 97 227 166 213 48 217 64 36 104 156 187 99 116 235 195 175 155 169 100 58 40 94 91 
74 : 222 209 26 200 38 220 111 83 159 35 94 206 49 75 41 224 117 79 71 29 36 97 191 37 185 233 231 130 170 199 25 64 44 218 135 45 57 99 52 151 31 100 247 121 143 30 204 184 150 137 187 136 96 34 172 32 132 148 120 149 46 78 208 243 58 171 198 194 107 152 127 176 227 67 131 47 223 203 65 102 70 89 134 50 
75 : 39 138 176 62 211 112 142 186 64 117 154 174 165 100 132 173 203 243 185 95 144 168 153 113 180 37 68 92 99 208 207 115 166 219 72 248 126 135 178 169 216 73 160 50 193 40 231 
76 : 239 46 132 116 138 229 199 236 48 34 91 39 213 245 248 142 240 147 84 67 212 247 217 57 134 50 192 183 188 175 232 230 177 106 210 97 194 167 220 158 234 31 37 120 186 215 178 218 73 131 78 151 85 79 139 209 33 171 187 90 126 29 52 98 83 165 159 32 182 75 71 
77 : 223 181 131 163 225 233 69 102 92 218 220 191 106 155 50 245 224 30 232 201 161 61 190 65 70 177 54 156 118 110 112 
