0 : 31 39 81 57 6 19 49 48 4 26 62 34 45 84 99 63 43 76 95 88 10 74 64 98 91 78 24 55 97 71 66 5 18 85 96 61 40 46 54 67 0 15 65 37 94 17 1 22 11 
1 : 0 50 31 56 55 58 43 96 81 26 71 34 68 12 29 76 99 22 30 75 10 11 73 64 69 28 59 36 92 57 21 74 32 17 70 72 89 87 80 88 44 46 16 63 53 9 37 3 77 24 2 19 33 82 5 13 86 85 18 98 52 42 47 93 14 15 97 65 48 60 40 84 1 94 
2 : 88 10 31 50 1 46 62 2 86 30 39 6 0 84 43 92 65 27 68 42 57 37 99 81 93 
3 : 41 25 26 66 35 29 43 8 76 22 99 70 28 42 69 
4 : 96 17 76 62 85 35 66 92 28 95 12 18 15 7 59 8 98 39 88 14 83 91 75 58 46 70 33 45 97 31 47 61 26 94 77 21 38 72 1 3 73 99 6 78 42 48 89 22 32 50 24 65 49 4 30 56 67 71 90 86 74 68 29 51 54 
5 : 77 32 33 20 88 44 5 28 85 83 16 87 10 51 63 91 97 25 84 4 6 14 70 48 65 15 23 38 49 47 0 60 69 43 27 67 41 74 37 1 53 36 9 80 94 3 12 86 96 
6 : 50 18 51 44 42 25 96 90 0 88 39 4 52 68 19 36 98 71 92 3 89 
7 : 10 70 55 3 57 13 48 98 38 73 7 64 34 54 32 16 92 9 1 76 68 23 63 19 69 27 
8 : 38 62 24 71 54 31 61 87 72 1 33 43 66 36 59 95 6 55 73 83 93 70 40 14 76 85 3 25 69 42 53 9 19 98 34 4 86 35 45 29 57 26 84 68 2 78 16 77 21 37 10 11 30 79 80 13 
9 : 55 54 21 97 6 63 46 14 87 26 58 41 36 24 15 35 33 13 60 
10 : 46 44 31 33 87 83 70 84 3 94 6 49 18 61 13 32 62 93 8 97 15 96 65 9 89 58 52 40 95 28 69 98 71 43 36 7 12 51 50 4 38 35 56 57 92 23 25 45 1 79 41 59 67 80 2 90 21 17 75 11 85 34 72 86 82 76 5 
11 : 41 6 53 93 88 19 97 8 54 
12 : 75 24 36 30 47 23 7 94 12 27 43 25 50 84 33 80 98 91 6 40 48 20 61 34 22 83 62 51 29 72 14 66 
13 : 26 33 89 5 59 24 94 85 81 77 18 49 41 66 67 36 84 68 38 25 46 76 30 65 62 96 12 43 78 79 72 87 19 39 0 60 42 31 91 45 14 52 7 6 82 13 40 95 22 47 63 17 71 2 23 74 28 
14 : 38 94 17 8 82 95 15 6 41 70 62 52 
15 : 39 57 69 54 10 52 22 6 9 3 5 41 50 49 61 23 33 60 92 83 46 70 78 35 96 79 58 0 20 21 
16 : 93 20 67 35 9 48 49 4 16 41 96 61 37 50 90 81 75 56 85 97 54 65 83 87 57 14 88 2 1 62 22 52 60 46 68 92 3 40 10 27 55 47 70 11 64 71 32 34 15 58 45 39 25 28 26 63 21 36 72 53 12 18 51 30 5 84 29 73 86 6 89 79 
17 : 23 85 40 7 65 71 99 10 24 87 76 98 57 68 81 25 16 72 34 18 44 53 48 86 97 
18 : 19 22 44 71 53 96 84 46 59 28 88 40 52 79 5 24 86 1 57 77 
19 : 0 48 92 7 82 69 83 19 12 55 37 72 51 53 39 76 86 73 43 17 89 40 13 57 71 2 1 35 52 88 74 44 56 14 65 50 25 16 75 60 32 47 81 66 10 34 
20 : 36 23 90 34 37 28 9 56 97 12 98 25 21 46 93 88 1 4 75 99 94 96 84 10 11 85 49 68 39 40 42 31 57 80 79 77 89 78 15 69 18 14 24 20 22 35 55 52 64 38 17 74 60 62 81 29 27 48 50 8 61 65 41 86 44 
21 : 46 50 3 28 15 57 91 20 6 16 54 7 79 66 52 9 39 30 44 19 
22 : 95 2 43 72 4 69 10 64 12 0 92 74 46 66 97 89 30 40 65 15 47 98 83 91 42 35 36 85 38 21 28 55 62 57 86 25 82 37 9 96 41 29 80 18 7 45 94 71 67 68 50 77 32 58 24 51 33 23 90 11 48 20 
23 : 3 29 17 99 2 93 72 65 75 86 23 62 55 51 43 5 8 85 66 80 
24 : 42 49 72 15 
25 : 91 20 55 31 56 60 2 99 
26 : 69 57 39 18 53 7 51 25 60 99 88 76 19 10 34 47 68 50 58 77 94 8 44 85 6 40 45 89 56 86 98 22 79 3 59 1 73 75 92 62 0 97 65 
27 : 60 18 34 77 53 71 43 61 15 84 17 36 70 9 83 8 62 86 90 91 33 97 5 76 2 3 57 59 7 23 50 88 92 69 67 6 82 45 19 89 63 29 12 54 31 39 11 52 0 44 46 49 96 38 28 32 66 16 58 20 74 42 40 65 80 94 93 
28 : 24 85 95 93 88 80 1 32 40 44 79 22 91 98 6 14 84 48 5 82 20 87 69 54 34 68 16 75 72 21 31 17 39 35 4 62 76 33 37 7 96 15 47 64 18 71 99 45 58 55 38 42 57 60 94 83 78 36 56 77 89 30 63 92 49 59 46 29 90 2 0 86 74 
29 : 69 39 65 64 18 12 29 47 9 44 22 45 23 56 62 10 87 78 59 67 95 41 79 8 85 35 42 53 40 6 3 43 86 32 71 
30 : 5 67 74 30 70 22 1 75 59 21 97 78 58 15 61 50 54 26 49 91 65 9 43 34 76 37 10 89 71 7 23 20 52 85 66 84 88 99 51 28 56 3 90 12 57 69 8 64 19 81 82 0 87 35 2 48 24 42 60 27 17 86 13 73 68 
31 : 31 90 72 38 22 21 11 37 76 25 99 74 18 14 91 89 0 49 41 71 61 63 84 59 51 94 53 60 98 17 39 5 95 44 19 35 50 93 16 47 26 3 88 48 
32 : 99 44 51 12 68 11 22 76 69 31 5 3 61 81 54 78 91 70 9 2 48 10 16 65 29 27 52 
33 : 21 52 85 43 70 61 48 67 59 34 89 12 32 2 51 92 56 29 38 83 72 22 74 81 60 37 76 44 84 94 46 31 64 28 82 
34 : 64 71 48 26 41 22 79 81 88 68 84 67 53 69 77 39 11 51 3 57 98 49 44 6 55 9 75 92 2 62 74 32 66 42 94 14 29 80 23 95 58 35 50 28 19 24 4 73 59 86 34 85 65 21 13 45 90 97 5 
35 : 1 99 30 
36 : 37 57 18 8 87 4 49 99 0 21 96 15 27 50 25 26 41 
37 : 42 76 13 24 64 46 89 26 54 83 10 7 27 33 11 68 91 25 34 69 99 36 65 73 57 31 44 62 61 8 92 85 41 3 1 59 90 84 16 28 0 19 43 95 66 
38 : 51 63 61 44 60 50 24 20 79 78 7 89 71 73 31 38 34 25 36 54 97 90 10 82 48 45 84 47 11 15 18 8 4 1 46 91 96 94 69 33 43 77 2 80 14 98 67 26 68 76 74 5 37 6 66 32 0 41 53 58 88 95 28 40 
39 : 83 43 33 91 19 44 21 6 47 56 74 8 82 62 51 68 37 75 78 3 42 79 97 76 40 20 1 72 9 48 28 46 77 55 66 84 50 85 24 35 17 7 52 34 61 29 49 
40 : 54 6 49 44 13 85 43 71 94 34 63 42 65 67 4 58 21 1 15 69 62 50 93 
41 : 67 73 39 95 85 75 60 19 94 12 97 57 58 35 89 36 71 34 76 78 93 13 62 44 96 25 83 66 14 91 4 50 43 21 
42 : 47 57 39 0 62 43 11 54 84 16 33 12 66 97 10 41 19 4 35 21 46 78 64 37 76 90 85 28 24 61 98 55 8 27 17 
43 : 17 83 21 85 13 1 42 71 22 96 62 45 63 28 94 81 34 70 3 90 12 74 69 30 52 50 14 59 16 
44 : 61 98 84 29 39 62 1 3 9 90 94 34 42 71 59 74 70 27 53 32 78 43 96 57 50 80 15 37 49 
45 : 83 78 73 25 95 99 20 0 42 28 47 44 43 37 32 55 30 75 64 88 79 50 86 38 5 12 68 58 67 17 98 8 4 27 59 3 
46 : 94 96 34 58 54 38 55 64 51 90 88 49 17 84 97 87 15 27 67 91 8 69 82 74 46 33 24 85 16 20 53 70 81 57 92 31 56 59 39 10 40 52 63 
47 : 50 52 27 98 17 51 30 
48 : 66 59 3 14 58 68 83 18 46 20 48 50 5 93 41 86 49 62 2 88 70 26 0 29 8 98 72 81 52 82 39 43 91 89 45 1 11 4 61 22 92 74 63 9 71 35 95 64 10 32 36 78 75 17 73 31 84 13 
49 : 34 12 6 54 79 67 16 5 24 18 4 11 27 71 40 87 43 78 38 59 91 92 56 49 51 7 94 15 77 80 82 90 97 76 83 55 58 62 69 57 95 35 63 48 28 93 46 19 96 84 41 
50 : 63 80 29 91 5 15 49 69 67 27 8 47 35 50 76 83 99 98 85 2 74 60 53 54 42 37 94 38 14 10 
51 : 70 33 96 68 13 76 61 1 41 97 72 37 15 5 88 54 23 90 42 9 99 44 53 57 28 8 4 12 83 91 52 47 24 58 66 48 63 40 14 22 71 35 38 6 43 45 56 73 92 49 94 30 17 62 36 78 86 27 80 51 65 32 89 79 59 
52 : 80 34 74 82 19 58 45 49 48 79 62 57 38 4 22 68 66 5 43 13 25 44 60 88 71 53 84 86 56 51 97 8 15 18 35 63 41 
53 : 78 81 82 86 64 88 22 34 97 5 10 90 50 73 28 9 35 16 48 39 11 24 29 4 66 
54 : 8 78 40 60 35 65 70 94 29 89 9 17 49 34 24 69 27 39 93 64 16 32 74 31 57 71 82 7 11 4 22 12 67 77 14 26 92 23 13 99 54 56 61 76 53 44 85 55 3 48 91 59 90 25 95 97 96 21 33 38 72 73 66 68 46 75 20 
55 : 28 64 93 5 35 23 38 65 74 79 82 3 
56 : 94 58 61 98 26 97 13 39 2 71 76 11 53 31 28 41 35 24 27 32 63 75 4 18 59 5 93 38 23 17 67 12 47 95 55 57 78 92 89 1 15 74 48 79 50 72 6 7 65 62 0 30 22 90 70 52 
57 : 32 21 51 12 19 42 28 91 87 1 23 49 93 16 40 6 76 97 99 94 55 70 89 39 27 96 0 34 22 58 7 73 29 8 20 65 54 52 95 37 13 2 62 17 72 75 80 38 14 69 74 77 44 81 92 56 90 98 48 66 68 
58 : 27 31 2 38 12 76 33 46 56 88 13 51 22 35 71 45 66 65 17 61 93 18 34 95 75 47 39 98 36 40 0 19 94 1 44 4 52 41 37 55 23 72 99 89 48 42 8 
59 : 79 19 91 12 55 96 13 1 68 30 6 86 5 10 8 11 35 28 75 42 77 66 74 67 33 
60 : 99 51 84 73 60 58 62 19 0 35 1 87 55 91 21 46 67 57 94 38 90 3 45 79 66 6 69 26 54 2 56 71 86 33 76 40 12 44 64 25 70 74 
61 : 24 72 65 35 40 41 49 63 34 5 20 36 92 47 6 77 68 66 94 76 93 2 59 74 37 67 22 33 50 15 12 60 97 26 81 87 16 99 98 90 84 0 45 44 18 
62 : 13 98 60 47 50 
63 : 61 89 87 22 75 67 77 69 56 16 98 83 57 39 95 29 76 74 63 46 44 37 6 1 20 93 8 70 85 42 2 32 53 31 90 73 10 11 51 43 40 14 30 65 54 96 80 82 58 26 33 60 62 72 24 66 55 4 35 17 18 19 15 79 
64 : 87 83 20 1 63 62 18 90 33 68 0 94 44 40 84 24 5 4 78 34 
65 : 70 56 53 77 18 9 39 83 3 47 66 2 0 23 63 46 10 34 13 6 84 7 51 27 14 37 33 43 69 67 54 4 1 85 31 11 42 90 52 22 76 28 99 20 96 80 92 78 91 36 30 40 57 45 68 19 61 32 74 16 75 60 62 94 15 48 44 82 98 
66 : 36 83 58 6 18 82 9 41 54 91 51 93 65 32 63 21 97 3 31 99 92 95 49 15 48 59 22 40 68 45 74 50 88 71 34 2 70 84 37 75 94 20 64 33 67 52 55 89 44 85 11 96 47 12 76 28 42 23 72 16 
67 : 79 17 92 47 15 67 89 61 27 55 23 37 
68 : 34 9 89 56 36 60 86 70 93 71 39 84 55 19 52 49 61 32 44 35 18 77 66 95 30 69 62 15 26 63 75 83 25 20 82 5 68 17 23 33 0 2 51 48 
69 : 94 44 95 41 5 76 37 45 80 18 42 93 20 25 31 19 60 51 
70 : 58 86 67 94 80 17 79 81 82 37 4 28 30 49 63 62 16 83 40 11 52 18 12 2 33 93 69 
71 : 49 97 69 62 74 59 58 68 2 22 92 30 24 55 98 64 35 13 45 10 5 39 17 63 94 54 51 33 83 77 32 
72 : 15 50 7 47 38 40 
73 : 30 19 44 96 64 40 42 9 82 28 
74 : 7 59 93 82 9 38 51 68 75 28 91 67 95 13 15 54 74 29 8 98 25 24 1 12 87 16 11 73 85 37 40 86 58 22 19 30 
75 : 17 91 93 62 31 73 1 61 82 50 76 58 92 13 42 53 24 75 8 95 25 9 65 11 63 36 38 
76 : 81 16 62 76 38 86 36 22 71 51 46 53 28 65 18 31 
77 : 47 53 60 73 62 83 71 50 49 43 48 1 0 94 6 
78 : 78 68 32 20 28 26 84 53 81 15 54 42 99 4 43 70 56 10 74 89 0 76 35 
