0 : 221 185 100 44 202 191 199 63 152 201 33 243 122 36 43 112 194 130 146 103 48 226 143 95 231 119 47 138 133 114 50 79 222 200 241 82 237 94 58 174 177 227 35 113 32 245 108 134 92 
1 : 165 132 41 174 149 142 46 105 85 177 196 118 37 69 25 86 222 201 169 192 145 135 40 214 246 237 79 136 164 160 62 125 175 73 139 58 133 112 248 100 216 137 152 198 225 185 50 181 191 182 51 99 240 39 61 130 102 109 77 27 141 64 183 56 156 117 82 167 244 44 217 67 224 30 80 161 28 78 179 215 157 144 241 143 153 47 140 94 52 138 212 38 45 92 
2 : 85 61 149 165 88 32 54 76 169 201 130 28 100 203 37 200 102 71 150 77 143 241 240 46 64 68 91 233 122 35 43 219 162 30 121 243 27 111 238 158 52 44 248 136 134 110 131 234 62 106 152 156 213 56 171 227 135 124 58 159 161 38 96 94 101 211 221 199 132 115 99 246 129 
3 : 137 210 88 102 213 237 121 46 228 179 119 145 45 95 86 123 130 28 31 191 63 234 66 89 79 141 154 58 202 246 182 59 120 168 196 198 226 
4 : 40 134 47 76 59 118 181 241 132 135 112 180 176 147 226 108 75 162 110 230 125 39 31 91 77 243 123 236 195 113 239 97 37 114 171 207 178 172 32 131 148 81 38 194 203 152 228 220 235 153 146 44 245 231 79 71 196 
5 : 84 67 31 125 150 160 32 168 197 202 35 163 78 146 90 103 45 98 118 176 195 64 240 69 76 131 139 124 99 88 232 241 210 186 171 175 204 126 189 247 157 50 34 218 245 55 156 237 216 130 203 36 37 129 117 159 209 162 80 185 242 193 239 229 63 145 54 71 200 196 85 205 70 167 49 154 235 58 116 62 38 
6 : 136 47 230 57 222 182 221 168 211 123 55 189 60 223 138 46 190 120 124 76 229 243 103 33 205 160 129 28 59 56 141 132 110 119 
7 : 65 66 210 116 129 79 41 75 224 115 101 122 186 244 166 72 68 168 36 242 235 206 62 130 163 237 77 191 98 145 138 213 140 37 31 26 180 89 176 230 142 73 87 95 94 105 148 91 38 164 212 96 167 162 171 233 83 52 108 181 54 25 84 165 220 143 155 60 183 78 214 240 199 188 228 50 248 86 
8 : 146 83 178 145 88 73 44 62 36 181 154 86 144 74 51 180 204 67 242 56 85 35 48 143 121 208 224 239 122 93 203 104 206 167 244 201 92 237 156 141 184 245 136 172 31 102 125 200 229 150 212 142 43 233 226 236 207 149 214 216 183 118 177 96 215 115 77 132 166 152 47 37 171 25 230 199 213 107 194 42 221 71 130 112 147 169 
9 : 221 222 159 208 176 40 87 96 142 90 122 123 133 216 36 185 135 85 140 148 56 199 215 151 100 88 37 54 107 209 57 174 165 184 41 167 55 247 130 92 206 75 212 192 101 237 70 152 78 157 177 83 202 203 191 25 231 153 28 244 240 74 210 53 127 217 248 230 68 52 
10 : 28 122 167 96 211 65 244 174 183 204 231 218 197 75 120 248 155 106 200 81 99 221 165 182 238 128 206 53 101 71 37 190 136 241 222 149 57 92 191 77 225 172 166 84 133 26 67 72 29 90 177 192 78 243 43 156 89 169 216 150 230 189 129 226 180 179 163 239 202 32 219 215 70 154 161 63 94 40 58 97 143 229 175 51 47 64 
11 : 225 149 189 199 235 205 137 131 155 219 179 203 98 240 166 223 56 224 35 47 65 139 229 97 152 44 79 245 46 136 129 167 90 182 37 151 128 87 88 196 169 102 211 123 40 171 158 67 227 222 194 113 209 216 61 112 55 116 119 249 80 36 213 127 206 172 51 144 221 140 109 77 64 244 180 108 148 72 124 42 54 157 
12 : 226 42 44 231 112 178 77 135 120 67 114 177 46 110 249 189 63 229 181 60 98 76 105 167 33 210 192 164 168 235 102 165 152 28 52 234 144 182 56 225 39 61 129 206 116 66 134 88 117 153 221 40 84 106 137 175 184 71 223 185 62 85 180 35 158 145 38 203 187 
13 : 243 159 136 123 95 83 169 242 128 109 84 55 221 92 168 203 82 71 67 102 29 99 192 198 180 28 183 121 49 34 216 143 157 101 86 175 170 134 76 174 119 40 59 177 229 104 213 126 89 142 41 87 146 139 185 57 247 235 66 74 94 145 179 141 211 107 205 195 186 208 61 184 120 70 43 129 178 230 133 219 187 62 150 135 65 90 215 156 125 162 93 200 110 167 
14 : 48 183 202 102 150 91 77 158 188 46 240 187 105 62 50 100 220 65 41 232 210 70 81 160 115 31 216 137 241 131 191 207 53 201 209 148 92 57 217 73 181 173 169 58 38 151 68 71 214 223 233 124 126 178 182 218 40 103 249 136 55 
15 : 89 196 151 215 162 43 143 242 232 111 50 180 171 225 96 117 35 150 61 175 189 70 147 238 186 120 130 54 152 200 47 76 83 207 195 27 247 144 245 168 222 36 93 32 107 88 198 169 102 57 55 69 128 137 211 98 75 233 182 142 201 121 221 229 33 122 170 123 112 248 49 172 46 77 218 116 193 109 163 113 48 
16 : 90 189 184 173 59 99 108 140 63 103 29 78 116 166 162 229 133 153 154 176 240 238 152 207 36 172 71 111 227 124 201 34 102 26 244 74 224 93 131 76 241 222 142 200 215 51 237 190 125 165 128 115 217 141 137 117 157 135 248 67 156 38 228 231 186 179 194 177 187 86 55 143 174 236 139 49 220 66 188 77 158 246 50 199 216 85 209 122 151 35 53 202 31 105 197 127 234 214 54 120 113 
