0 : 179 59 160 241 216 132 85 67 240 105 84 248 27 69 239 170 211 201 164 206 161 39 167 60 49 168 212 
1 : 93 161 205 231 68 130 191 119 201 158 118 239 186 149 152 126 60 108 224 104 175 112 78 225 245 122 27 25 81 235 54 98 117 33 75 100 214 89 150 165 26 106 59 240 216 97 45 246 146 
2 : 133 193 125 162 26 112 33 75 132 50 197 185 120 215 37 194 231 73 242 153 54 148 233 55 30 119 222 159 213 171 71 36 86 168 101 29 31 192 207 156 122 232 99 163 216 191 94 126 220 203 35 131 79 245 89 42 218 228 47 48 223 244 128 204 106 150 189 236 81 201 167 76 174 
3 : 234 87 98 244 228 152 97 26 137 31 41 66 180 248 112 190 45 158 72 82 215 247 86 85 47 128 57 96 40 150 91 192 88 218 90 176 238 111 233 149 123 136 198 214 56 69 55 249 212 153 
4 : 137 197 150 96 151 59 199 48 114 164 219 52 156 53 33 70 187 236 244 115 203 81 216 231 230 43 58 163 65 142 93 30 226 248 60 63 162 190 173 192 215 113 176 249 224 46 222 172 89 75 145 27 106 208 54 72 188 246 247 229 183 158 107 167 68 168 86 186 105 157 221 98 100 201 170 194 169 184 213 195 228 71 160 82 32 
5 : 62 127 246 70 109 132 87 122 48 121 175 107 220 141 193 239 136 101 85 67 42 128 65 96 171 79 231 244 104 114 93 223 40 142 143 78 112 213 210 148 211 32 174 229 137 208 188 197 88 89 204 183 242 159 151 176 202 86 41 178 125 207 228 158 37 91 155 66 82 248 60 182 172 120 35 160 49 
6 : 197 88 209 143 152 164 54 120 128 244 77 62 146 51 245 203 117 135 131 72 225 234 150 141 116 121 31 155 229 145 248 176 57 161 194 45 99 92 
7 : 237 30 220 178 100 88 187 191 120 70 170 51 95 189 27 188 46 119 142 123 249 41 154 145 223 45 87 38 62 207 149 180 234 32 
8 : 69 129 197 143 218 223 199 82 77 136 113 215 233 184 87 206 118 44 195 163 225 167 187 192 115 229 205 72 166 154 181 59 31 109 112 121 
9 : 178 173 69 81 58 217 117 76 189 229 199 96 62 195 138 38 128 90 225 33 124 162 241 135 205 91 84 94 216 85 29 99 159 127 149 44 208 82 129 72 64 206 168 92 219 184 185 97 227 201 53 40 32 148 136 169 165 142 190 146 200 177 
10 : 232 73 54 60 158 125 171 93 101 185 241 30 113 82 62 107 239 119 222 180 243 165 88 181 105 197 146 159 74 100 235 227 33 178 167 97 136 219 211 173 229 25 202 175 154 176 44 41 225 242 240 247 139 78 95 244 31 39 236 212 153 
11 : 180 200 232 124 242 28 25 236 71 66 37 164 121 234 115 211 49 109 233 119 184 204 120 174 45 74 62 172 148 245 182 35 100 216 147 249 129 85 226 169 102 72 143 157 91 46 187 32 224 212 77 101 203 64 114 178 161 208 112 51 83 225 29 141 198 220 57 26 158 173 108 155 
12 : 178 153 231 233 119 64 171 227 213 42 211 228 226 29 40 69 130 207 85 240 71 219 167 26 244 191 28 249 184 131 146 60 200 183 143 160 133 63 67 132 37 217 206 76 43 79 161 195 198 86 242 82 107 159 236 126 150 52 46 234 88 111 210 182 35 176 197 230 149 
13 : 248 135 76 114 208 88 32 165 87 199 73 52 69 100 31 155 83 67 182 225 181 139 189 171 112 226 63 72 147 193 53 33 41 196 215 
14 : 151 183 102 36 227 220 54 53 139 215 93 188 204 207 211 101 129 63 41 26 55 208 110 85 119 135 73 156 194 216 
15 : 200 113 233 134 32 246 46 39 55 133 40 174 140 225 148 82 198 25 159 37 35 142 61 188 93 121 79 177 50 145 221 157 124 54 100 189 187 206 43 62 229 120 
16 : 175 31 47 59 72 71 122 235 222 44 164 111 41 215 213 151 179 29 48 103 60 84 221 45 167 135 70 131 204 158 241 193 57 159 134 210 225 37 118 110 114 42 121 130 32 116 65 79 174 230 95 123 119 69 98 185 161 27 155 178 88 202 30 229 80 220 28 242 198 94 190 55 248 216 195 104 
17 : 185 51 105 221 227 172 136 247 39 38 30 240 119 140 88 246 72 55 175 33 89 125 132 28 87 182 106 146 166 128 62 54 66 193 118 234 196 219 111 101 144 92 212 203 142 167 156 149 241 53 236 83 99 135 190 239 143 195 186 103 42 155 31 147 141 170 238 77 
18 : 70 183 159 239 172 132 26 94 188 150 34 210 167 51 96 162 140 30 179 125 54 234 50 64 223 108 160 149 164 224 203 124 91 88 
19 : 227 60 193 65 75 153 84 236 35 192 182 217 90 38 143 45 163 80 242 61 116 123 141 225 138 82 79 214 37 107 238 33 198 70 54 44 127 128 42 209 180 232 32 211 52 140 144 229 36 133 40 95 134 219 113 41 119 170 76 110 235 234 56 118 142 173 49 78 129 200 246 29 120 189 64 34 241 149 157 59 115 71 249 199 97 178 
20 : 191 194 164 126 57 88 244 38 219 228 225 122 129 154 34 161 100 92 69 217 51 76 58 145 83 118 25 237 46 73 66 138 144 210 212 128 81 41 137 29 87 180 240 78 101 155 32 243 242 188 151 197 195 74 234 181 190 64 218 187 215 93 230 98 173 44 238 36 48 153 37 96 90 130 86 75 65 116 31 135 162 152 56 45 134 143 200 
21 : 116 64 43 140 248 105 118 94 211 138 231 80 160 61 163 149 207 166 232 214 246 42 157 230 117 
22 : 43 65 190 111 204 139 225 75 143 74 220 152 41 199 71 121 104 144 166 224 114 31 171 115 69 140 210 27 222 35 213 89 123 205 116 58 92 203 105 185 68 154 125 230 113 163 78 122 32 151 54 131 26 87 91 149 42 182 174 179 52 90 
23 : 56 214 78 100 52 220 159 39 99 182 94 134 65 179 195 186 35 73 233 196 126 119 140 101 236 40 212 193 150 135 164 79 90 33 27 145 113 28 124 63 98 66 88 156 151 183 106 180 243 163 108 242 245 219 44 107 132 54 191 244 34 
24 : 227 147 103 199 243 153 77 55 45 155 188 176 76 178 192 60 237 218 34 122 200 41 166 207 135 95 221 90 162 30 84 37 57 100 177 146 72 239 125 116 121 180 213 183 134 232 244 242 52 226 65 
25 : 74 134 164 193 205 146 219 150 191 136 231 68 199 174 237 116 85 240 97 166 109 173 33 172 211 171 210 214 127 155 120 225 99 101 64 27 48 96 129 76 187 218 90 115 235 32 54 71 170 223 82 133 51 107 198 141 34 228 236 168 222 
26 : 158 137 228 38 233 87 77 184 32 159 223 203 60 99 172 238 235 157 62 241 117 34 88 177 163 195 201 118 44 113 127 40 94 213 243 80 168 110 115 123 150 126 74 132 165 31 28 90 119 230 244 237 54 102 160 187 227 211 181 42 154 180 75 103 112 179 
27 : 34 31 202 126 113 96 190 53 219 246 209 213 193 228 82 112 59 164 127 183 184 155 26 27 145 160 41 122 239 238 116 110 200 161 233 102 30 148 85 175 123 131 188 63 125 52 159 144 117 220 162 181 111 32 87 194 176 136 170 158 77 191 189 201 128 33 60 153 203 247 216 76 106 168 55 46 37 143 186 65 
28 : 131 97 25 163 169 82 200 158 80 162 244 202 168 32 191 89 126 152 132 130 112 211 77 142 171 233 99 58 143 240 104 247 186 218 197 149 224 192 54 243 119 129 225 127 102 61 165 153 113 185 34 105 60 27 178 134 86 160 63 166 219 120 122 66 235 151 108 109 154 180 74 164 83 30 216 72 94 159 29 242 111 183 145 
29 : 161 100 66 56 141 41 123 231 61 238 122 128 97 246 118 73 225 43 90 69 169 49 155 178 31 140 199 206 183 46 88 193 151 154 110 112 167 240 137 51 77 67 227 34 32 249 29 247 166 164 107 114 63 224 209 156 243 
30 : 212 209 174 175 242 25 28 228 55 84 197 161 217 61 102 65 177 138 70 50 27 248 34 187 203 222 49 93 126 68 
31 : 147 60 139 91 117 175 204 126 194 128 56 30 32 160 87 143 33 184 150 92 102 125 247 93 179 86 37 192 156 84 223 248 138 219 245 133 49 98 193 123 107 216 45 34 201 230 169 47 71 159 35 157 168 174 127 172 191 222 229 224 65 221 240 212 181 161 164 83 148 39 53 59 202 226 135 80 118 74 57 189 131 
32 : 140 180 63 124 122 136 145 147 111 28 48 90 157 64 249 25 106 159 151 68 115 207 246 211 42 125 54 95 99 202 234 198 208 62 83 152 40 82 138 
33 : 33 82 85 58 244 145 111 50 65 171 136 60 94 105 157 184 138 181 213 43 90 191 26 117 38 234 76 25 196 54 102 223 162 130 155 170 215 233 193 47 194 83 61 137 101 142 176 139 
34 : 154 210 129 246 224 80 45 166 135 191 247 159 93 110 223 131 81 230 173 102 139 69 64 147 198 73 66 185 35 146 128 126 200 67 148 202 26 105 92 201 206 84 187 227 100 216 75 83 59 96 174 137 149 239 152 161 103 214 56 242 182 225 190 108 58 234 40 61 71 62 65 29 178 136 112 46 70 195 97 
35 : 56 44 85 205 172 72 236 99 200 59 89 58 239 173 126 203 162 45 178 170 69 136 46 169 127 143 
36 : 193 55 39 177 232 51 180 130 94 207 214 132 26 233 183 49 126 60 140 170 230 166 57 68 220 46 174 229 239 217 
37 : 183 193 117 172 123 28 93 67 135 210 139 202 237 248 55 238 97 77 33 73 53 155 201 153 206 129 177 100 72 75 106 134 163 234 184 142 247 187 236 225 167 79 71 152 95 119 107 122 63 37 41 62 224 43 44 54 127 246 195 156 118 88 40 207 124 151 98 31 69 150 221 94 
38 : 63 145 109 60 87 168 55 68 146 196 134 191 150 88 140 115 207 247 90 244 25 187 162 76 216 29 236 26 195 209 53 81 122 37 136 125 51 211 46 234 101 239 99 45 156 30 62 218 85 188 95 107 228 133 152 28 201 111 105 212 113 158 49 220 233 167 169 69 52 
39 : 40 243 119 97 225 51 129 69 141 184 32 74 56 105 218 107 75 207 43 72 101 137 208 147 99 54 214 199 65 34 113 144 165 209 59 231 188 244 222 181 249 91 158 41 92 156 130 203 237 182 171 
40 : 183 159 29 179 171 132 98 161 185 84 57 39 142 217 103 55 64 120 148 134 196 212 48 46 104 211 218 155 85 
41 : 222 215 146 194 38 127 207 197 153 33 66 71 105 163 121 140 47 229 41 216 225 190 161 214 116 220 188 90 131 210 89 217 34 129 185 28 156 
42 : 213 151 223 138 179 194 205 199 210 187 212 95 128 154 231 58 204 244 84 37 86 189 142 173 172 99 28 186 76 236 146 166 207 33 246 222 133 41 241 40 108 71 242 49 109 239 54 29 30 134 150 111 121 159 130 147 140 55 
43 : 218 50 243 79 124 116 205 184 173 189 76 163 130 110 229 179 66 65 39 241 145 82 247 203 198 28 220 51 211 112 232 122 95 115 88 121 25 221 192 96 186 57 78 81 244 249 68 137 46 161 177 104 146 222 32 56 224 174 183 209 73 182 35 158 120 217 170 92 60 238 162 169 
44 : 151 85 122 149 140 152 92 210 46 56 53 219 25 121 80 162 233 167 220 70 77 201 133 168 128 86 248 157 119 37 153 36 216 137 117 116 182 238 79 31 176 61 49 155 127 136 144 114 74 58 51 42 50 154 88 138 242 30 102 148 82 183 132 243 98 
45 : 85 125 214 170 222 65 203 120 39 160 66 59 206 210 30 114 166 240 106 46 34 55 135 168 33 100 180 150 181 110 221 165 157 213 48 182 243 247 134 177 121 151 63 96 155 83 246 224 219 108 223 80 236 233 
46 : 45 58 219 118 121 108 87 135 70 54 52 188 64 193 170 28 41 169 173 34 106 79 69 150 227 163 166 43 238 71 234 35 237 151 140 191 221 90 117 98 53 183 88 105 73 102 196 93 201 226 30 220 138 61 225 217 66 178 155 247 228 208 62 119 204 168 74 
47 : 185 109 76 60 133 54 131 134 51 63 34 174 140 137 212 29 189 145 110 160 236 211 239 192 98 50 28 222 37 136 230 176 25 44 91 36 74 215 240 67 82 220 69 248 154 128 35 58 205 190 159 202 232 249 214 166 90 92 165 38 244 235 198 65 41 157 129 204 177 135 213 150 237 48 47 156 172 45 43 147 
48 : 64 183 164 96 87 79 142 204 154 213 81 51 129 223 44 38 138 153 102 134 108 73 244 159 103 36 247 198 54 144 222 203 92 194 187 55 147 197 65 214 226 119 136 217 68 208 168 245 181 27 90 218 216 165 116 67 62 190 231 206 146 145 
49 : 179 106 144 168 89 87 126 83 222 192 178 44 120 190 202 47 90 132 94 195 188 175 91 235 141 
50 : 227 82 48 111 98 209 243 214 63 86 87 222 43 79 247 199 147 234 32 236 74 37 116 69 84 160 163 58 203 224 181 76 202 249 131 235 212 33 120 51 61 81 70 230 225 142 156 149 174 161 193 133 26 77 136 201 35 211 173 217 97 91 179 175 31 102 67 210 215 239 143 207 92 237 178 
51 : 115 184 204 123 159 180 98 206 28 27 122 54 207 64 226 221 143 46 86 134 36 157 47 113 213 76 186 133 40 79 102 175 83 30 119 70 69 68 189 137 237 165 77 108 223 106 58 188 168 39 127 240 179 56 217 128 235 85 141 67 131 230 144 
52 : 86 75 103 244 92 189 247 117 69 146 170 236 164 159 196 240 37 200 249 32 198 163 158 111 202 128 173 131 34 64 116 211 118 94 26 148 82 70 216 138 58 91 125 50 213 162 63 96 55 237 219 87 168 205 207 81 179 177 126 192 178 66 182 194 107 57 51 
53 : 227 179 55 29 69 133 197 149 78 50 119 232 104 236 173 143 217 170 137 220 195 202 121 164 148 33 28 167 145 63 215 186 198 229 136 107 45 39 103 200 155 66 194 62 95 208 40 144 212 60 31 204 196 120 230 84 99 94 156 110 177 248 57 172 147 175 89 159 64 35 199 130 205 203 169 74 131 105 98 37 187 71 44 231 191 43 193 142 
54 : 126 139 210 31 148 194 25 125 216 226 76 181 241 230 225 207 87 135 86 94 198 199 229 191 49 102 183 113 141 
55 : 245 227 44 229 72 152 201 179 232 74 47 81 92 110 237 235 204 138 42 186 98 89 184 169 207 43 120 171 143 185 88 203 218 113 175 62 121 173 167 214 93 46 51 202 106 137 118 70 142 136 190 225 197 217 35 196 90 29 220 165 170 166 181 119 134 206 36 247 68 159 65 57 249 162 129 141 219 183 75 188 59 127 108 27 161 158 246 222 208 
56 : 104 219 108 83 118 138 151 243 225 206 123 197 205 155 215 229 39 154 116 99 202 242 195 130 140 132 148 246 157 42 167 68 178 57 63 48 47 228 192 186 36 50 203 207 208 29 74 156 112 212 182 211 232 72 120 180 142 90 144 216 37 158 209 126 165 114 91 111 80 75 93 153 231 
57 : 78 95 176 148 235 213 36 217 165 225 239 110 246 107 40 56 234 51 151 99 159 66 147 127 88 218 53 133 224 119 205 145 208 185 156 198 89 211 138 109 140 247 59 193 90 94 123 141 28 154 201 93 68 115 158 182 248 215 199 
58 : 122 207 41 82 143 70 146 150 224 84 145 201 53 183 96 215 97 153 232 62 188 186 238 79 37 193 170 169 239 163 110 63 54 87 56 179 72 123 112 51 158 152 30 34 162 92 116 113 134 217 59 81 141 172 109 227 114 221 86 39 75 98 208 55 80 147 68 216 210 61 108 209 85 160 187 222 120 
59 : 99 174 166 136 55 112 132 169 159 46 62 192 215 200 234 35 134 189 110 120 135 91 211 108 191 44 97 41 181 74 54 65 235 45 184 242 38 151 131 78 197 113 34 175 32 237 172 206 123 223 202 93 173 105 126 141 
60 : 53 243 170 121 73 118 44 82 130 32 122 192 140 34 139 137 123 151 237 79 45 180 114 171 246 225 57 69 210 196 166 152 117 176 99 133 115 119 190 58 108 90 199 168 239 103 62 189 35 194 215 63 50 
61 : 36 183 72 57 227 121 71 122 84 94 157 41 65 61 197 78 158 64 81 210 76 207 136 203 101 242 140 124 131 54 70 111 27 173 244 106 220 186 172 163 87 34 204 60 93 168 180 127 125 132 51 138 225 189 146 218 191 44 196 85 
62 : 222 84 232 217 172 81 58 56 202 234 137 161 160 53 43 230 96 99 196 49 244 167 229 44 162 132 48 130 211 240 174 200 128 129 139 79 37 125 76 59 83 105 201 66 25 249 55 224 127 179 33 29 146 192 213 190 110 195 95 121 68 238 72 191 45 122 163 69 239 144 143 241 142 248 236 51 
63 : 83 130 164 75 37 31 187 198 49 120 28 141 241 218 121 46 91 59 152 217 149 30 47 36 222 53 108 96 154 115 80 29 71 33 146 
64 : 92 204 34 174 29 162 135 153 105 122 220 205 30 165 38 182 62 55 136 119 173 237 190 154 211 238 133 139 142 131 129 230 193 106 88 225 217 140 235 224 155 107 145 148 65 84 242 99 97 191 248 117 180 143 198 95 231 157 96 179 210 125 25 32 166 126 241 93 222 223 91 128 42 152 
65 : 94 222 76 88 193 108 226 243 166 134 120 129 109 161 50 195 239 196 149 170 242 114 197 177 126 184 123 225 133 85 106 192 65 248 185 191 39 157 73 78 247 174 154 152 218 148 41 31 42 49 55 188 137 189 43 69 34 241 131 89 115 127 91 102 140 62 205 212 107 116 224 151 
66 : 156 56 33 178 202 150 191 163 106 101 99 85 34 29 93 47 132 240 242 247 136 89 73 180 155 205 230 172 138 173 206 71 117 
67 : 143 151 172 212 241 203 175 140 80 73 190 230 74 45 72 191 221 229 199 237 211 156 217 103 192 181 173 184 119 125 249 242 162 222 170 134 209 25 161 117 160 63 60 204 106 112 86 146 168 70 79 38 48 
68 : 131 137 48 59 199 133 78 65 43 187 229 162 159 206 130 82 55 46 163 32 120 139 99 221 62 147 145 30 64 108 157 61 109 144 236 176 97 
69 : 75 132 189 78 180 148 114 38 185 217 169 83 208 51 238 100 81 103 197 126 205 130 191 160 63 33 110 
70 : 57 96 71 93 159 156 173 196 207 109 127 55 144 201 179 130 180 186 204 141 170 220 240 192 53 210 228 249 212 27 131 184 147 177 175 82 40 43 143 77 38 195 176 50 
71 : 214 234 143 33 78 225 62 248 69 145 226 236 47 167 104 113 235 28 144 165 108 99 238 97 50 48 73 209 137 37 29 177 147 89 114 159 233 95 196 193 222 107 38 132 122 171 109 119 245 205 115 
72 : 147 139 50 49 195 158 237 79 243 120 151 106 143 42 167 150 215 63 136 219 126 80 232 236 98 160 220 163 82 161 41 241 193 182 188 48 170 32 108 134 189 202 128 59 203 129 191 55 177 125 246 185 67 105 115 206 57 194 78 200 168 56 26 217 114 35 102 96 122 212 76 
73 : 84 185 59 70 178 245 40 197 42 34 161 107 115 223 213 102 61 173 103 99 160 31 230 108 101 138 174 212 236 225 91 78 28 246 37 122 127 89 45 237 65 218 155 217 145 198 226 140 214 188 49 38 241 156 117 106 141 
74 : 218 136 51 141 122 231 241 236 79 143 64 148 54 170 90 44 39 78 88 29 104 234 62 138 165 26 212 186 80 222 208 99 110 199 55 157 176 89 53 116 47 172 36 190 150 246 74 114 192 161 27 132 97 232 140 49 243 181 175 225 31 137 45 112 
75 : 138 110 122 68 155 160 82 64 55 73 172 180 170 67 201 192 167 245 197 102 204 145 46 159 116 128 211 168 164 100 189 105 199 208 222 119 184 40 135 89 183 156 94 77 181 132 33 129 218 101 39 213 28 194 230 246 133 178 150 123 109 224 84 240 91 202 140 136 209 117 236 107 104 146 69 248 141 225 42 81 65 35 229 44 92 
76 : 51 210 198 233 83 41 148 103 107 80 187 110 199 146 116 213 234 98 186 237 184 84 102 226 45 190 147 40 54 
77 : 162 192 159 136 59 60 127 213 202 30 31 167 248 71 247 137 78 47 106 95 168 135 198 25 84 209 42 157 73 156 166 27 38 35 144 53 51 82 145 189 32 235 66 83 218 122 142 241 186 87 118 193 210 57 99 148 206 190 131 223 63 62 39 89 126 216 
78 : 50 183 197 127 206 116 174 29 72 158 139 228 225 152 28 221 56 199 170 217 34 162 233 230 222 44 66 81 229 141 109 179 194 237 185 94 208 110 198 100 220 83 176 243 240 242 249 211 
79 : 241 178 176 175 213 153 222 73 94 193 65 183 197 57 95 38 199 80 36 44 184 211 200 56 128 33 54 106 108 98 76 230 86 225 130 192 117 113 100 45 77 154 167 35 245 163 156 145 151 47 202 221 69 49 155 159 244 119 195 48 232 59 127 186 92 125 71 139 60 243 29 118 160 124 61 142 227 112 109 187 180 138 204 116 99 
80 : 173 111 73 131 183 45 43 171 202 75 184 158 87 110 52 193 40 85 145 239 117 185 227 231 106 27 102 138 211 28 59 242 48 207 164 152 186 57 61 99 166 176 93 224 172 210 221 116 128 79 121 68 76 146 212 33 201 143 223 
81 : 38 243 165 56 83 52 171 240 76 164 235 175 40 223 155 185 157 222 43 122 67 108 162 143 168 153 230 148 50 34 59 224 114 44 107 70 127 32 181 136 41 57 210 219 49 193 218 206 182 29 233 220 146 192 149 145 123 25 51 215 125 66 142 115 91 173 133 200 113 96 
