0 : 179 133 140 78 149 67 145 36 49 124 63 68 34 66 139 75 199 172 236 135 80 94 46 108 159 227 216 41 130 61 202 206 223 176 212 147 228 153 92 191 28 141 50 225 121 89 246 187 98 244 241 184 56 29 65 148 83 196 186 173 163 101 48 
1 : 222 119 134 39 101 130 112 144 233 49 184 187 201 182 176 29 83 132 216 192 31 202 43 215 180 163 146 127 128 228 218 95 32 117 239 62 133 64 90 210 232 46 88 91 213 124 97 61 226 56 147 76 205 37 191 89 172 181 206 174 120 25 183 186 247 154 67 
2 : 201 217 58 231 94 42 43 228 219 209 192 109 130 57 240 142 112 160 127 76 199 71 104 172 45 241 91 
3 : 158 84 66 172 98 236 39 44 141 120 226 80 249 126 138 155 177 90 241 233 128 200 209 234 231 213 129 152 
4 : 41 138 189 196 42 73 74 140 210 86 67 228 94 178 120 219 104 129 242 123 51 124 127 223 222 58 53 132 77 230 185 184 236 200 233 133 78 153 40 63 176 81 84 137 175 109 169 75 151 182 30 83 111 224 35 44 65 26 33 46 80 54 25 87 144 64 
5 : 70 114 245 111 51 96 210 38 115 231 29 72 234 31 164 48 122 137 120 124 227 133 47 80 244 187 192 50 160 64 238 239 159 54 228 241 197 218 75 66 112 183 34 205 36 147 57 90 189 
6 : 79 123 78 137 110 49 76 82 45 68 56 46 231 154 71 221 184 109 153 102 178 132 196 238 124 100 217 149 73 230 103 203 53 220 134 107 174 108 127 234 39 59 237 74 128 105 157 227 139 38 183 242 204 36 75 63 
7 : 210 46 57 72 134 209 183 198 106 135 25 132 71 104 36 178 73 40 157 84 205 54 128 137 116 218 240 102 235 227 32 125 241 213 27 141 50 217 151 168 96 212 187 129 75 51 184 119 192 109 49 233 69 175 136 224 219 37 203 118 78 95 89 94 117 199 246 93 214 195 58 138 85 144 34 174 
8 : 60 142 53 113 85 228 239 175 128 172 75 76 221 201 106 148 136 200 110 176 26 234 242 144 167 230 209 41 31 198 44 188 179 72 70 48 161 155 121 42 215 185 91 224 45 27 124 208 109 195 116 132 71 104 115 68 210 150 103 202 96 37 162 32 226 
9 : 124 157 227 30 235 221 175 71 126 144 249 246 201 50 176 33 148 86 191 43 66 170 151 150 243 59 72 149 61 206 95 134 54 119 56 182 105 55 34 171 186 78 35 65 100 183 224 244 242 88 117 130 62 217 145 112 107 137 
10 : 80 114 89 75 115 78 62 134 210 188 74 246 122 178 154 121 113 38 190 173 242 229 109 52 66 79 187 123 168 156 217 108 44 119 216 236 94 170 238 146 233 244 29 100 192 191 137 237 169 160 218 151 
11 : 61 98 97 228 124 243 122 123 202 162 133 178 179 79 111 103 110 69 242 183 109 90 152 107 184 116 177 46 129 157 248 215 25 128 60 226 41 38 167 30 245 137 39 52 146 212 171 144 187 51 
12 : 29 30 200 217 103 214 108 195 42 155 237 215 156 168 153 139 37 186 77 66 109 52 175 85 145 160 154 211 120 140 96 104 116 132 177 88 163 137 51 202 107 201 69 101 31 142 94 49 243 178 68 
13 : 247 56 151 92 186 184 99 147 138 130 66 74 169 134 128 34 81 212 90 131 117 229 235 162 204 205 68 170 185 207 156 46 213 140 224 103 150 136 174 116 189 25 143 
14 : 57 74 211 184 203 123 94 62 31 231 185 102 218 36 222 81 75 179 41 174 112 228 198 88 153 201 204 104 131 50 161 33 45 151 113 154 66 61 193 28 156 229 170 208 73 210 105 143 121 64 140 97 247 240 159 200 175 128 133 196 103 173 25 111 48 65 144 189 
15 : 148 96 26 143 67 192 200 30 228 167 189 245 214 104 51 28 111 203 138 50 224 57 128 212 247 233 243 91 183 187 97 82 
16 : 75 27 124 50 120 187 138 204 55 48 109 59 242 93 147 176 129 198 31 94 114 194 41 227 224 197 52 68 97 51 237 174 90 144 73 30 212 191 185 155 175 205 79 230 40 135 160 86 49 154 140 221 177 58 83 28 98 
17 : 35 30 97 79 73 176 179 111 84 148 139 226 244 183 182 87 154 142 160 174 175 178 60 202 71 245 186 135 59 62 198 241 121 199 107 39 222 216 191 112 228 43 249 214 64 138 151 65 28 34 38 187 76 42 101 157 103 70 208 127 147 240 242 144 66 106 180 204 52 109 168 210 
18 : 186 182 81 74 161 69 228 128 207 187 238 232 67 109 219 185 243 56 172 214 134 180 113 125 43 107 181 146 206 163 174 169 245 197 50 149 59 171 35 118 208 
19 : 147 232 98 95 160 188 197 62 106 113 45 110 213 108 27 206 58 202 174 90 44 86 75 54 141 69 227 241 164 121 218 168 192 29 204 100 216 30 185 77 64 118 246 154 51 249 162 150 53 201 81 94 127 70 181 57 37 217 
20 : 71 62 204 207 149 191 181 32 78 190 244 72 228 186 107 198 183 127 45 164 133 151 44 81 80 222 146 
21 : 192 158 101 89 148 43 200 129 141 146 120 58 238 207 176 50 81 159 220 173 32 37 30 182 142 209 78 210 160 196 166 223 139 75 156 99 226 91 36 150 66 131 130 229 34 201 218 193 106 221 67 227 28 79 73 115 83 168 96 155 245 74 51 244 47 171 172 147 177 122 186 213 54 189 33 52 187 38 206 
22 : 39 107 224 58 168 220 213 227 37 205 150 97 170 100 177 68 209 92 132 165 89 118 130 35 110 143 214 78 43 244 200 56 119 138 245 206 
23 : 131 125 169 140 238 165 35 200 75 107 206 219 185 67 244 217 58 32 160 64 184 230 199 243 241 196 119 249 195 135 82 63 
24 : 140 195 113 128 63 106 88 27 166 82 203 180 247 156 43 116 39 190 57 44 34 211 118 161 191 222 101 41 35 238 85 150 46 235 175 155 51 111 56 162 146 170 126 94 28 178 234 45 225 92 125 49 123 121 130 62 86 186 
25 : 53 51 221 41 33 170 83 110 213 232 239 117 106 163 162 56 85 92 71 35 145 125 30 198 219 26 84 156 114 139 200 94 192 146 185 238 128 45 153 99 178 132 150 133 69 176 177 229 42 206 80 226 50 140 95 154 249 212 199 235 37 63 104 175 236 234 194 230 
26 : 120 33 240 92 99 132 221 215 136 227 169 58 109 241 143 117 128 205 81 212 119 152 220 248 42 106 44 171 247 190 156 91 199 
27 : 35 26 228 220 186 76 41 245 231 196 161 91 223 165 225 199 164 209 198 169 214 235 40 212 227 162 166 131 90 130 89 206 42 126 51 238 78 246 148 93 61 125 241 172 52 71 177 179 67 113 48 68 102 167 128 207 197 243 59 54 87 119 
28 : 218 133 151 52 166 138 161 214 30 225 33 208 87 40 41 248 163 198 46 148 115 191 77 128 240 42 116 237 32 216 108 188 244 174 228 107 62 44 43 159 73 26 67 45 94 47 109 131 72 91 236 206 146 
29 : 155 164 67 108 124 127 68 238 234 46 237 194 142 209 141 191 242 165 188 116 28 212 113 130 78 198 168 110 247 173 134 167 115 81 34 241 240 33 139 162 42 51 146 199 99 89 210 148 86 171 245 172 129 150 122 118 203 217 52 30 36 177 111 59 102 66 201 249 100 38 50 140 98 92 
30 : 165 170 235 182 146 125 68 241 99 122 218 130 153 116 32 245 135 118 152 168 195 140 57 25 190 249 69 194 166 144 179 160 191 128 219 119 38 162 181 176 26 83 31 
31 : 154 36 93 94 124 64 140 197 83 26 245 91 115 39 46 63 45 109 187 170 73 223 38 56 92 123 221 238 202 89 79 237 120 147 225 88 220 201 161 108 136 164 210 198 149 145 40 146 191 53 95 47 69 153 174 139 141 61 85 98 138 206 33 84 78 244 
32 : 28 204 31 105 89 157 104 44 190 55 159 248 139 132 247 126 32 161 185 141 228 29 99 182 118 88 246 108 168 236 191 56 220 215 140 233 219 177 75 142 39 171 240 249 25 45 68 229 48 64 122 170 81 53 85 152 183 200 243 82 110 117 47 96 61 213 146 33 193 26 187 83 137 172 242 151 197 116 63 223 106 73 
33 : 131 89 168 141 33 50 143 38 147 196 107 106 203 150 71 159 64 172 205 40 61 218 98 108 213 201 180 96 130 230 175 138 184 55 187 249 25 65 102 132 162 169 165 166 88 220 216 79 242 
34 : 193 50 83 231 98 137 109 52 173 123 235 162 42 177 28 223 150 207 158 112 226 91 202 110 243 180 169 26 31 154 127 172 111 128 122 218 53 211 88 120 167 133 170 227 57 212 242 124 68 229 64 234 148 54 102 34 166 213 141 145 163 59 176 129 130 184 118 214 43 61 104 153 188 199 200 186 36 196 93 194 208 
35 : 57 34 80 167 131 91 144 52 215 129 248 164 98 189 228 196 76 110 93 132 119 69 125 62 171 180 78 32 26 190 36 30 117 
36 : 230 61 60 151 102 234 119 62 139 176 210 88 140 148 34 124 107 98 111 45 175 113 235 162 179 137 79 206 196 221 123 
37 : 78 147 178 207 158 133 225 220 145 46 222 97 107 194 165 238 122 74 82 136 177 75 118 233 84 26 184 230 60 25 174 159 32 34 
38 : 120 237 62 57 107 82 125 29 51 75 193 139 97 226 137 59 162 243 217 135 206 101 140 114 231 166 121 60 39 240 185 236 181 112 56 238 91 84 156 195 92 90 192 205 176 83 191 45 136 190 146 129 143 233 218 76 177 169 74 219 157 88 48 151 78 182 131 153 155 87 163 43 161 102 71 159 103 198 109 52 61 189 
39 : 190 108 92 207 93 114 124 225 218 169 86 89 33 88 129 111 96 67 118 179 180 83 126 97 204 104 40 82 50 87 27 45 170 171 28 113 64 56 
40 : 98 49 166 117 229 213 216 90 224 39 135 136 197 169 88 211 25 60 68 145 82 221 62 134 131 72 192 30 85 112 58 31 150 116 241 80 96 208 245 
41 : 246 121 187 183 65 95 58 178 117 193 171 163 67 46 129 220 112 103 201 190 79 241 157 166 82 175 116 99 188 146 77 57 83 243 215 49 59 78 240 114 142 94 195 233 165 128 47 89 85 63 148 
42 : 194 95 128 87 220 84 189 146 241 110 63 222 155 39 76 42 61 185 160 148 120 214 237 134 211 34 212 223 247 107 225 82 25 31 116 242 182 46 92 66 28 125 158 59 243 97 228 86 74 65 
43 : 167 31 113 40 129 237 229 87 133 239 110 190 168 198 205 92 36 58 122 50 97 127 206 215 28 118 44 157 219 172 62 149 139 228 170 226 34 79 144 54 146 46 82 98 191 232 26 64 211 53 247 71 103 95 231 101 179 63 230 227 233 208 164 68 32 96 245 244 243 218 114 235 176 158 33 182 134 148 72 156 223 195 
44 : 148 231 170 34 46 102 190 198 211 173 62 26 98 134 109 76 133 154 97 67 123 240 63 127 116 130 150 145 80 112 180 53 202 44 149 103 244 107 140 196 91 156 95 38 37 200 179 227 223 126 27 239 61 157 178 151 228 155 78 203 100 136 49 218 246 121 131 56 57 164 212 101 233 40 54 161 
45 : 154 163 111 246 68 98 173 78 114 222 162 183 180 134 28 66 165 149 144 240 168 211 96 193 184 51 106 27 209 85 188 224 88 148 171 135 236 210 
46 : 124 110 223 147 178 40 169 77 163 209 153 197 176 68 34 200 222 232 235 245 121 217 247 151 159 206 125 242 43 230 41 45 228 139 47 42 94 137 84 141 86 166 28 231 88 211 158 29 162 63 204 
47 : 134 163 50 231 221 238 84 60 168 128 129 149 243 212 52 182 65 233 120 156 62 154 179 55 67 160 239 247 143 36 197 248 76 93 169 190 161 186 172 124 75 104 48 59 176 96 228 127 85 
48 : 31 89 34 149 72 205 107 139 152 37 182 50 110 47 62 148 220 237 97 83 115 162 191 209 160 131 155 28 163 59 51 135 38 98 212 164 234 202 196 67 71 180 169 81 192 96 128 120 32 206 247 74 95 
49 : 57 68 30 205 236 132 136 227 228 160 44 94 35 42 70 82 210 142 175 97 164 49 188 128 195 96 154 113 165 229 104 115 31 88 248 200 218 46 122 226 64 107 214 102 203 126 230 189 50 161 41 93 222 119 111 120 194 247 202 239 85 237 110 152 238 47 234 34 63 231 157 121 
50 : 106 136 245 39 60 173 130 41 179 61 123 161 209 198 246 143 90 159 74 191 40 100 203 200 154 38 114 201 241 32 46 187 238 84 152 103 197 144 157 223 150 37 243 48 149 217 52 147 171 132 231 160 31 
51 : 124 199 165 175 146 188 180 34 206 236 155 87 205 178 154 43 248 134 94 45 64 197 61 63 160 241 30 62 157 131 138 191 126 68 35 182 173 168 193 220 232 167 185 46 233 187 159 196 
52 : 221 131 169 108 167 144 249 215 168 103 187 246 66 37 124 243 134 78 211 31 67 151 115 239 56 172 102 198 118 235 180 236 97 36 188 143 171 138 193 114 132 
53 : 200 146 173 49 30 161 110 234 150 82 112 124 77 67 56 38 151 105 145 235 163 71 88 169 153 179 203 133 245 187 52 43 186 42 78 202 59 140 237 132 166 182 92 223 136 193 196 180 84 58 
54 : 87 203 231 46 153 85 93 43 74 202 141 192 96 154 124 240 169 113 51 80 137 49 52 39 214 108 66 234 176 158 105 40 244 121 48 
55 : 194 238 205 155 31 215 199 132 52 219 95 180 61 125 29 39 55 189 67 75 159 113 101 234 32 80 85 218 43 45 229 98 33 109 103 126 236 142 115 162 171 169 158 114 223 37 240 58 200 192 28 
56 : 235 239 43 96 137 97 149 198 142 26 177 82 208 35 187 148 131 95 180 46 67 172 245 92 211 60 68 86 216 76 33 232 132 94 93 249 229 113 125 228 188 157 129 127 170 66 57 248 
57 : 216 43 153 42 104 212 101 150 125 112 48 217 91 161 52 82 149 71 181 249 158 196 62 115 50 
58 : 213 112 220 206 43 148 191 197 239 185 195 100 247 201 57 230 113 63 62 135 45 77 163 234 236 190 231 132 71 99 210 50 34 138 48 140 52 86 181 32 217 101 204 122 126 153 65 26 127 223 224 144 81 93 90 116 165 158 216 162 235 147 67 29 129 203 139 
59 : 99 153 45 217 168 223 162 55 76 136 78 73 225 165 83 213 53 245 177 157 147 117 248 184 247 218 51 30 79 127 161 188 36 120 111 197 103 237 229 196 214 
60 : 44 210 87 245 134 164 248 224 247 55 71 146 150 61 139 173 140 90 234 65 104 41 162 201 220 186 199 240 123 144 187 182 212 47 56 35 133 91 45 219 195 25 39 86 42 130 181 243 33 159 151 131 172 95 238 153 
61 : 44 54 218 179 93 161 148 207 102 32 49 188 89 231 70 176 112 219 27 114 98 117 111 90 203 228 236 160 62 73 210 216 124 83 41 186 189 47 142 135 97 242 123 167 131 192 108 52 59 100 134 165 28 171 51 162 67 183 202 225 26 138 105 127 81 164 154 182 232 211 181 35 230 88 46 122 246 56 
62 : 168 31 172 144 50 88 205 89 28 247 203 129 62 83 68 96 76 227 136 208 190 98 194 207 177 128 42 65 105 138 142 38 149 183 222 116 132 54 102 127 241 
63 : 153 164 41 201 45 28 82 218 123 211 44 224 133 98 244 195 116 69 227 97 216 103 67 90 88 55 66 183 137 214 225 169 32 172 154 50 228 26 145 91 152 223 174 107 57 229 149 
64 : 201 99 41 202 223 169 166 231 167 96 51 154 188 94 70 104 71 190 219 77 30 26 39 228 136 184 222 123 57 170 103 150 40 59 125 74 47 233 105 
65 : 151 50 58 35 101 77 147 29 135 199 221 121 238 152 164 70 99 161 94 67 200 65 237 178 93 74 122 81 208 248 245 236 153 44 148 191 190 116 138 166 194 169 
66 : 110 53 241 200 33 137 202 186 215 67 91 227 196 142 208 129 238 138 235 229 157 206 207 40 41 99 51 104 127 192 181 42 190 74 182 71 166 100 82 245 134 171 198 109 211 105 199 221 176 59 201 240 88 
67 : 137 101 196 247 224 235 144 172 50 35 210 200 193 222 202 195 114 75 168 231 167 181 51 208 150 
68 : 146 232 171 145 212 220 90 233 138 219 185 75 45 35 211 29 67 148 99 194 223 180 64 91 242 137 161 179 163 147 66 165 65 200 162 222 173 36 225 73 54 56 153 193 101 243 28 117 144 126 62 164 60 50 249 155 210 192 245 82 39 172 
69 : 97 76 203 122 184 237 47 105 161 119 222 228 98 64 46 170 158 73 62 240 60 59 99 193 183 134 159 63 153 229 233 52 132 217 71 87 140 205 82 180 179 111 70 90 66 109 195 92 115 152 246 245 67 30 77 61 155 121 65 164 34 
70 : 153 138 56 57 88 76 43 181 89 27 128 136 214 134 206 30 120 239 173 194 130 72 208 67 79 212 175 146 114 190 169 35 105 152 148 32 110 246 225 200 147 227 201 189 143 167 199 209 145 69 221 106 54 230 247 60 242 144 159 217 108 177 121 204 122 232 180 80 
71 : 182 167 207 239 141 50 229 56 88 168 247 214 73 114 47 222 181 99 195 82 61 151 197 146 136 118 103 158 105 108 143 160 162 40 48 78 
72 : 181 236 177 79 157 166 122 117 49 88 77 217 186 132 221 33 249 27 192 200 25 123 179 218 44 118 140 229 
73 : 88 116 167 85 194 125 28 220 238 29 166 38 99 61 54 198 188 164 155 50 128 127 103 199 147 124 207 25 33 156 48 232 195 59 134 75 66 237 247 95 161 102 216 184 113 192 245 193 121 87 203 242 222 117 52 101 30 46 53 248 177 63 206 225 157 224 189 171 169 145 44 96 72 
74 : 185 94 177 175 196 242 28 86 128 218 63 159 221 150 194 223 208 220 178 122 131 54 207 213 47 190 82 55 153 112 197 118 155 119 52 215 129 230 76 95 96 144 110 224 164 158 166 205 68 115 124 69 239 81 59 108 103 
75 : 161 96 83 241 145 73 167 137 103 213 114 71 198 232 170 130 174 206 100 124 95 45 93 164 160 189 80 54 147 108 25 52 231 116 133 158 205 171 128 225 233 177 181 193 
76 : 101 106 141 116 173 203 31 242 120 26 109 125 131 210 93 144 241 91 185 202 86 42 227 111 71 118 76 229 220 44 188 88 47 63 43 119 80 41 168 215 239 143 114 53 205 240 84 244 127 245 38 78 171 158 216 195 32 218 
77 : 74 94 83 123 105 140 86 68 104 110 240 246 90 226 36 172 48 222 77 84 184 29 190 208 192 155 234 237 162 219 166 197 233 206 211 231 118 236 203 25 179 79 39 186 182 204 50 30 144 66 183 176 149 98 220 53 227 171 235 148 92 59 147 221 67 159 33 54 
78 : 175 110 208 229 53 188 93 189 242 112 59 192 185 44 123 125 215 132 81 33 226 230 87 113 119 243 
79 : 156 57 53 38 139 160 99 107 92 141 170 168 245 114 249 187 60 157 206 163 176 94 63 74 82 175 235 75 136 104 117 27 143 203 83 137 41 247 36 48 192 155 86 212 76 221 113 126 110 180 59 135 112 26 237 146 171 185 200 62 123 40 186 95 234 244 100 81 210 85 227 159 120 129 71 209 47 201 222 243 
80 : 84 160 38 77 65 186 165 75 82 131 211 87 175 116 111 31 50 184 106 81 136 158 245 246 100 223 200 39 180 60 248 105 242 236 173 126 99 188 56 98 196 174 34 95 48 192 218 71 239 191 51 166 230 102 156 193 149 96 216 150 117 232 109 40 112 207 155 219 104 
81 : 88 29 71 35 230 85 116 66 183 223 211 51 87 79 26 57 28 75 234 76 140 53 109 158 151 203 126 98 139 178 96 102 69 54 67 33 206 166 170 122 135 197 48 115 73 119 31 148 199 41 129 208 202 78 246 235 50 120 174 153 45 108 181 114 192 112 30 155 145 40 128 80 214 95 167 
82 : 110 26 226 104 163 130 216 146 220 140 149 126 90 122 127 185 171 132 219 202 188 138 80 213 82 128 165 195 79 228 172 111 73 209 125 218 176 
83 : 51 231 54 94 169 83 134 39 249 181 135 226 151 206 137 119 165 168 241 123 122 176 115 219 160 65 73 222 146 185 89 188 107 155 
84 : 225 27 152 87 119 203 206 106 175 232 103 128 46 96 37 89 195 113 125 133 64 179 40 234 49 220 233 245 150 160 163 227 240 76 
