0 : 53 0 41 67 24 65 32 54 62 37 3 80 68 20 60 26 87 6 42 55 85 38 36 86 30 95 56 16 10 73 52 21 79 90 89 92 64 34 29 93 13 31 59 63 5 77 94 23 51 47 46 22 33 40 78 48 75 72 
1 : 76 26 2 22 4 82 44 6 98 70 41 51 64 27 24 23 35 28 39 93 96 5 7 29 61 77 79 16 30 9 83 17 63 87 12 86 55 71 54 88 31 62 3 72 66 1 46 91 90 13 81 20 45 18 99 42 25 14 40 52 67 21 36 33 56 95 59 8 10 11 65 34 
2 : 25 29 59 8 54 34 98 57 39 89 13 90 12 31 19 44 75 87 30 61 69 20 24 2 
3 : 60 4 62 45 26 79 81 41 52 25 48 91 36 10 22 50 37 72 76 9 23 70 16 86 20 11 83 67 88 3 97 55 74 43 93 42 1 
4 : 81 46 69 94 98 80 12 38 28 88 70 87 1 26 92 86 37 71 48 34 93 41 33 78 21 18 74 73 2 16 23 
5 : 89 82 79 2 32 1 92 77 74 10 38 26 56 29 99 53 11 86 5 8 97 17 95 71 28 54 62 19 81 45 72 69 14 7 65 23 27 9 93 31 35 4 
6 : 82 18 23 57 49 56 95 63 
7 : 97 34 61 16 73 35 93 20 23 79 27 82 25 95 0 62 48 24 67 96 52 14 19 17 29 70 87 1 42 92 2 68 64 58 4 12 37 85 88 51 
8 : 27 48 15 1 36 73 52 81 11 44 5 77 88 40 32 94 46 24 30 0 49 90 4 23 41 18 61 91 50 93 21 72 3 31 60 26 59 33 83 70 29 6 38 20 
9 : 55 85 35 77 6 71 59 60 12 73 81 96 66 43 38 58 65 50 46 53 95 31 
10 : 64 62 37 0 84 11 
11 : 70 33 26 76 30 44 32 54 87 85 97 72 17 61 91 18 55 27 93 69 92 78 3 60 19 10 63 36 13 50 99 2 75 25 21 96 88 95 11 47 71 46 90 58 0 34 65 66 62 16 77 84 6 37 82 38 51 74 23 53 43 20 7 4 40 89 9 31 64 80 42 28 98 48 
12 : 93 54 86 28 18 66 43 83 24 53 68 87 69 31 49 5 26 15 34 36 73 63 35 90 51 60 41 96 33 99 77 85 20 3 94 97 2 29 13 16 56 14 17 44 72 38 40 59 55 91 57 58 92 37 67 8 74 39 
13 : 99 36 58 59 27 72 14 82 35 2 78 40 61 39 68 16 65 52 46 76 48 66 28 3 29 33 91 74 7 42 37 38 11 19 64 54 75 60 92 26 24 98 83 6 71 84 90 86 57 1 0 10 25 43 80 93 88 32 30 87 17 53 67 8 96 51 79 12 
14 : 11 17 6 34 80 33 89 37 88 31 42 78 62 58 73 46 71 82 8 18 63 51 98 39 61 2 54 96 75 74 43 27 25 77 50 19 97 52 87 36 1 92 24 64 99 10 84 56 32 26 41 47 30 55 28 53 9 13 35 4 65 86 5 40 79 48 94 60 14 
15 : 82 25 1 
16 : 49 39 20 26 74 23 8 36 75 44 94 59 
17 : 61 23 32 26 73 16 78 3 55 35 33 58 96 
18 : 37 11 74 42 35 77 28 54 56 16 40 78 6 45 25 65 97 81 41 47 75 79 70 53 23 57 22 60 58 87 61 14 24 33 3 66 93 98 36 68 7 30 19 55 82 1 48 64 5 26 44 8 52 15 2 27 69 0 72 86 13 
19 : 72 91 14 10 17 80 29 98 73 90 3 87 26 82 35 54 7 67 42 58 50 25 28 6 62 71 52 16 97 19 
20 : 25 63 99 43 
21 : 99 3 27 61 98 
22 : 27 88 14 93 87 52 66 0 91 67 75 10 16 63 95 34 21 5 92 51 72 77 86 47 
23 : 31 29 7 12 64 22 83 52 30 26 13 20 10 69 27 88 50 67 42 5 2 95 94 36 1 74 96 85 72 28 0 60 93 40 3 49 
24 : 5 52 4 23 14 26 37 63 91 9 8 17 21 56 1 19 15 92 87 94 64 95 29 
25 : 62 57 58 82 48 42 60 56 27 9 22 52 95 6 68 35 53 37 34 19 40 98 69 91 84 39 33 38 20 89 43 13 2 21 32 25 26 
26 : 53 26 43 76 6 93 95 27 38 70 10 47 33 64 20 51 12 29 4 94 46 65 15 81 25 2 39 30 52 23 84 28 1 14 61 99 24 63 17 56 22 86 83 80 69 60 97 16 75 57 3 48 87 13 88 62 
27 : 55 40 
28 : 97 86 15 94 90 45 66 59 87 74 4 54 80 83 10 56 78 64 73 69 8 2 32 
29 : 18 54 38 53 4 45 30 97 28 14 34 98 82 11 20 22 27 42 9 91 48 56 57 94 63 33 68 29 39 60 58 96 31 83 32 44 26 61 43 92 23 59 86 81 76 7 0 93 47 79 12 74 89 6 62 13 99 73 52 71 19 49 16 88 21 70 46 64 36 10 
30 : 86 91 64 10 92 90 57 22 46 38 23 9 74 72 94 13 7 69 28 8 36 
31 : 62 81 63 54 91 38 57 27 69 8 43 22 73 40 30 41 71 72 50 67 31 47 61 4 49 97 36 23 10 26 5 98 2 28 56 75 94 37 6 80 82 95 45 11 84 32 66 51 
32 : 81 78 45 15 77 29 22 21 97 49 92 3 60 36 18 57 32 4 33 69 82 63 47 26 94 83 58 12 37 80 66 74 35 53 1 46 59 64 85 9 62 20 91 68 61 76 39 67 14 6 87 51 25 2 95 72 70 43 8 93 65 
33 : 91 73 55 4 82 24 5 71 7 81 53 35 85 49 30 36 72 99 89 16 50 66 1 95 47 40 19 11 56 31 64 87 92 48 12 33 59 76 62 70 22 43 8 29 98 21 28 54 57 38 75 18 32 63 61 6 88 96 0 10 90 27 
34 : 55 92 60 56 43 22 40 93 65 12 36 90 42 
35 : 8 63 17 25 21 45 78 94 12 9 80 41 95 54 58 19 1 39 47 43 72 50 29 66 61 31 90 51 75 38 91 71 88 68 93 32 56 
36 : 15 60 19 30 90 
37 : 60 12 29 7 88 17 64 26 50 74 65 84 98 73 71 28 62 86 99 44 80 53 54 45 15 38 0 77 94 47 81 32 23 8 31 79 75 46 83 25 1 76 10 11 18 6 24 56 92 43 69 27 34 85 91 33 2 16 58 5 63 93 78 89 66 35 87 36 9 14 97 42 3 61 
38 : 92 83 
39 : 99 0 20 7 45 47 92 6 34 74 50 64 37 15 25 88 98 39 79 16 51 8 24 28 11 61 80 67 31 56 58 19 30 69 14 85 63 73 46 81 17 3 10 22 66 48 
40 : 59 86 35 34 93 49 96 11 87 41 42 0 32 88 95 72 38 94 71 
41 : 12 69 38 67 87 54 11 27 36 47 66 74 58 31 77 97 83 21 91 90 72 35 25 
42 : 36 82 60 9 20 78 42 87 13 31 25 18 90 75 12 94 35 84 56 0 10 51 77 72 59 64 29 48 32 1 24 58 74 96 17 83 89 79 97 30 71 66 40 15 93 8 
43 : 80 62 32 67 9 44 85 20 39 71 96 57 15 11 63 68 47 37 21 12 88 74 76 75 77 38 97 6 66 22 14 58 43 64 86 17 
44 : 84 67 72 5 41 88 35 20 89 2 70 46 36 45 86 51 96 40 90 38 12 42 9 92 28 78 64 32 74 39 82 65 81 93 95 80 66 11 15 99 55 77 
45 : 59 54 42 43 78 62 50 65 93 92 94 88 6 85 37 61 72 55 32 84 26 74 89 14 97 16 77 51 5 
46 : 90 29 60 77 70 22 53 75 2 21 85 78 80 68 72 37 84 5 64 1 59 47 43 9 26 96 36 63 54 83 0 31 35 25 67 34 50 58 71 98 27 7 66 10 30 49 52 89 13 3 74 16 45 11 20 97 28 95 8 40 79 92 76 24 56 91 93 38 55 39 32 12 33 
47 : 47 94 38 32 24 14 96 54 70 55 15 40 8 49 2 57 17 74 46 
48 : 28 61 38 31 37 90 98 56 49 3 57 68 6 0 52 75 10 80 32 22 99 42 18 34 59 91 78 76 46 89 94 26 77 92 33 93 79 83 65 8 16 67 96 48 66 60 35 25 81 27 7 53 36 13 51 69 55 29 41 14 43 
49 : 59 78 6 47 68 76 11 31 44 41 96 5 28 95 8 69 16 84 89 64 92 93 87 37 71 45 27 86 63 26 82 43 56 66 39 38 36 12 65 19 7 72 25 73 33 10 18 61 80 85 57 42 94 14 53 1 67 58 2 
50 : 94 63 49 55 38 83 46 16 72 54 26 70 93 24 95 28 5 41 20 45 21 91 74 32 61 88 58 19 33 82 98 17 65 29 68 90 22 25 96 53 3 69 47 64 76 11 36 39 81 86 44 87 23 67 27 34 60 51 42 35 12 1 52 73 6 40 7 15 30 0 4 62 
51 : 86 27 97 33 18 91 49 92 11 55 5 73 65 76 48 57 25 40 38 41 35 67 44 75 8 53 50 71 7 0 58 95 52 16 80 43 17 42 56 3 13 54 51 45 85 9 32 29 89 60 64 1 37 28 74 68 20 81 
52 : 32 46 1 42 94 31 64 19 79 70 87 61 40 39 20 22 24 18 77 37 13 11 3 30 53 76 41 68 34 49 29 60 65 69 90 17 78 7 
53 : 32 73 14 78 34 0 29 39 9 47 2 6 26 50 54 17 91 64 46 68 22 96 69 25 11 44 52 86 92 79 61 
54 : 86 11 13 81 71 75 45 30 24 9 22 65 54 38 80 96 31 44 68 67 74 42 15 93 23 47 
55 : 95 84 16 7 38 34 24 2 56 92 4 
56 : 0 37 91 72 47 39 78 60 89 35 53 12 52 66 88 4 59 16 32 77 41 95 83 92 67 49 68 13 76 74 24 75 40 57 71 96 55 26 58 97 33 64 36 84 94 20 99 46 21 3 19 2 
57 : 54 91 18 29 66 33 92 70 59 97 12 88 47 87 52 28 75 17 58 93 79 42 11 34 27 86 3 67 71 56 95 68 23 43 37 99 98 77 40 53 9 84 19 1 89 64 4 55 41 48 
58 : 74 99 64 42 85 21 9 29 86 94 87 3 4 7 18 32 93 48 50 30 41 66 17 51 75 58 60 47 40 59 43 38 53 78 82 27 83 13 36 5 0 8 90 14 55 52 69 96 22 79 31 57 61 91 71 84 34 25 98 81 19 67 12 92 56 37 76 72 2 
59 : 32 28 14 99 13 66 0 83 11 62 36 81 86 7 51 59 69 3 55 49 10 87 60 67 8 98 75 76 79 78 38 40 56 21 41 96 91 
60 : 13 48 71 11 80 6 8 7 75 87 44 32 89 59 99 57 53 40 18 3 36 56 31 51 97 38 79 47 90 81 62 45 83 74 61 12 95 96 94 43 60 9 0 34 20 64 66 37 67 23 16 52 2 42 28 69 1 49 24 19 
61 : 14 8 12 73 21 45 92 34 79 70 85 35 10 98 99 42 46 55 25 1 90 77 4 95 62 59 87 6 61 54 56 57 91 81 84 65 74 49 20 37 80 88 32 5 0 96 2 19 29 82 24 26 31 30 47 16 
62 : 98 49 79 41 17 9 65 84 22 69 85 42 63 82 18 39 77 64 2 67 45 62 70 32 97 11 7 90 53 94 51 80 56 10 19 52 74 99 27 66 26 16 46 31 1 86 59 58 6 34 37 0 13 87 83 21 73 60 71 
63 : 
64 : 18 31 36 74 68 52 62 70 69 86 57 39 99 23 53 78 87 67 82 80 6 85 
65 : 47 85 69 10 90 13 35 11 96 2 72 77 99 28 75 94 19 93 3 20 54 7 98 73 80 50 61 81 33 44 43 
66 : 60 52 34 94 62 91 6 20 46 86 12 39 77 43 61 32 19 93 87 59 44 73 8 63 69 80 54 65 51 24 33 35 83 
67 : 22 88 71 23 55 49 60 72 2 64 97 45 27 65 61 18 77 94 3 38 92 51 83 73 39 47 26 79 86 70 21 48 56 98 96 35 50 90 15 42 31 33 
68 : 31 81 80 53 12 60 48 54 38 4 61 94 44 90 98 37 11 59 27 9 14 66 3 67 92 16 41 42 97 19 63 
69 : 79 59 88 99 57 45 90 70 84 27 66 77 38 89 50 64 11 53 87 26 16 62 94 33 23 76 39 95 82 97 6 52 31 20 43 67 71 2 14 7 
70 : 98 15 73 11 29 4 35 51 40 37 95 56 2 86 99 78 46 61 0 63 43 28 32 48 75 5 33 49 19 97 72 14 
71 : 2 43 62 20 86 28 90 83 47 88 34 32 68 57 79 29 71 77 72 36 56 33 26 19 17 38 42 44 24 69 54 97 7 73 98 9 92 65 85 91 15 50 22 81 10 40 
72 : 2 36 79 54 21 6 90 57 70 45 30 15 33 60 97 58 77 12 66 88 82 10 80 63 42 52 75 94 85 95 27 8 98 47 65 32 7 5 62 78 44 13 61 51 76 48 39 23 67 37 83 92 59 55 68 64 38 49 24 46 50 99 17 73 11 93 86 53 31 
73 : 6 97 19 65 48 
74 : 60 88 91 24 4 39 12 30 94 11 95 43 76 29 50 80 81 61 55 70 71 22 82 56 85 19 58 68 96 45 
75 : 40 74 75 11 61 22 65 0 29 50 88 99 6 62 42 31 17 30 21 32 23 26 13 56 15 98 73 90 5 52 85 94 44 64 60 47 9 81 33 80 51 19 39 36 34 48 43 27 49 
76 : 14 20 23 73 70 24 98 42 74 68 52 92 13 90 97 19 41 57 33 39 82 12 83 75 51 6 47 48 31 5 28 44 54 36 16 65 2 45 27 21 67 72 69 78 71 84 30 32 10 11 60 38 35 61 88 55 58 46 7 86 53 43 87 79 59 
77 : 77 94 13 91 47 88 57 86 54 39 53 58 81 84 1 55 62 48 49 35 59 25 6 19 11 75 45 95 12 92 73 64 93 43 80 97 30 32 17 98 38 26 2 5 89 
78 : 95 59 91 88 80 26 47 34 58 21 94 11 83 90 40 54 0 49 52 41 51 1 6 33 25 35 56 36 13 50 60 10 7 9 98 14 18 85 29 73 79 38 12 72 96 8 99 48 75 42 70 63 53 22 68 39 61 46 4 97 19 66 20 37 44 
79 : 23 40 66 10 9 74 99 24 0 75 42 19 41 47 63 55 96 70 56 33 73 1 
80 : 83 74 45 71 10 85 77 81 97 99 70 3 8 15 84 32 2 68 13 39 30 49 28 33 46 18 34 76 82 20 94 90 92 48 57 61 23 7 51 
81 : 52 74 97 99 32 29 28 16 25 38 63 64 17 27 86 10 75 12 47 26 54 45 11 9 51 21 2 84 65 
82 : 56 82 19 63 87 55 37 59 79 75 71 6 77 47 45 95 60 51 7 9 46 83 28 78 97 85 88 20 66 52 44 76 69 68 21 40 18 64 91 14 67 5 41 8 33 10 2 96 13 80 16 61 89 15 86 27 24 90 22 17 73 11 92 58 1 50 93 
83 : 18 96 28 47 10 83 61 70 39 38 2 19 52 93 35 62 74 45 53 22 24 7 26 59 94 81 57 97 80 16 0 72 12 25 43 11 67 89 17 30 87 99 5 77 95 91 69 49 46 50 55 41 36 68 31 21 66 20 88 
84 : 52 34 3 90 91 78 51 59 18 30 69 43 44 2 82 28 24 13 54 85 67 37 88 50 58 11 33 75 0 71 83 35 80 27 15 55 45 26 4 23 16 99 95 93 12 89 
85 : 71 49 77 84 20 9 88 61 1 35 42 0 39 86 23 51 3 65 90 17 87 98 68 78 
86 : 79 89 88 61 11 43 68 77 95 37 35 81 62 99 24 52 55 13 41 10 80 47 31 63 21 73 44 7 2 32 26 15 93 19 18 30 
