0 : 107 226 87 195 115 164 225 169 108 181 65 111 33 212 170 90 167 241 96 91 149 173 120 242 26 235 53 206 36 68 92 100 43 179 220 47 229 243 129 204 73 218 54 98 55 163 200 228 97 80 35 135 187 28 49 42 247 162 148 161 210 60 81 190 151 130 61 62 83 
1 : 27 86 111 129 44 180 136 172 140 198 63 133 186 81 231 174 123 112 109 156 207 39 83 151 203 193 28 94 
2 : 161 192 212 43 213 187 243 180 189 167 149 74 79 156 145 109 134 191 27 73 118 244 62 220 223 44 210 239 61 69 246 225 200 106 72 146 137 124 113 104 197 85 185 181 241 222 37 170 234 141 76 169 232 171 30 50 40 25 84 97 52 63 204 32 152 248 112 
3 : 193 50 143 222 111 30 157 110 43 231 186 241 51 247 167 150 92 61 34 39 233 165 40 175 36 106 125 47 35 234 80 177 237 60 108 33 232 196 107 122 31 211 41 185 242 154 91 120 221 118 192 25 214 191 162 207 200 109 152 206 88 105 114 201 104 72 126 63 155 62 182 228 123 197 172 28 56 219 146 198 79 190 249 168 180 181 42 66 163 68 83 
4 : 88 162 109 136 38 218 226 29 174 160 208 66 190 25 26 168 200 75 68 219 179 106 169 42 205 246 82 59 185 85 223 210 180 143 53 99 146 152 166 157 145 167 115 141 245 126 196 125 217 83 71 231 49 34 63 242 156 69 130 142 173 221 110 211 155 105 101 35 72 249 183 201 108 239 203 45 158 154 164 137 27 62 118 51 
5 : 218 31 84 27 191 196 137 226 90 149 112 26 98 120 240 109 77 215 146 194 127 166 177 36 44 71 103 64 168 129 25 169 124 134 136 75 29 130 80 210 99 28 248 92 73 88 38 229 79 39 117 37 239 125 176 89 182 155 219 33 87 114 172 165 66 46 156 207 217 158 123 193 
6 : 159 113 73 65 89 192 203 175 125 107 47 193 61 180 74 165 225 229 31 138 127 219 212 43 211 185 182 222 241 238 110 49 55 240 60 79 149 54 115 134 117 118 
7 : 149 152 207 38 233 197 169 214 148 223 236 65 27 147 37 191 132 141 88 98 29 133 74 45 35 53 195 144 80 28 101 163 70 224 75 232 121 186 222 216 249 175 248 231 229 41 194 158 102 142 181 143 71 209 200 173 206 145 151 225 226 204 166 234 156 215 213 103 31 187 189 97 212 221 113 84 199 79 25 83 95 140 188 201 218 99 40 184 33 155 146 119 48 124 
8 : 115 44 118 230 73 139 224 239 198 247 42 88 80 97 240 236 54 147 191 84 218 169 216 174 180 103 35 189 25 100 36 34 138 105 140 77 184 170 58 68 123 37 116 81 183 157 133 175 
9 : 98 42 235 197 245 136 205 193 192 158 213 102 236 120 59 122 175 233 111 43 29 140 156 95 179 231 166 78 188 178 210 160 157 149 163 33 124 66 214 219 191 82 91 246 107 195 222 97 73 225 113 65 229 182 237 121 110 108 248 144 177 232 167 100 93 173 206 212 63 83 139 112 54 200 162 46 224 27 114 228 209 226 75 202 90 80 
10 : 207 73 76 67 200 47 204 60 151 69 165 234 247 83 153 160 107 242 117 226 96 62 229 70 232 176 177 172 243 38 92 91 43 208 144 145 35 146 119 237 50 188 55 46 52 74 77 139 233 174 
11 : 125 142 229 97 43 52 25 93 213 41 38 98 92 37 87 228 78 195 50 220 145 47 239 90 200 109 44 192 
12 : 204 180 113 85 69 87 31 141 121 40 68 159 45 137 154 139 119 123 32 146 53 222 230 239 168 161 71 125 156 39 174 118 88 97 102 188 217 164 157 36 228 64 106 160 197 46 225 186 86 29 33 104 105 30 
13 : 119 185 66 67 197 195 211 204 210 153 128 54 154 144 149 207 148 93 96 60 139 171 52 248 163 141 180 239 194 176 98 187 245 224 94 115 214 88 120 170 25 31 117 105 126 127 244 152 90 68 199 156 172 38 51 159 59 87 246 121 147 220 125 43 95 235 71 29 39 106 44 110 151 46 129 226 208 35 
14 : 200 213 91 169 145 80 150 92 138 232 214 79 198 38 116 43 151 122 148 147 237 52 71 133 27 131 245 97 225 216 226 62 172 128 110 184 130 84 242 215 211 40 212 166 58 136 64 178 167 206 126 194 77 96 249 32 177 25 45 111 154 210 234 36 208 146 39 205 57 220 227 
15 : 104 230 28 118 53 56 185 31 183 68 93 147 132 195 239 176 116 206 58 59 198 217 210 224 182 180 126 240 226 186 151 115 142 78 242 35 44 231 33 143 192 50 155 76 91 87 179 77 130 202 105 229 127 73 129 137 218 158 46 214 237 228 94 223 100 111 154 189 166 209 25 55 88 117 80 162 41 122 109 131 83 153 184 247 244 213 
16 : 152 143 210 248 242 69 214 197 134 135 70 105 182 191 193 195 194 90 222 39 103 47 174 239 173 170 74 199 98 132 237 110 104 35 203 121 96 130 207 200 93 85 99 51 43 48 32 63 36 83 
17 : 87 217 31 134 207 227 164 222 241 155 169 58 204 36 192 129 29 147 193 49 117 185 152 176 190 105 57 116 196 223 41 44 214 166 213 167 182 198 30 165 66 133 151 201 146 175 123 112 67 77 208 35 140 136 74 188 110 170 84 219 229 162 90 211 199 63 42 47 228 59 221 52 233 139 
18 : 85 164 112 170 115 48 43 76 49 124 25 160 144 167 46 119 249 181 161 120 248 125 142 61 117 190 247 69 200 104 134 158 238 110 95 35 179 60 99 155 147 241 236 206 128 37 208 221 26 50 229 165 234 74 235 135 94 80 196 103 97 183 204 227 51 
19 : 143 187 94 138 66 45 49 185 246 111 97 139 110 184 119 201 159 114 213 102 168 245 37 165 62 156 189 31 221 197 175 155 32 126 238 93 63 190 214 228 192 47 77 211 41 193 33 43 105 212 216 116 152 104 208 48 121 42 51 89 28 117 234 247 148 132 144 70 99 236 225 179 218 157 107 183 73 30 224 204 164 160 219 169 129 36 146 167 81 92 29 203 230 244 25 
20 : 223 205 240 110 102 144 40 176 152 119 156 201 128 204 25 31 66 76 42 209 228 80 187 63 191 227 183 200 137 69 151 197 89 62 185 208 121 55 114 235 59 37 234 79 134 249 214 45 231 206 193 91 188 135 217 100 117 115 122 226 29 163 219 141 168 104 26 196 241 106 212 27 243 159 73 112 184 153 222 97 161 203 38 41 177 98 199 198 86 192 34 216 131 57 
21 : 175 168 235 190 176 199 247 112 157 133 203 118 239 166 184 148 32 188 104 61 123 230 97 70 48 240 80 108 182 144 194 56 46 134 58 63 222 193 195 243 221 44 
22 : 92 106 162 57 141 199 91 200 175 95 115 184 207 97 117 107 186 89 180 149 156 223 151 139 98 34 238 229 122 134 64 237 213 76 40 157 113 96 54 62 235 197 233 193 190 153 94 169 128 68 118 198 50 161 129 210 25 123 66 163 39 248 246 53 
23 : 72 66 206 88 101 205 197 103 63 248 85 217 202 105 51 150 213 46 100 236 168 189 68 191 157 154 141 98 203 198 110 193 111 126 29 70 125 159 30 240 80 228 32 196 136 128 162 104 58 223 36 174 207 74 211 109 147 50 54 64 89 220 138 204 209 183 129 230 155 40 181 164 243 52 57 185 208 119 90 232 
24 : 202 64 107 205 206 65 91 44 132 185 154 72 46 229 177 90 98 170 86 236 155 230 99 175 219 145 68 226 182 246 51 242 201 129 81 181 218 211 227 141 171 216 119 152 121 136 221 197 45 105 148 92 243 235 147 224 157 178 82 127 130 169 33 
25 : 178 122 196 97 239 197 205 133 42 126 212 41 248 35 169 101 40 124 164 94 87 60 50 177 37 203 55 99 211 226 72 162 204 43 27 146 138 163 214 249 179 
26 : 223 110 232 112 182 183 135 114 238 28 168 53 153 96 222 241 147 75 130 217 34 215 199 93 95 202 89 221 29 186 102 48 65 40 52 208 74 152 27 230 79 158 228 109 162 137 118 205 46 170 157 201 126 26 191 
27 : 168 215 122 197 198 87 114 247 155 63 119 228 241 177 106 189 172 64 41 52 107 51 218 238 203 96 132 224 99 76 237 95 72 34 90 152 115 160 246 139 44 190 126 75 92 100 38 91 42 68 
28 : 137 138 58 96 73 204 101 210 238 158 142 83 97 125 95 231 195 32 75 102 175 153 206 88 39 126 194 230 248 115 51 244 202 226 165 166 106 124 31 66 225 44 111 108 105 176 110 118 163 72 217 87 192 240 229 152 64 70 237 120 214 227 157 82 169 121 141 133 127 35 211 172 136 246 186 197 91 78 90 213 209 76 28 185 249 200 63 162 198 42 92 160 
29 : 194 239 122 163 208 192 28 125 211 146 231 55 63 156 131 159 53 147 162 98 56 27 173 209 183 92 108 235 214 169 242 89 
30 : 26 149 65 231 134 153 76 178 239 185 169 60 244 123 217 204 200 114 129 234 224 125 51 96 80 112 226 72 78 117 101 68 
31 : 165 89 25 207 222 152 99 85 231 47 131 185 43 104 186 141 144 88 84 157 39 63 216 166 164 65 92 45 171 49 236 180 121 244 129 162 168 73 227 240 176 178 91 145 29 142 243 169 55 156 82 143 123 191 133 118 62 105 48 196 211 101 94 110 159 80 177 232 120 233 90 190 167 115 102 117 147 209 224 195 214 33 202 229 52 40 208 108 87 
32 : 195 160 177 214 71 215 100 196 57 146 137 180 95 68 198 156 65 175 116 63 37 40 111 143 158 88 121 115 97 113 216 185 132 154 79 60 108 122 183 123 234 52 61 
33 : 211 92 64 166 214 88 212 168 70 136 242 245 240 173 76 55 30 154 223 50 183 224 144 39 191 161 124 116 97 110 25 220 189 58 53 40 77 28 156 113 82 198 217 196 170 130 111 131 132 66 153 244 169 63 128 34 216 171 145 138 140 59 202 
34 : 142 29 159 215 171 55 231 244 47 58 236 40 35 213 134 46 205 149 75 89 181 167 210 164 220 87 157 80 103 174 238 88 132 184 240 217 199 
35 : 181 125 185 224 141 46 78 34 227 138 107 100 57 221 177 105 133 150 153 108 217 70 40 104 33 48 240 83 174 51 162 52 152 32 154 77 193 196 235 73 91 50 229 103 199 59 62 236 72 220 87 67 188 113 204 233 187 178 131 249 198 183 79 143 56 47 71 128 129 197 169 216 94 35 123 95 
36 : 162 144 66 28 146 25 140 26 154 171 38 129 184 61 175 79 182 95 203 237 198 202 70 232 229 30 183 64 227 117 130 105 121 68 156 120 148 240 215 217 37 74 236 73 231 248 134 104 247 157 211 220 80 81 207 131 116 170 90 51 109 52 214 35 200 41 167 244 83 163 178 176 100 142 60 82 228 216 85 238 67 153 137 181 158 180 94 44 151 147 78 139 
37 : 143 35 39 68 215 70 242 182 81 107 131 74 38 193 152 83 122 30 128 234 181 101 96 216 156 235 240 237 55 65 177 198 134 166 149 164 104 138 212 223 196 165 199 204 76 45 79 127 238 154 213 161 112 132 67 52 78 189 246 136 175 170 220 116 162 123 160 210 103 157 244 119 125 190 203 178 71 227 32 153 40 64 
38 : 109 189 129 43 41 144 213 120 175 117 71 148 67 197 187 200 47 72 116 45 170 55 99 97 168 242 154 156 171 29 238 176 217 39 91 36 112 137 163 
39 : 219 149 55 120 169 101 100 158 241 217 31 222 33 210 40 176 115 235 234 200 69 246 103 223 42 165 189 182 68 26 205 85 204 162 38 107 179 62 195 54 122 80 161 83 64 121 154 242 201 96 118 95 213 75 45 143 141 133 71 98 44 218 173 211 129 93 198 119 139 48 113 89 124 106 177 91 142 104 27 105 28 167 159 126 59 74 227 236 248 226 209 108 131 
40 : 244 169 45 225 116 104 209 60 123 117 136 233 193 187 230 28 188 115 110 55 89 97 40 155 148 135 30 158 109 62 122 247 176 80 162 101 245 125 102 202 151 172 241 
41 : 30 101 212 58 81 232 219 35 246 121 157 74 61 57 66 71 206 51 191 166 37 201 196 140 223 227 242 
42 : 169 80 137 44 201 33 222 206 79 180 102 120 88 211 41 49 83 205 179 249 69 244 118 122 151 148 141 48 67 68 147 144 235 
43 : 90 111 75 108 243 152 47 71 154 178 173 201 55 27 119 225 191 86 116 202 60 83 52 80 221 232 82 145 219 44 97 
44 : 153 202 147 177 105 57 246 144 174 84 166 223 213 135 89 94 97 141 41 226 128 179 35 30 61 192 132 242 121 217 191 115 161 77 130 71 68 38 33 47 150 46 
45 : 166 178 192 59 147 249 91 31 45 215 225 161 139 208 155 211 218 55 170 184 76 94 150 87 142 209 197 186 84 174 52 28 136 231 187 228 226 143 146 181 233 117 148 26 130 33 134 204 179 235 200 103 141 214 81 39 165 110 151 79 199 115 83 36 88 145 70 238 140 164 108 157 237 224 98 205 183 120 202 
46 : 241 42 218 103 94 190 125 73 47 95 49 197 175 54 237 202 141 184 53 117 46 180 200 189 249 177 38 196 199 127 160 58 171 227 173 211 138 100 186 124 33 59 70 122 195 246 106 61 245 146 66 26 131 209 37 76 25 207 192 225 102 168 45 159 43 115 29 
47 : 227 102 56 34 96 51 246 170 94 42 25 192 38 196 155 232 159 238 40 165 43 39 68 205 207 210 99 97 183 122 215 225 212 202 75 117 220 85 49 133 79 188 126 204 111 118 105 107 89 167 63 71 186 221 124 147 148 187 141 
48 : 61 224 138 223 193 204 242 111 226 100 95 117 101 147 163 205 246 93 71 145 27 169 189 216 41 107 239 143 69 65 30 194 55 141 177 36 221 168 79 98 37 87 186 202 85 39 104 43 208 118 198 129 247 207 52 
49 : 105 157 245 208 148 150 77 172 96 92 185 40 196 104 122 107 226 194 174 90 52 87 140 82 84 127 205 247 182 159 223 26 125 58 35 73 246 155 83 130 178 99 165 72 139 117 237 55 63 166 113 135 224 235 218 238 76 241 108 70 59 193 231 94 115 31 234 144 186 168 86 64 181 53 138 219 167 48 189 217 177 38 184 46 120 33 29 239 188 
50 : 224 117 51 28 155 206 166 187 235 134 57 238 195 222 75 118 80 163 186 69 63 201 100 225 49 56 176 45 68 226 93 61 35 157 246 175 228 34 236 148 27 25 190 160 107 200 189 64 94 220 37 99 110 90 86 210 240 153 114 88 214 26 197 192 196 138 29 174 121 199 
51 : 172 191 63 71 190 87 47 64 201 89 117 143 93 43 231 147 175 156 169 138 237 121 112 177 222 42 166 239 83 215 232 134 113 74 
52 : 26 201 94 240 141 206 203 74 231 175 36 194 56 151 27 234 63 173 191 131 43 44 86 236 118 211 
53 : 159 168 68 213 36 242 132 86 128 25 116 83 142 27 104 81 69 141 45 77 34 171 157 32 197 204 121 97 67 184 106 125 233 58 49 38 160 48 88 154 176 26 249 
54 : 125 92 48 192 150 84 45 167 123 81 140 43 173 121 56 110 116 161 156 46 37 171 44 172 32 127 29 68 86 64 144 40 142 28 70 229 189 54 187 35 80 237 26 198 79 216 
55 : 83 85 177 68 225 101 244 29 130 203 65 210 99 25 173 230 118 64 171 95 72 149 111 209 206 127 178 208 199 96 134 48 40 87 179 212 110 185 247 150 200 158 192 102 121 46 59 226 109 162 100 124 28 52 49 43 115 245 
56 : 233 31 97 153 61 137 155 221 223 183 135 219 129 69 48 70 247 29 30 199 59 51 100 95 34 91 179 217 191 220 85 212 90 106 177 60 214 240 72 194 156 93 37 88 28 114 242 38 180 108 197 134 81 46 68 74 234 246 158 195 92 41 192 82 120 42 84 230 189 83 131 36 40 113 174 145 241 224 182 56 45 107 226 80 54 103 185 139 231 
57 : 223 112 155 26 72 189 33 183 198 170 122 169 107 81 142 237 177 214 227 244 232 119 152 43 28 44 71 103 87 125 98 242 199 123 143 69 235 168 
58 : 34 234 114 235 244 133 159 174 79 102 28 178 222 38 141 126 45 36 55 180 194 77 70 214 49 39 166 156 129 184 84 104 139 75 132 205 43 162 186 93 173 107 59 135 221 131 106 32 82 223 237 239 120 25 196 142 42 134 197 227 119 110 87 199 89 68 140 117 229 
59 : 180 135 121 119 150 29 244 83 217 204 95 49 44 240 91 176 238 62 188 48 58 139 239 214 85 93 169 216 
60 : 220 52 202 240 243 101 126 150 182 245 153 106 146 144 138 125 188 210 131 171 58 204 184 176 121 244 225 174 203 108 136 249 211 223 33 102 172 26 110 218 175 72 231 53 70 187 155 66 213 44 34 154 96 73 163 167 190 166 
61 : 84 186 215 130 209 116 75 227 159 69 47 78 168 243 48 94 35 98 241 163 114 95 79 179 246 222 83 216 188 137 134 138 153 160 131 50 230 225 239 172 211 169 147 86 206 141 170 63 139 90 38 108 205 87 132 151 34 220 
62 : 182 224 181 189 150 39 115 58 72 100 153 135 161 217 221 242 166 201 172 62 233 223 177 117 128 167 61 95 168 91 239 196 71 34 111 48 215 76 65 140 89 129 152 93 211 247 50 96 78 145 73 218 125 92 214 160 103 213 80 60 208 199 
63 : 186 232 65 149 223 234 188 42 75 152 135 62 155 207 161 233 83 44 98 51 124 185 151 66 228 119 237 222 196 84 187 27 137 174 69 39 130 248 245 25 220 86 79 
64 : 79 30 106 86 155 209 248 131 43 219 237 34 25 246 71 183 114 58 203 32 221 126 169 85 129 112 201 176 39 47 41 100 220 122 165 118 168 91 212 199 104 162 45 202 161 26 46 48 83 151 65 95 244 233 146 172 61 75 50 238 99 59 191 243 210 240 179 171 186 222 127 125 192 231 217 232 198 74 142 197 193 117 108 54 184 31 140 200 84 38 
65 : 173 193 159 49 46 35 227 164 32 99 123 83 188 210 81 128 47 221 187 126 73 140 131 247 48 209 96 214 186 37 87 116 50 236 197 122 158 169 243 68 38 
66 : 97 129 237 157 244 245 191 110 167 53 124 134 121 58 248 127 90 93 174 88 52 138 189 173 38 77 37 232 63 155 30 190 219 179 228 50 47 59 210 137 220 82 115 226 186 122 168 51 236 171 207 233 64 231 181 182 128 216 70 187 117 196 114 162 136 104 130 206 234 203 34 83 201 211 74 195 105 217 249 177 116 199 95 175 141 131 140 43 229 65 202 239 
67 : 85 232 224 164 69 92 53 166 146 66 225 70 62 234 160 163 91 236 185 210 238 136 243 41 138 187 177 162 152 167 209 57 68 227 99 50 75 98 58 228 233 104 188 165 71 40 133 
68 : 181 228 39 182 66 175 173 142 35 247 151 106 95 211 172 74 93 136 226 206 203 176 46 189 248 235 198 28 94 135 134 72 222 240 130 98 38 165 158 224 149 168 154 133 65 114 64 108 51 180 37 42 89 200 216 230 31 57 220 140 166 129 43 103 190 107 208 34 164 32 161 184 
69 : 66 141 78 243 40 163 170 187 128 95 157 202 83 248 79 81 220 138 186 130 122 195 120 59 44 71 51 100 152 64 77 88 114 125 154 62 175 219 192 142 49 177 27 85 45 166 131 247 149 216 119 198 31 226 215 104 244 42 169 188 86 214 68 38 103 196 249 116 145 117 245 50 205 69 46 
70 : 193 164 222 32 169 124 245 76 118 156 240 113 168 48 158 40 66 99 154 26 123 108 116 125 41 55 136 195 190 163 53 170 57 155 121 126 145 241 151 112 205 120 207 197 138 86 180 236 
71 : 29 226 164 84 50 153 95 203 48 175 78 227 160 33 195 73 127 32 102 179 206 31 231 110 214 37 
72 : 25 177 163 120 103 124 137 133 248 59 234 208 141 187 72 156 126 209 239 76 226 170 34 223 26 95 203 31 174 117 181 37 229 64 106 53 116 110 129 38 143 115 70 237 244 132 86 125 112 44 166 149 45 247 123 96 185 62 241 199 51 113 160 40 148 145 
73 : 106 184 243 163 176 167 214 196 199 123 82 195 166 152 26 66 105 76 241 245 153 185 174 149 38 237 136 92 103 234 112 161 225 78 83 215 40 58 217 210 32 192 146 89 148 116 68 151 125 144 228 181 160 191 28 179 93 140 98 162 226 29 113 173 56 204 202 46 187 193 115 182 133 81 79 154 88 190 207 209 183 137 132 129 35 134 224 135 55 189 117 186 77 42 222 
74 : 46 236 117 70 82 241 68 79 232 163 229 50 125 38 131 237 31 141 240 174 85 205 53 214 83 227 202 32 110 153 186 119 36 142 216 189 195 113 56 147 
75 : 151 228 41 107 102 149 90 54 147 118 216 51 65 175 75 27 155 202 142 105 156 244 32 121 224 97 91 127 26 35 93 247 166 226 125 71 163 167 57 225 36 68 242 117 101 227 94 
76 : 231 93 127 151 174 194 43 171 27 164 101 239 188 145 76 221 138 38 80 172 162 153 123 241 213 245 131 193 217 63 160 204 229 139 227 186 154 220 129 36 184 206 55 233 51 122 178 102 165 208 78 198 64 205 189 148 112 152 235 207 86 234 29 200 66 130 242 219 89 75 32 223 79 249 202 69 143 
77 : 109 248 173 112 193 73 45 116 208 160 163 140 122 159 165 27 82 72 227 32 247 222 81 97 169 49 102 209 125 61 201 39 137 83 199 154 106 
78 : 132 248 94 224 230 163 193 55 27 154 53 110 139 36 147 46 114 171 64 106 145 170 159 175 238 60 116 78 240 173 228 214 68 222 38 48 190 153 217 204 138 149 33 184 45 51 43 239 237 221 62 133 123 162 83 121 71 73 200 119 122 205 247 34 92 243 80 28 156 52 188 187 169 118 242 241 39 81 223 117 25 226 76 57 227 61 126 194 236 
79 : 58 124 41 165 212 164 157 96 196 134 198 72 62 55 141 225 128 118 219 233 240 73 68 140 50 136 42 193 194 181 163 125 109 54 29 111 31 155 45 168 89 197 201 48 187 208 149 34 142 226 203 146 100 94 230 221 87 103 104 110 143 204 234 175 145 26 33 192 174 76 184 46 151 93 238 108 156 
80 : 92 205 238 203 222 82 46 206 100 35 52 190 198 99 150 94 126 166 144 158 164 77 111 224 36 51 247 146 117 32 184 200 34 98 145 110 191 213 79 165 65 176 57 211 219 132 167 60 163 155 242 168 161 153 179 25 220 214 234 
81 : 240 218 95 47 202 170 107 97 41 197 172 49 161 206 208 40 222 145 242 185 138 116 99 181 235 210 194 105 223 217 162 126 152 231 199 100 121 215 89 74 72 108 98 96 51 76 220 224 78 44 158 175 111 101 30 134 83 150 61 128 31 71 82 226 60 178 143 57 70 124 69 236 166 159 200 52 160 
82 : 49 119 129 128 238 208 109 235 249 124 110 58 32 185 52 42 243 75 113 99 28 66 31 120 45 242 244 41 79 125 205 50 190 39 246 76 63 151 117 219 245 204 188 69 27 83 80 197 217 201 67 104 61 180 194 153 
83 : 54 248 57 172 108 133 58 121 60 101 191 163 90 227 112 207 179 49 63 97 51 119 116 185 95 228 149 236 173 160 223 147 170 189 210 240 204 231 146 234 201 217 226 216 152 161 183 209 192 37 34 139 65 80 
84 : 223 179 84 104 211 144 66 120 36 145 43 97 94 98 111 165 105 63 139 39 235 100 108 172 109 121 101 123 88 69 31 114 35 227 38 158 131 53 205 78 67 226 161 134 130 210 90 159 83 168 244 239 64 132 141 113 212 50 74 173 169 
85 : 211 193 125 147 245 236 173 180 58 55 220 82 31 42 162 219 201 121 27 144 116 89 108 64 229 127 105 62 151 114 214 167 238 237 51 202 181 29 90 224 208 213 154 106 163 142 67 196 166 66 103 60 54 43 178 134 194 77 107 48 94 47 182 233 184 212 232 227 86 222 
86 : 93 245 28 60 242 124 75 43 236 142 218 57 164 27 183 129 34 120 141 191 62 58 48 166 162 67 86 135 104 99 114 82 32 155 128 121 140 47 231 196 127 239 194 
87 : 175 207 56 183 187 246 135 88 66 100 82 131 92 158 77 61 213 133 78 114 95 89 160 203 53 148 139 166 55 62 185 130 155 127 227 168 122 68 101 243 228 126 132 84 63 220 145 170 107 102 137 76 71 153 59 149 224 57 156 25 
88 : 231 218 99 234 28 139 79 215 60 207 66 78 203 180 227 152 40 224 47 164 197 131 212 56 59 249 178 30 233 148 161 118 199 181 
