0 : 66 34 214 193 35 81 113 143 117 82 123 213 149 119 62 130 145 43 124 60 160 246 116 136 204 144 248 225 109 73 115 238 184 140 100 205 126 201 196 194 106 122 190 153 207 80 243 168 195 167 146 51 59 218 222 240 112 129 223 104 56 216 72 64 228 89 114 192 127 110 38 235 30 242 86 68 172 101 63 70 28 77 148 52 180 155 50 58 232 219 189 42 47 244 55 
1 : 175 33 49 133 181 95 43 60 136 216 56 75 232 170 42 225 149 173 201 244 221 48 116 163 37 197 213 217 97 193 28 130 185 118 125 177 240 76 218 190 186 51 29 182 87 44 110 151 241 209 124 77 158 210 135 94 223 67 85 128 58 137 36 105 57 59 172 206 162 50 222 198 214 53 40 228 226 248 239 54 219 
2 : 40 206 101 189 137 41 163 172 108 129 154 70 234 140 231 166 221 230 195 161 132 239 208 48 199 226 204 235 249 87 98 233 139 72 94 218 113 217 185 224 174 179 43 141 142 93 165 127 201 85 164 96 236 52 67 135 116 74 167 229 86 227 124 125 49 57 128 117 90 56 203 187 100 102 81 198 145 95 122 31 27 228 106 29 123 238 225 69 197 50 211 178 192 84 152 213 37 193 237 134 114 202 65 
3 : 176 173 26 238 59 220 50 224 182 115 219 138 125 64 175 77 84 109 244 41 112 151 29 37 121 43 201 99 196 187 33 232 51 158 68 190 241 66 85 239 103 25 122 96 30 45 248 157 181 168 156 34 167 221 108 130 177 209 74 44 86 80 81 199 61 154 170 143 227 105 48 118 
4 : 244 101 90 246 70 160 145 228 181 203 73 193 40 35 184 195 155 37 242 147 127 50 240 134 81 69 149 206 234 126 120 133 162 229 80 183 200 88 51 97 45 67 165 105 199 135 237 208 117 241 236 164 93 61 77 140 44 129 128 151 205 172 55 171 83 115 82 85 59 178 99 79 76 157 84 124 136 75 31 194 112 215 222 46 158 42 182 139 87 201 233 131 197 113 148 219 210 47 
5 : 194 236 216 148 195 43 140 87 203 152 180 104 115 224 235 33 29 130 198 74 60 49 173 226 98 83 156 193 53 213 144 50 72 37 166 171 223 69 147 176 154 242 159 114 143 234 67 91 32 89 116 214 100 208 165 39 217 153 248 204 125 108 174 58 175 48 179 227 
6 : 228 148 69 194 28 213 248 126 218 181 207 198 138 83 125 192 184 150 208 33 143 173 245 144 64 30 136 180 106 206 239 141 135 221 224 160 154 108 140 157 183 84 45 100 133 63 215 130 97 158 107 38 235 230 249 229 131 169 179 91 72 71 168 159 51 
7 : 106 109 212 177 104 90 132 241 76 182 207 88 55 158 57 64 186 31 107 209 75 32 203 144 236 165 169 244 79 237 142 33 45 47 168 34 200 161 235 35 63 185 224 215 220 170 108 68 152 229 140 239 51 25 37 105 195 78 242 98 52 137 238 118 153 110 80 133 28 226 193 120 61 173 103 166 174 157 111 180 60 196 146 59 194 70 218 176 101 
8 : 178 132 108 46 114 59 73 45 48 69 101 206 37 34 192 66 26 203 75 64 139 175 204 131 117 95 194 58 25 93 72 156 90 183 149 27 157 120 84 191 109 215 186 63 218 42 158 80 124 145 173 228 39 96 229 207 166 170 38 190 245 222 226 247 62 239 134 91 44 205 32 237 47 52 76 138 196 100 217 97 107 126 28 70 249 118 60 65 40 169 238 51 123 184 180 98 154 240 41 
9 : 208 55 162 82 138 129 202 170 231 107 147 178 230 26 25 31 115 243 80 212 234 173 89 149 244 223 236 228 206 238 106 54 91 185 204 220 189 83 203 143 123 37 39 209 119 130 213 237 62 32 196 216 42 219 161 108 58 158 44 153 122 164 65 111 241 179 175 121 93 104 45 140 169 49 171 184 249 34 188 48 177 
10 : 161 237 41 57 196 114 51 74 56 145 183 159 188 199 140 66 202 39 242 209 146 92 101 223 144 110 120 44 115 97 107 89 111 31 59 169 130 125 246 137 108 206 94 63 43 215 68 48 143 109 151 73 122 185 71 244 152 34 83 80 131 113 171 139 164 165 78 168 61 184 154 117 81 148 55 228 77 174 198 243 47 88 133 84 217 
11 : 91 202 57 109 165 101 178 112 83 179 159 154 194 184 176 181 201 126 219 62 103 30 99 157 232 247 207 244 114 162 142 146 64 59 131 197 74 143 78 72 85 245 237 26 50 173 211 32 150 220 60 45 158 233 200 58 169 128 29 168 31 227 76 
12 : 128 28 216 50 208 121 74 183 82 139 245 231 199 58 63 123 190 140 248 126 154 103 122 99 40 194 56 147 42 111 178 143 223 85 158 69 195 57 31 44 137 214 120 66 
13 : 75 35 31 85 176 69 190 163 153 103 144 236 49 237 223 226 151 212 224 171 181 248 65 187 79 213 148 238 193 245 66 195 169 99 108 227 172 76 39 30 249 175 51 29 247 243 178 200 91 220 81 67 242 157 158 128 154 164 84 129 90 185 
14 : 199 53 196 82 151 237 68 79 246 109 48 178 185 111 80 147 182 65 78 186 61 28 113 75 72 146 70 142 201 180 37 206 181 139 224 67 205 208 95 168 132 192 49 165 152 169 160 230 143 93 175 130 90 172 166 170 117 148 85 94 112 42 92 171 155 174 60 66 249 220 123 215 245 189 119 156 203 204 153 133 177 115 173 150 104 167 45 
15 : 221 185 106 166 42 243 126 146 97 143 177 40 107 205 74 173 248 220 70 49 118 26 142 130 222 196 122 244 160 138 164 218 99 30 87 180 233 153 245 89 171 34 158 76 109 92 145 210 226 207 152 120 124 172 232 209 157 100 242 213 43 151 101 121 167 230 114 56 199 235 52 137 67 239 72 224 176 200 228 46 241 189 69 96 127 
16 : 221 38 180 88 53 240 41 84 136 212 111 55 190 69 77 105 224 132 138 144 61 92 135 163 185 146 29 193 109 67 234 87 215 187 210 37 78 200 147 51 97 179 66 239 74 174 80 225 94 130 65 123 140 39 229 218 151 142 60 134 176 98 219 72 184 101 192 164 228 178 213 110 44 103 49 68 241 79 58 238 83 42 113 199 153 32 90 119 100 125 148 89 222 129 217 231 118 169 186 197 152 91 158 73 34 207 62 
17 : 226 120 135 36 78 146 74 123 164 97 127 218 227 118 158 159 201 73 49 51 144 26 182 105 134 81 188 153 83 131 195 231 200 90 138 110 30 108 141 210 35 102 245 75 132 143 233 44 52 225 246 161 59 
18 : 126 54 230 139 222 147 102 116 119 221 57 94 186 199 173 224 177 181 171 132 32 196 223 150 34 241 136 105 246 179 30 225 45 217 41 168 65 111 42 200 182 234 55 
19 : 234 158 170 148 68 136 87 28 240 173 156 83 228 55 42 92 179 89 199 185 91 224 51 36 52 216 84 61 157 114 163 222 209 189 205 191 64 109 57 207 45 97 242 113 101 133 59 58 93 212 129 196 149 94 145 208 241 150 43 
20 : 212 242 205 60 209 75 160 124 86 201 240 25 149 112 55 177 132 222 148 187 138 170 41 95 214 39 129 113 99 28 44 130 234 83 58 92 76 157 199 213 97 153 196 200 197 119 189 68 134 206 61 131 193 146 233 91 94 72 175 101 
21 : 155 168 77 176 106 100 236 79 174 163 185 247 25 144 201 82 243 233 101 195 241 190 198 51 29 191 30 89 217 221 211 84 126 36 183 28 219 57 149 72 112 96 58 132 31 137 186 227 246 151 70 41 
22 : 42 204 126 74 31 80 90 49 82 113 56 132 205 45 246 162 181 35 128 83 150 145 159 118 94 188 46 85 110 72 158 123 219 184 97 224 
23 : 135 91 194 220 189 55 140 73 57 99 166 187 38 58 231 212 97 158 77 244 147 96 207 39 173 120 230 195 82 200 64 75 31 197 65 25 137 132 162 243 126 110 79 167 245 226 193 214 124 40 67 180 84 112 170 141 186 182 179 174 156 171 34 216 145 142 56 248 235 36 93 165 100 181 85 71 164 205 225 129 221 213 92 26 49 37 43 139 111 175 249 80 227 83 
24 : 83 166 68 37 216 242 105 114 213 66 226 215 139 150 224 160 103 147 181 208 81 141 73 124 214 170 53 47 203 148 121 231 110 131 142 52 87 219 174 151 30 50 132 78 195 
25 : 37 126 34 153 41 128 134 110 181 122 223 84 118 87 123 212 47 103 101 184 232 152 174 183 237 167 97 105 143 188 32 211 35 195 33 77 165 218 246 63 233 170 45 78 173 39 62 113 50 120 58 86 92 61 214 208 162 194 124 185 69 191 230 205 57 116 203 138 121 175 29 225 48 
26 : 25 243 98 96 93 178 165 209 113 247 237 102 34 44 186 116 103 217 50 200 145 121 119 202 149 218 134 130 26 170 57 49 56 222 33 71 107 120 133 204 39 212 205 213 60 172 236 51 148 244 90 64 193 177 246 241 154 27 128 160 41 197 163 192 115 190 114 176 215 35 89 79 40 74 228 52 104 159 59 239 136 248 157 238 206 211 73 72 75 31 68 80 
27 : 134 73 165 144 52 34 203 196 31 41 156 49 35 60 237 141 32 69 132 25 217 67 33 113 184 227 64 39 210 185 50 167 148 26 115 61 29 158 105 178 133 202 104 103 
28 : 230 211 189 154 182 128 203 145 236 91 129 115 184 133 45 186 100 218 221 96 66 173 63 52 213 209 125 228 160 216 185 90 40 84 187 224 69 144 239 118 151 201 127 229 246 65 240 179 53 116 97 232 134 183 225 238 106 89 219 194 237 227 81 171 73 161 206 175 104 205 140 212 109 41 76 163 36 188 80 164 71 67 146 158 74 59 197 114 137 26 223 199 83 50 123 168 132 193 68 101 176 34 56 177 48 
29 : 236 208 157 175 53 42 239 166 181 67 76 163 184 126 219 25 45 153 155 132 81 104 231 177 186 75 187 111 52 241 147 97 73 159 123 39 220 119 171 61 112 109 137 230 49 124 188 226 32 195 189 215 131 209 179 150 118 26 54 216 161 180 242 86 
30 : 48 221 153 85 119 218 180 139 130 165 58 204 45 64 243 81 155 209 109 113 73 47 129 103 60 41 167 74 144 247 25 102 200 176 96 80 242 224 108 171 208 234 133 244 112 225 107 248 72 175 123 198 207 43 101 186 75 246 29 50 
31 : 35 92 94 249 232 149 164 245 68 118 210 148 59 201 116 124 126 58 216 208 131 231 69 125 166 181 146 103 89 37 172 237 43 248 225 45 192 169 77 246 238 150 97 198 224 122 75 236 135 88 107 57 228 243 29 98 134 205 82 119 109 226 86 137 76 78 93 65 47 191 81 38 130 168 42 160 111 187 121 99 
32 : 88 214 43 47 161 134 225 164 222 144 236 114 178 122 213 165 151 74 231 184 143 241 188 44 27 126 49 92 180 220 159 205 129 174 168 233 39 113 37 191 162 131 79 194 196 105 101 230 25 163 248 86 72 223 185 29 179 203 181 169 
33 : 43 73 40 37 99 184 216 96 110 130 116 241 162 189 179 38 100 205 225 107 49 108 148 152 79 58 36 54 34 231 182 51 137 210 249 46 84 168 153 98 144 26 53 105 139 41 72 104 50 119 214 222 113 57 91 244 183 124 209 
34 : 104 163 137 68 242 33 195 70 82 187 50 29 151 81 207 124 189 76 155 197 101 96 202 62 126 178 215 217 125 206 41 249 139 132 240 34 
35 : 240 112 182 69 166 66 92 201 145 187 77 114 138 176 184 27 127 36 203 130 129 192 75 170 217 93 67 205 148 157 39 233 96 120 55 80 97 81 61 95 167 113 151 195 29 64 111 147 132 206 58 143 186 222 218 118 49 179 172 171 31 209 216 238 200 248 160 117 74 224 163 110 135 136 
36 : 140 61 219 136 81 70 239 33 235 152 27 128 154 198 161 197 204 121 64 114 32 66 39 151 234 126 192 79 162 199 201 83 242 93 176 217 73 147 148 40 101 227 109 175 210 131 189 226 139 196 59 183 145 150 80 94 207 111 90 182 134 65 48 238 167 155 186 171 245 231 
37 : 111 237 105 108 171 184 200 119 232 228 240 201 173 100 167 212 162 143 120 211 230 195 93 137 138 126 67 116 135 42 209 247 86 178 224 118 234 241 223 74 179 28 139 99 60 130 87 203 107 36 129 71 121 217 205 188 151 174 43 79 249 96 103 54 159 246 193 161 182 
38 : 142 243 116 71 96 197 129 232 172 107 59 103 205 176 89 177 213 163 79 88 228 207 81 239 170 90 114 221 26 97 48 169 183 
39 : 233 183 83 169 97 143 55 43 224 96 50 209 160 53 58 26 86 68 200 31 241 132 52 171 74 186 212 59 238 116 208 120 73 147 94 121 36 42 84 182 246 80 117 127 89 207 70 196 77 202 47 103 113 191 188 135 242 124 49 119 115 39 223 178 249 91 231 30 162 32 245 175 156 66 159 176 137 170 90 48 228 185 78 235 122 150 25 
40 : 50 226 208 86 94 229 55 87 210 84 227 91 224 62 109 204 168 120 152 221 157 43 52 216 145 134 38 90 243 205 154 119 218 67 71 232 29 147 72 64 85 48 35 194 163 82 83 108 30 215 124 177 31 25 228 112 197 138 49 206 162 114 212 74 102 100 106 123 235 178 130 70 155 172 118 160 182 233 192 180 242 131 40 146 200 103 75 136 105 88 76 184 41 143 158 110 77 69 101 81 
41 : 143 229 93 237 47 139 160 34 26 37 202 110 222 85 128 58 192 196 136 215 170 86 80 156 60 134 183 125 159 55 234 31 59 130 151 87 231 90 197 214 108 82 41 166 187 179 158 141 228 182 233 203 162 71 53 65 206 27 103 235 83 225 131 155 79 152 62 25 54 32 171 195 194 223 50 107 181 226 177 242 227 207 73 243 211 124 51 191 144 172 121 150 88 81 119 189 109 30 145 173 49 
42 : 173 39 41 110 90 131 183 232 104 236 151 47 85 61 115 206 127 136 150 141 107 28 25 227 205 224 174 130 190 247 129 69 209 239 102 201 40 238 156 194 159 202 176 219 65 218 244 208 246 103 184 74 140 229 137 220 144 63 43 114 38 80 160 230 125 214 46 152 145 99 26 155 36 51 50 180 96 66 83 
43 : 152 89 230 116 43 182 183 92 44 40 206 56 72 144 96 61 67 88 71 25 207 110 141 113 241 46 45 174 57 154 65 139 101 189 106 
44 : 230 194 58 130 132 63 117 37 105 127 214 30 126 66 97 42 115 226 243 154 205 241 89 69 223 246 61 224 60 131 138 54 157 29 221 56 161 148 68 111 145 67 77 64 147 169 52 191 192 98 101 55 128 197 245 204 144 249 141 40 104 114 43 160 244 156 182 208 227 125 176 79 134 81 65 82 189 181 143 235 166 168 46 209 180 153 136 195 196 158 184 171 151 239 92 170 216 31 70 220 212 124 91 86 96 33 
45 : 26 76 144 100 168 164 33 140 212 58 89 37 126 194 162 232 104 61 51 118 217 120 145 159 53 54 180 151 146 25 237 107 66 189 152 57 35 173 210 59 198 172 177 191 
46 : 61 204 56 161 50 217 208 152 203 71 156 86 239 54 185 94 52 133 105 74 49 67 26 73 172 57 224 219 210 233 104 116 242 72 151 167 245 214 160 126 130 36 169 154 
47 : 232 76 114 176 165 173 243 67 208 223 110 28 237 205 80 179 87 141 74 33 138 123 38 154 69 79 31 153 125 100 68 213 206 212 137 124 170 94 36 42 59 185 128 204 44 217 77 52 134 231 41 
48 : 182 189 130 26 96 217 139 51 117 61 108 32 123 246 69 146 133 149 200 87 72 34 245 86 100 243 91 103 66 55 212 81 239 226 242 236 111 116 104 235 119 163 83 214 95 206 164 42 101 134 38 62 93 106 36 88 43 145 65 110 167 89 181 201 193 172 221 175 184 210 215 213 127 249 171 59 173 234 85 177 144 141 114 225 229 31 140 33 77 121 35 227 161 138 63 112 204 191 187 52 147 30 136 113 160 
49 : 209 79 60 173 71 125 234 203 148 89 233 95 51 170 66 221 44 97 102 235 28 96 40 224 184 93 107 77 76 168 191 183 237 123 37 133 225 246 241 152 90 81 202 167 217 179 190 62 182 132 236 242 162 
50 : 219 86 105 205 121 152 193 55 186 161 27 107 182 28 64 209 74 89 237 42 131 92 154 36 62 139 166 168 132 223 
51 : 104 143 190 125 165 189 135 99 185 46 230 62 58 231 205 103 75 76 33 192 71 191 240 68 174 111 84 52 94 110 197 127 41 36 26 169 39 206 211 176 123 232 83 25 70 204 73 140 238 96 
52 : 80 133 68 101 207 149 241 62 104 224 127 113 59 181 230 222 81 221 76 164 177 91 148 120 211 213 239 186 40 116 93 126 61 210 50 162 240 128 166 203 58 39 36 57 204 244 139 130 236 63 52 216 87 67 140 114 65 196 
53 : 52 79 188 48 170 49 47 223 152 163 71 200 227 150 101 114 85 65 103 84 182 153 112 180 81 136 183 
54 : 86 111 122 156 87 138 242 234 228 98 76 129 55 142 80 100 27 92 163 64 82 229 247 59 230 171 72 198 141 214 174 75 150 35 132 103 62 139 130 179 216 146 175 151 
55 : 76 130 208 227 163 206 114 155 245 30 196 214 210 157 183 140 47 186 162 79 230 217 52 88 108 202 219 222 73 136 
56 : 207 211 203 219 113 196 75 166 205 57 66 95 212 64 67 244 181 220 198 108 111 184 247 106 193 98 210 94 81 137 158 234 103 121 90 65 50 56 28 164 79 35 25 88 167 136 154 122 71 38 248 246 240 232 192 126 217 171 162 55 117 146 239 48 141 74 176 76 214 37 138 168 218 225 215 42 104 227 185 143 139 159 209 149 47 44 189 31 86 58 230 233 134 85 54 170 131 41 
57 : 31 75 119 166 178 144 83 237 40 85 221 232 101 48 95 57 186 91 140 102 191 155 117 160 147 113 68 59 223 122 153 226 190 109 70 214 
58 : 175 124 69 113 174 181 57 48 191 185 85 79 203 187 97 82 27 60 102 130 103 100 76 241 108 192 71 47 35 88 159 198 173 107 121 87 246 207 41 229 139 212 172 96 54 227 161 230 80 163 151 67 117 189 220 215 70 26 146 52 248 45 33 131 31 194 186 133 223 150 111 164 77 225 200 238 46 120 216 55 53 170 99 43 39 73 154 91 132 178 72 78 136 34 205 239 156 237 129 160 
59 : 50 57 153 35 56 127 236 114 197 119 84 104 193 86 235 156 53 129 98 202 141 147 66 65 45 245 246 221 131 203 40 95 100 83 206 159 216 162 110 31 122 145 172 96 128 79 73 26 132 184 126 42 99 241 93 187 185 143 34 121 160 102 227 106 30 136 
60 : 62 173 143 37 205 223 67 224 167 93 44 98 47 185 74 139 209 34 189 227 236 228 41 27 192 206 108 
61 : 49 219 125 240 79 188 46 211 50 218 38 86 246 104 248 67 39 157 192 179 207 237 128 107 137 185 63 160 233 215 175 191 28 224 190 34 153 44 147 116 245 167 194 174 129 221 82 64 91 123 70 200 60 180 121 205 177 138 143 232 204 66 159 32 217 198 139 112 168 73 30 42 124 58 33 241 163 95 72 226 56 27 85 43 216 236 171 238 31 
62 : 193 140 119 158 70 88 183 104 67 166 236 114 191 45 39 161 101 220 226 38 228 227 182 169 111 95 147 230 89 133 180 120 163 102 146 216 130 52 135 132 73 199 
63 : 127 86 101 249 45 152 32 98 29 97 119 132 103 148 219 166 195 33 55 211 135 48 226 150 92 113 214 180 140 40 25 200 170 136 124 240 225 186 164 227 199 187 66 175 139 118 248 196 242 191 204 82 53 147 93 104 75 
64 : 50 245 48 190 80 107 161 184 156 192 153 143 140 170 118 64 240 171 95 82 78 158 45 35 77 61 149 154 239 44 29 69 116 247 99 218 248 76 157 234 227 181 194 124 38 39 92 70 109 27 79 55 150 215 173 182 106 147 62 198 205 51 220 25 162 68 146 93 228 187 208 169 91 224 113 237 63 67 233 97 223 37 174 34 132 103 110 207 130 186 209 139 175 144 104 168 31 
65 : 162 214 133 180 66 80 89 104 149 155 60 114 50 227 92 146 200 185 124 197 210 218 175 216 118 235 179 35 205 87 198 
66 : 50 40 111 30 122 81 154 189 84 150 224 138 216 163 106 166 43 116 108 235 132 89 37 183 110 223 39 219 215 147 164 204 162 161 201 102 243 220 25 69 133 247 73 146 229 228 115 56 109 211 131 66 233 54 60 78 38 203 53 65 68 239 148 127 55 167 28 245 143 94 103 202 200 105 153 64 58 165 177 139 46 199 91 79 
67 : 138 221 238 134 206 105 153 98 227 25 114 144 217 214 171 247 240 232 195 55 81 119 175 122 229 50 41 92 125 83 132 95 121 53 37 152 246 90 56 174 99 234 131 140 244 136 39 193 148 163 88 94 133 106 46 27 110 65 64 71 162 237 86 183 199 189 186 201 49 204 205 74 112 143 142 123 225 60 113 156 181 218 78 208 58 223 130 108 179 212 109 111 177 166 245 228 188 
68 : 144 212 209 110 172 147 129 33 160 208 238 99 79 166 232 176 201 149 195 217 41 88 227 222 122 151 29 31 145 118 237 175 152 61 91 154 47 69 194 
69 : 78 79 193 243 143 91 63 244 148 109 172 92 248 53 127 39 30 41 207 29 209 227 152 162 142 190 177 129 
70 : 177 90 26 47 198 88 171 166 227 182 29 168 140 132 179 95 103 170 58 32 181 31 94 165 45 241 200 68 123 217 118 189 194 38 117 236 71 226 83 214 36 106 48 35 84 39 202 146 159 209 67 81 25 76 143 242 219 57 130 207 122 245 96 183 169 216 27 150 204 201 91 120 160 89 107 229 220 86 30 77 153 173 136 115 
71 : 194 28 133 139 242 177 189 26 51 190 103 80 169 111 128 123 88 43 171 235 223 36 196 232 27 93 53 180 129 92 42 172 95 40 72 154 136 197 126 157 31 167 62 52 219 243 78 162 91 45 212 191 248 149 184 49 67 222 221 63 54 104 187 160 241 29 30 121 83 176 64 85 228 173 117 166 
72 : 170 109 163 146 57 108 222 173 115 161 234 121 47 30 233 130 111 223 241 226 201 228 225 32 133 136 117 248 177 143 26 41 95 106 189 48 105 176 183 63 119 75 77 199 34 102 33 135 83 49 164 100 232 103 221 182 43 185 202 50 69 212 61 85 42 224 186 78 195 187 197 140 91 244 210 71 141 150 239 208 112 124 81 73 142 53 101 58 137 84 96 217 178 28 196 35 156 
73 : 221 206 32 176 140 205 95 239 216 122 230 155 191 224 34 135 200 220 85 39 58 163 63 225 214 148 94 174 196 134 87 111 42 170 197 164 125 89 54 139 36 241 193 52 67 186 119 27 149 152 82 210 91 181 43 93 137 192 123 142 169 92 158 133 57 173 235 240 38 107 153 120 117 41 44 97 145 46 59 128 
74 : 213 65 88 212 46 183 44 27 193 173 50 147 199 235 134 203 54 171 176 33 108 29 236 246 222 105 85 106 109 165 217 164 69 142 241 37 132 60 100 31 197 177 155 223 51 57 98 156 219 144 148 145 202 53 196 118 215 146 238 78 66 114 200 32 201 77 243 36 73 83 216 249 198 210 232 159 162 95 151 71 86 64 124 122 80 110 103 194 209 115 233 87 214 184 28 137 97 242 130 231 178 43 40 152 34 
75 : 169 49 58 228 221 83 118 178 38 100 48 136 110 88 129 236 44 103 29 215 95 207 119 132 27 42 180 138 165 80 189 240 224 226 85 173 188 242 122 159 56 217 53 109 70 246 244 171 107 79 63 192 133 161 25 35 164 227 191 190 167 150 222 93 121 182 90 233 184 55 243 211 45 72 65 60 125 114 232 113 112 144 175 92 127 241 197 91 203 116 
76 : 174 156 141 142 49 180 191 245 68 72 162 38 150 157 113 79 237 58 133 83 80 69 229 151 117 76 233 99 107 73 241 33 100 129 39 152 101 178 165 168 238 167 48 249 131 148 40 115 47 122 246 103 123 244 128 92 54 25 243 200 90 77 219 112 109 209 248 218 223 87 111 56 55 159 64 26 94 
77 : 155 245 218 109 76 166 154 165 182 171 167 61 216 220 235 228 191 233 184 82 122 138 85 121 86 111 186 102 152 210 169 54 151 95 208 193 79 29 162 147 232 58 128 234 105 131 75 142 43 190 68 59 28 57 91 90 77 80 201 226 124 157 63 99 161 172 41 173 27 225 88 104 179 248 181 113 156 134 177 83 42 214 98 197 106 96 175 56 136 185 
78 : 197 88 47 125 59 132 155 136 129 249 211 174 153 80 181 44 149 142 53 49 234 222 177 176 41 186 111 173 112 94 67 118 54 244 26 38 210 206 161 89 219 68 152 241 229 208 175 133 51 195 135 128 237 106 90 158 182 214 98 116 56 164 187 134 76 151 30 143 117 73 232 160 192 230 33 119 139 248 66 69 221 156 147 29 205 122 180 179 101 108 169 86 171 39 100 42 224 196 199 35 236 154 110 137 166 240 82 
79 : 63 134 62 30 144 200 161 136 156 49 179 131 146 41 104 47 145 150 182 33 246 232 103 90 164 223 239 190 
80 : 232 176 130 235 147 173 248 172 49 61 132 218 70 82 117 205 128 244 142 51 30 39 159 81 98 78 
81 : 195 239 114 242 237 113 132 48 158 152 74 124 193 192 137 171 165 55 40 62 110 226 177 184 190 179 150 119 26 84 140 231 36 83 50 45 194 249 97 205 175 99 57 115 93 162 88 118 219 138 220 121 213 145 116 44 187 141 236 109 147 123 164 35 241 81 176 71 227 41 98 228 87 225 117 108 64 112 207 122 69 65 154 232 155 160 80 120 166 209 151 66 75 
82 : 91 202 51 62 123 99 135 89 44 147 84 156 34 223 180 228 238 138 234 233 199 110 113 93 27 130 95 125 220 197 70 222 171 232 163 174 26 54 122 37 166 81 221 74 172 133 97 114 61 43 38 244 170 39 236 127 88 151 77 153 55 143 132 245 178 239 247 168 80 120 47 53 193 142 176 200 79 213 184 140 192 35 103 31 237 155 158 101 100 243 229 169 116 249 189 216 92 187 67 218 152 217 181 42 41 137 
83 : 103 183 59 248 241 100 117 232 54 122 174 200 234 180 35 40 84 170 36 29 216 93 206 163 171 162 62 238 105 71 69 88 189 85 223 52 78 38 110 240 27 32 227 213 149 136 160 157 142 125 233 79 208 124 108 229 218 203 140 106 195 25 70 214 133 73 95 211 245 90 131 97 48 42 158 192 44 60 237 197 187 82 141 74 164 112 228 119 76 191 185 102 67 156 109 167 43 242 134 123 
84 : 72 131 156 60 139 30 143 227 216 239 208 113 165 174 242 231 209 186 100 27 47 102 80 157 41 243 195 62 245 73 83 33 55 108 178 140 219 159 124 147 221 154 75 69 106 222 241 92 76 95 58 107 35 86 211 160 162 94 197 130 161 244 190 138 90 128 52 48 91 78 40 
85 : 71 203 33 135 142 240 226 124 205 42 245 188 169 38 236 157 58 100 90 207 219 216 108 164 166 72 37 94 196 127 154 118 54 238 60 168 130 147 179 235 77 64 98 221 215 44 199 65 229 246 83 230 
86 : 143 246 63 148 67 147 234 237 123 171 103 85 183 130 73 44 191 94 43 223 78 162 206 105 54 240 175 214 42 244 218 156 31 121 202 186 72 71 81 195 102 49 194 95 36 39 173 192 219 159 89 41 145 208 46 97 48 211 132 235 40 37 187 199 107 157 170 65 120 100 77 182 60 169 101 133 142 140 124 150 62 139 45 90 161 177 180 112 247 57 236 61 185 178 245 119 
87 : 224 135 181 35 45 60 246 46 147 177 213 163 70 190 172 175 171 222 227 118 242 130 189 239 197 145 235 69 52 32 110 232 158 208 180 228 170 166 193 183 36 59 219 
88 : 207 198 224 46 169 115 202 30 111 152 160 43 232 191 60 69 59 81 76 140 201 168 248 61 185 47 57 150 178 41 136 35 218 216 45 125 238 154 118 236 157 98 239 40 220 73 48 221 141 120 114 78 68 170 86 146 26 145 228 171 144 33 124 229 121 56 204 161 100 95 91 182 243 119 39 155 64 80 75 153 
89 : 168 80 236 111 108 217 224 116 68 205 160 34 151 62 25 98 159 44 212 75 197 243 144 49 86 117 148 228 123 26 165 57 190 194 221 161 70 179 234 215 93 130 101 50 225 156 139 193 128 
