0 : 84 246 201 184 181 145 214 46 132 68 137 155 133 232 124 95 136 38 241 54 239 196 249 200 213 224 73 226 225 235 231 26 63 82 65 76 221 186 61 222 219 237 215 176 85 151 39 168 42 211 53 130 93 113 193 114 126 120 173 210 
1 : 73 28 211 75 56 64 110 218 131 125 119 81 239 57 209 106 127 88 61 187 112 229 162 173 71 89 54 123 129 138 194 134 99 
2 : 232 113 56 95 60 101 123 208 29 62 171 144 80 39 179 138 79 74 97 158 181 196 25 47 49 48 174 167 193 187 178 54 103 120 55 216 30 198 59 229 217 164 201 
3 : 45 146 35 43 33 28 231 206 82 97 48 199 95 159 129 210 102 27 229 185 243 175 183 213 84 
4 : 248 50 208 99 109 140 139 215 199 163 105 34 85 160 193 28 48 135 239 162 114 154 44 103 43 89 204 202 198 222 165 229 96 147 201 225 181 131 133 224 237 171 153 58 91 177 86 38 176 113 200 70 161 166 233 142 129 54 106 93 68 245 30 169 92 156 231 194 78 87 
5 : 81 134 96 106 142 165 126 27 184 85 237 74 83 222 190 173 215 170 140 69 128 235 151 43 188 70 224 48 132 181 146 139 232 152 75 42 216 242 127 95 103 47 60 209 107 194 136 172 223 93 176 90 191 33 167 34 44 161 195 62 169 168 87 118 145 56 125 58 174 
6 : 88 54 187 140 238 26 45 198 146 131 92 176 227 78 122 125 170 149 96 157 240 211 152 235 91 44 167 80 42 61 67 200 97 212 230 68 114 124 249 229 108 85 58 35 107 38 150 39 166 72 141 195 201 162 36 126 214 221 83 63 181 52 109 155 180 
7 : 49 134 156 208 177 209 103 62 215 111 46 35 107 43 201 48 231 166 229 57 31 244 180 202 140 117 173 87 170 146 224 163 124 200 222 27 248 
8 : 193 89 57 176 187 117 221 29 112 177 94 236 206 132 146 111 130 39 110 72 224 67 202 199 225 114 108 99 141 62 86 33 169 198 161 234 150 30 186 159 188 242 81 133 126 36 43 245 166 180 101 96 121 48 213 143 147 195 214 95 139 118 61 175 
9 : 172 225 224 188 199 184 214 78 248 43 84 167 125 52 241 177 192 73 154 168 110 102 40 26 62 101 59 166 29 123 181 45 183 91 98 137 191 245 213 63 94 34 126 75 89 85 215 55 36 144 160 232 54 32 222 197 170 121 117 70 205 66 198 116 114 243 82 99 203 164 38 25 195 180 131 223 39 231 209 201 240 186 96 134 234 202 77 227 103 74 193 162 109 33 87 128 27 76 115 95 136 58 132 35 239 
10 : 127 30 119 42 205 49 79 35 141 249 140 216 230 180 244 56 59 81 165 143 45 77 64 70 99 169 90 142 154 163 88 44 187 189 206 151 50 226 185 229 150 241 65 120 41 188 33 246 217 215 247 176 102 179 
11 : 184 47 116 69 138 226 130 91 199 207 154 181 32 70 225 163 172 72 25 209 192 221 51 157 108 115 113 241 63 112 71 58 137 99 231 86 170 169 97 66 232 48 90 52 143 54 166 142 164 92 124 60 100 140 244 
12 : 41 246 58 232 197 162 106 47 104 55 230 76 33 101 160 146 57 245 30 249 144 171 115 242 210 113 214 188 209 42 
13 : 126 36 103 94 229 245 79 146 222 152 87 65 180 202 199 187 200 206 166 219 165 71 170 28 73 143 197 54 139 98 49 106 128 221 93 178 141 149 176 48 223 192 64 51 52 191 228 171 195 107 105 155 46 111 157 101 163 58 90 70 91 33 113 154 135 167 241 109 216 204 131 81 246 142 35 50 153 188 43 185 59 247 38 238 66 213 
14 : 245 28 58 127 163 46 51 112 125 143 186 36 106 247 211 214 91 231 195 89 246 141 174 194 31 99 88 207 47 244 154 123 94 182 205 243 139 87 132 33 44 178 41 114 180 200 92 242 157 59 175 240 124 133 227 81 115 130 166 162 176 144 168 69 27 191 199 150 136 86 53 185 117 241 29 80 216 45 118 165 71 215 108 34 238 98 248 213 142 187 138 217 218 30 222 179 66 164 189 74 76 111 
15 : 241 243 149 115 229 92 188 32 242 222 60 154 74 119 231 164 42 215 157 57 244 62 139 132 171 100 175 211 45 56 82 137 226 65 106 148 237 159 194 120 
16 : 229 192 137 237 60 245 132 151 142 126 170 51 140 186 148 243 153 207 145 89 236 29 72 43 176 195 193 172 103 224 194 92 27 108 223 67 133 189 175 77 58 240 185 63 159 34 156 228 130 26 242 157 202 241 59 110 138 35 109 101 55 46 165 31 233 161 125 80 200 79 94 73 64 40 75 120 45 141 82 93 147 102 
17 : 245 232 108 136 110 35 135 48 189 155 51 36 40 131 221 180 159 100 198 97 249 207 156 165 30 201 96 213 248 125 38 52 177 95 88 31 127 145 54 191 194 200 45 184 229 187 76 161 238 53 178 134 86 39 223 158 68 106 32 105 83 77 176 103 80 188 82 123 152 
18 : 223 35 225 215 172 185 55 76 110 137 122 86 84 166 63 163 194 90 240 67 115 131 220 211 99 106 186 105 39 236 88 174 207 149 235 
19 : 146 149 98 94 241 132 223 69 142 244 208 108 193 227 211 57 80 120 198 220 55 200 124 40 72 79 74 169 148 236 66 183 119 35 199 27 58 47 168 117 134 31 77 110 181 204 44 206 216 154 157 105 112 158 37 214 90 197 235 225 226 135 123 36 180 249 239 228 114 207 243 196 75 71 87 155 85 237 60 59 88 51 172 103 173 194 
20 : 188 201 43 87 128 41 101 240 114 32 139 196 109 241 203 64 40 224 154 96 189 132 80 47 75 168 31 150 164 195 228 147 230 184 117 119 58 197 82 
21 : 73 103 122 134 202 137 222 56 179 68 147 125 85 67 183 196 167 38 243 116 26 40 169 126 200 135 193 75 97 209 65 30 187 164 211 69 54 81 58 247 198 199 161 231 108 47 121 41 225 173 112 34 101 217 
22 : 52 192 112 237 92 215 236 102 97 56 49 175 178 48 235 211 206 238 75 187 79 163 104 134 193 110 228 219 45 44 124 121 100 213 87 72 42 165 245 51 144 
23 : 170 229 182 29 107 246 201 50 35 135 145 133 224 125 172 131 123 195 237 174 183 178 216 159 92 245 93 218 169 214 188 72 137 52 61 65 94 234 235 236 160 81 217 140 97 129 171 86 110 247 64 89 151 197 80 31 83 60 148 26 213 99 233 212 225 102 190 194 210 239 39 54 111 209 30 87 124 222 186 192 79 168 63 75 198 200 105 
24 : 215 25 170 64 158 202 154 236 135 30 246 166 60 198 222 217 155 130 110 28 71 161 89 68 33 69 209 106 26 173 115 57 145 174 247 67 210 232 138 186 203 98 243 180 242 224 118 146 176 207 192 140 167 216 36 133 99 44 56 197 49 196 54 147 113 225 120 156 172 35 91 92 111 32 160 150 77 221 102 204 201 107 229 86 200 88 70 85 171 148 248 82 142 76 63 237 208 132 
25 : 247 41 42 25 225 213 241 174 188 28 137 50 158 123 100 32 33 119 108 52 43 49 125 237 109 235 155 94 61 228 72 96 172 238 173 112 203 131 239 63 182 234 219 206 185 221 56 102 175 176 192 81 139 180 224 45 87 249 150 113 208 129 70 122 34 207 134 216 156 120 201 165 124 152 163 142 46 248 179 195 178 76 132 153 246 133 82 209 197 51 84 198 167 121 53 
26 : 173 135 96 231 148 49 123 235 114 83 179 129 108 44 171 205 92 221 225 160 56 125 98 37 55 191 195 134 182 151 230 144 203 52 143 233 109 33 240 86 219 38 164 204 197 124 140 80 162 122 110 238 34 168 237 198 147 64 77 174 116 167 178 175 27 63 87 176 169 224 73 71 29 50 242 41 218 181 45 68 208 
27 : 178 143 185 205 209 105 96 197 104 50 228 109 33 183 245 134 31 73 239 203 112 26 97 69 77 156 163 148 68 81 182 224 150 42 237 101 187 179 47 155 221 132 236 146 102 39 71 25 95 111 171 192 191 181 162 
28 : 184 179 232 149 112 234 118 75 27 131 188 243 83 37 208 214 140 138 47 153 139 216 165 171 152 98 135 190 244 65 63 50 141 196 166 119 247 97 49 174 51 146 80 70 200 202 198 225 187 110 162 134 108 125 181 48 205 241 96 137 68 242 106 177 42 99 55 
29 : 143 132 222 211 118 220 206 41 45 189 30 43 134 69 48 76 109 73 248 158 240 169 139 145 124 62 88 57 188 241 235 199 159 63 152 186 194 162 245 46 151 229 44 99 180 246 40 215 35 47 195 182 191 181 214 160 130 116 93 31 105 51 216 36 113 226 70 167 78 197 213 198 92 205 101 80 79 126 32 209 227 236 249 144 140 146 202 52 59 115 217 107 203 178 
30 : 243 59 245 52 38 188 221 193 72 39 67 53 185 208 179 223 47 155 118 83 128 156 241 58 122 117 183 157 28 34 147 214 42 114 107 36 71 97 35 190 203 80 135 127 121 177 207 75 79 180 162 172 131 139 213 86 92 189 205 110 248 85 195 133 120 48 103 136 90 109 63 84 218 219 61 104 132 94 174 27 123 149 101 66 70 40 187 217 159 153 198 158 81 191 49 50 232 237 238 220 100 129 51 
31 : 147 50 40 204 55 52 195 76 185 146 231 122 240 99 121 74 67 66 93 82 215 89 104 114 113 238 80 249 237 125 28 159 25 160 165 148 38 188 156 242 166 208 124 102 217 143 206 227 57 101 84 198 203 59 117 230 243 233 53 
32 : 195 214 182 235 70 155 191 65 190 215 157 153 99 74 131 45 188 124 136 228 68 150 93 110 151 122 63 100 142 220 83 59 183 141 249 166 77 243 174 197 143 147 43 94 28 172 135 58 
33 : 138 62 208 238 193 48 145 232 118 153 128 43 38 213 249 79 233 109 74 54 114 231 189 174 158 47 199 171 240 39 133 37 239 26 45 185 136 149 195 92 124 116 157 155 
34 : 234 60 163 231 214 64 44 65 159 129 38 113 93 176 87 174 235 132 127 172 95 210 185 135 249 112 114 51 88 46 248 218 190 199 31 178 228 224 99 37 140 182 244 134 28 239 196 141 223 247 120 67 165 153 94 36 90 100 39 33 211 189 184 73 50 167 229 242 42 57 70 98 186 125 84 72 241 193 62 96 237 206 150 66 215 130 54 187 246 213 198 188 194 122 195 91 152 25 
35 : 178 216 57 181 88 172 38 102 164 247 158 168 55 180 197 142 119 99 94 160 170 113 77 49 200 34 116 36 44 145 104 230 50 229 213 146 71 61 121 86 243 128 231 118 136 162 208 114 191 157 201 98 127 195 143 141 226 120 39 41 
36 : 95 168 193 102 190 179 229 243 56 218 43 92 178 167 97 166 223 111 217 25 40 160 41 125 29 84 31 246 103 154 71 50 94 140 81 27 147 44 67 172 107 100 74 80 141 208 176 134 234 181 205 124 194 210 123 77 161 133 211 152 157 200 148 209 225 156 230 126 101 198 34 158 159 143 105 62 96 215 165 221 75 195 127 186 185 236 245 32 242 175 28 238 110 
37 : 191 240 234 96 155 212 66 172 39 65 148 221 35 237 91 149 120 207 137 229 150 186 187 115 134 27 142 184 33 52 53 205 111 30 102 89 57 185 100 103 130 199 81 
38 : 177 36 222 82 197 248 132 210 166 70 212 205 202 95 91 209 168 188 87 182 48 71 50 163 85 35 223 240 88 162 148 130 167 116 83 108 89 30 233 121 184 58 38 107 75 152 112 46 249 135 59 198 156 235 141 189 191 143 226 247 154 159 175 138 224 39 106 183 31 214 173 136 244 140 139 128 123 100 119 241 57 45 196 
39 : 56 52 161 193 174 110 120 243 166 176 192 31 196 235 74 70 237 138 232 38 160 37 180 215 62 44 157 144 217 64 103 247 46 200 25 229 88 131 150 132 207 249 43 211 230 245 105 218 63 100 118 228 79 36 159 78 171 224 156 151 33 183 182 146 104 61 169 98 117 210 163 197 221 50 203 205 191 212 127 231 155 51 67 147 233 30 91 143 68 185 
40 : 110 121 192 178 51 74 106 129 237 242 174 227 139 243 53 184 87 46 246 247 183 134 244 28 241 25 198 143 176 189 196 123 47 58 158 216 60 48 76 207 94 197 52 72 201 63 64 80 159 238 95 117 120 89 122 100 38 118 236 35 62 
41 : 136 160 97 186 232 246 184 66 156 144 240 93 200 120 106 118 171 40 187 59 243 46 102 220 204 58 81 32 135 60 205 89 79 157 124 69 221 99 241 31 150 56 210 52 68 127 35 28 226 247 114 86 180 75 223 231 189 137 30 219 182 142 153 175 71 82 194 107 203 76 96 249 53 224 108 139 44 67 148 91 123 229 47 37 201 248 143 54 132 149 38 104 208 188 
42 : 225 146 111 126 191 182 54 163 144 194 139 37 233 150 238 43 143 231 28 195 103 44 204 112 93 129 224 189 222 40 151 73 208 135 97 164 42 241 66 192 127 69 87 134 234 242 
43 : 76 193 165 43 40 88 142 34 105 79 136 51 85 62 228 211 97 247 74 123 103 120 130 192 199 194 42 110 191 156 107 140 94 89 159 204 29 100 152 226 138 147 164 187 195 168 133 167 166 128 208 229 198 227 66 60 176 30 161 155 241 132 91 101 196 
44 : 114 29 190 150 236 116 172 134 186 39 122 42 109 51 46 27 199 103 72 205 165 192 84 26 207 
45 : 235 151 140 158 102 66 241 61 31 99 142 74 26 25 191 128 174 113 54 145 243 161 131 143 49 171 199 124 190 81 200 100 164 103 77 72 147 41 59 42 148 129 55 62 225 47 98 50 168 68 112 215 167 246 210 242 204 238 239 51 85 83 125 183 160 97 218 154 93 44 179 117 220 177 137 245 176 198 194 208 65 162 207 
46 : 136 152 83 79 134 102 196 32 66 120 110 127 60 227 244 146 58 247 190 211 161 44 176 220 124 86 185 132 25 112 138 243 42 39 184 41 223 114 141 26 195 113 149 78 241 87 74 139 90 203 224 208 213 191 217 30 221 155 47 186 144 238 199 27 122 240 172 70 188 
47 : 243 178 25 195 168 203 68 193 139 182 127 227 92 72 33 46 57 59 100 142 145 143 152 207 166 119 192 181 71 209 160 198 154 122 133 157 26 75 138 232 223 95 146 
48 : 88 129 126 162 55 54 118 111 96 139 60 109 249 173 176 69 194 230 248 245 233 83 188 204 45 29 214 39 75 49 90 42 201 226 115 156 212 33 32 145 103 206 114 74 47 153 120 141 67 
49 : 75 168 196 194 233 85 176 186 40 206 188 161 51 81 178 83 102 88 95 141 222 224 55 27 121 74 242 202 82 146 219 80 32 60 45 47 133 185 46 117 70 208 118 144 89 197 115 84 112 152 127 137 134 204 170 99 29 39 65 62 76 179 98 181 248 93 210 246 
50 : 186 107 43 142 204 36 84 76 156 146 192 69 246 104 165 190 189 94 218 135 195 25 223 115 109 182 188 62 200 169 105 199 197 184 155 37 194 170 88 137 
51 : 227 202 228 249 68 158 136 32 226 184 92 172 231 48 111 190 152 201 179 100 193 97 89 146 243 130 61 151 112 150 
52 : 72 93 154 163 56 152 216 78 201 67 165 51 219 160 69 54 186 157 223 53 129 131 147 89 29 117 248 247 49 151 27 134 39 141 42 68 175 102 199 140 174 61 187 28 215 44 113 246 200 135 145 64 239 63 71 94 107 164 33 198 73 46 84 30 236 181 31 149 176 242 104 237 146 218 122 226 43 172 116 120 119 62 100 235 177 124 37 133 127 159 26 143 231 95 128 118 161 158 244 204 65 188 232 210 
53 : 57 102 44 75 181 195 98 149 228 127 221 25 56 158 115 110 72 160 238 94 28 139 192 125 243 60 132 244 206 237 178 141 236 233 184 37 239 81 227 129 126 29 205 114 148 138 213 188 103 207 53 173 32 240 186 198 33 78 64 229 27 196 246 51 74 106 118 168 104 245 187 218 144 70 146 212 91 49 69 217 105 208 83 42 63 200 128 31 87 38 242 247 167 43 145 182 80 39 179 162 34 133 151 99 220 
54 : 219 30 198 69 101 199 96 173 112 154 164 180 233 141 172 192 153 73 135 140 27 29 57 137 178 116 125 94 121 148 53 162 106 211 84 171 220 243 90 127 238 105 157 222 28 247 177 92 91 102 161 39 242 187 45 221 25 216 228 58 46 149 88 89 114 71 36 95 239 147 224 195 158 166 77 31 62 35 204 134 152 130 41 241 110 79 223 143 126 
55 : 148 145 136 117 154 116 245 146 225 65 183 143 50 95 157 213 162 232 201 209 115 160 184 108 40 72 26 41 27 87 167 98 220 112 80 61 164 55 123 205 163 246 
56 : 216 202 110 226 134 101 41 249 38 224 169 92 152 36 48 229 212 112 155 121 154 97 31 72 107 209 40 159 145 83 32 88 43 237 135 118 78 84 53 220 34 35 189 234 197 
57 : 152 54 212 39 88 87 47 136 123 142 86 219 195 201 49 124 184 188 129 66 227 43 162 26 230 95 165 83 202 65 55 233 178 38 115 70 226 103 120 173 169 236 106 163 73 104 241 48 59 220 225 147 215 72 81 242 64 176 108 41 145 235 200 171 149 234 132 80 146 75 
58 : 46 220 116 88 115 99 182 178 90 229 36 157 246 188 222 85 28 130 162 134 140 186 104 65 68 52 127 138 159 171 51 111 136 42 145 82 35 241 107 79 100 69 181 242 214 233 121 179 122 249 238 152 125 89 196 66 124 143 226 155 54 70 119 187 105 
59 : 27 123 161 246 106 142 116 141 215 28 240 185 187 132 102 79 205 63 46 71 36 103 101 87 235 210 84 200 248 194 115 163 234 67 69 203 167 232 26 112 111 177 114 241 73 207 162 166 35 37 129 229 182 145 64 57 219 48 110 52 220 151 109 223 170 130 59 159 178 164 131 39 55 30 172 208 212 140 97 152 198 100 81 125 44 221 122 201 75 143 113 128 82 127 62 88 202 217 222 236 120 224 72 56 133 
60 : 183 77 208 177 166 138 147 118 121 216 110 126 184 198 87 103 141 55 54 67 200 194 149 180 94 36 238 199 80 197 164 152 240 83 104 212 206 175 49 57 128 226 72 247 219 46 
61 : 93 153 113 62 227 67 222 79 195 115 234 207 228 126 91 77 179 159 128 218 107 236 104 43 146 31 152 103 184 163 82 186 245 246 167 27 237 171 48 194 213 142 50 39 229 120 41 168 214 150 191 123 34 135 210 174 106 70 
62 : 236 110 31 218 134 62 230 36 35 67 66 78 174 161 30 72 159 84 138 213 204 44 125 104 50 172 58 68 248 223 124 208 154 160 
63 : 148 163 228 37 125 191 38 156 99 75 151 39 237 216 100 209 53 203 201 128 96 197 234 135 138 93 54 71 162 196 222 204 236 77 200 110 31 181 169 83 247 85 73 45 219 120 214 107 112 101 249 187 86 175 168 211 66 106 65 193 180 88 52 91 95 241 194 192 144 90 47 184 130 248 129 207 60 113 48 82 190 246 157 220 68 51 94 
64 : 178 33 109 97 216 227 41 125 180 145 223 132 44 142 67 141 124 229 170 139 30 179 90 202 161 66 56 136 157 29 119 76 196 191 232 189 211 92 154 61 246 206 120 175 143 244 59 193 114 126 200 58 219 95 172 53 43 213 91 235 242 210 162 118 225 82 38 159 212 98 245 153 105 228 220 171 237 39 168 117 94 181 248 
65 : 175 106 46 58 103 55 223 247 154 28 25 176 38 155 195 184 52 153 246 39 117 215 63 120 209 94 228 78 213 81 200 30 67 236 160 104 49 222 115 187 131 74 51 173 113 83 221 241 197 248 139 210 135 150 172 121 243 53 62 101 238 43 147 64 33 140 
66 : 157 242 161 53 105 187 108 41 71 194 46 171 81 188 205 61 249 48 102 131 208 100 93 162 127 232 128 126 50 97 218 173 151 65 234 29 49 120 26 236 59 95 225 57 138 55 101 178 243 43 103 99 199 210 135 67 233 159 186 119 91 107 241 83 149 219 113 207 174 123 155 244 47 166 111 85 78 32 94 206 63 
67 : 161 138 90 108 73 217 133 164 142 47 239 100 242 27 102 70 131 150 140 125 241 136 104 55 105 209 69 156 210 137 92 89 144 54 245 40 141 176 151 114 149 240 213 169 184 163 197 26 204 50 48 200 130 82 63 30 174 80 154 
68 : 56 143 228 200 207 101 229 49 46 108 183 233 205 193 170 117 83 214 121 87 76 39 35 148 57 122 25 142 50 220 118 167 141 195 100 84 62 79 196 95 192 124 224 116 64 31 239 128 209 103 37 227 133 80 199 92 86 172 78 123 65 52 129 150 244 175 106 132 85 45 206 159 163 198 156 161 88 107 182 90 241 245 238 216 225 248 130 29 81 235 54 137 98 61 149 194 188 126 153 34 210 152 102 154 
69 : 144 140 110 30 203 54 149 48 80 99 161 202 83 233 247 224 238 104 132 62 107 182 97 130 243 60 36 227 34 222 71 72 112 147 37 169 217 229 115 235 197 66 138 88 151 32 35 159 163 248 155 142 215 91 120 207 50 133 183 76 96 244 58 139 218 236 123 109 119 56 185 205 53 232 176 180 249 191 131 51 225 122 28 44 153 103 73 177 237 167 212 49 216 55 164 173 134 40 223 102 157 69 201 45 
70 : 161 226 124 204 89 53 94 55 228 114 104 127 149 153 58 236 120 139 160 152 125 92 61 165 150 247 95 123 109 80 157 39 140 129 245 26 86 219 193 25 72 88 62 207 98 131 187 181 200 105 147 69 
71 : 213 130 231 154 93 174 148 114 240 110 202 233 245 236 25 47 33 218 140 63 227 182 146 199 247 157 128 201 94 83 151 163 32 69 
72 : 197 152 169 26 153 134 245 144 190 249 147 44 206 57 121 58 154 78 159 127 104 80 223 213 30 143 77 215 172 66 136 214 161 69 182 233 171 33 114 70 125 180 36 31 132 100 109 219 56 40 47 48 193 39 124 229 170 35 107 151 199 82 119 150 195 176 60 98 212 83 95 105 155 117 128 207 79 110 231 37 141 93 85 34 243 
73 : 81 91 145 95 231 40 194 237 104 124 141 74 150 102 243 208 236 221 127 32 162 78 185 61 44 79 35 30 213 240 210 188 182 222 175 232 64 144 225 248 170 29 179 142 108 47 100 41 133 107 172 72 206 45 234 39 192 159 160 152 131 149 109 165 115 174 56 37 110 125 238 180 80 158 66 129 184 189 50 69 94 31 90 242 173 105 176 97 140 27 157 76 103 200 63 116 241 181 114 233 26 53 123 33 177 
74 : 51 234 163 104 25 232 211 44 110 228 187 162 229 206 240 164 138 194 227 223 180 61 46 245 60 45 117 106 140 217 97 112 192 170 183 230 40 133 175 208 118 127 155 41 176 167 244 43 161 50 107 203 188 151 79 99 220 84 216 70 63 86 102 130 77 237 64 124 136 160 248 38 55 238 128 69 239 111 193 246 95 231 113 33 195 135 71 37 152 121 177 235 80 85 209 34 116 171 120 168 
75 : 66 27 145 215 196 115 111 76 34 51 175 144 94 93 135 54 122 236 70 166 31 103 139 161 243 74 64 231 188 181 32 65 116 208 249 55 82 105 143 150 170 113 156 57 26 37 28 213 56 25 189 92 30 47 172 73 146 119 99 78 50 124 43 153 246 209 224 44 61 157 100 241 201 
76 : 57 215 100 42 97 89 94 45 99 185 48 44 142 66 220 54 136 69 146 43 36 203 28 79 70 39 106 111 51 53 63 76 40 151 72 55 248 234 169 225 58 224 217 
77 : 229 224 117 68 85 185 72 246 102 57 84 239 73 194 135 193 89 65 82 178 200 155 144 226 35 220 32 47 166 36 243 81 75 
78 : 36 125 248 121 210 149 129 45 243 221 226 141 239 51 152 50 59 130 207 49 236 83 171 135 244 28 150 37 145 208 107 123 81 175 33 108 217 85 71 218 143 84 80 44 144 46 216 242 189 228 147 231 111 77 148 31 142 146 79 97 42 25 165 185 202 181 238 180 211 223 106 237 128 112 235 234 34 249 158 95 67 132 153 126 179 89 187 74 63 136 56 198 122 241 173 119 224 195 
79 : 135 131 104 63 97 168 136 55 200 59 169 167 56 43 80 235 221 162 163 87 45 226 36 113 99 151 140 53 108 
80 : 42 55 193 187 63 68 103 204 99 125 89 191 83 57 153 179 62 60 149 215 82 178 113 207 244 79 177 182 160 75 97 185 222 235 66 167 
81 : 114 241 65 131 177 187 247 129 95 116 221 245 36 212 213 204 226 34 138 59 193 103 127 249 206 175 189 217 135 182 26 99 218 148 246 248 110 230 39 171 81 140 25 63 112 244 91 80 168 125 237 219 98 83 194 62 158 53 166 150 224 234 169 118 94 235 122 196 126 120 201 231 243 163 222 66 233 151 87 240 183 89 48 33 133 
82 : 161 181 157 249 122 229 108 99 89 30 104 37 42 119 232 191 134 164 98 113 146 190 45 90 236 247 216 118 68 207 142 91 105 44 59 245 224 196 241 226 211 153 54 43 56 220 31 85 57 71 112 182 231 225 176 136 
83 : 141 145 92 124 170 114 159 235 230 149 79 103 81 82 98 32 76 27 219 83 232 220 158 153 181 224 72 36 184 147 50 160 131 218 
84 : 117 146 133 174 42 64 35 142 245 170 47 179 226 124 36 58 224 230 89 202 171 105 25 220 61 123 240 135 203 195 69 149 223 207 145 185 156 227 113 175 157 247 180 46 108 48 213 54 137 104 106 63 52 83 125 28 177 126 114 239 95 40 79 66 96 56 45 141 138 31 181 209 65 205 198 81 32 192 168 119 160 214 178 158 
85 : 45 155 78 228 226 97 157 72 156 195 235 110 118 50 35 122 148 241 137 236 108 51 36 232 163 130 238 206 48 74 25 242 113 102 57 70 80 67 47 189 213 71 168 61 117 173 66 188 129 200 33 234 133 112 141 159 230 68 138 154 60 220 244 124 40 95 209 59 76 62 28 75 101 
86 : 246 82 130 65 54 64 127 162 111 136 188 57 88 101 108 125 203 28 156 31 123 109 229 86 39 117 147 205 138 115 184 135 131 104 243 164 74 207 71 233 143 168 105 84 159 97 106 214 
87 : 56 65 81 29 159 204 45 221 219 89 213 200 142 100 99 214 194 86 224 158 212 77 102 137 208 42 97 32 59 73 46 141 37 27 207 48 75 227 116 30 118 107 168 106 182 49 55 205 108 173 72 161 209 38 211 145 241 33 83 245 181 229 
88 : 125 169 105 76 118 210 221 72 188 161 243 43 84 237 115 156 226 103 109 230 77 162 204 116 86 140 182 49 165 242 126 66 146 153 174 53 238 196 56 134 175 37 206 96 108 218 58 194 186 147 44 180 229 129 33 159 152 88 71 228 167 128 90 135 101 166 102 78 225 136 42 198 239 29 65 111 99 185 110 63 127 191 133 
89 : 136 110 43 171 72 144 174 213 246 63 34 152 226 232 225 133 89 155 86 204 142 190 145 109 169 243 143 147 141 230 207 150 54 114 56 98 52 233 138 117 90 140 151 55 242 156 27 101 
90 : 221 50 63 148 130 57 96 115 67 163 188 202 159 132 217 224 233 164 170 43 141 51 155 244 235 102 117 68 99 53 169 30 37 111 
