0 : 12 19 61 70 46 48 60 92 33 74 96 40 16 10 80 31 32 
1 : 9 58 2 38 78 84 36 6 73 41 74 67 96 69 23 12 75 
2 : 59 18 
3 : 79 35 4 36 50 47 38 78 84 
4 : 43 36 8 89 63 62 42 38 60 11 66 50 9 75 73 49 48 37 97 85 61 92 86 65 44 78 28 91 21 55 22 46 40 88 25 76 33 72 15 30 3 79 39 64 12 69 98 99 35 32 87 26 56 
5 : 81 78 86 44 84 16 26 
6 : 81 85 26 15 53 44 37 20 30 50 69 56 58 96 34 75 35 43 89 64 17 80 76 95 32 55 86 99 4 27 94 74 10 59 92 16 82 77 13 14 12 40 65 72 
7 : 53 57 4 23 12 39 71 38 56 55 14 10 0 83 19 85 
8 : 27 9 94 52 48 23 31 88 15 65 37 91 44 66 64 39 4 24 96 13 90 71 46 54 79 68 21 61 11 8 82 78 53 33 80 12 98 72 22 85 20 84 63 75 32 77 97 
9 : 23 40 91 81 17 16 34 47 90 8 32 24 58 96 59 56 62 35 83 72 52 61 38 42 71 79 25 44 92 54 5 12 21 15 57 80 4 33 85 11 77 3 86 22 48 63 68 9 13 89 50 1 70 41 76 66 82 97 
10 : 19 37 15 59 51 43 72 44 91 7 71 87 90 17 5 67 10 86 16 65 60 0 93 62 41 68 36 8 26 4 48 14 95 58 27 78 3 47 82 31 28 94 53 6 42 12 11 89 92 88 9 76 57 23 46 40 63 85 96 38 45 1 2 22 21 
11 : 86 71 31 64 66 56 93 12 34 30 28 74 92 23 21 33 82 84 85 63 41 54 18 96 75 13 57 76 25 7 55 5 52 19 67 16 2 98 49 14 69 78 47 10 11 17 81 80 3 59 27 36 77 
12 : 25 90 95 17 76 39 15 65 61 92 1 14 91 83 80 10 12 88 85 63 64 5 46 6 52 42 75 89 70 26 36 44 49 29 8 11 22 38 62 59 45 94 33 40 77 73 43 18 99 54 41 24 78 55 93 34 13 27 0 87 66 19 57 2 32 98 74 4 96 84 16 86 
13 : 87 96 82 86 45 1 30 42 64 52 62 74 41 34 17 27 97 29 38 43 9 0 72 11 51 31 40 73 44 78 59 57 4 91 65 15 24 94 55 58 99 95 93 35 98 81 16 33 54 49 18 10 68 84 8 3 20 79 71 61 6 85 46 77 5 
14 : 38 87 59 93 3 
15 : 68 81 56 67 46 26 65 43 41 74 23 72 82 29 34 54 
16 : 82 39 8 84 30 67 2 27 80 85 14 
17 : 94 42 75 62 91 14 21 8 39 95 36 57 70 30 47 44 23 68 4 7 27 96 56 93 1 60 92 99 9 51 85 32 38 29 
18 : 86 65 26 11 29 99 38 51 
19 : 3 32 20 79 56 
20 : 95 33 27 67 71 46 28 48 43 62 0 82 84 73 39 55 14 72 
21 : 95 88 65 19 83 79 24 60 4 18 39 5 9 87 47 36 17 7 23 76 12 66 94 34 82 52 41 8 99 30 92 11 27 57 
22 : 83 14 95 68 31 16 12 64 69 77 94 86 20 61 41 34 30 93 19 24 99 17 85 78 67 29 96 89 80 62 48 70 75 63 7 65 43 38 52 15 56 90 6 98 91 3 32 27 11 23 66 54 
23 : 41 54 2 72 89 71 36 51 69 81 84 90 49 99 64 22 
24 : 34 58 86 42 80 35 28 25 12 19 57 90 91 76 99 98 69 17 16 65 14 96 1 74 72 82 44 70 55 23 84 92 36 13 8 60 75 54 53 89 68 78 67 3 71 11 30 93 97 64 40 73 63 38 48 56 41 46 7 4 43 22 
25 : 10 1 84 81 59 18 33 26 95 93 13 92 44 89 41 96 97 39 6 83 
26 : 84 92 69 59 9 61 23 43 54 93 83 41 19 11 52 47 2 81 14 24 32 12 49 91 51 17 75 56 38 95 1 21 58 76 55 90 87 37 7 89 63 65 98 70 10 15 26 82 94 39 25 13 27 67 57 22 34 18 60 79 50 
27 : 81 24 35 77 50 36 67 71 72 89 46 13 98 73 27 
28 : 83 25 53 62 20 56 63 52 14 24 90 89 38 46 40 36 98 16 45 54 11 8 10 
29 : 93 42 36 84 48 38 97 10 81 69 7 75 20 72 1 83 90 43 77 17 73 2 25 18 
30 : 9 44 57 51 45 59 74 
31 : 96 82 59 22 13 48 40 99 52 24 70 1 38 20 69 14 21 47 18 17 78 90 37 86 75 68 53 
32 : 27 50 41 78 83 
33 : 87 43 2 48 30 55 7 4 71 59 60 32 93 16 23 91 31 54 52 80 49 67 18 74 24 19 75 40 10 99 17 42 35 61 27 68 34 8 25 88 97 66 69 21 82 1 78 84 62 45 79 57 33 39 70 36 46 56 20 5 92 64 94 
34 : 
35 : 44 35 95 79 43 62 65 20 68 49 61 82 47 89 18 26 94 52 46 76 8 12 63 86 24 53 31 25 96 45 56 58 13 3 32 42 78 72 83 48 6 51 64 30 90 93 54 14 59 73 97 
36 : 40 90 85 57 
37 : 4 53 46 50 55 57 65 44 26 23 5 75 39 71 21 76 49 35 41 20 32 59 33 92 24 37 70 93 62 96 67 48 52 2 3 83 86 12 34 79 60 43 88 51 15 36 95 63 77 69 97 
38 : 63 88 42 25 11 98 78 19 2 82 87 28 48 0 17 32 40 86 37 8 52 61 93 
39 : 96 51 90 92 76 81 4 54 73 45 23 65 47 30 97 74 20 91 35 7 87 62 49 94 15 10 3 82 43 1 98 9 
40 : 0 6 51 92 66 98 70 88 17 82 11 33 72 52 84 13 80 99 37 15 45 36 18 5 59 86 8 60 63 65 83 71 46 21 97 22 61 24 49 96 89 44 41 14 91 10 76 2 62 79 38 28 64 27 75 1 53 68 30 16 69 73 77 47 35 43 95 25 23 
41 : 62 90 24 79 25 84 1 88 6 19 66 
42 : 10 31 80 74 67 47 15 40 43 97 26 86 28 62 96 56 37 85 50 44 33 17 35 
43 : 1 75 50 15 8 88 42 79 40 58 76 3 27 24 28 41 26 94 0 64 10 31 12 83 85 70 13 86 32 47 18 14 98 36 62 56 4 21 57 96 53 66 95 99 9 78 37 69 29 55 74 73 60 11 90 72 30 63 19 34 87 67 35 89 33 48 91 92 44 49 
44 : 74 54 22 88 37 97 38 86 52 34 94 13 
45 : 56 45 62 65 85 81 37 36 
46 : 9 6 21 37 10 83 42 82 36 60 19 84 98 27 33 58 44 85 1 72 81 16 78 70 53 51 73 63 43 28 15 5 79 71 88 26 94 67 
47 : 65 11 37 90 7 74 17 30 87 99 19 51 22 46 34 77 24 20 59 55 80 95 64 44 70 75 39 78 48 0 15 67 29 3 5 73 14 58 28 66 86 63 84 
48 : 24 70 96 6 61 80 78 55 33 88 66 74 37 42 36 90 23 41 45 25 15 81 44 49 32 52 54 40 69 97 27 63 47 7 77 35 22 83 76 21 46 99 1 62 20 
49 : 56 21 17 
50 : 63 16 29 78 44 89 72 69 
51 : 15 16 52 24 74 
52 : 
53 : 77 72 61 70 41 29 37 81 12 68 10 18 1 64 53 56 32 6 98 2 97 40 39 20 35 85 66 42 58 7 55 17 57 50 99 5 78 52 22 95 21 71 3 96 92 47 90 88 
54 : 26 76 48 71 10 69 30 36 96 18 89 7 58 37 65 21 1 28 27 29 52 56 42 0 24 83 4 73 64 80 67 2 44 20 99 79 62 34 90 39 84 98 14 61 63 59 25 94 19 51 75 38 77 22 23 91 33 92 60 97 13 47 70 5 
55 : 2 21 29 32 5 25 8 40 65 4 75 61 99 95 69 23 79 53 91 90 36 92 45 71 76 37 87 10 41 28 51 9 81 64 47 84 85 73 30 96 7 60 0 46 72 12 93 
56 : 74 47 48 12 77 59 4 91 8 43 87 70 7 35 20 81 39 29 65 27 45 
57 : 89 60 48 0 71 16 36 14 29 40 6 69 
58 : 5 92 79 23 87 54 41 82 93 64 31 55 4 14 29 91 15 12 69 11 71 
59 : 13 80 60 46 29 6 63 56 72 4 30 22 20 68 55 40 77 74 34 86 28 75 83 7 35 32 48 17 67 49 92 52 66 5 42 50 24 0 26 37 36 15 54 82 89 10 39 76 53 64 43 61 87 96 45 2 57 27 97 98 
60 : 43 25 3 48 64 51 29 39 88 86 30 84 19 44 59 85 4 28 34 87 82 93 92 61 78 42 46 75 17 79 53 99 58 0 20 98 77 81 15 45 56 
61 : 48 50 89 94 90 10 28 40 2 95 38 42 72 0 13 60 52 91 98 96 26 35 
62 : 90 48 92 83 96 87 79 38 
63 : 8 79 28 0 21 60 52 
64 : 69 76 26 0 6 41 46 64 87 99 90 93 38 32 66 45 88 30 37 14 52 3 
65 : 5 58 46 22 4 26 62 56 41 14 89 17 85 90 96 43 20 49 59 64 52 65 12 3 39 51 70 63 40 80 6 32 77 7 79 19 50 60 54 75 24 8 78 68 76 47 42 48 38 73 1 72 
66 : 52 11 76 58 37 29 15 70 39 0 41 27 13 23 42 97 75 53 2 55 57 16 35 49 56 28 30 68 34 32 33 21 44 43 5 66 87 22 26 24 40 69 25 90 12 51 47 81 77 88 1 59 86 64 93 17 46 45 83 98 65 36 
67 : 5 48 75 93 51 54 61 56 74 85 20 41 39 68 4 6 80 45 26 67 33 76 24 52 34 32 21 10 9 83 86 81 70 60 22 90 59 1 37 82 99 79 47 84 
68 : 18 82 45 89 91 
69 : 33 62 46 74 26 45 55 65 41 12 80 4 67 54 37 64 88 11 18 9 57 44 58 
70 : 99 84 61 19 39 40 21 74 28 94 27 52 67 56 30 9 73 80 26 10 13 12 82 34 86 8 18 63 92 22 49 
71 : 8 19 38 1 59 10 13 98 40 4 47 45 95 11 68 33 35 62 23 65 74 73 43 37 18 71 22 31 96 76 84 91 36 17 9 75 72 50 14 78 20 42 27 15 97 21 30 81 67 5 32 82 58 39 92 55 52 46 48 69 26 88 99 
72 : 53 66 99 77 41 88 67 69 73 85 68 38 57 47 44 2 52 33 46 58 17 51 98 18 56 96 23 80 31 11 92 55 32 50 1 40 97 86 48 27 12 37 7 35 5 54 75 6 8 60 43 10 9 59 74 79 84 28 71 4 3 42 76 78 91 0 
73 : 85 24 33 47 9 15 55 68 82 97 29 80 27 90 49 81 39 43 32 1 42 63 75 86 93 30 83 58 77 65 19 36 2 
74 : 93 36 92 7 82 40 45 90 47 97 22 27 9 89 84 57 25 58 42 53 50 12 61 
75 : 40 11 59 83 96 35 85 61 34 72 66 29 56 45 36 13 27 25 43 82 80 76 48 
76 : 89 18 63 96 4 87 54 3 38 20 95 85 16 9 
77 : 51 13 72 7 23 3 15 14 67 40 59 37 56 19 30 63 26 91 62 88 94 42 6 96 16 32 18 47 8 84 53 99 81 73 48 0 64 97 25 71 78 22 4 24 95 90 93 86 17 57 58 80 35 74 61 68 39 69 98 20 21 79 83 11 52 75 
78 : 79 60 26 89 67 45 7 49 62 32 54 63 83 27 21 48 1 85 
79 : 95 86 35 1 23 44 46 24 82 79 5 12 88 
80 : 74 61 36 7 17 95 78 51 89 26 5 82 13 80 59 76 12 77 47 23 48 55 60 56 98 70 72 31 18 67 54 90 69 21 0 42 25 
81 : 36 79 82 77 11 41 24 43 68 4 9 63 38 44 62 16 5 93 10 18 54 92 81 97 53 66 34 51 56 86 85 3 96 30 78 2 8 91 48 64 31 28 59 27 25 
82 : 26 75 
83 : 97 16 53 26 96 43 61 70 13 39 78 52 54 55 41 51 11 93 8 34 84 6 18 66 30 5 89 14 45 60 40 64 4 15 99 73 46 85 59 67 94 69 3 32 75 68 47 74 80 79 88 28 87 86 57 17 48 77 92 22 81 25 
84 : 42 79 55 47 93 15 44 13 70 62 3 64 92 96 89 75 37 53 77 24 98 71 2 26 51 91 45 0 54 1 48 76 18 95 28 38 78 39 86 31 56 29 65 49 36 82 16 17 5 33 69 19 20 34 68 9 21 50 66 41 4 11 
85 : 56 7 47 72 58 8 80 30 55 61 17 63 3 90 
86 : 39 63 58 4 65 89 64 27 37 24 47 79 7 48 32 59 51 30 77 71 56 45 23 40 67 97 85 74 42 14 98 55 12 87 3 21 11 62 90 81 68 94 93 1 61 5 15 28 34 76 95 10 43 18 60 6 70 36 29 41 46 9 19 0 33 13 52 96 35 92 8 38 31 88 
87 : 13 39 95 34 25 79 67 60 0 28 56 47 73 
88 : 14 59 45 31 12 3 23 54 52 16 87 66 5 83 97 20 75 7 32 72 95 79 29 4 28 99 62 71 98 40 96 35 57 8 9 88 27 69 81 76 56 
89 : 4 51 32 97 74 56 75 61 59 95 93 82 73 21 90 1 55 6 7 22 9 13 50 36 63 30 96 89 38 43 48 46 69 85 64 31 19 58 77 65 60 17 2 3 84 23 12 16 
90 : 28 92 23 34 74 81 75 0 15 55 44 56 95 94 85 37 11 4 27 60 69 61 87 91 71 39 96 47 31 64 93 26 38 65 45 84 49 53 
91 : 68 3 59 80 1 53 34 51 73 16 65 27 42 24 4 63 54 90 44 36 35 66 41 62 75 91 13 49 77 64 14 78 12 86 40 74 6 43 67 17 56 52 93 98 31 5 
92 : 25 97 75 13 66 80 
93 : 76 17 7 11 20 83 61 14 98 40 31 85 8 10 78 45 59 9 60 97 88 49 30 28 96 23 81 12 
94 : 24 30 17 55 20 75 74 79 9 68 40 93 42 71 18 5 63 27 41 0 66 70 16 91 77 92 81 33 22 58 14 15 88 61 53 48 59 94 
95 : 68 94 45 3 41 62 26 59 56 63 14 17 21 36 5 47 61 54 60 40 55 70 89 65 98 44 37 66 69 16 80 23 19 13 2 0 76 31 57 79 88 85 52 71 4 43 15 91 29 38 22 93 51 24 39 
96 : 46 10 20 42 56 97 80 89 28 94 70 67 9 63 79 19 92 48 83 54 78 45 69 29 0 76 71 87 95 
97 : 4 83 85 55 57 42 98 40 99 86 38 50 46 43 19 36 91 53 49 13 61 39 29 33 65 44 0 94 93 58 16 24 60 77 7 15 90 21 26 88 22 35 96 71 95 31 62 32 27 81 73 48 
98 : 70 71 90 31 67 47 25 81 98 64 97 88 60 49 74 27 3 61 55 63 1 21 12 11 89 26 85 83 80 8 54 75 43 52 24 66 57 5 48 38 45 30 40 95 58 82 53 9 
99 : 22 40 12 15 38 56 75 32 11 33 28 48 6 89 72 20 85 55 31 27 19 99 90 
100 : 73 42 67 39 88 83 17 48 78 89 8 21 62 29 0 47 18 30 51 49 72 95 40 52 20 28 1 10 80 23 60 55 70 87 82 69 71 68 59 6 11 86 4 98 94 33 31 91 7 34 
