0 : 52 78 9 88 24 37 79 21 33 56 26 14 74 93 48 43 68 
1 : 43 1 67 27 3 11 30 49 73 99 57 98 44 14 81 83 37 31 68 72 82 28 47 75 87 66 86 40 24 45 77 13 33 50 0 29 84 74 17 91 42 70 63 53 36 55 18 6 
2 : 99 58 5 45 86 57 6 64 43 70 49 17 91 14 96 36 82 92 33 13 7 32 85 12 30 9 3 72 23 73 71 66 74 67 24 35 68 26 44 52 81 47 31 
3 : 78 31 28 7 16 85 59 86 51 62 3 1 52 82 99 43 
4 : 84 8 25 87 2 6 22 33 52 40 5 18 85 3 44 11 
5 : 49 59 68 15 87 5 62 9 18 16 93 41 91 88 90 55 82 12 17 44 24 19 65 50 53 98 89 70 32 29 31 51 40 95 94 4 76 28 52 22 73 83 72 60 75 99 23 66 6 39 10 69 58 46 96 0 33 63 64 14 2 27 54 45 13 42 8 48 25 77 74 47 21 
6 : 56 18 90 25 33 97 68 98 15 20 13 31 
7 : 26 12 62 99 18 83 68 59 51 91 52 46 79 48 7 24 19 37 21 11 32 86 63 40 72 25 73 75 15 88 69 95 1 45 49 20 33 39 10 14 3 82 16 71 38 60 17 55 31 56 5 78 27 22 54 66 96 28 9 94 87 
8 : 39 17 23 42 71 4 31 72 89 26 36 78 18 24 61 22 21 83 76 38 44 74 13 29 34 10 55 45 7 65 93 49 50 99 58 95 25 37 69 
9 : 7 50 73 65 38 77 83 
10 : 80 31 92 14 84 85 20 98 93 10 96 54 70 56 46 94 42 27 64 19 40 58 
11 : 78 29 73 76 62 47 94 12 27 46 24 53 3 95 49 22 61 70 67 19 41 97 59 5 69 28 31 81 55 6 48 52 33 93 87 13 57 80 79 32 44 23 72 7 20 43 85 15 18 14 2 82 9 98 11 96 17 39 91 50 26 60 63 58 16 89 65 75 30 88 8 71 
12 : 46 90 59 2 52 88 3 67 11 86 44 43 81 77 27 24 57 58 66 0 23 6 65 31 97 16 45 85 71 35 29 49 5 13 32 37 20 26 54 21 4 7 50 25 64 
13 : 31 97 48 35 37 87 34 16 69 85 7 0 19 10 91 75 51 18 53 63 30 22 90 11 74 76 98 77 2 73 93 5 70 27 80 26 45 65 81 41 20 84 21 47 68 92 60 33 1 43 42 50 24 52 
14 : 94 93 71 15 44 45 82 84 
15 : 47 12 61 19 26 40 70 58 71 83 62 56 66 33 6 36 75 96 85 42 46 74 4 54 65 51 28 67 16 64 68 99 34 35 88 39 76 87 8 97 29 11 2 38 5 72 77 79 25 
16 : 69 36 65 20 24 85 70 98 87 0 21 88 27 15 82 26 51 30 42 79 61 40 57 78 63 92 48 75 17 29 34 
17 : 8 42 70 20 88 15 45 37 53 99 87 47 33 
18 : 81 0 79 43 44 34 32 41 31 1 53 88 70 75 20 11 51 73 85 74 47 61 56 87 35 69 26 72 95 67 63 86 7 24 94 99 14 52 18 13 57 90 
19 : 53 25 30 20 48 54 4 55 89 68 98 17 66 51 86 5 0 80 81 23 35 33 64 43 57 28 13 76 71 1 72 32 
20 : 34 55 35 14 11 5 37 17 30 12 28 16 29 76 
21 : 7 20 70 76 89 85 3 71 63 43 66 28 27 19 52 62 29 67 58 42 32 98 24 84 13 94 47 55 54 87 68 25 31 50 9 
22 : 69 13 57 30 60 42 5 66 63 51 70 18 35 73 50 99 3 71 20 2 68 88 33 87 98 36 17 38 14 10 54 37 97 78 83 75 11 61 81 49 7 21 4 15 28 12 86 96 19 77 45 85 93 89 95 76 55 82 39 79 31 24 62 44 8 26 64 46 80 
23 : 26 92 12 93 38 68 6 42 35 71 5 16 52 44 86 55 80 69 47 34 9 63 4 
24 : 44 13 47 5 95 17 69 96 27 20 36 7 43 56 71 79 48 23 93 26 21 42 8 40 61 76 75 3 38 58 85 49 92 10 67 80 65 74 0 19 64 60 88 30 84 37 81 1 18 31 82 77 35 89 39 52 78 59 25 62 16 90 66 55 50 24 14 12 
25 : 87 33 47 28 79 72 83 9 76 0 42 32 2 75 53 91 
26 : 38 84 5 71 85 70 99 35 14 30 63 20 2 44 79 18 39 60 48 66 53 54 47 32 31 59 22 41 37 68 83 67 6 82 34 4 80 73 40 58 50 7 97 1 45 52 33 23 11 28 69 88 27 19 76 61 56 51 90 
27 : 18 13 22 55 83 86 30 10 76 64 26 98 16 31 66 45 92 96 69 91 74 71 1 9 61 21 14 0 90 20 40 81 17 95 49 23 54 60 5 
28 : 19 51 57 2 66 74 49 8 98 89 72 21 6 20 78 88 60 48 80 22 0 41 42 77 46 28 87 52 37 67 27 50 5 30 23 26 39 86 1 45 7 65 81 
29 : 24 80 77 39 66 85 50 40 83 25 70 32 46 49 14 95 84 63 21 5 44 31 26 91 64 58 36 76 7 6 62 74 78 57 33 75 41 8 72 67 48 51 87 9 45 4 42 37 79 88 53 13 3 56 52 92 61 35 17 10 0 54 89 97 34 65 22 19 28 27 93 23 29 30 
30 : 41 78 88 76 73 50 75 96 34 68 51 46 58 38 74 53 45 36 79 0 13 67 15 14 82 55 39 31 18 98 32 87 52 89 59 8 94 72 62 23 11 16 43 24 57 40 35 69 48 80 33 9 84 64 22 17 6 44 85 93 3 95 30 42 7 61 81 29 77 83 54 65 
31 : 88 43 29 37 27 38 
32 : 24 48 67 62 53 50 59 83 98 85 39 97 34 32 37 68 25 91 29 40 5 45 3 61 42 33 79 56 71 75 77 20 4 
33 : 41 99 84 15 97 67 23 7 94 1 39 31 28 92 2 53 36 48 14 16 52 3 19 59 69 5 40 87 85 78 35 70 95 6 4 82 34 56 26 76 93 8 98 9 66 72 18 90 22 0 
34 : 64 
35 : 72 90 16 32 9 10 68 66 67 87 27 36 33 82 53 31 89 95 99 6 86 41 15 51 85 92 54 3 80 4 30 35 56 94 52 91 83 21 81 76 88 75 73 24 74 20 58 34 78 5 13 7 63 44 17 8 
36 : 22 37 99 64 54 15 41 71 68 80 57 13 69 8 58 
37 : 94 65 74 48 49 1 86 4 2 13 52 42 51 24 53 8 63 12 14 30 85 91 43 44 58 3 69 96 89 0 93 45 18 17 27 81 77 95 22 59 99 62 9 11 54 71 78 72 84 34 15 5 67 87 92 80 98 31 79 6 37 19 70 83 20 23 82 7 68 10 40 64 41 
38 : 2 93 76 42 10 74 38 86 24 58 70 91 15 62 30 22 20 80 92 79 19 53 9 67 65 46 39 43 82 34 64 11 41 94 55 40 8 0 59 77 3 78 72 85 88 29 16 17 36 51 
39 : 63 90 22 56 49 47 86 46 99 77 10 26 81 1 39 43 5 78 29 20 92 19 8 33 95 50 54 25 88 35 93 87 74 65 17 0 6 9 84 21 28 42 62 82 51 12 31 11 48 76 79 67 
40 : 65 25 74 60 49 
41 : 39 92 61 3 14 
42 : 18 22 86 95 57 49 62 15 2 61 21 90 9 41 78 11 17 99 16 75 3 19 68 13 89 45 33 71 93 85 35 54 24 72 39 
43 : 31 48 68 11 95 65 87 90 85 79 96 51 7 83 57 45 30 20 50 71 74 64 55 34 78 89 13 17 27 82 46 23 44 99 19 59 25 26 36 81 54 76 75 77 47 28 9 66 43 37 49 91 5 98 1 73 22 88 14 93 62 4 56 16 94 21 12 42 63 
44 : 86 51 49 55 77 0 79 60 75 8 63 66 65 91 13 80 3 93 90 46 2 15 40 56 19 5 32 43 96 87 85 57 68 33 12 70 73 24 62 99 27 7 29 59 52 1 44 98 31 47 39 14 10 
45 : 74 7 10 73 6 94 50 33 35 71 77 11 88 38 65 34 40 3 97 30 84 54 95 57 36 31 26 63 62 23 93 37 13 99 98 69 67 46 8 43 42 22 18 17 72 96 89 29 41 5 48 81 61 52 59 90 32 21 75 86 9 
46 : 62 78 29 15 96 97 61 70 64 76 37 87 66 45 2 91 4 23 41 84 34 81 77 69 39 7 54 93 1 82 53 99 43 85 89 35 49 24 42 90 26 59 48 8 55 10 57 88 32 71 14 60 44 38 58 
47 : 51 27 88 20 15 5 46 34 10 69 18 25 11 78 50 2 55 68 48 87 53 92 17 
48 : 40 67 83 77 37 41 60 66 4 12 68 84 71 94 98 81 53 15 87 70 86 59 97 25 45 58 80 14 
49 : 78 93 4 84 56 79 80 20 43 14 24 34 47 81 97 11 62 50 88 13 58 8 49 92 23 35 38 15 83 76 61 65 
50 : 88 81 93 57 47 35 89 65 28 56 12 15 4 25 61 42 16 3 50 41 10 76 48 8 54 58 97 34 5 49 14 21 39 55 33 44 98 51 
51 : 64 7 29 11 34 87 97 96 48 3 58 43 24 44 63 85 83 51 12 35 10 65 71 93 37 99 16 91 50 32 56 76 78 53 55 21 94 36 15 77 9 54 17 62 26 68 8 5 67 4 88 98 6 89 46 
52 : 4 12 53 93 21 39 65 88 86 49 55 31 77 76 6 69 2 70 40 
53 : 74 95 28 69 22 59 33 71 64 25 92 37 77 85 68 21 49 58 81 83 72 66 46 67 62 38 60 51 48 30 50 57 70 55 23 1 82 76 10 78 44 20 96 93 16 89 73 40 43 18 75 61 80 0 26 
54 : 75 31 14 82 55 20 3 16 26 4 68 94 96 51 99 29 61 63 59 45 1 36 91 35 65 18 21 66 97 54 67 74 27 64 92 40 11 25 9 46 86 33 71 93 49 17 50 95 41 22 30 6 8 88 60 5 80 83 
55 : 40 39 41 71 11 14 84 55 75 97 59 35 51 33 28 48 3 91 58 74 82 37 46 87 17 95 85 13 22 96 53 43 45 21 5 9 77 19 24 25 7 
56 : 50 34 37 42 39 0 32 69 85 98 9 87 94 33 10 24 17 23 77 
57 : 87 19 29 40 9 22 20 76 46 59 97 91 79 82 89 27 45 11 25 38 70 32 60 81 74 13 66 71 0 48 6 33 47 98 69 95 65 18 36 62 77 
58 : 72 13 88 83 53 69 77 8 37 23 47 30 10 96 52 97 12 46 26 85 6 65 33 60 7 61 18 55 25 41 17 5 91 56 11 16 81 67 98 44 64 
59 : 42 28 67 64 43 32 6 90 41 35 94 2 79 60 46 83 89 66 82 99 24 31 45 69 51 15 53 84 62 80 30 4 95 61 
60 : 83 23 93 25 80 98 3 31 92 58 45 99 17 50 64 30 75 62 29 33 54 69 57 66 6 76 22 44 68 51 18 55 49 65 27 73 43 91 0 40 7 89 35 85 61 12 53 10 19 95 63 
61 : 8 77 98 84 9 18 46 79 55 92 63 76 90 41 26 36 12 31 15 70 20 21 3 32 85 66 17 38 37 7 69 42 91 11 65 50 78 62 60 6 16 25 56 54 
62 : 10 1 93 71 7 5 95 76 86 22 89 24 44 20 59 64 34 21 57 19 11 78 
63 : 85 7 25 3 80 43 82 18 16 84 27 75 88 13 1 53 61 76 60 69 34 8 62 89 26 44 51 14 36 17 93 37 95 32 71 
64 : 0 56 35 85 16 23 36 87 1 82 51 50 91 94 49 59 
65 : 64 28 57 73 66 67 76 95 82 20 41 31 39 13 54 60 59 29 10 18 88 85 89 5 4 53 
66 : 84 90 22 93 51 4 6 5 80 95 67 97 74 26 9 29 60 87 89 54 65 27 82 10 28 49 16 24 47 81 99 57 53 19 94 75 73 45 69 33 58 32 7 72 1 18 0 96 61 34 30 77 23 17 52 35 12 63 50 88 86 
67 : 14 68 52 50 62 78 16 53 21 1 11 39 90 61 86 69 26 87 63 28 59 8 42 36 98 6 34 79 41 37 47 10 56 2 70 92 38 46 89 94 84 7 40 77 19 9 25 4 51 5 13 73 17 55 95 81 30 66 44 
68 : 54 51 64 12 14 8 6 78 62 13 44 57 4 0 89 7 10 80 39 70 40 67 79 61 91 88 25 49 18 35 53 99 45 17 98 22 38 76 3 43 97 28 85 47 50 48 96 77 15 63 82 36 
69 : 44 63 65 14 68 58 16 51 54 11 32 94 39 40 71 53 30 56 9 36 22 92 47 41 77 4 70 72 91 3 8 59 38 37 23 28 64 12 84 18 81 52 31 76 20 55 99 29 0 80 73 49 85 61 98 86 66 82 19 35 67 21 25 48 57 74 33 75 6 83 95 96 1 50 
70 : 
71 : 27 87 25 34 96 67 53 64 99 17 58 60 59 47 95 77 21 72 11 79 75 92 26 76 91 48 10 3 63 20 30 18 44 43 40 81 22 33 19 50 39 46 15 66 74 37 1 2 83 84 78 51 4 94 85 89 31 68 6 73 28 86 36 
72 : 14 28 45 62 30 95 11 25 78 77 75 36 10 83 52 44 80 48 84 53 61 4 35 87 97 50 63 56 26 66 6 65 37 12 54 81 55 24 47 0 41 33 51 82 58 86 71 60 39 9 91 88 99 21 17 23 98 20 40 19 27 57 72 85 16 
73 : 91 65 40 25 21 18 7 82 60 2 79 54 1 58 81 67 77 47 23 69 48 42 41 52 27 45 49 53 68 
74 : 89 75 6 60 9 28 83 32 33 7 44 21 79 51 57 88 70 73 14 40 96 74 53 50 31 35 23 8 29 82 41 87 48 37 56 15 1 68 43 61 36 25 54 0 92 10 45 97 27 72 71 85 4 34 90 11 39 16 17 77 47 13 24 38 18 20 91 78 5 49 58 19 80 
75 : 86 84 22 12 77 36 70 73 34 68 94 61 57 8 29 40 24 78 21 17 7 97 10 91 
76 : 0 50 10 4 48 72 43 60 53 61 65 26 64 75 38 19 30 22 18 16 35 13 76 84 93 59 47 
77 : 89 60 68 36 98 85 64 6 59 75 93 0 43 45 13 61 69 9 66 31 20 12 77 42 14 49 34 29 46 40 30 57 67 95 32 65 33 50 1 88 81 8 78 72 16 53 79 
78 : 50 0 7 21 61 5 67 25 53 42 49 68 18 92 38 94 15 65 1 11 89 72 32 66 4 91 56 34 79 39 62 26 51 33 47 46 31 63 99 36 2 75 97 45 88 29 90 48 87 3 57 78 44 
79 : 41 94 14 91 54 93 99 1 13 67 40 24 3 97 30 85 11 42 23 44 27 35 90 17 9 70 39 69 46 74 61 48 77 76 89 80 22 79 7 10 64 98 62 47 71 50 18 4 65 51 28 29 95 82 73 78 5 96 63 75 32 81 34 87 
80 : 93 12 92 64 6 51 56 3 80 74 90 29 49 8 37 40 97 67 45 20 13 4 44 16 54 61 30 34 50 
81 : 59 17 43 5 50 27 1 8 82 52 2 72 36 14 41 73 57 68 51 89 48 18 39 12 63 91 83 16 0 76 40 35 99 29 42 19 54 77 60 37 11 69 94 95 79 86 31 32 61 6 21 28 87 24 90 33 9 13 34 70 93 78 23 7 15 3 53 65 44 49 58 
82 : 9 60 28 74 50 62 7 63 38 49 21 6 20 61 64 18 89 13 57 22 
83 : 58 11 46 91 34 22 13 4 41 99 49 10 89 5 
84 : 99 27 91 79 74 20 83 30 10 38 19 75 73 31 54 59 56 49 6 43 71 62 70 3 72 58 37 1 14 80 5 24 12 39 
85 : 1 80 12 70 93 88 72 96 82 71 9 66 5 18 91 29 44 19 63 43 26 52 77 97 0 37 58 50 64 90 81 41 56 25 15 57 86 51 59 35 28 42 76 16 45 95 55 79 11 6 27 83 
86 : 67 14 66 29 39 90 57 77 11 70 80 38 31 8 76 75 36 98 84 27 10 40 6 22 74 16 79 
87 : 57 67 79 77 25 50 47 93 75 38 29 15 2 19 7 58 54 78 28 87 98 23 39 14 48 9 73 59 63 94 70 5 33 81 65 52 49 37 53 42 27 60 11 61 36 21 56 69 20 91 44 30 32 82 
88 : 71 59 0 39 66 52 38 54 45 90 7 20 34 27 31 22 97 68 60 17 21 50 57 70 86 13 81 64 62 4 89 9 25 3 51 84 48 35 96 83 41 72 92 32 26 65 29 42 85 76 94 36 95 73 37 2 1 19 78 88 99 18 44 23 58 67 5 33 77 61 8 15 6 40 
89 : 5 43 79 25 48 17 73 61 52 72 82 8 56 11 84 92 55 59 33 94 53 28 58 54 35 41 77 7 97 
90 : 34 50 78 55 52 35 92 61 83 95 6 76 12 2 67 20 75 
91 : 15 60 9 13 94 35 87 68 53 83 51 76 75 10 99 54 26 11 29 1 80 85 31 90 62 57 0 82 14 47 45 92 97 38 25 95 20 3 91 39 7 4 18 89 44 41 48 56 5 40 8 61 42 19 84 46 
92 : 21 92 14 96 57 20 79 56 22 85 45 1 10 69 34 31 35 33 99 71 60 47 15 90 2 63 3 38 25 82 18 17 52 29 91 98 67 6 30 59 49 
93 : 31 50 14 
94 : 66 54 98 34 84 71 14 2 31 77 12 57 63 35 37 9 17 94 53 26 83 90 79 24 7 72 78 39 55 18 95 64 60 97 52 58 82 69 87 4 42 21 10 67 47 56 46 51 0 96 22 33 32 3 70 50 5 61 85 45 88 86 29 62 99 89 48 73 44 36 27 80 8 93 
95 : 98 76 74 1 15 42 91 36 30 70 62 40 37 31 13 22 12 3 33 77 5 35 29 47 10 66 95 43 2 4 20 86 9 48 75 84 25 68 38 83 55 18 92 90 50 32 99 69 17 96 89 23 80 97 45 94 8 88 72 60 26 79 87 57 85 73 41 58 
96 : 45 31 99 87 27 78 1 34 58 9 67 42 74 13 51 15 75 17 33 35 60 37 7 82 80 55 16 8 46 85 36 6 38 28 
97 : 23 16 40 19 59 44 18 27 94 20 61 79 32 52 9 90 60 72 68 5 75 36 78 93 26 89 50 92 51 14 34 17 57 31 96 29 84 70 54 53 15 98 97 46 43 28 86 71 13 66 83 69 
98 : 73 94 34 96 80 74 75 98 14 51 18 95 19 45 29 93 78 71 92 24 61 76 2 23 33 
99 : 78 29 51 72 97 73 35 5 34 58 77 2 67 16 55 42 37 61 46 90 48 89 76 93 80 41 9 56 20 12 36 26 11 15 44 54 4 17 3 45 96 27 75 62 8 86 24 50 64 74 30 10 22 92 
100 : 39 60 13 79 50 99 61 78 34 52 62 77 49 92 76 1 94 
101 : 57 19 69 79 13 89 78 46 54 48 64 97 73 76 18 27 24 63 0 83 40 11 71 31 65 98 37 6 87 93 5 22 59 36 15 67 92 43 72 50 60 12 28 62 84 52 29 20 35 66 82 68 4 
