0 : 165 128 227 71 82 229 95 87 225 142 27 183 141 70 243 129 186 193 83 173 78 226 176 140 174 104 156 35 159 202 130 97 175 93 133 58 178 249 151 149 98 177 196 62 54 125 170 204 114 51 113 119 60 102 132 239 219 160 
1 : 248 155 131 168 122 164 172 52 245 157 197 174 193 243 201 202 49 54 111 175 136 166 29 233 103 62 102 93 216 42 159 28 53 188 76 107 154 64 101 82 143 184 224 41 129 192 205 57 126 99 63 218 156 97 190 213 117 85 130 
2 : 219 163 181 214 230 97 48 175 50 121 190 130 29 186 90 244 205 211 240 202 147 41 58 201 53 72 176 92 216 153 222 165 134 158 109 144 73 221 156 185 135 128 246 141 224 114 42 146 70 75 93 245 38 30 107 124 85 39 44 226 242 173 86 120 166 167 154 54 188 174 119 157 249 76 239 91 199 25 196 150 218 112 126 127 100 212 209 63 78 80 64 
3 : 159 170 226 53 96 162 206 207 107 72 97 204 235 161 222 248 94 165 85 41 236 223 111 123 45 132 40 178 149 126 112 160 61 63 245 48 105 65 122 104 181 127 232 83 68 43 131 46 144 155 129 242 249 214 211 175 71 224 28 121 55 195 54 58 74 25 73 240 102 130 167 
4 : 25 235 26 173 78 190 154 146 158 91 245 168 106 167 103 228 104 27 73 74 163 88 184 241 99 38 115 145 55 194 77 102 82 247 69 149 160 56 65 127 100 101 188 107 63 122 238 136 96 231 179 39 172 174 214 134 117 98 64 204 58 128 85 176 45 47 198 195 124 221 29 164 202 220 229 226 119 53 95 243 49 32 72 48 148 79 118 86 113 162 197 80 131 211 151 59 181 139 123 60 35 246 200 153 62 232 76 206 142 191 166 
5 : 50 97 244 241 227 139 55 162 186 218 122 145 128 178 70 216 194 88 85 33 166 193 206 150 95 154 
6 : 110 137 150 154 163 41 236 216 66 155 233 106 52 222 132 131 161 237 58 120 67 63 225 197 219 164 158 64 228 55 143 243 62 114 144 153 100 185 215 35 172 199 146 149 166 112 231 47 73 217 61 68 87 206 148 85 193 212 91 82 198 46 122 145 34 51 234 115 40 89 171 42 29 152 249 96 72 90 170 88 119 147 179 180 248 177 65 184 223 103 124 126 220 77 134 57 169 127 235 210 138 99 38 113 79 157 
7 : 217 220 173 92 180 75 82 48 116 70 248 197 189 129 132 172 168 144 170 194 25 156 74 161 78 46 55 33 229 128 221 45 65 52 190 42 227 59 86 196 68 140 198 63 214 49 201 224 120 62 235 115 171 153 41 39 73 97 64 30 40 187 238 90 99 234 223 103 94 47 192 157 76 77 228 143 
8 : 146 81 131 125 115 94 53 149 99 195 240 31 72 108 177 226 114 152 29 80 236 28 164 151 228 245 171 42 90 37 113 69 179 154 185 197 218 211 98 192 234 158 224 176 168 121 130 206 163 77 133 186 92 110 96 241 85 84 205 238 117 193 59 124 102 135 181 155 217 33 39 143 174 142 54 105 55 109 46 62 170 138 116 235 30 165 74 214 126 136 139 215 87 78 166 122 219 187 175 52 100 25 239 162 230 203 120 61 60 
9 : 193 27 147 45 192 224 56 59 40 92 203 213 86 151 116 170 162 141 190 248 119 36 67 181 68 228 28 165 189 214 74 120 93 83 222 110 238 207 106 171 96 233 117 157 66 130 183 143 156 235 194 81 247 97 212 239 107 131 102 219 90 216 132 232 124 229 25 167 197 109 237 140 144 35 174 112 
10 : 244 159 45 162 177 56 194 86 84 208 85 40 113 34 124 210 82 245 227 62 118 203 88 178 128 181 130 229 153 151 95 182 126 72 125 73 41 33 172 28 196 195 100 192 29 119 54 207 187 44 157 155 190 233 110 191 103 224 37 117 228 214 139 87 169 243 144 149 27 96 64 98 215 138 193 
11 : 59 124 155 47 86 125 249 181 193 199 242 48 96 166 83 200 55 183 76 42 179 241 82 226 194 208 204 56 216 53 150 152 79 215 203 102 37 142 
12 : 239 101 231 181 51 238 95 54 174 61 220 110 112 153 152 140 37 41 157 114 176 216 93 76 205 59 163 184 73 185 77 109 52 192 89 190 57 210 138 119 241 71 32 182 42 116 151 191 50 207 217 229 244 55 88 
13 : 86 213 184 137 130 247 211 208 101 162 178 124 102 80 182 44 99 67 109 156 160 60 196 63 82 110 
14 : 150 117 189 226 213 101 200 88 133 142 154 233 72 152 163 228 34 135 62 173 188 40 107 169 33 86 204 130 30 211 180 85 155 78 61 179 248 42 230 170 218 126 221 199 120 125 215 128 249 81 210 234 166 94 95 193 209 220 66 82 182 93 27 167 45 191 243 224 90 201 216 68 146 100 
15 : 39 40 221 240 226 203 197 147 232 56 168 49 122 69 152 68 228 146 37 81 181 179 38 176 121 150 198 144 190 47 31 155 101 213 64 76 53 105 132 74 245 93 136 91 191 215 242 45 195 185 235 90 109 83 160 80 128 52 86 92 182 120 154 30 159 58 241 127 212 26 111 46 180 112 97 55 164 138 208 
16 : 112 97 213 34 220 185 144 172 133 44 57 143 138 235 242 118 154 158 152 111 248 59 247 68 195 239 64 62 225 71 173 42 177 246 191 146 183 190 54 153 245 122 29 114 41 166 72 244 180 199 223 58 102 107 52 198 101 160 237 51 156 98 27 75 
17 : 169 108 199 208 195 126 96 243 115 229 249 236 176 166 75 177 107 90 198 112 32 192 78 241 175 55 57 178 211 188 228 79 140 84 245 95 248 85 110 226 70 145 46 73 129 106 215 66 152 30 118 
18 : 26 206 201 185 172 158 67 142 96 205 211 121 242 221 118 204 127 84 148 195 186 246 163 54 38 27 244 181 169 39 81 82 106 248 192 166 130 199 50 218 183 107 113 101 55 34 224 36 65 51 179 133 156 122 198 63 87 219 61 97 188 124 231 120 64 170 137 153 229 237 69 144 83 220 94 200 112 240 174 80 104 70 217 93 167 31 164 72 159 162 141 134 152 68 75 45 149 228 28 42 175 62 249 59 
19 : 88 133 95 202 130 241 207 29 62 145 221 47 58 211 195 197 31 77 152 76 144 166 184 158 89 32 229 154 148 193 209 
20 : 220 224 31 99 150 52 53 160 55 243 173 100 77 142 240 206 26 223 167 130 164 48 219 68 218 132 192 227 94 114 33 197 214 188 140 106 134 135 170 40 46 59 166 209 104 118 181 39 44 122 117 147 49 163 37 221 42 231 149 156 138 83 146 57 165 162 
21 : 89 61 30 190 231 170 163 80 182 230 159 57 47 124 120 236 225 81 59 122 43 58 45 203 219 187 67 199 217 75 181 142 140 189 132 151 232 188 56 28 74 240 60 184 149 93 125 226 127 94 37 105 72 35 249 172 109 70 171 215 204 136 245 29 191 146 241 183 185 198 42 111 34 79 129 158 44 82 176 40 234 201 179 115 54 126 166 32 212 223 228 152 155 26 91 85 227 106 92 118 100 141 235 233 86 104 196 48 206 180 169 39 52 
22 : 124 131 75 87 203 115 119 187 31 61 190 35 93 192 202 139 71 130 92 98 134 184 58 125 137 47 245 80 168 102 183 200 169 205 40 36 227 181 232 85 97 212 103 68 42 191 88 129 26 57 105 166 110 51 248 155 238 158 
23 : 225 205 52 154 163 36 105 121 226 78 231 242 160 90 110 197 43 230 59 244 83 199 114 141 195 38 191 127 119 117 178 247 55 166 137 109 129 165 203 131 51 113 108 27 164 100 34 67 179 130 62 75 120 159 177 238 150 198 85 153 175 79 142 218 61 74 126 176 145 128 65 45 227 134 
24 : 97 225 236 151 61 191 129 112 209 220 176 198 189 99 34 197 28 39 144 49 128 96 177 199 149 200 102 192 43 93 187 134 63 178 179 224 35 40 51 249 67 228 181 152 138 69 133 47 126 216 107 139 180 230 75 30 227 115 162 56 84 240 143 196 52 136 166 130 214 153 31 188 135 248 95 37 174 68 148 72 157 194 185 186 76 90 140 163 65 83 111 167 160 154 29 229 101 204 164 25 246 218 234 210 172 48 59 82 74 104 87 80 239 91 81 
25 : 143 186 152 110 93 141 104 157 53 161 109 25 34 32 59 68 30 220 190 212 167 112 178 138 230 228 229 151 181 213 135 28 146 216 116 127 48 244 134 61 158 101 218 177 173 89 96 90 180 137 120 224 74 114 193 44 50 66 
26 : 26 187 197 107 119 96 30 94 228 143 192 175 178 41 71 158 244 206 62 184 148 167 183 54 95 162 73 247 173 111 122 47 43 170 117 67 241 63 140 69 72 89 239 76 147 203 42 123 35 150 243 113 209 236 83 235 205 116 217 27 132 112 165 202 245 44 128 61 154 121 37 56 34 232 188 100 218 133 120 155 91 223 40 
27 : 67 234 189 44 236 75 202 221 166 85 60 42 144 109 57 159 73 155 45 199 142 137 110 241 71 50 193 131 63 106 126 211 82 157 194 145 34 149 247 101 224 70 229 90 204 100 88 111 74 54 98 37 203 158 130 129 127 68 245 178 39 208 78 172 167 225 219 66 96 36 150 181 128 30 207 200 28 141 171 64 38 216 163 93 121 61 33 214 134 222 56 228 62 47 
28 : 168 54 228 29 232 57 108 39 169 88 182 144 187 79 69 199 42 193 95 188 50 245 60 173 224 138 44 78 212 121 234 171 207 164 137 64 213 62 27 74 210 110 190 221 139 214 140 126 97 83 104 247 87 241 186 201 58 66 98 35 165 89 82 246 32 177 
29 : 197 196 88 127 144 108 58 85 72 213 105 64 222 220 153 41 237 66 139 152 215 83 136 93 25 68 142 150 149 33 184 175 154 130 235 201 52 155 60 231 49 182 34 218 120 56 95 209 133 28 246 170 238 212 73 204 80 169 74 138 65 43 191 189 163 135 202 240 102 92 27 164 112 50 185 119 98 63 107 156 91 236 71 176 38 162 194 94 207 117 125 147 109 69 205 141 143 76 128 81 167 158 239 111 67 233 97 35 48 243 115 179 77 
30 : 115 148 99 221 107 209 165 96 132 230 32 137 178 73 86 109 155 57 104 161 203 123 170 78 246 76 110 94 225 124 237 111 186 128 152 45 39 147 42 194 33 83 207 149 74 156 68 195 143 204 162 31 164 210 172 77 140 134 66 125 222 231 54 56 159 175 146 166 46 95 249 65 30 70 219 37 212 206 240 75 174 87 127 
31 : 103 98 33 201 34 36 73 186 118 243 169 25 43 213 196 145 180 64 171 235 139 31 35 232 57 184 190 52 63 102 192 162 209 105 141 216 112 188 39 176 65 61 114 47 187 194 154 117 220 153 49 32 53 62 147 84 
32 : 118 33 219 82 186 147 116 25 51 175 181 209 248 55 130 139 103 124 179 77 30 226 228 200 125 60 204 27 99 86 173 104 199 54 107 39 56 83 45 50 134 184 247 223 205 214 90 249 224 208 240 105 172 158 241 157 195 221 110 102 68 164 58 71 151 62 67 47 79 31 29 227 91 40 44 141 144 216 237 191 153 101 126 160 
33 : 131 196 199 88 139 140 64 201 110 178 204 144 230 149 197 86 147 45 92 62 213 156 66 155 97 31 73 68 49 103 243 75 90 85 102 235 142 181 176 47 224 127 63 120 119 27 
34 : 107 120 59 194 123 204 39 50 158 44 27 66 197 128 165 58 111 49 173 25 171 103 68 65 182 47 198 240 239 51 28 162 200 235 142 147 169 129 233 45 114 179 149 106 138 121 38 72 37 55 87 164 243 185 133 126 48 84 151 154 203 161 100 
35 : 99 88 30 26 45 139 144 169 214 192 106 185 119 142 44 97 197 151 73 102 216 118 112 70 196 
36 : 192 197 47 179 183 129 118 147 200 127 166 139 208 116 26 229 66 124 39 162 84 100 35 202 45 
37 : 117 66 73 217 178 159 35 75 238 147 240 50 123 109 224 234 228 143 162 34 219 239 187 69 170 245 221 111 211 157 98 28 214 140 212 134 52 124 184 49 58 169 53 158 64 100 110 233 54 89 237 164 175 168 191 195 71 129 119 62 104 220 68 246 207 198 227 103 231 135 208 113 145 197 72 81 204 121 31 218 229 45 33 226 27 112 43 236 60 
38 : 207 64 107 151 211 248 246 85 59 228 154 32 110 49 174 191 108 118 146 136 221 80 67 70 143 138 164 72 170 224 46 88 208 133 61 95 29 137 249 57 171 28 148 216 111 82 187 183 237 74 115 244 247 97 77 152 123 219 45 186 62 128 103 39 241 210 215 117 122 119 182 81 100 102 124 60 202 158 89 168 195 
39 : 156 132 117 217 173 105 53 62 100 46 140 193 99 157 90 81 133 158 247 246 63 207 225 106 123 50 129 34 163 201 120 67 190 113 136 104 82 32 143 
40 : 70 175 173 138 247 105 112 245 93 172 121 124 54 50 80 221 117 163 240 136 37 87 59 90 177 209 62 193 129 207 239 72 234 68 228 110 
41 : 89 86 129 51 83 237 206 39 121 133 87 167 163 178 43 125 152 233 36 218 207 99 49 126 38 102 222 230 243 80 119 214 120 191 52 149 44 223 41 31 32 249 224 118 30 78 46 204 169 155 
42 : 28 197 225 130 131 192 85 187 219 199 66 204 184 156 145 170 83 135 26 65 234 53 217 194 27 98 164 233 193 41 119 89 141 182 42 109 215 214 84 
43 : 95 110 61 99 150 128 32 169 187 203 146 44 164 45 172 194 214 197 67 71 175 125 226 243 84 100 127 68 137 69 200 142 42 30 156 34 75 233 
44 : 130 137 81 78 177 108 97 167 113 47 239 141 118 197 117 235 93 179 132 100 195 64 69 245 199 
45 : 245 187 144 146 248 79 59 88 47 48 30 194 107 42 197 232 89 94 122 90 76 236 173 83 210 98 225 67 78 192 28 154 50 204 209 170 206 212 125 41 239 150 168 38 165 64 188 240 96 69 195 101 95 147 233 
46 : 44 80 94 26 228 87 179 116 245 235 159 66 183 217 34 134 113 227 196 72 59 74 143 210 47 226 156 200 92 110 172 93 100 190 25 188 125 197 249 137 214 117 53 247 46 199 128 69 150 222 151 175 208 89 102 243 108 105 157 234 162 62 225 118 37 119 67 70 211 39 230 145 56 192 
47 : 46 241 131 117 110 219 43 105 137 223 136 72 138 41 63 167 116 188 171 207 151 119 180 176 51 220 67 244 239 31 140 114 139 34 58 177 134 242 38 247 200 30 109 66 
48 : 90 232 181 243 93 156 200 132 120 66 212 198 166 160 174 211 183 171 80 75 191 175 217 240 201 192 165 135 197 193 118 76 133 40 148 248 60 145 182 104 57 189 186 238 218 106 146 221 108 28 134 79 37 83 55 246 127 194 86 121 97 136 27 96 71 215 92 162 180 242 124 39 226 29 140 78 231 45 235 72 178 53 62 44 47 203 151 77 113 169 54 138 70 67 190 38 51 158 
49 : 166 249 185 197 68 245 38 83 224 242 46 85 192 112 227 146 215 111 39 239 132 222 94 138 173 108 139 241 124 209 59 81 50 67 187 66 116 115 88 84 56 26 178 104 170 203 207 37 109 48 53 157 91 65 70 205 167 235 220 217 61 89 134 58 201 229 248 
50 : 147 29 38 209 143 142 242 79 148 173 188 144 155 71 197 177 220 65 28 58 210 165 223 125 75 62 167 213 41 205 48 115 27 123 182 112 37 114 172 127 81 212 60 93 
51 : 211 159 204 113 130 169 185 99 39 181 63 58 74 168 225 165 104 43 123 119 76 137 139 170 126 92 72 115 213 102 212 203 67 205 79 176 184 111 128 40 110 49 171 148 78 243 228 182 117 233 220 183 175 190 34 199 84 155 194 52 186 234 121 69 144 77 122 50 51 156 59 245 160 125 242 166 237 219 73 36 244 80 60 32 27 108 33 85 141 66 75 236 133 153 149 187 172 226 57 178 195 120 208 97 150 41 70 154 26 
52 : 181 66 140 29 162 214 123 210 109 191 234 208 241 222 165 100 150 84 138 111 182 50 108 36 92 161 80 207 61 244 38 93 96 62 153 94 189 180 178 30 175 125 127 135 115 130 221 131 124 104 27 154 187 44 245 110 98 105 121 68 159 145 37 216 106 194 205 219 116 82 95 193 203 246 141 200 81 183 28 160 73 229 204 45 79 228 148 151 202 87 102 184 48 212 83 
53 : 196 26 221 129 197 80 232 169 233 164 97 171 160 107 212 189 36 236 72 230 217 199 144 133 237 86 142 148 125 137 159 134 66 157 46 43 194 126 120 155 182 132 79 200 170 174 106 108 138 68 147 45 111 226 49 202 27 195 175 140 177 33 44 239 161 149 231 220 100 218 152 211 119 35 76 168 178 227 115 216 127 131 166 235 187 180 110 37 31 213 67 47 64 249 99 176 87 71 238 150 146 77 136 51 141 128 162 208 70 109 247 240 105 82 173 
54 : 144 95 112 151 36 60 240 30 191 130 236 214 104 100 59 101 26 163 118 148 85 146 230 125 43 220 91 142 239 111 41 127 67 187 40 44 132 226 169 160 209 115 149 48 83 108 126 202 141 194 145 185 249 173 241 134 52 156 69 140 153 117 73 195 70 177 213 231 45 198 55 102 51 78 164 63 161 62 109 150 92 93 167 234 143 225 247 179 181 171 235 119 180 129 66 192 
55 : 184 70 66 189 60 247 232 239 53 133 29 59 136 54 157 181 96 113 192 145 33 167 194 173 171 78 168 45 43 93 216 209 73 172 87 135 248 158 124 223 193 166 117 240 52 204 47 71 61 182 178 63 226 39 107 219 138 211 128 118 89 175 123 234 230 50 190 151 218 115 191 
56 : 237 170 203 249 142 90 242 220 84 141 118 197 216 113 74 27 155 147 226 120 119 31 48 248 88 215 39 32 54 40 130 98 154 225 212 45 110 124 140 181 144 160 60 114 51 56 138 245 67 80 105 25 103 200 125 93 35 208 209 182 145 246 192 184 151 244 148 143 69 159 61 171 243 101 70 66 199 172 168 163 121 112 81 38 189 161 188 
57 : 166 203 104 214 63 39 187 137 168 224 156 86 223 146 221 211 165 222 127 157 60 131 67 142 42 240 196 70 121 175 149 238 186 117 115 160 193 51 161 173 188 75 230 144 102 218 98 245 47 181 136 87 28 120 194 216 85 83 59 132 201 45 217 58 241 56 169 164 148 172 206 180 124 178 163 159 27 119 229 33 43 71 94 107 
58 : 36 98 149 39 226 79 192 147 53 113 205 93 199 127 183 176 143 154 194 161 237 166 187 128 33 168 185 189 65 68 73 242 82 209 44 94 38 28 92 182 214 89 229 62 109 49 151 173 103 81 141 246 114 144 101 83 216 228 123 78 77 204 240 148 57 219 222 59 163 145 69 76 150 221 165 61 142 32 208 137 119 217 54 124 243 130 133 223 162 134 80 90 201 231 70 56 190 129 169 158 191 136 181 42 102 27 235 193 203 224 84 
59 : 191 142 194 134 202 188 166 238 226 93 207 240 199 187 221 186 52 135 90 175 244 174 76 231 43 155 210 74 33 46 161 32 73 220 45 98 245 115 132 184 91 224 116 123 138 31 104 112 178 247 99 27 235 228 173 84 113 36 125 37 242 203 78 128 223 230 40 171 139 214 59 131 106 172 143 195 222 87 114 183 86 162 102 165 219 34 182 141 110 140 198 120 92 157 129 97 49 163 193 130 167 137 246 30 208 55 103 58 156 146 
60 : 242 117 104 174 125 115 186 78 118 240 29 87 163 169 143 31 212 50 199 131 127 112 191 239 51 111 79 230 26 146 55 144 61 184 
61 : 171 197 62 180 43 67 91 219 148 139 74 161 98 240 42 149 227 143 140 66 44 90 217 131 55 126 211 123 218 114 221 194 50 199 168 202 159 246 35 235 135 142 117 124 84 72 134 192 182 213 209 87 38 26 104 170 173 107 165 70 147 132 144 201 179 82 118 198 237 138 95 40 176 188 46 88 224 153 64 115 181 85 226 96 109 121 146 234 136 162 184 69 122 60 79 156 57 228 61 195 29 152 116 223 129 68 210 177 243 232 31 187 
62 : 53 111 104 224 215 239 44 82 164 165 242 89 136 198 180 59 112 55 95 173 71 230 139 69 86 176 30 244 184 38 182 115 70 60 31 147 186 117 183 35 40 216 58 223 158 108 229 143 217 233 222 85 225 171 79 194 189 45 25 34 80 238 32 181 166 51 140 168 228 185 121 41 138 94 152 
63 : 112 157 226 117 50 236 32 181 205 142 67 93 43 104 80 180 138 243 34 171 128 215 100 141 59 195 73 228 66 193 45 114 213 
64 : 223 120 238 183 135 190 133 102 64 44 155 66 116 63 178 27 130 114 158 96 107 230 177 103 31 73 180 145 108 201 152 247 147 146 95 169 157 65 70 57 226 43 139 129 53 40 224 69 35 61 112 100 101 132 79 245 38 55 151 33 109 52 240 198 159 175 242 71 165 117 87 186 94 188 249 58 167 127 206 123 84 153 81 237 163 51 193 60 134 104 229 195 172 160 246 47 67 202 244 154 192 111 29 85 185 
65 : 61 72 216 191 92 38 212 68 109 187 106 36 239 205 148 231 207 178 104 222 198 128 236 135 67 117 
66 : 208 144 178 222 32 54 98 131 114 153 192 69 215 200 163 186 104 117 53 168 71 166 66 204 88 231 154 38 152 106 73 209 214 138 197 179 119 56 93 225 149 74 151 243 27 189 171 229 196 110 80 105 188 221 49 29 239 242 46 190 216 70 40 223 65 145 118 42 129 237 161 41 133 182 206 191 245 205 75 247 55 213 43 173 134 91 85 83 44 82 102 81 147 96 112 184 246 126 212 180 207 78 137 210 121 140 130 167 136 195 235 89 157 142 
67 : 46 73 209 192 92 75 159 177 233 204 149 102 182 37 78 25 157 112 216 141 45 69 195 29 122 212 63 134 118 133 47 206 193 93 245 219 217 99 152 106 231 124 26 103 242 247 
68 : 99 180 36 187 73 61 199 204 102 143 127 74 173 57 179 70 246 133 76 183 37 55 116 209 195 154 132 216 225 152 31 178 232 60 121 226 224 109 249 48 124 92 213 122 237 90 130 62 197 239 56 202 242 200 63 113 241 162 185 96 83 42 112 
69 : 100 136 179 34 211 244 248 226 99 29 30 151 97 198 247 106 157 215 64 90 146 238 160 40 137 164 102 31 241 113 204 227 196 43 240 108 62 96 83 175 159 119 74 93 230 162 217 
70 : 236 225 248 86 135 105 201 26 163 100 148 203 179 209 142 67 76 199 120 192 75 72 224 77 134 45 149 161 247 88 136 249 238 57 98 213 103 220 182 84 187 62 46 208 25 50 183 169 217 212 37 229 176 97 64 71 121 144 83 194 171 41 70 68 31 153 91 
71 : 67 244 73 78 229 114 110 195 40 63 131 207 249 104 52 206 69 44 118 57 209 200 234 193 141 225 81 164 240 38 190 121 223 189 66 74 
72 : 114 68 221 141 48 190 200 75 96 154 205 44 229 165 73 100 192 187 43 109 38 189 55 54 210 136 
73 : 211 28 63 81 173 229 201 109 181 78 90 68 44 130 47 126 113 124 26 232 236 190 79 66 95 191 192 53 240 243 219 55 71 157 94 183 58 218 207 187 119 35 67 194 89 57 206 188 147 228 202 153 128 159 92 145 196 144 186 73 165 169 122 176 179 48 129 77 45 137 25 244 93 110 205 132 87 106 61 134 82 245 60 118 50 40 108 125 230 197 
74 : 53 97 33 153 174 155 156 25 34 209 188 118 233 103 185 40 220 87 192 180 149 157 195 247 116 229 144 193 76 219 47 128 228 63 26 163 49 221 124 143 73 196 230 203 231 83 171 217 136 165 134 92 151 57 213 94 161 164 93 147 60 91 46 59 51 109 99 225 135 79 154 246 127 240 177 117 187 242 107 68 224 227 27 100 139 190 236 30 181 81 208 64 131 176 82 207 200 175 130 241 42 133 
75 : 58 248 52 204 208 180 46 222 160 199 210 183 149 50 31 150 30 143 117 93 129 88 110 185 240 178 44 39 127 163 223 
76 : 226 156 155 196 109 148 104 58 37 89 168 174 98 171 213 65 70 80 222 199 211 143 114 201 185 128 139 91 129 244 127 95 182 240 242 77 169 136 223 55 101 96 72 228 116 47 125 32 71 102 53 74 172 26 59 154 140 42 113 162 105 153 79 152 27 183 179 215 230 176 48 67 167 117 232 97 123 217 43 203 131 62 111 33 39 138 40 56 178 189 157 190 73 133 126 204 200 64 82 
77 : 41 162 154 217 195 170 105 112 236 216 111 146 148 108 176 168 98 248 70 67 202 138 86 28 163 59 107 188 
78 : 187 83 113 109 217 97 183 211 234 143 44 128 138 157 247 55 159 126 103 112 172 198 163 98 28 147 240 94 136 226 91 
79 : 151 212 70 237 86 47 95 111 200 30 129 101 44 167 48 88 173 45 240 202 183 85 97 140 223 199 25 83 87 155 179 248 46 28 36 130 164 182 176 189 134 137 61 72 104 
80 : 106 94 234 66 211 204 241 221 152 128 166 213 187 247 210 136 179 157 31 133 229 75 163 180 145 115 89 176 117 159 86 209 118 45 56 43 164 71 88 84 62 78 218 167 38 207 155 226 137 
81 : 64 79 72 159 80 35 167 89 93 32 203 234 205 183 101 61 28 124 121 239 118 248 132 62 77 197 200 180 139 90 170 25 178 179 44 49 123 220 150 82 41 55 91 216 96 199 230 129 136 138 97 147 106 215 176 48 63 137 196 36 65 191 148 122 37 78 206 59 52 188 128 69 229 75 74 103 243 
82 : 93 43 88 48 132 155 144 47 174 236 44 179 214 76 215 139 206 160 186 37 100 230 101 31 138 133 177 183 112 181 137 32 110 146 176 34 229 169 231 41 117 98 204 127 172 135 71 111 130 104 217 126 65 99 150 163 107 96 242 153 97 245 25 227 199 209 90 62 134 73 69 170 
83 : 135 197 235 74 48 249 101 108 245 43 51 207 117 200 92 204 26 125 97 39 169 191 232 164 189 69 196 180 238 41 105 220 128 156 79 73 57 52 120 202 83 136 29 91 192 208 176 28 55 160 
84 : 212 118 126 220 185 167 141 215 199 155 59 44 147 112 35 203 138 110 62 26 74 132 218 30 183 51 175 102 61 227 31 49 116 27 232 244 86 231 75 28 34 184 96 55 85 81 53 157 153 79 211 189 80 191 78 84 117 139 131 230 57 104 225 242 37 36 198 161 77 135 124 224 238 88 25 222 38 226 100 209 129 119 196 165 170 43 140 221 125 194 171 40 176 195 52 186 173 151 148 136 47 60 241 177 
85 : 87 199 98 114 246 237 72 27 68 167 165 135 34 214 112 171 66 195 119 77 233 216 92 59 56 207 225 140 142 108 188 55 40 83 193 213 116 95 150 121 146 41 104 117 71 232 48 69 36 88 215 174 57 106 210 125 76 99 196 240 101 234 238 81 123 129 100 60 202 43 161 
86 : 137 28 95 200 109 170 196 113 115 41 176 212 150 217 87 84 192 45 241 230 229 193 85 39 129 94 44 89 216 151 149 158 
87 : 40 55 94 86 103 221 148 212 204 99 167 143 240 45 169 225 196 241 110 248 232 219 200 129 159 171 98 92 242 47 106 177 229 58 236 158 198 183 243 165 78 
88 : 48 128 228 83 99 72 200 39 129 171 111 46 245 68 185 89 248 106 54 143 28 109 224 141 147 37 137 102 214 69 123 230 216 223 55 
89 : 106 222 105 37 185 170 167 207 35 85 61 220 183 142 164 70 65 241 152 107 194 151 224 79 172 80 78 31 84 128 197 55 118 205 160 215 210 211 120 130 73 190 176 168 189 154 200 180 54 116 186 99 52 187 157 209 237 181 28 227 188 68 108 143 59 149 43 135 242 39 141 58 240 87 96 249 231 115 238 175 206 139 38 44 93 90 219 216 138 233 25 198 57 75 94 83 191 72 102 213 134 166 179 225 165 47 
90 : 107 43 238 71 111 161 80 235 90 30 189 199 163 141 170 97 38 149 206 209 28 47 227 125 106 104 216 102 34 241 61 48 49 126 172 194 86 93 79 226 39 211 54 36 168 231 116 128 204 243 58 124 72 197 114 77 176 198 158 150 201 219 159 240 143 146 25 171 205 45 89 200 153 130 109 119 173 178 82 118 110 113 112 162 148 55 64 91 69 103 42 230 232 145 155 180 85 
91 : 136 227 217 39 171 137 110 47 193 203 172 189 118 142 25 57 90 238 239 107 68 197 163 95 85 91 233 146 230 186 216 100 211 114 241 177 133 83 88 158 104 208 40 115 79 166 181 89 167 144 185 61 54 64 53 52 75 134 164 244 209 
92 : 52 181 204 236 179 202 97 173 200 124 244 86 192 148 41 215 89 248 54 128 160 156 109 142 84 166 234 224 196 80 218 36 151 221 139 199 174 88 113 73 48 96 127 
93 : 178 52 214 38 69 111 62 92 140 237 158 188 218 155 179 108 109 223 130 75 83 57 123 190 143 61 225 86 91 148 239 68 191 
94 : 215 190 44 29 98 176 161 89 211 34 245 182 152 125 75 49 117 81 199 249 35 38 216 77 187 206 244 139 237 141 102 184 136 95 101 96 74 160 223 112 86 47 241 59 242 57 109 140 246 143 126 204 88 37 84 116 78 119 153 48 177 167 144 232 85 222 45 90 120 231 170 110 230 210 70 178 150 148 107 
95 : 203 149 119 221 113 238 100 199 135 53 184 163 243 125 154 136 129 216 201 27 132 167 36 248 26 152 196 35 123 104 66 56 170 95 75 205 
96 : 157 212 192 63 165 42 196 66 153 44 107 113 204 208 102 142 221 29 108 109 184 64 48 26 171 141 70 131 132 81 241 230 240 49 189 76 55 179 115 203 61 86 176 138 167 145 160 47 236 247 51 50 67 129 238 88 226 53 244 217 25 104 147 188 35 119 74 220 218 27 168 117 101 36 43 187 62 144 52 223 225 128 83 45 206 90 122 169 92 146 39 228 174 103 229 198 
97 : 168 110 197 32 176 166 153 193 29 53 235 222 80 236 211 48 151 231 138 159 37 147 150 133 35 209 27 154 74 75 185 126 187 213 96 25 129 212 111 203 148 135 112 227 76 71 103 199 191 
98 : 161 156 112 55 173 235 199 109 96 167 89 33 121 201 222 169 163 90 36 101 126 207 72 202 124 186 134 171 91 217 116 180 86 
99 : 97 26 85 182 183 177 48 222 161 56 96 218 199 126 57 169 150 39 240 242 89 200 128 66 185 215 146 226 212 210 52 155 53 99 208 192 60 27 220 219 217 74 184 244 141 112 35 202 120 133 148 29 
100 : 191 158 150 134 176 152 63 80 172 26 193 25 78 34 126 143 104 46 116 50 217 165 58 247 190 159 79 28 118 243 85 45 68 120 175 27 69 76 96 107 204 122 174 51 224 206 162 108 29 173 170 180 62 81 200 
101 : 90 46 132 184 181 99 84 109 77 115 88 188 232 40 134 29 216 238 192 244 211 69 221 161 248 190 219 153 241 103 234 230 203 35 78 127 245 50 141 123 133 136 228 173 122 32 41 200 233 166 28 102 208 68 107 101 249 218 182 95 213 83 225 229 163 247 120 130 
102 : 219 70 193 29 245 217 158 96 36 208 222 210 134 131 216 226 167 239 238 35 90 27 129 105 68 33 65 183 85 177 115 199 54 188 246 209 147 87 224 104 235 233 228 98 48 202 78 114 187 194 42 63 203 56 236 97 197 127 72 43 25 241 227 221 101 32 137 103 95 59 99 220 112 180 82 155 66 159 198 178 128 102 69 83 77 206 215 60 118 175 130 232 171 94 88 242 163 45 121 189 28 240 214 234 143 201 213 111 211 135 31 75 51 243 91 
103 : 182 61 211 79 55 235 194 174 116 93 123 223 201 117 35 157 159 191 57 101 94 217 175 112 103 165 134 242 171 32 238 180 132 206 27 98 186 76 87 232 226 74 213 77 33 
104 : 226 240 141 153 29 139 110 186 163 242 146 180 222 49 71 60 40 108 104 56 221 105 218 115 38 65 98 80 73 199 166 99 45 72 77 171 76 39 88 122 147 136 32 232 59 233 117 96 113 241 154 182 197 62 75 70 82 107 193 230 216 89 64 97 162 188 179 161 35 181 248 61 189 134 224 207 43 159 132 129 67 208 48 213 93 109 
105 : 79 73 28 101 113 165 135 118 31 86 149 96 147 133 104 93 240 98 243 230 229 137 106 44 60 204 59 146 56 236 140 39 107 128 65 247 173 219 124 183 82 246 154 58 150 223 110 180 52 210 69 88 170 50 66 221 40 94 241 132 224 100 27 54 225 199 109 228 179 216 197 34 176 126 184 227 249 213 76 203 181 185 87 139 160 172 206 196 169 207 166 127 244 136 89 33 158 156 64 212 209 220 121 214 74 55 
