0 : 76 160 236 248 234 167 164 109 119 175 179 202 95 247 81 112 195 139 212 226 133 31 53 50 97 238 221 35 235 227 116 131 118 178 239 177 39 47 213 185 146 188 142 174 135 210 41 203 103 125 214 49 25 183 110 153 145 26 182 211 249 233 27 43 197 138 143 134 218 117 150 223 96 237 199 123 241 243 46 44 72 171 194 130 161 83 181 85 100 176 198 64 196 52 
1 : 157 111 100 103 27 51 129 84 134 158 214 30 42 187 153 72 117 54 32 190 203 151 120 169 246 80 97 
2 : 157 90 148 162 202 53 81 214 33 109 87 42 237 91 54 179 209 31 121 115 76 158 176 187 88 137 171 119 108 150 248 184 73 200 212 66 107 26 219 142 99 234 194 180 138 168 111 65 153 155 35 147 48 154 44 25 86 164 85 60 59 156 127 220 146 112 100 224 93 145 218 161 189 216 123 128 52 211 185 213 124 
3 : 117 90 186 29 129 79 134 87 149 126 131 138 158 112 215 226 220 188 229 135 177 58 237 150 55 31 28 32 35 107 189 47 245 115 60 74 222 146 
4 : 211 41 194 52 187 37 145 240 68 98 129 33 182 76 63 66 237 95 241 228 49 104 58 198 88 142 235 230 132 59 124 213 188 96 146 27 130 137 245 174 139 75 219 73 80 140 93 232 117 51 170 110 91 121 126 192 97 119 65 90 69 197 70 99 133 163 111 54 234 229 155 180 83 189 195 173 157 34 100 190 40 38 56 131 161 238 168 184 246 48 222 32 178 233 141 223 112 143 115 247 134 150 249 
5 : 131 53 175 59 69 206 93 92 179 102 213 142 58 160 132 144 242 126 32 122 123 67 105 44 125 180 78 150 161 97 55 91 112 228 176 162 139 218 85 217 88 35 194 63 82 236 133 106 96 243 216 138 121 209 178 201 143 185 145 104 90 169 193 202 27 173 151 100 210 52 50 192 37 248 227 25 203 222 157 245 187 28 200 166 
6 : 156 112 106 159 237 126 186 150 63 49 50 228 210 233 110 223 160 30 135 109 54 59 155 79 220 44 231 46 
7 : 117 50 209 202 43 70 159 83 110 245 188 172 125 175 56 232 41 118 28 122 197 211 71 82 176 98 160 25 139 167 94 123 194 120 80 99 231 32 210 130 92 141 78 87 42 235 135 72 36 225 57 153 90 44 27 213 237 81 152 206 198 132 227 234 249 140 31 226 241 183 113 128 26 121 111 108 73 185 229 223 
8 : 222 74 163 198 248 79 126 159 175 172 120 99 128 37 48 51 111 233 92 115 35 228 145 133 88 213 124 216 53 173 155 49 97 100 87 242 211 131 236 223 139 82 27 62 245 138 150 161 36 143 194 135 56 91 185 86 40 234 
9 : 126 237 122 108 120 240 197 185 54 227 155 239 34 201 184 114 28 32 35 52 26 236 244 106 99 96 43 55 162 109 165 161 225 163 72 223 134 90 189 234 59 63 98 117 139 97 188 50 199 70 159 209 142 51 42 137 110 95 233 124 206 129 212 66 49 61 171 187 118 76 94 64 177 200 65 67 208 25 216 204 180 119 219 82 89 130 127 68 80 176 173 148 131 60 164 128 203 226 29 150 84 37 228 145 69 195 88 194 135 152 33 160 249 
10 : 122 160 242 201 220 223 145 207 43 245 31 149 129 35 217 44 190 233 210 121 102 50 78 82 176 192 224 30 173 230 112 214 47 246 198 53 169 240 28 194 92 110 177 80 55 117 162 32 36 29 120 124 119 27 135 168 79 74 111 144 48 182 25 97 52 104 62 56 184 236 61 196 206 154 212 127 103 238 143 84 158 89 156 175 49 197 211 130 181 239 134 146 215 93 226 157 37 195 41 69 116 128 148 213 140 172 66 187 114 209 
11 : 52 219 234 64 225 114 37 97 204 51 146 55 202 239 182 76 115 174 101 161 117 54 105 249 154 43 121 205 39 242 151 63 175 171 83 33 159 248 142 148 
12 : 106 170 43 224 35 223 92 158 200 153 237 34 231 199 107 195 147 117 101 72 93 127 181 167 213 77 137 98 73 233 44 45 235 151 226 64 87 99 220 239 210 129 97 185 118 206 221 238 58 208 202 198 81 126 57 142 148 244 131 217 149 188 91 159 163 229 76 189 67 166 225 109 180 56 227 103 141 249 27 53 154 86 146 132 177 182 240 193 243 174 66 108 38 157 192 89 33 184 71 130 124 143 39 245 25 228 104 84 42 169 
13 : 210 131 188 239 112 158 183 41 179 93 220 230 214 113 63 162 238 106 71 91 149 81 77 78 132 186 240 33 248 249 53 190 67 138 
14 : 231 187 67 213 133 178 197 238 126 34 62 57 66 79 31 63 129 53 83 128 190 61 46 217 194 68 97 208 226 245 108 210 25 247 130 39 
15 : 173 107 234 47 114 125 96 87 227 66 165 43 30 108 232 159 102 126 69 215 53 25 75 201 72 196 205 242 95 135 172 240 188 202 236 36 92 85 147 39 106 70 121 56 
16 : 136 196 198 205 139 248 238 134 145 151 87 168 36 137 104 90 157 103 148 245 237 235 190 154 234 143 164 81 63 195 27 
17 : 209 142 123 45 107 231 86 201 238 215 41 49 68 43 53 245 168 46 32 200 62 74 93 128 100 160 239 58 242 222 162 248 109 108 55 188 76 111 37 31 185 81 64 164 70 26 202 224 213 180 104 228 105 214 243 148 155 97 205 38 147 158 136 178 95 193 171 117 249 227 229 216 122 212 66 129 84 125 82 192 51 79 151 83 143 194 89 30 59 167 135 121 141 
18 : 105 148 215 91 79 62 37 168 126 153 185 181 220 39 42 129 64 213 147 202 218 157 96 99 175 160 52 100 85 224 73 56 50 71 192 48 93 40 46 145 51 141 28 239 121 186 161 49 108 136 210 67 139 195 43 82 60 162 171 127 95 225 74 124 117 194 219 178 221 143 84 113 167 234 107 163 32 237 137 120 134 229 182 123 208 216 200 173 114 86 245 25 
19 : 212 182 193 190 131 97 243 209 149 230 229 228 226 125 74 86 121 231 155 236 162 178 213 93 37 199 247 161 246 105 203 85 36 66 117 102 238 187 26 129 92 77 120 176 197 45 56 51 156 76 234 84 144 115 185 207 82 49 183 232 75 87 135 201 72 205 46 42 159 30 138 167 239 128 180 192 222 158 43 170 80 134 113 39 33 118 179 133 148 227 35 104 191 68 151 248 139 233 157 79 58 169 221 55 153 165 99 240 28 62 214 175 126 63 123 59 67 215 235 110 32 
20 : 53 28 249 136 35 148 48 185 180 166 54 248 212 87 245 128 141 199 217 117 218 121 105 247 227 233 97 124 188 186 189 210 159 168 77 127 223 164 83 143 170 115 62 147 133 84 179 193 137 130 33 64 46 126 71 125 134 153 
21 : 139 164 187 245 89 232 135 145 171 77 40 140 191 118 244 149 117 76 175 98 60 70 219 193 228 141 91 81 168 133 75 215 150 161 200 202 163 177 234 63 30 211 233 186 185 125 182 144 28 33 84 241 80 45 142 103 88 72 94 152 192 147 119 134 51 235 181 237 86 121 56 95 201 128 110 146 131 62 34 54 162 69 116 87 64 90 246 123 197 35 138 225 55 206 132 212 190 93 83 126 199 100 230 
22 : 199 213 47 157 94 222 168 174 201 205 221 130 30 43 110 232 246 137 191 118 100 235 176 178 25 37 229 85 88 54 26 147 167 198 71 31 122 217 223 104 215 218 80 142 188 151 220 206 237 63 177 105 160 
23 : 158 121 217 89 218 54 62 148 176 244 186 219 188 196 135 215 73 232 108 65 182 48 166 124 120 93 96 198 105 68 91 34 247 103 224 46 76 80 125 59 41 115 86 85 82 173 203 43 194 181 55 138 123 67 208 26 211 155 187 206 231 209 83 77 37 30 128 102 228 246 70 113 131 171 58 29 134 40 230 184 99 169 109 237 39 87 225 
24 : 234 214 106 56 25 44 90 148 192 121 60 159 215 237 165 235 137 166 178 76 169 195 125 43 47 155 203 112 246 126 199 189 101 83 153 149 176 139 247 162 70 69 220 142 37 119 185 
25 : 198 178 114 213 112 157 116 80 117 149 135 158 125 247 215 187 170 52 49 195 196 172 163 74 211 39 201 27 184 167 206 222 129 104 60 191 141 110 241 126 86 229 199 148 109 94 216 188 134 162 30 182 127 72 235 181 42 37 155 89 205 183 105 57 113 29 185 68 230 156 209 154 219 136 248 111 98 171 
26 : 100 180 111 64 163 221 233 171 240 110 78 236 167 154 181 201 174 93 86 56 98 173 55 235 60 239 186 43 185 205 187 87 151 
27 : 157 156 222 102 54 33 100 30 147 118 230 165 27 75 113 88 212 232 204 137 104 217 119 162 49 225 207 126 244 93 198 145 199 80 143 87 41 241 67 228 66 190 73 37 141 247 154 43 152 193 168 35 71 59 61 139 114 96 176 170 98 221 177 163 214 160 138 52 220 159 200 136 155 122 108 239 171 103 124 32 237 184 235 229 74 203 56 194 189 86 197 29 234 97 153 28 36 144 240 181 132 206 64 173 91 92 218 248 107 150 45 135 219 195 
28 : 234 190 155 202 39 182 50 64 232 142 67 191 126 29 101 138 82 196 112 141 94 178 236 51 163 174 74 154 243 45 189 186 92 91 25 148 75 194 219 224 193 169 32 77 58 109 36 117 249 133 153 41 
29 : 28 196 180 183 126 178 140 239 84 64 135 197 128 74 87 81 193 50 39 243 145 36 124 55 35 137 61 70 169 67 31 120 57 72 171 223 244 71 58 208 119 83 127 114 215 156 26 41 206 52 107 47 131 118 211 141 195 226 110 225 77 63 46 184 121 143 65 66 123 132 82 151 69 152 45 153 210 224 93 227 241 175 27 182 247 181 43 
30 : 40 158 128 151 63 192 90 99 33 102 176 161 154 106 180 57 97 206 70 186 60 196 141 114 116 207 133 38 
31 : 174 92 178 115 216 52 61 149 45 162 108 219 32 172 231 199 152 121 147 139 73 128 171 90 190 39 212 42 181 230 187 198 188 26 135 173 206 156 183 241 82 131 88 125 62 238 78 185 71 53 148 233 245 38 134 114 217 186 120 240 89 27 122 102 140 137 207 211 94 197 246 35 50 237 96 51 67 143 161 95 55 232 249 63 68 234 93 191 40 175 176 49 210 111 194 202 218 41 119 29 77 34 243 100 130 113 30 106 201 
32 : 173 200 118 207 242 201 105 175 29 143 112 147 92 241 165 248 58 89 150 72 128 185 125 137 166 28 94 159 66 32 199 39 134 114 71 198 82 244 233 122 130 41 50 152 38 227 183 81 37 225 208 75 109 238 76 224 59 189 108 232 194 80 25 
33 : 63 79 92 219 195 104 50 124 194 27 130 248 154 238 162 151 110 45 206 108 205 191 72 236 186 112 88 114 56 176 233 62 145 249 170 109 232 113 180 125 207 117 193 228 178 157 189 46 137 141 156 70 98 80 58 85 217 212 
34 : 210 129 141 191 178 194 47 124 204 55 143 43 41 235 242 90 202 187 30 189 36 116 240 75 163 99 110 114 155 59 233 
35 : 35 70 55 33 77 235 171 196 85 153 31 161 115 41 220 66 54 69 231 112 209 108 241 199 40 216 117 188 126 116 175 60 94 105 89 39 72 218 95 142 215 137 56 106 207 140 242 42 200 103 73 129 195 148 121 158 63 29 184 26 159 164 87 193 247 224 136 48 30 214 81 96 64 201 202 38 151 76 127 167 71 82 125 139 227 172 114 239 233 229 203 143 131 179 36 65 238 100 187 145 37 92 249 190 246 58 124 83 177 47 107 154 110 32 27 49 152 
36 : 64 137 76 226 237 98 25 173 168 45 133 30 234 149 102 83 41 180 57 100 179 140 139 114 224 79 215 120 89 206 86 209 160 169 238 154 152 85 113 29 159 203 63 138 33 34 182 69 249 61 145 208 210 189 127 143 174 187 164 219 155 54 70 111 128 223 141 67 221 240 66 192 44 239 130 103 242 136 135 225 27 56 35 108 59 193 175 84 42 148 231 104 132 188 26 28 146 
37 : 213 153 120 74 84 195 149 28 85 123 60 44 164 76 184 54 225 178 146 109 75 218 203 175 235 177 211 43 215 70 181 56 133 86 98 113 40 210 26 239 241 37 204 156 159 61 
38 : 168 231 196 153 99 215 45 175 146 249 127 38 203 117 150 192 148 65 214 177 243 48 70 181 32 40 93 85 46 141 178 164 248 241 244 189 91 163 188 218 234 86 130 223 204 226 154 219 227 138 176 123 220 230 66 51 217 106 169 236 109 64 76 92 55 128 114 87 186 140 30 158 221 152 193 101 235 57 111 180 240 31 73 81 211 47 112 25 184 35 210 198 116 104 195 229 90 201 165 151 170 
39 : 214 75 220 98 30 131 51 65 245 173 147 232 123 32 218 97 87 40 83 139 57 52 89 84 105 26 150 152 211 126 116 159 178 201 71 246 140 237 157 156 135 56 230 188 231 29 49 163 228 241 121 169 215 175 114 137 110 204 242 64 212 27 111 99 129 240 58 222 208 42 179 200 172 77 
40 : 136 102 97 165 171 89 82 191 48 83 124 113 56 149 154 91 57 205 133 179 152 213 141 115 117 248 78 129 79 49 246 239 98 233 172 169 109 132 120 203 183 224 153 40 90 175 138 87 225 168 214 145 143 194 114 142 204 86 118 185 217 196 161 164 146 71 27 155 236 104 60 231 192 121 88 244 159 95 31 64 99 147 125 237 76 26 32 116 45 174 177 127 106 63 197 25 219 84 158 140 73 242 69 47 77 38 
41 : 234 31 137 200 102 194 208 242 227 150 168 63 115 183 73 47 218 72 94 199 162 46 45 56 153 232 224 67 191 103 169 143 87 70 54 61 177 116 217 58 96 139 241 90 76 157 146 134 210 158 238 107 225 127 89 27 219 244 185 187 109 113 26 174 36 172 222 101 144 60 229 51 121 203 198 233 214 83 167 91 33 65 28 151 81 154 68 41 173 186 221 220 111 182 131 147 148 142 62 228 124 119 52 44 149 140 92 171 201 223 77 129 
42 : 111 233 227 157 90 210 172 80 197 177 222 200 193 108 156 76 160 203 67 198 168 174 59 248 68 70 204 39 125 221 135 171 159 81 199 134 109 57 190 179 82 124 173 72 187 148 25 45 31 226 152 98 142 195 92 41 97 48 75 224 60 27 205 89 
43 : 31 128 226 29 194 246 88 40 156 66 152 98 45 138 199 149 206 84 64 221 47 185 204 92 165 243 87 100 214 179 134 159 219 239 79 195 241 173 27 108 63 113 48 163 46 74 72 225 242 233 145 210 148 142 68 178 245 116 90 240 81 146 123 205 28 44 160 118 176 238 171 203 60 
44 : 137 181 98 82 148 195 116 168 249 139 79 236 71 39 72 177 185 121 214 74 225 216 123 84 31 146 30 162 50 49 201 25 80 161 149 107 238 207 209 232 164 120 43 66 226 85 147 246 
45 : 83 110 79 179 63 238 118 159 210 184 183 94 143 122 187 103 90 125 39 147 164 162 228 200 224 65 89 72 203 131 198 149 74 215 34 31 156 84 100 177 214 113 139 75 194 207 145 73 142 196 136 161 49 59 195 56 60 202 216 40 80 26 242 209 204 51 112 173 32 182 249 127 97 150 193 132 246 70 66 37 176 123 185 105 38 158 50 86 28 102 87 117 107 128 226 151 186 206 108 29 245 218 232 230 212 76 166 
46 : 89 166 59 118 104 86 114 124 102 126 160 63 209 70 215 212 45 48 230 100 76 147 146 125 214 68 
47 : 185 181 30 45 51 111 87 93 53 112 91 245 215 183 120 199 95 221 195 219 60 232 227 132 170 115 148 50 71 179 28 226 79 237 31 217 52 150 116 143 168 140 166 155 47 83 86 43 124 90 142 175 134 234 118 236 96 26 243 119 137 35 113 108 244 151 48 205 147 125 158 180 216 42 135 225 129 100 190 109 162 188 80 29 222 107 201 154 193 141 159 94 211 136 130 75 32 229 173 85 36 57 46 103 152 209 182 198 
48 : 94 58 97 115 147 34 136 145 43 128 119 175 235 213 150 216 95 244 138 36 144 202 123 167 203 160 122 158 164 143 50 85 234 
49 : 170 199 108 95 41 96 55 30 235 82 246 112 172 203 76 200 243 178 187 196 220 102 198 84 214 66 238 137 143 210 36 225 201 46 215 121 213 128 174 118 212 124 149 
50 : 67 175 25 35 144 83 70 189 197 100 73 124 114 117 29 169 217 211 222 201 52 223 101 188 131 50 166 32 53 94 230 97 172 227 58 226 236 111 63 103 191 49 238 231 139 82 145 84 66 60 229 137 161 136 160 156 237 85 90 96 98 173 48 232 42 89 78 62 187 107 151 43 183 
51 : 81 238 186 162 93 140 177 221 96 176 82 127 216 181 85 156 44 33 153 212 45 179 61 183 169 71 57 165 34 230 193 106 233 240 48 189 133 27 64 160 67 109 110 232 53 164 175 220 38 122 28 76 128 227 223 243 92 59 60 108 172 168 119 117 249 51 159 42 235 149 219 137 114 211 224 49 102 173 83 202 
52 : 219 248 81 65 246 113 40 212 188 97 48 85 95 206 245 221 50 76 79 28 26 90 203 39 34 218 126 30 148 198 62 64 228 181 100 168 35 108 131 27 167 162 210 238 160 117 116 172 107 32 72 109 111 178 144 230 128 56 67 161 194 174 240 127 47 180 77 
53 : 145 234 118 220 146 211 66 107 78 173 248 65 141 202 161 125 80 90 243 29 239 224 97 87 135 247 179 198 172 102 134 103 165 38 209 119 39 136 37 59 208 184 245 249 235 138 84 237 154 215 227 32 180 241 113 77 95 212 101 131 186 162 204 
54 : 145 91 125 51 234 76 74 110 206 42 212 211 143 161 89 33 218 31 109 93 205 49 83 156 230 235 96 219 135 198 65 68 196 176 87 207 185 208 139 108 70 97 94 183 228 209 54 221 85 249 167 151 73 67 226 224 116 32 169 242 45 48 163 136 37 118 124 112 248 200 175 199 152 188 232 202 243 98 239 129 62 138 233 142 203 194 55 61 217 107 64 238 197 134 106 36 192 63 155 71 201 
55 : 35 248 135 90 138 183 25 160 38 162 100 170 122 176 214 46 47 141 247 203 65 182 44 221 105 56 85 139 224 43 67 30 60 143 181 49 70 159 150 133 227 110 175 240 194 179 185 239 142 172 195 149 113 
56 : 117 106 91 84 130 44 240 29 77 211 159 94 192 71 236 136 114 126 154 148 235 72 199 162 51 61 87 67 177 202 242 222 81 63 157 89 131 227 66 82 108 180 243 247 232 241 46 217 200 99 171 36 48 197 144 215 172 156 93 207 244 137 40 169 198 49 239 193 221 138 69 237 139 149 166 85 102 116 201 62 151 25 205 45 155 147 39 
57 : 76 230 32 140 178 227 205 108 245 55 158 117 200 73 229 242 135 148 236 238 61 247 94 145 85 57 75 79 122 202 64 179 170 103 65 47 216 67 111 235 31 97 182 165 223 36 147 66 125 244 156 169 54 161 240 201 82 197 118 136 193 185 92 218 77 88 50 189 126 58 83 220 190 78 44 46 130 56 71 101 149 112 237 131 143 102 159 93 28 211 109 86 80 219 107 210 30 95 167 99 246 234 187 96 152 51 194 224 208 141 166 106 191 153 120 222 25 164 110 
58 : 238 205 113 193 124 164 233 134 51 225 219 169 187 53 158 92 129 248 243 161 198 70 165 65 224 136 146 234 159 103 106 139 
59 : 128 106 238 72 63 93 176 26 27 159 174 91 249 60 239 183 233 59 32 186 112 188 180 178 191 199 160 220 55 88 245 132 170 130 68 108 182 99 48 196 164 231 75 76 207 109 230 30 226 117 86 229 171 84 56 201 200 43 162 89 179 241 177 62 42 82 110 101 236 65 203 168 173 119 143 118 195 61 151 211 138 113 150 46 124 228 28 243 227 158 125 97 
60 : 181 65 188 134 73 191 112 201 88 74 97 208 108 35 98 53 224 164 193 103 89 171 147 70 120 
61 : 247 163 121 240 141 234 47 31 191 35 249 34 150 176 28 184 158 37 110 103 106 135 74 229 139 61 183 210 192 75 168 233 134 132 245 41 57 58 225 237 96 142 239 129 152 165 144 60 55 112 114 
62 : 240 132 219 48 186 203 38 198 46 221 146 35 225 39 72 125 27 47 234 171 86 212 228 128 169 96 191 248 223 80 176 166 187 82 245 218 158 185 81 94 63 197 83 145 147 153 237 205 61 58 244 202 34 121 120 102 50 163 32 182 115 137 92 69 131 215 231 56 150 43 116 210 54 238 152 42 126 114 230 49 70 217 207 192 122 222 161 180 177 118 193 101 162 184 66 28 227 154 181 98 88 45 109 129 97 93 172 201 170 25 236 
63 : 71 127 215 51 64 132 199 179 33 26 47 237 217 165 57 223 234 76 124 182 156 80 111 145 230 74 221 63 163 56 180 25 106 91 209 205 186 150 172 40 108 151 207 232 58 142 229 204 240 241 149 62 194 79 48 178 160 228 197 78 220 109 37 
64 : 245 225 236 151 137 48 240 69 196 91 185 187 142 34 104 136 201 127 107 159 73 54 126 98 109 99 25 85 172 169 165 146 30 108 176 42 51 145 221 116 58 144 
65 : 224 230 135 170 156 212 58 70 136 188 76 75 126 104 173 89 202 122 52 88 149 204 60 87 218 206 56 120 112 181 46 121 143 199 117 92 241 150 25 108 115 214 231 91 93 110 131 160 238 96 152 27 153 38 32 235 31 81 65 178 163 220 215 166 176 221 174 105 109 30 207 187 200 248 228 180 68 74 144 
66 : 61 203 25 150 27 173 198 189 166 214 79 54 149 68 38 245 227 161 144 85 148 238 226 165 225 134 76 129 191 143 74 208 93 157 228 48 159 119 180 205 28 155 63 69 114 177 60 56 122 52 174 109 178 142 241 246 50 30 96 128 67 121 71 36 42 195 133 151 158 92 201 105 236 132 130 196 249 169 146 95 221 33 138 206 87 40 209 167 
67 : 177 129 226 58 179 48 139 190 89 76 72 165 145 159 240 128 33 34 27 197 61 135 55 238 192 
68 : 161 174 210 216 50 96 160 51 103 197 156 196 179 189 131 177 248 219 102 157 25 165 88 60 28 110 101 113 52 199 162 126 128 132 123 141 146 120 54 245 226 32 176 133 229 136 45 115 138 69 81 63 241 145 200 158 134 29 206 237 71 207 59 67 62 183 38 72 49 188 172 75 239 209 36 84 112 167 92 139 184 124 247 82 173 153 93 91 97 135 208 213 223 95 187 78 243 242 230 68 170 203 150 149 186 180 79 122 191 234 232 47 211 27 155 94 195 106 99 114 
69 : 218 157 204 104 66 174 82 166 114 212 97 219 80 160 247 171 127 40 33 239 64 73 131 92 241 36 167 125 51 84 184 71 121 70 102 57 90 79 98 134 48 133 228 137 41 
70 : 190 34 196 129 103 237 241 155 141 94 249 205 85 231 53 200 25 58 164 36 191 203 170 157 120 96 90 213 151 224 137 166 52 181 169 124 139 108 48 211 145 240 74 76 51 66 149 114 194 56 182 198 62 91 248 152 133 105 207 195 192 180 41 123 28 239 244 233 82 80 102 225 217 57 163 31 235 29 159 69 150 132 174 71 215 236 93 119 186 147 73 245 33 77 172 201 43 148 75 101 47 54 242 230 78 184 223 179 116 177 234 158 84 219 212 208 100 38 59 55 44 
71 : 155 217 95 147 133 73 51 148 157 228 103 67 248 221 113 44 142 42 92 32 160 171 53 102 81 188 210 122 78 58 62 179 118 216 149 220 197 241 202 158 127 33 54 238 249 126 125 204 244 208 162 27 76 199 193 154 48 130 66 68 167 39 168 177 86 227 222 187 110 56 115 152 31 101 47 209 181 205 82 84 46 129 34 100 211 226 65 145 186 
72 : 110 196 205 31 179 104 115 136 133 137 90 188 64 78 221 58 45 234 236 70 89 138 175 229 231 190 149 73 218 244 239 95 80 237 230 187 62 50 189 224 249 148 199 27 79 118 154 43 102 181 206 184 98 49 150 83 36 41 185 211 82 54 127 93 61 214 213 166 91 119 130 225 202 84 38 129 242 57 97 227 65 191 126 63 120 248 30 204 134 146 
73 : 120 123 230 75 26 188 224 242 220 152 228 100 196 27 232 122 151 166 40 179 248 225 119 190 177 78 181 59 112 160 169 145 231 147 172 235 209 99 195 71 134 217 161 74 159 44 85 137 54 139 168 121 238 129 93 142 136 211 148 116 205 31 70 45 118 183 33 51 236 92 175 208 
74 : 158 60 243 202 30 162 211 155 201 115 109 197 194 73 81 215 119 191 233 78 214 138 167 27 84 175 41 71 135 182 156 240 179 217 69 154 98 68 39 196 192 249 239 169 230 189 145 209 113 148 146 157 152 232 107 89 206 244 150 180 208 222 38 55 48 170 80 160 132 50 52 241 49 134 177 226 176 100 127 66 126 228 190 74 173 
75 : 52 129 121 225 235 227 97 113 49 178 73 140 82 55 32 229 208 249 125 224 37 182 223 53 29 66 207 81 70 169 159 36 197 80 189 34 28 163 221 98 99 25 158 151 40 45 69 144 105 56 145 167 228 161 30 212 74 43 247 237 209 57 153 142 218 46 139 77 183 166 132 200 222 92 103 239 176 160 79 177 214 149 115 188 241 210 128 165 192 216 181 58 51 31 193 44 156 
76 : 215 188 203 235 64 75 122 54 167 163 231 178 174 219 134 212 239 237 206 128 176 244 26 138 106 141 89 28 52 87 39 135 120 147 71 199 55 66 74 65 99 115 109 248 112 126 114 85 144 92 159 243 82 60 193 213 185 72 236 
77 : 184 188 192 121 80 231 163 113 107 92 30 190 177 41 223 49 149 165 194 245 69 103 74 64 88 143 215 244 227 54 146 139 162 135 172 124 37 86 36 242 118 214 217 202 136 112 109 68 98 120 127 164 212 241 159 101 108 
78 : 141 222 122 165 77 105 93 192 188 189 80 169 151 238 224 61 160 44 46 34 208 231 32 48 84 240 65 199 152 115 
79 : 223 195 122 246 247 210 206 25 113 227 48 61 96 231 199 171 175 27 233 116 245 163 117 216 52 189 44 89 219 65 58 204 228 71 161 111 239 202 153 240 107 125 74 182 220 118 185 42 186 104 168 109 78 170 203 115 241 242 162 120 94 76 69 221 160 39 136 26 166 124 
80 : 134 71 168 83 230 33 243 57 110 81 73 153 27 52 56 142 151 182 205 113 82 171 179 40 64 68 126 108 117 48 237 136 212 72 95 100 111 210 149 88 211 116 32 75 229 167 87 191 99 246 141 140 62 207 47 231 135 147 45 187 173 203 127 
81 : 197 248 167 122 224 78 234 185 68 129 186 138 148 80 247 179 94 70 216 200 46 31 72 202 209 146 76 217 88 201 102 84 192 87 54 173 89 184 221 33 57 166 178 145 26 175 228 107 215 58 158 188 65 40 189 164 130 61 42 27 83 187 235 51 77 181 52 34 85 43 156 236 67 191 113 172 147 110 196 140 95 29 118 180 150 48 151 79 98 121 155 62 82 115 134 162 59 30 203 207 232 246 225 90 183 106 71 160 230 36 44 226 244 123 159 204 49 
82 : 187 42 163 172 240 209 190 139 58 101 230 197 224 120 144 90 174 43 183 121 56 64 45 36 182 40 59 210 217 159 223 105 109 74 185 232 89 189 169 126 33 80 25 88 127 136 186 149 133 123 32 213 117 233 157 176 27 228 170 65 55 39 180 175 151 79 171 50 130 63 247 114 99 207 226 134 84 98 44 66 67 85 249 177 71 225 205 161 245 206 241 239 212 194 
83 : 188 112 78 38 165 242 150 80 27 63 245 124 155 170 195 68 96 75 189 64 54 135 208 241 51 89 35 95 120 212 85 139 219 34 127 26 147 97 154 88 46 92 134 40 217 226 121 117 228 238 233 207 247 129 229 59 82 125 104 130 161 142 235 159 67 172 61 213 109 47 114 185 201 105 
84 : 126 99 115 110 64 53 73 109 146 233 197 177 45 211 42 165 123 243 173 108 39 93 200 166 223 72 174 131 228 217 97 167 191 49 25 206 199 36 65 240 100 106 50 94 156 222 116 180 248 48 226 150 192 237 138 112 242 96 181 92 162 225 184 188 85 82 30 234 121 232 40 163 244 104 68 183 213 207 182 120 187 215 235 88 224 144 141 170 172 238 151 61 239 31 87 203 214 153 205 230 52 201 176 105 122 247 62 168 75 208 71 102 231 
85 : 44 187 115 142 66 39 138 37 230 26 29 98 47 244 90 86 170 46 50 140 174 137 79 129 182 226 96 166 48 246 54 215 192 38 196 185 219 128 148 179 173 40 145 159 205 59 33 58 119 237 72 177 53 103 204 117 102 105 100 184 154 151 227 28 131 153 41 183 160 89 27 63 123 201 43 104 178 165 158 206 101 106 52 203 125 
86 : 72 220 118 89 66 231 129 159 146 187 82 90 164 45 131 54 86 132 79 223 199 160 152 233 56 43 87 176 39 168 41 110 130 227 
87 : 229 154 33 70 180 224 158 171 64 194 69 89 201 197 100 200 219 212 118 67 132 196 161 95 245 50 139 185 125 236 169 41 237 72 53 140 80 186 175 99 91 203 81 133 243 48 30 182 205 25 129 240 61 46 136 241 142 167 138 44 43 226 79 103 193 195 187 189 76 87 145 124 78 34 174 141 211 234 116 178 28 101 56 97 176 119 55 49 157 151 130 120 222 106 190 244 155 248 163 218 127 
88 : 212 192 146 168 202 96 233 193 205 60 186 237 197 90 139 183 85 112 55 185 68 225 92 227 94 209 81 187 228 123 230 63 190 173 244 118 144 73 72 211 61 141 246 38 117 56 109 76 232 82 106 152 140 127 159 160 44 36 131 204 179 145 147 208 132 203 120 142 238 241 40 172 121 174 143 42 155 39 158 231 216 157 182 78 217 27 119 79 210 153 25 47 189 74 162 169 54 247 101 181 249 243 191 86 196 166 188 116 176 130 75 29 213 128 66 46 104 134 98 
89 : 82 57 198 206 148 62 207 64 125 188 143 249 137 27 30 47 213 108 50 234 159 139 74 100 138 114 243 164 52 32 120 244 67 25 173 28 205 145 199 247 70 147 209 135 175 181 144 162 133 210 158 168 182 44 245 49 219 75 128 90 95 122 242 76 201 240 157 102 116 187 104 130 136 117 177 58 43 119 155 241 111 126 232 41 118 112 192 191 33 66 186 226 
90 : 26 193 235 223 228 203 213 126 45 182 248 164 191 140 56 51 34 162 234 109 97 211 62 50 42 107 76 177 73 159 33 77 53 98 241 39 224 226 198 227 163 95 157 167 229 41 189 134 133 122 145 230 36 
91 : 152 240 188 231 182 206 117 163 93 168 91 202 73 246 166 28 223 72 58 160 193 99 69 187 61 29 141 53 27 235 145 158 245 75 226 183 151 171 175 62 71 214 124 87 84 211 67 189 195 125 25 244 121 88 42 136 249 56 107 156 48 31 154 49 242 104 108 216 236 129 191 51 143 112 127 81 190 79 50 102 66 170 162 134 
92 : 98 197 198 148 169 88 180 202 81 177 69 67 121 200 87 167 159 205 35 103 37 155 55 225 107 248 29 82 125 65 218 32 147 199 163 117 206 142 131 226 60 227 221 188 
93 : 152 89 149 145 68 126 242 235 47 159 82 28 187 189 224 31 143 69 124 237 72 97 53 194 136 63 
94 : 140 194 214 151 46 185 28 123 171 178 226 222 180 42 115 246 40 238 130 227 165 79 131 145 73 155 58 190 102 225 201 216 128 32 172 34 187 106 159 119 192 88 37 90 33 81 169 141 196 52 116 138 247 25 175 191 77 126 135 233 206 154 107 203 38 105 35 208 228 163 99 56 66 245 189 36 204 183 160 142 41 127 207 167 118 47 143 186 51 84 85 29 139 229 70 215 
95 : 89 141 140 58 94 159 246 151 26 168 143 225 101 28 150 76 242 182 33 229 117 83 215 134 152 160 190 109 162 47 41 217 116 210 74 69 81 153 25 55 212 103 52 136 198 161 106 93 243 191 249 114 30 176 218 158 234 78 206 196 53 119 172 167 99 199 221 100 75 129 177 66 147 43 124 211 236 31 226 239 183 73 122 112 195 156 139 131 86 91 
96 : 170 177 171 235 142 200 30 176 79 180 138 60 122 207 181 225 29 184 97 119 156 106 153 158 95 222 120 249 87 248 105 88 83 137 25 67 182 100 51 224 221 165 
97 : 50 235 52 26 97 218 99 77 32 187 86 169 68 228 115 91 87 42 139 202 171 174 110 130 40 53 201 36 43 147 81 232 96 183 208 150 124 49 31 220 64 140 168 173 93 72 85 98 33 28 206 120 95 39 126 41 45 211 229 51 194 145 234 238 83 25 221 27 65 136 58 249 29 157 109 247 75 48 127 117 191 54 181 215 57 
98 : 69 172 66 81 103 196 239 151 53 245 49 111 148 241 115 68 139 234 116 72 212 58 127 35 62 77 144 178 92 155 82 154 67 64 114 70 112 237 160 27 42 96 41 79 228 152 89 206 179 132 231 220 39 198 146 
99 : 208 183 144 214 185 118 49 213 188 111 161 156 93 87 247 194 37 117 132 148 224 116 122 231 246 230 233 236 104 86 201 27 119 96 78 
100 : 209 146 240 180 67 28 58 153 30 164 165 233 76 172 51 159 112 187 40 36 61 177 34 123 122 98 33 147 215 91 42 94 169 27 87 204 235 138 128 38 83 68 199 152 62 149 116 217 226 182 69 93 173 105 74 243 183 223 195 197 179 142 43 210 150 29 198 121 190 103 216 194 224 56 108 167 47 238 249 157 127 166 88 188 132 145 213 151 160 248 203 155 63 231 97 181 101 130 90 176 118 168 207 143 239 39 50 37 237 205 
101 : 26 45 142 59 32 174 247 152 163 119 209 96 68 50 245 97 94 165 223 194 135 146 60 196 228 44 29 175 149 78 82 177 55 203 182 183 185 170 237 73 193 167 66 218 150 231 211 77 180 208 229 197 138 28 191 109 84 239 30 234 224 216 222 102 230 140 90 25 136 188 86 204 151 63 212 225 154 61 88 38 52 248 129 202 199 81 226 
102 : 138 25 109 52 107 181 210 167 103 176 34 56 133 241 149 182 225 146 104 116 82 27 201 213 54 75 33 208 98 60 73 142 108 123 53 70 161 88 129 231 171 229 130 55 230 219 214 158 203 173 168 93 83 165 237 177 135 190 37 153 57 157 209 227 97 66 39 170 223 172 115 125 110 151 136 150 100 144 124 232 222 67 166 91 202 243 156 247 235 147 215 32 43 239 145 69 143 234 105 51 119 139 58 38 42 
103 : 57 153 116 156 221 176 141 74 39 127 35 95 111 92 170 219 53 182 70 113 51 147 211 26 237 58 
104 : 114 60 177 130 147 226 141 56 49 46 90 150 217 234 223 213 67 66 248 160 118 178 129 86 47 161 30 85 52 139 72 195 152 229 101 219 196 105 175 242 115 232 106 181 244 40 26 158 69 237 38 151 99 133 27 50 84 102 
105 : 176 28 36 120 109 219 166 228 234 130 124 32 55 211 249 183 90 112 140 247 69 158 217 187 142 203 64 26 205 96 117 83 231 214 151 113 220 122 243 236 206 41 87 81 191 245 97 147 212 106 46 85 89 126 94 95 237 86 137 62 167 152 
106 : 106 83 58 110 136 76 188 93 36 187 101 177 62 172 224 48 31 239 122 28 181 66 37 49 33 52 80 99 248 119 206 74 90 131 103 210 64 158 125 85 189 168 75 78 215 133 240 82 185 207 163 156 243 47 70 39 186 114 30 63 241 209 128 226 124 60 244 174 184 115 217 223 246 167 212 38 198 127 27 107 118 126 220 46 117 29 247 194 191 218 102 121 219 231 146 100 88 145 109 154 26 71 34 
107 : 27 48 138 97 114 158 146 144 225 125 210 180 203 196 78 228 223 92 215 185 184 148 145 136 72 100 37 238 115 132 189 83 25 116 167 244 169 246 86 45 130 152 33 241 77 164 139 93 211 190 107 96 87 240 51 187 234 110 229 199 38 122 239 70 237 201 170 76 214 69 197 233 53 200 204 120 149 205 103 127 137 109 141 219 
