0 : 222 201 41 69 216 102 89 202 173 47 246 57 136 29 77 54 67 207 72 116 103 114 59 119 107 90 108 98 182 231 42 206 27 65 237 71 176 53 26 30 162 166 163 157 156 186 137 143 213 92 145 75 55 138 105 133 170 209 84 134 64 70 160 66 238 86 223 94 25 184 185 139 115 219 56 68 131 46 87 95 146 144 188 221 
1 : 174 105 112 89 90 189 200 40 65 229 210 150 145 172 84 50 216 175 178 116 25 135 124 106 122 45 153 185 28 201 57 117 85 82 161 
2 : 234 232 218 148 147 50 180 60 149 151 247 59 160 142 128 179 29 241 216 173 55 87 102 156 49 64 76 183 243 33 43 
3 : 235 88 126 242 84 147 64 125 180 223 234 228 49 96 91 137 177 105 117 231 165 155 201 34 154 129 63 131 99 112 75 111 200 195 74 153 38 30 61 237 104 79 174 120 205 52 185 59 158 239 65 43 46 110 249 39 97 
4 : 202 149 33 169 123 183 238 143 154 185 246 170 89 76 196 130 134 56 25 92 148 51 221 237 90 34 117 42 119 211 241 235 234 140 192 227 171 233 177 232 97 164 68 198 62 159 118 174 60 48 224 115 223 247 58 54 64 94 53 47 236 29 199 81 173 105 161 102 139 228 145 99 36 157 165 168 133 78 242 109 206 197 248 27 110 111 212 61 218 222 172 176 84 72 88 163 188 245 132 131 75 142 201 67 189 
5 : 91 209 219 107 69 115 64 87 38 61 210 240 83 222 143 218 85 90 63 104 106 80 98 139 72 50 157 203 146 58 145 208 248 129 232 76 44 27 127 217 35 101 174 242 187 48 136 74 53 202 56 243 116 211 42 30 229 245 199 28 168 190 151 113 120 75 46 181 59 247 103 144 138 
6 : 164 67 188 111 89 220 201 166 148 51 191 239 161 39 190 136 26 237 180 224 244 146 43 138 132 70 127 208 25 182 80 211 192 101 58 204 63 64 197 75 92 123 160 94 49 207 212 168 202 48 93 81 235 35 216 109 41 170 47 205 131 124 165 32 230 241 61 76 103 145 232 174 45 30 133 115 178 56 59 105 176 246 44 247 100 110 65 223 134 120 50 154 189 28 151 87 27 231 121 163 66 46 
7 : 80 141 112 115 210 81 107 39 142 195 192 180 168 105 127 103 152 31 46 240 126 37 161 209 213 244 203 71 140 155 215 54 91 185 135 38 
8 : 59 50 215 133 176 229 31 178 221 238 42 228 179 38 46 45 192 203 33 79 93 195 218 109 134 149 61 118 243 163 115 63 40 175 41 246 242 30 225 194 48 224 49 123 67 234 244 25 248 126 113 223 169 152 209 108 27 140 208 55 156 39 191 91 231 142 199 47 155 212 119 144 98 197 
9 : 196 180 222 191 228 235 213 88 133 205 231 44 63 115 106 241 85 128 122 187 113 165 171 66 107 37 118 182 34 199 209 248 151 155 176 217 62 195 65 75 130 161 142 56 219 72 220 168 212 136 55 26 190 96 101 141 178 221 52 82 211 74 45 247 32 80 111 206 145 210 126 54 194 208 127 131 137 104 
10 : 148 175 203 222 29 144 50 163 183 90 147 30 132 214 187 238 179 104 157 124 138 117 31 130 131 37 87 123 158 154 199 120 221 139 
11 : 81 182 136 116 82 89 180 56 40 224 79 33 159 78 31 91 240 111 211 192 114 75 191 110 102 135 168 237 52 152 194 219 239 207 97 210 58 204 121 164 115 76 59 88 154 62 163 49 249 141 231 112 113 129 126 229 60 137 93 44 70 96 199 69 39 71 187 
12 : 237 244 162 31 117 93 66 129 243 167 47 53 34 118 91 89 36 72 61 45 185 154 123 95 62 189 183 181 125 217 148 159 109 107 227 152 111 194 171 126 214 40 221 212 209 174 187 42 131 77 124 206 32 133 225 168 151 246 196 155 92 200 249 201 73 105 195 235 26 179 192 203 116 213 165 67 49 198 240 64 57 230 52 242 35 218 71 70 143 166 76 188 135 88 180 78 232 160 106 44 58 172 83 50 
13 : 108 207 140 197 217 57 242 198 161 135 107 219 128 41 91 154 112 96 142 113 172 222 82 75 73 214 132 191 111 218 141 74 64 81 236 220 159 235 106 216 245 127 
14 : 37 33 209 71 34 225 142 238 184 220 114 96 62 38 167 156 196 133 176 222 46 70 51 154 224 86 102 50 171 230 131 32 69 111 234 244 47 248 183 153 193 147 228 84 180 199 132 94 138 137 76 161 108 157 31 110 
15 : 121 214 154 44 47 151 243 206 192 155 86 77 61 112 98 208 244 101 119 211 64 200 210 56 150 232 
16 : 185 31 120 182 81 238 198 94 204 37 118 114 245 249 165 147 157 42 108 39 169 110 100 137 105 85 117 158 84 124 201 34 164 172 235 240 40 228 247 216 170 223 242 232 179 215 102 
17 : 173 100 97 46 159 26 195 62 228 192 78 44 75 165 249 157 89 58 125 146 27 65 168 178 233 212 248 201 247 213 193 196 220 224 172 149 227 40 158 71 106 132 112 68 56 81 41 143 35 210 117 130 108 154 66 33 184 140 245 203 95 55 37 187 231 182 236 171 47 104 98 170 133 25 234 118 214 230 153 57 241 223 148 49 101 94 113 29 152 144 221 186 177 162 218 76 115 240 54 109 111 217 137 138 122 128 61 134 45 121 110 226 105 
18 : 43 112 248 53 146 28 88 122 222 158 54 154 36 70 147 90 131 152 81 156 207 100 124 25 110 
19 : 93 64 202 187 52 166 180 126 172 207 42 96 233 127 131 69 118 222 209 246 184 193 89 224 197 111 208 68 97 231 226 34 74 106 198 136 153 218 149 92 67 144 60 49 195 232 123 157 38 151 181 168 80 174 188 83 61 76 171 31 91 90 191 142 28 216 45 239 179 133 57 117 143 
20 : 32 112 196 66 65 42 94 248 122 161 232 31 129 236 226 141 126 195 182 104 29 140 249 64 184 235 27 73 61 168 198 150 47 245 156 34 204 72 172 221 189 103 58 211 101 154 201 117 55 62 216 229 35 56 227 30 107 96 159 217 209 46 135 175 87 118 77 131 145 244 147 213 97 199 111 105 70 78 231 115 163 240 59 69 164 183 193 234 28 45 180 228 127 
21 : 227 197 245 242 180 139 205 183 179 82 239 143 228 38 130 165 221 171 236 63 30 207 161 99 45 203 34 241 134 138 103 142 64 85 199 210 69 200 124 140 186 86 217 158 218 90 58 93 225 127 193 35 97 61 122 107 147 166 125 98 95 135 246 177 194 
22 : 182 124 185 187 199 178 32 102 171 236 166 214 198 220 225 219 83 69 78 249 30 35 165 183 195 107 169 221 
23 : 111 144 237 95 90 88 243 76 154 70 142 143 194 225 199 195 155 213 53 61 104 178 153 118 163 164 75 168 96 132 99 
24 : 237 155 83 182 184 245 224 115 57 41 205 146 158 127 86 229 50 62 209 167 198 97 119 135 128 42 55 74 33 123 164 40 96 113 140 144 120 216 148 70 38 68 44 116 101 239 98 104 95 243 87 248 109 30 179 175 163 53 45 232 51 197 195 82 88 165 126 25 106 233 107 102 207 39 215 28 208 94 168 63 199 212 49 79 133 244 46 149 142 75 91 190 171 150 219 64 228 153 187 213 236 247 139 147 157 122 170 61 138 26 108 129 159 
25 : 190 203 57 188 185 192 181 183 56 64 138 219 96 174 184 103 127 48 249 32 239 61 26 141 230 36 78 100 113 72 242 116 146 104 131 153 130 89 44 129 84 245 177 236 246 41 117 46 97 82 71 243 34 88 101 58 102 186 112 194 59 155 80 86 225 231 37 240 85 135 180 55 108 77 51 28 198 173 233 119 52 93 167 74 
26 : 86 72 57 147 207 148 191 87 70 95 214 244 89 165 117 42 121 115 190 64 110 81 145 242 60 236 160 168 227 104 74 157 77 226 239 105 34 108 109 233 92 184 120 54 211 63 175 174 154 162 224 45 
27 : 228 149 51 203 141 215 107 41 38 86 58 102 72 146 39 206 112 223 229 42 122 50 79 139 36 220 85 191 59 189 93 224 181 195 78 180 77 46 143 35 44 157 162 105 48 127 137 186 104 160 243 40 73 240 121 184 172 124 204 92 222 174 221 90 69 66 82 237 154 62 205 61 128 168 147 248 
28 : 196 105 132 106 204 34 218 236 173 67 195 73 168 205 62 111 59 166 174 148 147 75 80 181 232 186 139 126 102 183 33 27 107 235 130 230 48 158 41 60 197 240 152 238 98 68 56 145 26 136 123 45 31 51 90 244 220 161 28 
29 : 66 99 209 219 28 115 85 232 182 151 165 42 58 186 80 180 197 119 187 164 71 171 87 67 56 238 100 37 137 88 156 172 91 117 224 193 41 39 231 51 249 131 83 204 130 92 142 154 133 162 129 217 192 97 82 227 198 116 114 84 102 125 136 149 216 146 150 64 34 40 139 118 185 235 140 25 201 127 196 207 43 236 184 189 93 173 194 48 61 144 55 188 89 210 126 208 145 155 107 113 212 46 132 38 104 242 53 
30 : 186 187 127 135 218 121 216 180 155 199 143 106 178 68 174 50 196 42 124 29 87 41 95 228 125 88 37 175 100 43 173 217 130 183 86 157 188 49 126 245 73 169 85 118 239 28 200 156 177 
31 : 237 74 81 208 113 187 246 73 180 181 92 143 215 229 136 236 51 241 129 224 45 167 102 90 227 212 172 228 30 183 87 173 188 50 132 219 175 159 126 32 123 243 244 140 117 75 154 42 58 89 88 239 198 247 234 70 196 120 249 211 93 116 57 49 43 82 190 85 78 69 216 169 122 59 86 170 95 47 27 103 68 111 98 112 106 226 191 130 63 189 217 39 178 174 161 206 199 163 33 118 133 210 149 96 94 131 135 
32 : 100 69 96 202 95 60 242 98 44 112 107 174 196 191 36 119 47 225 132 211 228 187 231 52 70 143 149 94 93 194 120 72 57 48 189 30 115 54 247 88 204 114 80 90 154 161 244 38 170 78 99 131 190 238 28 234 199 125 127 83 50 178 229 188 233 84 214 92 136 
33 : 32 88 191 41 53 211 157 195 106 229 66 104 76 33 241 63 228 162 165 203 96 227 129 78 68 120 214 131 221 61 107 122 127 74 102 236 181 
34 : 62 176 29 221 74 98 97 60 84 146 114 215 107 223 156 185 73 27 64 241 139 37 47 92 148 135 78 167 88 224 209 160 217 155 113 173 237 87 152 212 103 116 115 178 38 249 124 58 242 56 96 238 55 66 158 43 86 197 206 80 168 193 214 72 229 120 183 110 122 180 240 153 45 172 106 210 91 218 220 85 216 187 233 101 28 71 102 145 126 81 232 163 211 117 161 93 194 48 179 147 243 188 202 59 36 63 89 49 143 128 90 94 
35 : 204 194 98 44 26 172 216 244 189 27 84 157 151 174 167 51 28 50 185 197 114 214 217 30 125 137 130 42 243 95 164 180 85 127 224 37 91 70 71 90 126 100 142 233 150 36 89 202 237 232 141 103 247 76 160 101 111 166 74 60 219 183 228 52 120 33 203 83 206 78 122 211 148 225 152 143 38 82 69 92 239 123 249 109 149 222 136 184 80 73 169 81 
36 : 77 155 25 212 75 240 27 239 237 229 88 177 126 55 90 139 218 143 125 78 194 71 204 54 92 57 104 42 246 192 198 69 37 97 110 146 111 249 52 243 60 150 66 130 189 93 109 241 124 211 224 30 160 181 161 200 179 217 59 63 210 196 203 162 62 227 131 214 188 35 225 220 44 219 65 87 145 108 40 207 50 223 
37 : 49 34 134 190 55 172 28 113 204 75 79 58 45 142 114 126 208 158 233 245 209 135 188 131 54 136 171 50 116 96 129 76 140 238 102 243 81 179 99 98 137 235 44 33 169 183 242 77 187 124 103 84 121 191 89 
38 : 156 82 177 238 163 126 41 173 71 131 233 200 230 169 118 109 184 94 99 33 125 146 128 159 45 104 162 222 127 88 216 117 97 248 178 234 149 207 38 221 224 
39 : 78 203 160 140 242 42 226 181 186 62 106 211 100 34 135 148 213 200 155 188 197 179 89 26 191 39 157 206 115 158 149 58 130 68 90 212 60 122 125 240 59 230 108 205 165 114 171 76 55 98 234 172 222 91 50 88 245 43 229 48 236 117 237 94 183 132 168 161 216 69 238 84 127 93 80 109 189 113 174 235 65 40 
40 : 217 155 25 246 89 164 84 85 181 230 70 72 152 243 211 218 237 45 32 179 107 67 249 106 132 117 29 78 112 227 242 245 143 180 193 83 189 69 208 153 192 113 96 139 236 205 160 40 157 38 151 56 116 46 68 187 63 222 235 190 27 55 133 171 176 94 185 231 118 82 81 115 119 207 206 66 238 
41 : 211 148 170 160 243 54 129 37 189 122 167 236 199 217 109 179 44 246 164 65 68 212 76 227 66 198 239 197 175 139 89 223 67 79 169 233 88 101 98 30 94 142 187 104 50 43 100 154 91 116 60 93 58 165 173 128 140 155 143 125 244 180 210 191 33 86 192 157 70 42 110 102 134 85 135 64 108 221 203 219 186 193 166 71 146 48 29 77 194 214 114 231 153 103 62 59 162 188 74 206 55 96 234 127 184 
42 : 98 230 227 45 191 82 213 129 165 132 177 231 110 131 174 130 179 107 138 38 112 139 57 88 120 39 134 214 87 69 194 53 154 178 236 145 103 72 140 199 86 147 203 195 207 223 226 144 222 48 118 89 185 151 33 31 136 85 182 193 35 40 126 209 152 92 56 245 237 79 157 28 30 188 104 243 184 77 234 162 91 148 219 102 192 49 119 61 164 54 116 240 238 150 121 229 75 78 100 34 171 95 156 97 123 114 63 51 166 47 
43 : 98 123 151 129 80 136 56 115 44 110 108 177 117 86 73 39 191 47 221 30 210 234 195 223 64 162 157 183 203 154 100 198 38 245 220 59 66 182 166 82 175 155 99 26 87 68 159 57 200 62 137 224 50 172 109 194 74 
44 : 243 154 217 69 201 132 162 119 186 198 74 214 37 160 101 63 57 50 121 200 85 29 170 122 159 56 95 175 68 163 127 152 248 32 75 83 30 31 100 161 144 150 43 153 209 65 221 44 98 197 25 199 226 215 71 232 124 242 223 204 177 191 212 102 81 35 157 179 176 133 86 164 245 172 49 26 165 189 77 184 236 174 193 106 138 108 113 126 45 222 178 84 40 238 41 36 158 
45 : 248 55 69 84 71 228 60 131 36 82 57 242 35 112 125 89 183 85 25 213 205 114 240 154 119 237 204 52 207 90 73 149 33 223 72 123 182 219 51 105 192 70 79 234 142 181 206 202 122 190 139 100 195 117 210 208 113 41 45 178 134 120 161 158 95 136 121 127 140 184 54 245 244 141 99 152 226 88 118 64 176 189 220 104 186 162 221 215 93 86 48 239 211 130 174 50 53 39 233 193 197 27 44 180 243 65 31 166 103 148 
46 : 65 38 77 160 92 234 106 63 99 31 246 56 152 207 240 237 204 100 164 82 102 60 84 162 93 171 210 87 28 188 111 229 144 231 58 248 55 184 73 150 208 33 219 187 126 176 139 236 98 194 50 230 
47 : 152 41 171 63 157 212 43 239 107 141 184 115 47 242 117 40 133 56 166 183 230 78 179 231 74 200 198 130 68 132 215 36 75 148 55 121 126 64 154 73 35 100 182 77 72 125 146 54 38 84 229 164 167 214 62 232 139 181 168 145 160 207 50 71 204 105 118 197 221 218 136 66 31 
48 : 176 103 120 200 80 180 48 166 153 106 225 81 242 223 189 111 178 34 45 175 212 182 33 155 54 219 206 98 237 196 38 87 115 220 63 42 168 184 148 192 160 32 221 185 58 73 84 117 62 105 128 229 95 99 204 143 102 133 67 231 169 122 47 243 190 211 233 183 28 86 162 74 232 193 140 64 69 91 197 53 72 132 149 56 208 201 68 144 213 171 94 90 25 
49 : 192 132 204 63 225 85 51 112 232 100 166 41 79 197 95 66 243 248 144 187 119 25 206 97 156 94 249 28 57 65 43 184 91 227 139 40 152 169 121 60 59 71 110 27 154 179 46 186 216 240 180 190 141 135 99 67 171 29 50 170 207 90 164 96 
50 : 35 107 116 169 216 120 139 176 183 203 166 89 150 57 131 53 181 226 59 98 163 210 103 105 189 36 233 160 158 135 248 136 175 196 188 31 95 152 110 237 92 238 224 123 124 223 204 168 222 206 247 125 75 46 157 58 121 62 104 64 213 29 161 241 185 83 242 81 134 87 162 114 148 155 164 174 122 76 184 144 205 84 60 137 146 93 74 54 128 27 66 94 111 70 218 239 26 171 88 45 227 72 170 108 138 80 42 192 217 
51 : 38 153 187 110 128 143 99 238 111 75 171 245 130 138 206 101 169 92 240 232 48 122 227 234 152 25 59 235 237 61 63 142 120 139 96 100 247 89 53 71 184 77 209 117 69 186 29 31 176 165 107 137 47 170 33 125 246 93 199 185 161 167 
52 : 160 61 204 36 168 151 102 193 99 158 125 203 69 101 212 235 35 54 187 239 82 228 201 52 188 109 202 100 89 96 58 242 184 245 241 130 200 71 78 178 31 81 205 29 49 142 229 121 223 63 170 111 232 57 50 34 163 206 115 174 166 226 83 122 221 140 148 106 
53 : 71 237 72 110 105 54 192 170 177 118 159 48 243 39 246 162 203 121 147 64 194 150 99 74 60 95 222 100 185 35 124 28 168 34 179 236 75 85 136 79 123 197 238 145 129 33 
54 : 208 124 127 27 218 217 158 212 116 51 233 131 228 224 93 140 119 82 178 196 37 100 236 172 216 50 194 240 189 95 249 109 102 165 132 148 52 161 97 168 226 209 57 241 30 89 64 
55 : 209 218 88 181 134 39 186 227 219 191 74 224 34 243 157 159 133 216 176 100 68 131 147 207 241 96 164 212 180 79 56 
56 : 91 162 173 106 67 205 238 36 30 244 123 65 29 73 153 175 182 143 77 50 83 219 125 216 145 119 86 40 151 221 239 127 220 89 202 45 63 157 231 101 174 224 121 183 84 139 247 186 129 68 178 42 31 243 98 184 112 176 116 74 158 85 234 230 196 214 46 154 128 61 60 245 167 155 70 62 72 52 226 
57 : 212 236 64 182 125 27 40 206 101 117 139 248 223 115 111 227 74 28 215 65 85 42 69 136 175 116 47 158 127 110 38 82 79 104 166 237 181 128 208 204 29 183 244 234 75 184 46 151 197 170 207 148 34 84 113 49 97 156 145 185 194 186 99 167 30 179 169 67 224 43 102 119 238 168 124 199 58 231 210 188 
58 : 115 137 226 45 92 215 146 194 228 26 60 100 222 200 244 70 235 27 174 223 230 133 231 172 85 145 117 38 55 236 96 101 72 47 171 46 156 186 166 203 242 43 179 34 188 97 177 221 58 202 
59 : 74 238 104 248 139 170 148 231 202 222 227 158 204 192 59 51 62 223 43 41 72 53 84 133 237 157 247 103 141 142 40 180 33 207 81 193 140 132 233 137 118 168 82 230 25 58 206 107 228 92 198 90 152 35 77 56 102 178 175 239 195 52 213 183 63 125 94 37 49 146 138 186 131 208 185 229 174 30 47 71 
60 : 136 150 76 106 219 145 249 160 207 69 151 78 83 149 213 217 120 199 68 215 224 91 155 147 107 77 214 201 48 208 113 233 171 188 85 72 240 172 31 27 223 79 37 32 65 73 59 239 46 26 33 195 203 95 53 93 243 209 35 222 39 190 220 103 154 87 161 194 158 139 36 196 246 94 98 115 221 41 108 62 163 66 29 231 105 
61 : 69 193 173 245 52 203 237 246 54 94 223 238 134 131 119 63 117 142 242 135 79 136 86 36 161 243 174 113 158 209 28 249 78 93 235 247 149 200 128 102 71 214 226 90 222 188 
62 : 194 61 167 118 125 147 71 183 154 128 155 73 48 89 53 98 37 42 127 241 119 205 62 113 157 68 233 85 84 192 32 134 163 122 106 50 207 202 29 78 117 60 80 166 110 246 40 76 232 112 175 217 180 170 209 176 149 51 190 237 219 131 121 144 137 148 63 228 197 104 115 124 181 240 59 173 172 102 152 142 165 140 226 66 46 49 36 26 64 220 27 248 72 120 213 193 
63 : 147 234 169 123 193 200 181 185 78 101 171 115 220 199 32 122 203 33 164 53 29 168 249 37 183 127 154 128 187 61 148 112 43 49 68 142 225 156 118 124 192 63 35 173 110 100 209 54 129 130 52 205 45 208 87 102 62 138 44 176 222 106 196 245 166 93 56 94 186 64 158 182 240 230 108 227 76 219 237 228 145 90 146 206 144 152 104 132 
64 : 57 27 77 130 72 128 172 206 203 236 137 60 178 159 227 38 112 100 61 148 179 86 230 111 93 171 71 95 218 198 187 121 62 91 43 114 119 132 143 239 74 32 125 109 39 194 88 241 174 42 200 34 226 150 110 47 129 40 59 87 158 181 117 161 97 177 122 224 165 169 232 102 35 228 29 37 214 105 201 53 195 139 246 79 
65 : 128 184 230 240 133 57 174 111 33 105 211 142 132 77 225 46 26 188 134 235 195 42 101 161 53 208 140 219 149 94 212 239 147 241 64 167 247 189 228 244 107 187 29 137 83 148 197 75 32 130 117 216 158 30 223 227 201 166 176 229 41 170 154 51 91 218 224 183 248 44 178 125 164 141 172 80 242 119 115 118 73 136 160 87 82 114 205 27 237 99 63 156 151 226 106 204 182 234 199 238 45 215 143 95 135 146 71 163 88 98 93 139 231 138 
66 : 177 96 106 198 236 145 195 137 46 90 125 98 114 231 156 165 244 33 215 150 130 139 100 35 60 151 94 115 83 91 147 97 182 221 189 138 185 202 135 127 216 188 186 170 39 197 224 193 82 81 181 88 87 192 212 190 162 157 141 241 102 172 110 63 103 131 232 59 226 129 191 234 133 199 85 99 76 72 30 175 75 233 67 134 42 229 183 51 58 210 179 38 140 
67 : 38 198 182 25 31 169 244 227 241 57 184 104 71 155 129 138 248 66 84 55 69 132 35 218 212 147 128 224 
68 : 99 53 218 103 224 194 170 199 124 62 155 105 237 211 144 168 59 89 51 235 74 39 182 227 166 167 247 158 180 223 134 148 137 210 244 107 228 69 142 122 40 185 94 113 118 104 245 232 152 178 133 56 219 119 61 43 131 127 58 66 101 139 86 233 55 177 159 163 83 192 35 27 30 90 106 183 136 203 205 191 197 132 64 172 146 135 126 217 198 212 242 44 79 204 25 215 171 208 48 84 145 109 140 116 93 160 85 
69 : 52 135 159 176 128 182 91 199 25 137 31 209 231 213 166 134 187 173 119 70 67 244 197 191 208 237 164 77 68 232 165 80 241 219 99 148 172 180 235 84 38 177 207 113 140 124 249 205 59 117 28 169 168 160 27 114 83 245 193 72 174 57 217 65 48 130 116 198 214 211 97 139 143 120 32 206 89 200 236 107 102 79 51 34 184 101 122 224 167 127 170 146 149 142 37 78 36 239 69 171 229 178 109 144 242 49 194 35 
70 : 248 181 205 247 187 226 126 130 40 210 185 81 103 143 90 163 154 245 29 244 104 62 82 64 207 149 32 92 231 91 204 140 161 33 47 208 179 218 101 110 173 199 88 235 
71 : 190 71 218 230 172 90 78 216 61 46 112 225 146 57 133 154 105 161 109 247 37 36 47 149 142 205 54 246 143 114 60 135 40 185 26 196 145 75 111 184 33 44 56 108 99 232 188 140 217 174 41 153 208 195 151 162 85 94 70 43 106 55 224 91 88 110 62 207 171 128 45 113 103 175 58 127 39 187 129 89 53 35 49 164 220 101 120 66 178 213 132 165 194 115 144 168 134 34 148 192 206 118 95 64 237 193 
72 : 63 35 227 199 176 235 166 135 159 218 25 145 150 224 189 185 183 98 215 212 210 106 74 143 142 242 130 139 116 223 123 239 128 234 100 126 43 213 31 246 104 91 146 56 86 229 105 187 108 171 101 72 160 168 233 27 181 232 201 64 197 70 186 55 158 211 46 80 195 177 29 103 84 236 228 175 94 136 164 152 226 188 34 78 173 26 110 112 58 102 162 182 109 59 28 151 203 
73 : 210 122 58 179 71 152 209 206 88 109 141 236 73 223 160 166 126 70 116 217 201 66 84 60 237 133 52 221 103 100 159 244 225 157 198 136 115 161 185 142 85 110 130 231 127 91 176 208 230 99 29 192 41 186 128 
74 : 35 177 213 240 121 241 38 70 225 218 75 110 226 223 29 45 91 186 134 102 227 165 244 115 204 131 61 247 46 209 86 129 119 242 120 219 170 87 206 246 143 106 245 198 154 55 168 112 83 103 228 60 231 37 
75 : 115 112 128 123 145 94 110 95 48 42 207 241 138 37 111 122 222 154 159 77 160 152 218 119 191 232 225 175 129 79 185 121 102 151 116 173 234 215 169 109 168 25 243 125 242 205 47 98 210 233 189 245 114 86 107 74 41 236 52 157 187 148 170 204 182 57 137 65 238 186 59 229 202 135 224 134 174 87 212 235 213 244 231 43 177 54 34 50 30 247 
76 : 223 153 119 29 47 82 50 120 226 39 141 213 174 57 68 190 115 63 249 31 224 41 79 134 167 181 78 83 220 125 87 222 142 173 196 81 90 239 35 227 148 107 192 176 179 201 77 85 184 91 150 171 154 244 118 113 45 98 112 189 130 89 110 164 136 197 210 248 101 168 191 49 160 229 182 231 
77 : 117 190 29 71 66 168 187 222 137 123 151 159 52 93 235 69 87 179 57 160 76 236 116 84 88 89 228 83 126 48 110 75 98 197 186 215 39 129 105 120 40 109 172 232 248 94 245 30 166 156 80 107 158 233 149 194 147 198 193 122 180 31 25 64 135 162 242 111 34 200 227 44 132 95 130 32 211 175 106 136 171 74 140 192 114 139 100 154 36 42 26 164 239 150 86 206 241 243 43 157 133 50 82 199 73 27 46 85 238 141 173 145 234 216 138 
78 : 98 36 207 182 150 225 200 123 127 158 169 43 112 242 49 239 205 67 52 72 228 110 184 135 156 171 124 27 198 162 26 235 227 120 208 193 221 237 241 80 185 154 105 245 115 247 56 34 97 226 176 118 196 29 134 165 126 54 107 240 213 151 143 199 209 216 42 234 136 144 139 149 217 133 173 102 93 238 224 108 172 79 142 82 203 69 204 191 
79 : 174 112 168 162 96 49 145 241 166 142 245 25 116 88 135 183 65 189 242 119 60 52 215 180 122 147 140 74 173 84 154 117 121 75 204 39 239 149 171 87 105 228 222 66 58 130 67 247 148 203 35 161 141 205 201 220 152 207 78 143 229 248 79 186 47 211 193 157 83 40 163 126 115 182 238 33 136 146 226 51 165 29 28 240 44 210 55 223 169 107 89 
80 : 203 134 80 230 234 162 224 66 37 185 181 232 38 175 214 92 78 226 47 148 73 248 50 77 164 91 173 141 54 106 88 204 238 49 243 68 122 117 151 146 215 136 65 208 111 233 120 132 99 81 242 58 86 139 160 240 189 128 172 228 43 184 213 127 44 190 94 140 72 30 182 246 168 247 35 196 45 187 219 161 108 236 163 138 116 180 201 199 100 33 225 89 26 76 79 
81 : 50 115 84 229 58 247 100 239 71 178 116 49 79 31 44 197 36 183 91 202 147 106 57 172 64 174 94 162 86 32 160 177 207 222 72 190 233 47 240 196 121 69 155 
82 : 115 128 80 44 134 70 176 218 143 153 108 174 118 62 159 171 184 185 135 95 145 89 69 232 211 191 98 241 94 73 233 247 56 100 125 67 34 231 156 91 106 221 188 81 49 79 144 96 103 45 36 147 120 146 35 202 90 58 75 183 192 172 195 219 29 88 76 158 199 163 30 97 214 151 220 28 142 
83 : 106 90 174 86 63 66 226 31 227 221 169 185 242 211 210 123 236 33 141 198 40 144 112 103 204 164 116 223 119 249 182 126 124 220 102 177 79 237 65 55 183 84 238 105 232 69 120 98 50 94 111 138 142 85 25 194 71 70 208 118 67 215 186 95 240 132 97 165 173 196 59 140 200 36 209 80 135 155 180 
84 : 165 157 63 242 143 39 83 49 62 87 110 72 208 67 206 203 213 131 188 151 200 155 103 196 50 146 193 139 89 76 209 47 35 60 86 74 234 223 185 183 194 184 66 
85 : 176 151 198 186 82 76 32 216 185 35 149 121 162 39 246 148 145 195 230 54 144 142 181 171 61 37 122 150 153 156 180 152 199 194 31 70 95 163 214 65 134 173 217 126 40 49 114 77 249 123 137 80 86 132 113 33 29 231 117 182 192 118 229 83 168 240 
86 : 196 28 222 78 145 182 48 82 83 159 103 107 65 93 99 218 204 224 184 136 87 74 113 50 248 75 225 102 55 64 91 124 73 240 114 143 213 173 147 31 171 60 211 84 
87 : 162 144 82 60 53 151 94 223 245 56 218 222 217 61 224 35 34 71 225 185 55 99 168 241 149 202 246 119 88 201 72 242 239 227 45 174 79 69 106 77 122 141 108 216 192 175 210 115 176 129 103 73 232 153 234 189 109 188 196 183 126 135 51 50 139 43 231 212 204 113 148 95 195 235 132 54 240 249 32 68 81 166 74 101 105 28 70 42 87 211 194 180 91 154 89 206 75 138 179 146 182 221 29 226 67 190 147 
88 : 202 154 143 80 105 99 220 192 232 120 168 226 151 64 122 234 125 166 117 25 92 94 239 119 56 26 72 137 139 185 187 233 146 88 61 62 183 235 174 45 213 172 245 31 223 132 188 217 124 135 229 58 225 110 159 169 91 131 106 44 241 66 197 30 57 38 98 210 111 181 207 194 161 65 73 79 60 52 118 67 153 41 236 200 127 81 228 141 37 113 144 129 242 35 89 195 108 114 28 133 69 27 
89 : 212 169 179 186 175 248 196 75 42 115 201 182 29 194 39 165 193 118 127 25 155 78 71 95 85 67 202 158 62 58 204 26 174 134 159 100 81 64 156 217 28 135 52 122 45 231 137 211 154 125 116 143 133 187 96 171 102 124 242 54 108 86 145 76 218 105 184 89 68 43 129 183 82 87 161 66 219 
90 : 196 211 210 147 174 29 127 218 42 179 153 207 204 99 199 245 110 241 82 77 89 228 200 75 247 34 142 123 208 45 209 66 242 104 51 95 108 138 144 235 103 246 88 222 119 50 170 231 40 230 78 132 175 238 26 79 176 41 182 240 135 146 31 202 227 64 93 96 149 172 63 217 65 111 248 205 181 216 171 244 
91 : 119 230 190 51 67 187 210 53 57 162 41 240 151 32 135 194 70 146 166 69 164 231 27 178 65 30 174 61 172 159 205 181 45 173 37 171 226 81 38 229 184 43 220 29 52 
92 : 52 67 163 231 215 138 147 127 56 46 41 95 94 136 159 40 222 198 54 113 32 60 99 228 42 31 234 237 44 66 79 35 179 55 169 191 85 183 206 186 151 75 81 247 203 125 93 77 172 155 225 150 115 194 48 156 101 58 160 38 140 221 173 104 229 116 227 145 62 130 120 177 118 153 199 69 230 111 82 243 103 162 121 214 76 71 171 238 112 242 212 64 161 245 187 119 124 73 216 205 244 185 26 144 236 167 207 
93 : 113 45 176 218 240 206 209 231 146 87 243 138 71 84 78 39 106 130 236 169 104 149 247 246 102 119 234 186 82 220 79 211 166 216 180 107 61 179 213 116 53 188 29 85 67 35 226 129 27 127 126 57 190 182 233 228 136 241 172 156 108 69 117 38 88 59 199 135 207 92 66 161 121 151 142 68 221 114 86 
94 : 149 235 119 152 133 223 198 92 203 172 56 197 98 61 52 242 43 57 137 41 192 150 174 51 166 81 191 163 211 221 184 202 99 143 31 246 39 206 50 101 77 107 62 33 195 170 194 114 173 201 220 78 27 113 40 63 213 155 84 234 189 245 171 95 131 132 53 229 45 117 209 116 87 110 121 232 54 75 214 219 175 28 142 140 183 169 64 196 125 97 215 34 187 72 47 164 48 182 236 241 55 233 
95 : 86 36 112 185 223 27 152 180 25 34 83 108 90 195 247 80 146 190 229 182 216 137 165 203 30 32 184 96 159 35 139 228 123 42 104 248 189 54 113 140 173 174 238 132 40 31 46 118 49 106 37 179 
96 : 231 215 181 102 117 247 47 110 219 36 224 92 154 190 126 77 68 35 228 122 186 209 26 237 206 242 123 239 32 116 201 143 112 27 79 129 138 33 70 43 249 52 246 187 62 244 167 96 238 146 121 170 173 65 44 153 64 100 38 25 94 37 184 101 128 30 39 114 165 161 60 95 28 166 223 241 169 211 87 97 90 
97 : 147 64 204 150 32 131 76 194 244 57 115 36 113 156 219 197 235 170 213 130 217 178 55 52 163 191 196 169 232 198 229 109 77 112 51 151 202 136 78 93 25 220 69 38 96 94 143 225 41 242 80 186 201 46 67 50 181 29 153 179 222 249 28 122 102 53 86 177 161 39 228 245 59 199 180 148 121 149 168 142 214 71 125 103 119 43 35 248 134 165 44 137 141 155 97 
98 : 177 228 43 204 111 203 99 136 104 59 227 50 119 115 190 33 243 122 153 157 108 49 114 242 241 51 112 123 91 64 133 37 183 32 40 146 25 223 116 193 110 94 89 201 117 79 41 244 34 127 192 54 62 87 217 121 246 181 92 167 84 151 174 155 139 164 42 230 176 175 73 97 78 145 138 168 149 48 159 76 86 208 57 171 220 135 198 96 58 189 46 53 72 147 162 233 140 106 150 218 197 196 154 195 225 39 186 184 125 142 234 
99 : 196 56 57 118 96 206 33 229 211 190 103 122 115 72 203 31 89 39 184 157 188 247 113 221 82 240 53 74 165 217 68 195 71 182 36 83 105 88 181 61 
100 : 72 73 163 207 53 97 128 180 71 167 29 75 221 80 140 209 81 147 99 60 195 151 194 225 131 133 186 58 65 233 32 124 63 61 113 166 143 36 237 156 153 152 42 161 160 114 157 234 39 137 159 240 218 243 228 121 192 212 154 33 145 57 245 67 35 199 44 31 216 238 
101 : 137 84 62 114 228 175 38 179 219 184 92 140 85 35 69 243 72 173 201 48 244 123 229 205 245 183 237 73 177 125 60 80 167 107 39 144 78 212 151 225 71 74 27 242 195 165 155 231 128 143 50 141 208 41 79 160 211 
102 : 199 153 101 188 214 239 140 195 222 105 135 36 241 168 87 202 78 236 115 116 121 226 104 206 177 212 237 76 106 33 217 215 107 161 95 191 171 86 139 44 93 69 247 207 68 224 124 240 154 126 144 152 172 90 183 46 85 27 210 57 137 32 100 99 56 248 182 98 63 175 74 142 145 216 89 180 194 45 187 
103 : 38 53 177 236 181 232 139 237 199 126 191 185 220 125 111 134 115 176 50 119 163 133 224 49 30 186 109 131 211 27 190 40 79 93 113 74 83 88 32 218 52 51 31 26 67 149 197 
104 : 227 143 127 226 36 201 113 174 168 207 246 94 155 236 58 192 132 55 190 241 81 39 43 124 238 98 28 187 73 38 150 72 209 234 110 180 139 105 76 170 111 161 205 25 104 142 26 141 235 100 167 87 220 165 106 117 46 215 172 242 37 61 196 49 228 83 115 169 101 148 175 48 79 245 151 52 
105 : 165 43 167 219 157 143 223 236 90 243 212 241 124 53 107 155 30 172 159 188 125 214 115 168 222 217 247 48 178 89 81 73 54 126 191 26 199 238 134 193 69 205 248 195 119 210 122 202 200 146 175 220 34 40 49 38 229 197 207 
106 : 151 95 43 170 104 111 73 226 133 146 189 71 59 232 72 87 100 164 81 26 211 88 174 233 67 79 217 234 249 127 46 40 195 205 209 108 116 121 192 
107 : 96 174 92 93 140 218 151 180 215 213 111 207 64 94 81 89 145 211 43 192 133 113 85 158 188 144 168 242 30 120 204 245 170 240 116 97 54 229 177 108 149 132 83 232 246 84 101 40 148 184 71 185 231 172 60 156 34 153 95 67 173 223 138 91 65 193 36 61 241 225 110 109 135 142 99 103 220 62 78 130 141 234 100 125 72 247 118 226 26 35 189 50 201 227 146 162 58 45 150 194 27 115 47 239 160 122 29 
108 : 84 177 229 181 188 133 102 93 149 225 174 231 239 212 103 175 48 193 64 140 111 129 49 180 32 202 37 72 80 141 148 125 52 55 29 60 186 234 191 87 113 57 182 132 192 183 166 81 89 143 215 47 190 41 176 90 197 242 
