0.039565324783325195
0.38086533546447754
0.48324036598205566
0.05524873733520508
0.049684762954711914
0.12030625343322754
0.0781402587890625
0.07356858253479004
0.06594300270080566
0.0862581729888916
0.08391308784484863
0.13597464561462402
0.3015890121459961
0.06428861618041992
0.6836278438568115
0.07663321495056152
0.11238598823547363
0.39229536056518555
0.44770359992980957
0.11563873291015625
0.13676166534423828
0.09951925277709961
0.12695574760437012
0.18224120140075684
0.14798665046691895
0.14693355560302734
0.8108456134796143
0.37935447692871094
0.12440657615661621
0.16083312034606934
0.17317533493041992
1.1419706344604492
0.3927140235900879
0.1561751365661621
0.26839184761047363
0.19449973106384277
0.2256333827972412
1.1806204319000244
0.1836531162261963
0.17735576629638672
0.28448939323425293
0.2743978500366211
0.8591206073760986
0.22991132736206055
1.0313546657562256
0.5099375247955322
0.60422682762146
0.30927467346191406
0.8721158504486084
0.4278569221496582
1.4613056182861328
0.9148614406585693
0.16786956787109375
0.2244865894317627
0.5661814212799072
0.33444857597351074
0.30219054222106934
0.28312158584594727
0.4409468173980713
1.1361098289489746
0.4460432529449463
1.5148589611053467
1.2721331119537354
0.4636111259460449
0.38610005378723145
0.41648268699645996
2.2285959720611572
0.48643922805786133
0.4103572368621826
0.35948896408081055
0.5286104679107666
2.4033708572387695
0.49244141578674316
0.4273257255554199
1.9938762187957764
0.5535492897033691
0.49411845207214355
0.517357587814331
0.6124718189239502
0.6568264961242676
0.3096766471862793
0.33998537063598633
0.42617058753967285
0.6544816493988037
0.7124240398406982
0.7747433185577393
0.5479874610900879
0.4440929889678955
0.5553765296936035
0.800344705581665
1.3661813735961914
2.0629942417144775
3.2449686527252197
0.7263269424438477
1.5790934562683105
0.8521597385406494
0.8356809616088867
1.9375040531158447
0.9828224182128906
1.2243704795837402
0.8323986530303955
1.2907798290252686
1.126495361328125
1.7719576358795166
0.6405551433563232
0.7952990531921387
4.634144306182861
1.6057465076446533
1.0431272983551025
0.9795913696289062
0.9682466983795166
0.8965244293212891
3.749162435531616
