0.023202180862426758
0.06906914710998535
0.057656049728393555
0.09642386436462402
0.04695630073547363
0.0683286190032959
0.06709551811218262
0.10890698432922363
0.05244088172912598
0.059131622314453125
0.11925196647644043
0.20933914184570312
0.0659797191619873
0.05994009971618652
0.19422125816345215
0.0706491470336914
0.1943373680114746
0.2574436664581299
0.1600489616394043
0.13654661178588867
0.163740873336792
0.13112926483154297
0.1863710880279541
0.21630859375
0.17117047309875488
0.10716938972473145
0.14794254302978516
0.2709167003631592
0.18689370155334473
0.220428466796875
0.19331598281860352
0.23993682861328125
0.281480073928833
0.19338130950927734
0.3217506408691406
0.29497861862182617
0.34266090393066406
0.314664363861084
0.2375471591949463
0.22155237197875977
0.3782625198364258
0.42160701751708984
0.2650737762451172
0.2899186611175537
0.44313788414001465
0.29993176460266113
0.2515287399291992
0.5151562690734863
0.3262925148010254
0.3292529582977295
0.4423556327819824
0.40781211853027344
0.2218332290649414
0.2911109924316406
0.3972475528717041
0.40108442306518555
0.3804454803466797
0.4463326930999756
0.4620227813720703
0.2621734142303467
0.5971996784210205
0.4550502300262451
0.3104896545410156
0.6004302501678467
0.5073778629302979
0.5328140258789062
0.6879284381866455
0.6676852703094482
0.5525109767913818
0.48752593994140625
0.649651288986206
0.7079229354858398
0.6490645408630371
0.5532100200653076
0.854215145111084
0.843360185623169
0.3761460781097412
0.6223809719085693
0.9603211879730225
0.846097469329834
0.47693610191345215
0.41376686096191406
0.5954523086547852
0.8711349964141846
0.978790283203125
1.0920891761779785
0.7229225635528564
0.5405967235565186
0.6651625633239746
1.2796952724456787
1.0421926975250244
0.7463815212249756
1.1559193134307861
1.0230302810668945
0.948371410369873
1.2786717414855957
1.2409992218017578
1.180234670639038
1.5573415756225586
1.7688689231872559
1.0193026065826416
0.8917078971862793
0.8847396373748779
1.3578474521636963
0.853886604309082
1.1133406162261963
1.5908565521240234
1.3314404487609863
1.4467592239379883
1.2650244235992432
1.3152456283569336
1.2074618339538574
1.593306541442871
